33001,0,,,,,,,,,,22,21,000000000000000000000000000000000007000000000000000000000000000000000000,000000,00000000,,,,,,,,0,0,0,0,0,0,,22,AA,AA,,,0,0,,,,,,,,,,,,,,,22,21,000000000000000000000000000000000007000000000000000000000000000000000000,000000,00000000,,,,,,,,0,0,0,0,0,0,,22,AA,AA,,,0,0,,,,,,,,,,,,,
33153,2,,,,,,,,,22,21,42,000000000000000000000000000000000007000000000000000000000000000000000000,,00000000,,,,,,,,1,1,0,0,0,0,,2221,AAAB,AAAB,,,0,0,,,,,,,,,,,,,,22,21,42,000000000000000000000000000000000007000000000000000000000000000000000000,,00000000,,,,,,,,1,1,0,0,0,0,,2221,AAAB,AAAB,,,0,0,,,,,,,,,,,,,
33204,3,,,,,,,,,21,42,41,200000000000200000000000000000000007000000000000000000000000000000000000,,00000013,,,,,,,,2,2,0,13,13,13,,222142,AAABCA,AAABAC,,,0,13,,,,,,,,,,,,,,22,21,42,000000000000000000000000000000000007000000000000000000000000000000000000,,00000000,,,,,,,,1,1,0,0,0,0,,2221,AAAB,AAAB,,,0,0,,,,,,,,,,,,,
33206,4,,,,,,,,,21,42,41,200000000000200000000000000000000007000000000000000000000000000000000000,,00000013,,,,,,,,2,2,0,13,13,13,,222142,AAABCA,AAABAC,,,0,13,,,,,,,,,,,,,,21,42,41,200000000000200000000000000000000007000000000000000000000000000000000000,,00000013,,,,,,,,2,2,0,13,13,13,,222142,AAABCA,AAABAC,,,0,13,,,,,,,,,,,,,
33251,5,,,,,,,,,42,41,11,200000000000200000000000120000000007000000000000000000000000000000000000,,00000025,,,,,,,,3,3,0,12,12,25,,22214241,AAABCACB,AAABACBC,,,0,25,,,,,,,,,,,,,,21,42,41,200000000000200000000000000000000007000000000000000000000000000000000000,,00000013,,,,,,,,2,2,0,13,13,13,,222142,AAABCA,AAABAC,,,0,13,,,,,,,,,,,,,
33253,6,,,,,,,,,42,41,11,200000000000200000000000120000000007000000000000000000000000000000000000,,00000025,,,,,,,,3,3,0,12,12,25,,22214241,AAABCACB,AAABACBC,,,0,25,,,,,,,,,,,,,,42,41,11,200000000000200000000000120000000007000000000000000000000000000000000000,,00000025,,,,,,,,3,3,0,12,12,25,,22214241,AAABCACB,AAABACBC,,,0,25,,,,,,,,,,,,,
33301,7,,,,,,,,,41,11,24,200000000000242000000000120000000007000000000000000000000000000000000000,,00000036,,,,,,,,4,4,0,11,11,36,,2221424111,AAABCACBBB,AAABACBCBB,,,0,36,,,,,,,,,,L_T1_GTR03_41100001,,,,42,41,11,200000000000200000000000120000000007000000000000000000000000000000000000,,00000025,,,,,,,,3,3,0,12,12,25,,22214241,AAABCACB,AAABACBC,,,0,25,,,,,,,,,,,,,
33308,8,,,,,,,,,41,11,24,200000000000242000000000120000000007000000000000000000000000000000000000,,00000036,,,,,,,,4,4,0,11,11,36,,2221424111,AAABCACBBB,AAABACBCBB,,,0,36,,,,,,,,,,L_T1_GTR03_41100001,,,,41,11,24,200000000000200000000000120000000007000000000000400000000000200000000000,,00000038,,,,,,,,4,4,0,13,13,38,,2221424111,AAABCACBBB,AAABACBCBB,,,0,38,,,,,,,,,,,,,
33355,9,,,,,,,,,11,24,42,200000000000242000000000120000000007410000000000000000000000000000000000,,00000049,,,,,,,,5,5,0,13,13,49,,222142411124,AAABCACBBBAC,AAABACBCBBAC,,,0,49,,,,,,,,,,L_T1_GTR03_41100001/L_T1_GTR03_32100001,,,,41,11,24,200000000000200000000000120000000007000000000000400000000000200000000000,,00000038,,,,,,,,4,4,0,13,13,38,,2221424111,AAABCACBBB,AAABACBCBB,,,0,38,,,,,,,,,,,,,
33359,10,,,,,,,,,11,24,42,200000000000242000000000120000000007410000000000000000000000000000000000,,00000049,,,,,,,,5,5,0,13,13,49,,222142411124,AAABCACBBBAC,AAABACBCBBAC,,,0,49,,,,,,,,,,L_T1_GTR03_41100001/L_T1_GTR03_32100001,,,,11,24,42,200000000000200000000000120000000007410000000000400000000000200000000000,,00000051,,,,,,,,5,5,0,13,13,51,,222142411124,AAABCACBBBAC,AAABACBCBBAC,,,0,51,,,,,,,,,,,,,
33400,11,,,,,,,,,24,42,34,200000000000242000000000121100000007410000000000000000000000000000000000,,00000059,,,,,,,,6,6,0,10,10,59,,22214241112442,AAABCACBBBACCA,AAABACBCBBACAC,,,0,59,,,,,,,,,,L_T1_GTR03_41100001/L_T1_GTR03_32100001,,,,11,24,42,200000000000200000000000120000000007410000000000400000000000200000000000,,00000051,,,,,,,,5,5,0,13,13,51,,222142411124,AAABCACBBBAC,AAABACBCBBAC,,,0,51,,,,,,,,,,,,,
33409,12,,,,,,,,,24,42,34,200000000000242000000000121100000007410000000000000000000000000000000000,,00000059,,,,,,,,6,6,0,10,10,59,,22214241112442,AAABCACBBBACCA,AAABACBCBBACAC,,,0,59,,,,,,,,,,L_T1_GTR03_41100001/L_T1_GTR03_32100001,,,,24,42,34,210000000000210000000000120000000007410000000000400000000000200000000000,,00000063,,,,,,,,6,6,0,12,12,63,,22214241112442,AAABCACBBBACCA,AAABACBCBBACAC,,,0,63,,,,,,,,,,L_T1_GTR03_33000003,,,
33453,13,,,,,,,,,42,34,32,200000000000242000000000121100000007410000000000240000000000000000000000,,00000072,,,,,,,,7,7,0,13,13,72,,2221424111244234,AAABCACBBBACCADC,AAABACBCBBACACCD,,,0,72,,,,,,,,,,L_T1_GTR03_41100001/L_T1_GTR03_32100001,,,,24,42,34,210000000000210000000000120000000007410000000000400000000000200000000000,,00000063,,,,,,,,6,6,0,12,12,63,,22214241112442,AAABCACBBBACCA,AAABACBCBBACAC,,,0,63,,,,,,,,,,L_T1_GTR03_33000003,,,
33464,14,,,,,,,,,42,34,32,200000000000242000000000121100000007410000000000240000000000000000000000,,00000072,,,,,,,,7,7,0,13,13,72,,2221424111244234,AAABCACBBBACCADC,AAABACBCBBACACCD,,,0,72,,,,,,,,,,L_T1_GTR03_41100001/L_T1_GTR03_32100001,,,,42,34,32,210000000000210000000000120000000007410000000000400000000000224000000000,,00000075,,,,,,,,7,7,0,12,12,75,,2221424111244234,AAABCACBBBACCADC,AAABACBCBBACACCD,,,0,75,,,,,,,,,,L_T1_GTR03_33000003,,,
33507,15,,,,,,,,,34,32,41,200000000000242000000000121100000007410000000000240000000000240000000000,,00000084,,,,,,,,8,8,0,12,12,84,,222142411124423432,AAABCACBBBACCADCDA,AAABACBCBBACACCDAD,,,0,84,,,,,,,,,,L_T1_GTR03_41100001/L_T1_GTR03_32100001/R_T1_GTR03_22110001,,,,42,34,32,210000000000210000000000120000000007410000000000400000000000224000000000,,00000075,,,,,,,,7,7,0,12,12,75,,2221424111244234,AAABCACBBBACCADC,AAABACBCBBACACCD,,,0,75,,,,,,,,,,L_T1_GTR03_33000003,,,
33509,16,,,,,,,,,34,32,41,200000000000242000000000121100000007410000000000240000000000240000000000,,00000084,,,,,,,,8,8,0,12,12,84,,222142411124423432,AAABCACBBBACCADCDA,AAABACBCBBACACCDAD,,,0,84,,,,,,,,,,L_T1_GTR03_41100001/L_T1_GTR03_32100001/R_T1_GTR03_22110001,,,,34,32,41,210000000000212400000000120000000007410000000000400000000000224000000000,,00000085,,,,,,,,8,8,0,10,10,85,,222142411124423432,AAABCACBBBACCADCDA,AAABACBCBBACACCDAD,,,0,85,,,,,L_T1_GTR___hekomi__,,,,,L_T1_GTR03_33000003,,,
33558,17,,,,,,,,,34,32,41,200000000000242000000000121100000007410000000000240000000000240000000000,,00000084,,,,,,,,8,8,0,12,12,84,,222142411124423432,AAABCACBBBACCADCDA,AAABACBCBBACACCDAD,,,0,84,,,,,,,,,,L_T1_GTR03_41100001/L_T1_GTR03_32100001/R_T1_GTR03_22110001,,,,32,41,13,210000000000212400000000120000000007410000000000400000000000224430000000,,00000094,,,,,,,,9,9,0,9,9,94,,22214241112442343241,AAABCACBBBACCADCDACB,AAABACBCBBACACCDADBC,,,0,94,,,,,L_T1_GTR___hekomi__,,,,,L_T1_GTR03_33000003,,,
33578,18,,,,,,,,,32,41,13,240000000000242300000000121100000007410000000000240000000000240000000000,,00000094,,,,,,,,9,9,0,10,10,94,,22214241112442343241,AAABCACBBBACCADCDACB,AAABACBCBBACACCDADBC,,,0,94,,,,,L_T1_GTR___hekomi__,,,,,L_T1_GTR03_32100001/L_T1_GTR03_22110001/R_T1_GTR03_22110001,,,,32,41,13,210000000000212400000000120000000007410000000000400000000000224430000000,,00000094,,,,,,,,9,9,0,9,9,94,,22214241112442343241,AAABCACBBBACCADCDACB,AAABACBCBBACACCDADBC,,,0,94,,,,,L_T1_GTR___hekomi__,,,,,L_T1_GTR03_33000003,,,
33607,19,,,,,,,,,32,41,13,240000000000242300000000121100000007410000000000240000000000240000000000,,00000094,,,,,,,,9,9,0,10,10,94,,22214241112442343241,AAABCACBBBACCADCDACB,AAABACBCBBACACCDADBC,,,0,94,,,,,L_T1_GTR___hekomi__,,,,,L_T1_GTR03_32100001/L_T1_GTR03_22110001/R_T1_GTR03_22110001,,,,41,13,43,210000000000212400000000120000000007410000000000423000000000224430000000,,00000105,,,,,,,,10,10,0,11,11,105,,2221424111244234324113,AAABCACBBBACCADCDACBBD,AAABACBCBBACACCDADBCBD,,,0,105,,,,,L_T1_GTR___hekomi__,,,,,L_T1_GTR03_33000003,,,
33631,20,,,,,,,,,41,13,43,240000000000242300000000121100000007410000000000243000000000242000000000,,00000105,,,,,,,,10,10,0,11,11,105,,2221424111244234324113,AAABCACBBBACCADCDACBBD,AAABACBCBBACACCDADBCBD,,,0,105,,,,,L_T1_GTR___hekomi__,,,,,L_T1_GTR03_32100001/L_T1_GTR03_22110001/R_T1_GTR03_22110001,,,,41,13,43,210000000000212400000000120000000007410000000000423000000000224430000000,,00000105,,,,,,,,10,10,0,11,11,105,,2221424111244234324113,AAABCACBBBACCADCDACBBD,AAABACBCBBACACCDADBCBD,,,0,105,,,,,L_T1_GTR___hekomi__,,,,,L_T1_GTR03_33000003,,,
33655,21,,,,,,,,,41,13,43,240000000000242300000000121100000007410000000000243000000000242000000000,,00000105,,,,,,,,10,10,0,11,11,105,,2221424111244234324113,AAABCACBBBACCADCDACBBD,AAABACBCBBACACCDADBCBD,,,0,105,,,,,L_T1_GTR___hekomi__,,,,,L_T1_GTR03_32100001/L_T1_GTR03_22110001/R_T1_GTR03_22110001,,,,13,43,33,211400000000212400000000120000000007410000000000423000000000224430000000,,00000115,,,,,,,,11,11,0,10,10,115,,222142411124423432411343,AAABCACBBBACCADCDACBBDCD,AAABACBCBBACACCDADBCBDCD,,,0,115,,,,,L_T1_GTR___standard,,,,,L_T1_GTR03_33000001,,,
33680,22,,,,,,,,,13,43,33,244100000000242300000000121100000007410000000000243000000000242000000000,,00000116,,,,,,,,11,11,0,11,11,116,,222142411124423432411343,AAABCACBBBACCADCDACBBDCD,AAABACBCBBACACCDADBCBDCD,,,0,116,,,,,L_T1_GTR___standard,,,,,L_T1_GTR03_33000001/L_T1_GTR03_32100001/R_T1_GTR03_22110001,,,,13,43,33,211400000000212400000000120000000007410000000000423000000000224430000000,,00000115,,,,,,,,11,11,0,10,10,115,,222142411124423432411343,AAABCACBBBACCADCDACBBDCD,AAABACBCBBACACCDADBCBDCD,,,0,115,,,,,L_T1_GTR___standard,,,,,L_T1_GTR03_33000001,,,
33722,23,,,,,,,,,13,43,33,244100000000242300000000121100000007410000000000243000000000242000000000,,00000116,,,,,,,,11,11,0,11,11,116,,222142411124423432411343,AAABCACBBBACCADCDACBBDCD,AAABACBCBBACACCDADBCBDCD,,,0,116,,,,,L_T1_GTR___standard,,,,,L_T1_GTR03_33000001/L_T1_GTR03_32100001/R_T1_GTR03_22110001,,,,43,33,11,211400000000212430000000121000000007410000000000423000000000224430000000,,00000124,,,,,,,,12,12,0,9,9,124,,22214241112442343241134333,AAABCACBBBACCADCDACBBDCDDD,AAABACBCBBACACCDADBCBDCDDD,,,0,124,,,,,L_T1_GTR___standard,,,,,L_T1_GTR03_33000001,,,
33725,24,,,,,,,,,43,33,11,244110000000242330000000121100000007410000000000243000000000242000000000,,00000125,,,,,,,,12,12,0,9,9,125,,22214241112442343241134333,AAABCACBBBACCADCDACBBDCDDD,AAABACBCBBACACCDADBCBDCDDD,,,0,125,,,,,L_T1_GTR___standard,,,,,L_T1_GTR03_33000001/L_T1_GTR03_32100001/R_T1_GTR03_22110001,,,,43,33,11,211400000000212430000000121000000007410000000000423000000000224430000000,,00000124,,,,,,,,12,12,0,9,9,124,,22214241112442343241134333,AAABCACBBBACCADCDACBBDCDDD,AAABACBCBBACACCDADBCBDCDDD,,,0,124,,,,,L_T1_GTR___standard,,,,,L_T1_GTR03_33000001,,,
33768,25,,,,,,,,,43,33,11,244110000000242330000000121100000007410000000000243000000000242000000000,,00000125,,,,,,,,12,12,0,9,9,125,,22214241112442343241134333,AAABCACBBBACCADCDACBBDCDDD,AAABACBCBBACACCDADBCBDCDDD,,,0,125,,,,,L_T1_GTR___standard,,,,,L_T1_GTR03_33000001/L_T1_GTR03_32100001/R_T1_GTR03_22110001,,,,33,11,32,211443000000212430000000121000000007410000000000423000000000224430000000,,00000133,,,,,,,,13,13,0,9,9,133,,2221424111244234324113433311,AAABCACBBBACCADCDACBBDCDDDBB,AAABACBCBBACACCDADBCBDCDDDBB,,,0,133,,,,,L_T1_GTR___standard,,,,,L_T1_GTR03_33000001,,,
33774,26,,,,,,,,,33,11,32,244110000000242330000000121100000007414300000000243000000000242000000000,,00000136,,,,,,,,13,13,0,11,11,136,,2221424111244234324113433311,AAABCACBBBACCADCDACBBDCDDDBB,AAABACBCBBACACCDADBCBDCDDDBB,,,0,136,,,,,L_T1_GTR___standard,,,,,L_T1_GTR03_33000001/L_T1_GTR03_32100001/R_T1_GTR03_22110001,,,,33,11,32,211443000000212430000000121000000007410000000000423000000000224430000000,,00000133,,,,,,,,13,13,0,9,9,133,,2221424111244234324113433311,AAABCACBBBACCADCDACBBDCDDDBB,AAABACBCBBACACCDADBCBDCDDDBB,,,0,133,,,,,L_T1_GTR___standard,,,,,L_T1_GTR03_33000001,,,
33815,27,,,,,,,,,11,32,42,244113300000242330000000121100000007414300000000243000000000242000000000,,00000143,,,,,,,,14,14,0,7,7,143,,222142411124423432411343331132,AAABCACBBBACCADCDACBBDCDDDBBDA,AAABACBCBBACACCDADBCBDCDDDBBAD,,,0,143,,,,,L_T1_GTR___standard,,,,,L_T1_GTR03_33000001/L_T1_GTR03_32100001/R_T1_GTR03_22110001,,,,33,11,32,211443000000212430000000121000000007410000000000423000000000224430000000,,00000133,,,,,,,,13,13,0,9,9,133,,2221424111244234324113433311,AAABCACBBBACCADCDACBBDCDDDBB,AAABACBCBBACACCDADBCBDCDDDBB,,,0,133,,,,,L_T1_GTR___standard,,,,,L_T1_GTR03_33000001,,,
33837,28,,,,,,,,,11,32,42,244113300000242330000000121100000007414300000000243000000000242000000000,,00000143,,,,,,,,14,14,0,7,7,143,,222142411124423432411343331132,AAABCACBBBACCADCDACBBDCDDDBBDA,AAABACBCBBACACCDADBCBDCDDDBBAD,,,0,143,,,,,L_T1_GTR___standard,,,,,L_T1_GTR03_33000001/L_T1_GTR03_32100001/R_T1_GTR03_22110001,,,,11,32,42,211443000000212430000000121000000007410000000000423300000000224433000000,,00000141,,,,,,,,14,14,0,8,8,141,,222142411124423432411343331132,AAABCACBBBACCADCDACBBDCDDDBBDA,AAABACBCBBACACCDADBCBDCDDDBBAD,,,0,141,,,,,L_T1_GTR___standard,,,,,L_T1_GTR03_33000001,,,
33855,29,,,,,,,,,32,42,43,244113311000242330000000121100000007414300000000243000000000242000000000,,00000148,,,,,,,,15,15,0,5,5,148,,22214241112442343241134333113242,AAABCACBBBACCADCDACBBDCDDDBBDACA,AAABACBCBBACACCDADBCBDCDDDBBADAC,,,0,148,,,,,L_T1_GTR___standard,,,,,L_T1_GTR03_33000001/L_T1_GTR03_32100001/R_T1_GTR03_22110001,,,,11,32,42,211443000000212430000000121000000007410000000000423300000000224433000000,,00000141,,,,,,,,14,14,0,8,8,141,,222142411124423432411343331132,AAABCACBBBACCADCDACBBDCDDDBBDA,AAABACBCBBACACCDADBCBDCDDDBBAD,,,0,141,,,,,L_T1_GTR___standard,,,,,L_T1_GTR03_33000001,,,
33902,30,,,,,,,,,32,42,43,244113311000242330000000121100000007414300000000243000000000242000000000,,00000148,,,,,,,,15,15,0,5,5,148,,22214241112442343241134333113242,AAABCACBBBACCADCDACBBDCDDDBBDACA,AAABACBCBBACACCDADBCBDCDDDBBADAC,,,0,148,,,,,L_T1_GTR___standard,,,,,L_T1_GTR03_33000001/L_T1_GTR03_32100001/R_T1_GTR03_22110001,,,,32,42,43,211443000000212431000000121100000007410000000000423300000000224433000000,,00000149,,,,,,,,15,15,0,8,8,149,,22214241112442343241134333113242,AAABCACBBBACCADCDACBBDCDDDBBDACA,AAABACBCBBACACCDADBCBDCDDDBBADAC,,,0,149,,,,,L_T1_GTR___standard,,,,,L_T1_GTR03_33000001,,,
33906,31,,,,,,,,,42,43,14,244113311000242330000000121100000007414300000000243300000000242200000000,,00000158,,,,,,,,16,16,0,10,10,158,,2221424111244234324113433311324243,AAABCACBBBACCADCDACBBDCDDDBBDACACD,AAABACBCBBACACCDADBCBDCDDDBBADACCD,,,0,158,,,,,L_T1_GTR___standard,,,,,L_T1_GTR03_33000001/L_T1_GTR03_32100001/R_T1_GTR03_22110001,,,,32,42,43,211443000000212431000000121100000007410000000000423300000000224433000000,,00000149,,,,,,,,15,15,0,8,8,149,,22214241112442343241134333113242,AAABCACBBBACCADCDACBBDCDDDBBDACA,AAABACBCBBACACCDADBCBDCDDDBBADAC,,,0,149,,,,,L_T1_GTR___standard,,,,,L_T1_GTR03_33000001,,,
33948,32,,,,,,,,,43,14,21,244113311000242330000000121142000007414300000000243300000000242200000000,,00000168,,,,,,,,17,17,0,10,10,168,,222142411124423432411343331132424314,AAABCACBBBACCADCDACBBDCDDDBBDACACDBC,AAABACBCBBACACCDADBCBDCDDDBBADACCDBC,,,0,168,,,,,L_T1_GTR___standard,,,,,L_T1_GTR03_33000001/L_T1_GTR03_32100001/R_T1_GTR03_22110001,,,,32,42,43,211443000000212431000000121100000007410000000000423300000000224433000000,,00000149,,,,,,,,15,15,0,8,8,149,,22214241112442343241134333113242,AAABCACBBBACCADCDACBBDCDDDBBDACA,AAABACBCBBACACCDADBCBDCDDDBBADAC,,,0,149,,,,,L_T1_GTR___standard,,,,,L_T1_GTR03_33000001,,,
33967,33,,,,,,,,,43,14,21,244113311000242330000000121142000007414300000000243300000000242200000000,,00000168,,,,,,,,17,17,0,10,10,168,,222142411124423432411343331132424314,AAABCACBBBACCADCDACBBDCDDDBBDACACDBC,AAABACBCBBACACCDADBCBDCDDDBBADACCDBC,,,0,168,,,,,L_T1_GTR___standard,,,,,L_T1_GTR03_33000001/L_T1_GTR03_32100001/R_T1_GTR03_22110001,,,,42,43,14,211443000000212431000000121130000007412000000000423300000000224433000000,,00000158,,,,,,,,16,16,0,9,9,158,,2221424111244234324113433311324243,AAABCACBBBACCADCDACBBDCDDDBBDACACD,AAABACBCBBACACCDADBCBDCDDDBBADACCD,,,0,158,,,,,L_T1_GTR___standard,,,,,L_T1_GTR03_33000001,,,
33989,34,,,,,,,,,14,21,23,244113311000242334300000121142000007414300000000243300000000242200000000,,00000175,,,,,,,,18,18,0,7,7,175,,22214241112442343241134333113242431421,AAABCACBBBACCADCDACBBDCDDDBBDACACDBCAB,AAABACBCBBACACCDADBCBDCDDDBBADACCDBCAB,,,0,175,,,,,L_T1_GTR___standard,,,,,L_T1_GTR03_33000001/L_T1_GTR03_32100001/R_T1_GTR03_22110001,,,,42,43,14,211443000000212431000000121130000007412000000000423300000000224433000000,,00000158,,,,,,,,16,16,0,9,9,158,,2221424111244234324113433311324243,AAABCACBBBACCADCDACBBDCDDDBBDACACD,AAABACBCBBACACCDADBCBDCDDDBBADACCD,,,0,158,,,,,L_T1_GTR___standard,,,,,L_T1_GTR03_33000001,,,
34011,35,,,,,,,,,14,21,23,244113311000242334300000121142000007414300000000243300000000242200000000,,00000175,,,,,,,,18,18,0,7,7,175,,22214241112442343241134333113242431421,AAABCACBBBACCADCDACBBDCDDDBBDACACDBCAB,AAABACBCBBACACCDADBCBDCDDDBBADACCDBCAB,,,0,175,,,,,L_T1_GTR___standard,,,,,L_T1_GTR03_33000001/L_T1_GTR03_32100001/R_T1_GTR03_22110001,,,,43,14,21,211443000000212431000000121130000007412240000000423300000000224433000000,,00000167,,,,,,,,17,17,0,9,9,167,,222142411124423432411343331132424314,AAABCACBBBACCADCDACBBDCDDDBBDACACDBC,AAABACBCBBACACCDADBCBDCDDDBBADACCDBC,,,0,167,,,,,L_T1_GTR___standard,,,,,L_T1_GTR03_33000001,,,
34036,36,,,,,,,,,21,23,43,244113311000242334300000121142000007414340000000243310000000242200000000,,00000184,,,,,,,,19,19,0,9,9,184,,2221424111244234324113433311324243142123,AAABCACBBBACCADCDACBBDCDDDBBDACACDBCABAD,AAABACBCBBACACCDADBCBDCDDDBBADACCDBCABAD,,,0,184,,,,,L_T1_GTR___standard,,,,,L_T1_GTR03_33000001/L_T1_GTR03_32100001/R_T1_GTR03_22110001,,,,43,14,21,211443000000212431000000121130000007412240000000423300000000224433000000,,00000167,,,,,,,,17,17,0,9,9,167,,222142411124423432411343331132424314,AAABCACBBBACCADCDACBBDCDDDBBDACACDBC,AAABACBCBBACACCDADBCBDCDDDBBADACCDBC,,,0,167,,,,,L_T1_GTR___standard,,,,,L_T1_GTR03_33000001,,,
34052,37,,,,,,,,,21,23,43,244113311000242334300000121142000007414340000000243310000000242200000000,,00000184,,,,,,,,19,19,0,9,9,184,,2221424111244234324113433311324243142123,AAABCACBBBACCADCDACBBDCDDDBBDACACDBCABAD,AAABACBCBBACACCDADBCBDCDDDBBADACCDBCABAD,,,0,184,,,,,L_T1_GTR___standard,,,,,L_T1_GTR03_33000001/L_T1_GTR03_32100001/R_T1_GTR03_22110001,,,,14,21,23,211443340000212431000000121130000007412240000000423300000000224433000000,,00000173,,,,,,,,18,18,0,6,6,173,,22214241112442343241134333113242431421,AAABCACBBBACCADCDACBBDCDDDBBDACACDBCAB,AAABACBCBBACACCDADBCBDCDDDBBADACCDBCAB,,,0,173,,,,,L_T1_GTR___standard,,,,,L_T1_GTR03_33000001,,,
34078,38,,,,,,,,,23,43,13,244113311000242334300000121142000007414342000000243311000000242200000000,,00000192,,,,,,,,20,20,0,8,8,192,,222142411124423432411343331132424314212343,AAABCACBBBACCADCDACBBDCDDDBBDACACDBCABADCD,AAABACBCBBACACCDADBCBDCDDDBBADACCDBCABADCD,,,0,192,,,,,L_T1_GTR___standard,,,,,L_T1_GTR03_33000001/L_T1_GTR03_32100001/R_T1_GTR03_22110001,,,,14,21,23,211443340000212431000000121130000007412240000000423300000000224433000000,,00000173,,,,,,,,18,18,0,6,6,173,,22214241112442343241134333113242431421,AAABCACBBBACCADCDACBBDCDDDBBDACACDBCAB,AAABACBCBBACACCDADBCBDCDDDBBADACCDBCAB,,,0,173,,,,,L_T1_GTR___standard,,,,,L_T1_GTR03_33000001,,,
34092,39,,,,,,,,,23,43,13,244113311000242334300000121142000007414342000000243311000000242200000000,,00000192,,,,,,,,20,20,0,8,8,192,,222142411124423432411343331132424314212343,AAABCACBBBACCADCDACBBDCDDDBBDACACDBCABADCD,AAABACBCBBACACCDADBCBDCDDDBBADACCDBCABADCD,,,0,192,,,,,L_T1_GTR___standard,,,,,L_T1_GTR03_33000001/L_T1_GTR03_32100001/R_T1_GTR03_22110001,,,,21,23,43,211443340000212431000000121131000007412244000000423300000000224433000000,,00000181,,,,,,,,19,19,0,8,8,181,,2221424111244234324113433311324243142123,AAABCACBBBACCADCDACBBDCDDDBBDACACDBCABAD,AAABACBCBBACACCDADBCBDCDDDBBADACCDBCABAD,,,0,181,,,,,L_T1_GTR___standard,,,,,L_T1_GTR03_33000001,,,
34125,40,,,,,,,,,43,13,44,244113311000242334300000121142000007414342000000243311000000242223000000,,00000201,,,,,,,,21,21,0,9,9,201,,22214241112442343241134333113242431421234313,AAABCACBBBACCADCDACBBDCDDDBBDACACDBCABADCDBD,AAABACBCBBACACCDADBCBDCDDDBBADACCDBCABADCDBD,,,0,201,,,,,L_T1_GTR___standard,,,,,L_T1_GTR03_33000001/L_T1_GTR03_32100001/R_T1_GTR03_22110001,,,,21,23,43,211443340000212431000000121131000007412244000000423300000000224433000000,,00000181,,,,,,,,19,19,0,8,8,181,,2221424111244234324113433311324243142123,AAABCACBBBACCADCDACBBDCDDDBBDACACDBCABAD,AAABACBCBBACACCDADBCBDCDDDBBADACCDBCABAD,,,0,181,,,,,L_T1_GTR___standard,,,,,L_T1_GTR03_33000001,,,
34128,41,,,,,,,,,43,13,44,244113311000242334300000121142000007414342000000243311000000242223000000,,00000201,,,,,,,,21,21,0,9,9,201,,22214241112442343241134333113242431421234313,AAABCACBBBACCADCDACBBDCDDDBBDACACDBCABADCDBD,AAABACBCBBACACCDADBCBDCDDDBBADACCDBCABADCDBD,,,0,201,,,,,L_T1_GTR___standard,,,,,L_T1_GTR03_33000001/L_T1_GTR03_32100001/R_T1_GTR03_22110001,,,,23,43,13,211443340000212431000000121131120007412244000000423300000000224433000000,,00000187,,,,,,,,20,20,0,6,6,187,,222142411124423432411343331132424314212343,AAABCACBBBACCADCDACBBDCDDDBBDACACDBCABADCD,AAABACBCBBACACCDADBCBDCDDDBBADACCDBCABADCD,,,0,187,,,,,L_T1_GTR___standard,,,,,L_T1_GTR03_33000001,,,
34166,42,,,,,,,,,43,13,44,244113311000242334300000121142000007414342000000243311000000242223000000,,00000201,,,,,,,,21,21,0,9,9,201,,22214241112442343241134333113242431421234313,AAABCACBBBACCADCDACBBDCDDDBBDACACDBCABADCDBD,AAABACBCBBACACCDADBCBDCDDDBBADACCDBCABADCDBD,,,0,201,,,,,L_T1_GTR___standard,,,,,L_T1_GTR03_33000001/L_T1_GTR03_32100001/R_T1_GTR03_22110001,,,,43,13,44,211443340000212431320000121131120007412244000000423300000000224433000000,,00000193,,,,,,,,21,21,0,6,6,193,,22214241112442343241134333113242431421234313,AAABCACBBBACCADCDACBBDCDDDBBDACACDBCABADCDBD,AAABACBCBBACACCDADBCBDCDDDBBADACCDBCABADCDBD,,,0,193,,,,,L_T1_GTR___standard,,,,,L_T1_GTR03_33000001,,,
34170,43,,,,,,,,,13,44,34,244113311000242334300000121142000007414342000000243311000000242223430000,,00000208,,,,,,,,22,22,0,7,7,208,,2221424111244234324113433311324243142123431344,AAABCACBBBACCADCDACBBDCDDDBBDACACDBCABADCDBDCC,AAABACBCBBACACCDADBCBDCDDDBBADACCDBCABADCDBDCC,,,0,208,,,,,L_T1_GTR___standard,,,,,L_T1_GTR03_33000001/L_T1_GTR03_32100001/R_T1_GTR03_22110001,,,,43,13,44,211443340000212431320000121131120007412244000000423300000000224433000000,,00000193,,,,,,,,21,21,0,6,6,193,,22214241112442343241134333113242431421234313,AAABCACBBBACCADCDACBBDCDDDBBDACACDBCABADCDBD,AAABACBCBBACACCDADBCBDCDDDBBADACCDBCABADCDBD,,,0,193,,,,,L_T1_GTR___standard,,,,,L_T1_GTR03_33000001,,,
34209,44,,,,,,,,,44,34,14,244113311000242334300000121142000007414342100000243311300000242223430000,,00000215,,,,,,,,23,23,0,7,7,215,,222142411124423432411343331132424314212343134434,AAABCACBBBACCADCDACBBDCDDDBBDACACDBCABADCDBDCCDC,AAABACBCBBACACCDADBCBDCDDDBBADACCDBCABADCDBDCCCD,,,0,215,,,,,L_T1_GTR___standard,,,,,L_T1_GTR03_33000001/L_T1_GTR03_32100001/R_T1_GTR03_22110001,,,,43,13,44,211443340000212431320000121131120007412244000000423300000000224433000000,,00000193,,,,,,,,21,21,0,6,6,193,,22214241112442343241134333113242431421234313,AAABCACBBBACCADCDACBBDCDDDBBDACACDBCABADCDBD,AAABACBCBBACACCDADBCBDCDDDBBADACCDBCABADCDBD,,,0,193,,,,,L_T1_GTR___standard,,,,,L_T1_GTR03_33000001,,,
34231,45,,,,,,,,,44,34,14,244113311000242334300000121142000007414342100000243311300000242223430000,,00000215,,,,,,,,23,23,0,7,7,215,,222142411124423432411343331132424314212343134434,AAABCACBBBACCADCDACBBDCDDDBBDACACDBCABADCDBDCCDC,AAABACBCBBACACCDADBCBDCDDDBBADACCDBCABADCDBDCCCD,,,0,215,,,,,L_T1_GTR___standard,,,,,L_T1_GTR03_33000001/L_T1_GTR03_32100001/R_T1_GTR03_22110001,,,,13,44,34,211443340000212431320000121131120007412244000000423340000000224433300000,,00000200,,,,,,,,22,22,0,7,7,200,,2221424111244234324113433311324243142123431344,AAABCACBBBACCADCDACBBDCDDDBBDACACDBCABADCDBDCC,AAABACBCBBACACCDADBCBDCDDDBBADACCDBCABADCDBDCC,,,0,200,,,,,L_T1_GTR___standard,,,,,L_T1_GTR03_33000001,,,
34258,46,,,,,,,,,34,14,14,244113311000242334300000121142000007414342100000243311300000242223434400,,00000220,,,,,,,,24,24,0,5,5,220,,22214241112442343241134333113242431421234313443414,AAABCACBBBACCADCDACBBDCDDDBBDACACDBCABADCDBDCCDCBC,AAABACBCBBACACCDADBCBDCDDDBBADACCDBCABADCDBDCCCDBC,,,0,220,,,,,L_T1_GTR___standard,,,,,L_T1_GTR03_33000001/L_T1_GTR03_32100001/R_T1_GTR03_22110001,,,,13,44,34,211443340000212431320000121131120007412244000000423340000000224433300000,,00000200,,,,,,,,22,22,0,7,7,200,,2221424111244234324113433311324243142123431344,AAABCACBBBACCADCDACBBDCDDDBBDACACDBCABADCDBDCC,AAABACBCBBACACCDADBCBDCDDDBBADACCDBCABADCDBDCC,,,0,200,,,,,L_T1_GTR___standard,,,,,L_T1_GTR03_33000001,,,
34265,47,,,,,,,,,34,14,14,244113311000242334300000121142000007414342100000243311300000242223434400,,00000220,,,,,,,,24,24,0,5,5,220,,22214241112442343241134333113242431421234313443414,AAABCACBBBACCADCDACBBDCDDDBBDACACDBCABADCDBDCCDCBC,AAABACBCBBACACCDADBCBDCDDDBBADACCDBCABADCDBDCCCDBC,,,0,220,,,,,L_T1_GTR___standard,,,,,L_T1_GTR03_33000001/L_T1_GTR03_32100001/R_T1_GTR03_22110001,,,,44,34,14,211443340000212431320000121131121307412244000000423340000000224433300000,,00000205,,,,,,,,23,23,0,5,5,205,,222142411124423432411343331132424314212343134434,AAABCACBBBACCADCDACBBDCDDDBBDACACDBCABADCDBDCCDC,AAABACBCBBACACCDADBCBDCDDDBBADACCDBCABADCDBDCCCD,,,0,205,,,,,L_T1_GTR___standard,,,,,L_T1_GTR03_33000001,,,
34304,48,,,,,,,,,34,14,14,244113311000242334300000121142000007414342100000243311300000242223434400,,00000220,,,,,,,,24,24,0,5,5,220,,22214241112442343241134333113242431421234313443414,AAABCACBBBACCADCDACBBDCDDDBBDACACDBCABADCDBDCCDCBC,AAABACBCBBACACCDADBCBDCDDDBBADACCDBCABADCDBDCCCDBC,,,0,220,,,,,L_T1_GTR___standard,,,,,L_T1_GTR03_33000001/L_T1_GTR03_32100001/R_T1_GTR03_22110001,,,,34,14,14,211443344400212431320000121131121307412244000000423340000000224433300000,,00000209,,,,,,,,24,24,0,4,4,209,,22214241112442343241134333113242431421234313443414,AAABCACBBBACCADCDACBBDCDDDBBDACACDBCABADCDBDCCDCBC,AAABACBCBBACACCDADBCBDCDDDBBADACCDBCABADCDBDCCCDBC,,,0,209,,,,,L_T1_GTR___standard,,,,,L_T1_GTR03_33000001,,,
34322,49,,,,,,,,,14,14,22,244113311000242334300000121142000007414342100000243311330000242223434440,,00000223,,,,,,,,25,25,0,3,3,223,,2221424111244234324113433311324243142123431344341414,AAABCACBBBACCADCDACBBDCDDDBBDACACDBCABADCDBDCCDCBCBC,AAABACBCBBACACCDADBCBDCDDDBBADACCDBCABADCDBDCCCDBCBC,,,0,223,,,,,L_T1_GTR___standard,,,,,L_T1_GTR03_33000001/L_T1_GTR03_32100001/R_T1_GTR03_22110001,,,,34,14,14,211443344400212431320000121131121307412244000000423340000000224433300000,,00000209,,,,,,,,24,24,0,4,4,209,,22214241112442343241134333113242431421234313443414,AAABCACBBBACCADCDACBBDCDDDBBDACACDBCABADCDBDCCDCBC,AAABACBCBBACACCDADBCBDCDDDBBADACCDBCABADCDBDCCCDBC,,,0,209,,,,,L_T1_GTR___standard,,,,,L_T1_GTR03_33000001,,,
34351,50,,,,,,,,,14,14,22,244113311000242334300000121142000007414342100000243311330000242223434440,,00000223,,,,,,,,25,25,0,3,3,223,,2221424111244234324113433311324243142123431344341414,AAABCACBBBACCADCDACBBDCDDDBBDACACDBCABADCDBDCCDCBCBC,AAABACBCBBACACCDADBCBDCDDDBBADACCDBCABADCDBDCCCDBCBC,,,0,223,,,,,L_T1_GTR___standard,,,,,L_T1_GTR03_33000001/L_T1_GTR03_32100001/R_T1_GTR03_22110001,,,,14,14,22,211443344434212431320000121131121307412244000000423340000000224433300000,,00000212,,,,,,,,25,25,0,3,3,212,,2221424111244234324113433311324243142123431344341414,AAABCACBBBACCADCDACBBDCDDDBBDACACDBCABADCDBDCCDCBCBC,AAABACBCBBACACCDADBCBDCDDDBBADACCDBCABADCDBDCCCDBCBC,,,0,212,,,,,L_T1_GTR___standard,,,,,L_T1_GTR03_33000001,,,
34358,51,,,,,,,,,14,22,44,244113311000242334300000121142410007414342100000243311330000242223434440,,00000229,,,,,,,,26,26,0,6,6,229,,222142411124423432411343331132424314212343134434141422,AAABCACBBBACCADCDACBBDCDDDBBDACACDBCABADCDBDCCDCBCBCAA,AAABACBCBBACACCDADBCBDCDDDBBADACCDBCABADCDBDCCCDBCBCAA,,,0,229,,,,,L_T1_GTR___standard,,,,,L_T1_GTR03_33000001/L_T1_GTR03_32100001/R_T1_GTR03_22110001,,,,14,14,22,211443344434212431320000121131121307412244000000423340000000224433300000,,00000212,,,,,,,,25,25,0,3,3,212,,2221424111244234324113433311324243142123431344341414,AAABCACBBBACCADCDACBBDCDDDBBDACACDBCABADCDBDCCDCBCBC,AAABACBCBBACACCDADBCBDCDDDBBADACCDBCABADCDBDCCCDBCBC,,,0,212,,,,,L_T1_GTR___standard,,,,,L_T1_GTR03_33000001,,,
34412,52,,,,,,,,,22,44,44,244113311000242334340000121142411007414342100000243311330000242223434440,,00000234,,,,,,,,27,27,0,5,5,234,,22214241112442343241134333113242431421234313443414142244,AAABCACBBBACCADCDACBBDCDDDBBDACACDBCABADCDBDCCDCBCBCAACC,AAABACBCBBACACCDADBCBDCDDDBBADACCDBCABADCDBDCCCDBCBCAACC,,,0,234,,,,,L_T1_GTR___standard,,,,,L_T1_GTR03_33000001/L_T1_GTR03_32100001/R_T1_GTR03_22110001,,,,14,14,22,211443344434212431320000121131121307412244000000423340000000224433300000,,00000212,,,,,,,,25,25,0,3,3,212,,2221424111244234324113433311324243142123431344341414,AAABCACBBBACCADCDACBBDCDDDBBDACACDBCABADCDBDCCDCBCBC,AAABACBCBBACACCDADBCBDCDDDBBADACCDBCABADCDBDCCCDBCBC,,,0,212,,,,,L_T1_GTR___standard,,,,,L_T1_GTR03_33000001,,,
34416,53,,,,,,,,,22,44,44,244113311000242334340000121142411007414342100000243311330000242223434440,,00000234,,,,,,,,27,27,0,5,5,234,,22214241112442343241134333113242431421234313443414142244,AAABCACBBBACCADCDACBBDCDDDBBDACACDBCABADCDBDCCDCBCBCAACC,AAABACBCBBACACCDADBCBDCDDDBBADACCDBCABADCDBDCCCDBCBCAACC,,,0,234,,,,,L_T1_GTR___standard,,,,,L_T1_GTR03_33000001/L_T1_GTR03_32100001/R_T1_GTR03_22110001,,,,14,22,44,211443344434212431320000121131121307412244000000423341000000224433340000,,00000218,,,,,,,,26,26,0,6,6,218,,222142411124423432411343331132424314212343134434141422,AAABCACBBBACCADCDACBBDCDDDBBDACACDBCABADCDBDCCDCBCBCAA,AAABACBCBBACACCDADBCBDCDDDBBADACCDBCABADCDBDCCCDBCBCAA,,,0,218,,,,,L_T1_GTR___standard,,,,,L_T1_GTR03_33000001,,,
34447,54,,,,,,,,,44,44,42,244113311000242334340000121142411007414342122000243311330000242223434440,,00000239,,,,,,,,28,28,0,5,5,239,,2221424111244234324113433311324243142123431344341414224444,AAABCACBBBACCADCDACBBDCDDDBBDACACDBCABADCDBDCCDCBCBCAACCCC,AAABACBCBBACACCDADBCBDCDDDBBADACCDBCABADCDBDCCCDBCBCAACCCC,,,0,239,,,,,L_T1_GTR___standard,,,,,L_T1_GTR03_33000001/L_T1_GTR03_32100001/R_T1_GTR03_22110001,,,,14,22,44,211443344434212431320000121131121307412244000000423341000000224433340000,,00000218,,,,,,,,26,26,0,6,6,218,,222142411124423432411343331132424314212343134434141422,AAABCACBBBACCADCDACBBDCDDDBBDACACDBCABADCDBDCCDCBCBCAA,AAABACBCBBACACCDADBCBDCDDDBBADACCDBCABADCDBDCCCDBCBCAA,,,0,218,,,,,L_T1_GTR___standard,,,,,L_T1_GTR03_33000001,,,
34478,55,,,,,,,,,44,44,42,244113311000242334340000121142411007414342122000243311330000242223434440,,00000239,,,,,,,,28,28,0,5,5,239,,2221424111244234324113433311324243142123431344341414224444,AAABCACBBBACCADCDACBBDCDDDBBDACACDBCABADCDBDCCDCBCBCAACCCC,AAABACBCBBACACCDADBCBDCDDDBBADACCDBCABADCDBDCCCDBCBCAACCCC,,,0,239,,,,,L_T1_GTR___standard,,,,,L_T1_GTR03_33000001/L_T1_GTR03_32100001/R_T1_GTR03_22110001,,,,22,44,44,211443344434212431320000121131121307412244000000423341100000224433344000,,00000223,,,,,,,,27,27,0,5,5,223,,22214241112442343241134333113242431421234313443414142244,AAABCACBBBACCADCDACBBDCDDDBBDACACDBCABADCDBDCCDCBCBCAACC,AAABACBCBBACACCDADBCBDCDDDBBADACCDBCABADCDBDCCCDBCBCAACC,,,0,223,,,,,L_T1_GTR___standard,,,,,L_T1_GTR03_33000001,,,
34481,56,,,,,,,,,44,42,11,244113311000242334344400121142411007414342122000243311330000242223434440,,00000243,,,,,,,,29,29,0,4,4,243,,222142411124423432411343331132424314212343134434141422444442,AAABCACBBBACCADCDACBBDCDDDBBDACACDBCABADCDBDCCDCBCBCAACCCCCA,AAABACBCBBACACCDADBCBDCDDDBBADACCDBCABADCDBDCCCDBCBCAACCCCAC,,,0,243,,,,,L_T1_GTR___standard,,,,,L_T1_GTR03_33000001/L_T1_GTR03_32100001/R_T1_GTR03_22110001,,,,22,44,44,211443344434212431320000121131121307412244000000423341100000224433344000,,00000223,,,,,,,,27,27,0,5,5,223,,22214241112442343241134333113242431421234313443414142244,AAABCACBBBACCADCDACBBDCDDDBBDACACDBCABADCDBDCCDCBCBCAACC,AAABACBCBBACACCDADBCBDCDDDBBADACCDBCABADCDBDCCCDBCBCAACC,,,0,223,,,,,L_T1_GTR___standard,,,,,L_T1_GTR03_33000001,,,
34513,57,,,,,,,,,,42,11,244113311000242334344400121142411447414342122000243311330000242223434440,,bb50abb2,,,,,,,,30,0,1,bb50abb2,100,343,,222142411124423432411343331132424314212343134434141422444442,AAABCACBBBACCADCDACBBDCDDDBBDACACDBCABADCDBDCCDCBCBCAACCCCCA,AAABACBCBBACACCDADBCBDCDDDBBADACCDBCABADCDBDCCCDBCBCAACCCCAC,,,1,343,,,,,L_T1_GTR___standard,,,,,L_T1_GTR03_33000001/L_T1_GTR03_32100001/R_T1_GTR03_22110001,,,,22,44,44,211443344434212431320000121131121307412244000000423341100000224433344000,,00000223,,,,,,,,27,27,0,5,5,223,,22214241112442343241134333113242431421234313443414142244,AAABCACBBBACCADCDACBBDCDDDBBDACACDBCABADCDBDCCDCBCBCAACC,AAABACBCBBACACCDADBCBDCDDDBBADACCDBCABADCDBDCCCDBCBCAACC,,,0,223,,,,,L_T1_GTR___standard,,,,,L_T1_GTR03_33000001,,,
34534,58,,,,,,,,,,42,11,244113311000242334344400121142411447414342122000243311330000242223434440,,bb50abb2,,,,,,,,30,0,1,bb50abb2,100,343,,222142411124423432411343331132424314212343134434141422444442,AAABCACBBBACCADCDACBBDCDDDBBDACACDBCABADCDBDCCDCBCBCAACCCCCA,AAABACBCBBACACCDADBCBDCDDDBBADACCDBCABADCDBDCCCDBCBCAACCCCAC,,,1,343,,,,,L_T1_GTR___standard,,,,,L_T1_GTR03_33000001/L_T1_GTR03_32100001/R_T1_GTR03_22110001,,,,44,44,42,211443344434212431320000121131121307412244200000423341120000224433344000,,00000229,,,,,,,,28,28,0,6,6,229,,2221424111244234324113433311324243142123431344341414224444,AAABCACBBBACCADCDACBBDCDDDBBDACACDBCABADCDBDCCDCBCBCAACCCC,AAABACBCBBACACCDADBCBDCDDDBBADACCDBCABADCDBDCCCDBCBCAACCCC,,,0,229,,,,,L_T1_GTR___standard,,,,,L_T1_GTR03_33000001,,,
34572,59,,,,,,,,,,42,11,244113311000242334344400121142411447414342122000243311330000242223434440,,bb50abb2,,,,,,,,30,0,1,bb50abb2,100,343,,222142411124423432411343331132424314212343134434141422444442,AAABCACBBBACCADCDACBBDCDDDBBDACACDBCABADCDBDCCDCBCBCAACCCCCA,AAABACBCBBACACCDADBCBDCDDDBBADACCDBCABADCDBDCCCDBCBCAACCCCAC,,,1,343,,,,,L_T1_GTR___standard,,,,,L_T1_GTR03_33000001/L_T1_GTR03_32100001/R_T1_GTR03_22110001,,,,44,42,11,211443344434212431320000121131121307412244244000423341120000224433344000,,00000234,,,,,,,,29,29,0,5,5,234,,222142411124423432411343331132424314212343134434141422444442,AAABCACBBBACCADCDACBBDCDDDBBDACACDBCABADCDBDCCDCBCBCAACCCCCA,AAABACBCBBACACCDADBCBDCDDDBBADACCDBCABADCDBDCCCDBCBCAACCCCAC,,,0,234,,,,,L_T1_GTR___standard,,,,,L_T1_GTR03_33000001,,,
34579,60,,,,,,,,,42,11,14,244113311000242334300000121142411007414342122000243311330000242223434440,,00000347,,,,,,,,31,1,0,4,4,347,,22214241112442343241134333113242431421234313443414142244444211,AAABCACBBBACCADCDACBBDCDDDBBDACACDBCABADCDBDCCDCBCBCAACCCCCABB,AAABACBCBBACACCDADBCBDCDDDBBADACCDBCABADCDBDCCCDBCBCAACCCCACBB,,,1,347,,,,,L_T1_GTR___standard,,,,,L_T1_GTR03_33000001/L_T1_GTR03_32100001/R_T1_GTR03_22110001,,,,44,42,11,211443344434212431320000121131121307412244244000423341120000224433344000,,00000234,,,,,,,,29,29,0,5,5,234,,222142411124423432411343331132424314212343134434141422444442,AAABCACBBBACCADCDACBBDCDDDBBDACACDBCABADCDBDCCDCBCBCAACCCCCA,AAABACBCBBACACCDADBCBDCDDDBBADACCDBCABADCDBDCCCDBCBCAACCCCAC,,,0,234,,,,,L_T1_GTR___standard,,,,,L_T1_GTR03_33000001,,,
34598,61,,,,,,,,,42,11,14,244113311000242334300000121142411007414342122000243311330000242223434440,,00000347,,,,,,,,31,1,0,4,4,347,,22214241112442343241134333113242431421234313443414142244444211,AAABCACBBBACCADCDACBBDCDDDBBDACACDBCABADCDBDCCDCBCBCAACCCCCABB,AAABACBCBBACACCDADBCBDCDDDBBADACCDBCABADCDBDCCCDBCBCAACCCCACBB,,,1,347,,,,,L_T1_GTR___standard,,,,,L_T1_GTR03_33000001/L_T1_GTR03_32100001/R_T1_GTR03_22110001,,,,,42,11,211443344434212431320000121131121307412244244000423341124400224433344000,,bb60abb3,,,,,,,,30,0,1,bb60abb3,180,414,,222142411124423432411343331132424314212343134434141422444442,AAABCACBBBACCADCDACBBDCDDDBBDACACDBCABADCDBDCCDCBCBCAACCCCCA,AAABACBCBBACACCDADBCBDCDDDBBADACCDBCABADCDBDCCCDBCBCAACCCCAC,,,1,414,,,,,L_T1_GTR___standard,,,,,L_T1_GTR03_33000001,,,
34640,62,,,,,,,,,11,14,31,244113311400242334320000121142411007414342122000243311330000242223434440,,00000351,,,,,,,,32,2,0,4,4,351,,2221424111244234324113433311324243142123431344341414224444421114,AAABCACBBBACCADCDACBBDCDDDBBDACACDBCABADCDBDCCDCBCBCAACCCCCABBBC,AAABACBCBBACACCDADBCBDCDDDBBADACCDBCABADCDBDCCCDBCBCAACCCCACBBBC,,,1,351,,,,,L_T1_GTR___standard,,,,,L_T1_GTR03_33000001/L_T1_GTR03_32100001/R_T1_GTR03_22110001,,,,,42,11,211443344434212431320000121131121307412244244000423341124400224433344000,,bb60abb3,,,,,,,,30,0,1,bb60abb3,180,414,,222142411124423432411343331132424314212343134434141422444442,AAABCACBBBACCADCDACBBDCDDDBBDACACDBCABADCDBDCCDCBCBCAACCCCCA,AAABACBCBBACACCDADBCBDCDDDBBADACCDBCABADCDBDCCCDBCBCAACCCCAC,,,1,414,,,,,L_T1_GTR___standard,,,,,L_T1_GTR03_33000001,,,
34660,63,,,,,,,,,11,14,31,244113311400242334320000121142411007414342122000243311330000242223434440,,00000351,,,,,,,,32,2,0,4,4,351,,2221424111244234324113433311324243142123431344341414224444421114,AAABCACBBBACCADCDACBBDCDDDBBDACACDBCABADCDBDCCDCBCBCAACCCCCABBBC,AAABACBCBBACACCDADBCBDCDDDBBADACCDBCABADCDBDCCCDBCBCAACCCCACBBBC,,,1,351,,,,,L_T1_GTR___standard,,,,,L_T1_GTR03_33000001/L_T1_GTR03_32100001/R_T1_GTR03_22110001,,,,42,11,14,211443344434212431320000121131121307412244200000423341120000224433300000,,00000418,,,,,,,,31,1,0,4,4,418,,22214241112442343241134333113242431421234313443414142244444211,AAABCACBBBACCADCDACBBDCDDDBBDACACDBCABADCDBDCCDCBCBCAACCCCCABB,AAABACBCBBACACCDADBCBDCDDDBBADACCDBCABADCDBDCCCDBCBCAACCCCACBB,,,1,418,,,,,L_T1_GTR___standard,,,,,L_T1_GTR03_33000001,,,
34721,64,,,,,,,,,11,14,31,244113311400242334320000121142411007414342122000243311330000242223434440,,00000351,,,,,,,,32,2,0,4,4,351,,2221424111244234324113433311324243142123431344341414224444421114,AAABCACBBBACCADCDACBBDCDDDBBDACACDBCABADCDBDCCDCBCBCAACCCCCABBBC,AAABACBCBBACACCDADBCBDCDDDBBADACCDBCABADCDBDCCCDBCBCAACCCCACBBBC,,,1,351,,,,,L_T1_GTR___standard,,,,,L_T1_GTR03_33000001/L_T1_GTR03_32100001/R_T1_GTR03_22110001,,,,11,14,31,211443344434212431320000121131121307412244200000423341122000224433340000,,00000423,,,,,,,,32,2,0,5,5,423,,2221424111244234324113433311324243142123431344341414224444421114,AAABCACBBBACCADCDACBBDCDDDBBDACACDBCABADCDBDCCDCBCBCAACCCCCABBBC,AAABACBCBBACACCDADBCBDCDDDBBADACCDBCABADCDBDCCCDBCBCAACCCCACBBBC,,,1,423,,,,,L_T1_GTR___standard,,,,,L_T1_GTR03_33000001,,,
34734,65,,,,,,,,,14,31,24,244113311400242334320000121142411607414342122100243311331000242223434440,,00000355,,,,,,,,33,3,0,4,4,355,,222142411124423432411343331132424314212343134434141422444442111431,AAABCACBBBACCADCDACBBDCDDDBBDACACDBCABADCDBDCCDCBCBCAACCCCCABBBCDB,AAABACBCBBACACCDADBCBDCDDDBBADACCDBCABADCDBDCCCDBCBCAACCCCACBBBCBD,,,1,355,,,,,L_T1_GTR___standard,,,,,L_T1_GTR03_33000001/L_T1_GTR03_32100001/R_T1_GTR03_22110001,,,,11,14,31,211443344434212431320000121131121307412244200000423341122000224433340000,,00000423,,,,,,,,32,2,0,5,5,423,,2221424111244234324113433311324243142123431344341414224444421114,AAABCACBBBACCADCDACBBDCDDDBBDACACDBCABADCDBDCCDCBCBCAACCCCCABBBC,AAABACBCBBACACCDADBCBDCDDDBBADACCDBCABADCDBDCCCDBCBCAACCCCACBBBC,,,1,423,,,,,L_T1_GTR___standard,,,,,L_T1_GTR03_33000001,,,
34760,66,,,,,,,,,14,31,24,244113311400242334320000121142411607414342122100243311331000242223434440,,00000355,,,,,,,,33,3,0,4,4,355,,222142411124423432411343331132424314212343134434141422444442111431,AAABCACBBBACCADCDACBBDCDDDBBDACACDBCABADCDBDCCDCBCBCAACCCCCABBBCDB,AAABACBCBBACACCDADBCBDCDDDBBADACCDBCABADCDBDCCCDBCBCAACCCCACBBBCBD,,,1,355,,,,,L_T1_GTR___standard,,,,,L_T1_GTR03_33000001/L_T1_GTR03_32100001/R_T1_GTR03_22110001,,,,14,31,24,211443344434212431320000121131121307412244200000423341122000224433341100,,00000427,,,,,,,,33,3,0,4,4,427,,222142411124423432411343331132424314212343134434141422444442111431,AAABCACBBBACCADCDACBBDCDDDBBDACACDBCABADCDBDCCDCBCBCAACCCCCABBBCDB,AAABACBCBBACACCDADBCBDCDDDBBADACCDBCABADCDBDCCCDBCBCAACCCCACBBBCBD,,,1,427,,,,,L_T1_GTR___standard,,,,,L_T1_GTR03_33000001,,,
34773,67,,,,,,,,,14,31,24,244113311400242334320000121142411607414342122100243311331000242223434440,,00000355,,,,,,,,33,3,0,4,4,355,,222142411124423432411343331132424314212343134434141422444442111431,AAABCACBBBACCADCDACBBDCDDDBBDACACDBCABADCDBDCCDCBCBCAACCCCCABBBCDB,AAABACBCBBACACCDADBCBDCDDDBBADACCDBCABADCDBDCCCDBCBCAACCCCACBBBCBD,,,1,355,,,,,L_T1_GTR___standard,,,,,L_T1_GTR03_33000001/L_T1_GTR03_32100001/R_T1_GTR03_22110001,,,,31,31,24,211443344434212431320000121131121307412244200000423341122000224433341100,,00000427,,,,,,,,34,4,0,0,0,427,,22214241112442343241134333113242431421234313443414142244444211143131,AAABCACBBBACCADCDACBBDCDDDBBDACACDBCABADCDBDCCDCBCBCAACCCCCABBBCDBDB,AAABACBCBBACACCDADBCBDCDDDBBADACCDBCABADCDBDCCCDBCBCAACCCCACBBBCBDBD,,,1,427,,,,,L_T1_GTR___standard,,,,,L_T1_GTR03_33000001,,,
34801,68,,,,,,,,,31,24,12,244113311400242334324000121142411617414342122100243311331000242223434440,,00000358,,,,,,,,34,4,0,3,3,358,,22214241112442343241134333113242431421234313443414142244444211143124,AAABCACBBBACCADCDACBBDCDDDBBDACACDBCABADCDBDCCDCBCBCAACCCCCABBBCDBAC,AAABACBCBBACACCDADBCBDCDDDBBADACCDBCABADCDBDCCCDBCBCAACCCCACBBBCBDAC,,,1,358,,,,,L_T1_GTR___standard,,,,,L_T1_GTR03_33000001/L_T1_GTR03_32100001/R_T1_GTR03_22110001,,,,31,31,24,211443344434212431320000121131121307412244200000423341122000224433341100,,00000427,,,,,,,,34,4,0,0,0,427,,22214241112442343241134333113242431421234313443414142244444211143131,AAABCACBBBACCADCDACBBDCDDDBBDACACDBCABADCDBDCCDCBCBCAACCCCCABBBCDBDB,AAABACBCBBACACCDADBCBDCDDDBBADACCDBCABADCDBDCCCDBCBCAACCCCACBBBCBDBD,,,1,427,,,,,L_T1_GTR___standard,,,,,L_T1_GTR03_33000001,,,
34826,69,,,,,,,,,31,24,12,244113311400242334324000121142411617414342122100243311331000242223434440,,00000358,,,,,,,,34,4,0,3,3,358,,22214241112442343241134333113242431421234313443414142244444211143124,AAABCACBBBACCADCDACBBDCDDDBBDACACDBCABADCDBDCCDCBCBCAACCCCCABBBCDBAC,AAABACBCBBACACCDADBCBDCDDDBBADACCDBCABADCDBDCCCDBCBCAACCCCACBBBCBDAC,,,1,358,,,,,L_T1_GTR___standard,,,,,L_T1_GTR03_33000001/L_T1_GTR03_32100001/R_T1_GTR03_22110001,,,,31,24,12,211443344434212431320000121131121307412244240000423341122100224433341100,,00000431,,,,,,,,35,5,0,4,4,431,,2221424111244234324113433311324243142123431344341414224444421114313124,AAABCACBBBACCADCDACBBDCDDDBBDACACDBCABADCDBDCCDCBCBCAACCCCCABBBCDBDBAC,AAABACBCBBACACCDADBCBDCDDDBBADACCDBCABADCDBDCCCDBCBCAACCCCACBBBCBDBDAC,,,1,431,,,,,L_T1_GTR___standard,,,,,L_T1_GTR03_33000001,,,
34841,70,,,,,,,,,24,12,14,244113311400242334324000121142411617414342122100243311331000242223434443,,00000360,,,,,,,,35,5,0,2,2,360,,2221424111244234324113433311324243142123431344341414224444421114312412,AAABCACBBBACCADCDACBBDCDDDBBDACACDBCABADCDBDCCDCBCBCAACCCCCABBBCDBACBA,AAABACBCBBACACCDADBCBDCDDDBBADACCDBCABADCDBDCCCDBCBCAACCCCACBBBCBDACAB,,,1,360,,,,,L_T1_GTR___standard,,,,,L_T1_GTR03_33000001/L_T1_GTR03_32100001/R_T1_GTR03_22110001,,,,31,24,12,211443344434212431320000121131121307412244240000423341122100224433341100,,00000431,,,,,,,,35,5,0,4,4,431,,2221424111244234324113433311324243142123431344341414224444421114313124,AAABCACBBBACCADCDACBBDCDDDBBDACACDBCABADCDBDCCDCBCBCAACCCCCABBBCDBDBAC,AAABACBCBBACACCDADBCBDCDDDBBADACCDBCABADCDBDCCCDBCBCAACCCCACBBBCBDBDAC,,,1,431,,,,,L_T1_GTR___standard,,,,,L_T1_GTR03_33000001,,,
34867,71,,,,,,,,,24,12,14,244113311400242334324000121142411617414342122100243311331000242223434443,,00000360,,,,,,,,35,5,0,2,2,360,,2221424111244234324113433311324243142123431344341414224444421114312412,AAABCACBBBACCADCDACBBDCDDDBBDACACDBCABADCDBDCCDCBCBCAACCCCCABBBCDBACBA,AAABACBCBBACACCDADBCBDCDDDBBADACCDBCABADCDBDCCCDBCBCAACCCCACBBBCBDACAB,,,1,360,,,,,L_T1_GTR___standard,,,,,L_T1_GTR03_33000001/L_T1_GTR03_32100001/R_T1_GTR03_22110001,,,,24,12,14,211443344434212431320000121131121307412244241300423341122100224433341100,,00000435,,,,,,,,36,6,0,4,4,435,,222142411124423432411343331132424314212343134434141422444442111431312412,AAABCACBBBACCADCDACBBDCDDDBBDACACDBCABADCDBDCCDCBCBCAACCCCCABBBCDBDBACBA,AAABACBCBBACACCDADBCBDCDDDBBADACCDBCABADCDBDCCCDBCBCAACCCCACBBBCBDBDACAB,,,1,435,,,,,L_T1_GTR___standard,,,,,L_T1_GTR03_33000001,,,
34898,72,,,,,,,,,12,14,42,244113311420242334324400121142411617414342122100243311331000242223434443,,00000363,,,,,,,,36,6,0,3,3,363,,222142411124423432411343331132424314212343134434141422444442111431241214,AAABCACBBBACCADCDACBBDCDDDBBDACACDBCABADCDBDCCDCBCBCAACCCCCABBBCDBACBABC,AAABACBCBBACACCDADBCBDCDDDBBADACCDBCABADCDBDCCCDBCBCAACCCCACBBBCBDACABBC,,,1,363,,,,,L_T1_GTR___standard,,,,,L_T1_GTR03_33000001/L_T1_GTR03_32100001/R_T1_GTR03_22110001,,,,24,12,14,211443344434212431320000121131121307412244241300423341122100224433341100,,00000435,,,,,,,,36,6,0,4,4,435,,222142411124423432411343331132424314212343134434141422444442111431312412,AAABCACBBBACCADCDACBBDCDDDBBDACACDBCABADCDBDCCDCBCBCAACCCCCABBBCDBDBACBA,AAABACBCBBACACCDADBCBDCDDDBBADACCDBCABADCDBDCCCDBCBCAACCCCACBBBCBDBDACAB,,,1,435,,,,,L_T1_GTR___standard,,,,,L_T1_GTR03_33000001,,,
34952,74,,,,,,,,,14,42,21,244113311420242334324400121142411617414342122110243311331200242223434443,,00000366,,,,,,,,37,7,0,3,3,366,,22214241112442343241134333113242431421234313443414142244444211143124121442,AAABCACBBBACCADCDACBBDCDDDBBDACACDBCABADCDBDCCDCBCBCAACCCCCABBBCDBACBABCCA,AAABACBCBBACACCDADBCBDCDDDBBADACCDBCABADCDBDCCCDBCBCAACCCCACBBBCBDACABBCAC,,,1,366,,,,,L_T1_GTR___standard,,,,,L_T1_GTR03_33000001/L_T1_GTR03_32100001/R_T1_GTR03_22110001,,,,12,14,42,211443344434212431322000121131121347412244241300423341122100224433341100,,00000437,,,,,,,,37,7,0,2,2,437,,22214241112442343241134333113242431421234313443414142244444211143131241214,AAABCACBBBACCADCDACBBDCDDDBBDACACDBCABADCDBDCCDCBCBCAACCCCCABBBCDBDBACBABC,AAABACBCBBACACCDADBCBDCDDDBBADACCDBCABADCDBDCCCDBCBCAACCCCACBBBCBDBDACABBC,,,1,437,,,,,L_T1_GTR___standard,,,,,L_T1_GTR03_33000001,,,
34984,75,,,,,,,,,,42,21,244113311420242334324441121142411617414342122110243311331200242223434443,,bb40abb1,,,,,,,,38,0,1,bb40abb1,40,406,,22214241112442343241134333113242431421234313443414142244444211143124121442,AAABCACBBBACCADCDACBBDCDDDBBDACACDBCABADCDBDCCDCBCBCAACCCCCABBBCDBACBABCCA,AAABACBCBBACACCDADBCBDCDDDBBADACCDBCABADCDBDCCCDBCBCAACCCCACBBBCBDACABBCAC,,,1,406,,,,,L_T1_GTR___standard,,,,,L_T1_GTR03_33000001/L_T1_GTR03_32100001/R_T1_GTR03_22110001,,,,12,14,42,211443344434212431322000121131121347412244241300423341122100224433341100,,00000437,,,,,,,,37,7,0,2,2,437,,22214241112442343241134333113242431421234313443414142244444211143131241214,AAABCACBBBACCADCDACBBDCDDDBBDACACDBCABADCDBDCCDCBCBCAACCCCCABBBCDBDBACBABC,AAABACBCBBACACCDADBCBDCDDDBBADACCDBCABADCDBDCCCDBCBCAACCCCACBBBCBDBDACABBC,,,1,437,,,,,L_T1_GTR___standard,,,,,L_T1_GTR03_33000001,,,
35003,76,,,,,,,,,,42,21,244113311420242334324441121142411617414342122110243311331200242223434443,,bb40abb1,,,,,,,,38,0,1,bb40abb1,40,406,,22214241112442343241134333113242431421234313443414142244444211143124121442,AAABCACBBBACCADCDACBBDCDDDBBDACACDBCABADCDBDCCDCBCBCAACCCCCABBBCDBACBABCCA,AAABACBCBBACACCDADBCBDCDDDBBADACCDBCABADCDBDCCCDBCBCAACCCCACBBBCBDACABBCAC,,,1,406,,,,,L_T1_GTR___standard,,,,,L_T1_GTR03_33000001/L_T1_GTR03_32100001/R_T1_GTR03_22110001,,,,14,42,21,211443344434212431322000121131121347412244241300423341122100224433341121,,00000439,,,,,,,,38,8,0,2,2,439,,2221424111244234324113433311324243142123431344341414224444421114313124121442,AAABCACBBBACCADCDACBBDCDDDBBDACACDBCABADCDBDCCDCBCBCAACCCCCABBBCDBDBACBABCCA,AAABACBCBBACACCDADBCBDCDDDBBADACCDBCABADCDBDCCCDBCBCAACCCCACBBBCBDBDACABBCAC,,,1,439,,,,,L_T1_GTR___standard,,,,,L_T1_GTR03_33000001,,,
35044,77,,,,,,,,,,42,21,244113311420242334324441121142411617414342122110243311331200242223434443,,bb40abb1,,,,,,,,38,0,1,bb40abb1,40,406,,22214241112442343241134333113242431421234313443414142244444211143124121442,AAABCACBBBACCADCDACBBDCDDDBBDACACDBCABADCDBDCCDCBCBCAACCCCCABBBCDBACBABCCA,AAABACBCBBACACCDADBCBDCDDDBBADACCDBCABADCDBDCCCDBCBCAACCCCACBBBCBDACABBCAC,,,1,406,,,,,L_T1_GTR___standard,,,,,L_T1_GTR03_33000001/L_T1_GTR03_32100001/R_T1_GTR03_22110001,,,,42,21,12,211443344434212431322000121131121340412244241342423341122100224433341121,,00000441,,,,,,,,39,9,0,2,2,441,,222142411124423432411343331132424314212343134434141422444442111431312412144221,AAABCACBBBACCADCDACBBDCDDDBBDACACDBCABADCDBDCCDCBCBCAACCCCCABBBCDBDBACBABCCAAB,AAABACBCBBACACCDADBCBDCDDDBBADACCDBCABADCDBDCCCDBCBCAACCCCACBBBCBDBDACABBCACAB,,,1,441,,,,,L_T1_GTR___standard,,,,,L_T1_GTR03_33000001,,,
35069,78,,,,,,,,,,42,21,244113311200242334321000121142411107414342122110243311331200242223434443,,bb80ab13,,,,,,,,39,0,2,bb80ab13,1040,1446,,22214241112442343241134333113242431421234313443414142244444211143124121442,AAABCACBBBACCADCDACBBDCDDDBBDACACDBCABADCDBDCCDCBCBCAACCCCCABBBCDBACBABCCA,AAABACBCBBACACCDADBCBDCDDDBBADACCDBCABADCDBDCCCDBCBCAACCCCACBBBCBDACABBCAC,,,2,1446,,,,,L_T1_GTR___standard,,,,,L_T1_GTR03_33000001/L_T1_GTR03_32100001/R_T1_GTR03_22110001,,,,42,21,12,211443344434212431322000121131121340412244241342423341122100224433341121,,00000441,,,,,,,,39,9,0,2,2,441,,222142411124423432411343331132424314212343134434141422444442111431312412144221,AAABCACBBBACCADCDACBBDCDDDBBDACACDBCABADCDBDCCDCBCBCAACCCCCABBBCDBDBACBABCCAAB,AAABACBCBBACACCDADBCBDCDDDBBADACCDBCABADCDBDCCCDBCBCAACCCCACBBBCBDBDACABBCACAB,,,1,441,,,,,L_T1_GTR___standard,,,,,L_T1_GTR03_33000001,,,
35075,79,,,,,,,,,,42,21,244113311200242334321000121142411107414342122110243311331200242223434443,,bb80ab13,,,,,,,,39,0,2,bb80ab13,1040,1446,,22214241112442343241134333113242431421234313443414142244444211143124121442,AAABCACBBBACCADCDACBBDCDDDBBDACACDBCABADCDBDCCDCBCBCAACCCCCABBBCDBACBABCCA,AAABACBCBBACACCDADBCBDCDDDBBADACCDBCABADCDBDCCCDBCBCAACCCCACBBBCBDACABBCAC,,,2,1446,,,,,L_T1_GTR___standard,,,,,L_T1_GTR03_33000001/L_T1_GTR03_32100001/R_T1_GTR03_22110001,,,,,21,12,211443344434212431322420121131121347412244241341423341122100224433341121,,bb40abb1,,,,,,,,40,0,1,bb40abb1,40,481,,222142411124423432411343331132424314212343134434141422444442111431312412144221,AAABCACBBBACCADCDACBBDCDDDBBDACACDBCABADCDBDCCDCBCBCAACCCCCABBBCDBDBACBABCCAAB,AAABACBCBBACACCDADBCBDCDDDBBADACCDBCABADCDBDCCCDBCBCAACCCCACBBBCBDBDACABBCACAB,,,1,481,,,,,L_T1_GTR___standard,,,,,L_T1_GTR03_33000001,,,
35158,80,,,,,,,,,,42,21,244113311200242334321000121142411107414342122110243311331200242223434443,,bb80ab13,,,,,,,,39,0,2,bb80ab13,1040,1446,,22214241112442343241134333113242431421234313443414142244444211143124121442,AAABCACBBBACCADCDACBBDCDDDBBDACACDBCABADCDBDCCDCBCBCAACCCCCABBBCDBACBABCCA,AAABACBCBBACACCDADBCBDCDDDBBADACCDBCABADCDBDCCCDBCBCAACCCCACBBBCBDACABBCAC,,,2,1446,,,,,L_T1_GTR___standard,,,,,L_T1_GTR03_33000001/L_T1_GTR03_32100001/R_T1_GTR03_22110001,,,,,21,12,211443334000212431322200121131121347412244241341423341122100224433341121,,bb80ab11,,,,,,,,41,0,2,bb80ab11,880,1361,,222142411124423432411343331132424314212343134434141422444442111431312412144221,AAABCACBBBACCADCDACBBDCDDDBBDACACDBCABADCDBDCCDCBCBCAACCCCCABBBCDBDBACBABCCAAB,AAABACBCBBACACCDADBCBDCDDDBBADACCDBCABADCDBDCCCDBCBCAACCCCACBBBCBDBDACABBCACAB,,,2,1361,,,,,L_T1_GTR___standard,,,,,L_T1_GTR03_33000001,,,
35161,81,,,,,,,,,42,21,12,244113320000242334320000121142400007414342122000243311331200242223434443,,00001448,,,,,,,,40,1,0,2,2,1448,,2221424111244234324113433311324243142123431344341414224444421114312412144221,AAABCACBBBACCADCDACBBDCDDDBBDACACDBCABADCDBDCCDCBCBCAACCCCCABBBCDBACBABCCAAB,AAABACBCBBACACCDADBCBDCDDDBBADACCDBCABADCDBDCCCDBCBCAACCCCACBBBCBDACABBCACAB,,,2,1448,,,,,L_T1_GTR___standard,,,,,L_T1_GTR03_33000001/L_T1_GTR03_32100001/R_T1_GTR03_22110001,,,,,21,12,211443334000212431322200121131121347412244241341423341122100224433341121,,bb80ab11,,,,,,,,41,0,2,bb80ab11,880,1361,,222142411124423432411343331132424314212343134434141422444442111431312412144221,AAABCACBBBACCADCDACBBDCDDDBBDACACDBCABADCDBDCCDCBCBCAACCCCCABBBCDBDBACBABCCAAB,AAABACBCBBACACCDADBCBDCDDDBBADACCDBCABADCDBDCCCDBCBCAACCCCACBBBCBDBDACABBCACAB,,,2,1361,,,,,L_T1_GTR___standard,,,,,L_T1_GTR03_33000001,,,
35235,82,,,,,,,,,21,12,11,244113320000242334320000121142400007414342122000243311331224242223434443,,00001450,,,,,,,,41,2,0,2,2,1450,,222142411124423432411343331132424314212343134434141422444442111431241214422112,AAABCACBBBACCADCDACBBDCDDDBBDACACDBCABADCDBDCCDCBCBCAACCCCCABBBCDBACBABCCAABBA,AAABACBCBBACACCDADBCBDCDDDBBADACCDBCABADCDBDCCCDBCBCAACCCCACBBBCBDACABBCACABAB,,,2,1450,,,,,L_T1_GTR___standard,,,,,L_T1_GTR03_33000001/L_T1_GTR03_32100001/R_T1_GTR03_22110001,,,,,21,12,211443334000212431322200121131121347412244241341423341122100224433341121,,bb80ab11,,,,,,,,41,0,2,bb80ab11,880,1361,,222142411124423432411343331132424314212343134434141422444442111431312412144221,AAABCACBBBACCADCDACBBDCDDDBBDACACDBCABADCDBDCCDCBCBCAACCCCCABBBCDBDBACBABCCAAB,AAABACBCBBACACCDADBCBDCDDDBBADACCDBCABADCDBDCCCDBCBCAACCCCACBBBCBDBDACABBCACAB,,,2,1361,,,,,L_T1_GTR___standard,,,,,L_T1_GTR03_33000001,,,
35243,83,,,,,,,,,21,12,11,244113320000242334320000121142400007414342122000243311331224242223434443,,00001450,,,,,,,,41,2,0,2,2,1450,,222142411124423432411343331132424314212343134434141422444442111431241214422112,AAABCACBBBACCADCDACBBDCDDDBBDACACDBCABADCDBDCCDCBCBCAACCCCCABBBCDBACBABCCAABBA,AAABACBCBBACACCDADBCBDCDDDBBADACCDBCABADCDBDCCCDBCBCAACCCCACBBBCBDACABBCACABAB,,,2,1450,,,,,L_T1_GTR___standard,,,,,L_T1_GTR03_33000001/L_T1_GTR03_32100001/R_T1_GTR03_22110001,,,,,21,12,211444000000212431000000121131113407412244241341423341122100224433341121,,bb80ab19,,,,,,,,42,0,3,bb80ab19,1520,2881,,222142411124423432411343331132424314212343134434141422444442111431312412144221,AAABCACBBBACCADCDACBBDCDDDBBDACACDBCABADCDBDCCDCBCBCAACCCCCABBBCDBDBACBABCCAAB,AAABACBCBBACACCDADBCBDCDDDBBADACCDBCABADCDBDCCCDBCBCAACCCCACBBBCBDBDACABBCACAB,,,3,2881,,,,,L_T1_GTR___standard,,,,,L_T1_GTR03_33000001,,,
35271,84,,,,,,,,,12,11,21,244113320000242334320000121142400007414342122120243311331224242223434443,,00001453,,,,,,,,42,3,0,3,3,1453,,22214241112442343241134333113242431421234313443414142244444211143124121442211211,AAABCACBBBACCADCDACBBDCDDDBBDACACDBCABADCDBDCCDCBCBCAACCCCCABBBCDBACBABCCAABBABB,AAABACBCBBACACCDADBCBDCDDDBBADACCDBCABADCDBDCCCDBCBCAACCCCACBBBCBDACABBCACABABBB,,,2,1453,,,,,L_T1_GTR___standard,,,,,L_T1_GTR03_33000001/L_T1_GTR03_32100001/R_T1_GTR03_22110001,,,,,21,12,211444000000212431000000121131113407412244241341423341122100224433341121,,bb80ab19,,,,,,,,42,0,3,bb80ab19,1520,2881,,222142411124423432411343331132424314212343134434141422444442111431312412144221,AAABCACBBBACCADCDACBBDCDDDBBDACACDBCABADCDBDCCDCBCBCAACCCCCABBBCDBDBACBABCCAAB,AAABACBCBBACACCDADBCBDCDDDBBADACCDBCABADCDBDCCCDBCBCAACCCCACBBBCBDBDACABBCACAB,,,3,2881,,,,,L_T1_GTR___standard,,,,,L_T1_GTR03_33000001,,,
35304,85,,,,,,,,,,11,21,244113320000242334320000121142400007414342122122243311331224242223434443,,bb40abb1,,,,,,,,43,0,1,bb40abb1,40,1493,,22214241112442343241134333113242431421234313443414142244444211143124121442211211,AAABCACBBBACCADCDACBBDCDDDBBDACACDBCABADCDBDCCDCBCBCAACCCCCABBBCDBACBABCCAABBABB,AAABACBCBBACACCDADBCBDCDDDBBADACCDBCABADCDBDCCCDBCBCAACCCCACBBBCBDACABBCACABABBB,,,2,1493,,,,,L_T1_GTR___standard,,,,,L_T1_GTR03_33000001/L_T1_GTR03_32100001/R_T1_GTR03_22110001,,,,,21,12,211444000000212431000000121131113407412244241341423341122100224433341121,,bb80ab19,,,,,,,,42,0,3,bb80ab19,1520,2881,,222142411124423432411343331132424314212343134434141422444442111431312412144221,AAABCACBBBACCADCDACBBDCDDDBBDACACDBCABADCDBDCCDCBCBCAACCCCCABBBCDBDBACBABCCAAB,AAABACBCBBACACCDADBCBDCDDDBBADACCDBCABADCDBDCCCDBCBCAACCCCACBBBCBDBDACABBCACAB,,,3,2881,,,,,L_T1_GTR___standard,,,,,L_T1_GTR03_33000001,,,
35338,86,,,,,,,,,,11,21,244113320000242334320000121142400007414342122122243311331224242223434443,,bb40abb1,,,,,,,,43,0,1,bb40abb1,40,1493,,22214241112442343241134333113242431421234313443414142244444211143124121442211211,AAABCACBBBACCADCDACBBDCDDDBBDACACDBCABADCDBDCCDCBCBCAACCCCCABBBCDBACBABCCAABBABB,AAABACBCBBACACCDADBCBDCDDDBBADACCDBCABADCDBDCCCDBCBCAACCCCACBBBCBDACABBCACABABBB,,,2,1493,,,,,L_T1_GTR___standard,,,,,L_T1_GTR03_33000001/L_T1_GTR03_32100001/R_T1_GTR03_22110001,,,,21,12,11,211000000000212300000000121133400007412244241341423341122100224433341121,,00002885,,,,,,,,43,1,0,4,4,2885,,22214241112442343241134333113242431421234313443414142244444211143131241214422112,AAABCACBBBACCADCDACBBDCDDDBBDACACDBCABADCDBDCCDCBCBCAACCCCCABBBCDBDBACBABCCAABBA,AAABACBCBBACACCDADBCBDCDDDBBADACCDBCABADCDBDCCCDBCBCAACCCCACBBBCBDBDACABBCACABAB,,,3,2885,,,,,L_T1_GTR___standard,,,,,L_T1_GTR03_33000001,,,
35378,87,,,,,,,,,,11,21,244113320000242334320000121142400007414342122122243311331224242223434443,,bb40abb1,,,,,,,,43,0,1,bb40abb1,40,1493,,22214241112442343241134333113242431421234313443414142244444211143124121442211211,AAABCACBBBACCADCDACBBDCDDDBBDACACDBCABADCDBDCCDCBCBCAACCCCCABBBCDBACBABCCAABBABB,AAABACBCBBACACCDADBCBDCDDDBBADACCDBCABADCDBDCCCDBCBCAACCCCACBBBCBDACABBCACABABBB,,,2,1493,,,,,L_T1_GTR___standard,,,,,L_T1_GTR03_33000001/L_T1_GTR03_32100001/R_T1_GTR03_22110001,,,,,12,11,211120000000212300000000121133400007412244241341423341122100224433341121,,bb40abb1,,,,,,,,44,0,1,bb40abb1,40,2925,,22214241112442343241134333113242431421234313443414142244444211143131241214422112,AAABCACBBBACCADCDACBBDCDDDBBDACACDBCABADCDBDCCDCBCBCAACCCCCABBBCDBDBACBABCCAABBA,AAABACBCBBACACCDADBCBDCDDDBBADACCDBCABADCDBDCCCDBCBCAACCCCACBBBCBDBDACABBCACABAB,,,3,2925,,,,,,,,,,,,,
35393,88,,,,,,,,,,11,21,244113320000242334320000121142400007414342122110243311331400242223434443,,bb40abb8,,,,,,,,44,0,2,bb40abb8,320,1813,,22214241112442343241134333113242431421234313443414142244444211143124121442211211,AAABCACBBBACCADCDACBBDCDDDBBDACACDBCABADCDBDCCDCBCBCAACCCCCABBBCDBACBABCCAABBABB,AAABACBCBBACACCDADBCBDCDDDBBADACCDBCABADCDBDCCCDBCBCAACCCCACBBBCBDACABBCACABABBB,,,2,1813,,,,,L_T1_GTR___standard,,,,,L_T1_GTR03_33000001/L_T1_GTR03_32100001/R_T1_GTR03_22110001,,,,,12,11,211120000000212300000000121133400007412244241341423341122100224433341121,,bb40abb1,,,,,,,,44,0,1,bb40abb1,40,2925,,22214241112442343241134333113242431421234313443414142244444211143131241214422112,AAABCACBBBACCADCDACBBDCDDDBBDACACDBCABADCDBDCCDCBCBCAACCCCCABBBCDBDBACBABCCAABBA,AAABACBCBBACACCDADBCBDCDDDBBADACCDBCABADCDBDCCCDBCBCAACCCCACBBBCBDBDACABBCACABAB,,,3,2925,,,,,,,,,,,,,
35463,89,,,,,,,,,,11,21,244113320000242334320000121142400007414342122110243311331400242223434443,,bb40abb8,,,,,,,,44,0,2,bb40abb8,320,1813,,22214241112442343241134333113242431421234313443414142244444211143124121442211211,AAABCACBBBACCADCDACBBDCDDDBBDACACDBCABADCDBDCCDCBCBCAACCCCCABBBCDBACBABCCAABBABB,AAABACBCBBACACCDADBCBDCDDDBBADACCDBCABADCDBDCCCDBCBCAACCCCACBBBCBDACABBCACABABBB,,,2,1813,,,,,L_T1_GTR___standard,,,,,L_T1_GTR03_33000001/L_T1_GTR03_32100001/R_T1_GTR03_22110001,,,,,12,11,220000000000223000000000121133400007412244241341423341122100224433341121,,bb50ab10,,,,,,,,45,0,2,bb50ab10,500,3425,,22214241112442343241134333113242431421234313443414142244444211143131241214422112,AAABCACBBBACCADCDACBBDCDDDBBDACACDBCABADCDBDCCDCBCBCAACCCCCABBBCDBDBACBABCCAABBA,AAABACBCBBACACCDADBCBDCDDDBBADACCDBCABADCDBDCCCDBCBCAACCCCACBBBCBDBDACABBCACABAB,,,3,3425,,,,,,,,,,,,,
35476,90,,,,,,,,,,11,21,244113320000242334320000121142400007414342122110243311331000242223433100,,bb40ab16,,,,,,,,45,0,3,bb40ab16,640,2453,,22214241112442343241134333113242431421234313443414142244444211143124121442211211,AAABCACBBBACCADCDACBBDCDDDBBDACACDBCABADCDBDCCDCBCBCAACCCCCABBBCDBACBABCCAABBABB,AAABACBCBBACACCDADBCBDCDDDBBADACCDBCABADCDBDCCCDBCBCAACCCCACBBBCBDACABBCACABABBB,,,3,2453,,,,,L_T1_GTR___standard,,,,,L_T1_GTR03_33000001/L_T1_GTR03_32100001/R_T1_GTR03_22110001,,,,,12,11,220000000000223000000000121133400007412244241341423341122100224433341121,,bb50ab10,,,,,,,,45,0,2,bb50ab10,500,3425,,22214241112442343241134333113242431421234313443414142244444211143131241214422112,AAABCACBBBACCADCDACBBDCDDDBBDACACDBCABADCDBDCCDCBCBCAACCCCCABBBCDBDBACBABCCAABBA,AAABACBCBBACACCDADBCBDCDDDBBADACCDBCABADCDBDCCCDBCBCAACCCCACBBBCBDBDACABBCACABAB,,,3,3425,,,,,,,,,,,,,
35545,91,,,,,,,,,,11,21,244113320000242334320000121142400007414342122110243311331000242223433100,,bb40ab16,,,,,,,,45,0,3,bb40ab16,640,2453,,22214241112442343241134333113242431421234313443414142244444211143124121442211211,AAABCACBBBACCADCDACBBDCDDDBBDACACDBCABADCDBDCCDCBCBCAACCCCCABBBCDBACBABCCAABBABB,AAABACBCBBACACCDADBCBDCDDDBBADACCDBCABADCDBDCCCDBCBCAACCCCACBBBCBDACABBCACABABBB,,,3,2453,,,,,L_T1_GTR___standard,,,,,L_T1_GTR03_33000001/L_T1_GTR03_32100001/R_T1_GTR03_22110001,,,,,12,11,000000000000300000000000111334000007412244241341423341122100224433341121,,bb80ab19,,,,,,,,46,0,3,bb80ab19,1520,4945,,22214241112442343241134333113242431421234313443414142244444211143131241214422112,AAABCACBBBACCADCDACBBDCDDDBBDACACDBCABADCDBDCCDCBCBCAACCCCCABBBCDBDBACBABCCAABBA,AAABACBCBBACACCDADBCBDCDDDBBADACCDBCABADCDBDCCCDBCBCAACCCCACBBBCBDBDACABBCACABAB,,,3,4945,,,,,,,,,,,,,
35558,92,,,,,,,,,,11,21,244113320000242334320000121142400007414342122110243311100000242223410000,,bb40ab32,,,,,,,,46,0,4,bb40ab32,1280,3733,,22214241112442343241134333113242431421234313443414142244444211143124121442211211,AAABCACBBBACCADCDACBBDCDDDBBDACACDBCABADCDBDCCDCBCBCAACCCCCABBBCDBACBABCCAABBABB,AAABACBCBBACACCDADBCBDCDDDBBADACCDBCABADCDBDCCCDBCBCAACCCCACBBBCBDACABBCACABABBB,,,4,3733,,,,,L_T1_GTR___standard,,,,,L_T1_GTR03_33000001/L_T1_GTR03_32100001/R_T1_GTR03_22110001,,,,,12,11,000000000000300000000000111334000007412244241341423341122100224433341121,,bb80ab19,,,,,,,,46,0,3,bb80ab19,1520,4945,,22214241112442343241134333113242431421234313443414142244444211143131241214422112,AAABCACBBBACCADCDACBBDCDDDBBDACACDBCABADCDBDCCDCBCBCAACCCCCABBBCDBDBACBABCCAABBA,AAABACBCBBACACCDADBCBDCDDDBBADACCDBCABADCDBDCCCDBCBCAACCCCACBBBCBDBDACABBCACABAB,,,3,4945,,,,,,,,,,,,,
35628,93,,,,,,,,,,11,21,244113320000242334320000121142400007414342122110243311100000242223410000,,bb40ab32,,,,,,,,46,0,4,bb40ab32,1280,3733,,22214241112442343241134333113242431421234313443414142244444211143124121442211211,AAABCACBBBACCADCDACBBDCDDDBBDACACDBCABADCDBDCCDCBCBCAACCCCCABBBCDBACBABCCAABBABB,AAABACBCBBACACCDADBCBDCDDDBBADACCDBCABADCDBDCCCDBCBCAACCCCACBBBCBDACABBCACABABBB,,,4,3733,,,,,L_T1_GTR___standard,,,,,L_T1_GTR03_33000001/L_T1_GTR03_32100001/R_T1_GTR03_22110001,,,,,12,11,000000000000300000000000330000000007422241341000423311221000224433341121,,b100ab38,,,,,,,,47,0,4,b100ab38,3800,8745,,22214241112442343241134333113242431421234313443414142244444211143131241214422112,AAABCACBBBACCADCDACBBDCDDDBBDACACDBCABADCDBDCCDCBCBCAACCCCCABBBCDBDBACBABCCAABBA,AAABACBCBBACACCDADBCBDCDDDBBADACCDBCABADCDBDCCCDBCBCAACCCCACBBBCBDBDACABBCACABAB,,,4,8745,,,,,,,,,,,,,
35639,94,,,,,,,,,,11,21,244113320000242334320000121142400007414342221100243300000000242223410000,,bb40ab64,,,,,,,,47,0,5,bb40ab64,2560,6293,,22214241112442343241134333113242431421234313443414142244444211143124121442211211,AAABCACBBBACCADCDACBBDCDDDBBDACACDBCABADCDBDCCDCBCBCAACCCCCABBBCDBACBABCCAABBABB,AAABACBCBBACACCDADBCBDCDDDBBADACCDBCABADCDBDCCCDBCBCAACCCCACBBBCBDACABBCACABABBB,,,5,6293,,,,,L_T1_GTR___standard,,,,,L_T1_GTR03_33000001/L_T1_GTR03_32100001/R_T1_GTR03_22110001,,,,,12,11,000000000000300000000000330000000007422241341000423311221000224433341121,,b100ab38,,,,,,,,47,0,4,b100ab38,3800,8745,,22214241112442343241134333113242431421234313443414142244444211143131241214422112,AAABCACBBBACCADCDACBBDCDDDBBDACACDBCABADCDBDCCDCBCBCAACCCCCABBBCDBDBACBABCCAABBA,AAABACBCBBACACCDADBCBDCDDDBBADACCDBCABADCDBDCCCDBCBCAACCCCACBBBCBDBDACABBCACABAB,,,4,8745,,,,,,,,,,,,,
35715,95,,,,,,,,,,11,21,244113320000242334320000121142400007414342221100243300000000242223410000,,bb40ab64,,,,,,,,47,0,5,bb40ab64,2560,6293,,22214241112442343241134333113242431421234313443414142244444211143124121442211211,AAABCACBBBACCADCDACBBDCDDDBBDACACDBCABADCDBDCCDCBCBCAACCCCCABBBCDBACBABCCAABBABB,AAABACBCBBACACCDADBCBDCDDDBBADACCDBCABADCDBDCCCDBCBCAACCCCACBBBCBDACABBCACABABBB,,,5,6293,,,,,L_T1_GTR___standard,,,,,L_T1_GTR03_33000001/L_T1_GTR03_32100001/R_T1_GTR03_22110001,,,,,12,11,000000000000300000000000330000000007441340000000433112200000443334210000,,b100ab71,,,,,,,,48,0,5,b100ab71,7100,15845,,22214241112442343241134333113242431421234313443414142244444211143131241214422112,AAABCACBBBACCADCDACBBDCDDDBBDACACDBCABADCDBDCCDCBCBCAACCCCCABBBCDBDBACBABCCAABBA,AAABACBCBBACACCDADBCBDCDDDBBADACCDBCABADCDBDCCCDBCBCAACCCCACBBBCBDBDACABBCACABAB,,,5,15845,,,,,,,,,,R_T1_GTR03_31110001,,,
35722,96,,,,,,,,,,11,21,244113320000242334320000121144000007414341100000243300000000242223410000,,bb40ab96,,,,,,,,48,0,6,bb40ab96,3840,10133,,22214241112442343241134333113242431421234313443414142244444211143124121442211211,AAABCACBBBACCADCDACBBDCDDDBBDACACDBCABADCDBDCCDCBCBCAACCCCCABBBCDBACBABCCAABBABB,AAABACBCBBACACCDADBCBDCDDDBBADACCDBCABADCDBDCCCDBCBCAACCCCACBBBCBDACABBCACABABBB,,,6,10133,,,,,L_T1_GTR___standard,,,,,L_T1_GTR03_33000001/L_T1_GTR03_32100001/R_T1_GTR03_22110001,,,,,12,11,000000000000300000000000330000000007441340000000433112200000443334210000,,b100ab71,,,,,,,,48,0,5,b100ab71,7100,15845,,22214241112442343241134333113242431421234313443414142244444211143131241214422112,AAABCACBBBACCADCDACBBDCDDDBBDACACDBCABADCDBDCCDCBCBCAACCCCCABBBCDBDBACBABCCAABBA,AAABACBCBBACACCDADBCBDCDDDBBADACCDBCABADCDBDCCCDBCBCAACCCCACBBBCBDBDACABBCACABAB,,,5,15845,,,,,,,,,,R_T1_GTR03_31110001,,,
35802,98,,,,,,,,,,11,21,244113320000242333200000121100000007414311000000243300000000242223410000,,bb50a130,,,,,,,,49,0,7,bb50a130,6500,16633,,22214241112442343241134333113242431421234313443414142244444211143124121442211211,AAABCACBBBACCADCDACBBDCDDDBBDACACDBCABADCDBDCCDCBCBCAACCCCCABBBCDBACBABCCAABBABB,AAABACBCBBACACCDADBCBDCDDDBBADACCDBCABADCDBDCCCDBCBCAACCCCACBBBCBDACABBCACABABBB,,,7,16633,,,,,L_T1_GTR___standard,,,,,L_T1_GTR03_33000001/L_T1_GTR03_32100001/R_T1_GTR03_22110001,,,,,12,11,000000000000300000000000330000000007134000000000112200000000421000000000,,bb40ab96,,,,,,,,49,0,6,bb40ab96,3840,19685,,22214241112442343241134333113242431421234313443414142244444211143131241214422112,AAABCACBBBACCADCDACBBDCDDDBBDACACDBCABADCDBDCCDCBCBCAACCCCCABBBCDBDBACBABCCAABBA,AAABACBCBBACACCDADBCBDCDDDBBADACCDBCABADCDBDCCCDBCBCAACCCCACBBBCBDBDACABBCACABAB,,,6,19685,,,,,,,,,,,,,
35891,99,,,,,,,,,,11,21,244113320000242333200000121100000007414311000000243300000000242223410000,,bb50a130,,,,,,,,49,0,7,bb50a130,6500,16633,,22214241112442343241134333113242431421234313443414142244444211143124121442211211,AAABCACBBBACCADCDACBBDCDDDBBDACACDBCABADCDBDCCDCBCBCAACCCCCABBBCDBACBABCCAABBABB,AAABACBCBBACACCDADBCBDCDDDBBADACCDBCABADCDBDCCCDBCBCAACCCCACBBBCBDACABBCACABABBB,,,7,16633,,,,,L_T1_GTR___standard,,,,,L_T1_GTR03_33000001/L_T1_GTR03_32100001/R_T1_GTR03_22110001,,,,12,11,21,000000000000000000000000000000000007140000000000112200000000421000000000,,00019694,,,,,,,,50,1,0,9,9,19694,,2221424111244234324113433311324243142123431344341414224444421114313124121442211211,AAABCACBBBACCADCDACBBDCDDDBBDACACDBCABADCDBDCCDCBCBCAACCCCCABBBCDBDBACBABCCAABBABB,AAABACBCBBACACCDADBCBDCDDDBBADACCDBCABADCDBDCCCDBCBCAACCCCACBBBCBDBDACABBCACABABBB,,,6,19694,,,,,,,,,,,,,
35936,100,,,,,,,,,,11,21,244113320000242333200000121100000007414311000000243300000000242223410000,,bb50a130,,,,,,,,49,0,7,bb50a130,6500,16633,,22214241112442343241134333113242431421234313443414142244444211143124121442211211,AAABCACBBBACCADCDACBBDCDDDBBDACACDBCABADCDBDCCDCBCBCAACCCCCABBBCDBACBABCCAABBABB,AAABACBCBBACACCDADBCBDCDDDBBADACCDBCABADCDBDCCCDBCBCAACCCCACBBBCBDACABBCACABABBB,,,7,16633,,,,,L_T1_GTR___standard,,,,,L_T1_GTR03_33000001/L_T1_GTR03_32100001/R_T1_GTR03_22110001,,,,11,21,24,000000000000000000000000000000000007140000000000112221000000421000000000,,00019702,,,,,,,,51,2,0,8,8,19702,,222142411124423432411343331132424314212343134434141422444442111431312412144221121121,AAABCACBBBACCADCDACBBDCDDDBBDACACDBCABADCDBDCCDCBCBCAACCCCCABBBCDBDBACBABCCAABBABBAB,AAABACBCBBACACCDADBCBDCDDDBBADACCDBCABADCDBDCCCDBCBCAACCCCACBBBCBDBDACABBCACABABBBAB,,,6,19702,,,,,,,,,,,,,
35978,101,,,,,,,,,11,21,24,244112666660242266666000121166666007414311666660243366666000242223416666,,00016634,,,,,,,,50,1,0,1,1,16634,,2221424111244234324113433311324243142123431344341414224444421114312412144221121121,AAABCACBBBACCADCDACBBDCDDDBBDACACDBCABADCDBDCCDCBCBCAACCCCCABBBCDBACBABCCAABBABBAB,AAABACBCBBACACCDADBCBDCDDDBBADACCDBCABADCDBDCCCDBCBCAACCCCACBBBCBDACABBCACABABBBAB,,,7,16634,,,,,,,,,,L_T1_GTR03_32100001/R_T1_GTR03_22110001,,,,11,21,24,000000000000000000000000000000000007140000000000112221000000421000000000,,00019702,,,,,,,,51,2,0,8,8,19702,,222142411124423432411343331132424314212343134434141422444442111431312412144221121121,AAABCACBBBACCADCDACBBDCDDDBBDACACDBCABADCDBDCCDCBCBCAACCCCCABBBCDBDBACBABCCAABBABBAB,AAABACBCBBACACCDADBCBDCDDDBBADACCDBCABADCDBDCCCDBCBCAACCCCACBBBCBDBDACABBCACABABBBAB,,,6,19702,,,,,,,,,,,,,
35983,102,,,,,,,,,11,21,24,244112666660242266666000121166666007414311666660243366666000242223416666,,00016634,,,,,,,,50,1,0,1,1,16634,,2221424111244234324113433311324243142123431344341414224444421114312412144221121121,AAABCACBBBACCADCDACBBDCDDDBBDACACDBCABADCDBDCCDCBCBCAACCCCCABBBCDBACBABCCAABBABBAB,AAABACBCBBACACCDADBCBDCDDDBBADACCDBCABADCDBDCCCDBCBCAACCCCACBBBCBDACABBCACABABBBAB,,,7,16634,,,,,,,,,,L_T1_GTR03_32100001/R_T1_GTR03_22110001,,,,21,24,32,000000000000000000000000000000000007140000000000112221000000421110000000,,00019711,,,,,,,,52,3,0,9,9,19711,,22214241112442343241134333113242431421234313443414142244444211143131241214422112112124,AAABCACBBBACCADCDACBBDCDDDBBDACACDBCABADCDBDCCDCBCBCAACCCCCABBBCDBDBACBABCCAABBABBABAC,AAABACBCBBACACCDADBCBDCDDDBBADACCDBCABADCDBDCCCDBCBCAACCCCACBBBCBDBDACABBCACABABBBABAC,,,6,19711,,,,,,,,,,,,,
36045,103,,,,,,,,,,21,24,244112666666242266666660121166666116414311666666243366666660242223416666,,00016637,,,,,lose,,,51,1,0,3,3,16637,,2221424111244234324113433311324243142123431344341414224444421114312412144221121121,AAABCACBBBACCADCDACBBDCDDDBBDACACDBCABADCDBDCCDCBCBCAACCCCCABBBCDBACBABCCAABBABBAB,AAABACBCBBACACCDADBCBDCDDDBBADACCDBCABADCDBDCCCDBCBCAACCCCACBBBCBDACABBCACABABBBAB,,,7,16637,,,,,,,,,,L_T1_GTR03_32100001/R_T1_GTR03_22110001,,,,21,24,32,000000000000000000000000000000000007140000000000112221000000421110000000,,00019711,,,,,,,,52,3,0,9,9,19711,,22214241112442343241134333113242431421234313443414142244444211143131241214422112112124,AAABCACBBBACCADCDACBBDCDDDBBDACACDBCABADCDBDCCDCBCBCAACCCCCABBBCDBDBACBABCCAABBABBABAC,AAABACBCBBACACCDADBCBDCDDDBBADACCDBCABADCDBDCCCDBCBCAACCCCACBBBCBDBDACABBCACABABBBABAC,,,6,19711,,,,,,,,,,,,,
36052,103,,,,,,,,,,21,24,244112666666242266666660121166666116414311666666243366666660242223416666,,00016637,,,,,lose,,,51,1,0,3,3,16637,,2221424111244234324113433311324243142123431344341414224444421114312412144221121121,AAABCACBBBACCADCDACBBDCDDDBBDACACDBCABADCDBDCCDCBCBCAACCCCCABBBCDBACBABCCAABBABBAB,AAABACBCBBACACCDADBCBDCDDDBBADACCDBCABADCDBDCCCDBCBCAACCCCACBBBCBDACABBCACABABBBAB,,,7,16637,,,,,,,,,,L_T1_GTR03_32100001/R_T1_GTR03_22110001,,,,,24,32,000000000000000000000000210000000007140000000000112221000000421110000000,,00019723,,,,,win,,,53,3,0,12,12,19723,,22214241112442343241134333113242431421234313443414142244444211143131241214422112112124,AAABCACBBBACCADCDACBBDCDDDBBDACACDBCABADCDBDCCDCBCBCAACCCCCABBBCDBDBACBABCCAABBABBABAC,AAABACBCBBACACCDADBCBDCDDDBBADACCDBCABADCDBDCCCDBCBCAACCCCACBBBCBDBDACABBCACABABBBABAC,,,6,19723,,,,,,,,,,,,,
