7860,0,,,,,,,,,,13,53,000000000000000000000000000000000007000000000000000000000000000000000000,000000,00000000,,,,,,,,0,0,0,0,0,0,,13,AB,AB,,,0,0,,,,,,,,,,,,,,,13,53,000000000000000000000000000000000007000000000000000000000000000000000000,000000,00000000,,,,,,,,0,0,0,0,0,0,,13,AB,AB,,,0,0,,,,,,,,,,,,,
8010,2,,,,,,,,,13,53,13,000000000000000000000000000000000007000000000000000000000000000000000000,,00000000,,,,,,,,1,1,0,0,0,0,,1353,BACA,ABAC,,,0,0,,,,,,,,,,,,,,13,53,13,000000000000000000000000000000000007000000000000000000000000000000000000,,00000000,,,,,,,,1,1,0,0,0,0,,1353,BACA,ABAC,,,0,0,,,,,,,,,,,,,
8059,4,,,,,,,,,53,13,52,310000000000000000000000000000000007000000000000000000000000000000000000,,00000012,,,,,,,,2,2,0,12,12,12,,135313,BACABA,ABACAB,,,0,12,,,,,,,,,,,,,,53,13,52,000000000000300000000000100000000007000000000000000000000000000000000000,,00000013,,,,,,,,2,2,0,13,13,13,,135313,BACABA,ABACAB,,,0,13,,,,,,,,,,,,,
8108,5,,,,,,,,,53,13,52,310000000000000000000000000000000007000000000000000000000000000000000000,,00000012,,,,,,,,2,2,0,12,12,12,,135313,BACABA,ABACAB,,,0,12,,,,,,,,,,,,,,13,52,31,350000000000300000000000100000000007000000000000000000000000000000000000,,00000024,,,,,,,,3,3,0,11,11,24,,13531352,BACABACD,ABACABCD,,,0,24,,,,,,,,,,,,,
8110,6,,,,,,,,,13,52,31,310000000000300000000000500000000007000000000000000000000000000000000000,,00000025,,,,,,,,3,3,0,13,13,25,,13531352,BACABACD,ABACABCD,,,0,25,,,,,,,,,,,,,,13,52,31,350000000000300000000000100000000007000000000000000000000000000000000000,,00000024,,,,,,,,3,3,0,11,11,24,,13531352,BACABACD,ABACABCD,,,0,24,,,,,,,,,,,,,
8154,7,,,,,,,,,13,52,31,310000000000300000000000500000000007000000000000000000000000000000000000,,00000025,,,,,,,,3,3,0,13,13,25,,13531352,BACABACD,ABACABCD,,,0,25,,,,,,,,,,,,,,52,31,51,350000000000300000000000131000000007000000000000000000000000000000000000,,00000035,,,,,,,,4,4,0,11,11,35,,1353135231,BACABACDAB,ABACABCDAB,,,0,35,,,,,,,,,,L_T1_GTR03_31110001,,,
8160,8,,,,,,,,,52,31,51,310000000000310000000000530000000007000000000000000000000000000000000000,,00000037,,,,,,,,4,4,0,12,12,37,,1353135231,BACABACDAB,ABACABCDAB,,,0,37,,,,,,,,,,,,,,52,31,51,350000000000300000000000131000000007000000000000000000000000000000000000,,00000035,,,,,,,,4,4,0,11,11,35,,1353135231,BACABACDAB,ABACABCDAB,,,0,35,,,,,,,,,,L_T1_GTR03_31110001,,,
8204,9,,,,,,,,,52,31,51,310000000000310000000000530000000007000000000000000000000000000000000000,,00000037,,,,,,,,4,4,0,12,12,37,,1353135231,BACABACDAB,ABACABCDAB,,,0,37,,,,,,,,,,,,,,31,51,33,355200000000300000000000131000000007000000000000000000000000000000000000,,00000046,,,,,,,,5,5,0,11,11,46,,135313523151,BACABACDABCB,ABACABCDABBC,,,0,46,,,,,,,,,,L_T1_GTR03_22110002,,,
8210,10,,,,,,,,,31,51,33,310000000000310000000000530000000007250000000000000000000000000000000000,,00000049,,,,,,,,5,5,0,12,12,49,,135313523151,BACABACDABCB,ABACABCDABBC,,,0,49,,,,,,,,,,L_T1_GTR03_32100001/L_T1_GTR03_22110001,,,,31,51,33,355200000000300000000000131000000007000000000000000000000000000000000000,,00000046,,,,,,,,5,5,0,11,11,46,,135313523151,BACABACDABCB,ABACABCDABBC,,,0,46,,,,,,,,,,L_T1_GTR03_22110002,,,
8256,12,,,,,,,,,51,33,12,311000000000313000000000530000000007250000000000000000000000000000000000,,00000060,,,,,,,,6,6,0,11,11,60,,13531352315133,BACABACDABCBAA,ABACABCDABBCAA,,,0,60,,,,,L_T1_GTR___standard,,,,,L_T1_GTR03_33000001/L_T1_GTR03_32100001,,,,51,33,12,355200000000300000000000131000000007310000000000000000000000000000000000,,00000059,,,,,,,,6,6,0,13,13,59,,13531352315133,BACABACDABCBAA,ABACABCDABBCAA,,,0,59,,,,,,,,,,L_T1_GTR03_32100001/L_T1_GTR03_22110002,,,
8302,13,,,,,,,,,33,12,51,311000000000313000000000535100000007250000000000000000000000000000000000,,00000071,,,,,,,,7,7,0,11,11,71,,1353135231513312,BACABACDABCBAABD,ABACABCDABBCAABD,,,0,71,,,,,L_T1_GTR___standard,,,,,L_T1_GTR03_33000001/L_T1_GTR03_32100001,,,,51,33,12,355200000000300000000000131000000007310000000000000000000000000000000000,,00000059,,,,,,,,6,6,0,13,13,59,,13531352315133,BACABACDABCBAA,ABACABCDABBCAA,,,0,59,,,,,,,,,,L_T1_GTR03_32100001/L_T1_GTR03_22110002,,,
8326,14,,,,,,,,,33,12,51,311000000000313000000000535100000007250000000000000000000000000000000000,,00000071,,,,,,,,7,7,0,11,11,71,,1353135231513312,BACABACDABCBAABD,ABACABCDABBCAABD,,,0,71,,,,,L_T1_GTR___standard,,,,,L_T1_GTR03_33000001/L_T1_GTR03_32100001,,,,33,12,51,355200000000350000000000131100000007310000000000000000000000000000000000,,00000069,,,,,,,,7,7,0,10,10,69,,1353135231513312,BACABACDABCBAABD,ABACABCDABBCAABD,,,0,69,,,,,,,,,,L_T1_GTR03_32100001,,,
8358,15,,,,,,,,,12,51,55,311000000000313000000000535100000007250000000000300000000000300000000000,,00000084,,,,,,,,8,8,0,13,13,84,,135313523151331251,BACABACDABCBAABDCB,ABACABCDABBCAABDBC,,,0,84,,,,,L_T1_GTR___standard,,,,,L_T1_GTR03_33000001/L_T1_GTR03_32100001,,,,33,12,51,355200000000350000000000131100000007310000000000000000000000000000000000,,00000069,,,,,,,,7,7,0,10,10,69,,1353135231513312,BACABACDABCBAABD,ABACABCDABBCAABD,,,0,69,,,,,,,,,,L_T1_GTR03_32100001,,,
8372,16,,,,,,,,,12,51,55,311000000000313000000000535100000007250000000000300000000000300000000000,,00000084,,,,,,,,8,8,0,13,13,84,,135313523151331251,BACABACDABCBAABDCB,ABACABCDABBCAABDBC,,,0,84,,,,,L_T1_GTR___standard,,,,,L_T1_GTR03_33000001/L_T1_GTR03_32100001,,,,12,51,55,355200000000350000000000131100000007313300000000000000000000000000000000,,00000079,,,,,,,,8,8,0,10,10,79,,135313523151331251,BACABACDABCBAABDCB,ABACABCDABBCAABDBC,,,0,79,,,,,,,,,,L_T1_GTR03_32100001,,,
8404,17,,,,,,,,,51,55,13,311210000000313000000000535100000007250000000000300000000000300000000000,,00000093,,,,,,,,9,9,0,9,9,93,,13531352315133125155,BACABACDABCBAABDCBCC,ABACABCDABBCAABDBCCC,,,0,93,,,,,L_T1_GTR___standard,,,,,L_T1_GTR03_33000001/L_T1_GTR03_32100001,,,,12,51,55,355200000000350000000000131100000007313300000000000000000000000000000000,,00000079,,,,,,,,8,8,0,10,10,79,,135313523151331251,BACABACDABCBAABDCB,ABACABCDABBCAABDBC,,,0,79,,,,,,,,,,L_T1_GTR03_32100001,,,
8416,18,,,,,,,,,51,55,13,311210000000313000000000535100000007250000000000300000000000300000000000,,00000093,,,,,,,,9,9,0,9,9,93,,13531352315133125155,BACABACDABCBAABDCBCC,ABACABCDABBCAABDBCCC,,,0,93,,,,,L_T1_GTR___standard,,,,,L_T1_GTR03_33000001/L_T1_GTR03_32100001,,,,51,55,13,355221000000350000000000131100000007313300000000000000000000000000000000,,00000087,,,,,,,,9,9,0,8,8,87,,13531352315133125155,BACABACDABCBAABDCBCC,ABACABCDABBCAABDBCCC,,,0,87,,,,,,,,,,L_T1_GTR03_32100001,,,
8448,19,,,,,,,,,55,13,13,311211500000313000000000535100000007250000000000300000000000300000000000,,00000100,,,,,,,,10,10,0,7,7,100,,1353135231513312515513,BACABACDABCBAABDCBCCBA,ABACABCDABBCAABDBCCCAB,,,0,100,,,,,L_T1_GTR___standard,,,,,L_T1_GTR03_33000001/L_T1_GTR03_32100001,,,,51,55,13,355221000000350000000000131100000007313300000000000000000000000000000000,,00000087,,,,,,,,9,9,0,8,8,87,,13531352315133125155,BACABACDABCBAABDCBCC,ABACABCDABBCAABDBCCC,,,0,87,,,,,,,,,,L_T1_GTR03_32100001,,,
8470,20,,,,,,,,,55,13,13,311211500000313000000000535100000007250000000000300000000000300000000000,,00000100,,,,,,,,10,10,0,7,7,100,,1353135231513312515513,BACABACDABCBAABDCBCCBA,ABACABCDABBCAABDBCCCAB,,,0,100,,,,,L_T1_GTR___standard,,,,,L_T1_GTR03_33000001/L_T1_GTR03_32100001,,,,55,13,13,355221000000350000000000131100000007313300000000500000000000100000000000,,00000100,,,,,,,,10,10,0,13,13,100,,1353135231513312515513,BACABACDABCBAABDCBCCBA,ABACABCDABBCAABDBCCCAB,,,0,100,,,,,,,,,,L_T1_GTR03_32100001,,,
8502,21,,,,,,,,,13,13,15,311211500000313000000000535100000007250000000000350000000000350000000000,,00000112,,,,,,,,11,11,0,12,12,112,,135313523151331251551313,BACABACDABCBAABDCBCCBABA,ABACABCDABBCAABDBCCCABAB,,,0,112,,,,,L_T1_GTR___standard,,,,,L_T1_GTR03_33000001,,,,55,13,13,355221000000350000000000131100000007313300000000500000000000100000000000,,00000100,,,,,,,,10,10,0,13,13,100,,1353135231513312515513,BACABACDABCBAABDCBCCBA,ABACABCDABBCAABDBCCCAB,,,0,100,,,,,,,,,,L_T1_GTR03_32100001,,,
8522,22,,,,,,,,,13,13,15,311211500000313000000000535100000007250000000000350000000000350000000000,,00000112,,,,,,,,11,11,0,12,12,112,,135313523151331251551313,BACABACDABCBAABDCBCCBABA,ABACABCDABBCAABDBCCCABAB,,,0,112,,,,,L_T1_GTR___standard,,,,,L_T1_GTR03_33000001,,,,13,13,15,355221000000350000000000131100000007313300000000550000000000150000000000,,00000112,,,,,,,,11,11,0,12,12,112,,135313523151331251551313,BACABACDABCBAABDCBCCBABA,ABACABCDABBCAABDBCCCABAB,,,0,112,,,,,,,,,,L_T1_GTR03_32100001,,,
8552,23,,,,,,,,,13,15,11,311211500000313000000000535100000007250000000000350000000000353100000000,,00000122,,,,,,,,12,12,0,10,10,122,,13531352315133125155131315,BACABACDABCBAABDCBCCBABABC,ABACABCDABBCAABDBCCCABABBC,,,0,122,,,,,L_T1_GTR___standard,,,,,L_T1_GTR03_33000001,,,,13,13,15,355221000000350000000000131100000007313300000000550000000000150000000000,,00000112,,,,,,,,11,11,0,12,12,112,,135313523151331251551313,BACABACDABCBAABDCBCCBABA,ABACABCDABBCAABDBCCCABAB,,,0,112,,,,,,,,,,L_T1_GTR03_32100001,,,
8574,24,,,,,,,,,13,15,11,311211500000313000000000535100000007250000000000350000000000353100000000,,00000122,,,,,,,,12,12,0,10,10,122,,13531352315133125155131315,BACABACDABCBAABDCBCCBABABC,ABACABCDABBCAABDBCCCABABBC,,,0,122,,,,,L_T1_GTR___standard,,,,,L_T1_GTR03_33000001,,,,13,15,11,355221000000350000000000131100000007313300000000553000000000151000000000,,00000123,,,,,,,,12,12,0,11,11,123,,13531352315133125155131315,BACABACDABCBAABDCBCCBABABC,ABACABCDABBCAABDBCCCABABBC,,,0,123,,,,,,,,,,L_T1_GTR03_32100001,,,
8601,25,,,,,,,,,15,11,25,311211500000313000000000535100000007250000000000353100000000353100000000,,00000132,,,,,,,,13,13,0,10,10,132,,1353135231513312515513131511,BACABACDABCBAABDCBCCBABABCBB,ABACABCDABBCAABDBCCCABABBCBB,,,0,132,,,,,L_T1_GTR___standard,,,,,L_T1_GTR03_33000001,,,,13,15,11,355221000000350000000000131100000007313300000000553000000000151000000000,,00000123,,,,,,,,12,12,0,11,11,123,,13531352315133125155131315,BACABACDABCBAABDCBCCBABABC,ABACABCDABBCAABDBCCCABABBC,,,0,123,,,,,,,,,,L_T1_GTR03_32100001,,,
8640,26,,,,,,,,,11,25,33,311211551000313000000000535100000007250000000000353100000000353100000000,,00000137,,,,,,,,14,14,0,5,5,137,,135313523151331251551313151125,BACABACDABCBAABDCBCCBABABCBBDC,ABACABCDABBCAABDBCCCABABBCBBCD,,,0,137,,,,,L_T1_GTR___standard,,,,,L_T1_GTR03_33000001,,,,13,15,11,355221000000350000000000131100000007313300000000553000000000151000000000,,00000123,,,,,,,,12,12,0,11,11,123,,13531352315133125155131315,BACABACDABCBAABDCBCCBABABC,ABACABCDABBCAABDBCCCABABBC,,,0,123,,,,,,,,,,L_T1_GTR03_32100001,,,
8646,27,,,,,,,,,11,25,33,311211551000313000000000535100000007250000000000353100000000353100000000,,00000137,,,,,,,,14,14,0,5,5,137,,135313523151331251551313151125,BACABACDABCBAABDCBCCBABABCBBDC,ABACABCDABBCAABDBCCCABABBCBBCD,,,0,137,,,,,L_T1_GTR___standard,,,,,L_T1_GTR03_33000001,,,,15,11,25,355221100000353000000000131100000007313300000000553000000000151000000000,,00000130,,,,,,,,13,13,0,7,7,130,,1353135231513312515513131511,BACABACDABCBAABDCBCCBABABCBB,ABACABCDABBCAABDBCCCABABBCBB,,,0,130,,,,,L_T1_GTR___standard,,,,,L_T1_GTR03_33000001/L_T1_GTR03_32100001,,,
8674,28,,,,,,,,,25,33,13,311211551110313000000000535100000007250000000000353100000000353100000000,,00000140,,,,,,,,15,15,0,3,3,140,,13531352315133125155131315112533,BACABACDABCBAABDCBCCBABABCBBDCAA,ABACABCDABBCAABDBCCCABABBCBBCDAA,,,0,140,,,,,L_T1_GTR___standard,,,,,L_T1_GTR03_33000001,,,,15,11,25,355221100000353000000000131100000007313300000000553000000000151000000000,,00000130,,,,,,,,13,13,0,7,7,130,,1353135231513312515513131511,BACABACDABCBAABDCBCCBABABCBB,ABACABCDABBCAABDBCCCABABBCBB,,,0,130,,,,,L_T1_GTR___standard,,,,,L_T1_GTR03_33000001/L_T1_GTR03_32100001,,,
8710,29,,,,,,,,,25,33,13,311211551110313000000000535100000007250000000000353100000000353100000000,,00000140,,,,,,,,15,15,0,3,3,140,,13531352315133125155131315112533,BACABACDABCBAABDCBCCBABABCBBDCAA,ABACABCDABBCAABDBCCCABABBCBBCDAA,,,0,140,,,,,L_T1_GTR___standard,,,,,L_T1_GTR03_33000001,,,,11,25,33,355221100000353000000000131100000007313310000000553500000000151000000000,,00000139,,,,,,,,14,14,0,9,9,139,,135313523151331251551313151125,BACABACDABCBAABDCBCCBABABCBBDC,ABACABCDABBCAABDBCCCABABBCBBCD,,,0,139,,,,,L_T1_GTR___standard,,,,,L_T1_GTR03_33000001/L_T1_GTR03_32100001,,,
8721,30,,,,,,,,,33,13,22,311211551110313250000000535100000007250000000000353100000000353100000000,,00000150,,,,,,,,16,16,0,10,10,150,,1353135231513312515513131511253313,BACABACDABCBAABDCBCCBABABCBBDCAABA,ABACABCDABBCAABDBCCCABABBCBBCDAAAB,,,0,150,,,,,L_T1_GTR___standard,,,,,L_T1_GTR03_33000001,,,,11,25,33,355221100000353000000000131100000007313310000000553500000000151000000000,,00000139,,,,,,,,14,14,0,9,9,139,,135313523151331251551313151125,BACABACDABCBAABDCBCCBABABCBBDC,ABACABCDABBCAABDBCCCABABBCBBCD,,,0,139,,,,,L_T1_GTR___standard,,,,,L_T1_GTR03_33000001/L_T1_GTR03_32100001,,,
8758,31,,,,,,,,,33,13,22,311211551110313250000000535100000007250000000000353100000000353100000000,,00000150,,,,,,,,16,16,0,10,10,150,,1353135231513312515513131511253313,BACABACDABCBAABDCBCCBABABCBBDCAABA,ABACABCDABBCAABDBCCCABABBCBBCDAAAB,,,0,150,,,,,L_T1_GTR___standard,,,,,L_T1_GTR03_33000001,,,,25,33,13,355221100000353000000000131100000007313310000000553500000000151110000000,,00000148,,,,,,,,15,15,0,9,9,148,,13531352315133125155131315112533,BACABACDABCBAABDCBCCBABABCBBDCAA,ABACABCDABBCAABDBCCCABABBCBBCDAA,,,0,148,,,,,L_T1_GTR___standard,,,,,L_T1_GTR03_33000001/L_T1_GTR03_32100001,,,
8762,32,,,,,,,,,13,22,52,311211551110313250000000535133000007250000000000353100000000353100000000,,00000158,,,,,,,,17,17,0,8,8,158,,135313523151331251551313151125331322,BACABACDABCBAABDCBCCBABABCBBDCAABADD,ABACABCDABBCAABDBCCCABABBCBBCDAAABDD,,,0,158,,,,,L_T1_GTR___standard,,,,,L_T1_GTR03_33000001,,,,25,33,13,355221100000353000000000131100000007313310000000553500000000151110000000,,00000148,,,,,,,,15,15,0,9,9,148,,13531352315133125155131315112533,BACABACDABCBAABDCBCCBABABCBBDCAA,ABACABCDABBCAABDBCCCABABBCBBCDAA,,,0,148,,,,,L_T1_GTR___standard,,,,,L_T1_GTR03_33000001/L_T1_GTR03_32100001,,,
8804,33,,,,,,,,,22,52,11,311211551110313251300000535133000007250000000000353100000000353100000000,,00000166,,,,,,,,18,18,0,8,8,166,,13531352315133125155131315112533132252,BACABACDABCBAABDCBCCBABABCBBDCAABADDCD,ABACABCDABBCAABDBCCCABABBCBBCDAAABDDCD,,,0,166,,,,,L_T1_GTR___standard,,,,,L_T1_GTR03_33000001,,,,25,33,13,355221100000353000000000131100000007313310000000553500000000151110000000,,00000148,,,,,,,,15,15,0,9,9,148,,13531352315133125155131315112533,BACABACDABCBAABDCBCCBABABCBBDCAA,ABACABCDABBCAABDBCCCABABBCBBCDAA,,,0,148,,,,,L_T1_GTR___standard,,,,,L_T1_GTR03_33000001/L_T1_GTR03_32100001,,,
8820,34,,,,,,,,,22,52,11,311211551110313251300000535133000007250000000000353100000000353100000000,,00000166,,,,,,,,18,18,0,8,8,166,,13531352315133125155131315112533132252,BACABACDABCBAABDCBCCBABABCBBDCAABADDCD,ABACABCDABBCAABDBCCCABABBCBBCDAAABDDCD,,,0,166,,,,,L_T1_GTR___standard,,,,,L_T1_GTR03_33000001,,,,33,13,22,355221100000353200000000131150000007313310000000553500000000151110000000,,00000157,,,,,,,,16,16,0,9,9,157,,1353135231513312515513131511253313,BACABACDABCBAABDCBCCBABABCBBDCAABA,ABACABCDABBCAABDBCCCABABBCBBCDAAAB,,,0,157,,,,,L_T1_GTR___standard,,,,,L_T1_GTR03_33000001/L_T1_GTR03_32100001,,,
8849,35,,,,,,,,,52,11,33,311211551110313251300000535133000007252200000000353100000000353100000000,,00000176,,,,,,,,19,19,0,10,10,176,,1353135231513312515513131511253313225211,BACABACDABCBAABDCBCCBABABCBBDCAABADDCDBB,ABACABCDABBCAABDBCCCABABBCBBCDAAABDDCDBB,,,0,176,,,,,L_T1_GTR___standard,,,,,L_T1_GTR03_33000001,,,,33,13,22,355221100000353200000000131150000007313310000000553500000000151110000000,,00000157,,,,,,,,16,16,0,9,9,157,,1353135231513312515513131511253313,BACABACDABCBAABDCBCCBABABCBBDCAABA,ABACABCDABBCAABDBCCCABABBCBBCDAAAB,,,0,157,,,,,L_T1_GTR___standard,,,,,L_T1_GTR03_33000001/L_T1_GTR03_32100001,,,
8862,36,,,,,,,,,52,11,33,311211551110313251300000535133000007252200000000353100000000353100000000,,00000176,,,,,,,,19,19,0,10,10,176,,1353135231513312515513131511253313225211,BACABACDABCBAABDCBCCBABABCBBDCAABADDCDBB,ABACABCDABBCAABDBCCCABABBCBBCDAAABDDCDBB,,,0,176,,,,,L_T1_GTR___standard,,,,,L_T1_GTR03_33000001,,,,13,22,52,355221100000353233000000131150000007313310000000553500000000151110000000,,00000165,,,,,,,,17,17,0,8,8,165,,135313523151331251551313151125331322,BACABACDABCBAABDCBCCBABABCBBDCAABADD,ABACABCDABBCAABDBCCCABABBCBBCDAAABDD,,,0,165,,,,,L_T1_GTR___standard,,,,,L_T1_GTR03_33000001/L_T1_GTR03_32100001,,,
8894,37,,,,,,,,,11,33,53,311211551110313251300000535133000007252250000000353120000000353100000000,,00000185,,,,,,,,20,20,0,9,9,185,,135313523151331251551313151125331322521133,BACABACDABCBAABDCBCCBABABCBBDCAABADDCDBBAA,ABACABCDABBCAABDBCCCABABBCBBCDAAABDDCDBBAA,,,0,185,,,,,L_T1_GTR___standard,,,,,L_T1_GTR03_33000001,,,,13,22,52,355221100000353233000000131150000007313310000000553500000000151110000000,,00000165,,,,,,,,17,17,0,8,8,165,,135313523151331251551313151125331322,BACABACDABCBAABDCBCCBABABCBBDCAABADD,ABACABCDABBCAABDBCCCABABBCBBCDAAABDD,,,0,165,,,,,L_T1_GTR___standard,,,,,L_T1_GTR03_33000001/L_T1_GTR03_32100001,,,
8922,38,,,,,,,,,11,33,53,311211551110313251300000535133000007252250000000353120000000353100000000,,00000185,,,,,,,,20,20,0,9,9,185,,135313523151331251551313151125331322521133,BACABACDABCBAABDCBCCBABABCBBDCAABADDCDBBAA,ABACABCDABBCAABDBCCCABABBCBBCDAAABDDCDBBAA,,,0,185,,,,,L_T1_GTR___standard,,,,,L_T1_GTR03_33000001,,,,22,52,11,355221130000353233100000131150000007313310000000553500000000151110000000,,00000171,,,,,,,,18,18,0,6,6,171,,13531352315133125155131315112533132252,BACABACDABCBAABDCBCCBABABCBBDCAABADDCD,ABACABCDABBCAABDBCCCABABBCBBCDAAABDDCD,,,0,171,,,,,L_T1_GTR___standard,,,,,L_T1_GTR03_33000001/L_T1_GTR03_32100001,,,
8956,39,,,,,,,,,33,53,11,311211551110313251300000535133000007252250000000353121000000353110000000,,00000193,,,,,,,,21,21,0,8,8,193,,13531352315133125155131315112533132252113353,BACABACDABCBAABDCBCCBABABCBBDCAABADDCDBBAACA,ABACABCDABBCAABDBCCCABABBCBBCDAAABDDCDBBAAAC,,,0,193,,,,,L_T1_GTR___standard,,,,,L_T1_GTR03_33000001,,,,22,52,11,355221130000353233100000131150000007313310000000553500000000151110000000,,00000171,,,,,,,,18,18,0,6,6,171,,13531352315133125155131315112533132252,BACABACDABCBAABDCBCCBABABCBBDCAABADDCD,ABACABCDABBCAABDBCCCABABBCBBCDAAABDDCD,,,0,171,,,,,L_T1_GTR___standard,,,,,L_T1_GTR03_33000001/L_T1_GTR03_32100001,,,
8959,40,,,,,,,,,33,53,11,311211551110313251300000535133000007252250000000353121000000353110000000,,00000193,,,,,,,,21,21,0,8,8,193,,13531352315133125155131315112533132252113353,BACABACDABCBAABDCBCCBABABCBBDCAABADDCDBBAACA,ABACABCDABBCAABDBCCCABABBCBBCDAAABDDCDBBAAAC,,,0,193,,,,,L_T1_GTR___standard,,,,,L_T1_GTR03_33000001,,,,52,11,33,355221130000353233100000131152200007313310000000553500000000151110000000,,00000178,,,,,,,,19,19,0,7,7,178,,1353135231513312515513131511253313225211,BACABACDABCBAABDCBCCBABABCBBDCAABADDCDBB,ABACABCDABBCAABDBCCCABABBCBBCDAAABDDCDBB,,,0,178,,,,,L_T1_GTR___standard,,,,,L_T1_GTR03_33000001/L_T1_GTR03_32100001,,,
8997,41,,,,,,,,,33,53,11,311211551110313251300000535133000007252250000000353121000000353110000000,,00000193,,,,,,,,21,21,0,8,8,193,,13531352315133125155131315112533132252113353,BACABACDABCBAABDCBCCBABABCBBDCAABADDCDBBAACA,ABACABCDABBCAABDBCCCABABBCBBCDAAABDDCDBBAAAC,,,0,193,,,,,L_T1_GTR___standard,,,,,L_T1_GTR03_33000001,,,,11,33,53,355221130000353233120000131152250007313310000000553500000000151110000000,,00000184,,,,,,,,20,20,0,6,6,184,,135313523151331251551313151125331322521133,BACABACDABCBAABDCBCCBABABCBBDCAABADDCDBBAA,ABACABCDABBCAABDBCCCABABBCBBCDAAABDDCDBBAA,,,0,184,,,,,L_T1_GTR___standard,,,,,L_T1_GTR03_33000001/L_T1_GTR03_32100001,,,
9000,42,,,,,,,,,53,11,25,311211551110313251300000535133000007252250000000353121000000353113300000,,00000200,,,,,,,,22,22,0,7,7,200,,1353135231513312515513131511253313225211335311,BACABACDABCBAABDCBCCBABABCBBDCAABADDCDBBAACABB,ABACABCDABBCAABDBCCCABABBCBBCDAAABDDCDBBAAACBB,,,0,200,,,,,L_T1_GTR___standard,,,,,L_T1_GTR03_33000001,,,,11,33,53,355221130000353233120000131152250007313310000000553500000000151110000000,,00000184,,,,,,,,20,20,0,6,6,184,,135313523151331251551313151125331322521133,BACABACDABCBAABDCBCCBABABCBBDCAABADDCDBBAA,ABACABCDABBCAABDBCCCABABBCBBCDAAABDDCDBBAA,,,0,184,,,,,L_T1_GTR___standard,,,,,L_T1_GTR03_33000001/L_T1_GTR03_32100001,,,
9030,43,,,,,,,,,53,11,25,311211551110313251300000535133000007252250000000353121000000353113300000,,00000200,,,,,,,,22,22,0,7,7,200,,1353135231513312515513131511253313225211335311,BACABACDABCBAABDCBCCBABABCBBDCAABADDCDBBAACABB,ABACABCDABBCAABDBCCCABABBCBBCDAAABDDCDBBAAACBB,,,0,200,,,,,L_T1_GTR___standard,,,,,L_T1_GTR03_33000001,,,,33,53,11,355221130000353233121100131152250007313310000000553500000000151110000000,,00000188,,,,,,,,21,21,0,4,4,188,,13531352315133125155131315112533132252113353,BACABACDABCBAABDCBCCBABABCBBDCAABADDCDBBAACA,ABACABCDABBCAABDBCCCABABBCBBCDAAABDDCDBBAAAC,,,0,188,,,,,L_T1_GTR___standard,,,,,L_T1_GTR03_33000001/L_T1_GTR03_32100001,,,
9059,44,,,,,,,,,11,25,31,311211551110313251300000535133000007252255000000353121300000353113300000,,00000207,,,,,,,,23,23,0,7,7,207,,135313523151331251551313151125331322521133531125,BACABACDABCBAABDCBCCBABABCBBDCAABADDCDBBAACABBDC,ABACABCDABBCAABDBCCCABABBCBBCDAAABDDCDBBAAACBBCD,,,0,207,,,,,L_T1_GTR___standard,,,,,L_T1_GTR03_33000001,,,,33,53,11,355221130000353233121100131152250007313310000000553500000000151110000000,,00000188,,,,,,,,21,21,0,4,4,188,,13531352315133125155131315112533132252113353,BACABACDABCBAABDCBCCBABABCBBDCAABADDCDBBAACA,ABACABCDABBCAABDBCCCABABBCBBCDAAABDDCDBBAAAC,,,0,188,,,,,L_T1_GTR___standard,,,,,L_T1_GTR03_33000001/L_T1_GTR03_32100001,,,
9066,45,,,,,,,,,11,25,31,311211551110313251300000535133000007252255000000353121300000353113300000,,00000207,,,,,,,,23,23,0,7,7,207,,135313523151331251551313151125331322521133531125,BACABACDABCBAABDCBCCBABABCBBDCAABADDCDBBAACABBDC,ABACABCDABBCAABDBCCCABABBCBBCDAAABDDCDBBAAACBBCD,,,0,207,,,,,L_T1_GTR___standard,,,,,L_T1_GTR03_33000001,,,,53,11,25,355221133300353233121100131152250007313310000000553500000000151110000000,,00000192,,,,,,,,22,22,0,4,4,192,,1353135231513312515513131511253313225211335311,BACABACDABCBAABDCBCCBABABCBBDCAABADDCDBBAACABB,ABACABCDABBCAABDBCCCABABBCBBCDAAABDDCDBBAAACBB,,,0,192,,,,,L_T1_GTR___standard,,,,,L_T1_GTR03_33000001/L_T1_GTR03_32100001,,,
9100,46,,,,,,,,,25,31,53,311211551110313251300000535133000007252255000000353121300000353113311000,,00000212,,,,,,,,24,24,0,5,5,212,,13531352315133125155131315112533132252113353112531,BACABACDABCBAABDCBCCBABABCBBDCAABADDCDBBAACABBDCAB,ABACABCDABBCAABDBCCCABABBCBBCDAAABDDCDBBAAACBBCDAB,,,0,212,,,,,L_T1_GTR___standard,,,,,L_T1_GTR03_33000001,,,,53,11,25,355221133300353233121100131152250007313310000000553500000000151110000000,,00000192,,,,,,,,22,22,0,4,4,192,,1353135231513312515513131511253313225211335311,BACABACDABCBAABDCBCCBABABCBBDCAABADDCDBBAACABB,ABACABCDABBCAABDBCCCABABBCBBCDAAABDDCDBBAAACBB,,,0,192,,,,,L_T1_GTR___standard,,,,,L_T1_GTR03_33000001/L_T1_GTR03_32100001,,,
9128,47,,,,,,,,,25,31,53,311211551110313251300000535133000007252255000000353121300000353113311000,,00000212,,,,,,,,24,24,0,5,5,212,,13531352315133125155131315112533132252113353112531,BACABACDABCBAABDCBCCBABABCBBDCAABADDCDBBAACABBDCAB,ABACABCDABBCAABDBCCCABABBCBBCDAAABDDCDBBAAACBBCDAB,,,0,212,,,,,L_T1_GTR___standard,,,,,L_T1_GTR03_33000001,,,,11,25,31,355221133300353233121100131152250007313315000000553530000000151110000000,,00000200,,,,,,,,23,23,0,8,8,200,,135313523151331251551313151125331322521133531125,BACABACDABCBAABDCBCCBABABCBBDCAABADDCDBBAACABBDC,ABACABCDABBCAABDBCCCABABBCBBCDAAABDDCDBBAAACBBCD,,,0,200,,,,,L_T1_GTR___standard,,,,,L_T1_GTR03_33000001/L_T1_GTR03_32100001,,,
9170,48,,,,,,,,,25,31,53,311211551110313251300000535133000007252255000000353121300000353113311000,,00000212,,,,,,,,24,24,0,5,5,212,,13531352315133125155131315112533132252113353112531,BACABACDABCBAABDCBCCBABABCBBDCAABADDCDBBAACABBDCAB,ABACABCDABBCAABDBCCCABABBCBBCDAAABDDCDBBAAACBBCDAB,,,0,212,,,,,L_T1_GTR___standard,,,,,L_T1_GTR03_33000001,,,,25,31,53,355221133300353233121100131152250007313315000000553531100000151110000000,,00000207,,,,,,,,24,24,0,7,7,207,,13531352315133125155131315112533132252113353112531,BACABACDABCBAABDCBCCBABABCBBDCAABADDCDBBAACABBDCAB,ABACABCDABBCAABDBCCCABABBCBBCDAAABDDCDBBAAACBBCDAB,,,0,207,,,,,L_T1_GTR___standard,,,,,L_T1_GTR03_33000001/L_T1_GTR03_32100001,,,
9206,49,,,,,,,,,31,53,23,311211551110313251300000535133000007252255000000353121300000353113311250,,00000213,,,,,,,,25,25,0,1,1,213,,1353135231513312515513131511253313225211335311253153,BACABACDABCBAABDCBCCBABABCBBDCAABADDCDBBAACABBDCABCA,ABACABCDABBCAABDBCCCABABBCBBCDAAABDDCDBBAAACBBCDABAC,,,0,213,,,,,L_T1_GTR___standard,,,,,L_T1_GTR03_33000001,,,,25,31,53,355221133300353233121100131152250007313315000000553531100000151110000000,,00000207,,,,,,,,24,24,0,7,7,207,,13531352315133125155131315112533132252113353112531,BACABACDABCBAABDCBCCBABABCBBDCAABADDCDBBAACABBDCAB,ABACABCDABBCAABDBCCCABABBCBBCDAAABDDCDBBAAACBBCDAB,,,0,207,,,,,L_T1_GTR___standard,,,,,L_T1_GTR03_33000001/L_T1_GTR03_32100001,,,
9227,50,,,,,,,,,31,53,23,311211551110313251300000535133000007252255000000353121300000353113311250,,00000213,,,,,,,,25,25,0,1,1,213,,1353135231513312515513131511253313225211335311253153,BACABACDABCBAABDCBCCBABABCBBDCAABADDCDBBAACABBDCABCA,ABACABCDABBCAABDBCCCABABBCBBCDAAABDDCDBBAAACBBCDABAC,,,0,213,,,,,L_T1_GTR___standard,,,,,L_T1_GTR03_33000001,,,,31,53,23,355221133300353233121100131152252007313315500000553531100000151110000000,,00000212,,,,,,,,25,25,0,5,5,212,,1353135231513312515513131511253313225211335311253153,BACABACDABCBAABDCBCCBABABCBBDCAABADDCDBBAACABBDCABCA,ABACABCDABBCAABDBCCCABABBCBBCDAAABDDCDBBAAACBBCDABAC,,,0,212,,,,,L_T1_GTR___standard,,,,,L_T1_GTR03_33000001/L_T1_GTR03_32100001,,,
9263,51,,,,,,,,,53,23,35,311211551110313251313000535133000007252255000000353121300000353113311250,,00000218,,,,,,,,26,26,0,5,5,218,,135313523151331251551313151125331322521133531125315323,BACABACDABCBAABDCBCCBABABCBBDCAABADDCDBBAACABBDCABCADA,ABACABCDABBCAABDBCCCABABBCBBCDAAABDDCDBBAAACBBCDABACAD,,,0,218,,,,,L_T1_GTR___standard,,,,,L_T1_GTR03_33000001,,,,31,53,23,355221133300353233121100131152252007313315500000553531100000151110000000,,00000212,,,,,,,,25,25,0,5,5,212,,1353135231513312515513131511253313225211335311253153,BACABACDABCBAABDCBCCBABABCBBDCAABADDCDBBAACABBDCABCA,ABACABCDABBCAABDBCCCABABBCBBCDAAABDDCDBBAAACBBCDABAC,,,0,212,,,,,L_T1_GTR___standard,,,,,L_T1_GTR03_33000001/L_T1_GTR03_32100001,,,
9294,52,,,,,,,,,53,23,35,311211551110313251313000535133000007252255000000353121300000353113311250,,00000218,,,,,,,,26,26,0,5,5,218,,135313523151331251551313151125331322521133531125315323,BACABACDABCBAABDCBCCBABABCBBDCAABADDCDBBAACABBDCABCADA,ABACABCDABBCAABDBCCCABABBCBBCDAAABDDCDBBAAACBBCDABACAD,,,0,218,,,,,L_T1_GTR___standard,,,,,L_T1_GTR03_33000001,,,,53,23,35,355221133300353233121100131152252007313315500000553531110000151113000000,,00000218,,,,,,,,26,26,0,6,6,218,,135313523151331251551313151125331322521133531125315323,BACABACDABCBAABDCBCCBABABCBBDCAABADDCDBBAACABBDCABCADA,ABACABCDABBCAABDBCCCABABBCBBCDAAABDDCDBBAAACBBCDABACAD,,,0,218,,,,,L_T1_GTR___standard,,,,,L_T1_GTR03_33000001/L_T1_GTR03_32100001,,,
9300,53,,,,,,,,,23,35,52,311211551110313251313000535133530007252255000000353121300000353113311250,,00000225,,,,,,,,27,27,0,7,7,225,,13531352315133125155131315112533132252113353112531532335,BACABACDABCBAABDCBCCBABABCBBDCAABADDCDBBAACABBDCABCADAAC,ABACABCDABBCAABDBCCCABABBCBBCDAAABDDCDBBAAACBBCDABACADAC,,,0,225,,,,,L_T1_GTR___standard,,,,,L_T1_GTR03_33000001,,,,53,23,35,355221133300353233121100131152252007313315500000553531110000151113000000,,00000218,,,,,,,,26,26,0,6,6,218,,135313523151331251551313151125331322521133531125315323,BACABACDABCBAABDCBCCBABABCBBDCAABADDCDBBAACABBDCABCADA,ABACABCDABBCAABDBCCCABABBCBBCDAAABDDCDBBAAACBBCDABACAD,,,0,218,,,,,L_T1_GTR___standard,,,,,L_T1_GTR03_33000001/L_T1_GTR03_32100001,,,
9343,54,,,,,,,,,23,35,52,311211551110313251313000535133530007252255000000353121300000353113311250,,00000225,,,,,,,,27,27,0,7,7,225,,13531352315133125155131315112533132252113353112531532335,BACABACDABCBAABDCBCCBABABCBBDCAABADDCDBBAACABBDCABCADAAC,ABACABCDABBCAABDBCCCABABBCBBCDAAABDDCDBBAAACBBCDABACADAC,,,0,225,,,,,L_T1_GTR___standard,,,,,L_T1_GTR03_33000001,,,,23,35,52,355221133353353233121100131152252007313315500000553531110000151113000000,,00000221,,,,,,,,27,27,0,3,3,221,,13531352315133125155131315112533132252113353112531532335,BACABACDABCBAABDCBCCBABABCBBDCAABADDCDBBAACABBDCABCADAAC,ABACABCDABBCAABDBCCCABABBCBBCDAAABDDCDBBAAACBBCDABACADAC,,,0,221,,,,,L_T1_GTR___standard,,,,,L_T1_GTR03_33000001/L_T1_GTR03_32100001,,,
9360,55,,,,,,,,,35,52,21,311211551110313251313000535133533007252255200000353121300000353113311250,,00000230,,,,,,,,28,28,0,5,5,230,,1353135231513312515513131511253313225211335311253153233552,BACABACDABCBAABDCBCCBABABCBBDCAABADDCDBBAACABBDCABCADAACCD,ABACABCDABBCAABDBCCCABABBCBBCDAAABDDCDBBAAACBBCDABACADACCD,,,0,230,,,,,L_T1_GTR___standard,,,,,L_T1_GTR03_33000001,,,,23,35,52,355221133353353233121100131152252007313315500000553531110000151113000000,,00000221,,,,,,,,27,27,0,3,3,221,,13531352315133125155131315112533132252113353112531532335,BACABACDABCBAABDCBCCBABABCBBDCAABADDCDBBAACABBDCABCADAAC,ABACABCDABBCAABDBCCCABABBCBBCDAAABDDCDBBAAACBBCDABACADAC,,,0,221,,,,,L_T1_GTR___standard,,,,,L_T1_GTR03_33000001/L_T1_GTR03_32100001,,,
9378,56,,,,,,,,,35,52,21,311211551110313251313000535133533007252255200000353121300000353113311250,,00000230,,,,,,,,28,28,0,5,5,230,,1353135231513312515513131511253313225211335311253153233552,BACABACDABCBAABDCBCCBABABCBBDCAABADDCDBBAACABBDCABCADAACCD,ABACABCDABBCAABDBCCCABABBCBBCDAAABDDCDBBAAACBBCDABACADACCD,,,0,230,,,,,L_T1_GTR___standard,,,,,L_T1_GTR03_33000001,,,,35,52,21,355221133353353233121123131152252007313315500000553531110000151113000000,,00000224,,,,,,,,28,28,0,3,3,224,,1353135231513312515513131511253313225211335311253153233552,BACABACDABCBAABDCBCCBABABCBBDCAABADDCDBBAACABBDCABCADAACCD,ABACABCDABBCAABDBCCCABABBCBBCDAAABDDCDBBAAACBBCDABACADACCD,,,0,224,,,,,L_T1_GTR___standard,,,,,L_T1_GTR03_33000001/L_T1_GTR03_32100001,,,
9387,57,,,,,,,,,,52,21,311211551110313251313500535133533307252255200000353121300000353113311250,,bb40abb1,,,,,,,,29,0,1,bb40abb1,40,270,,1353135231513312515513131511253313225211335311253153233552,BACABACDABCBAABDCBCCBABABCBBDCAABADDCDBBAACABBDCABCADAACCD,ABACABCDABBCAABDBCCCABABBCBBCDAAABDDCDBBAAACBBCDABACADACCD,,,1,270,,,,,L_T1_GTR___standard,,,,,L_T1_GTR03_33000001,,,,35,52,21,355221133353353233121123131152252007313315500000553531110000151113000000,,00000224,,,,,,,,28,28,0,3,3,224,,1353135231513312515513131511253313225211335311253153233552,BACABACDABCBAABDCBCCBABABCBBDCAABADDCDBBAACABBDCABCADAACCD,ABACABCDABBCAABDBCCCABABBCBBCDAAABDDCDBBAAACBBCDABACADACCD,,,0,224,,,,,L_T1_GTR___standard,,,,,L_T1_GTR03_33000001/L_T1_GTR03_32100001,,,
9426,58,,,,,,,,,,52,21,311211551110313251313500535133533307252255200000353121300000353113311250,,bb40abb1,,,,,,,,29,0,1,bb40abb1,40,270,,1353135231513312515513131511253313225211335311253153233552,BACABACDABCBAABDCBCCBABABCBBDCAABADDCDBBAACABBDCABCADAACCD,ABACABCDABBCAABDBCCCABABBCBBCDAAABDDCDBBAAACBBCDABACADACCD,,,1,270,,,,,L_T1_GTR___standard,,,,,L_T1_GTR03_33000001,,,,52,21,15,355221133353353233121123131152252007313315500000553531110000151113350000,,00000231,,,,,,,,29,29,0,7,7,231,,135313523151331251551313151125331322521133531125315323355221,BACABACDABCBAABDCBCCBABABCBBDCAABADDCDBBAACABBDCABCADAACCDDB,ABACABCDABBCAABDBCCCABABBCBBCDAAABDDCDBBAAACBBCDABACADACCDBD,,,0,231,,,,,L_T1_GTR___standard,,,,,L_T1_GTR03_33000001/L_T1_GTR03_32100001,,,
9466,59,,,,,,,,,,52,21,311211551110313251313500535133533307252255200000353121300000353113311250,,bb40abb1,,,,,,,,29,0,1,bb40abb1,40,270,,1353135231513312515513131511253313225211335311253153233552,BACABACDABCBAABDCBCCBABABCBBDCAABADDCDBBAACABBDCABCADAACCD,ABACABCDABBCAABDBCCCABABBCBBCDAAABDDCDBBAAACBBCDABACADACCD,,,1,270,,,,,L_T1_GTR___standard,,,,,L_T1_GTR03_33000001,,,,21,15,35,355221133353353233121123131152252007313315500000553531112000151113355000,,00000236,,,,,,,,30,30,0,5,5,236,,13531352315133125155131315112533132252113353112531532335522115,BACABACDABCBAABDCBCCBABABCBBDCAABADDCDBBAACABBDCABCADAACCDDBBC,ABACABCDABBCAABDBCCCABABBCBBCDAAABDDCDBBAAACBBCDABACADACCDBDBC,,,0,236,,,,,L_T1_GTR___standard,,,,,L_T1_GTR03_33000001/L_T1_GTR03_32100001,,,
9476,60,,,,,,,,,52,21,15,311211551110313251315000535133500007252255200000353121300000353113311250,,00000274,,,,,,,,30,1,0,4,4,274,,135313523151331251551313151125331322521133531125315323355221,BACABACDABCBAABDCBCCBABABCBBDCAABADDCDBBAACABBDCABCADAACCDDB,ABACABCDABBCAABDBCCCABABBCBBCDAAABDDCDBBAAACBBCDABACADACCDBD,,,1,274,,,,,L_T1_GTR___standard,,,,,L_T1_GTR03_33000001,,,,21,15,35,355221133353353233121123131152252007313315500000553531112000151113355000,,00000236,,,,,,,,30,30,0,5,5,236,,13531352315133125155131315112533132252113353112531532335522115,BACABACDABCBAABDCBCCBABABCBBDCAABADDCDBBAACABBDCABCADAACCDDBBC,ABACABCDABBCAABDBCCCABABBCBBCDAAABDDCDBBAAACBBCDABACADACCDBDBC,,,0,236,,,,,L_T1_GTR___standard,,,,,L_T1_GTR03_33000001/L_T1_GTR03_32100001,,,
9512,61,,,,,,,,,21,15,35,311211551110313251315000535133500007252255225000353121300000353113311250,,00000279,,,,,,,,31,2,0,5,5,279,,13531352315133125155131315112533132252113353112531532335522115,BACABACDABCBAABDCBCCBABABCBBDCAABADDCDBBAACABBDCABCADAACCDDBBC,ABACABCDABBCAABDBCCCABABBCBBCDAAABDDCDBBAAACBBCDABACADACCDBDBC,,,1,279,,,,,L_T1_GTR___standard,,,,,L_T1_GTR03_33000001,,,,21,15,35,355221133353353233121123131152252007313315500000553531112000151113355000,,00000236,,,,,,,,30,30,0,5,5,236,,13531352315133125155131315112533132252113353112531532335522115,BACABACDABCBAABDCBCCBABABCBBDCAABADDCDBBAACABBDCABCADAACCDDBBC,ABACABCDABBCAABDBCCCABABBCBBCDAAABDDCDBBAAACBBCDABACADACCDBDBC,,,0,236,,,,,L_T1_GTR___standard,,,,,L_T1_GTR03_33000001/L_T1_GTR03_32100001,,,
9521,62,,,,,,,,,21,15,35,311211551110313251315000535133500007252255225000353121300000353113311250,,00000279,,,,,,,,31,2,0,5,5,279,,13531352315133125155131315112533132252113353112531532335522115,BACABACDABCBAABDCBCCBABABCBBDCAABADDCDBBAACABBDCABCADAACCDDBBC,ABACABCDABBCAABDBCCCABABBCBBCDAAABDDCDBBAAACBBCDABACADACCDBDBC,,,1,279,,,,,L_T1_GTR___standard,,,,,L_T1_GTR03_33000001,,,,,15,35,355221133353353233121123131152252007313315510000553531112200151113355000,,bb40abb1,,,,,,,,31,0,1,bb40abb1,40,276,,13531352315133125155131315112533132252113353112531532335522115,BACABACDABCBAABDCBCCBABABCBBDCAABADDCDBBAACABBDCABCADAACCDDBBC,ABACABCDABBCAABDBCCCABABBCBBCDAAABDDCDBBAAACBBCDABACADACCDBDBC,,,1,276,,,,,L_T1_GTR___standard,,,,,L_T1_GTR03_33000001/L_T1_GTR03_32100001,,,
9556,63,,,,,,,,,15,35,22,311211551110313251315000535133500007252255225000353121321000353113311250,,00000281,,,,,,,,32,3,0,2,2,281,,1353135231513312515513131511253313225211335311253153233552211535,BACABACDABCBAABDCBCCBABABCBBDCAABADDCDBBAACABBDCABCADAACCDDBBCAC,ABACABCDABBCAABDBCCCABABBCBBCDAAABDDCDBBAAACBBCDABACADACCDBDBCAC,,,1,281,,,,,L_T1_GTR___standard,,,,,L_T1_GTR03_33000001,,,,,15,35,355221133353353233121123131152252007313315510000553531112200151113355000,,bb40abb1,,,,,,,,31,0,1,bb40abb1,40,276,,13531352315133125155131315112533132252113353112531532335522115,BACABACDABCBAABDCBCCBABABCBBDCAABADDCDBBAACABBDCABCADAACCDDBBC,ABACABCDABBCAABDBCCCABABBCBBCDAAABDDCDBBAAACBBCDABACADACCDBDBC,,,1,276,,,,,L_T1_GTR___standard,,,,,L_T1_GTR03_33000001/L_T1_GTR03_32100001,,,
9616,64,,,,,,,,,15,35,22,311211551110313251315000535133500007252255225000353121321000353113311250,,00000281,,,,,,,,32,3,0,2,2,281,,1353135231513312515513131511253313225211335311253153233552211535,BACABACDABCBAABDCBCCBABABCBBDCAABADDCDBBAACABBDCABCADAACCDDBBCAC,ABACABCDABBCAABDBCCCABABBCBBCDAAABDDCDBBAAACBBCDABACADACCDBDBCAC,,,1,281,,,,,L_T1_GTR___standard,,,,,L_T1_GTR03_33000001,,,,15,35,22,355221133353353233121123131152252007313315500000553532200000151113355000,,00000280,,,,,,,,32,1,0,4,4,280,,1353135231513312515513131511253313225211335311253153233552211535,BACABACDABCBAABDCBCCBABABCBBDCAABADDCDBBAACABBDCABCADAACCDDBBCAC,ABACABCDABBCAABDBCCCABABBCBBCDAAABDDCDBBAAACBBCDABACADACCDBDBCAC,,,1,280,,,,,L_T1_GTR___standard,,,,,L_T1_GTR03_33000001/L_T1_GTR03_32100001,,,
9652,65,,,,,,,,,15,35,22,311211551110313251315000535133500007252255225000353121321000353113311250,,00000281,,,,,,,,32,3,0,2,2,281,,1353135231513312515513131511253313225211335311253153233552211535,BACABACDABCBAABDCBCCBABABCBBDCAABADDCDBBAACABBDCABCADAACCDDBBCAC,ABACABCDABBCAABDBCCCABABBCBBCDAAABDDCDBBAAACBBCDABACADACCDBDBCAC,,,1,281,,,,,L_T1_GTR___standard,,,,,L_T1_GTR03_33000001,,,,35,22,51,355221133353353233121123131152252007313315500000553532200000151113355510,,00000283,,,,,,,,33,2,0,3,3,283,,135313523151331251551313151125331322521133531125315323355221153522,BACABACDABCBAABDCBCCBABABCBBDCAABADDCDBBAACABBDCABCADAACCDDBBCACDD,ABACABCDABBCAABDBCCCABABBCBBCDAAABDDCDBBAAACBBCDABACADACCDBDBCACDD,,,1,283,,,,,L_T1_GTR___standard,,,,,L_T1_GTR03_33000001/L_T1_GTR03_32100001,,,
9663,66,,,,,,,,,35,22,51,311211551110313251315000535133500007252255225000353121321500353113311251,,00000283,,,,,,,,33,4,0,2,2,283,,135313523151331251551313151125331322521133531125315323355221153522,BACABACDABCBAABDCBCCBABABCBBDCAABADDCDBBAACABBDCABCADAACCDDBBCACDD,ABACABCDABBCAABDBCCCABABBCBBCDAAABDDCDBBAAACBBCDABACADACCDBDBCACDD,,,1,283,,,,,L_T1_GTR___standard,,,,,L_T1_GTR03_33000001,,,,35,22,51,355221133353353233121123131152252007313315500000553532200000151113355510,,00000283,,,,,,,,33,2,0,3,3,283,,135313523151331251551313151125331322521133531125315323355221153522,BACABACDABCBAABDCBCCBABABCBBDCAABADDCDBBAACABBDCABCADAACCDDBBCACDD,ABACABCDABBCAABDBCCCABABBCBBCDAAABDDCDBBAAACBBCDABACADACCDBDBCACDD,,,1,283,,,,,L_T1_GTR___standard,,,,,L_T1_GTR03_33000001/L_T1_GTR03_32100001,,,
9724,67,,,,,,,,,22,51,32,311211551110313251315000535133530007252255225500353121321560353113311251,,00000287,,,,,,,,34,5,0,4,4,287,,13531352315133125155131315112533132252113353112531532335522115352251,BACABACDABCBAABDCBCCBABABCBBDCAABADDCDBBAACABBDCABCADAACCDDBBCACDDCB,ABACABCDABBCAABDBCCCABABBCBBCDAAABDDCDBBAAACBBCDABACADACCDBDBCACDDBC,,,1,287,,,,,L_T1_GTR___standard,,,,,L_T1_GTR03_33000001,,,,35,22,51,355221133353353233121123131152252007313315500000553532200000151113355510,,00000283,,,,,,,,33,2,0,3,3,283,,135313523151331251551313151125331322521133531125315323355221153522,BACABACDABCBAABDCBCCBABABCBBDCAABADDCDBBAACABBDCABCADAACCDDBBCACDD,ABACABCDABBCAABDBCCCABABBCBBCDAAABDDCDBBAAACBBCDABACADACCDBDBCACDD,,,1,283,,,,,L_T1_GTR___standard,,,,,L_T1_GTR03_33000001/L_T1_GTR03_32100001,,,
9736,68,,,,,,,,,22,51,32,311211551110313251315000535133530007252255225500353121321560353113311251,,00000287,,,,,,,,34,5,0,4,4,287,,13531352315133125155131315112533132252113353112531532335522115352251,BACABACDABCBAABDCBCCBABABCBBDCAABADDCDBBAACABBDCABCADAACCDDBBCACDDCB,ABACABCDABBCAABDBCCCABABBCBBCDAAABDDCDBBAAACBBCDABACADACCDBDBCACDDBC,,,1,287,,,,,L_T1_GTR___standard,,,,,L_T1_GTR03_33000001,,,,22,51,32,355221133353353233121123131152252007313315500000553532230000151113355515,,00000285,,,,,,,,34,3,0,2,2,285,,13531352315133125155131315112533132252113353112531532335522115352251,BACABACDABCBAABDCBCCBABABCBBDCAABADDCDBBAACABBDCABCADAACCDDBBCACDDCB,ABACABCDABBCAABDBCCCABABBCBBCDAAABDDCDBBAAACBBCDABACADACCDBDBCACDDBC,,,1,285,,,,,L_T1_GTR___standard,,,,,L_T1_GTR03_33000001/L_T1_GTR03_32100001,,,
9758,69,,,,,,,,,51,32,21,311211551110313251315220535133530007252255225500353121321560353113311251,,00000291,,,,,,,,35,6,0,4,4,291,,1353135231513312515513131511253313225211335311253153233552211535225132,BACABACDABCBAABDCBCCBABABCBBDCAABADDCDBBAACABBDCABCADAACCDDBBCACDDCBAD,ABACABCDABBCAABDBCCCABABBCBBCDAAABDDCDBBAAACBBCDABACADACCDBDBCACDDBCAD,,,1,291,,,,,L_T1_GTR___standard,,,,,L_T1_GTR03_33000001,,,,22,51,32,355221133353353233121123131152252007313315500000553532230000151113355515,,00000285,,,,,,,,34,3,0,2,2,285,,13531352315133125155131315112533132252113353112531532335522115352251,BACABACDABCBAABDCBCCBABABCBBDCAABADDCDBBAACABBDCABCADAACCDDBBCACDDCB,ABACABCDABBCAABDBCCCABABBCBBCDAAABDDCDBBAAACBBCDABACADACCDBDBCACDDBC,,,1,285,,,,,L_T1_GTR___standard,,,,,L_T1_GTR03_33000001/L_T1_GTR03_32100001,,,
9787,70,,,,,,,,,,32,21,311211551110313251315220535133530007252255225551353121321560353113311251,,bb40abb1,,,,,,,,36,0,1,bb40abb1,40,331,,1353135231513312515513131511253313225211335311253153233552211535225132,BACABACDABCBAABDCBCCBABABCBBDCAABADDCDBBAACABBDCABCADAACCDDBBCACDDCBAD,ABACABCDABBCAABDBCCCABABBCBBCDAAABDDCDBBAAACBBCDABACADACCDBDBCACDDBCAD,,,1,331,,,,,L_T1_GTR___standard,,,,,L_T1_GTR03_33000001,,,,22,51,32,355221133353353233121123131152252007313315500000553532230000151113355515,,00000285,,,,,,,,34,3,0,2,2,285,,13531352315133125155131315112533132252113353112531532335522115352251,BACABACDABCBAABDCBCCBABABCBBDCAABADDCDBBAACABBDCABCADAACCDDBBCACDDCB,ABACABCDABBCAABDBCCCABABBCBBCDAAABDDCDBBAAACBBCDABACADACCDBDBCACDDBC,,,1,285,,,,,L_T1_GTR___standard,,,,,L_T1_GTR03_33000001/L_T1_GTR03_32100001,,,
9790,71,,,,,,,,,,32,21,311211551110313251315220535133530007252255225551353121321560353113311251,,bb40abb1,,,,,,,,36,0,1,bb40abb1,40,331,,1353135231513312515513131511253313225211335311253153233552211535225132,BACABACDABCBAABDCBCCBABABCBBDCAABADDCDBBAACABBDCABCADAACCDDBBCACDDCBAD,ABACABCDABBCAABDBCCCABABBCBBCDAAABDDCDBBAAACBBCDABACADACCDBDBCACDDBCAD,,,1,331,,,,,L_T1_GTR___standard,,,,,L_T1_GTR03_33000001,,,,51,32,21,355221133353353233121123131152252007313315520000553532232000151113355515,,00000290,,,,,,,,35,4,0,5,5,290,,1353135231513312515513131511253313225211335311253153233552211535225132,BACABACDABCBAABDCBCCBABABCBBDCAABADDCDBBAACABBDCABCADAACCDDBBCACDDCBAD,ABACABCDABBCAABDBCCCABABBCBBCDAAABDDCDBBAAACBBCDABACADACCDBDBCACDDBCAD,,,1,290,,,,,L_T1_GTR___standard,,,,,L_T1_GTR03_33000001/L_T1_GTR03_32100001,,,
9871,72,,,,,,,,,,32,21,311211551110313251315220535133530007252255225551353121321560353113311251,,bb40abb1,,,,,,,,36,0,1,bb40abb1,40,331,,1353135231513312515513131511253313225211335311253153233552211535225132,BACABACDABCBAABDCBCCBABABCBBDCAABADDCDBBAACABBDCABCADAACCDDBBCACDDCBAD,ABACABCDABBCAABDBCCCABABBCBBCDAAABDDCDBBAAACBBCDABACADACCDBDBCACDDBCAD,,,1,331,,,,,L_T1_GTR___standard,,,,,L_T1_GTR03_33000001,,,,32,21,23,355221133353353233121123131152252007313315525000553532232100151113355515,,00000294,,,,,,,,36,5,0,4,4,294,,135313523151331251551313151125331322521133531125315323355221153522513221,BACABACDABCBAABDCBCCBABABCBBDCAABADDCDBBAACABBDCABCADAACCDDBBCACDDCBADDB,ABACABCDABBCAABDBCCCABABBCBBCDAAABDDCDBBAAACBBCDABACADACCDBDBCACDDBCADBD,,,1,294,,,,,L_T1_GTR___standard,,,,,L_T1_GTR03_33000001/L_T1_GTR03_32100001,,,
9879,73,,,,,,,,,,32,21,311211551110313251315220535133530007252255221000353121321000353113311251,,bb40abb8,,,,,,,,37,0,2,bb40abb8,320,651,,1353135231513312515513131511253313225211335311253153233552211535225132,BACABACDABCBAABDCBCCBABABCBBDCAABADDCDBBAACABBDCABCADAACCDDBBCACDDCBAD,ABACABCDABBCAABDBCCCABABBCBBCDAAABDDCDBBAAACBBCDABACADACCDBDBCACDDBCAD,,,2,651,,,,,L_T1_GTR___standard,,,,,L_T1_GTR03_33000001,,,,32,21,23,355221133353353233121123131152252007313315525000553532232100151113355515,,00000294,,,,,,,,36,5,0,4,4,294,,135313523151331251551313151125331322521133531125315323355221153522513221,BACABACDABCBAABDCBCCBABABCBBDCAABADDCDBBAACABBDCABCADAACCDDBBCACDDCBADDB,ABACABCDABBCAABDBCCCABABBCBBCDAAABDDCDBBAAACBBCDABACADACCDBDBCACDDBCADBD,,,1,294,,,,,L_T1_GTR___standard,,,,,L_T1_GTR03_33000001/L_T1_GTR03_32100001,,,
9908,74,,,,,,,,,,32,21,311211551110313251315220535133530007252255221000353121321000353113311251,,bb40abb8,,,,,,,,37,0,2,bb40abb8,320,651,,1353135231513312515513131511253313225211335311253153233552211535225132,BACABACDABCBAABDCBCCBABABCBBDCAABADDCDBBAACABBDCABCADAACCDDBBCACDDCBAD,ABACABCDABBCAABDBCCCABABBCBBCDAAABDDCDBBAAACBBCDABACADACCDBDBCACDDBCAD,,,2,651,,,,,L_T1_GTR___standard,,,,,L_T1_GTR03_33000001,,,,21,23,33,355221133353353233121123131152252207313315525300553532232100151113355515,,00000298,,,,,,,,37,6,0,4,4,298,,13531352315133125155131315112533132252113353112531532335522115352251322123,BACABACDABCBAABDCBCCBABABCBBDCAABADDCDBBAACABBDCABCADAACCDDBBCACDDCBADDBDA,ABACABCDABBCAABDBCCCABABBCBBCDAAABDDCDBBAAACBBCDABACADACCDBDBCACDDBCADBDAD,,,1,298,,,,,L_T1_GTR___standard,,,,,L_T1_GTR03_33000001/L_T1_GTR03_32100001,,,
9940,75,,,,,,,,,,32,21,311211551110313251315220535133530007252255221000353121321000353113311251,,bb40abb8,,,,,,,,37,0,2,bb40abb8,320,651,,1353135231513312515513131511253313225211335311253153233552211535225132,BACABACDABCBAABDCBCCBABABCBBDCAABADDCDBBAACABBDCABCADAACCDDBBCACDDCBAD,ABACABCDABBCAABDBCCCABABBCBBCDAAABDDCDBBAAACBBCDABACADACCDBDBCACDDBCAD,,,2,651,,,,,L_T1_GTR___standard,,,,,L_T1_GTR03_33000001,,,,23,33,11,355221133353353233121123131152252207313315525320553532232110151113355515,,00000301,,,,,,,,38,7,0,3,3,301,,1353135231513312515513131511253313225211335311253153233552211535225132212333,BACABACDABCBAABDCBCCBABABCBBDCAABADDCDBBAACABBDCABCADAACCDDBBCACDDCBADDBDAAA,ABACABCDABBCAABDBCCCABABBCBBCDAAABDDCDBBAAACBBCDABACADACCDBDBCACDDBCADBDADAA,,,1,301,,,,,L_T1_GTR___standard,,,,,L_T1_GTR03_33000001/L_T1_GTR03_32100001,,,
9961,76,,,,,,,,,,32,21,311211551110313251315220535133530007252255220000353121320000353113325100,,bb40ab16,,,,,,,,38,0,3,bb40ab16,640,1291,,1353135231513312515513131511253313225211335311253153233552211535225132,BACABACDABCBAABDCBCCBABABCBBDCAABADDCDBBAACABBDCABCADAACCDDBBCACDDCBAD,ABACABCDABBCAABDBCCCABABBCBBCDAAABDDCDBBAAACBBCDABACADACCDBDBCACDDBCAD,,,3,1291,,,,,L_T1_GTR___standard,,,,,L_T1_GTR03_33000001,,,,23,33,11,355221133353353233121123131152252207313315525320553532232110151113355515,,00000301,,,,,,,,38,7,0,3,3,301,,1353135231513312515513131511253313225211335311253153233552211535225132212333,BACABACDABCBAABDCBCCBABABCBBDCAABADDCDBBAACABBDCABCADAACCDDBBCACDDCBADDBDAAA,ABACABCDABBCAABDBCCCABABBCBBCDAAABDDCDBBAAACBBCDABACADACCDBDBCACDDBCADBDADAA,,,1,301,,,,,L_T1_GTR___standard,,,,,L_T1_GTR03_33000001/L_T1_GTR03_32100001,,,
9986,77,,,,,,,,,,32,21,311211551110313251315220535133530007252255220000353121320000353113325100,,bb40ab16,,,,,,,,38,0,3,bb40ab16,640,1291,,1353135231513312515513131511253313225211335311253153233552211535225132,BACABACDABCBAABDCBCCBABABCBBDCAABADDCDBBAACABBDCABCADAACCDDBBCACDDCBAD,ABACABCDABBCAABDBCCCABABBCBBCDAAABDDCDBBAAACBBCDABACADACCDBDBCACDDBCAD,,,3,1291,,,,,L_T1_GTR___standard,,,,,L_T1_GTR03_33000001,,,,,33,11,355221133353353233121123131152252227313315525323553532232110151113355515,,bb50abb2,,,,,,,,39,0,1,bb50abb2,100,401,,1353135231513312515513131511253313225211335311253153233552211535225132212333,BACABACDABCBAABDCBCCBABABCBBDCAABADDCDBBAACABBDCABCADAACCDDBBCACDDCBADDBDAAA,ABACABCDABBCAABDBCCCABABBCBBCDAAABDDCDBBAAACBBCDABACADACCDBDBCACDDBCADBDADAA,,,1,401,,,,,L_T1_GTR___standard,,,,,L_T1_GTR03_33000001/L_T1_GTR03_32100001,,,
10052,78,,,,,,,,,32,21,23,311211551110313251315220535133530007252255000000353121300000353113351000,,00001294,,,,,,,,39,1,0,3,3,1294,,135313523151331251551313151125331322521133531125315323355221153522513221,BACABACDABCBAABDCBCCBABABCBBDCAABADDCDBBAACABBDCABCADAACCDDBBCACDDCBADDB,ABACABCDABBCAABDBCCCABABBCBBCDAAABDDCDBBAAACBBCDABACADACCDBDBCACDDBCADBD,,,3,1294,,,,,L_T1_GTR___standard,,,,,L_T1_GTR03_33000001,,,,,33,11,355221133353353233121123131152252227313315525323553532232110151113355515,,bb50abb2,,,,,,,,39,0,1,bb50abb2,100,401,,1353135231513312515513131511253313225211335311253153233552211535225132212333,BACABACDABCBAABDCBCCBABABCBBDCAABADDCDBBAACABBDCABCADAACCDDBBCACDDCBADDBDAAA,ABACABCDABBCAABDBCCCABABBCBBCDAAABDDCDBBAAACBBCDABACADACCDBDBCACDDBCADBDADAA,,,1,401,,,,,L_T1_GTR___standard,,,,,L_T1_GTR03_33000001/L_T1_GTR03_32100001,,,
10084,79,,,,,,,,,,21,23,311211551110313251315220535133530007252255000000353121332000353113351000,,bb40abb1,,,,,,,,40,0,1,bb40abb1,40,1334,,135313523151331251551313151125331322521133531125315323355221153522513221,BACABACDABCBAABDCBCCBABABCBBDCAABADDCDBBAACABBDCABCADAACCDDBBCACDDCBADDB,ABACABCDABBCAABDBCCCABABBCBBCDAAABDDCDBBAAACBBCDABACADACCDBDBCACDDBCADBD,,,3,1334,,,,,L_T1_GTR___standard,,,,,L_T1_GTR03_33000001,,,,,33,11,355221133353353233121123131152252227313315525323553532232110151113355515,,bb50abb2,,,,,,,,39,0,1,bb50abb2,100,401,,1353135231513312515513131511253313225211335311253153233552211535225132212333,BACABACDABCBAABDCBCCBABABCBBDCAABADDCDBBAACABBDCABCADAACCDDBBCACDDCBADDBDAAA,ABACABCDABBCAABDBCCCABABBCBBCDAAABDDCDBBAAACBBCDABACADACCDBDBCACDDBCADBDADAA,,,1,401,,,,,L_T1_GTR___standard,,,,,L_T1_GTR03_33000001/L_T1_GTR03_32100001,,,
10132,80,,,,,,,,,,21,23,311211551110313251315220535133530007252255000000353121332000353113351000,,bb40abb1,,,,,,,,40,0,1,bb40abb1,40,1334,,135313523151331251551313151125331322521133531125315323355221153522513221,BACABACDABCBAABDCBCCBABABCBBDCAABADDCDBBAACABBDCABCADAACCDDBBCACDDCBADDB,ABACABCDABBCAABDBCCCABABBCBBCDAAABDDCDBBAAACBBCDABACADACCDBDBCACDDBCADBD,,,3,1334,,,,,L_T1_GTR___standard,,,,,L_T1_GTR03_33000001,,,,33,11,22,355221133353353233121136131152256667313315525336553532232116151113355515,,00000403,,,,,,,,40,1,0,2,2,403,,135313523151331251551313151125331322521133531125315323355221153522513221233311,BACABACDABCBAABDCBCCBABABCBBDCAABADDCDBBAACABBDCABCADAACCDDBBCACDDCBADDBDAAABB,ABACABCDABBCAABDBCCCABABBCBBCDAAABDDCDBBAAACBBCDABACADACCDBDBCACDDBCADBDADAABB,,,1,403,,,,,L_T1_GTR___standard,,,,,L_T1_GTR03_33000001/L_T1_GTR03_32100001,,,
10161,81,,,,,,,,,,21,23,311211551110313251315220535133530007252255000000353121332000353113351000,,bb40abb1,,,,,,,,40,0,1,bb40abb1,40,1334,,135313523151331251551313151125331322521133531125315323355221153522513221,BACABACDABCBAABDCBCCBABABCBBDCAABADDCDBBAACABBDCABCADAACCDDBBCACDDCBADDB,ABACABCDABBCAABDBCCCABABBCBBCDAAABDDCDBBAAACBBCDABACADACCDBDBCACDDBCADBD,,,3,1334,,,,,L_T1_GTR___standard,,,,,L_T1_GTR03_33000001,,,,,11,22,355221133353353233121132131152256003313315525336553532232112151113355515,,00000405,,,,,lose,,,41,1,0,2,2,405,,135313523151331251551313151125331322521133531125315323355221153522513221233311,BACABACDABCBAABDCBCCBABABCBBDCAABADDCDBBAACABBDCABCADAACCDDBBCACDDCBADDBDAAABB,ABACABCDABBCAABDBCCCABABBCBBCDAAABDDCDBBAAACBBCDABACADACCDBDBCACDDBCADBDADAABB,,,1,405,,,,,L_T1_GTR___standard,,,,,L_T1_GTR03_33000001/L_T1_GTR03_32100001,,,
10163,81,,,,,,,,,,21,23,311211551110313251315220535133530007252255000000353121200000353115100000,,00001340,,,,,win,,,41,0,1,6,6,1340,,135313523151331251551313151125331322521133531125315323355221153522513221,BACABACDABCBAABDCBCCBABABCBBDCAABADDCDBBAACABBDCABCADAACCDDBBCACDDCBADDB,ABACABCDABBCAABDBCCCABABBCBBCDAAABDDCDBBAAACBBCDABACADACCDBDBCACDDBCADBD,,,3,1340,,,,,L_T1_GTR___standard,,,,,L_T1_GTR03_33000001,,,,,11,22,355221133353353233121132131152256003313315525336553532232112151113355515,,00000405,,,,,lose,,,41,1,0,2,2,405,,135313523151331251551313151125331322521133531125315323355221153522513221233311,BACABACDABCBAABDCBCCBABABCBBDCAABADDCDBBAACABBDCABCADAACCDDBBCACDDCBADDBDAAABB,ABACABCDABBCAABDBCCCABABBCBBCDAAABDDCDBBAAACBBCDABACADACCDBDBCACDDBCADBDADAABB,,,1,405,,,,,L_T1_GTR___standard,,,,,L_T1_GTR03_33000001/L_T1_GTR03_32100001,,,
