10418,0,,,,,,,,,,51,55,000000000000000000000000000000000007000000000000000000000000000000000000,000000,00000000,,,,,,,,0,0,0,0,0,0,,51,AB,AB,,,0,0,,,,,,,,,,,,,,,51,55,000000000000000000000000000000000007000000000000000000000000000000000000,000000,00000000,,,,,,,,0,0,0,0,0,0,,51,AB,AB,,,0,0,,,,,,,,,,,,,
10570,2,,,,,,,,,51,55,13,000000000000000000000000000000000007000000000000000000000000000000000000,,00000000,,,,,,,,1,1,0,0,0,0,,5155,ABAA,ABAA,,,0,0,,,,,,,,,,,,,,51,55,13,000000000000000000000000000000000007000000000000000000000000000000000000,,00000000,,,,,,,,1,1,0,0,0,0,,5155,ABAA,ABAA,,,0,0,,,,,,,,,,,,,
10617,4,,,,,,,,,55,13,53,000000000000000000000000150000000007000000000000000000000000000000000000,,00000012,,,,,,,,2,2,0,12,12,12,,515513,ABAABC,ABAABC,,,0,12,,,,,,,,,,,,,,55,13,53,000000000000000000000000150000000007000000000000000000000000000000000000,,00000012,,,,,,,,2,2,0,12,12,12,,515513,ABAABC,ABAABC,,,0,12,,,,,,,,,,,,,
10671,6,,,,,,,,,13,53,45,500000000000500000000000150000000007000000000000000000000000000000000000,,00000026,,,,,,,,3,3,0,14,14,26,,51551353,ABAABCAC,ABAABCAC,,,0,26,,,,,,,,,,,,,,13,53,45,500000000000500000000000150000000007000000000000000000000000000000000000,,00000025,,,,,,,,3,3,0,13,13,25,,51551353,ABAABCAC,ABAABCAC,,,0,25,,,,,,,,,,,,,
10720,8,,,,,,,,,53,45,43,500000000000500000000000150000000007310000000000000000000000000000000000,,00000037,,,,,,,,4,4,0,11,11,37,,5155135345,ABAABCACDA,ABAABCACAD,,,0,37,,,,,,,,,,L_T1_GTR03_32100001,,,,53,45,43,500000000000500000000000150000000007310000000000000000000000000000000000,,00000037,,,,,,,,4,4,0,12,12,37,,5155135345,ABAABCACDA,ABAABCACAD,,,0,37,,,,,,,,,,L_T1_GTR03_32100001,,,
10776,10,,,,,,,,,45,43,33,500000000000500000000000150000000007310000000000300000000000500000000000,,00000050,,,,,,,,5,5,0,13,13,50,,515513534543,ABAABCACDADC,ABAABCACADCD,,,0,50,,,,,,,,,,,,,,45,43,33,500000000000500000000000150000000007310000000000300000000000500000000000,,00000050,,,,,,,,5,5,0,13,13,50,,515513534543,ABAABCACDADC,ABAABCACADCD,,,0,50,,,,,,,,,,,,,
10825,11,,,,,,,,,45,43,33,500000000000500000000000150000000007310000000000300000000000500000000000,,00000050,,,,,,,,5,5,0,13,13,50,,515513534543,ABAABCACDADC,ABAABCACADCD,,,0,50,,,,,,,,,,,,,,43,33,13,500000000000545000000000150000000007310000000000300000000000500000000000,,00000062,,,,,,,,6,6,0,12,12,62,,51551353454333,ABAABCACDADCCC,ABAABCACADCDCC,,,0,62,,,,,,,,,,L_T1_GTR03_41100001,,,
10828,12,,,,,,,,,43,33,13,500000000000545000000000150000000007310000000000300000000000500000000000,,00000062,,,,,,,,6,6,0,12,12,62,,51551353454333,ABAABCACDADCCC,ABAABCACADCDCC,,,0,62,,,,,,,,,,L_T1_GTR03_41100001,,,,43,33,13,500000000000545000000000150000000007310000000000300000000000500000000000,,00000062,,,,,,,,6,6,0,12,12,62,,51551353454333,ABAABCACDADCCC,ABAABCACADCDCC,,,0,62,,,,,,,,,,L_T1_GTR03_41100001,,,
10878,13,,,,,,,,,43,33,13,500000000000545000000000150000000007310000000000300000000000500000000000,,00000062,,,,,,,,6,6,0,12,12,62,,51551353454333,ABAABCACDADCCC,ABAABCACADCDCC,,,0,62,,,,,,,,,,L_T1_GTR03_41100001,,,,33,13,14,543000000000545000000000150000000007310000000000300000000000500000000000,,00000074,,,,,,,,7,7,0,12,12,74,,5155135345433313,ABAABCACDADCCCBC,ABAABCACADCDCCBC,,,0,74,,,,,L_T1_GTR___hekomi__,,,,,,,,
10879,14,,,,,,,,,33,13,14,543000000000545000000000150000000007310000000000300000000000500000000000,,00000074,,,,,,,,7,7,0,12,12,74,,5155135345433313,ABAABCACDADCCCBC,ABAABCACADCDCCBC,,,0,74,,,,,L_T1_GTR___hekomi__,,,,,,,,,33,13,14,543000000000545000000000150000000007310000000000300000000000500000000000,,00000074,,,,,,,,7,7,0,12,12,74,,5155135345433313,ABAABCACDADCCCBC,ABAABCACADCDCCBC,,,0,74,,,,,L_T1_GTR___hekomi__,,,,,,,,
10924,16,,,,,,,,,13,14,14,543300000000545300000000150000000007310000000000300000000000500000000000,,00000084,,,,,,,,8,8,0,10,10,84,,515513534543331314,ABAABCACDADCCCBCBD,ABAABCACADCDCCBCBD,,,0,84,,,,,L_T1_GTR___hekomi__,,,,,,,,,13,14,14,543300000000545300000000150000000007310000000000300000000000500000000000,,00000084,,,,,,,,8,8,0,10,10,84,,515513534543331314,ABAABCACDADCCCBCBD,ABAABCACADCDCCBCBD,,,0,84,,,,,L_T1_GTR___hekomi__,,,,,,,,
10975,17,,,,,,,,,13,14,14,543300000000545300000000150000000007310000000000300000000000500000000000,,00000084,,,,,,,,8,8,0,10,10,84,,515513534543331314,ABAABCACDADCCCBCBD,ABAABCACADCDCCBCBD,,,0,84,,,,,L_T1_GTR___hekomi__,,,,,,,,,14,14,44,543300000000545300000000150000000007310000000000310000000000530000000000,,00000096,,,,,,,,9,9,0,12,12,96,,51551353454333131414,ABAABCACDADCCCBCBDBD,ABAABCACADCDCCBCBDBD,,,0,96,,,,,L_T1_GTR___hekomi__,,,,,,,,
10978,18,,,,,,,,,14,14,44,543300000000545300000000150000000007310000000000310000000000530000000000,,00000096,,,,,,,,9,9,0,12,12,96,,51551353454333131414,ABAABCACDADCCCBCBDBD,ABAABCACADCDCCBCBDBD,,,0,96,,,,,L_T1_GTR___hekomi__,,,,,,,,,14,14,44,543300000000545300000000150000000007310000000000310000000000530000000000,,00000096,,,,,,,,9,9,0,12,12,96,,51551353454333131414,ABAABCACDADCCCBCBDBD,ABAABCACADCDCCBCBDBD,,,0,96,,,,,L_T1_GTR___hekomi__,,,,,,,,
11020,19,,,,,,,,,14,14,44,543300000000545300000000150000000007310000000000310000000000530000000000,,00000096,,,,,,,,9,9,0,12,12,96,,51551353454333131414,ABAABCACDADCCCBCBDBD,ABAABCACADCDCCBCBDBD,,,0,96,,,,,L_T1_GTR___hekomi__,,,,,,,,,14,44,51,543340000000545310000000150000000007310000000000310000000000530000000000,,00000105,,,,,,,,10,10,0,9,9,105,,5155135345433313141444,ABAABCACDADCCCBCBDBDDD,ABAABCACADCDCCBCBDBDDD,,,0,105,,,,,L_T1_GTR___hekomi__,,,,,,,,
11022,20,,,,,,,,,14,44,51,543340000000545310000000150000000007310000000000310000000000530000000000,,00000105,,,,,,,,10,10,0,9,9,105,,5155135345433313141444,ABAABCACDADCCCBCBDBDDD,ABAABCACADCDCCBCBDBDDD,,,0,105,,,,,L_T1_GTR___hekomi__,,,,,,,,,14,44,51,543340000000545310000000150000000007310000000000310000000000530000000000,,00000105,,,,,,,,10,10,0,9,9,105,,5155135345433313141444,ABAABCACDADCCCBCBDBDDD,ABAABCACADCDCCBCBDBDDD,,,0,105,,,,,L_T1_GTR___hekomi__,,,,,,,,
11067,22,,,,,,,,,44,51,54,543344000000545311000000150000000007310000000000310000000000530000000000,,00000114,,,,,,,,11,11,0,9,9,114,,515513534543331314144451,ABAABCACDADCCCBCBDBDDDAB,ABAABCACADCDCCBCBDBDDDAB,,,0,114,,,,,L_T1_GTR___hekomi__,,,,,,,,,44,51,54,543340000000545310000000151400000007310000000000310000000000530000000000,,00000116,,,,,,,,11,11,0,11,11,116,,515513534543331314144451,ABAABCACDADCCCBCBDBDDDAB,ABAABCACADCDCCBCBDBDDDAB,,,0,116,,,,,L_T1_GTR___hekomi__,,,,,,,,
11104,23,,,,,,,,,51,54,51,543344000000545311440000150000000007310000000000310000000000530000000000,,00000119,,,,,,,,12,12,0,5,5,119,,51551353454333131414445154,ABAABCACDADCCCBCBDBDDDABAD,ABAABCACADCDCCBCBDBDDDABAD,,,0,119,,,,,L_T1_GTR___hekomi__,,,,,,,,,44,51,54,543340000000545310000000151400000007310000000000310000000000530000000000,,00000116,,,,,,,,11,11,0,11,11,116,,515513534543331314144451,ABAABCACDADCCCBCBDBDDDAB,ABAABCACADCDCCBCBDBDDDAB,,,0,116,,,,,L_T1_GTR___hekomi__,,,,,,,,
11107,24,,,,,,,,,51,54,51,543344000000545311440000150000000007310000000000310000000000530000000000,,00000119,,,,,,,,12,12,0,5,5,119,,51551353454333131414445154,ABAABCACDADCCCBCBDBDDDABAD,ABAABCACADCDCCBCBDBDDDABAD,,,0,119,,,,,L_T1_GTR___hekomi__,,,,,,,,,51,54,51,543344400000545310000000151400000007310000000000310000000000530000000000,,00000123,,,,,,,,12,12,0,7,7,123,,51551353454333131414445154,ABAABCACDADCCCBCBDBDDDABAD,ABAABCACADCDCCBCBDBDDDABAD,,,0,123,,,,,L_T1_GTR___hekomi__,,,,,,,,
11148,25,,,,,,,,,51,54,51,543344000000545311440000150000000007310000000000310000000000530000000000,,00000119,,,,,,,,12,12,0,5,5,119,,51551353454333131414445154,ABAABCACDADCCCBCBDBDDDABAD,ABAABCACADCDCCBCBDBDDDABAD,,,0,119,,,,,L_T1_GTR___hekomi__,,,,,,,,,54,51,43,543344400000545311500000151400000007310000000000310000000000530000000000,,00000130,,,,,,,,13,13,0,7,7,130,,5155135345433313141444515451,ABAABCACDADCCCBCBDBDDDABADAB,ABAABCACADCDCCBCBDBDDDABADAB,,,0,130,,,,,L_T1_GTR___hekomi__,,,,,,,,
11152,26,,,,,,,,,54,51,43,543344000000545311440000151000000007315000000000310000000000530000000000,,00000130,,,,,,,,13,13,0,11,11,130,,5155135345433313141444515451,ABAABCACDADCCCBCBDBDDDABADAB,ABAABCACADCDCCBCBDBDDDABADAB,,,0,130,,,,,L_T1_GTR___hekomi__,,,,,,,,,54,51,43,543344400000545311500000151400000007310000000000310000000000530000000000,,00000130,,,,,,,,13,13,0,7,7,130,,5155135345433313141444515451,ABAABCACDADCCCBCBDBDDDABADAB,ABAABCACADCDCCBCBDBDDDABADAB,,,0,130,,,,,L_T1_GTR___hekomi__,,,,,,,,
11188,27,,,,,,,,,54,51,43,543344000000545311440000151000000007315000000000310000000000530000000000,,00000130,,,,,,,,13,13,0,11,11,130,,5155135345433313141444515451,ABAABCACDADCCCBCBDBDDDABADAB,ABAABCACADCDCCBCBDBDDDABADAB,,,0,130,,,,,L_T1_GTR___hekomi__,,,,,,,,,51,43,43,543344454000545311500000151400000007310000000000310000000000530000000000,,00000136,,,,,,,,14,14,0,6,6,136,,515513534543331314144451545143,ABAABCACDADCCCBCBDBDDDABADABDC,ABAABCACADCDCCBCBDBDDDABADABCD,,,0,136,,,,,L_T1_GTR___hekomi__,,,,,,,,
11204,28,,,,,,,,,51,43,43,543344000000545311440000151000000007315000000000310000000000535400000000,,00000141,,,,,,,,14,14,0,11,11,141,,515513534543331314144451545143,ABAABCACDADCCCBCBDBDDDABADABDC,ABAABCACADCDCCBCBDBDDDABADABCD,,,0,141,,,,,L_T1_GTR___hekomi__,,,,,,,,,51,43,43,543344454000545311500000151400000007310000000000310000000000530000000000,,00000136,,,,,,,,14,14,0,6,6,136,,515513534543331314144451545143,ABAABCACDADCCCBCBDBDDDABADABDC,ABAABCACADCDCCBCBDBDDDABADABCD,,,0,136,,,,,L_T1_GTR___hekomi__,,,,,,,,
11248,29,,,,,,,,,43,43,51,543344000000545311440000151510000007315000000000310000000000535400000000,,00000151,,,,,,,,15,15,0,10,10,151,,51551353454333131414445154514343,ABAABCACDADCCCBCBDBDDDABADABDCDC,ABAABCACADCDCCBCBDBDDDABADABCDCD,,,0,151,,,,,L_T1_GTR___hekomi__,,,,,,,,,51,43,43,543344454000545311500000151400000007310000000000310000000000530000000000,,00000136,,,,,,,,14,14,0,6,6,136,,515513534543331314144451545143,ABAABCACDADCCCBCBDBDDDABADABDC,ABAABCACADCDCCBCBDBDDDABADABCD,,,0,136,,,,,L_T1_GTR___hekomi__,,,,,,,,
11254,30,,,,,,,,,43,43,51,543344000000545311440000151510000007315000000000310000000000535400000000,,00000151,,,,,,,,15,15,0,10,10,151,,51551353454333131414445154514343,ABAABCACDADCCCBCBDBDDDABADABDCDC,ABAABCACADCDCCBCBDBDDDABADABCDCD,,,0,151,,,,,L_T1_GTR___hekomi__,,,,,,,,,43,43,51,543344454000545311550000151410000007310000000000310000000000530000000000,,00000142,,,,,,,,15,15,0,6,6,142,,51551353454333131414445154514343,ABAABCACDADCCCBCBDBDDDABADABDCDC,ABAABCACADCDCCBCBDBDDDABADABCDCD,,,0,142,,,,,L_T1_GTR___hekomi__,,,,,,,,
11303,31,,,,,,,,,43,43,51,543344000000545311440000151510000007315000000000310000000000535400000000,,00000151,,,,,,,,15,15,0,10,10,151,,51551353454333131414445154514343,ABAABCACDADCCCBCBDBDDDABADABDCDC,ABAABCACADCDCCBCBDBDDDABADABCDCD,,,0,151,,,,,L_T1_GTR___hekomi__,,,,,,,,,43,51,11,543344454000545311550000151410000007314000000000313000000000530000000000,,00000153,,,,,,,,16,16,0,11,11,153,,5155135345433313141444515451434351,ABAABCACDADCCCBCBDBDDDABADABDCDCAB,ABAABCACADCDCCBCBDBDDDABADABCDCDAB,,,0,153,,,,,L_T1_GTR___hekomi__,,,,,,,,
11325,32,,,,,,,,,43,51,11,543344000000545311440000151510000007315000000000313000000000535440000000,,00000160,,,,,,,,16,16,0,9,9,160,,5155135345433313141444515451434351,ABAABCACDADCCCBCBDBDDDABADABDCDCAB,ABAABCACADCDCCBCBDBDDDABADABCDCDAB,,,0,160,,,,,L_T1_GTR___hekomi__,,,,,,,,,43,51,11,543344454000545311550000151410000007314000000000313000000000530000000000,,00000153,,,,,,,,16,16,0,11,11,153,,5155135345433313141444515451434351,ABAABCACDADCCCBCBDBDDDABADABDCDCAB,ABAABCACADCDCCBCBDBDDDABADABCDCDAB,,,0,153,,,,,L_T1_GTR___hekomi__,,,,,,,,
11348,33,,,,,,,,,43,51,11,543344000000545311440000151510000007315000000000313000000000535440000000,,00000160,,,,,,,,16,16,0,9,9,160,,5155135345433313141444515451434351,ABAABCACDADCCCBCBDBDDDABADABDCDCAB,ABAABCACADCDCCBCBDBDDDABADABCDCDAB,,,0,160,,,,,L_T1_GTR___hekomi__,,,,,,,,,51,11,15,543344454000545311550000151410000007314400000000313300000000530000000000,,00000163,,,,,,,,17,17,0,10,10,163,,515513534543331314144451545143435111,ABAABCACDADCCCBCBDBDDDABADABDCDCABBB,ABAABCACADCDCCBCBDBDDDABADABCDCDABBB,,,0,163,,,,,L_T1_GTR___hekomi__,,,,,,,,
11372,34,,,,,,,,,51,11,15,543344000000545311440000151510000007315430000000313000000000535440000000,,00000170,,,,,,,,17,17,0,10,10,170,,515513534543331314144451545143435111,ABAABCACDADCCCBCBDBDDDABADABDCDCABBB,ABAABCACADCDCCBCBDBDDDABADABCDCDABBB,,,0,170,,,,,L_T1_GTR___hekomi__,,,,,,,,,51,11,15,543344454000545311550000151410000007314400000000313300000000530000000000,,00000163,,,,,,,,17,17,0,10,10,163,,515513534543331314144451545143435111,ABAABCACDADCCCBCBDBDDDABADABDCDCABBB,ABAABCACADCDCCBCBDBDDDABADABCDCDABBB,,,0,163,,,,,L_T1_GTR___hekomi__,,,,,,,,
11410,35,,,,,,,,,51,11,15,543344000000545311440000151510000007315430000000313000000000535440000000,,00000170,,,,,,,,17,17,0,10,10,170,,515513534543331314144451545143435111,ABAABCACDADCCCBCBDBDDDABADABDCDCABBB,ABAABCACADCDCCBCBDBDDDABADABCDCDABBB,,,0,170,,,,,L_T1_GTR___hekomi__,,,,,,,,,11,15,45,543344454000545311551000151415000007314400000000313300000000530000000000,,00000168,,,,,,,,18,18,0,5,5,168,,51551353454333131414445154514343511115,ABAABCACDADCCCBCBDBDDDABADABDCDCABBBBA,ABAABCACADCDCCBCBDBDDDABADABCDCDABBBAB,,,0,168,,,,,L_T1_GTR___hekomi__,,,,,,,,
11441,36,,,,,,,,,11,15,45,543344000000545311440000151510000007315430000000313500000000535441000000,,00000178,,,,,,,,18,18,0,8,8,178,,51551353454333131414445154514343511115,ABAABCACDADCCCBCBDBDDDABADABDCDCABBBBA,ABAABCACADCDCCBCBDBDDDABADABCDCDABBBAB,,,0,178,,,,,L_T1_GTR___hekomi__,,,,,,,,,11,15,45,543344454000545311551000151415000007314400000000313300000000530000000000,,00000168,,,,,,,,18,18,0,5,5,168,,51551353454333131414445154514343511115,ABAABCACDADCCCBCBDBDDDABADABDCDCABBBBA,ABAABCACADCDCCBCBDBDDDABADABCDCDABBBAB,,,0,168,,,,,L_T1_GTR___hekomi__,,,,,,,,
11444,37,,,,,,,,,11,15,45,543344000000545311440000151510000007315430000000313500000000535441000000,,00000178,,,,,,,,18,18,0,8,8,178,,51551353454333131414445154514343511115,ABAABCACDADCCCBCBDBDDDABADABDCDCABBBBA,ABAABCACADCDCCBCBDBDDDABADABCDCDABBBAB,,,0,178,,,,,L_T1_GTR___hekomi__,,,,,,,,,15,45,44,543344454000545311551110151415000007314400000000313300000000530000000000,,00000172,,,,,,,,19,19,0,4,4,172,,5155135345433313141444515451434351111545,ABAABCACDADCCCBCBDBDDDABADABDCDCABBBBADA,ABAABCACADCDCCBCBDBDDDABADABCDCDABBBABAD,,,0,172,,,,,L_T1_GTR___hekomi__,,,,,,,,
11469,38,,,,,,,,,11,15,45,543344000000545311440000151510000007315430000000313500000000535441000000,,00000178,,,,,,,,18,18,0,8,8,178,,51551353454333131414445154514343511115,ABAABCACDADCCCBCBDBDDDABADABDCDCABBBBA,ABAABCACADCDCCBCBDBDDDABADABCDCDABBBAB,,,0,178,,,,,L_T1_GTR___hekomi__,,,,,,,,,,45,44,543344454000545311551110151415510007314400000000313300000000530000000000,,bb50abb2,,,,,,,,20,0,1,bb50abb2,100,272,,5155135345433313141444515451434351111545,ABAABCACDADCCCBCBDBDDDABADABDCDCABBBBADA,ABAABCACADCDCCBCBDBDDDABADABCDCDABBBABAD,,,1,272,,,,,L_T1_GTR___hekomi__,,,,,,,,
11479,39,,,,,,,,,15,45,44,543344110000545311440000151510000007315430000000313500000000535441000000,,00000184,,,,,,,,19,19,0,6,6,184,,5155135345433313141444515451434351111545,ABAABCACDADCCCBCBDBDDDABADABDCDCABBBBADA,ABAABCACADCDCCBCBDBDDDABADABCDCDABBBABAD,,,0,184,,,,,L_T1_GTR___hekomi__,,,,,,,,,,45,44,543344454000545311551110151415510007314400000000313300000000530000000000,,bb50abb2,,,,,,,,20,0,1,bb50abb2,100,272,,5155135345433313141444515451434351111545,ABAABCACDADCCCBCBDBDDDABADABDCDCABBBBADA,ABAABCACADCDCCBCBDBDDDABADABCDCDABBBABAD,,,1,272,,,,,L_T1_GTR___hekomi__,,,,,,,,
11517,40,,,,,,,,,45,44,43,543344111500545311440000151510000007315430000000313500000000535441000000,,00000189,,,,,,,,20,20,0,5,5,189,,515513534543331314144451545143435111154544,ABAABCACDADCCCBCBDBDDDABADABDCDCABBBBADADD,ABAABCACADCDCCBCBDBDDDABADABCDCDABBBABADDD,,,0,189,,,,,L_T1_GTR___hekomi__,,,,,,,,,,45,44,543344454000545311551110151415510007314400000000313300000000530000000000,,bb50abb2,,,,,,,,20,0,1,bb50abb2,100,272,,5155135345433313141444515451434351111545,ABAABCACDADCCCBCBDBDDDABADABDCDCABBBBADA,ABAABCACADCDCCBCBDBDDDABADABCDCDABBBABAD,,,1,272,,,,,L_T1_GTR___hekomi__,,,,,,,,
11551,41,,,,,,,,,45,44,43,543344111500545311440000151510000007315430000000313500000000535441000000,,00000189,,,,,,,,20,20,0,5,5,189,,515513534543331314144451545143435111154544,ABAABCACDADCCCBCBDBDDDABADABDCDCABBBBADADD,ABAABCACADCDCCBCBDBDDDABADABCDCDABBBABADDD,,,0,189,,,,,L_T1_GTR___hekomi__,,,,,,,,,,45,44,543344440000545311111000151411000007314400000000313300000000530000000000,,b110ab15,,,,,,,,21,0,2,b110ab15,1650,1922,,5155135345433313141444515451434351111545,ABAABCACDADCCCBCBDBDDDABADABDCDCABBBBADA,ABAABCACADCDCCBCBDBDDDABADABCDCDABBBABAD,,,2,1922,,,,,L_T1_GTR___hekomi__,,,,,,,,
11557,42,,,,,,,,,44,43,55,543344111500545311444500151510000007315430000000313500000000535441000000,,00000194,,,,,,,,21,21,0,5,5,194,,51551353454333131414445154514343511115454443,ABAABCACDADCCCBCBDBDDDABADABDCDCABBBBADADDDC,ABAABCACADCDCCBCBDBDDDABADABCDCDABBBABADDDCD,,,0,194,,,,,L_T1_GTR___hekomi__,,,,,,,,,,45,44,543344440000545311111000151411000007314400000000313300000000530000000000,,b110ab15,,,,,,,,21,0,2,b110ab15,1650,1922,,5155135345433313141444515451434351111545,ABAABCACDADCCCBCBDBDDDABADABDCDCABBBBADA,ABAABCACADCDCCBCBDBDDDABADABCDCDABBBABAD,,,2,1922,,,,,L_T1_GTR___hekomi__,,,,,,,,
11588,43,,,,,,,,,43,55,13,543344111544545311444500151510000007315430000000313500000000535441000000,,00000196,,,,,,,,22,22,0,2,2,196,,5155135345433313141444515451434351111545444355,ABAABCACDADCCCBCBDBDDDABADABDCDCABBBBADADDDCAA,ABAABCACADCDCCBCBDBDDDABADABCDCDABBBABADDDCDAA,,,0,196,,,,,L_T1_GTR___hekomi__,,,,,,,,,,45,44,543344440000545311111000151411000007314400000000313300000000530000000000,,b110ab15,,,,,,,,21,0,2,b110ab15,1650,1922,,5155135345433313141444515451434351111545,ABAABCACDADCCCBCBDBDDDABADABDCDCABBBBADA,ABAABCACADCDCCBCBDBDDDABADABCDCDABBBABAD,,,2,1922,,,,,L_T1_GTR___hekomi__,,,,,,,,
11616,44,,,,,,,,,43,55,13,543344111544545311444500151510000007315430000000313500000000535441000000,,00000196,,,,,,,,22,22,0,2,2,196,,5155135345433313141444515451434351111545444355,ABAABCACDADCCCBCBDBDDDABADABDCDCABBBBADADDDCAA,ABAABCACADCDCCBCBDBDDDABADABCDCDABBBABADDDCDAA,,,0,196,,,,,L_T1_GTR___hekomi__,,,,,,,,,45,44,43,543300000000545300000000151400000007314400000000313300000000530000000000,,00001928,,,,,,,,22,1,0,6,6,1928,,515513534543331314144451545143435111154544,ABAABCACDADCCCBCBDBDDDABADABDCDCABBBBADADD,ABAABCACADCDCCBCBDBDDDABADABCDCDABBBABADDD,,,2,1928,,,,,L_T1_GTR___hekomi__,,,,,,,,
11662,45,,,,,,,,,43,55,13,543344111544545311444500151510000007315430000000313500000000535441000000,,00000196,,,,,,,,22,22,0,2,2,196,,5155135345433313141444515451434351111545444355,ABAABCACDADCCCBCBDBDDDABADABDCDCABBBBADADDDCAA,ABAABCACADCDCCBCBDBDDDABADABCDCDABBBABADDDCDAA,,,0,196,,,,,L_T1_GTR___hekomi__,,,,,,,,,44,43,55,543300000000545300000000151400000007314400000000313354000000530000000000,,00001936,,,,,,,,23,2,0,8,8,1936,,51551353454333131414445154514343511115454443,ABAABCACDADCCCBCBDBDDDABADABDCDCABBBBADADDDC,ABAABCACADCDCCBCBDBDDDABADABCDCDABBBABADDDCD,,,2,1936,,,,,L_T1_GTR___hekomi__,,,,,,,,
11702,46,,,,,,,,,43,55,13,543344111544545311444500151510000007315430000000313500000000535441000000,,00000196,,,,,,,,22,22,0,2,2,196,,5155135345433313141444515451434351111545444355,ABAABCACDADCCCBCBDBDDDABADABDCDCABBBBADADDDCAA,ABAABCACADCDCCBCBDBDDDABADABCDCDABBBABADDDCDAA,,,0,196,,,,,L_T1_GTR___hekomi__,,,,,,,,,43,55,13,543300000000545300000000151400000007314400000000313354440000530000000000,,00001942,,,,,,,,24,3,0,6,6,1942,,5155135345433313141444515451434351111545444355,ABAABCACDADCCCBCBDBDDDABADABDCDCABBBBADADDDCAA,ABAABCACADCDCCBCBDBDDDABADABCDCDABBBABADDDCDAA,,,2,1942,,,,,L_T1_GTR___hekomi__,,,,,,,,
11732,47,,,,,,,,,55,13,14,543344111544545311444543151516666007315436666600313566660000535441666660,,00000197,,,,,,,,23,23,0,1,1,197,,515513534543331314144451545143435111154544435513,ABAABCACDADCCCBCBDBDDDABADABDCDCABBBBADADDDCAABC,ABAABCACADCDCCBCBDBDDDABADABCDCDABBBABADDDCDAABC,,,0,197,,,,,L_T1_GTR___hekomi__,,,,,,,,,43,55,13,543300000000545300000000151400000007314400000000313354440000530000000000,,00001942,,,,,,,,24,3,0,6,6,1942,,5155135345433313141444515451434351111545444355,ABAABCACDADCCCBCBDBDDDABADABDCDCABBBBADADDDCAA,ABAABCACADCDCCBCBDBDDDABADABCDCDABBBABADDDCDAA,,,2,1942,,,,,L_T1_GTR___hekomi__,,,,,,,,
11742,48,,,,,,,,,55,13,14,543344111544545311444543151516666007315436666600313566660000535441666660,,00000197,,,,,,,,23,23,0,1,1,197,,515513534543331314144451545143435111154544435513,ABAABCACDADCCCBCBDBDDDABADABDCDCABBBBADADDDCAABC,ABAABCACADCDCCBCBDBDDDABADABCDCDABBBABADDDCDAABC,,,0,197,,,,,L_T1_GTR___hekomi__,,,,,,,,,,55,13,543300000000545300000000151400000007314400000000313354440000533400000000,,bb40abb1,,,,,,,,25,0,1,bb40abb1,40,1982,,5155135345433313141444515451434351111545444355,ABAABCACDADCCCBCBDBDDDABADABDCDCABBBBADADDDCAA,ABAABCACADCDCCBCBDBDDDABADABCDCDABBBABADDDCDAA,,,2,1982,,,,,L_T1_GTR___hekomi__,,,,,,,,
11755,49,,,,,,,,,,13,14,543344111544545311444543151516666557315436666600313566660000535441666660,,bb40abb1,,,,,,,,24,0,1,bb40abb1,40,237,,515513534543331314144451545143435111154544435513,ABAABCACDADCCCBCBDBDDDABADABDCDCABBBBADADDDCAABC,ABAABCACADCDCCBCBDBDDDABADABCDCDABBBABADDDCDAABC,,,1,237,,,,,L_T1_GTR___hekomi__,,,,,,,,,,55,13,543300000000545300000000151400000007314400000000313354440000533400000000,,bb40abb1,,,,,,,,25,0,1,bb40abb1,40,1982,,5155135345433313141444515451434351111545444355,ABAABCACDADCCCBCBDBDDDABADABDCDCABBBBADADDDCAA,ABAABCACADCDCCBCBDBDDDABADABCDCDABBBABADDDCDAA,,,2,1982,,,,,L_T1_GTR___hekomi__,,,,,,,,
11825,50,,,,,,,,,,13,14,543344111544545311444543151516666557315436666600313566660000535441666660,,bb40abb1,,,,,,,,24,0,1,bb40abb1,40,237,,515513534543331314144451545143435111154544435513,ABAABCACDADCCCBCBDBDDDABADABDCDCABBBBADADDDCAABC,ABAABCACADCDCCBCBDBDDDABADABCDCDABBBABADDDCDAABC,,,1,237,,,,,L_T1_GTR___hekomi__,,,,,,,,,,55,13,543300000000545300000000151400000007314400000000315444000000540000000000,,bb60ab11,,,,,,,,26,0,2,bb60ab11,660,2642,,5155135345433313141444515451434351111545444355,ABAABCACDADCCCBCBDBDDDABADABDCDCABBBBADADDDCAA,ABAABCACADCDCCBCBDBDDDABADABCDCDABBBABADDDCDAA,,,2,2642,,,,,L_T1_GTR___hekomi__,,,,,,,,
11835,51,,,,,,,,,,13,14,543344111446545311444436151516660007315436666000313566660000535441666660,,bb60ab11,,,,,,,,25,0,2,bb60ab11,660,897,,515513534543331314144451545143435111154544435513,ABAABCACDADCCCBCBDBDDDABADABDCDCABBBBADADDDCAABC,ABAABCACADCDCCBCBDBDDDABADABCDCDABBBABADDDCDAABC,,,2,897,,,,,L_T1_GTR___hekomi__,,,,,,,,,,55,13,543300000000545300000000151400000007314400000000315444000000540000000000,,bb60ab11,,,,,,,,26,0,2,bb60ab11,660,2642,,5155135345433313141444515451434351111545444355,ABAABCACDADCCCBCBDBDDDABADABDCDCABBBBADADDDCAA,ABAABCACADCDCCBCBDBDDDABADABCDCDABBBABADDDCDAA,,,2,2642,,,,,L_T1_GTR___hekomi__,,,,,,,,
11890,52,,,,,,,,,,13,14,543344111446545311444436151516660007315436666000313566660000535441666660,,bb60ab11,,,,,,,,25,0,2,bb60ab11,660,897,,515513534543331314144451545143435111154544435513,ABAABCACDADCCCBCBDBDDDABADABDCDCABBBBADADDDCAABC,ABAABCACADCDCCBCBDBDDDABADABCDCDABBBABADDDCDAABC,,,2,897,,,,,L_T1_GTR___hekomi__,,,,,,,,,55,13,14,543300000000545300000000151000000007310000000000315000000000540000000000,,00002652,,,,,,,,27,1,0,10,10,2652,,515513534543331314144451545143435111154544435513,ABAABCACDADCCCBCBDBDDDABADABDCDCABBBBADADDDCAABC,ABAABCACADCDCCBCBDBDDDABADABCDCDABBBABADDDCDAABC,,,2,2652,,,,,L_T1_GTR___hekomi__,,,,,,,,
11930,53,,,,,,,,,13,14,43,543344111000545311360000151516000007315436666000313566620000535441666660,,00000901,,,,,,,,26,1,0,4,4,901,,51551353454333131414445154514343511115454443551314,ABAABCACDADCCCBCBDBDDDABADABDCDCABBBBADADDDCAABCBD,ABAABCACADCDCCBCBDBDDDABADABCDCDABBBABADDDCDAABCBD,,,2,901,,,,,L_T1_GTR___hekomi__,,,,,,,,,55,13,14,543300000000545300000000151000000007310000000000315000000000540000000000,,00002652,,,,,,,,27,1,0,10,10,2652,,515513534543331314144451545143435111154544435513,ABAABCACDADCCCBCBDBDDDABADABDCDCABBBBADADDDCAABC,ABAABCACADCDCCBCBDBDDDABADABCDCDABBBABADDDCDAABC,,,2,2652,,,,,L_T1_GTR___hekomi__,,,,,,,,
11966,54,,,,,,,,,14,43,44,543344111000545311363100151516000007315436666000313566660000535441666660,,00000905,,,,,,,,27,2,0,4,4,905,,5155135345433313141444515451434351111545444355131443,ABAABCACDADCCCBCBDBDDDABADABDCDCABBBBADADDDCAABCBDDC,ABAABCACADCDCCBCBDBDDDABADABCDCDABBBABADDDCDAABCBDCD,,,2,905,,,,,L_T1_GTR___hekomi__,,,,,,,,,55,13,14,543300000000545300000000151000000007310000000000315000000000540000000000,,00002652,,,,,,,,27,1,0,10,10,2652,,515513534543331314144451545143435111154544435513,ABAABCACDADCCCBCBDBDDDABADABDCDCABBBBADADDDCAABC,ABAABCACADCDCCBCBDBDDDABADABCDCDABBBABADDDCDAABC,,,2,2652,,,,,L_T1_GTR___hekomi__,,,,,,,,
11990,55,,,,,,,,,14,43,44,543344111000545311363100151516000007315436666000313566660000535441666660,,00000905,,,,,,,,27,2,0,4,4,905,,5155135345433313141444515451434351111545444355131443,ABAABCACDADCCCBCBDBDDDABADABDCDCABBBBADADDDCAABCBDDC,ABAABCACADCDCCBCBDBDDDABADABCDCDABBBABADDDCDAABCBDCD,,,2,905,,,,,L_T1_GTR___hekomi__,,,,,,,,,13,14,43,543300000000545360000000151000000007316000000000315550000000540000000000,,00002661,,,,,,,,28,2,0,9,9,2661,,51551353454333131414445154514343511115454443551314,ABAABCACDADCCCBCBDBDDDABADABDCDCABBBBADADDDCAABCBD,ABAABCACADCDCCBCBDBDDDABADABCDCDABBBABADDDCDAABCBD,,,2,2661,,,,,L_T1_GTR___hekomi__,,,,,,,,
12008,56,,,,,,,,,43,44,55,543344111000545311363100151516140007315436666000313566660000535441666660,,00000912,,,,,,,,28,3,0,7,7,912,,515513534543331314144451545143435111154544435513144344,ABAABCACDADCCCBCBDBDDDABADABDCDCABBBBADADDDCAABCBDDCDD,ABAABCACADCDCCBCBDBDDDABADABCDCDABBBABADDDCDAABCBDCDDD,,,2,912,,,,,L_T1_GTR___hekomi__,,,,,,,,,13,14,43,543300000000545360000000151000000007316000000000315550000000540000000000,,00002661,,,,,,,,28,2,0,9,9,2661,,51551353454333131414445154514343511115454443551314,ABAABCACDADCCCBCBDBDDDABADABDCDCABBBBADADDDCAABCBD,ABAABCACADCDCCBCBDBDDDABADABCDCDABBBABADDDCDAABCBD,,,2,2661,,,,,L_T1_GTR___hekomi__,,,,,,,,
12034,57,,,,,,,,,43,44,55,543344111000545311363100151516140007315436666000313566660000535441666660,,00000912,,,,,,,,28,3,0,7,7,912,,515513534543331314144451545143435111154544435513144344,ABAABCACDADCCCBCBDBDDDABADABDCDCABBBBADADDDCAABCBDDCDD,ABAABCACADCDCCBCBDBDDDABADABCDCDABBBABADDDCDAABCBDCDDD,,,2,912,,,,,L_T1_GTR___hekomi__,,,,,,,,,14,43,44,543300000000545360000000151100000007316300000000315000000000540000000000,,00002671,,,,,,,,29,3,0,10,10,2671,,5155135345433313141444515451434351111545444355131443,ABAABCACDADCCCBCBDBDDDABADABDCDCABBBBADADDDCAABCBDDC,ABAABCACADCDCCBCBDBDDDABADABCDCDABBBABADDDCDAABCBDCD,,,2,2671,,,,,L_T1_GTR___hekomi__,,,,,,,,
12065,58,,,,,,,,,44,55,55,543344111000545311363130151516144007315436662000313566660000535441666660,,00000915,,,,,,,,29,4,0,3,3,915,,51551353454333131414445154514343511115454443551314434455,ABAABCACDADCCCBCBDBDDDABADABDCDCABBBBADADDDCAABCBDDCDDAA,ABAABCACADCDCCBCBDBDDDABADABCDCDABBBABADDDCDAABCBDCDDDAA,,,2,915,,,,,L_T1_GTR___hekomi__,,,,,,,,,14,43,44,543300000000545360000000151100000007316300000000315000000000540000000000,,00002671,,,,,,,,29,3,0,10,10,2671,,5155135345433313141444515451434351111545444355131443,ABAABCACDADCCCBCBDBDDDABADABDCDCABBBBADADDDCAABCBDDC,ABAABCACADCDCCBCBDBDDDABADABCDCDABBBABADDDCDAABCBDCD,,,2,2671,,,,,L_T1_GTR___hekomi__,,,,,,,,
12076,59,,,,,,,,,44,55,55,543344111000545311363130151516144007315436662000313566660000535441666660,,00000915,,,,,,,,29,4,0,3,3,915,,51551353454333131414445154514343511115454443551314434455,ABAABCACDADCCCBCBDBDDDABADABDCDCABBBBADADDDCAABCBDDCDDAA,ABAABCACADCDCCBCBDBDDDABADABCDCDABBBABADDDCDAABCBDCDDDAA,,,2,915,,,,,L_T1_GTR___hekomi__,,,,,,,,,43,44,55,543300000000545360000000151114000007316300000000315550000000540000000000,,00002680,,,,,,,,30,4,0,9,9,2680,,515513534543331314144451545143435111154544435513144344,ABAABCACDADCCCBCBDBDDDABADABDCDCABBBBADADDDCAABCBDDCDD,ABAABCACADCDCCBCBDBDDDABADABCDCDABBBABADDDCDAABCBDCDDD,,,2,2680,,,,,L_T1_GTR___hekomi__,,,,,,,,
12095,60,,,,,,,,,,55,55,543344111000545311363130151516144407315436666400313566660000535441666660,,bb40abb1,,,,,,,,30,0,1,bb40abb1,40,955,,51551353454333131414445154514343511115454443551314434455,ABAABCACDADCCCBCBDBDDDABADABDCDCABBBBADADDDCAABCBDDCDDAA,ABAABCACADCDCCBCBDBDDDABADABCDCDABBBABADDDCDAABCBDCDDDAA,,,2,955,,,,,L_T1_GTR___hekomi__,,,,,,,,,43,44,55,543300000000545360000000151114000007316300000000315550000000540000000000,,00002680,,,,,,,,30,4,0,9,9,2680,,515513534543331314144451545143435111154544435513144344,ABAABCACDADCCCBCBDBDDDABADABDCDCABBBBADADDDCAABCBDDCDD,ABAABCACADCDCCBCBDBDDDABADABCDCDABBBABADDDCDAABCBDCDDD,,,2,2680,,,,,L_T1_GTR___hekomi__,,,,,,,,
12124,61,,,,,,,,,,55,55,543344111000545311363130151516144407315436666400313566660000535441666660,,bb40abb1,,,,,,,,30,0,1,bb40abb1,40,955,,51551353454333131414445154514343511115454443551314434455,ABAABCACDADCCCBCBDBDDDABADABDCDCABBBBADADDDCAABCBDDCDDAA,ABAABCACADCDCCBCBDBDDDABADABCDCDABBBABADDDCDAABCBDCDDDAA,,,2,955,,,,,L_T1_GTR___hekomi__,,,,,,,,,44,55,55,543300000000545360000000151114000007316334000000315550000000540000000000,,00002688,,,,,,,,31,5,0,8,8,2688,,51551353454333131414445154514343511115454443551314434455,ABAABCACDADCCCBCBDBDDDABADABDCDCABBBBADADDDCAABCBDDCDDAA,ABAABCACADCDCCBCBDBDDDABADABCDCDABBBABADDDCDAABCBDCDDDAA,,,2,2688,,,,,L_T1_GTR___hekomi__,,,,,,,,
12174,62,,,,,,,,,,55,55,543344111000545311331300151516100007315436600000313566660000535441666660,,bb40abb8,,,,,,,,31,0,2,bb40abb8,320,1275,,51551353454333131414445154514343511115454443551314434455,ABAABCACDADCCCBCBDBDDDABADABDCDCABBBBADADDDCAABCBDDCDDAA,ABAABCACADCDCCBCBDBDDDABADABCDCDABBBABADDDCDAABCBDCDDDAA,,,2,1275,,,,,L_T1_GTR___hekomi__,,,,,,,,,44,55,55,543300000000545360000000151114000007316334000000315550000000540000000000,,00002688,,,,,,,,31,5,0,8,8,2688,,51551353454333131414445154514343511115454443551314434455,ABAABCACDADCCCBCBDBDDDABADABDCDCABBBBADADDDCAABCBDDCDDAA,ABAABCACADCDCCBCBDBDDDABADABCDCDABBBABADDDCDAABCBDCDDDAA,,,2,2688,,,,,L_T1_GTR___hekomi__,,,,,,,,
12198,63,,,,,,,,,,55,55,543344111000545311331300151516100007315436600000313566660000535441666660,,bb40abb8,,,,,,,,31,0,2,bb40abb8,320,1275,,51551353454333131414445154514343511115454443551314434455,ABAABCACDADCCCBCBDBDDDABADABDCDCABBBBADADDDCAABCBDDCDDAA,ABAABCACADCDCCBCBDBDDDABADABCDCDABBBABADDDCDAABCBDCDDDAA,,,2,1275,,,,,L_T1_GTR___hekomi__,,,,,,,,,55,55,53,543300000000545360000000151114000007316334000000315554000000544000000000,,00002696,,,,,,,,32,6,0,8,8,2696,,5155135345433313141444515451434351111545444355131443445555,ABAABCACDADCCCBCBDBDDDABADABDCDCABBBBADADDDCAABCBDDCDDAAAA,ABAABCACADCDCCBCBDBDDDABADABCDCDABBBABADDDCDAABCBDCDDDAAAA,,,2,2696,,,,,L_T1_GTR___hekomi__,,,,,,,,
12238,64,,,,,,,,,,55,55,543344111000545311331300151516100007315436600000313566660000535441666660,,bb40abb8,,,,,,,,31,0,2,bb40abb8,320,1275,,51551353454333131414445154514343511115454443551314434455,ABAABCACDADCCCBCBDBDDDABADABDCDCABBBBADADDDCAABCBDDCDDAA,ABAABCACADCDCCBCBDBDDDABADABCDCDABBBABADDDCDAABCBDCDDDAA,,,2,1275,,,,,L_T1_GTR___hekomi__,,,,,,,,,55,53,14,543300000000545360000000151114000007316334000000315554550000544000000000,,00002702,,,,,,,,33,7,0,6,6,2702,,515513534543331314144451545143435111154544435513144344555553,ABAABCACDADCCCBCBDBDDDABADABDCDCABBBBADADDDCAABCBDDCDDAAAAAC,ABAABCACADCDCCBCBDBDDDABADABCDCDABBBABADDDCDAABCBDCDDDAAAAAC,,,2,2702,,,,,L_T1_GTR___hekomi__,,,,,,,,
12265,65,,,,,,,,,55,55,53,543344000000545311333000151516100007315436600000313566660000535441666660,,00001279,,,,,,,,32,1,0,4,4,1279,,5155135345433313141444515451434351111545444355131443445555,ABAABCACDADCCCBCBDBDDDABADABDCDCABBBBADADDDCAABCBDDCDDAAAA,ABAABCACADCDCCBCBDBDDDABADABCDCDABBBABADDDCDAABCBDCDDDAAAA,,,2,1279,,,,,L_T1_GTR___hekomi__,,,,,,,,,55,53,14,543300000000545360000000151114000007316334000000315554550000544000000000,,00002702,,,,,,,,33,7,0,6,6,2702,,515513534543331314144451545143435111154544435513144344555553,ABAABCACDADCCCBCBDBDDDABADABDCDCABBBBADADDDCAABCBDDCDDAAAAAC,ABAABCACADCDCCBCBDBDDDABADABCDCDABBBABADDDCDAABCBDCDDDAAAAAC,,,2,2702,,,,,L_T1_GTR___hekomi__,,,,,,,,
12308,66,,,,,,,,,55,53,14,543344550000545311333000151516100007315436600000313566660000535441666660,,00001285,,,,,,,,33,2,0,6,6,1285,,515513534543331314144451545143435111154544435513144344555553,ABAABCACDADCCCBCBDBDDDABADABDCDCABBBBADADDDCAABCBDDCDDAAAAAC,ABAABCACADCDCCBCBDBDDDABADABCDCDABBBABADDDCDAABCBDCDDDAAAAAC,,,2,1285,,,,,L_T1_GTR___hekomi__,,,,,,,,,55,53,14,543300000000545360000000151114000007316334000000315554550000544000000000,,00002702,,,,,,,,33,7,0,6,6,2702,,515513534543331314144451545143435111154544435513144344555553,ABAABCACDADCCCBCBDBDDDABADABDCDCABBBBADADDDCAABCBDDCDDAAAAAC,ABAABCACADCDCCBCBDBDDDABADABCDCDABBBABADDDCDAABCBDCDDDAAAAAC,,,2,2702,,,,,L_T1_GTR___hekomi__,,,,,,,,
12330,67,,,,,,,,,55,53,14,543344550000545311333000151516100007315436600000313566660000535441666660,,00001285,,,,,,,,33,2,0,6,6,1285,,515513534543331314144451545143435111154544435513144344555553,ABAABCACDADCCCBCBDBDDDABADABDCDCABBBBADADDDCAABCBDDCDDAAAAAC,ABAABCACADCDCCBCBDBDDDABADABCDCDABBBABADDDCDAABCBDCDDDAAAAAC,,,2,1285,,,,,L_T1_GTR___hekomi__,,,,,,,,,53,14,51,543360000000545365560000151114600007316334600000315554556000544600000000,,00002709,,,,,,,,34,8,0,7,7,2709,,51551353454333131414445154514343511115454443551314434455555314,ABAABCACDADCCCBCBDBDDDABADABDCDCABBBBADADDDCAABCBDDCDDAAAAACBD,ABAABCACADCDCCBCBDBDDDABADABCDCDABBBABADDDCDAABCBDCDDDAAAAACBD,,,2,2709,,,,,L_T1_GTR___hekomi__,,,,,,,,
12361,68,,,,,,,,,53,14,51,543344555000545311333500151516100007315436600000313566660000535441666660,,00001289,,,,,,,,34,3,0,4,4,1289,,51551353454333131414445154514343511115454443551314434455555314,ABAABCACDADCCCBCBDBDDDABADABDCDCABBBBADADDDCAABCBDDCDDAAAAACBD,ABAABCACADCDCCBCBDBDDDABADABCDCDABBBABADDDCDAABCBDCDDDAAAAACBD,,,2,1289,,,,,L_T1_GTR___hekomi__,,,,,,,,,53,14,51,543360000000545365560000151114600007316334600000315554556000544600000000,,00002709,,,,,,,,34,8,0,7,7,2709,,51551353454333131414445154514343511115454443551314434455555314,ABAABCACDADCCCBCBDBDDDABADABDCDCABBBBADADDDCAABCBDDCDDAAAAACBD,ABAABCACADCDCCBCBDBDDDABADABCDCDABBBABADDDCDAABCBDCDDDAAAAACBD,,,2,2709,,,,,L_T1_GTR___hekomi__,,,,,,,,
12399,70,,,,,,,,,14,51,35,543344555000545311333500151516100007315436600000313566663500535441666660,,00001293,,,,,,,,35,4,0,4,4,1293,,5155135345433313141444515451434351111545444355131443445555531451,ABAABCACDADCCCBCBDBDDDABADABDCDCABBBBADADDDCAABCBDDCDDAAAAACBDAB,ABAABCACADCDCCBCBDBDDDABADABCDCDABBBABADDDCDAABCBDCDDDAAAAACBDAB,,,2,1293,,,,,L_T1_GTR___hekomi__,,,,,,,,,14,51,35,543365000000545365563000151114600007316334600000315554556000544600000000,,00002715,,,,,,,,35,9,0,6,6,2715,,5155135345433313141444515451434351111545444355131443445555531451,ABAABCACDADCCCBCBDBDDDABADABDCDCABBBBADADDDCAABCBDDCDDAAAAACBDAB,ABAABCACADCDCCBCBDBDDDABADABCDCDABBBABADDDCDAABCBDCDDDAAAAACBDAB,,,2,2715,,,,,L_T1_GTR___hekomi__,,,,,,,,
12432,71,,,,,,,,,14,51,35,543344555000545311333500151516100007315436600000313566663500535441666660,,00001293,,,,,,,,35,4,0,4,4,1293,,5155135345433313141444515451434351111545444355131443445555531451,ABAABCACDADCCCBCBDBDDDABADABDCDCABBBBADADDDCAABCBDDCDDAAAAACBDAB,ABAABCACADCDCCBCBDBDDDABADABCDCDABBBABADDDCDAABCBDCDDDAAAAACBDAB,,,2,1293,,,,,L_T1_GTR___hekomi__,,,,,,,,,51,35,34,543365000000545365563000151114641007316334600000315554356000544600000000,,00002719,,,,,,,,36,10,0,4,4,2719,,515513534543331314144451545143435111154544435513144344555553145135,ABAABCACDADCCCBCBDBDDDABADABDCDCABBBBADADDDCAABCBDDCDDAAAAACBDABCA,ABAABCACADCDCCBCBDBDDDABADABCDCDABBBABADDDCDAABCBDCDDDAAAAACBDABAC,,,2,2719,,,,,L_T1_GTR___hekomi__,,,,,,,,
12452,72,,,,,,,,,51,35,34,543344555400545311333510151516100007315436600000313566663500535441666660,,00001296,,,,,,,,36,5,0,3,3,1296,,515513534543331314144451545143435111154544435513144344555553145135,ABAABCACDADCCCBCBDBDDDABADABDCDCABBBBADADDDCAABCBDDCDDAAAAACBDABCA,ABAABCACADCDCCBCBDBDDDABADABCDCDABBBABADDDCDAABCBDCDDDAAAAACBDABAC,,,2,1296,,,,,L_T1_GTR___hekomi__,,,,,,,,,51,35,34,543365000000545365563000151114641007316334600000315554356000544600000000,,00002719,,,,,,,,36,10,0,4,4,2719,,515513534543331314144451545143435111154544435513144344555553145135,ABAABCACDADCCCBCBDBDDDABADABDCDCABBBBADADDDCAABCBDDCDDAAAAACBDABCA,ABAABCACADCDCCBCBDBDDDABADABCDCDABBBABADDDCDAABCBDCDDDAAAAACBDABAC,,,2,2719,,,,,L_T1_GTR___hekomi__,,,,,,,,
12475,73,,,,,,,,,51,35,34,543344555400545311333510151516100007315436600000313566663500535441666660,,00001296,,,,,,,,36,5,0,3,3,1296,,515513534543331314144451545143435111154544435513144344555553145135,ABAABCACDADCCCBCBDBDDDABADABDCDCABBBBADADDDCAABCBDDCDDAAAAACBDABCA,ABAABCACADCDCCBCBDBDDDABADABCDCDABBBABADDDCDAABCBDCDDDAAAAACBDABAC,,,2,1296,,,,,L_T1_GTR___hekomi__,,,,,,,,,35,34,14,543365000000545365563000151114641007316334615000315554556000544600000000,,00002724,,,,,,,,37,11,0,5,5,2724,,51551353454333131414445154514343511115454443551314434455555314513534,ABAABCACDADCCCBCBDBDDDABADABDCDCABBBBADADDDCAABCBDDCDDAAAAACBDABCACD,ABAABCACADCDCCBCBDBDDDABADABCDCDABBBABADDDCDAABCBDCDDDAAAAACBDABACCD,,,2,2724,,,,,L_T1_GTR___hekomi__,,,,,,,,
12492,74,,,,,,,,,35,34,14,543344555400545311333510151516110007315436650000313566663500535441666660,,00001302,,,,,,,,37,6,0,6,6,1302,,51551353454333131414445154514343511115454443551314434455555314513534,ABAABCACDADCCCBCBDBDDDABADABDCDCABBBBADADDDCAABCBDDCDDAAAAACBDABCACD,ABAABCACADCDCCBCBDBDDDABADABCDCDABBBABADDDCDAABCBDCDDDAAAAACBDABACCD,,,2,1302,,,,,L_T1_GTR___hekomi__,,,,,,,,,35,34,14,543365000000545365563000151114641007316334615000315554556000544600000000,,00002724,,,,,,,,37,11,0,5,5,2724,,51551353454333131414445154514343511115454443551314434455555314513534,ABAABCACDADCCCBCBDBDDDABADABDCDCABBBBADADDDCAABCBDDCDDAAAAACBDABCACD,ABAABCACADCDCCBCBDBDDDABADABCDCDABBBABADDDCDAABCBDCDDDAAAAACBDABACCD,,,2,2724,,,,,L_T1_GTR___hekomi__,,,,,,,,
12510,75,,,,,,,,,35,34,14,543344555400545311333510151516110007315436650000313566663500535441666660,,00001302,,,,,,,,37,6,0,6,6,1302,,51551353454333131414445154514343511115454443551314434455555314513534,ABAABCACDADCCCBCBDBDDDABADABDCDCABBBBADADDDCAABCBDDCDDAAAAACBDABCACD,ABAABCACADCDCCBCBDBDDDABADABCDCDABBBABADDDCDAABCBDCDDDAAAAACBDABACCD,,,2,1302,,,,,L_T1_GTR___hekomi__,,,,,,,,,34,14,14,543365000000545365563300151114641507316334615000315554556000544600000000,,00002728,,,,,,,,38,12,0,4,4,2728,,5155135345433313141444515451434351111545444355131443445555531451353414,ABAABCACDADCCCBCBDBDDDABADABDCDCABBBBADADDDCAABCBDDCDDAAAAACBDABCACDBD,ABAABCACADCDCCBCBDBDDDABADABCDCDABBBABADDDCDAABCBDCDDDAAAAACBDABACCDBD,,,2,2728,,,,,L_T1_GTR___hekomi__,,,,,,,,
12564,76,,,,,,,,,35,34,14,543344555400545311333510151516110007315436650000313566663500535441666660,,00001302,,,,,,,,37,6,0,6,6,1302,,51551353454333131414445154514343511115454443551314434455555314513534,ABAABCACDADCCCBCBDBDDDABADABDCDCABBBBADADDDCAABCBDDCDDAAAAACBDABCACD,ABAABCACADCDCCBCBDBDDDABADABCDCDABBBABADDDCDAABCBDCDDDAAAAACBDABACCD,,,2,1302,,,,,L_T1_GTR___hekomi__,,,,,,,,,14,14,54,543365000000545365563300151114641507316334615300315554556400544600000000,,00002732,,,,,,,,39,13,0,4,4,2732,,515513534543331314144451545143435111154544435513144344555553145135341414,ABAABCACDADCCCBCBDBDDDABADABDCDCABBBBADADDDCAABCBDDCDDAAAAACBDABCACDBDBD,ABAABCACADCDCCBCBDBDDDABADABCDCDABBBABADDDCDAABCBDCDDDAAAAACBDABACCDBDBD,,,2,2732,,,,,L_T1_GTR___hekomi__,,,,,,,,
12594,77,,,,,,,,,34,14,14,543344555435545311333510151516110007315436650000313566663500535441666660,,00001305,,,,,,,,38,7,0,3,3,1305,,5155135345433313141444515451434351111545444355131443445555531451353414,ABAABCACDADCCCBCBDBDDDABADABDCDCABBBBADADDDCAABCBDDCDDAAAAACBDABCACDBD,ABAABCACADCDCCBCBDBDDDABADABCDCDABBBABADDDCDAABCBDCDDDAAAAACBDABACCDBD,,,2,1305,,,,,L_T1_GTR___hekomi__,,,,,,,,,14,14,54,543365000000545365563300151114641507316334615300315554556400544600000000,,00002732,,,,,,,,39,13,0,4,4,2732,,515513534543331314144451545143435111154544435513144344555553145135341414,ABAABCACDADCCCBCBDBDDDABADABDCDCABBBBADADDDCAABCBDDCDDAAAAACBDABCACDBDBD,ABAABCACADCDCCBCBDBDDDABADABCDCDABBBABADDDCDAABCBDCDDDAAAAACBDABACCDBDBD,,,2,2732,,,,,L_T1_GTR___hekomi__,,,,,,,,
12609,78,,,,,,,,,34,14,14,543344555435545311333510151516110007315436650000313566663500535441666660,,00001305,,,,,,,,38,7,0,3,3,1305,,5155135345433313141444515451434351111545444355131443445555531451353414,ABAABCACDADCCCBCBDBDDDABADABDCDCABBBBADADDDCAABCBDDCDDAAAAACBDABCACDBD,ABAABCACADCDCCBCBDBDDDABADABCDCDABBBABADDDCDAABCBDCDDDAAAAACBDABACCDBD,,,2,1305,,,,,L_T1_GTR___hekomi__,,,,,,,,,14,54,13,543365000000545365563300151114641507316334615300315554556400544641000000,,00002740,,,,,,,,40,14,0,8,8,2740,,51551353454333131414445154514343511115454443551314434455555314513534141454,ABAABCACDADCCCBCBDBDDDABADABDCDCABBBBADADDDCAABCBDDCDDAAAAACBDABCACDBDBDAD,ABAABCACADCDCCBCBDBDDDABADABCDCDABBBABADDDCDAABCBDCDDDAAAAACBDABACCDBDBDAD,,,2,2740,,,,,L_T1_GTR___hekomi__,,,,,,,,
12678,79,,,,,,,,,34,14,14,543344555435545311333510151516110007315436650000313566663500535441666660,,00001305,,,,,,,,38,7,0,3,3,1305,,5155135345433313141444515451434351111545444355131443445555531451353414,ABAABCACDADCCCBCBDBDDDABADABDCDCABBBBADADDDCAABCBDDCDDAAAAACBDABCACDBD,ABAABCACADCDCCBCBDBDDDABADABCDCDABBBABADDDCDAABCBDCDDDAAAAACBDABACCDBD,,,2,1305,,,,,L_T1_GTR___hekomi__,,,,,,,,,54,13,35,543365000000545365563300151114641507316334615300315554556440544641100000,,00002743,,,,,,,,41,15,0,3,3,2743,,5155135345433313141444515451434351111545444355131443445555531451353414145413,ABAABCACDADCCCBCBDBDDDABADABDCDCABBBBADADDDCAABCBDDCDDAAAAACBDABCACDBDBDADBC,ABAABCACADCDCCBCBDBDDDABADABCDCDABBBABADDDCDAABCBDCDDDAAAAACBDABACCDBDBDADBC,,,2,2743,,,,,L_T1_GTR___hekomi__,,,,,,,,
12680,80,,,,,,,,,14,14,54,543344555435545311333513151516114007315436650000313566663500535441666660,,00001306,,,,,,,,39,8,0,1,1,1306,,515513534543331314144451545143435111154544435513144344555553145135341414,ABAABCACDADCCCBCBDBDDDABADABDCDCABBBBADADDDCAABCBDDCDDAAAAACBDABCACDBDBD,ABAABCACADCDCCBCBDBDDDABADABCDCDABBBABADDDCDAABCBDCDDDAAAAACBDABACCDBDBD,,,2,1306,,,,,L_T1_GTR___hekomi__,,,,,,,,,54,13,35,543365000000545365563300151114641507316334615300315554556440544641100000,,00002743,,,,,,,,41,15,0,3,3,2743,,5155135345433313141444515451434351111545444355131443445555531451353414145413,ABAABCACDADCCCBCBDBDDDABADABDCDCABBBBADADDDCAABCBDDCDDAAAAACBDABCACDBDBDADBC,ABAABCACADCDCCBCBDBDDDABADABCDCDABBBABADDDCDAABCBDCDDDAAAAACBDABACCDBDBDADBC,,,2,2743,,,,,L_T1_GTR___hekomi__,,,,,,,,
12722,81,,,,,,,,,14,14,54,543344555435545311333513151516114007315436650000313566663500535441666660,,00001306,,,,,,,,39,8,0,1,1,1306,,515513534543331314144451545143435111154544435513144344555553145135341414,ABAABCACDADCCCBCBDBDDDABADABDCDCABBBBADADDDCAABCBDDCDDAAAAACBDABCACDBDBD,ABAABCACADCDCCBCBDBDDDABADABCDCDABBBABADDDCDAABCBDCDDDAAAAACBDABACCDBDBD,,,2,1306,,,,,L_T1_GTR___hekomi__,,,,,,,,,,13,35,543365540000545365563300151114641507316334615300315554556440544641100000,,bb40abb1,,,,,,,,42,0,1,bb40abb1,40,2783,,5155135345433313141444515451434351111545444355131443445555531451353414145413,ABAABCACDADCCCBCBDBDDDABADABDCDCABBBBADADDDCAABCBDDCDDAAAAACBDABCACDBDBDADBC,ABAABCACADCDCCBCBDBDDDABADABCDCDABBBABADDDCDAABCBDCDDDAAAAACBDABACCDBDBDADBC,,,2,2783,,,,,L_T1_GTR___hekomi__,,,,,,,,
12741,82,,,,,,,,,14,54,13,543344555435545311333513151516114007315436654000313566663510535441666660,,00001308,,,,,,,,40,9,0,2,2,1308,,51551353454333131414445154514343511115454443551314434455555314513534141454,ABAABCACDADCCCBCBDBDDDABADABDCDCABBBBADADDDCAABCBDDCDDAAAAACBDABCACDBDBDAD,ABAABCACADCDCCBCBDBDDDABADABCDCDABBBABADDDCDAABCBDCDDDAAAAACBDABACCDBDBDAD,,,2,1308,,,,,L_T1_GTR___hekomi__,,,,,,,,,,13,35,543365540000545365563300151114641507316334615300315554556440544641100000,,bb40abb1,,,,,,,,42,0,1,bb40abb1,40,2783,,5155135345433313141444515451434351111545444355131443445555531451353414145413,ABAABCACDADCCCBCBDBDDDABADABDCDCABBBBADADDDCAABCBDDCDDAAAAACBDABCACDBDBDADBC,ABAABCACADCDCCBCBDBDDDABADABCDCDABBBABADDDCDAABCBDCDDDAAAAACBDABACCDBDBDADBC,,,2,2783,,,,,L_T1_GTR___hekomi__,,,,,,,,
12776,83,,,,,,,,,54,13,35,543344555435545311333513151516114007315436654410313566663510535441666660,,00001311,,,,,,,,41,10,0,3,3,1311,,5155135345433313141444515451434351111545444355131443445555531451353414145413,ABAABCACDADCCCBCBDBDDDABADABDCDCABBBBADADDDCAABCBDDCDDAAAAACBDABCACDBDBDADBC,ABAABCACADCDCCBCBDBDDDABADABCDCDABBBABADDDCDAABCBDCDDDAAAAACBDABACCDBDBDADBC,,,2,1311,,,,,L_T1_GTR___hekomi__,,,,,,,,,,13,35,543365540000545365563300151114641507316334615300315554556440544641100000,,bb40abb1,,,,,,,,42,0,1,bb40abb1,40,2783,,5155135345433313141444515451434351111545444355131443445555531451353414145413,ABAABCACDADCCCBCBDBDDDABADABDCDCABBBBADADDDCAABCBDDCDDAAAAACBDABCACDBDBDADBC,ABAABCACADCDCCBCBDBDDDABADABCDCDABBBABADDDCDAABCBDCDDDAAAAACBDABACCDBDBDADBC,,,2,2783,,,,,L_T1_GTR___hekomi__,,,,,,,,
12809,84,,,,,,,,,54,13,35,543344555435545311333513151516114007315436654410313566663510535441666660,,00001311,,,,,,,,41,10,0,3,3,1311,,5155135345433313141444515451434351111545444355131443445555531451353414145413,ABAABCACDADCCCBCBDBDDDABADABDCDCABBBBADADDDCAABCBDDCDDAAAAACBDABCACDBDBDADBC,ABAABCACADCDCCBCBDBDDDABADABCDCDABBBABADDDCDAABCBDCDDDAAAAACBDABACCDBDBDADBC,,,2,1311,,,,,L_T1_GTR___hekomi__,,,,,,,,,,13,35,543340000000545333000000151114415007316334615300315554556440544641100000,,bb90ab13,,,,,,,,43,0,2,bb90ab13,1170,3953,,5155135345433313141444515451434351111545444355131443445555531451353414145413,ABAABCACDADCCCBCBDBDDDABADABDCDCABBBBADADDDCAABCBDDCDDAAAAACBDABCACDBDBDADBC,ABAABCACADCDCCBCBDBDDDABADABCDCDABBBABADDDCDAABCBDCDDDAAAAACBDABACCDBDBDADBC,,,2,3953,,,,,L_T1_GTR___hekomi__,,,,,,,,
12849,85,,,,,,,,,,13,35,543344555435545311333513151516114407315436654415313566663510535441666660,,bb40abb1,,,,,,,,42,0,1,bb40abb1,40,1351,,5155135345433313141444515451434351111545444355131443445555531451353414145413,ABAABCACDADCCCBCBDBDDDABADABDCDCABBBBADADDDCAABCBDDCDDAAAAACBDABCACDBDBDADBC,ABAABCACADCDCCBCBDBDDDABADABCDCDABBBABADDDCDAABCBDCDDDAAAAACBDABACCDBDBDADBC,,,2,1351,,,,,L_T1_GTR___hekomi__,,,,,,,,,,13,35,543340000000545333000000151114415007316334615300315554556440544641100000,,bb90ab13,,,,,,,,43,0,2,bb90ab13,1170,3953,,5155135345433313141444515451434351111545444355131443445555531451353414145413,ABAABCACDADCCCBCBDBDDDABADABDCDCABBBBADADDDCAABCBDDCDDAAAAACBDABCACDBDBDADBC,ABAABCACADCDCCBCBDBDDDABADABCDCDABBBABADDDCDAABCBDCDDDAAAAACBDABACCDBDBDADBC,,,2,3953,,,,,L_T1_GTR___hekomi__,,,,,,,,
12891,86,,,,,,,,,,13,35,543344555435545311333513151516114407315436654415313566663510535441666660,,bb40abb1,,,,,,,,42,0,1,bb40abb1,40,1351,,5155135345433313141444515451434351111545444355131443445555531451353414145413,ABAABCACDADCCCBCBDBDDDABADABDCDCABBBBADADDDCAABCBDDCDDAAAAACBDABCACDBDBDADBC,ABAABCACADCDCCBCBDBDDDABADABCDCDABBBABADDDCDAABCBDCDDDAAAAACBDABACCDBDBDADBC,,,2,1351,,,,,L_T1_GTR___hekomi__,,,,,,,,,,13,35,544000000000545000000000151111500007316331530000315555564400544641100000,,b120ab25,,,,,,,,44,0,3,b120ab25,3000,6953,,5155135345433313141444515451434351111545444355131443445555531451353414145413,ABAABCACDADCCCBCBDBDDDABADABDCDCABBBBADADDDCAABCBDDCDDAAAAACBDABCACDBDBDADBC,ABAABCACADCDCCBCBDBDDDABADABCDCDABBBABADDDCDAABCBDCDDDAAAAACBDABACCDBDBDADBC,,,3,6953,,,,,L_T1_GTR___standard,,,,,L_T1_GTR03_33000001,,,
12942,87,,,,,,,,,13,35,14,543344555435545311333513151516110007315436651500313566663510535441666660,,00001352,,,,,,,,43,1,0,1,1,1352,,515513534543331314144451545143435111154544435513144344555553145135341414541335,ABAABCACDADCCCBCBDBDDDABADABDCDCABBBBADADDDCAABCBDDCDDAAAAACBDABCACDBDBDADBCCA,ABAABCACADCDCCBCBDBDDDABADABCDCDABBBABADDDCDAABCBDCDDDAAAAACBDABACCDBDBDADBCAC,,,2,1352,,,,,L_T1_GTR___hekomi__,,,,,,,,,,13,35,544000000000545000000000151111500007316331530000315555564400544641100000,,b120ab25,,,,,,,,44,0,3,b120ab25,3000,6953,,5155135345433313141444515451434351111545444355131443445555531451353414145413,ABAABCACDADCCCBCBDBDDDABADABDCDCABBBBADADDDCAABCBDDCDDAAAAACBDABCACDBDBDADBC,ABAABCACADCDCCBCBDBDDDABADABCDCDABBBABADDDCDAABCBDCDDDAAAAACBDABACCDBDBDADBC,,,3,6953,,,,,L_T1_GTR___standard,,,,,L_T1_GTR03_33000001,,,
12981,88,,,,,,,,,13,35,14,543344555435545311333513151516110007315436651500313566663510535441666660,,00001352,,,,,,,,43,1,0,1,1,1352,,515513534543331314144451545143435111154544435513144344555553145135341414541335,ABAABCACDADCCCBCBDBDDDABADABDCDCABBBBADADDDCAABCBDDCDDAAAAACBDABCACDBDBDADBCCA,ABAABCACADCDCCBCBDBDDDABADABCDCDABBBABADDDCDAABCBDCDDDAAAAACBDABACCDBDBDADBCAC,,,2,1352,,,,,L_T1_GTR___hekomi__,,,,,,,,,,13,35,544000000000545000000000150000000007313330000000314400000000544411000000,,bb50ab34,,,,,,,,45,0,4,bb50ab34,1700,8653,,5155135345433313141444515451434351111545444355131443445555531451353414145413,ABAABCACDADCCCBCBDBDDDABADABDCDCABBBBADADDDCAABCBDDCDDAAAAACBDABCACDBDBDADBC,ABAABCACADCDCCBCBDBDDDABADABCDCDABBBABADDDCDAABCBDCDDDAAAAACBDABACCDBDBDADBC,,,4,8653,,,,,L_T1_GTR___standard,,,,,L_T1_GTR03_33000001,,,
12993,89,,,,,,,,,,35,14,543344555435545311333513151516113007315436651510313566663510535441666660,,bb40abb1,,,,,,,,44,0,1,bb40abb1,40,1392,,515513534543331314144451545143435111154544435513144344555553145135341414541335,ABAABCACDADCCCBCBDBDDDABADABDCDCABBBBADADDDCAABCBDDCDDAAAAACBDABCACDBDBDADBCCA,ABAABCACADCDCCBCBDBDDDABADABCDCDABBBABADDDCDAABCBDCDDDAAAAACBDABACCDBDBDADBCAC,,,2,1392,,,,,L_T1_GTR___hekomi__,,,,,,,,,,13,35,544000000000545000000000150000000007313330000000314400000000544411000000,,bb50ab34,,,,,,,,45,0,4,bb50ab34,1700,8653,,5155135345433313141444515451434351111545444355131443445555531451353414145413,ABAABCACDADCCCBCBDBDDDABADABDCDCABBBBADADDDCAABCBDDCDDAAAAACBDABCACDBDBDADBC,ABAABCACADCDCCBCBDBDDDABADABCDCDABBBABADDDCDAABCBDCDDDAAAAACBDABACCDBDBDADBC,,,4,8653,,,,,L_T1_GTR___standard,,,,,L_T1_GTR03_33000001,,,
13064,90,,,,,,,,,,35,14,543344555435545311333513151516113007315436651510313566663510535441666660,,bb40abb1,,,,,,,,44,0,1,bb40abb1,40,1392,,515513534543331314144451545143435111154544435513144344555553145135341414541335,ABAABCACDADCCCBCBDBDDDABADABDCDCABBBBADADDDCAABCBDDCDDAAAAACBDABCACDBDBDADBCCA,ABAABCACADCDCCBCBDBDDDABADABCDCDABBBABADDDCDAABCBDCDDDAAAAACBDABACCDBDBDADBCAC,,,2,1392,,,,,L_T1_GTR___hekomi__,,,,,,,,,,13,35,544000000000545000000000150000000007313330000000310000000000511000000000,,bb40ab64,,,,,,,,46,0,5,bb40ab64,2560,11213,,5155135345433313141444515451434351111545444355131443445555531451353414145413,ABAABCACDADCCCBCBDBDDDABADABDCDCABBBBADADDDCAABCBDDCDDAAAAACBDABCACDBDBDADBC,ABAABCACADCDCCBCBDBDDDABADABCDCDABBBABADDDCDAABCBDCDDDAAAAACBDABACCDBDBDADBC,,,5,11213,,,,,L_T1_GTR___standard,,,,,L_T1_GTR03_33000001,,,
13077,91,,,,,,,,,,35,14,543344555435545311513000151516110007315436651510313566663510535441666660,,bb40abb8,,,,,,,,45,0,2,bb40abb8,320,1712,,515513534543331314144451545143435111154544435513144344555553145135341414541335,ABAABCACDADCCCBCBDBDDDABADABDCDCABBBBADADDDCAABCBDDCDDAAAAACBDABCACDBDBDADBCCA,ABAABCACADCDCCBCBDBDDDABADABCDCDABBBABADDDCDAABCBDCDDDAAAAACBDABACCDBDBDADBCAC,,,2,1712,,,,,L_T1_GTR___hekomi__,,,,,,,,,,13,35,544000000000545000000000150000000007313330000000310000000000511000000000,,bb40ab64,,,,,,,,46,0,5,bb40ab64,2560,11213,,5155135345433313141444515451434351111545444355131443445555531451353414145413,ABAABCACDADCCCBCBDBDDDABADABDCDCABBBBADADDDCAABCBDDCDDAAAAACBDABCACDBDBDADBC,ABAABCACADCDCCBCBDBDDDABADABCDCDABBBABADDDCDAABCBDCDDDAAAAACBDABACCDBDBDADBC,,,5,11213,,,,,L_T1_GTR___standard,,,,,L_T1_GTR03_33000001,,,
13145,92,,,,,,,,,,35,14,543344555435545311513000151516110007315436651510313566663510535441666660,,bb40abb8,,,,,,,,45,0,2,bb40abb8,320,1712,,515513534543331314144451545143435111154544435513144344555553145135341414541335,ABAABCACDADCCCBCBDBDDDABADABDCDCABBBBADADDDCAABCBDDCDDAAAAACBDABCACDBDBDADBCCA,ABAABCACADCDCCBCBDBDDDABADABCDCDABBBABADDDCDAABCBDCDDDAAAAACBDABACCDBDBDADBCAC,,,2,1712,,,,,L_T1_GTR___hekomi__,,,,,,,,,,13,35,544000000000545000000000150000000007333300000000300000000000500000000000,,bb50ab98,,,,,,,,47,0,6,bb50ab98,4900,16113,,5155135345433313141444515451434351111545444355131443445555531451353414145413,ABAABCACDADCCCBCBDBDDDABADABDCDCABBBBADADDDCAABCBDDCDDAAAAACBDABCACDBDBDADBC,ABAABCACADCDCCBCBDBDDDABADABCDCDABBBABADDDCDAABCBDCDDDAAAAACBDABACCDBDBDADBC,,,6,16113,,,,,L_T1_GTR___standard,,,,,L_T1_GTR03_33000001,,,
13161,93,,,,,,,,,,35,14,543344435000545311130000151516110007315436651510313566663510535441666660,,bb60ab19,,,,,,,,46,0,3,bb60ab19,1140,2852,,515513534543331314144451545143435111154544435513144344555553145135341414541335,ABAABCACDADCCCBCBDBDDDABADABDCDCABBBBADADDDCAABCBDDCDDAAAAACBDABCACDBDBDADBCCA,ABAABCACADCDCCBCBDBDDDABADABCDCDABBBABADDDCDAABCBDCDDDAAAAACBDABACCDBDBDADBCAC,,,3,2852,,,,,L_T1_GTR___hekomi__,,,,,,,,,,13,35,544000000000545000000000150000000007333300000000300000000000500000000000,,bb50ab98,,,,,,,,47,0,6,bb50ab98,4900,16113,,5155135345433313141444515451434351111545444355131443445555531451353414145413,ABAABCACDADCCCBCBDBDDDABADABDCDCABBBBADADDDCAABCBDDCDDAAAAACBDABCACDBDBDADBC,ABAABCACADCDCCBCBDBDDDABADABCDCDABBBABADDDCDAABCBDCDDDAAAAACBDABACCDBDBDADBC,,,6,16113,,,,,L_T1_GTR___standard,,,,,L_T1_GTR03_33000001,,,
13210,94,,,,,,,,,,35,14,543344435000545311130000151516110007315436651510313566663510535441666660,,bb60ab19,,,,,,,,46,0,3,bb60ab19,1140,2852,,515513534543331314144451545143435111154544435513144344555553145135341414541335,ABAABCACDADCCCBCBDBDDDABADABDCDCABBBBADADDDCAABCBDDCDDAAAAACBDABCACDBDBDADBCCA,ABAABCACADCDCCBCBDBDDDABADABCDCDABBBABADDDCDAABCBDCDDDAAAAACBDABACCDBDBDADBCAC,,,3,2852,,,,,L_T1_GTR___hekomi__,,,,,,,,,13,35,14,544000000000545000000000150000000007000000000000000000000000500000000000,,00016120,,,,,,,,48,1,0,7,7,16120,,515513534543331314144451545143435111154544435513144344555553145135341414541335,ABAABCACDADCCCBCBDBDDDABADABDCDCABBBBADADDDCAABCBDDCDDAAAAACBDABCACDBDBDADBCCA,ABAABCACADCDCCBCBDBDDDABADABCDCDABBBABADDDCDAABCBDCDDDAAAAACBDABACCDBDBDADBCAC,,,6,16120,,,,,L_T1_GTR___standard,,,,,L_T1_GTR03_33000001,,,
13225,95,,,,,,,,,,35,14,543344435000545311130000151516110007315436651510313566663510535441666660,,bb60ab19,,,,,,,,46,0,3,bb60ab19,1140,2852,,515513534543331314144451545143435111154544435513144344555553145135341414541335,ABAABCACDADCCCBCBDBDDDABADABDCDCABBBBADADDDCAABCBDDCDDAAAAACBDABCACDBDBDADBCCA,ABAABCACADCDCCBCBDBDDDABADABCDCDABBBABADDDCDAABCBDCDDDAAAAACBDABACCDBDBDADBCAC,,,3,2852,,,,,L_T1_GTR___hekomi__,,,,,,,,,,35,14,544000000000545000000000150000000007000000000000000000000000500000000000,,0001a122,,,,,,,,49,0,1,0001a122,122,16242,,515513534543331314144451545143435111154544435513144344555553145135341414541335,ABAABCACDADCCCBCBDBDDDABADABDCDCABBBBADADDDCAABCBDDCDDAAAAACBDABCACDBDBDADBCCA,ABAABCACADCDCCBCBDBDDDABADABCDCDABBBABADDDCDAABCBDCDDDAAAAACBDABACCDBDBDADBCAC,,,6,16242,,,,,L_T1_GTR___standard,,,,,L_T1_GTR03_33000001,,,
13245,96,,,,,,,,,,35,14,543344435000545330000000151500000007315436515100313566663510535441666660,,bb40ab32,,,,,,,,47,0,4,bb40ab32,1280,4132,,515513534543331314144451545143435111154544435513144344555553145135341414541335,ABAABCACDADCCCBCBDBDDDABADABDCDCABBBBADADDDCAABCBDDCDDAAAAACBDABCACDBDBDADBCCA,ABAABCACADCDCCBCBDBDDDABADABCDCDABBBABADDDCDAABCBDCDDDAAAAACBDABACCDBDBDADBCAC,,,4,4132,,,,,L_T1_GTR___hekomi__,,,,,,,,,,35,14,544000000000545000000000150000000007000000000000000000000000500000000000,,0001a122,,,,,,,,49,0,1,0001a122,122,16242,,515513534543331314144451545143435111154544435513144344555553145135341414541335,ABAABCACDADCCCBCBDBDDDABADABDCDCABBBBADADDDCAABCBDDCDDAAAAACBDABCACDBDBDADBCCA,ABAABCACADCDCCBCBDBDDDABADABCDCDABBBABADDDCDAABCBDCDDDAAAAACBDABACCDBDBDADBCAC,,,6,16242,,,,,L_T1_GTR___standard,,,,,L_T1_GTR03_33000001,,,
13260,97,,,,,,,,,,35,14,543344435000545330000000151500000007315436515100313566663510535441666660,,bb40ab32,,,,,,,,47,0,4,bb40ab32,1280,4132,,515513534543331314144451545143435111154544435513144344555553145135341414541335,ABAABCACDADCCCBCBDBDDDABADABDCDCABBBBADADDDCAABCBDDCDDAAAAACBDABCACDBDBDADBCCA,ABAABCACADCDCCBCBDBDDDABADABCDCDABBBABADDDCDAABCBDCDDDAAAAACBDABACCDBDBDADBCAC,,,4,4132,,,,,L_T1_GTR___hekomi__,,,,,,,,,35,14,35,544000000000545000000000150000000007310000000000000000000000500000000000,,00016132,,,,,,,,50,1,0,-110,-110,16132,,51551353454333131414445154514343511115454443551314434455555314513534141454133514,ABAABCACDADCCCBCBDBDDDABADABDCDCABBBBADADDDCAABCBDDCDDAAAAACBDABCACDBDBDADBCCABD,ABAABCACADCDCCBCBDBDDDABADABCDCDABBBABADDDCDAABCBDCDDDAAAAACBDABACCDBDBDADBCACBD,,,6,16132,,,,,L_T1_GTR___standard,,,,,L_T1_GTR03_33000001/L_T1_GTR03_32100001,,,
13321,98,,,,,,,,,,35,14,543344435000545330000000151500000007315436515100313566663510535441666660,,bb40ab32,,,,,,,,47,0,4,bb40ab32,1280,4132,,515513534543331314144451545143435111154544435513144344555553145135341414541335,ABAABCACDADCCCBCBDBDDDABADABDCDCABBBBADADDDCAABCBDDCDDAAAAACBDABCACDBDBDADBCCA,ABAABCACADCDCCBCBDBDDDABADABCDCDABBBABADDDCDAABCBDCDDDAAAAACBDABACCDBDBDADBCAC,,,4,4132,,,,,L_T1_GTR___hekomi__,,,,,,,,,14,35,13,544000000000545000000000150000000007310000000000530000000000500000000000,,00016144,,,,,,,,51,2,0,12,12,16144,,5155135345433313141444515451434351111545444355131443445555531451353414145413351435,ABAABCACDADCCCBCBDBDDDABADABDCDCABBBBADADDDCAABCBDDCDDAAAAACBDABCACDBDBDADBCCABDCA,ABAABCACADCDCCBCBDBDDDABADABCDCDABBBABADDDCDAABCBDCDDDAAAAACBDABACCDBDBDADBCACBDAC,,,6,16144,,,,,L_T1_GTR___standard,,,,,L_T1_GTR03_33000001/L_T1_GTR03_32100001,,,
13337,99,,,,,,,,,,35,14,544443500000545000000000151500000007315436515100313566663510535441666660,,bb50ab66,,,,,,,,48,0,5,bb50ab66,3300,7432,,515513534543331314144451545143435111154544435513144344555553145135341414541335,ABAABCACDADCCCBCBDBDDDABADABDCDCABBBBADADDDCAABCBDDCDDAAAAACBDABCACDBDBDADBCCA,ABAABCACADCDCCBCBDBDDDABADABCDCDABBBABADDDCDAABCBDCDDDAAAAACBDABACCDBDBDADBCAC,,,5,7432,,,,,,,,,,,,,,14,35,13,544000000000545000000000150000000007310000000000530000000000500000000000,,00016144,,,,,,,,51,2,0,12,12,16144,,5155135345433313141444515451434351111545444355131443445555531451353414145413351435,ABAABCACDADCCCBCBDBDDDABADABDCDCABBBBADADDDCAABCBDDCDDAAAAACBDABCACDBDBDADBCCABDCA,ABAABCACADCDCCBCBDBDDDABADABCDCDABBBABADDDCDAABCBDCDDDAAAAACBDABACCDBDBDADBCACBDAC,,,6,16144,,,,,L_T1_GTR___standard,,,,,L_T1_GTR03_33000001/L_T1_GTR03_32100001,,,
13368,100,,,,,,,,,,35,14,544443500000545000000000151500000007315436515100313566663510535441666660,,bb50ab66,,,,,,,,48,0,5,bb50ab66,3300,7432,,515513534543331314144451545143435111154544435513144344555553145135341414541335,ABAABCACDADCCCBCBDBDDDABADABDCDCABBBBADADDDCAABCBDDCDDAAAAACBDABCACDBDBDADBCCA,ABAABCACADCDCCBCBDBDDDABADABCDCDABBBABADDDCDAABCBDCDDDAAAAACBDABACCDBDBDADBCAC,,,5,7432,,,,,,,,,,,,,,35,13,15,544000000000545000000000151400000007310000000000530000000000500000000000,,00016155,,,,,,,,52,3,0,11,11,16155,,515513534543331314144451545143435111154544435513144344555553145135341414541335143513,ABAABCACDADCCCBCBDBDDDABADABDCDCABBBBADADDDCAABCBDDCDDAAAAACBDABCACDBDBDADBCCABDCABC,ABAABCACADCDCCBCBDBDDDABADABCDCDABBBABADDDCDAABCBDCDDDAAAAACBDABACCDBDBDADBCACBDACBC,,,6,16155,,,,,L_T1_GTR___standard,,,,,L_T1_GTR03_33000001/L_T1_GTR03_32100001,,,
13420,101,,,,,,,,,,35,14,544443500000545000000000151500000007315436515100313566663510535441666660,,bb50ab66,,,,,,,,48,0,5,bb50ab66,3300,7432,,515513534543331314144451545143435111154544435513144344555553145135341414541335,ABAABCACDADCCCBCBDBDDDABADABDCDCABBBBADADDDCAABCBDDCDDAAAAACBDABCACDBDBDADBCCA,ABAABCACADCDCCBCBDBDDDABADABCDCDABBBABADDDCDAABCBDCDDDAAAAACBDABACCDBDBDADBCAC,,,5,7432,,,,,,,,,,,,,,13,15,53,544000000000545000000000151400000007310000000000533500000000500000000000,,00016166,,,,,,,,53,4,0,11,11,16166,,51551353454333131414445154514343511115454443551314434455555314513534141454133514351315,ABAABCACDADCCCBCBDBDDDABADABDCDCABBBBADADDDCAABCBDDCDDAAAAACBDABCACDBDBDADBCCABDCABCBA,ABAABCACADCDCCBCBDBDDDABADABCDCDABBBABADDDCDAABCBDCDDDAAAAACBDABACCDBDBDADBCACBDACBCAB,,,6,16166,,,,,L_T1_GTR___standard,,,,,L_T1_GTR03_33000001/L_T1_GTR03_32100001,,,
13423,102,,,,,,,,,,35,14,535000000000550000000000151500000007315436515100313566663510535441666660,,bb40ab96,,,,,,,,49,0,6,bb40ab96,3840,11272,,515513534543331314144451545143435111154544435513144344555553145135341414541335,ABAABCACDADCCCBCBDBDDDABADABDCDCABBBBADADDDCAABCBDDCDDAAAAACBDABCACDBDBDADBCCA,ABAABCACADCDCCBCBDBDDDABADABCDCDABBBABADDDCDAABCBDCDDDAAAAACBDABACCDBDBDADBCAC,,,6,11272,,,,,,,,,,,,,,13,15,53,544000000000545000000000151400000007310000000000533500000000500000000000,,00016166,,,,,,,,53,4,0,11,11,16166,,51551353454333131414445154514343511115454443551314434455555314513534141454133514351315,ABAABCACDADCCCBCBDBDDDABADABDCDCABBBBADADDDCAABCBDDCDDAAAAACBDABCACDBDBDADBCCABDCABCBA,ABAABCACADCDCCBCBDBDDDABADABCDCDABBBABADDDCDAABCBDCDDDAAAAACBDABACCDBDBDADBCACBDACBCAB,,,6,16166,,,,,L_T1_GTR___standard,,,,,L_T1_GTR03_33000001/L_T1_GTR03_32100001,,,
13469,103,,,,,,,,,,35,14,535000000000550000000000151500000007315436515100313566663510535441666660,,bb40ab96,,,,,,,,49,0,6,bb40ab96,3840,11272,,515513534543331314144451545143435111154544435513144344555553145135341414541335,ABAABCACDADCCCBCBDBDDDABADABDCDCABBBBADADDDCAABCBDDCDDAAAAACBDABCACDBDBDADBCCA,ABAABCACADCDCCBCBDBDDDABADABCDCDABBBABADDDCDAABCBDCDDDAAAAACBDABACCDBDBDADBCAC,,,6,11272,,,,,,,,,,,,,,15,53,53,544000000000545000000000151400000007311300000000533500000000500000000000,,00016178,,,,,,,,54,5,0,12,12,16178,,5155135345433313141444515451434351111545444355131443445555531451353414145413351435131553,ABAABCACDADCCCBCBDBDDDABADABDCDCABBBBADADDDCAABCBDDCDDAAAAACBDABCACDBDBDADBCCABDCABCBAAC,ABAABCACADCDCCBCBDBDDDABADABCDCDABBBABADDDCDAABCBDCDDDAAAAACBDABACCDBDBDADBCACBDACBCABAC,,,6,16178,,,,,L_T1_GTR___standard,,,,,L_T1_GTR03_33000001,,,
13502,104,,,,,,,,,,35,14,350000000000000000000000115000000007315436515100313566663510535441666660,,bb40a128,,,,,,,,50,0,7,bb40a128,5120,16392,,515513534543331314144451545143435111154544435513144344555553145135341414541335,ABAABCACDADCCCBCBDBDDDABADABDCDCABBBBADADDDCAABCBDDCDDAAAAACBDABCACDBDBDADBCCA,ABAABCACADCDCCBCBDBDDDABADABCDCDABBBABADDDCDAABCBDCDDDAAAAACBDABACCDBDBDADBCAC,,,7,16392,,,,,,,,,,,,,,15,53,53,544000000000545000000000151400000007311300000000533500000000500000000000,,00016178,,,,,,,,54,5,0,12,12,16178,,5155135345433313141444515451434351111545444355131443445555531451353414145413351435131553,ABAABCACDADCCCBCBDBDDDABADABDCDCABBBBADADDDCAABCBDDCDDAAAAACBDABCACDBDBDADBCCABDCABCBAAC,ABAABCACADCDCCBCBDBDDDABADABCDCDABBBABADDDCDAABCBDCDDDAAAAACBDABACCDBDBDADBCACBDACBCABAC,,,6,16178,,,,,L_T1_GTR___standard,,,,,L_T1_GTR03_33000001,,,
13512,105,,,,,,,,,,35,14,350000000000000000000000115000000007315436515100313566663510535441666660,,bb40a128,,,,,,,,50,0,7,bb40a128,5120,16392,,515513534543331314144451545143435111154544435513144344555553145135341414541335,ABAABCACDADCCCBCBDBDDDABADABDCDCABBBBADADDDCAABCBDDCDDAAAAACBDABCACDBDBDADBCCA,ABAABCACADCDCCBCBDBDDDABADABCDCDABBBABADDDCDAABCBDCDDDAAAAACBDABACCDBDBDADBCAC,,,7,16392,,,,,,,,,,,,,,53,53,55,544000000000545000000000151400000007311315000000533500000000500000000000,,00016186,,,,,,,,55,6,0,8,8,16186,,515513534543331314144451545143435111154544435513144344555553145135341414541335143513155353,ABAABCACDADCCCBCBDBDDDABADABDCDCABBBBADADDDCAABCBDDCDDAAAAACBDABCACDBDBDADBCCABDCABCBAACAC,ABAABCACADCDCCBCBDBDDDABADABCDCDABBBABADDDCDAABCBDCDDDAAAAACBDABACCDBDBDADBCACBDACBCABACAC,,,6,16186,,,,,L_T1_GTR___standard,,,,,L_T1_GTR03_33000001,,,
13556,106,,,,,,,,,,35,14,350000000000000000000000115000000007315436515100313566663510535441666660,,bb40a128,,,,,,,,50,0,7,bb40a128,5120,16392,,515513534543331314144451545143435111154544435513144344555553145135341414541335,ABAABCACDADCCCBCBDBDDDABADABDCDCABBBBADADDDCAABCBDDCDDAAAAACBDABCACDBDBDADBCCA,ABAABCACADCDCCBCBDBDDDABADABCDCDABBBABADDDCDAABCBDCDDDAAAAACBDABACCDBDBDADBCAC,,,7,16392,,,,,,,,,,,,,,53,55,33,544000000000545350000000151400000007311315000000533500000000500000000000,,00016195,,,,,,,,56,7,0,9,9,16195,,51551353454333131414445154514343511115454443551314434455555314513534141454133514351315535355,ABAABCACDADCCCBCBDBDDDABADABDCDCABBBBADADDDCAABCBDDCDDAAAAACBDABCACDBDBDADBCCABDCABCBAACACAA,ABAABCACADCDCCBCBDBDDDABADABCDCDABBBABADDDCDAABCBDCDDDAAAAACBDABACCDBDBDADBCACBDACBCABACACAA,,,6,16195,,,,,L_T1_GTR___standard,,,,,L_T1_GTR03_33000001,,,
13585,107,,,,,,,,,,35,14,350000000000000000000000500000000007354365151000335666635100535441666660,,bb40a160,,,,,,,,51,0,8,bb40a160,6400,22792,,515513534543331314144451545143435111154544435513144344555553145135341414541335,ABAABCACDADCCCBCBDBDDDABADABDCDCABBBBADADDDCAABCBDDCDDAAAAACBDABCACDBDBDADBCCA,ABAABCACADCDCCBCBDBDDDABADABCDCDABBBABADDDCDAABCBDCDDDAAAAACBDABACCDBDBDADBCAC,,,8,22792,,,,,,,,,,,,,,53,55,33,544000000000545350000000151400000007311315000000533500000000500000000000,,00016195,,,,,,,,56,7,0,9,9,16195,,51551353454333131414445154514343511115454443551314434455555314513534141454133514351315535355,ABAABCACDADCCCBCBDBDDDABADABDCDCABBBBADADDDCAABCBDDCDDAAAAACBDABCACDBDBDADBCCABDCABCBAACACAA,ABAABCACADCDCCBCBDBDDDABADABCDCDABBBABADDDCDAABCBDCDDDAAAAACBDABACCDBDBDADBCACBDACBCABACACAA,,,6,16195,,,,,L_T1_GTR___standard,,,,,L_T1_GTR03_33000001,,,
13602,108,,,,,,,,,,35,14,350000000000000000000000500000000007354365151000335666635100535441666660,,bb40a160,,,,,,,,51,0,8,bb40a160,6400,22792,,515513534543331314144451545143435111154544435513144344555553145135341414541335,ABAABCACDADCCCBCBDBDDDABADABDCDCABBBBADADDDCAABCBDDCDDAAAAACBDABCACDBDBDADBCCA,ABAABCACADCDCCBCBDBDDDABADABCDCDABBBABADDDCDAABCBDCDDDAAAAACBDABACCDBDBDADBCAC,,,8,22792,,,,,,,,,,,,,,55,33,41,544350000000545350000000151400000007311315000000533500000000500000000000,,00016204,,,,,,,,57,8,0,9,9,16204,,5155135345433313141444515451434351111545444355131443445555531451353414145413351435131553535533,ABAABCACDADCCCBCBDBDDDABADABDCDCABBBBADADDDCAABCBDDCDDAAAAACBDABCACDBDBDADBCCABDCABCBAACACAACC,ABAABCACADCDCCBCBDBDDDABADABCDCDABBBABADDDCDAABCBDCDDDAAAAACBDABACCDBDBDADBCACBDACBCABACACAACC,,,6,16204,,,,,L_T1_GTR___standard,,,,,L_T1_GTR03_33000001,,,
13666,109,,,,,,,,,,35,14,350000000000000000000000500000000007354365151000335666635100535441666660,,bb40a160,,,,,,,,51,0,8,bb40a160,6400,22792,,515513534543331314144451545143435111154544435513144344555553145135341414541335,ABAABCACDADCCCBCBDBDDDABADABDCDCABBBBADADDDCAABCBDDCDDAAAAACBDABCACDBDBDADBCCA,ABAABCACADCDCCBCBDBDDDABADABCDCDABBBABADDDCDAABCBDCDDDAAAAACBDABACCDBDBDADBCAC,,,8,22792,,,,,,,,,,,,,,33,41,54,544350000000545350000000151450000007311315500000533500000000500000000000,,00016211,,,,,,,,58,9,0,7,7,16211,,515513534543331314144451545143435111154544435513144344555553145135341414541335143513155353553341,ABAABCACDADCCCBCBDBDDDABADABDCDCABBBBADADDDCAABCBDDCDDAAAAACBDABCACDBDBDADBCCABDCABCBAACACAACCDB,ABAABCACADCDCCBCBDBDDDABADABCDCDABBBABADDDCDAABCBDCDDDAAAAACBDABACCDBDBDADBCACBDACBCABACACAACCBD,,,6,16211,,,,,L_T1_GTR___standard,,,,,L_T1_GTR03_33000001,,,
13667,110,,,,,,,,,,35,14,350000000000000000000000500000000007543651510000566663510000554416666600,,bb50a194,,,,,,,,52,0,9,bb50a194,9700,32492,,515513534543331314144451545143435111154544435513144344555553145135341414541335,ABAABCACDADCCCBCBDBDDDABADABDCDCABBBBADADDDCAABCBDDCDDAAAAACBDABCACDBDBDADBCCA,ABAABCACADCDCCBCBDBDDDABADABCDCDABBBABADDDCDAABCBDCDDDAAAAACBDABACCDBDBDADBCAC,,,9,32492,,,,,,,,,,,,,,33,41,54,544350000000545350000000151450000007311315500000533500000000500000000000,,00016211,,,,,,,,58,9,0,7,7,16211,,515513534543331314144451545143435111154544435513144344555553145135341414541335143513155353553341,ABAABCACDADCCCBCBDBDDDABADABDCDCABBBBADADDDCAABCBDDCDDAAAAACBDABCACDBDBDADBCCABDCABCBAACACAACCDB,ABAABCACADCDCCBCBDBDDDABADABCDCDABBBABADDDCDAABCBDCDDDAAAAACBDABACCDBDBDADBCACBDACBCABACACAACCBD,,,6,16211,,,,,L_T1_GTR___standard,,,,,L_T1_GTR03_33000001,,,
13708,111,,,,,,,,,,35,14,350000000000000000000000500000000007543651510000566663510000554416666600,,bb50a194,,,,,,,,52,0,9,bb50a194,9700,32492,,515513534543331314144451545143435111154544435513144344555553145135341414541335,ABAABCACDADCCCBCBDBDDDABADABDCDCABBBBADADDDCAABCBDDCDDAAAAACBDABCACDBDBDADBCCA,ABAABCACADCDCCBCBDBDDDABADABCDCDABBBABADDDCDAABCBDCDDDAAAAACBDABACCDBDBDADBCAC,,,9,32492,,,,,,,,,,,,,,41,54,11,544353300000545350000000151450000007311315500000533500000000500000000000,,00016218,,,,,,,,59,10,0,7,7,16218,,51551353454333131414445154514343511115454443551314434455555314513534141454133514351315535355334154,ABAABCACDADCCCBCBDBDDDABADABDCDCABBBBADADDDCAABCBDDCDDAAAAACBDABCACDBDBDADBCCABDCABCBAACACAACCDBAD,ABAABCACADCDCCBCBDBDDDABADABCDCDABBBABADDDCDAABCBDCDDDAAAAACBDABACCDBDBDADBCACBDACBCABACACAACCBDAD,,,6,16218,,,,,L_T1_GTR___standard,,,,,L_T1_GTR03_33000001,,,
13745,112,,,,,,,,,,35,14,350000000000000000000000500000000007543651510000566663510000554416666600,,bb50a194,,,,,,,,52,0,9,bb50a194,9700,32492,,515513534543331314144451545143435111154544435513144344555553145135341414541335,ABAABCACDADCCCBCBDBDDDABADABDCDCABBBBADADDDCAABCBDDCDDAAAAACBDABCACDBDBDADBCCA,ABAABCACADCDCCBCBDBDDDABADABCDCDABBBABADDDCDAABCBDCDDDAAAAACBDABACCDBDBDADBCAC,,,9,32492,,,,,,,,,,,,,,54,11,35,544353300000545350000000151450000007311315541000533500000000500000000000,,00016224,,,,,,,,60,11,0,6,6,16224,,5155135345433313141444515451434351111545444355131443445555531451353414145413351435131553535533415411,ABAABCACDADCCCBCBDBDDDABADABDCDCABBBBADADDDCAABCBDDCDDAAAAACBDABCACDBDBDADBCCABDCABCBAACACAACCDBADBB,ABAABCACADCDCCBCBDBDDDABADABCDCDABBBABADDDCDAABCBDCDDDAAAAACBDABACCDBDBDADBCACBDACBCABACACAACCBDADBB,,,6,16224,,,,,L_T1_GTR___standard,,,,,L_T1_GTR03_33000001,,,
13760,113,,,,,,,,,35,14,35,350000000000000000000000000000000007436515100000666351000000441626660000,,00032495,,,,,,,,53,1,0,3,3,32495,,51551353454333131414445154514343511115454443551314434455555314513534141454133514,ABAABCACDADCCCBCBDBDDDABADABDCDCABBBBADADDDCAABCBDDCDDAAAAACBDABCACDBDBDADBCCABD,ABAABCACADCDCCBCBDBDDDABADABCDCDABBBABADDDCDAABCBDCDDDAAAAACBDABACCDBDBDADBCACBD,,,9,32495,,,,,,,,,,,,,,54,11,35,544353300000545350000000151450000007311315541000533500000000500000000000,,00016224,,,,,,,,60,11,0,6,6,16224,,5155135345433313141444515451434351111545444355131443445555531451353414145413351435131553535533415411,ABAABCACDADCCCBCBDBDDDABADABDCDCABBBBADADDDCAABCBDDCDDAAAAACBDABCACDBDBDADBCCABDCABCBAACACAACCDBADBB,ABAABCACADCDCCBCBDBDDDABADABCDCDABBBABADDDCDAABCBDCDDDAAAAACBDABACCDBDBDADBCACBDACBCABACACAACCBDADBB,,,6,16224,,,,,L_T1_GTR___standard,,,,,L_T1_GTR03_33000001,,,
13799,114,,,,,,,,,35,14,35,350000000000000000000000000000000007436515100000666351000000441626660000,,00032495,,,,,,,,53,1,0,3,3,32495,,51551353454333131414445154514343511115454443551314434455555314513534141454133514,ABAABCACDADCCCBCBDBDDDABADABDCDCABBBBADADDDCAABCBDDCDDAAAAACBDABCACDBDBDADBCCABD,ABAABCACADCDCCBCBDBDDDABADABCDCDABBBABADDDCDAABCBDCDDDAAAAACBDABACCDBDBDADBCACBD,,,9,32495,,,,,,,,,,,,,,,11,35,544353340000545355000000151450000007311315541000533500000000500000000000,,bb40abb1,,,,,,,,61,0,1,bb40abb1,40,16264,,5155135345433313141444515451434351111545444355131443445555531451353414145413351435131553535533415411,ABAABCACDADCCCBCBDBDDDABADABDCDCABBBBADADDDCAABCBDDCDDAAAAACBDABCACDBDBDADBCCABDCABCBAACACAACCDBADBB,ABAABCACADCDCCBCBDBDDDABADABCDCDABBBABADDDCDAABCBDCDDDAAAAACBDABACCDBDBDADBCACBDACBCABACACAACCBDADBB,,,6,16264,,,,,L_T1_GTR___standard,,,,,L_T1_GTR03_33000001,,,
13812,115,,,,,,,,,14,35,13,350000000000000000000000350000000007436515100000662351000000441666660000,,00032508,,,,,,,,54,2,0,13,13,32508,,5155135345433313141444515451434351111545444355131443445555531451353414145413351435,ABAABCACDADCCCBCBDBDDDABADABDCDCABBBBADADDDCAABCBDDCDDAAAAACBDABCACDBDBDADBCCABDCA,ABAABCACADCDCCBCBDBDDDABADABCDCDABBBABADDDCDAABCBDCDDDAAAAACBDABACCDBDBDADBCACBDAC,,,9,32508,,,,,,,,,,,,,,,11,35,544353340000545355000000151450000007311315541000533500000000500000000000,,bb40abb1,,,,,,,,61,0,1,bb40abb1,40,16264,,5155135345433313141444515451434351111545444355131443445555531451353414145413351435131553535533415411,ABAABCACDADCCCBCBDBDDDABADABDCDCABBBBADADDDCAABCBDDCDDAAAAACBDABCACDBDBDADBCCABDCABCBAACACAACCDBADBB,ABAABCACADCDCCBCBDBDDDABADABCDCDABBBABADDDCDAABCBDCDDDAAAAACBDABACCDBDBDADBCACBDACBCABACACAACCBDADBB,,,6,16264,,,,,L_T1_GTR___standard,,,,,L_T1_GTR03_33000001,,,
13855,116,,,,,,,,,35,13,15,350000000000000000000000354100000007436515100000666351000000441666660000,,00032518,,,,,,,,55,3,0,10,10,32518,,515513534543331314144451545143435111154544435513144344555553145135341414541335143513,ABAABCACDADCCCBCBDBDDDABADABDCDCABBBBADADDDCAABCBDDCDDAAAAACBDABCACDBDBDADBCCABDCABC,ABAABCACADCDCCBCBDBDDDABADABCDCDABBBABADDDCDAABCBDCDDDAAAAACBDABACCDBDBDADBCACBDACBC,,,9,32518,,,,,,,,,,,,,,,11,35,544353340000545355000000151450000007311315541000533500000000500000000000,,bb40abb1,,,,,,,,61,0,1,bb40abb1,40,16264,,5155135345433313141444515451434351111545444355131443445555531451353414145413351435131553535533415411,ABAABCACDADCCCBCBDBDDDABADABDCDCABBBBADADDDCAABCBDDCDDAAAAACBDABCACDBDBDADBCCABDCABCBAACACAACCDBADBB,ABAABCACADCDCCBCBDBDDDABADABCDCDABBBABADDDCDAABCBDCDDDAAAAACBDABACCDBDBDADBCACBDACBCABACACAACCBDADBB,,,6,16264,,,,,L_T1_GTR___standard,,,,,L_T1_GTR03_33000001,,,
13879,117,,,,,,,,,35,13,15,350000000000000000000000354100000007436515100000666351000000441666660000,,00032518,,,,,,,,55,3,0,10,10,32518,,515513534543331314144451545143435111154544435513144344555553145135341414541335143513,ABAABCACDADCCCBCBDBDDDABADABDCDCABBBBADADDDCAABCBDDCDDAAAAACBDABCACDBDBDADBCCABDCABC,ABAABCACADCDCCBCBDBDDDABADABCDCDABBBABADDDCDAABCBDCDDDAAAAACBDABACCDBDBDADBCACBDACBC,,,9,32518,,,,,,,,,,,,,,,11,35,544333400000545300000000151400000007311315541000533500000000500000000000,,bb40abb8,,,,,,,,62,0,2,bb40abb8,320,16584,,5155135345433313141444515451434351111545444355131443445555531451353414145413351435131553535533415411,ABAABCACDADCCCBCBDBDDDABADABDCDCABBBBADADDDCAABCBDDCDDAAAAACBDABCACDBDBDADBCCABDCABCBAACACAACCDBADBB,ABAABCACADCDCCBCBDBDDDABADABCDCDABBBABADDDCDAABCBDCDDDAAAAACBDABACCDBDBDADBCACBDACBCABACACAACCBDADBB,,,6,16584,,,,,L_T1_GTR___standard,,,,,L_T1_GTR03_33000001,,,
13910,118,,,,,,,,,13,15,53,350000000000350000000000354100000007436515100000666351000000441666660000,,00032531,,,,,,,,56,4,0,13,13,32531,,51551353454333131414445154514343511115454443551314434455555314513534141454133514351315,ABAABCACDADCCCBCBDBDDDABADABDCDCABBBBADADDDCAABCBDDCDDAAAAACBDABCACDBDBDADBCCABDCABCBA,ABAABCACADCDCCBCBDBDDDABADABCDCDABBBABADDDCDAABCBDCDDDAAAAACBDABACCDBDBDADBCACBDACBCAB,,,9,32531,,,,,,,,,,,,,,,11,35,544333400000545300000000151400000007311315541000533500000000500000000000,,bb40abb8,,,,,,,,62,0,2,bb40abb8,320,16584,,5155135345433313141444515451434351111545444355131443445555531451353414145413351435131553535533415411,ABAABCACDADCCCBCBDBDDDABADABDCDCABBBBADADDDCAABCBDDCDDAAAAACBDABCACDBDBDADBCCABDCABCBAACACAACCDBADBB,ABAABCACADCDCCBCBDBDDDABADABCDCDABBBABADDDCDAABCBDCDDDAAAAACBDABACCDBDBDADBCACBDACBCABACACAACCBDADBB,,,6,16584,,,,,L_T1_GTR___standard,,,,,L_T1_GTR03_33000001,,,
13963,119,,,,,,,,,13,15,53,350000000000350000000000354100000007436515100000666351000000441666660000,,00032531,,,,,,,,56,4,0,13,13,32531,,51551353454333131414445154514343511115454443551314434455555314513534141454133514351315,ABAABCACDADCCCBCBDBDDDABADABDCDCABBBBADADDDCAABCBDDCDDAAAAACBDABCACDBDBDADBCCABDCABCBA,ABAABCACADCDCCBCBDBDDDABADABCDCDABBBABADDDCDAABCBDCDDDAAAAACBDABACCDBDBDADBCACBDACBCAB,,,9,32531,,,,,,,,,,,,,,,11,35,544400000000545000000000151400000007311315541000533500000000500000000000,,bb40ab16,,,,,,,,63,0,3,bb40ab16,640,17224,,5155135345433313141444515451434351111545444355131443445555531451353414145413351435131553535533415411,ABAABCACDADCCCBCBDBDDDABADABDCDCABBBBADADDDCAABCBDDCDDAAAAACBDABCACDBDBDADBCCABDCABCBAACACAACCDBADBB,ABAABCACADCDCCBCBDBDDDABADABCDCDABBBABADDDCDAABCBDCDDDAAAAACBDABACCDBDBDADBCACBDACBCABACACAACCBDADBB,,,6,17224,,,,,,,,,,,,,
13976,120,,,,,,,,,15,53,53,350000000000353000000000354110000007436515100000666351000000441666660000,,00032540,,,,,,,,57,5,0,9,9,32540,,5155135345433313141444515451434351111545444355131443445555531451353414145413351435131553,ABAABCACDADCCCBCBDBDDDABADABDCDCABBBBADADDDCAABCBDDCDDAAAAACBDABCACDBDBDADBCCABDCABCBAAC,ABAABCACADCDCCBCBDBDDDABADABCDCDABBBABADDDCDAABCBDCDDDAAAAACBDABACCDBDBDADBCACBDACBCABAC,,,9,32540,,,,,,,,,,,,,,,11,35,544400000000545000000000151400000007311315541000533500000000500000000000,,bb40ab16,,,,,,,,63,0,3,bb40ab16,640,17224,,5155135345433313141444515451434351111545444355131443445555531451353414145413351435131553535533415411,ABAABCACDADCCCBCBDBDDDABADABDCDCABBBBADADDDCAABCBDDCDDAAAAACBDABCACDBDBDADBCCABDCABCBAACACAACCDBADBB,ABAABCACADCDCCBCBDBDDDABADABCDCDABBBABADDDCDAABCBDCDDDAAAAACBDABACCDBDBDADBCACBDACBCABACACAACCBDADBB,,,6,17224,,,,,,,,,,,,,
14018,121,,,,,,,,,53,53,55,350000000000353000000000354110000007436515100000666351150000441666660000,,00032547,,,,,,,,58,6,0,7,7,32547,,515513534543331314144451545143435111154544435513144344555553145135341414541335143513155353,ABAABCACDADCCCBCBDBDDDABADABDCDCABBBBADADDDCAABCBDDCDDAAAAACBDABCACDBDBDADBCCABDCABCBAACAC,ABAABCACADCDCCBCBDBDDDABADABCDCDABBBABADDDCDAABCBDCDDDAAAAACBDABACCDBDBDADBCACBDACBCABACAC,,,9,32547,,,,,,,,,,,,,,,11,35,544400000000545000000000151400000007311315541000533500000000500000000000,,bb40ab16,,,,,,,,63,0,3,bb40ab16,640,17224,,5155135345433313141444515451434351111545444355131443445555531451353414145413351435131553535533415411,ABAABCACDADCCCBCBDBDDDABADABDCDCABBBBADADDDCAABCBDDCDDAAAAACBDABCACDBDBDADBCCABDCABCBAACACAACCDBADBB,ABAABCACADCDCCBCBDBDDDABADABCDCDABBBABADDDCDAABCBDCDDDAAAAACBDABACCDBDBDADBCACBDACBCABACACAACCBDADBB,,,6,17224,,,,,,,,,,,,,
14043,122,,,,,,,,,53,53,55,350000000000353000000000354110000007436515100000666351150000441666660000,,00032547,,,,,,,,58,6,0,7,7,32547,,515513534543331314144451545143435111154544435513144344555553145135341414541335143513155353,ABAABCACDADCCCBCBDBDDDABADABDCDCABBBBADADDDCAABCBDDCDDAAAAACBDABCACDBDBDADBCCABDCABCBAACAC,ABAABCACADCDCCBCBDBDDDABADABCDCDABBBABADDDCDAABCBDCDDDAAAAACBDABACCDBDBDADBCACBDACBCABACAC,,,9,32547,,,,,,,,,,,,,,,11,35,500000000000550000000000151400000007311315541000533500000000500000000000,,bb40ab32,,,,,,,,64,0,4,bb40ab32,1280,18504,,5155135345433313141444515451434351111545444355131443445555531451353414145413351435131553535533415411,ABAABCACDADCCCBCBDBDDDABADABDCDCABBBBADADDDCAABCBDDCDDAAAAACBDABCACDBDBDADBCCABDCABCBAACACAACCDBADBB,ABAABCACADCDCCBCBDBDDDABADABCDCDABBBABADDDCDAABCBDCDDDAAAAACBDABACCDBDBDADBCACBDACBCABACACAACCBDADBB,,,6,18504,,,,,,,,,,,,,
14056,123,,,,,,,,,53,55,33,350000000000353000000000354110000007436515153000666351150000441666660000,,00032553,,,,,,,,59,7,0,6,6,32553,,51551353454333131414445154514343511115454443551314434455555314513534141454133514351315535355,ABAABCACDADCCCBCBDBDDDABADABDCDCABBBBADADDDCAABCBDDCDDAAAAACBDABCACDBDBDADBCCABDCABCBAACACAA,ABAABCACADCDCCBCBDBDDDABADABCDCDABBBABADDDCDAABCBDCDDDAAAAACBDABACCDBDBDADBCACBDACBCABACACAA,,,9,32553,,,,,,,,,,,,,,,11,35,500000000000550000000000151400000007311315541000533500000000500000000000,,bb40ab32,,,,,,,,64,0,4,bb40ab32,1280,18504,,5155135345433313141444515451434351111545444355131443445555531451353414145413351435131553535533415411,ABAABCACDADCCCBCBDBDDDABADABDCDCABBBBADADDDCAABCBDDCDDAAAAACBDABCACDBDBDADBCCABDCABCBAACACAACCDBADBB,ABAABCACADCDCCBCBDBDDDABADABCDCDABBBABADDDCDAABCBDCDDDAAAAACBDABACCDBDBDADBCACBDACBCABACACAACCBDADBB,,,6,18504,,,,,,,,,,,,,
14116,124,,,,,,,,,55,33,41,350000000000353000000000354110000007436515153300666351155000441666660000,,00032557,,,,,,,,60,8,0,4,4,32557,,5155135345433313141444515451434351111545444355131443445555531451353414145413351435131553535533,ABAABCACDADCCCBCBDBDDDABADABDCDCABBBBADADDDCAABCBDDCDDAAAAACBDABCACDBDBDADBCCABDCABCBAACACAACC,ABAABCACADCDCCBCBDBDDDABADABCDCDABBBABADDDCDAABCBDCDDDAAAAACBDABACCDBDBDADBCACBDACBCABACACAACC,,,9,32557,,,,,,,,,,,,,,,11,35,500000000000550000000000151400000007311315541000533500000000500000000000,,bb40ab32,,,,,,,,64,0,4,bb40ab32,1280,18504,,5155135345433313141444515451434351111545444355131443445555531451353414145413351435131553535533415411,ABAABCACDADCCCBCBDBDDDABADABDCDCABBBBADADDDCAABCBDDCDDAAAAACBDABCACDBDBDADBCCABDCABCBAACACAACCDBADBB,ABAABCACADCDCCBCBDBDDDABADABCDCDABBBABADDDCDAABCBDCDDDAAAAACBDABACCDBDBDADBCACBDACBCABACACAACCBDADBB,,,6,18504,,,,,,,,,,,,,
14122,125,,,,,,,,,55,33,41,350000000000353000000000354110000007436515153300666351155000441666660000,,00032557,,,,,,,,60,8,0,4,4,32557,,5155135345433313141444515451434351111545444355131443445555531451353414145413351435131553535533,ABAABCACDADCCCBCBDBDDDABADABDCDCABBBBADADDDCAABCBDDCDDAAAAACBDABCACDBDBDADBCCABDCABCBAACACAACC,ABAABCACADCDCCBCBDBDDDABADABCDCDABBBABADDDCDAABCBDCDDDAAAAACBDABACCDBDBDADBCACBDACBCABACACAACC,,,9,32557,,,,,,,,,,,,,,,11,35,000000000000000000000000114000000007311315541000533500000000500000000000,,bb40ab64,,,,,,,,65,0,5,bb40ab64,2560,21064,,5155135345433313141444515451434351111545444355131443445555531451353414145413351435131553535533415411,ABAABCACDADCCCBCBDBDDDABADABDCDCABBBBADADDDCAABCBDDCDDAAAAACBDABCACDBDBDADBCCABDCABCBAACACAACCDBADBB,ABAABCACADCDCCBCBDBDDDABADABCDCDABBBABADDDCDAABCBDCDDDAAAAACBDABACCDBDBDADBCACBDACBCABACACAACCBDADBB,,,6,21064,,,,,,,,,,,,,
14160,126,,,,,,,,,33,41,34,350000000000353550000000354110000007436515153300666351155000441666660000,,00032566,,,,,,,,61,9,0,9,9,32566,,515513534543331314144451545143435111154544435513144344555553145135341414541335143513155353553341,ABAABCACDADCCCBCBDBDDDABADABDCDCABBBBADADDDCAABCBDDCDDAAAAACBDABCACDBDBDADBCCABDCABCBAACACAACCDB,ABAABCACADCDCCBCBDBDDDABADABCDCDABBBABADDDCDAABCBDCDDDAAAAACBDABACCDBDBDADBCACBDACBCABACACAACCBD,,,9,32566,,,,,,,,,,,,,,,11,35,000000000000000000000000114000000007311315541000533500000000500000000000,,bb40ab64,,,,,,,,65,0,5,bb40ab64,2560,21064,,5155135345433313141444515451434351111545444355131443445555531451353414145413351435131553535533415411,ABAABCACDADCCCBCBDBDDDABADABDCDCABBBBADADDDCAABCBDDCDDAAAAACBDABCACDBDBDADBCCABDCABCBAACACAACCDBADBB,ABAABCACADCDCCBCBDBDDDABADABCDCDABBBABADDDCDAABCBDCDDDAAAAACBDABACCDBDBDADBCACBDACBCABACACAACCBDADBB,,,6,21064,,,,,,,,,,,,,
14199,127,,,,,,,,,41,54,11,350000000000353553000000354113000007436515153300666351155000441666660000,,00032574,,,,,,,,62,10,0,8,8,32574,,51551353454333131414445154514343511115454443551314434455555314513534141454133514351315535355334154,ABAABCACDADCCCBCBDBDDDABADABDCDCABBBBADADDDCAABCBDDCDDAAAAACBDABCACDBDBDADBCCABDCABCBAACACAACCDBAD,ABAABCACADCDCCBCBDBDDDABADABCDCDABBBABADDDCDAABCBDCDDDAAAAACBDABACCDBDBDADBCACBDACBCABACACAACCBDAD,,,9,32574,,,,,,,,,,,,,,,11,35,000000000000000000000000114000000007311315541000533500000000500000000000,,bb40ab64,,,,,,,,65,0,5,bb40ab64,2560,21064,,5155135345433313141444515451434351111545444355131443445555531451353414145413351435131553535533415411,ABAABCACDADCCCBCBDBDDDABADABDCDCABBBBADADDDCAABCBDDCDDAAAAACBDABCACDBDBDADBCCABDCABCBAACACAACCDBADBB,ABAABCACADCDCCBCBDBDDDABADABCDCDABBBABADDDCDAABCBDCDDDAAAAACBDABACCDBDBDADBCACBDACBCABACACAACCBDADBB,,,6,21064,,,,,,,,,,,,,
14205,128,,,,,,,,,41,54,11,350000000000353553000000354113000007436515153300666351155000441666660000,,00032574,,,,,,,,62,10,0,8,8,32574,,51551353454333131414445154514343511115454443551314434455555314513534141454133514351315535355334154,ABAABCACDADCCCBCBDBDDDABADABDCDCABBBBADADDDCAABCBDDCDDAAAAACBDABCACDBDBDADBCCABDCABCBAACACAACCDBAD,ABAABCACADCDCCBCBDBDDDABADABCDCDABBBABADDDCDAABCBDCDDDAAAAACBDABACCDBDBDADBCACBDACBCABACACAACCBDAD,,,9,32574,,,,,,,,,,,,,,,11,35,000000000000000000000000400000000007331554100000533500000000500000000000,,bb40ab96,,,,,,,,66,0,6,bb40ab96,3840,24904,,5155135345433313141444515451434351111545444355131443445555531451353414145413351435131553535533415411,ABAABCACDADCCCBCBDBDDDABADABDCDCABBBBADADDDCAABCBDDCDDAAAAACBDABCACDBDBDADBCCABDCABCBAACACAACCDBADBB,ABAABCACADCDCCBCBDBDDDABADABCDCDABBBABADDDCDAABCBDCDDDAAAAACBDABACCDBDBDADBCACBDACBCABACACAACCBDADBB,,,6,24904,,,,,,,,,,,,,
14239,129,,,,,,,,,54,11,35,350000000000353553000000354113000007436515133300666351155140441666660000,,00032577,,,,,,,,63,11,0,3,3,32577,,5155135345433313141444515451434351111545444355131443445555531451353414145413351435131553535533415411,ABAABCACDADCCCBCBDBDDDABADABDCDCABBBBADADDDCAABCBDDCDDAAAAACBDABCACDBDBDADBCCABDCABCBAACACAACCDBADBB,ABAABCACADCDCCBCBDBDDDABADABCDCDABBBABADDDCDAABCBDCDDDAAAAACBDABACCDBDBDADBCACBDACBCABACACAACCBDADBB,,,9,32577,,,,,,,,,,,,,,,11,35,000000000000000000000000400000000007331554100000533500000000500000000000,,bb40ab96,,,,,,,,66,0,6,bb40ab96,3840,24904,,5155135345433313141444515451434351111545444355131443445555531451353414145413351435131553535533415411,ABAABCACDADCCCBCBDBDDDABADABDCDCABBBBADADDDCAABCBDDCDDAAAAACBDABCACDBDBDADBCCABDCABCBAACACAACCDBADBB,ABAABCACADCDCCBCBDBDDDABADABCDCDABBBABADDDCDAABCBDCDDDAAAAACBDABACCDBDBDADBCACBDACBCABACACAACCBDADBB,,,6,24904,,,,,,,,,,,,,
14287,130,,,,,,,,,54,11,35,350000000000353553000000354113000007436515133300666351155140441666660000,,00032577,,,,,,,,63,11,0,3,3,32577,,5155135345433313141444515451434351111545444355131443445555531451353414145413351435131553535533415411,ABAABCACDADCCCBCBDBDDDABADABDCDCABBBBADADDDCAABCBDDCDDAAAAACBDABCACDBDBDADBCCABDCABCBAACACAACCDBADBB,ABAABCACADCDCCBCBDBDDDABADABCDCDABBBABADDDCDAABCBDCDDDAAAAACBDABACCDBDBDADBCACBDACBCABACACAACCBDADBB,,,9,32577,,,,,,,,,,,,,,,11,35,000000000000000000000000400000000007155410000000550000000000500000000000,,bb50a130,,,,,,,,67,0,7,bb50a130,6500,31404,,5155135345433313141444515451434351111545444355131443445555531451353414145413351435131553535533415411,ABAABCACDADCCCBCBDBDDDABADABDCDCABBBBADADDDCAABCBDDCDDAAAAACBDABCACDBDBDADBCCABDCABCBAACACAACCDBADBB,ABAABCACADCDCCBCBDBDDDABADABCDCDABBBABADDDCDAABCBDCDDDAAAAACBDABACCDBDBDADBCACBDACBCABACACAACCBDADBB,,,7,31404,,,,,,,,,,,,,
14292,131,,,,,,,,,11,35,35,354500000000353553000000354113000007436515153300666351155140441666660000,,00032587,,,,,,,,64,12,0,10,10,32587,,515513534543331314144451545143435111154544435513144344555553145135341414541335143513155353553341541135,ABAABCACDADCCCBCBDBDDDABADABDCDCABBBBADADDDCAABCBDDCDDAAAAACBDABCACDBDBDADBCCABDCABCBAACACAACCDBADBBCA,ABAABCACADCDCCBCBDBDDDABADABCDCDABBBABADDDCDAABCBDCDDDAAAAACBDABACCDBDBDADBCACBDACBCABACACAACCBDADBBAC,,,9,32587,,,,,,,,,,,,,,,11,35,000000000000000000000000400000000007155410000000550000000000500000000000,,bb50a130,,,,,,,,67,0,7,bb50a130,6500,31404,,5155135345433313141444515451434351111545444355131443445555531451353414145413351435131553535533415411,ABAABCACDADCCCBCBDBDDDABADABDCDCABBBBADADDDCAABCBDDCDDAAAAACBDABCACDBDBDADBCCABDCABCBAACACAACCDBADBB,ABAABCACADCDCCBCBDBDDDABADABCDCDABBBABADDDCDAABCBDCDDDAAAAACBDABACCDBDBDADBCACBDACBCABACACAACCBDADBB,,,7,31404,,,,,,,,,,,,,
14324,132,,,,,,,,,35,35,44,354500000000353553000000354113000007436515153311666351155140441666660000,,00032589,,,,,,,,65,13,0,2,2,32589,,51551353454333131414445154514343511115454443551314434455555314513534141454133514351315535355334154113535,ABAABCACDADCCCBCBDBDDDABADABDCDCABBBBADADDDCAABCBDDCDDAAAAACBDABCACDBDBDADBCCABDCABCBAACACAACCDBADBBCACA,ABAABCACADCDCCBCBDBDDDABADABCDCDABBBABADDDCDAABCBDCDDDAAAAACBDABACCDBDBDADBCACBDACBCABACACAACCBDADBBACAC,,,9,32589,,,,,,,,,,,,,,,11,35,000000000000000000000000400000000007155410000000550000000000500000000000,,bb50a130,,,,,,,,67,0,7,bb50a130,6500,31404,,5155135345433313141444515451434351111545444355131443445555531451353414145413351435131553535533415411,ABAABCACDADCCCBCBDBDDDABADABDCDCABBBBADADDDCAABCBDDCDDAAAAACBDABCACDBDBDADBCCABDCABCBAACACAACCDBADBB,ABAABCACADCDCCBCBDBDDDABADABCDCDABBBABADDDCDAABCBDCDDDAAAAACBDABACCDBDBDADBCACBDACBCABACACAACCBDADBB,,,7,31404,,,,,,,,,,,,,
14362,133,,,,,,,,,35,44,34,354500000000353553350000354113000007436515153311666351155140441666620000,,00032596,,,,,,,,66,14,0,7,7,32596,,5155135345433313141444515451434351111545444355131443445555531451353414145413351435131553535533415411353544,ABAABCACDADCCCBCBDBDDDABADABDCDCABBBBADADDDCAABCBDDCDDAAAAACBDABCACDBDBDADBCCABDCABCBAACACAACCDBADBBCACADD,ABAABCACADCDCCBCBDBDDDABADABCDCDABBBABADDDCDAABCBDCDDDAAAAACBDABACCDBDBDADBCACBDACBCABACACAACCBDADBBACACDD,,,9,32596,,,,,,,,,,,,,,,11,35,000000000000000000000000400000000007155410000000550000000000500000000000,,bb50a130,,,,,,,,67,0,7,bb50a130,6500,31404,,5155135345433313141444515451434351111545444355131443445555531451353414145413351435131553535533415411,ABAABCACDADCCCBCBDBDDDABADABDCDCABBBBADADDDCAABCBDDCDDAAAAACBDABCACDBDBDADBCCABDCABCBAACACAACCDBADBB,ABAABCACADCDCCBCBDBDDDABADABCDCDABBBABADDDCDAABCBDCDDDAAAAACBDABACCDBDBDADBCACBDACBCABACACAACCBDADBB,,,7,31404,,,,,,,,,,,,,
14405,134,,,,,,,,,44,34,13,354500000000353553355300354113000007436515153311666351155140441666660000,,00032600,,,,,,,,67,15,0,4,4,32600,,515513534543331314144451545143435111154544435513144344555553145135341414541335143513155353553341541135354434,ABAABCACDADCCCBCBDBDDDABADABDCDCABBBBADADDDCAABCBDDCDDAAAAACBDABCACDBDBDADBCCABDCABCBAACACAACCDBADBBCACADDCD,ABAABCACADCDCCBCBDBDDDABADABCDCDABBBABADDDCDAABCBDCDDDAAAAACBDABACCDBDBDADBCACBDACBCABACACAACCBDADBBACACDDCD,,,9,32600,,,,,,,,,,,,,,,11,35,000000000000000000000000400000000007155410000000550000000000500000000000,,bb50a130,,,,,,,,67,0,7,bb50a130,6500,31404,,5155135345433313141444515451434351111545444355131443445555531451353414145413351435131553535533415411,ABAABCACDADCCCBCBDBDDDABADABDCDCABBBBADADDDCAABCBDDCDDAAAAACBDABCACDBDBDADBCCABDCABCBAACACAACCDBADBB,ABAABCACADCDCCBCBDBDDDABADABCDCDABBBABADDDCDAABCBDCDDDAAAAACBDABACCDBDBDADBCACBDACBCABACACAACCBDADBB,,,7,31404,,,,,,,,,,,,,
14450,135,,,,,,,,,34,13,34,354544000000353553355300354113000007436515153311666351155140441666660000,,00032608,,,,,,,,68,16,0,8,8,32608,,51551353454333131414445154514343511115454443551314434455555314513534141454133514351315535355334154113535443413,ABAABCACDADCCCBCBDBDDDABADABDCDCABBBBADADDDCAABCBDDCDDAAAAACBDABCACDBDBDADBCCABDCABCBAACACAACCDBADBBCACADDCDBC,ABAABCACADCDCCBCBDBDDDABADABCDCDABBBABADDDCDAABCBDCDDDAAAAACBDABACCDBDBDADBCACBDACBCABACACAACCBDADBBACACDDCDBC,,,9,32608,,,,,,,,,,,,,,,11,35,000000000000000000000000400000000007155410000000550000000000500000000000,,bb50a130,,,,,,,,67,0,7,bb50a130,6500,31404,,5155135345433313141444515451434351111545444355131443445555531451353414145413351435131553535533415411,ABAABCACDADCCCBCBDBDDDABADABDCDCABBBBADADDDCAABCBDDCDDAAAAACBDABCACDBDBDADBCCABDCABCBAACACAACCDBADBB,ABAABCACADCDCCBCBDBDDDABADABCDCDABBBABADDDCDAABCBDCDDDAAAAACBDABACCDBDBDADBCACBDACBCABACACAACCBDADBB,,,7,31404,,,,,,,,,,,,,
14465,136,,,,,,,,,34,13,34,354544000000353553355300354113000007436515153311666351155140441666660000,,00032608,,,,,,,,68,16,0,8,8,32608,,51551353454333131414445154514343511115454443551314434455555314513534141454133514351315535355334154113535443413,ABAABCACDADCCCBCBDBDDDABADABDCDCABBBBADADDDCAABCBDDCDDAAAAACBDABCACDBDBDADBCCABDCABCBAACACAACCDBADBBCACADDCDBC,ABAABCACADCDCCBCBDBDDDABADABCDCDABBBABADDDCDAABCBDCDDDAAAAACBDABACCDBDBDADBCACBDACBCABACACAACCBDADBBACACDDCDBC,,,9,32608,,,,,,,,,,,,,,11,35,35,666660000000666660000000466666000007141666660000666660000000666660000000,,00031410,,,,,,,,68,1,0,6,6,31410,,515513534543331314144451545143435111154544435513144344555553145135341414541335143513155353553341541135,ABAABCACDADCCCBCBDBDDDABADABDCDCABBBBADADDDCAABCBDDCDDAAAAACBDABCACDBDBDADBCCABDCABCBAACACAACCDBADBBCA,ABAABCACADCDCCBCBDBDDDABADABCDCDABBBABADDDCDAABCBDCDDDAAAAACBDABACCDBDBDADBCACBDACBCABACACAACCBDADBBAC,,,7,31410,,,,,,,,,,,,,
14526,137,,,,,,,,,13,34,13,354544430000353553355300354113000007436515153311666351155140441666660000,,00032614,,,,,,,,69,17,0,6,6,32614,,5155135345433313141444515451434351111545444355131443445555531451353414145413351435131553535533415411353544341334,ABAABCACDADCCCBCBDBDDDABADABDCDCABBBBADADDDCAABCBDDCDDAAAAACBDABCACDBDBDADBCCABDCABCBAACACAACCDBADBBCACADDCDBCCD,ABAABCACADCDCCBCBDBDDDABADABCDCDABBBABADDDCDAABCBDCDDDAAAAACBDABACCDBDBDADBCACBDACBCABACACAACCBDADBBACACDDCDBCCD,,,9,32614,,,,,,,,,,,,,,11,35,35,666660000000666660000000466666000007141666660000666660000000666660000000,,00031410,,,,,,,,68,1,0,6,6,31410,,515513534543331314144451545143435111154544435513144344555553145135341414541335143513155353553341541135,ABAABCACDADCCCBCBDBDDDABADABDCDCABBBBADADDDCAABCBDDCDDAAAAACBDABCACDBDBDADBCCABDCABCBAACACAACCDBADBBCA,ABAABCACADCDCCBCBDBDDDABADABCDCDABBBABADDDCDAABCBDCDDDAAAAACBDABACCDBDBDADBCACBDACBCABACACAACCBDADBBAC,,,7,31410,,,,,,,,,,,,,
14553,138,,,,,,,,,13,34,13,354544430000353553355300354113000007436515153311666351155140441666660000,,00032614,,,,,,,,69,17,0,6,6,32614,,5155135345433313141444515451434351111545444355131443445555531451353414145413351435131553535533415411353544341334,ABAABCACDADCCCBCBDBDDDABADABDCDCABBBBADADDDCAABCBDDCDDAAAAACBDABCACDBDBDADBCCABDCABCBAACACAACCDBADBBCACADDCDBCCD,ABAABCACADCDCCBCBDBDDDABADABCDCDABBBABADDDCDAABCBDCDDDAAAAACBDABACCDBDBDADBCACBDACBCABACACAACCBDADBBACACDDCDBCCD,,,9,32614,,,,,,,,,,,,,,35,35,44,666666000000666666000000466666116007141666666000666666000000666660000000,,00031416,,,,,,,,69,2,0,6,6,31416,,51551353454333131414445154514343511115454443551314434455555314513534141454133514351315535355334154113535,ABAABCACDADCCCBCBDBDDDABADABDCDCABBBBADADDDCAABCBDDCDDAAAAACBDABCACDBDBDADBCCABDCABCBAACACAACCDBADBBCACA,ABAABCACADCDCCBCBDBDDDABADABCDCDABBBABADDDCDAABCBDCDDDAAAAACBDABACCDBDBDADBCACBDACBCABACACAACCBDADBBACAC,,,7,31416,,,,,,,,,,,,,
14586,139,,,,,,,,,13,34,13,354544430000353553355300354113000007436515153311666351155140441666660000,,00032614,,,,,,,,69,17,0,6,6,32614,,5155135345433313141444515451434351111545444355131443445555531451353414145413351435131553535533415411353544341334,ABAABCACDADCCCBCBDBDDDABADABDCDCABBBBADADDDCAABCBDDCDDAAAAACBDABCACDBDBDADBCCABDCABCBAACACAACCDBADBBCACADDCDBCCD,ABAABCACADCDCCBCBDBDDDABADABCDCDABBBABADDDCDAABCBDCDDDAAAAACBDABACCDBDBDADBCACBDACBCABACACAACCBDADBBACACDDCDBCCD,,,9,32614,,,,,,,,,,,,,,35,44,34,666666000000666666000000466666116357141666666000666666000000666660000000,,00031420,,,,,,,,70,3,0,4,4,31420,,5155135345433313141444515451434351111545444355131443445555531451353414145413351435131553535533415411353544,ABAABCACDADCCCBCBDBDDDABADABDCDCABBBBADADDDCAABCBDDCDDAAAAACBDABCACDBDBDADBCCABDCABCBAACACAACCDBADBBCACADD,ABAABCACADCDCCBCBDBDDDABADABCDCDABBBABADDDCDAABCBDCDDDAAAAACBDABACCDBDBDADBCACBDACBCABACACAACCBDADBBACACDD,,,7,31420,,,,,,,,,,,,,
14592,140,,,,,,,,,34,34,13,354544430000353553355310354113000007436515153311666351155140441666660000,,00032614,,,,,,,,70,18,0,0,0,32614,,515513534543331314144451545143435111154544435513144344555553145135341414541335143513155353553341541135354434133434,ABAABCACDADCCCBCBDBDDDABADABDCDCABBBBADADDDCAABCBDDCDDAAAAACBDABCACDBDBDADBCCABDCABCBAACACAACCDBADBBCACADDCDBCCDCD,ABAABCACADCDCCBCBDBDDDABADABCDCDABBBABADDDCDAABCBDCDDDAAAAACBDABACCDBDBDADBCACBDACBCABACACAACCBDADBBACACDDCDBCCDCD,,,9,32614,,,,,,,,,,,,,,35,44,34,666666000000666666000000466666116357141666666000666666000000666660000000,,00031420,,,,,,,,70,3,0,4,4,31420,,5155135345433313141444515451434351111545444355131443445555531451353414145413351435131553535533415411353544,ABAABCACDADCCCBCBDBDDDABADABDCDCABBBBADADDDCAABCBDDCDDAAAAACBDABCACDBDBDADBCCABDCABCBAACACAACCDBADBBCACADD,ABAABCACADCDCCBCBDBDDDABADABCDCDABBBABADDDCDAABCBDCDDDAAAAACBDABACCDBDBDADBCACBDACBCABACACAACCBDADBBACACDD,,,7,31420,,,,,,,,,,,,,
14601,141,,,,,,,,,34,34,13,354544430000353553355310354113000007436515153311666351155140441666660000,,00032614,,,,,,,,70,18,0,0,0,32614,,515513534543331314144451545143435111154544435513144344555553145135341414541335143513155353553341541135354434133434,ABAABCACDADCCCBCBDBDDDABADABDCDCABBBBADADDDCAABCBDDCDDAAAAACBDABCACDBDBDADBCCABDCABCBAACACAACCDBADBBCACADDCDBCCDCD,ABAABCACADCDCCBCBDBDDDABADABCDCDABBBABADDDCDAABCBDCDDDAAAAACBDABACCDBDBDADBCACBDACBCABACACAACCBDADBBACACDDCDBCCDCD,,,9,32614,,,,,,,,,,,,,,,44,34,666666000000666666000000466666116353141666666000666666000000666660000000,,00031422,,,,,lose,,,71,3,0,2,2,31422,,5155135345433313141444515451434351111545444355131443445555531451353414145413351435131553535533415411353544,ABAABCACDADCCCBCBDBDDDABADABDCDCABBBBADADDDCAABCBDDCDDAAAAACBDABCACDBDBDADBCCABDCABCBAACACAACCDBADBBCACADD,ABAABCACADCDCCBCBDBDDDABADABCDCDABBBABADDDCDAABCBDCDDDAAAAACBDABACCDBDBDADBCACBDACBCABACACAACCBDADBBACACDD,,,7,31422,,,,,,,,,,,,,
14611,141,,,,,,,,,,34,13,354544430030353553355300354113000007436515153311666351155140441666660000,,00032614,,,,,win,,,71,18,0,0,0,32614,,515513534543331314144451545143435111154544435513144344555553145135341414541335143513155353553341541135354434133434,ABAABCACDADCCCBCBDBDDDABADABDCDCABBBBADADDDCAABCBDDCDDAAAAACBDABCACDBDBDADBCCABDCABCBAACACAACCDBADBBCACADDCDBCCDCD,ABAABCACADCDCCBCBDBDDDABADABCDCDABBBABADDDCDAABCBDCDDDAAAAACBDABACCDBDBDADBCACBDACBCABACACAACCBDADBBACACDDCDBCCDCD,,,9,32614,,,,,,,,,,,,,,,44,34,666666000000666666000000466666116353141666666000666666000000666660000000,,00031422,,,,,lose,,,71,3,0,2,2,31422,,5155135345433313141444515451434351111545444355131443445555531451353414145413351435131553535533415411353544,ABAABCACDADCCCBCBDBDDDABADABDCDCABBBBADADDDCAABCBDDCDDAAAAACBDABCACDBDBDADBCCABDCABCBAACACAACCDBADBBCACADD,ABAABCACADCDCCBCBDBDDDABADABCDCDABBBABADDDCDAABCBDCDDDAAAAACBDABACCDBDBDADBCACBDACBCABACACAACCBDADBBACACDD,,,7,31422,,,,,,,,,,,,,
