5655,0,,,,,,,,,,44,22,000000000000000000000000000000000007000000000000000000000000000000000000,000000,00000000,,,,,,,,0,0,0,0,0,0,,44,AA,AA,,,0,0,,,,,,,,,,,,,,,44,22,000000000000000000000000000000000007000000000000000000000000000000000000,000000,00000000,,,,,,,,0,0,0,0,0,0,,44,AA,AA,,,0,0,,,,,,,,,,,,,
5807,2,,,,,,,,,44,22,45,000000000000000000000000000000000007000000000000000000000000000000000000,,00000000,,,,,,,,1,1,0,0,0,0,,4422,AABB,AABB,,,0,0,,,,,,,,,,,,,,44,22,45,000000000000000000000000000000000007000000000000000000000000000000000000,,00000000,,,,,,,,1,1,0,0,0,0,,4422,AABB,AABB,,,0,0,,,,,,,,,,,,,
5858,3,,,,,,,,,22,45,23,400000000000400000000000000000000007000000000000000000000000000000000000,,00000013,,,,,,,,2,2,0,13,13,13,,442245,AABBAC,AABBAC,,,0,13,,,,,,,,,,,,,,44,22,45,000000000000000000000000000000000007000000000000000000000000000000000000,,00000000,,,,,,,,1,1,0,0,0,0,,4422,AABB,AABB,,,0,0,,,,,,,,,,,,,
5860,4,,,,,,,,,22,45,23,400000000000400000000000000000000007000000000000000000000000000000000000,,00000013,,,,,,,,2,2,0,13,13,13,,442245,AABBAC,AABBAC,,,0,13,,,,,,,,,,,,,,22,45,23,400000000000400000000000000000000007000000000000000000000000000000000000,,00000013,,,,,,,,2,2,0,13,13,13,,442245,AABBAC,AABBAC,,,0,13,,,,,,,,,,,,,
5908,5,,,,,,,,,45,23,52,420000000000420000000000000000000007000000000000000000000000000000000000,,00000025,,,,,,,,3,3,0,12,12,25,,44224523,AABBACBD,AABBACBD,,,0,25,,,,,,,,,,,,,,22,45,23,400000000000400000000000000000000007000000000000000000000000000000000000,,00000013,,,,,,,,2,2,0,13,13,13,,442245,AABBAC,AABBAC,,,0,13,,,,,,,,,,,,,
5910,6,,,,,,,,,45,23,52,420000000000420000000000000000000007000000000000000000000000000000000000,,00000025,,,,,,,,3,3,0,12,12,25,,44224523,AABBACBD,AABBACBD,,,0,25,,,,,,,,,,,,,,45,23,52,420000000000420000000000000000000007000000000000000000000000000000000000,,00000025,,,,,,,,3,3,0,12,12,25,,44224523,AABBACBD,AABBACBD,,,0,25,,,,,,,,,,,,,
5956,7,,,,,,,,,23,52,34,420000000000420000000000540000000007000000000000000000000000000000000000,,00000037,,,,,,,,4,4,0,12,12,37,,4422452352,AABBACBDCB,AABBACBDBC,,,0,37,,,,,,,,,,,,,,45,23,52,420000000000420000000000000000000007000000000000000000000000000000000000,,00000025,,,,,,,,3,3,0,12,12,25,,44224523,AABBACBD,AABBACBD,,,0,25,,,,,,,,,,,,,
5958,8,,,,,,,,,23,52,34,420000000000420000000000540000000007000000000000000000000000000000000000,,00000037,,,,,,,,4,4,0,12,12,37,,4422452352,AABBACBDCB,AABBACBDBC,,,0,37,,,,,,,,,,,,,,23,52,34,420000000000420000000000540000000007000000000000000000000000000000000000,,00000037,,,,,,,,4,4,0,12,12,37,,4422452352,AABBACBDCB,AABBACBDBC,,,0,37,,,,,,,,,,,,,
6006,10,,,,,,,,,52,34,33,422300000000420000000000540000000007000000000000000000000000000000000000,,00000048,,,,,,,,5,5,0,11,11,48,,442245235234,AABBACBDCBDA,AABBACBDBCAD,,,0,48,,,,,,,,,,,,,,52,34,33,422300000000420000000000540000000007000000000000000000000000000000000000,,00000048,,,,,,,,5,5,0,11,11,48,,442245235234,AABBACBDCBDA,AABBACBDBCAD,,,0,48,,,,,,,,,,,,,
6056,12,,,,,,,,,34,33,43,422300000000420000000000540000000007250000000000000000000000000000000000,,00000060,,,,,,,,6,6,0,12,12,60,,44224523523433,AABBACBDCBDADD,AABBACBDBCADDD,,,0,60,,,,,,,,,,L_T1_GTR03_32100001,,,,34,33,43,422300000000420000000000540000000007250000000000000000000000000000000000,,00000060,,,,,,,,6,6,0,12,12,60,,44224523523433,AABBACBDCBDADD,AABBACBDBCADDD,,,0,60,,,,,,,,,,L_T1_GTR03_32100001,,,
6102,13,,,,,,,,,34,33,43,422300000000420000000000540000000007250000000000000000000000000000000000,,00000060,,,,,,,,6,6,0,12,12,60,,44224523523433,AABBACBDCBDADD,AABBACBDBCADDD,,,0,60,,,,,,,,,,L_T1_GTR03_32100001,,,,33,43,52,422300000000424300000000540000000007250000000000000000000000000000000000,,00000070,,,,,,,,7,7,0,10,10,70,,4422452352343343,AABBACBDCBDADDAD,AABBACBDBCADDDAD,,,0,70,,,,,L_T1_GTR___standard,,,,,L_T1_GTR03_33000001/L_T1_GTR03_32100001,,,
6110,14,,,,,,,,,33,43,52,422300000000424300000000540000000007250000000000000000000000000000000000,,00000071,,,,,,,,7,7,0,11,11,71,,4422452352343343,AABBACBDCBDADDAD,AABBACBDBCADDDAD,,,0,71,,,,,L_T1_GTR___standard,,,,,L_T1_GTR03_33000001/L_T1_GTR03_32100001,,,,33,43,52,422300000000424300000000540000000007250000000000000000000000000000000000,,00000070,,,,,,,,7,7,0,10,10,70,,4422452352343343,AABBACBDCBDADDAD,AABBACBDBCADDDAD,,,0,70,,,,,L_T1_GTR___standard,,,,,L_T1_GTR03_33000001/L_T1_GTR03_32100001,,,
6156,15,,,,,,,,,33,43,52,422300000000424300000000540000000007250000000000000000000000000000000000,,00000071,,,,,,,,7,7,0,11,11,71,,4422452352343343,AABBACBDCBDADDAD,AABBACBDBCADDDAD,,,0,71,,,,,L_T1_GTR___standard,,,,,L_T1_GTR03_33000001/L_T1_GTR03_32100001,,,,43,52,54,422300000000424300000000540000000007250000000000000000000000330000000000,,00000082,,,,,,,,8,8,0,12,12,82,,442245235234334352,AABBACBDCBDADDADCB,AABBACBDBCADDDADBC,,,0,82,,,,,L_T1_GTR___standard,,,,,L_T1_GTR03_33000001/L_T1_GTR03_32100001,,,
6166,16,,,,,,,,,43,52,54,422300000000424300000000540000000007250000000000300000000000300000000000,,00000084,,,,,,,,8,8,0,13,13,84,,442245235234334352,AABBACBDCBDADDADCB,AABBACBDBCADDDADBC,,,0,84,,,,,L_T1_GTR___standard,,,,,L_T1_GTR03_33000001/L_T1_GTR03_32100001,,,,43,52,54,422300000000424300000000540000000007250000000000000000000000330000000000,,00000082,,,,,,,,8,8,0,12,12,82,,442245235234334352,AABBACBDCBDADDADCB,AABBACBDBCADDDADBC,,,0,82,,,,,L_T1_GTR___standard,,,,,L_T1_GTR03_33000001/L_T1_GTR03_32100001,,,
6202,17,,,,,,,,,43,52,54,422300000000424300000000540000000007250000000000300000000000300000000000,,00000084,,,,,,,,8,8,0,13,13,84,,442245235234334352,AABBACBDCBDADDADCB,AABBACBDBCADDDADBC,,,0,84,,,,,L_T1_GTR___standard,,,,,L_T1_GTR03_33000001/L_T1_GTR03_32100001,,,,52,54,42,422343000000424300000000540000000007250000000000000000000000330000000000,,00000091,,,,,,,,9,9,0,9,9,91,,44224523523433435254,AABBACBDCBDADDADCBCA,AABBACBDBCADDDADBCAC,,,0,91,,,,,L_T1_GTR___standard,,,,,L_T1_GTR03_33000001/L_T1_GTR03_32100001,,,
6208,18,,,,,,,,,52,54,42,422330000000424340000000540000000007250000000000300000000000300000000000,,00000093,,,,,,,,9,9,0,9,9,93,,44224523523433435254,AABBACBDCBDADDADCBCA,AABBACBDBCADDDADBCAC,,,0,93,,,,,L_T1_GTR___standard,,,,,L_T1_GTR03_33000001/L_T1_GTR03_32100001,,,,52,54,42,422343000000424300000000540000000007250000000000000000000000330000000000,,00000091,,,,,,,,9,9,0,9,9,91,,44224523523433435254,AABBACBDCBDADDADCBCA,AABBACBDBCADDDADBCAC,,,0,91,,,,,L_T1_GTR___standard,,,,,L_T1_GTR03_33000001/L_T1_GTR03_32100001,,,
6253,19,,,,,,,,,52,54,42,422330000000424340000000540000000007250000000000300000000000300000000000,,00000093,,,,,,,,9,9,0,9,9,93,,44224523523433435254,AABBACBDCBDADDADCBCA,AABBACBDBCADDDADBCAC,,,0,93,,,,,L_T1_GTR___standard,,,,,L_T1_GTR03_33000001/L_T1_GTR03_32100001,,,,54,42,23,422343000000424300000000540000000007250000000000250000000000330000000000,,00000103,,,,,,,,10,10,0,12,12,103,,4422452352343343525442,AABBACBDCBDADDADCBCAAB,AABBACBDBCADDDADBCACAB,,,0,103,,,,,L_T1_GTR___standard,,,,,L_T1_GTR03_33000001,,,
6262,20,,,,,,,,,54,42,23,422330000000424340000000540000000007250000000000350000000000320000000000,,00000105,,,,,,,,10,10,0,12,12,105,,4422452352343343525442,AABBACBDCBDADDADCBCAAB,AABBACBDBCADDDADBCACAB,,,0,105,,,,,L_T1_GTR___standard,,,,,L_T1_GTR03_33000001,,,,54,42,23,422343000000424300000000540000000007250000000000250000000000330000000000,,00000103,,,,,,,,10,10,0,12,12,103,,4422452352343343525442,AABBACBDCBDADDADCBCAAB,AABBACBDBCADDDADBCACAB,,,0,103,,,,,L_T1_GTR___standard,,,,,L_T1_GTR03_33000001,,,
6307,21,,,,,,,,,42,23,43,422330000000424340000000545400000007250000000000350000000000320000000000,,00000116,,,,,,,,11,11,0,11,11,116,,442245235234334352544223,AABBACBDCBDADDADCBCAABBD,AABBACBDBCADDDADBCACABBD,,,0,116,,,,,L_T1_GTR___standard,,,,,L_T1_GTR03_33000001,,,,54,42,23,422343000000424300000000540000000007250000000000250000000000330000000000,,00000103,,,,,,,,10,10,0,12,12,103,,4422452352343343525442,AABBACBDCBDADDADCBCAAB,AABBACBDBCADDDADBCACAB,,,0,103,,,,,L_T1_GTR___standard,,,,,L_T1_GTR03_33000001,,,
6321,22,,,,,,,,,42,23,43,422330000000424340000000545400000007250000000000350000000000320000000000,,00000116,,,,,,,,11,11,0,11,11,116,,442245235234334352544223,AABBACBDCBDADDADCBCAABBD,AABBACBDBCADDDADBCACABBD,,,0,116,,,,,L_T1_GTR___standard,,,,,L_T1_GTR03_33000001,,,,42,23,43,422343000000424340000000545000000007250000000000250000000000330000000000,,00000112,,,,,,,,11,11,0,9,9,112,,442245235234334352544223,AABBACBDCBDADDADCBCAABBD,AABBACBDBCADDDADBCACABBD,,,0,112,,,,,L_T1_GTR___standard,,,,,L_T1_GTR03_33000001,,,
6354,23,,,,,,,,,23,43,23,422330000000424340000000545400000007252400000000350000000000320000000000,,00000126,,,,,,,,12,12,0,10,10,126,,44224523523433435254422343,AABBACBDCBDADDADCBCAABBDAD,AABBACBDBCADDDADBCACABBDAD,,,0,126,,,,,L_T1_GTR___standard,,,,,L_T1_GTR03_33000001,,,,42,23,43,422343000000424340000000545000000007250000000000250000000000330000000000,,00000112,,,,,,,,11,11,0,9,9,112,,442245235234334352544223,AABBACBDCBDADDADCBCAABBD,AABBACBDBCADDDADBCACABBD,,,0,112,,,,,L_T1_GTR___standard,,,,,L_T1_GTR03_33000001,,,
6366,24,,,,,,,,,23,43,23,422330000000424340000000545400000007252400000000350000000000320000000000,,00000126,,,,,,,,12,12,0,10,10,126,,44224523523433435254422343,AABBACBDCBDADDADCBCAABBDAD,AABBACBDBCADDDADBCACABBDAD,,,0,126,,,,,L_T1_GTR___standard,,,,,L_T1_GTR03_33000001,,,,23,43,23,422343000000424340000000545000000007252400000000250000000000330000000000,,00000122,,,,,,,,12,12,0,10,10,122,,44224523523433435254422343,AABBACBDCBDADDADCBCAABBDAD,AABBACBDBCADDDADBCACABBDAD,,,0,122,,,,,L_T1_GTR___standard,,,,,L_T1_GTR03_33000001,,,
6406,25,,,,,,,,,43,23,22,422330000000424340000000545400000007252400000000352000000000323000000000,,00000137,,,,,,,,13,13,0,11,11,137,,4422452352343343525442234323,AABBACBDCBDADDADCBCAABBDADBD,AABBACBDBCADDDADBCACABBDADBD,,,0,137,,,,,L_T1_GTR___standard,,,,,L_T1_GTR03_33000001,,,,23,43,23,422343000000424340000000545000000007252400000000250000000000330000000000,,00000122,,,,,,,,12,12,0,10,10,122,,44224523523433435254422343,AABBACBDCBDADDADCBCAABBDAD,AABBACBDBCADDDADBCACABBDAD,,,0,122,,,,,L_T1_GTR___standard,,,,,L_T1_GTR03_33000001,,,
6417,26,,,,,,,,,43,23,22,422330000000424340000000545400000007252400000000352000000000323000000000,,00000137,,,,,,,,13,13,0,11,11,137,,4422452352343343525442234323,AABBACBDCBDADDADCBCAABBDADBD,AABBACBDBCADDDADBCACABBDADBD,,,0,137,,,,,L_T1_GTR___standard,,,,,L_T1_GTR03_33000001,,,,43,23,22,422343000000424340000000545000000007252400000000253000000000332000000000,,00000133,,,,,,,,13,13,0,11,11,133,,4422452352343343525442234323,AABBACBDCBDADDADCBCAABBDADBD,AABBACBDBCADDDADBCACABBDADBD,,,0,133,,,,,L_T1_GTR___standard,,,,,L_T1_GTR03_33000001,,,
6454,27,,,,,,,,,23,22,55,422330000000424340000000545400000007252400000000352000000000323340000000,,00000146,,,,,,,,14,14,0,9,9,146,,442245235234334352544223432322,AABBACBDCBDADDADCBCAABBDADBDBB,AABBACBDBCADDDADBCACABBDADBDBB,,,0,146,,,,,L_T1_GTR___standard,,,,,L_T1_GTR03_33000001,,,,43,23,22,422343000000424340000000545000000007252400000000253000000000332000000000,,00000133,,,,,,,,13,13,0,11,11,133,,4422452352343343525442234323,AABBACBDCBDADDADCBCAABBDADBD,AABBACBDBCADDDADBCACABBDADBD,,,0,133,,,,,L_T1_GTR___standard,,,,,L_T1_GTR03_33000001,,,
6460,28,,,,,,,,,23,22,55,422330000000424340000000545400000007252400000000352000000000323340000000,,00000146,,,,,,,,14,14,0,9,9,146,,442245235234334352544223432322,AABBACBDCBDADDADCBCAABBDADBDBB,AABBACBDBCADDDADBCACABBDADBDBB,,,0,146,,,,,L_T1_GTR___standard,,,,,L_T1_GTR03_33000001,,,,23,22,55,422343000000424340000000545340000007252400000000253000000000332000000000,,00000142,,,,,,,,14,14,0,9,9,142,,442245235234334352544223432322,AABBACBDCBDADDADCBCAABBDADBDBB,AABBACBDBCADDDADBCACABBDADBDBB,,,0,142,,,,,L_T1_GTR___standard/L_T1_GTR___zabuton_,,,,,L_T1_GTR03_33000001,,,
6502,29,,,,,,,,,22,55,24,422330000000424340000000545400000007252400000000352320000000323340000000,,00000155,,,,,,,,15,15,0,9,9,155,,44224523523433435254422343232255,AABBACBDCBDADDADCBCAABBDADBDBBCC,AABBACBDBCADDDADBCACABBDADBDBBCC,,,0,155,,,,,L_T1_GTR___standard,,,,,L_T1_GTR03_33000001,,,,23,22,55,422343000000424340000000545340000007252400000000253000000000332000000000,,00000142,,,,,,,,14,14,0,9,9,142,,442245235234334352544223432322,AABBACBDCBDADDADCBCAABBDADBDBB,AABBACBDBCADDDADBCACABBDADBDBB,,,0,142,,,,,L_T1_GTR___standard/L_T1_GTR___zabuton_,,,,,L_T1_GTR03_33000001,,,
6510,30,,,,,,,,,22,55,24,422330000000424340000000545400000007252400000000352320000000323340000000,,00000155,,,,,,,,15,15,0,9,9,155,,44224523523433435254422343232255,AABBACBDCBDADDADCBCAABBDADBDBBCC,AABBACBDBCADDDADBCACABBDADBDBBCC,,,0,155,,,,,L_T1_GTR___standard,,,,,L_T1_GTR03_33000001,,,,22,55,24,422343000000424340000000545340000007252400000000253300000000332200000000,,00000152,,,,,,,,15,15,0,10,10,152,,44224523523433435254422343232255,AABBACBDCBDADDADCBCAABBDADBDBBCC,AABBACBDBCADDDADBCACABBDADBDBBCC,,,0,152,,,,,L_T1_GTR___standard/L_T1_GTR___zabuton_,,,,,L_T1_GTR03_33000001,,,
6544,31,,,,,,,,,55,24,42,422330000000424340000000545420000007252420000000352320000000323340000000,,00000164,,,,,,,,16,16,0,9,9,164,,4422452352343343525442234323225524,AABBACBDCBDADDADCBCAABBDADBDBBCCBA,AABBACBDBCADDDADBCACABBDADBDBBCCAB,,,0,164,,,,,L_T1_GTR___standard,,,,,L_T1_GTR03_33000001,,,,22,55,24,422343000000424340000000545340000007252400000000253300000000332200000000,,00000152,,,,,,,,15,15,0,10,10,152,,44224523523433435254422343232255,AABBACBDCBDADDADCBCAABBDADBDBBCC,AABBACBDBCADDDADBCACABBDADBDBBCC,,,0,152,,,,,L_T1_GTR___standard/L_T1_GTR___zabuton_,,,,,L_T1_GTR03_33000001,,,
6550,32,,,,,,,,,55,24,42,422330000000424340000000545420000007252420000000352320000000323340000000,,00000164,,,,,,,,16,16,0,9,9,164,,4422452352343343525442234323225524,AABBACBDCBDADDADCBCAABBDADBDBBCCBA,AABBACBDBCADDDADBCACABBDADBDBBCCAB,,,0,164,,,,,L_T1_GTR___standard,,,,,L_T1_GTR03_33000001,,,,55,24,42,422343000000424342000000545342000007252400000000253300000000332200000000,,00000160,,,,,,,,16,16,0,8,8,160,,4422452352343343525442234323225524,AABBACBDCBDADDADCBCAABBDADBDBBCCBA,AABBACBDBCADDDADBCACABBDADBDBBCCAB,,,0,160,,,,,L_T1_GTR___standard/L_T1_GTR___zabuton_,,,,,L_T1_GTR03_33000001,,,
6587,33,,,,,,,,,24,42,32,422330000000424340000000545420000007252420000000352320000000323345300000,,00000171,,,,,,,,17,17,0,7,7,171,,442245235234334352544223432322552442,AABBACBDCBDADDADCBCAABBDADBDBBCCBAAB,AABBACBDBCADDDADBCACABBDADBDBBCCABAB,,,0,171,,,,,L_T1_GTR___standard,,,,,L_T1_GTR03_33000001,,,,55,24,42,422343000000424342000000545342000007252400000000253300000000332200000000,,00000160,,,,,,,,16,16,0,8,8,160,,4422452352343343525442234323225524,AABBACBDCBDADDADCBCAABBDADBDBBCCBA,AABBACBDBCADDDADBCACABBDADBDBBCCAB,,,0,160,,,,,L_T1_GTR___standard/L_T1_GTR___zabuton_,,,,,L_T1_GTR03_33000001,,,
6592,34,,,,,,,,,24,42,32,422330000000424340000000545420000007252420000000352320000000323345300000,,00000171,,,,,,,,17,17,0,7,7,171,,442245235234334352544223432322552442,AABBACBDCBDADDADCBCAABBDADBDBBCCBAAB,AABBACBDBCADDDADBCACABBDADBDBBCCABAB,,,0,171,,,,,L_T1_GTR___standard,,,,,L_T1_GTR03_33000001,,,,24,42,32,422343000000424342000000545342000007252455000000253300000000332200000000,,00000168,,,,,,,,17,17,0,8,8,168,,442245235234334352544223432322552442,AABBACBDCBDADDADCBCAABBDADBDBBCCBAAB,AABBACBDBCADDDADBCACABBDADBDBBCCABAB,,,0,168,,,,,L_T1_GTR___standard/L_T1_GTR___zabuton_,,,,,L_T1_GTR03_33000001,,,
6632,36,,,,,,,,,42,32,22,422330000000424340000000545420000007252420000000352324200000323345500000,,00000178,,,,,,,,18,18,0,7,7,178,,44224523523433435254422343232255244232,AABBACBDCBDADDADCBCAABBDADBDBBCCBAABDB,AABBACBDBCADDDADBCACABBDADBDBBCCABABBD,,,0,178,,,,,L_T1_GTR___standard,,,,,L_T1_GTR03_33000001,,,,42,32,22,422343000000424342240000545342000007252455000000253300000000332200000000,,00000175,,,,,,,,18,18,0,7,7,175,,44224523523433435254422343232255244232,AABBACBDCBDADDADCBCAABBDADBDBBCCBAABDB,AABBACBDBCADDDADBCACABBDADBDBBCCABABBD,,,0,175,,,,,L_T1_GTR___standard/L_T1_GTR___zabuton_,,,,,L_T1_GTR03_33000001,,,
6672,37,,,,,,,,,32,22,43,422330000000424340000000545424200007252420000000352324200000323345500000,,00000186,,,,,,,,19,19,0,8,8,186,,4422452352343343525442234323225524423222,AABBACBDCBDADDADCBCAABBDADBDBBCCBAABDBBB,AABBACBDBCADDDADBCACABBDADBDBBCCABABBDBB,,,0,186,,,,,L_T1_GTR___standard,,,,,L_T1_GTR03_33000001,,,,42,32,22,422343000000424342240000545342000007252455000000253300000000332200000000,,00000175,,,,,,,,18,18,0,7,7,175,,44224523523433435254422343232255244232,AABBACBDCBDADDADCBCAABBDADBDBBCCBAABDB,AABBACBDBCADDDADBCACABBDADBDBBCCABABBD,,,0,175,,,,,L_T1_GTR___standard/L_T1_GTR___zabuton_,,,,,L_T1_GTR03_33000001,,,
6678,38,,,,,,,,,32,22,43,422330000000424340000000545424200007252420000000352324200000323345500000,,00000186,,,,,,,,19,19,0,8,8,186,,4422452352343343525442234323225524423222,AABBACBDCBDADDADCBCAABBDADBDBBCCBAABDBBB,AABBACBDBCADDDADBCACABBDADBDBBCCABABBDBB,,,0,186,,,,,L_T1_GTR___standard,,,,,L_T1_GTR03_33000001,,,,32,22,43,422343000000424342240000545342000007252455000000253340000000332220000000,,00000184,,,,,,,,19,19,0,9,9,184,,4422452352343343525442234323225524423222,AABBACBDCBDADDADCBCAABBDADBDBBCCBAABDBBB,AABBACBDBCADDDADBCACABBDADBDBBCCABABBDBB,,,0,184,,,,,L_T1_GTR___standard/L_T1_GTR___zabuton_,,,,,L_T1_GTR03_33000001,,,
6714,39,,,,,,,,,22,43,43,422332000000424343000000545424200007252420000000352324200000323345500000,,00000194,,,,,,,,20,20,0,8,8,194,,442245235234334352544223432322552442322243,AABBACBDCBDADDADCBCAABBDADBDBBCCBAABDBBBAD,AABBACBDBCADDDADBCACABBDADBDBBCCABABBDBBAD,,,0,194,,,,,L_T1_GTR___standard,,,,,L_T1_GTR03_33000001,,,,32,22,43,422343000000424342240000545342000007252455000000253340000000332220000000,,00000184,,,,,,,,19,19,0,9,9,184,,4422452352343343525442234323225524423222,AABBACBDCBDADDADCBCAABBDADBDBBCCBAABDBBB,AABBACBDBCADDDADBCACABBDADBDBBCCABABBDBB,,,0,184,,,,,L_T1_GTR___standard/L_T1_GTR___zabuton_,,,,,L_T1_GTR03_33000001,,,
6719,40,,,,,,,,,22,43,43,422332000000424343000000545424200007252420000000352324200000323345500000,,00000194,,,,,,,,20,20,0,8,8,194,,442245235234334352544223432322552442322243,AABBACBDCBDADDADCBCAABBDADBDBBCCBAABDBBBAD,AABBACBDBCADDDADBCACABBDADBDBBCCABABBDBBAD,,,0,194,,,,,L_T1_GTR___standard,,,,,L_T1_GTR03_33000001,,,,22,43,43,422343320000424342240000545342000007252455000000253340000000332220000000,,00000191,,,,,,,,20,20,0,7,7,191,,442245235234334352544223432322552442322243,AABBACBDCBDADDADCBCAABBDADBDBBCCBAABDBBBAD,AABBACBDBCADDDADBCACABBDADBDBBCCABABBDBBAD,,,0,191,,,,,L_T1_GTR___standard/L_T1_GTR___zabuton_,,,,,L_T1_GTR03_33000001,,,
6753,41,,,,,,,,,43,43,42,422332220000424343000000545424200007252420000000352324200000323345500000,,00000200,,,,,,,,21,21,0,6,6,200,,44224523523433435254422343232255244232224343,AABBACBDCBDADDADCBCAABBDADBDBBCCBAABDBBBADAD,AABBACBDBCADDDADBCACABBDADBDBBCCABABBDBBADAD,,,0,200,,,,,L_T1_GTR___standard,,,,,L_T1_GTR03_33000001,,,,22,43,43,422343320000424342240000545342000007252455000000253340000000332220000000,,00000191,,,,,,,,20,20,0,7,7,191,,442245235234334352544223432322552442322243,AABBACBDCBDADDADCBCAABBDADBDBBCCBAABDBBBAD,AABBACBDBCADDDADBCACABBDADBDBBCCABABBDBBAD,,,0,191,,,,,L_T1_GTR___standard/L_T1_GTR___zabuton_,,,,,L_T1_GTR03_33000001,,,
6755,42,,,,,,,,,43,43,42,422332220000424343000000545424200007252420000000352324200000323345500000,,00000200,,,,,,,,21,21,0,6,6,200,,44224523523433435254422343232255244232224343,AABBACBDCBDADDADCBCAABBDADBDBBCCBAABDBBBADAD,AABBACBDBCADDDADBCACABBDADBDBBCCABABBDBBADAD,,,0,200,,,,,L_T1_GTR___standard,,,,,L_T1_GTR03_33000001,,,,43,43,42,422343322200424342240000545342000007252455000000253340000000332220000000,,00000195,,,,,,,,21,21,0,4,4,195,,44224523523433435254422343232255244232224343,AABBACBDCBDADDADCBCAABBDADBDBBCCBAABDBBBADAD,AABBACBDBCADDDADBCACABBDADBDBBCCABABBDBBADAD,,,0,195,,,,,L_T1_GTR___standard/L_T1_GTR___zabuton_,,,,,L_T1_GTR03_33000001,,,
6794,43,,,,,,,,,43,42,22,422332220000424343000000545424200007252423400000352324200000323345500000,,00000207,,,,,,,,22,22,0,7,7,207,,4422452352343343525442234323225524423222434342,AABBACBDCBDADDADCBCAABBDADBDBBCCBAABDBBBADADAB,AABBACBDBCADDDADBCACABBDADBDBBCCABABBDBBADADAB,,,0,207,,,,,L_T1_GTR___standard,,,,,L_T1_GTR03_33000001,,,,43,43,42,422343322200424342240000545342000007252455000000253340000000332220000000,,00000195,,,,,,,,21,21,0,4,4,195,,44224523523433435254422343232255244232224343,AABBACBDCBDADDADCBCAABBDADBDBBCCBAABDBBBADAD,AABBACBDBCADDDADBCACABBDADBDBBCCABABBDBBADAD,,,0,195,,,,,L_T1_GTR___standard/L_T1_GTR___zabuton_,,,,,L_T1_GTR03_33000001,,,
6802,44,,,,,,,,,43,42,22,422332220000424343000000545424200007252423400000352324200000323345500000,,00000207,,,,,,,,22,22,0,7,7,207,,4422452352343343525442234323225524423222434342,AABBACBDCBDADDADCBCAABBDADBDBBCCBAABDBBBADADAB,AABBACBDBCADDDADBCACABBDADBDBBCCABABBDBBADADAB,,,0,207,,,,,L_T1_GTR___standard,,,,,L_T1_GTR03_33000001,,,,43,42,22,422343322200424342240000545342000007252455000000253344300000332220000000,,00000203,,,,,,,,22,22,0,8,8,203,,4422452352343343525442234323225524423222434342,AABBACBDCBDADDADCBCAABBDADBDBBCCBAABDBBBADADAB,AABBACBDBCADDDADBCACABBDADBDBBCCABABBDBBADADAB,,,0,203,,,,,L_T1_GTR___standard/L_T1_GTR___zabuton_,,,,,L_T1_GTR03_33000001,,,
6834,45,,,,,,,,,42,22,44,422332220000424343000000545424200007252423443000352324200000323345500000,,00000213,,,,,,,,23,23,0,6,6,213,,442245235234334352544223432322552442322243434222,AABBACBDCBDADDADCBCAABBDADBDBBCCBAABDBBBADADABBB,AABBACBDBCADDDADBCACABBDADBDBBCCABABBDBBADADABBB,,,0,213,,,,,L_T1_GTR___standard,,,,,L_T1_GTR03_33000001,,,,43,42,22,422343322200424342240000545342000007252455000000253344300000332220000000,,00000203,,,,,,,,22,22,0,8,8,203,,4422452352343343525442234323225524423222434342,AABBACBDCBDADDADCBCAABBDADBDBBCCBAABDBBBADADAB,AABBACBDBCADDDADBCACABBDADBDBBCCABABBDBBADADAB,,,0,203,,,,,L_T1_GTR___standard/L_T1_GTR___zabuton_,,,,,L_T1_GTR03_33000001,,,
6847,46,,,,,,,,,42,22,44,422332220000424343000000545424200007252423443000352324200000323345500000,,00000213,,,,,,,,23,23,0,6,6,213,,442245235234334352544223432322552442322243434222,AABBACBDCBDADDADCBCAABBDADBDBBCCBAABDBBBADADABBB,AABBACBDBCADDDADBCACABBDADBDBBCCABABBDBBADADABBB,,,0,213,,,,,L_T1_GTR___standard,,,,,L_T1_GTR03_33000001,,,,42,22,44,422343322200424342240000545342000007252455000000253344300000332224300000,,00000211,,,,,,,,23,23,0,8,8,211,,442245235234334352544223432322552442322243434222,AABBACBDCBDADDADCBCAABBDADBDBBCCBAABDBBBADADABBB,AABBACBDBCADDDADBCACABBDADBDBBCCABABBDBBADADABBB,,,0,211,,,,,L_T1_GTR___standard/L_T1_GTR___zabuton_,,,,,L_T1_GTR03_33000001,,,
6890,47,,,,,,,,,42,22,44,422332220000424343000000545424200007252423443000352324200000323345500000,,00000213,,,,,,,,23,23,0,6,6,213,,442245235234334352544223432322552442322243434222,AABBACBDCBDADDADCBCAABBDADBDBBCCBAABDBBBADADABBB,AABBACBDBCADDDADBCACABBDADBDBBCCABABBDBBADADABBB,,,0,213,,,,,L_T1_GTR___standard,,,,,L_T1_GTR03_33000001,,,,22,44,53,422343322200424342240000545342000007252455000000253344342000332224300000,,00000217,,,,,,,,24,24,0,6,6,217,,44224523523433435254422343232255244232224343422244,AABBACBDCBDADDADCBCAABBDADBDBBCCBAABDBBBADADABBBAA,AABBACBDBCADDDADBCACABBDADBDBBCCABABBDBBADADABBBAA,,,0,217,,,,,L_T1_GTR___standard/L_T1_GTR___zabuton_,,,,,L_T1_GTR03_33000001,,,
6916,48,,,,,,,,,22,44,53,422332220000424343000000545424200007252423443000352324242000323345500000,,00000218,,,,,,,,24,24,0,5,5,218,,44224523523433435254422343232255244232224343422244,AABBACBDCBDADDADCBCAABBDADBDBBCCBAABDBBBADADABBBAA,AABBACBDBCADDDADBCACABBDADBDBBCCABABBDBBADADABBBAA,,,0,218,,,,,L_T1_GTR___standard,,,,,L_T1_GTR03_33000001,,,,22,44,53,422343322200424342240000545342000007252455000000253344342000332224300000,,00000217,,,,,,,,24,24,0,6,6,217,,44224523523433435254422343232255244232224343422244,AABBACBDCBDADDADCBCAABBDADBDBBCCBAABDBBBADADABBBAA,AABBACBDBCADDDADBCACABBDADBDBBCCABABBDBBADADABBBAA,,,0,217,,,,,L_T1_GTR___standard/L_T1_GTR___zabuton_,,,,,L_T1_GTR03_33000001,,,
6930,49,,,,,,,,,22,44,53,422332220000424343000000545424200007252423443000352324242000323345500000,,00000218,,,,,,,,24,24,0,5,5,218,,44224523523433435254422343232255244232224343422244,AABBACBDCBDADDADCBCAABBDADBDBBCCBAABDBBBADADABBBAA,AABBACBDBCADDDADBCACABBDADBDBBCCABABBDBBADADABBBAA,,,0,218,,,,,L_T1_GTR___standard,,,,,L_T1_GTR03_33000001,,,,44,53,43,422343322200424342240000545342000007252455000000253344342000332224322000,,00000222,,,,,,,,25,25,0,5,5,222,,4422452352343343525442234323225524423222434342224453,AABBACBDCBDADDADCBCAABBDADBDBBCCBAABDBBBADADABBBAACD,AABBACBDBCADDDADBCACABBDADBDBBCCABABBDBBADADABBBAACD,,,0,222,,,,,L_T1_GTR___standard/L_T1_GTR___zabuton_,,,,,L_T1_GTR03_33000001,,,
6945,50,,,,,,,,,,44,53,422332220000424343220000545424200007252423443000352324242000323345500000,,bb60abb3,,,,,,,,25,0,1,bb60abb3,180,398,,44224523523433435254422343232255244232224343422244,AABBACBDCBDADDADCBCAABBDADBDBBCCBAABDBBBADADABBBAA,AABBACBDBCADDDADBCACABBDADBDBBCCABABBDBBADADABBBAA,,,1,398,,,,,L_T1_GTR___standard,,,,,L_T1_GTR03_33000001,,,,44,53,43,422343322200424342240000545342000007252455000000253344342000332224322000,,00000222,,,,,,,,25,25,0,5,5,222,,4422452352343343525442234323225524423222434342224453,AABBACBDCBDADDADCBCAABBDADBDBBCCBAABDBBBADADABBBAACD,AABBACBDBCADDDADBCACABBDADBDBBCCABABBDBBADADABBBAACD,,,0,222,,,,,L_T1_GTR___standard/L_T1_GTR___zabuton_,,,,,L_T1_GTR03_33000001,,,
6968,51,,,,,,,,,,44,53,422332220000424343220000545424200007252423443000352324242000323345500000,,bb60abb3,,,,,,,,25,0,1,bb60abb3,180,398,,44224523523433435254422343232255244232224343422244,AABBACBDCBDADDADCBCAABBDADBDBBCCBAABDBBBADADABBBAA,AABBACBDBCADDDADBCACABBDADBDBBCCABABBDBBADADABBBAA,,,1,398,,,,,L_T1_GTR___standard,,,,,L_T1_GTR03_33000001,,,,53,43,25,422343322200424342240000545342400007252455400000253344342000332224322000,,00000229,,,,,,,,26,26,0,7,7,229,,442245235234334352544223432322552442322243434222445343,AABBACBDCBDADDADCBCAABBDADBDBBCCBAABDBBBADADABBBAACDAD,AABBACBDBCADDDADBCACABBDADBDBBCCABABBDBBADADABBBAACDAD,,,0,229,,,,,L_T1_GTR___standard/L_T1_GTR___zabuton_,,,,,L_T1_GTR03_33000001,,,
7004,52,,,,,,,,,,44,53,422332220000424343220000545424200007252423443000352324242000323345500000,,bb60abb3,,,,,,,,25,0,1,bb60abb3,180,398,,44224523523433435254422343232255244232224343422244,AABBACBDCBDADDADCBCAABBDADBDBBCCBAABDBBBADADABBBAA,AABBACBDBCADDDADBCACABBDADBDBBCCABABBDBBADADABBBAA,,,1,398,,,,,L_T1_GTR___standard,,,,,L_T1_GTR03_33000001,,,,43,25,23,422343322200424342240000545342400007252455400000253344342500332224322300,,00000233,,,,,,,,27,27,0,4,4,233,,44224523523433435254422343232255244232224343422244534325,AABBACBDCBDADDADCBCAABBDADBDBBCCBAABDBBBADADABBBAACDADBC,AABBACBDBCADDDADBCACABBDADBDBBCCABABBDBBADADABBBAACDADBC,,,0,233,,,,,L_T1_GTR___standard/L_T1_GTR___zabuton_,,,,,L_T1_GTR03_33000001,,,
7010,53,,,,,,,,,44,53,43,422330000000424343000000545424000007252423443000352324242000323345500000,,00000404,,,,,,,,26,1,0,6,6,404,,4422452352343343525442234323225524423222434342224453,AABBACBDCBDADDADCBCAABBDADBDBBCCBAABDBBBADADABBBAACD,AABBACBDBCADDDADBCACABBDADBDBBCCABABBDBBADADABBBAACD,,,1,404,,,,,L_T1_GTR___standard,,,,,L_T1_GTR03_33000001,,,,43,25,23,422343322200424342240000545342400007252455400000253344342500332224322300,,00000233,,,,,,,,27,27,0,4,4,233,,44224523523433435254422343232255244232224343422244534325,AABBACBDCBDADDADCBCAABBDADBDBBCCBAABDBBBADADABBBAACDADBC,AABBACBDBCADDDADBCACABBDADBDBBCCABABBDBBADADABBBAACDADBC,,,0,233,,,,,L_T1_GTR___standard/L_T1_GTR___zabuton_,,,,,L_T1_GTR03_33000001,,,
7050,54,,,,,,,,,53,43,25,422330000000424343440000545424000007252423443000352324242000323345500000,,00000410,,,,,,,,27,2,0,6,6,410,,442245235234334352544223432322552442322243434222445343,AABBACBDCBDADDADCBCAABBDADBDBBCCBAABDBBBADADABBBAACDAD,AABBACBDBCADDDADBCACABBDADBDBBCCABABBDBBADADABBBAACDAD,,,1,410,,,,,L_T1_GTR___standard,,,,,L_T1_GTR03_33000001,,,,43,25,23,422343322200424342240000545342400007252455400000253344342500332224322300,,00000233,,,,,,,,27,27,0,4,4,233,,44224523523433435254422343232255244232224343422244534325,AABBACBDCBDADDADCBCAABBDADBDBBCCBAABDBBBADADABBBAACDADBC,AABBACBDBCADDDADBCACABBDADBDBBCCABABBDBBADADABBBAACDADBC,,,0,233,,,,,L_T1_GTR___standard/L_T1_GTR___zabuton_,,,,,L_T1_GTR03_33000001,,,
7084,55,,,,,,,,,53,43,25,422330000000424343440000545424000007252423443000352324242000323345500000,,00000410,,,,,,,,27,2,0,6,6,410,,442245235234334352544223432322552442322243434222445343,AABBACBDCBDADDADCBCAABBDADBDBBCCBAABDBBBADADABBBAACDAD,AABBACBDBCADDDADBCACABBDADBDBBCCABABBDBBADADABBBAACDAD,,,1,410,,,,,L_T1_GTR___standard,,,,,L_T1_GTR03_33000001,,,,25,23,23,422343322260424342240000545342460007252455460000253344342560332224322334,,00000235,,,,,,,,28,28,0,2,2,235,,4422452352343343525442234323225524423222434342224453432523,AABBACBDCBDADDADCBCAABBDADBDBBCCBAABDBBBADADABBBAACDADBCBD,AABBACBDBCADDDADBCACABBDADBDBBCCABABBDBBADADABBBAACDADBCBD,,,0,235,,,,,L_T1_GTR___standard/L_T1_GTR___zabuton_,,,,,L_T1_GTR03_33000001,,,
7090,56,,,,,,,,,43,25,23,422330000000424343440000545424000007252423443300352324242500323345500000,,00000414,,,,,,,,28,3,0,4,4,414,,44224523523433435254422343232255244232224343422244534325,AABBACBDCBDADDADCBCAABBDADBDBBCCBAABDBBBADADABBBAACDADBC,AABBACBDBCADDDADBCACABBDADBDBBCCABABBDBBADADABBBAACDADBC,,,1,414,,,,,L_T1_GTR___standard,,,,,L_T1_GTR03_33000001,,,,25,23,23,422343322260424342240000545342460007252455460000253344342560332224322334,,00000235,,,,,,,,28,28,0,2,2,235,,4422452352343343525442234323225524423222434342224453432523,AABBACBDCBDADDADCBCAABBDADBDBBCCBAABDBBBADADABBBAACDADBCBD,AABBACBDBCADDDADBCACABBDADBDBBCCABABBDBBADADABBBAACDADBCBD,,,0,235,,,,,L_T1_GTR___standard/L_T1_GTR___zabuton_,,,,,L_T1_GTR03_33000001,,,
7115,57,,,,,,,,,,25,23,422330000000424343440000545424340007252423443300352324242500323345500000,,bb60abb3,,,,,,,,29,0,1,bb60abb3,180,594,,44224523523433435254422343232255244232224343422244534325,AABBACBDCBDADDADCBCAABBDADBDBBCCBAABDBBBADADABBBAACDADBC,AABBACBDBCADDDADBCACABBDADBDBBCCABABBDBBADADABBBAACDADBC,,,1,594,,,,,L_T1_GTR___standard,,,,,L_T1_GTR03_33000001,,,,25,23,23,422343322260424342240000545342460007252455460000253344342560332224322334,,00000235,,,,,,,,28,28,0,2,2,235,,4422452352343343525442234323225524423222434342224453432523,AABBACBDCBDADDADCBCAABBDADBDBBCCBAABDBBBADADABBBAACDADBCBD,AABBACBDBCADDDADBCACABBDADBDBBCCABABBDBBADADABBBAACDADBCBD,,,0,235,,,,,L_T1_GTR___standard/L_T1_GTR___zabuton_,,,,,L_T1_GTR03_33000001,,,
7156,58,,,,,,,,,,25,23,422330000000424343440000545424340007252423443300352324242500323345500000,,bb60abb3,,,,,,,,29,0,1,bb60abb3,180,594,,44224523523433435254422343232255244232224343422244534325,AABBACBDCBDADDADCBCAABBDADBDBBCCBAABDBBBADADABBBAACDADBC,AABBACBDBCADDDADBCACABBDADBDBBCCABABBDBBADADABBBAACDADBC,,,1,594,,,,,L_T1_GTR___standard,,,,,L_T1_GTR03_33000001,,,,23,23,55,422343322260424342240000545342460007252455465000253344342562332224322334,,00000237,,,,,,,,29,29,0,2,2,237,,442245235234334352544223432322552442322243434222445343252323,AABBACBDCBDADDADCBCAABBDADBDBBCCBAABDBBBADADABBBAACDADBCBDBD,AABBACBDBCADDDADBCACABBDADBDBBCCABABBDBBADADABBBAACDADBCBDBD,,,0,237,,,,,L_T1_GTR___standard/L_T1_GTR___zabuton_,,,,,L_T1_GTR03_33000001,,,
7197,59,,,,,,,,,,25,23,422330000000424343000000545424300007252423330000352324225000323345500000,,bb40abb8,,,,,,,,30,0,2,bb40abb8,320,914,,44224523523433435254422343232255244232224343422244534325,AABBACBDCBDADDADCBCAABBDADBDBBCCBAABDBBBADADABBBAACDADBC,AABBACBDBCADDDADBCACABBDADBDBBCCABABBDBBADADABBBAACDADBC,,,2,914,,,,,L_T1_GTR___standard,,,,,L_T1_GTR03_33000001,,,,23,23,55,422343322260424342240000545342460007252455465000253344342562332224322334,,00000237,,,,,,,,29,29,0,2,2,237,,442245235234334352544223432322552442322243434222445343252323,AABBACBDCBDADDADCBCAABBDADBDBBCCBAABDBBBADADABBBAACDADBCBDBD,AABBACBDBCADDDADBCACABBDADBDBBCCABABBDBBADADABBBAACDADBCBDBD,,,0,237,,,,,L_T1_GTR___standard/L_T1_GTR___zabuton_,,,,,L_T1_GTR03_33000001,,,
7216,60,,,,,,,,,,25,23,422330000000424343000000545424300007252423330000352324225000323345500000,,bb40abb8,,,,,,,,30,0,2,bb40abb8,320,914,,44224523523433435254422343232255244232224343422244534325,AABBACBDCBDADDADCBCAABBDADBDBBCCBAABDBBBADADABBBAACDADBC,AABBACBDBCADDDADBCACABBDADBDBBCCABABBDBBADADABBBAACDADBC,,,2,914,,,,,L_T1_GTR___standard,,,,,L_T1_GTR03_33000001,,,,23,55,52,422343322260424342240000545342462307252455465000253344342562332224322334,,00000241,,,,,,,,30,30,0,4,4,241,,44224523523433435254422343232255244232224343422244534325232355,AABBACBDCBDADDADCBCAABBDADBDBBCCBAABDBBBADADABBBAACDADBCBDBDCC,AABBACBDBCADDDADBCACABBDADBDBBCCABABBDBBADADABBBAACDADBCBDBDCC,,,0,241,,,,,L_T1_GTR___standard/L_T1_GTR___zabuton_,,,,,L_T1_GTR03_33000001,,,
7245,61,,,,,,,,,,25,23,422330000000424343000000545424300007252423330000352324225000323345500000,,bb40abb8,,,,,,,,30,0,2,bb40abb8,320,914,,44224523523433435254422343232255244232224343422244534325,AABBACBDCBDADDADCBCAABBDADBDBBCCBAABDBBBADADABBBAACDADBC,AABBACBDBCADDDADBCACABBDADBDBBCCABABBDBBADADABBBAACDADBC,,,2,914,,,,,L_T1_GTR___standard,,,,,L_T1_GTR03_33000001,,,,,55,52,422343322260424342242300545342462307252455465000253344342562332224322334,,bb50abb2,,,,,,,,31,0,1,bb50abb2,100,341,,44224523523433435254422343232255244232224343422244534325232355,AABBACBDCBDADDADCBCAABBDADBDBBCCBAABDBBBADADABBBAACDADBCBDBDCC,AABBACBDBCADDDADBCACABBDADBDBBCCABABBDBBADADABBBAACDADBCBDBDCC,,,1,341,,,,,L_T1_GTR___standard/L_T1_GTR___zabuton_,,,,,L_T1_GTR03_33000001,,,
7266,62,,,,,,,,,25,23,23,422330000000424343000000545424000007252420000000352324225000323345500000,,00000920,,,,,,,,31,1,0,6,6,920,,4422452352343343525442234323225524423222434342224453432523,AABBACBDCBDADDADCBCAABBDADBDBBCCBAABDBBBADADABBBAACDADBCBD,AABBACBDBCADDDADBCACABBDADBDBBCCABABBDBBADADABBBAACDADBCBD,,,2,920,,,,,L_T1_GTR___standard,,,,,L_T1_GTR03_33000001,,,,,55,52,422343322260424342242300545342462307252455465000253344342562332224322334,,bb50abb2,,,,,,,,31,0,1,bb50abb2,100,341,,44224523523433435254422343232255244232224343422244534325232355,AABBACBDCBDADDADCBCAABBDADBDBBCCBAABDBBBADADABBBAACDADBCBDBDCC,AABBACBDBCADDDADBCACABBDADBDBBCCABABBDBBADADABBBAACDADBCBDBDCC,,,1,341,,,,,L_T1_GTR___standard/L_T1_GTR___zabuton_,,,,,L_T1_GTR03_33000001,,,
7299,63,,,,,,,,,,23,23,422330000000424343000000545424000007252422500000352324225000323345500000,,bb40abb1,,,,,,,,32,0,1,bb40abb1,40,960,,4422452352343343525442234323225524423222434342224453432523,AABBACBDCBDADDADCBCAABBDADBDBBCCBAABDBBBADADABBBAACDADBCBD,AABBACBDBCADDDADBCACABBDADBDBBCCABABBDBBADADABBBAACDADBCBD,,,2,960,,,,,L_T1_GTR___standard,,,,,L_T1_GTR03_33000001,,,,,55,52,422343322260424342242300545342462307252455465000253344342562332224322334,,bb50abb2,,,,,,,,31,0,1,bb50abb2,100,341,,44224523523433435254422343232255244232224343422244534325232355,AABBACBDCBDADDADCBCAABBDADBDBBCCBAABDBBBADADABBBAACDADBCBDBDCC,AABBACBDBCADDDADBCACABBDADBDBBCCABABBDBBADADABBBAACDADBCBDBDCC,,,1,341,,,,,L_T1_GTR___standard/L_T1_GTR___zabuton_,,,,,L_T1_GTR03_33000001,,,
7300,64,,,,,,,,,,23,23,422330000000424343000000545424000007252422500000352324225000323345500000,,bb40abb1,,,,,,,,32,0,1,bb40abb1,40,960,,4422452352343343525442234323225524423222434342224453432523,AABBACBDCBDADDADCBCAABBDADBDBBCCBAABDBBBADADABBBAACDADBCBD,AABBACBDBCADDDADBCACABBDADBDBBCCABABBDBBADADABBBAACDADBCBD,,,2,960,,,,,L_T1_GTR___standard,,,,,L_T1_GTR03_33000001,,,,55,55,52,422343300000424342240000545342400007252455465000253344342562332224322334,,bb50abb2,,,,,,,,32,1,0,bb50abb2,100,341,,4422452352343343525442234323225524423222434342224453432523235555,AABBACBDCBDADDADCBCAABBDADBDBBCCBAABDBBBADADABBBAACDADBCBDBDCCCC,AABBACBDBCADDDADBCACABBDADBDBBCCABABBDBBADADABBBAACDADBCBDBDCCCC,,,1,341,,,,,L_T1_GTR___standard/L_T1_GTR___zabuton_,,,,,L_T1_GTR03_33000001,,,
7381,65,,,,,,,,,,23,23,422330000000424343000000545440000007252450000000352342250000323345500000,,bb40abb8,,,,,,,,33,0,2,bb40abb8,320,1280,,4422452352343343525442234323225524423222434342224453432523,AABBACBDCBDADDADCBCAABBDADBDBBCCBAABDBBBADADABBBAACDADBCBD,AABBACBDBCADDDADBCACABBDADBDBBCCABABBDBBADADABBBAACDADBCBD,,,2,1280,,,,,L_T1_GTR___standard,,,,,L_T1_GTR03_33000001,,,,55,55,52,422343300000424342240000545342400007252455465000253344342562332224322334,,bb50abb2,,,,,,,,32,1,0,bb50abb2,100,341,,4422452352343343525442234323225524423222434342224453432523235555,AABBACBDCBDADDADCBCAABBDADBDBBCCBAABDBBBADADABBBAACDADBCBDBDCCCC,AABBACBDBCADDDADBCACABBDADBDBBCCABABBDBBADADABBBAACDADBCBDBDCCCC,,,1,341,,,,,L_T1_GTR___standard/L_T1_GTR___zabuton_,,,,,L_T1_GTR03_33000001,,,
7382,66,,,,,,,,,,23,23,422330000000424343000000545440000007252450000000352342250000323345500000,,bb40abb8,,,,,,,,33,0,2,bb40abb8,320,1280,,4422452352343343525442234323225524423222434342224453432523,AABBACBDCBDADDADCBCAABBDADBDBBCCBAABDBBBADADABBBAACDADBCBD,AABBACBDBCADDDADBCACABBDADBDBBCCABABBDBBADADABBBAACDADBCBD,,,2,1280,,,,,L_T1_GTR___standard,,,,,L_T1_GTR03_33000001,,,,55,52,53,422343360000424342243600545342430007252455465600253344342562332224322334,,00000346,,,,,,,,33,2,0,5,5,346,,442245235234334352544223432322552442322243434222445343252323555552,AABBACBDCBDADDADCBCAABBDADBDBBCCBAABDBBBADADABBBAACDADBCBDBDCCCCCB,AABBACBDBCADDDADBCACABBDADBDBBCCABABBDBBADADABBBAACDADBCBDBDCCCCBC,,,1,346,,,,,L_T1_GTR___standard/L_T1_GTR___zabuton_,,,,,L_T1_GTR03_33000001,,,
7417,67,,,,,,,,,,23,23,422330000000424343000000545440000007252450000000352342250000323345500000,,bb40abb8,,,,,,,,33,0,2,bb40abb8,320,1280,,4422452352343343525442234323225524423222434342224453432523,AABBACBDCBDADDADCBCAABBDADBDBBCCBAABDBBBADADABBBAACDADBCBD,AABBACBDBCADDDADBCACABBDADBDBBCCABABBDBBADADABBBAACDADBCBD,,,2,1280,,,,,L_T1_GTR___standard,,,,,L_T1_GTR03_33000001,,,,52,53,33,422343360000424342243600545342430007252455465655253344342562332224322334,,00000349,,,,,,,,34,3,0,3,3,349,,44224523523433435254422343232255244232224343422244534325232355555253,AABBACBDCBDADDADCBCAABBDADBDBBCCBAABDBBBADADABBBAACDADBCBDBDCCCCCBCD,AABBACBDBCADDDADBCACABBDADBDBBCCABABBDBBADADABBBAACDADBCBDBDCCCCBCCD,,,1,349,,,,,L_T1_GTR___standard/L_T1_GTR___zabuton_,,,,,L_T1_GTR03_33000001,,,
7461,68,,,,,,,,,,23,23,422330000000424330000000545000000007252500000000352342250000323345500000,,bb40ab16,,,,,,,,34,0,3,bb40ab16,640,1920,,4422452352343343525442234323225524423222434342224453432523,AABBACBDCBDADDADCBCAABBDADBDBBCCBAABDBBBADADABBBAACDADBCBD,AABBACBDBCADDDADBCACABBDADBDBBCCABABBDBBADADABBBAACDADBCBD,,,3,1920,,,,,L_T1_GTR___standard,,,,,L_T1_GTR03_33000001,,,,52,53,33,422343360000424342243600545342430007252455465655253344342562332224322334,,00000349,,,,,,,,34,3,0,3,3,349,,44224523523433435254422343232255244232224343422244534325232355555253,AABBACBDCBDADDADCBCAABBDADBDBBCCBAABDBBBADADABBBAACDADBCBDBDCCCCCBCD,AABBACBDBCADDDADBCACABBDADBDBBCCABABBDBBADADABBBAACDADBCBDBDCCCCBCCD,,,1,349,,,,,L_T1_GTR___standard/L_T1_GTR___zabuton_,,,,,L_T1_GTR03_33000001,,,
7482,69,,,,,,,,,,23,23,422330000000424330000000545000000007252500000000352342250000323345500000,,bb40ab16,,,,,,,,34,0,3,bb40ab16,640,1920,,4422452352343343525442234323225524423222434342224453432523,AABBACBDCBDADDADCBCAABBDADBDBBCCBAABDBBBADADABBBAACDADBCBD,AABBACBDBCADDDADBCACABBDADBDBBCCABABBDBBADADABBBAACDADBCBD,,,3,1920,,,,,L_T1_GTR___standard,,,,,L_T1_GTR03_33000001,,,,53,33,55,422343360000424342243620545342435007252455465655253344342562332224322334,,00000352,,,,,,,,35,4,0,3,3,352,,4422452352343343525442234323225524423222434342224453432523235555525333,AABBACBDCBDADDADCBCAABBDADBDBBCCBAABDBBBADADABBBAACDADBCBDBDCCCCCBCDDD,AABBACBDBCADDDADBCACABBDADBDBBCCABABBDBBADADABBBAACDADBCBDBDCCCCBCCDDD,,,1,352,,,,,L_T1_GTR___standard/L_T1_GTR___zabuton_,,,,,L_T1_GTR03_33000001,,,
7532,70,,,,,,,,,,23,23,422330000000424330000000545000000007252500000000352342250000323345500000,,bb40ab16,,,,,,,,34,0,3,bb40ab16,640,1920,,4422452352343343525442234323225524423222434342224453432523,AABBACBDCBDADDADCBCAABBDADBDBBCCBAABDBBBADADABBBAACDADBCBD,AABBACBDBCADDDADBCACABBDADBDBBCCABABBDBBADADABBBAACDADBCBD,,,3,1920,,,,,L_T1_GTR___standard,,,,,L_T1_GTR03_33000001,,,,33,55,42,422343360000424342243622545342435537252455465655253344342562332224322334,,00000356,,,,,,,,36,5,0,4,4,356,,442245235234334352544223432322552442322243434222445343252323555552533355,AABBACBDCBDADDADCBCAABBDADBDBBCCBAABDBBBADADABBBAACDADBCBDBDCCCCCBCDDDCC,AABBACBDBCADDDADBCACABBDADBDBBCCABABBDBBADADABBBAACDADBCBDBDCCCCBCCDDDCC,,,1,356,,,,,L_T1_GTR___standard/L_T1_GTR___zabuton_,,,,,L_T1_GTR03_33000001,,,
7536,71,,,,,,,,,23,23,55,422000000000424000000000545000000007252500000000352342250000323345500000,,00001928,,,,,,,,35,1,0,8,8,1928,,442245235234334352544223432322552442322243434222445343252323,AABBACBDCBDADDADCBCAABBDADBDBBCCBAABDBBBADADABBBAACDADBCBDBD,AABBACBDBCADDDADBCACABBDADBDBBCCABABBDBBADADABBBAACDADBCBDBD,,,3,1928,,,,,L_T1_GTR___standard,,,,,L_T1_GTR03_33000001,,,,33,55,42,422343360000424342243622545342435537252455465655253344342562332224322334,,00000356,,,,,,,,36,5,0,4,4,356,,442245235234334352544223432322552442322243434222445343252323555552533355,AABBACBDCBDADDADCBCAABBDADBDBBCCBAABDBBBADADABBBAACDADBCBDBDCCCCCBCDDDCC,AABBACBDBCADDDADBCACABBDADBDBBCCABABBDBBADADABBBAACDADBCBDBDCCCCBCCDDDCC,,,1,356,,,,,L_T1_GTR___standard/L_T1_GTR___zabuton_,,,,,L_T1_GTR03_33000001,,,
7598,72,,,,,,,,,23,55,52,422320000000424000000000545000000007252500000000352342250000323345500000,,00001936,,,,,,,,36,2,0,8,8,1936,,44224523523433435254422343232255244232224343422244534325232355,AABBACBDCBDADDADCBCAABBDADBDBBCCBAABDBBBADADABBBAACDADBCBDBDCC,AABBACBDBCADDDADBCACABBDADBDBBCCABABBDBBADADABBBAACDADBCBDBDCC,,,3,1936,,,,,L_T1_GTR___standard,,,,,L_T1_GTR03_33000001,,,,33,55,42,422343360000424342243622545342435537252455465655253344342562332224322334,,00000356,,,,,,,,36,5,0,4,4,356,,442245235234334352544223432322552442322243434222445343252323555552533355,AABBACBDCBDADDADCBCAABBDADBDBBCCBAABDBBBADADABBBAACDADBCBDBDCCCCCBCDDDCC,AABBACBDBCADDDADBCACABBDADBDBBCCABABBDBBADADABBBAACDADBCBDBDCCCCBCCDDDCC,,,1,356,,,,,L_T1_GTR___standard/L_T1_GTR___zabuton_,,,,,L_T1_GTR03_33000001,,,
7601,73,,,,,,,,,23,55,52,422320000000424000000000545000000007252500000000352342250000323345500000,,00001936,,,,,,,,36,2,0,8,8,1936,,44224523523433435254422343232255244232224343422244534325232355,AABBACBDCBDADDADCBCAABBDADBDBBCCBAABDBBBADADABBBAACDADBCBDBDCC,AABBACBDBCADDDADBCACABBDADBDBBCCABABBDBBADADABBBAACDADBCBDBDCC,,,3,1936,,,,,L_T1_GTR___standard,,,,,L_T1_GTR03_33000001,,,,,55,42,422343366600424342243626545342435533252455465655253344342562332224322334,,00000358,,,,,lose,,,37,5,0,2,2,358,,442245235234334352544223432322552442322243434222445343252323555552533355,AABBACBDCBDADDADCBCAABBDADBDBBCCBAABDBBBADADABBBAACDADBCBDBDCCCCCBCDDDCC,AABBACBDBCADDDADBCACABBDADBDBBCCABABBDBBADADABBBAACDADBCBDBDCCCCBCCDDDCC,,,1,358,,,,,L_T1_GTR___standard/L_T1_GTR___zabuton_,,,,,L_T1_GTR03_33000001,,,
7609,73,,,,,,,,,,55,52,422320000000424000000000545000300007252500000000352342250000323345500000,,00001941,,,,,win,,,37,2,0,5,5,1941,,44224523523433435254422343232255244232224343422244534325232355,AABBACBDCBDADDADCBCAABBDADBDBBCCBAABDBBBADADABBBAACDADBCBDBDCC,AABBACBDBCADDDADBCACABBDADBDBBCCABABBDBBADADABBBAACDADBCBDBDCC,,,3,1941,,,,,L_T1_GTR___standard,,,,,L_T1_GTR03_33000001,,,,,55,42,422343366600424342243626545342435533252455465655253344342562332224322334,,00000358,,,,,lose,,,37,5,0,2,2,358,,442245235234334352544223432322552442322243434222445343252323555552533355,AABBACBDCBDADDADCBCAABBDADBDBBCCBAABDBBBADADABBBAACDADBCBDBDCCCCCBCDDDCC,AABBACBDBCADDDADBCACABBDADBDBBCCABABBDBBADADABBBAACDADBCBDBDCCCCBCCDDDCC,,,1,358,,,,,L_T1_GTR___standard/L_T1_GTR___zabuton_,,,,,L_T1_GTR03_33000001,,,
