24460,0,,,,,,,,,,44,33,000000000000000000000000000000000007000000000000000000000000000000000000,000000,00000000,,,,,,,,0,0,0,0,0,0,,44,AA,AA,,,0,0,,,,,,,,,,,,,,,44,33,000000000000000000000000000000000007000000000000000000000000000000000000,000000,00000000,,,,,,,,0,0,0,0,0,0,,44,AA,AA,,,0,0,,,,,,,,,,,,,
24609,2,,,,,,,,,44,33,51,000000000000000000000000000000000007000000000000000000000000000000000000,,00000000,,,,,,,,1,1,0,0,0,0,,4433,AABB,AABB,,,0,0,,,,,,,,,,,,,,44,33,51,000000000000000000000000000000000007000000000000000000000000000000000000,,00000000,,,,,,,,1,1,0,0,0,0,,4433,AABB,AABB,,,0,0,,,,,,,,,,,,,
24660,3,,,,,,,,,33,51,53,400000000000400000000000000000000007000000000000000000000000000000000000,,00000013,,,,,,,,2,2,0,13,13,13,,443351,AABBCD,AABBCD,,,0,13,,,,,,,,,,,,,,44,33,51,000000000000000000000000000000000007000000000000000000000000000000000000,,00000000,,,,,,,,1,1,0,0,0,0,,4433,AABB,AABB,,,0,0,,,,,,,,,,,,,
24662,4,,,,,,,,,33,51,53,400000000000400000000000000000000007000000000000000000000000000000000000,,00000013,,,,,,,,2,2,0,13,13,13,,443351,AABBCD,AABBCD,,,0,13,,,,,,,,,,,,,,33,51,53,400000000000400000000000000000000007000000000000000000000000000000000000,,00000013,,,,,,,,2,2,0,13,13,13,,443351,AABBCD,AABBCD,,,0,13,,,,,,,,,,,,,
24710,5,,,,,,,,,51,53,53,430000000000430000000000000000000007000000000000000000000000000000000000,,00000025,,,,,,,,3,3,0,12,12,25,,44335153,AABBCDCB,AABBCDBC,,,0,25,,,,,,,,,,,,,,33,51,53,400000000000400000000000000000000007000000000000000000000000000000000000,,00000013,,,,,,,,2,2,0,13,13,13,,443351,AABBCD,AABBCD,,,0,13,,,,,,,,,,,,,
24712,6,,,,,,,,,51,53,53,430000000000430000000000000000000007000000000000000000000000000000000000,,00000025,,,,,,,,3,3,0,12,12,25,,44335153,AABBCDCB,AABBCDBC,,,0,25,,,,,,,,,,,,,,51,53,53,430000000000430000000000000000000007000000000000000000000000000000000000,,00000025,,,,,,,,3,3,0,12,12,25,,44335153,AABBCDCB,AABBCDBC,,,0,25,,,,,,,,,,,,,
24763,8,,,,,,,,,53,53,31,430000000000430000000000100000000007500000000000000000000000000000000000,,00000038,,,,,,,,4,4,0,13,13,38,,4433515353,AABBCDCBCB,AABBCDBCBC,,,0,38,,,,,,,,,,L_T1_GTR03_22110001,,,,53,53,31,430000000000430000000000100000000007500000000000000000000000000000000000,,00000038,,,,,,,,4,4,0,13,13,38,,4433515353,AABBCDCBCB,AABBCDBCBC,,,0,38,,,,,,,,,,L_T1_GTR03_22110001,,,
24819,10,,,,,,,,,53,31,44,430000000000430000000000100000000007500000000000500000000000300000000000,,00000051,,,,,,,,5,5,0,13,13,51,,443351535331,AABBCDCBCBBD,AABBCDBCBCBD,,,0,51,,,,,,,,,,,,,,53,31,44,430000000000430000000000100000000007500000000000530000000000000000000000,,00000051,,,,,,,,5,5,0,13,13,51,,443351535331,AABBCDCBCBBD,AABBCDBCBCBD,,,0,51,,,,,,,,,,,,,
24873,11,,,,,,,,,31,44,54,430000000000430000000000100000000007500000000000500000000000353000000000,,00000063,,,,,,,,6,6,0,12,12,63,,44335153533144,AABBCDCBCBBDAA,AABBCDBCBCBDAA,,,0,63,,,,,,,,,,,,,,53,31,44,430000000000430000000000100000000007500000000000530000000000000000000000,,00000051,,,,,,,,5,5,0,13,13,51,,443351535331,AABBCDCBCBBD,AABBCDBCBCBD,,,0,51,,,,,,,,,,,,,
24875,12,,,,,,,,,31,44,54,430000000000430000000000100000000007500000000000500000000000353000000000,,00000063,,,,,,,,6,6,0,12,12,63,,44335153533144,AABBCDCBCBBDAA,AABBCDBCBCBDAA,,,0,63,,,,,,,,,,,,,,31,44,54,430000000000430000000000100000000007500000000000530000000000530000000000,,00000064,,,,,,,,6,6,0,13,13,64,,44335153533144,AABBCDCBCBBDAA,AABBCDBCBCBDAA,,,0,64,,,,,,,,,,R_T1_GTR03_22110001,,,
24922,13,,,,,,,,,44,54,33,430000000000430000000000100000000007513000000000500000000000353000000000,,00000074,,,,,,,,7,7,0,11,11,74,,4433515353314454,AABBCDCBCBBDAACA,AABBCDBCBCBDAAAC,,,0,74,,,,,,,,,,,,,,31,44,54,430000000000430000000000100000000007500000000000530000000000530000000000,,00000064,,,,,,,,6,6,0,13,13,64,,44335153533144,AABBCDCBCBBDAA,AABBCDBCBCBDAA,,,0,64,,,,,,,,,,R_T1_GTR03_22110001,,,
24926,14,,,,,,,,,44,54,33,430000000000430000000000100000000007513000000000500000000000353000000000,,00000074,,,,,,,,7,7,0,11,11,74,,4433515353314454,AABBCDCBCBBDAACA,AABBCDBCBCBDAAAC,,,0,74,,,,,,,,,,,,,,44,54,33,430000000000430000000000100000000007531000000000530000000000530000000000,,00000076,,,,,,,,7,7,0,12,12,76,,4433515353314454,AABBCDCBCBBDAACA,AABBCDBCBCBDAAAC,,,0,76,,,,,,,,,,,,,
24985,15,,,,,,,,,54,33,55,430000000000434000000000140000000007513000000000500000000000353000000000,,00000085,,,,,,,,8,8,0,11,11,85,,443351535331445433,AABBCDCBCBBDAACABB,AABBCDBCBCBDAAACBB,,,0,85,,,,,L_T1_GTR___hekomi__,,,,,,,,,44,54,33,430000000000430000000000100000000007531000000000530000000000530000000000,,00000076,,,,,,,,7,7,0,12,12,76,,4433515353314454,AABBCDCBCBBDAACA,AABBCDBCBCBDAAAC,,,0,76,,,,,,,,,,,,,
24989,16,,,,,,,,,54,33,55,430000000000434000000000140000000007513000000000500000000000353000000000,,00000085,,,,,,,,8,8,0,11,11,85,,443351535331445433,AABBCDCBCBBDAACABB,AABBCDBCBCBDAAACBB,,,0,85,,,,,L_T1_GTR___hekomi__,,,,,,,,,54,33,55,430000000000434000000000140000000007531000000000530000000000530000000000,,00000087,,,,,,,,8,8,0,11,11,87,,443351535331445433,AABBCDCBCBBDAACABB,AABBCDBCBCBDAAACBB,,,0,87,,,,,L_T1_GTR___hekomi__,,,,,,,,
25032,17,,,,,,,,,33,55,51,430000000000434540000000140000000007513000000000500000000000353000000000,,00000095,,,,,,,,9,9,0,10,10,95,,44335153533144543355,AABBCDCBCBBDAACABBCC,AABBCDBCBCBDAAACBBCC,,,0,95,,,,,L_T1_GTR___hekomi__,,,,,,,,,54,33,55,430000000000434000000000140000000007531000000000530000000000530000000000,,00000087,,,,,,,,8,8,0,11,11,87,,443351535331445433,AABBCDCBCBBDAACABB,AABBCDBCBCBDAAACBB,,,0,87,,,,,L_T1_GTR___hekomi__,,,,,,,,
25036,18,,,,,,,,,33,55,51,430000000000434540000000140000000007513000000000500000000000353000000000,,00000095,,,,,,,,9,9,0,10,10,95,,44335153533144543355,AABBCDCBCBBDAACABBCC,AABBCDBCBCBDAAACBBCC,,,0,95,,,,,L_T1_GTR___hekomi__,,,,,,,,,33,55,51,430000000000434540000000140000000007531000000000530000000000530000000000,,00000097,,,,,,,,9,9,0,10,10,97,,44335153533144543355,AABBCDCBCBBDAACABBCC,AABBCDBCBCBDAAACBBCC,,,0,97,,,,,L_T1_GTR___hekomi__,,,,,,,,
25099,19,,,,,,,,,33,55,51,430000000000434540000000140000000007513000000000500000000000353000000000,,00000095,,,,,,,,9,9,0,10,10,95,,44335153533144543355,AABBCDCBCBBDAACABBCC,AABBCDBCBCBDAAACBBCC,,,0,95,,,,,L_T1_GTR___hekomi__,,,,,,,,,55,51,14,430000000000434540000000143000000007531300000000530000000000530000000000,,00000107,,,,,,,,10,10,0,10,10,107,,4433515353314454335551,AABBCDCBCBBDAACABBCCCD,AABBCDBCBCBDAAACBBCCCD,,,0,107,,,,,L_T1_GTR___hekomi__,,,,,,,,
25102,20,,,,,,,,,55,51,14,433000000000434543000000140000000007513000000000500000000000353000000000,,00000103,,,,,,,,10,10,0,8,8,103,,4433515353314454335551,AABBCDCBCBBDAACABBCCCD,AABBCDBCBCBDAAACBBCCCD,,,0,103,,,,,L_T1_GTR___standard,,,,,L_T1_GTR03_33000001,,,,55,51,14,430000000000434540000000143000000007531300000000530000000000530000000000,,00000107,,,,,,,,10,10,0,10,10,107,,4433515353314454335551,AABBCDCBCBBDAACABBCCCD,AABBCDBCBCBDAAACBBCCCD,,,0,107,,,,,L_T1_GTR___hekomi__,,,,,,,,
25148,21,,,,,,,,,51,14,41,433550000000434543000000140000000007513000000000500000000000353000000000,,00000112,,,,,,,,11,11,0,9,9,112,,443351535331445433555114,AABBCDCBCBBDAACABBCCCDDA,AABBCDBCBCBDAAACBBCCCDAD,,,0,112,,,,,L_T1_GTR___standard,,,,,L_T1_GTR03_33000001,,,,55,51,14,430000000000434540000000143000000007531300000000530000000000530000000000,,00000107,,,,,,,,10,10,0,10,10,107,,4433515353314454335551,AABBCDCBCBBDAACABBCCCD,AABBCDBCBCBDAAACBBCCCD,,,0,107,,,,,L_T1_GTR___hekomi__,,,,,,,,
25149,22,,,,,,,,,51,14,41,433550000000434543000000140000000007513000000000500000000000353000000000,,00000112,,,,,,,,11,11,0,9,9,112,,443351535331445433555114,AABBCDCBCBBDAACABBCCCDDA,AABBCDBCBCBDAAACBBCCCDAD,,,0,112,,,,,L_T1_GTR___standard,,,,,L_T1_GTR03_33000001,,,,51,14,41,430000000000434540000000143000000007531300000000535000000000535000000000,,00000118,,,,,,,,11,11,0,11,11,118,,443351535331445433555114,AABBCDCBCBBDAACABBCCCDDA,AABBCDBCBCBDAAACBBCCCDAD,,,0,118,,,,,L_T1_GTR___hekomi__,,,,,,,,
25199,24,,,,,,,,,14,41,43,433550000000434543000000140000000007513000000000515000000000353000000000,,00000123,,,,,,,,12,12,0,11,11,123,,44335153533144543355511441,AABBCDCBCBBDAACABBCCCDDAAD,AABBCDBCBCBDAAACBBCCCDADAD,,,0,123,,,,,L_T1_GTR___standard,,,,,L_T1_GTR03_33000001,,,,14,41,43,430000000000434540000000143000000007531300000000535100000000535500000000,,00000128,,,,,,,,12,12,0,10,10,128,,44335153533144543355511441,AABBCDCBCBBDAACABBCCCDDAAD,AABBCDBCBCBDAAACBBCCCDADAD,,,0,128,,,,,L_T1_GTR___hekomi__,,,,,,,,
25246,25,,,,,,,,,41,43,31,433550000000434543000000141400000007513000000000515000000000353000000000,,00000134,,,,,,,,13,13,0,11,11,134,,4433515353314454335551144143,AABBCDCBCBBDAACABBCCCDDAADAB,AABBCDBCBCBDAAACBBCCCDADADAB,,,0,134,,,,,L_T1_GTR___standard,,,,,L_T1_GTR03_33000001,,,,14,41,43,430000000000434540000000143000000007531300000000535100000000535500000000,,00000128,,,,,,,,12,12,0,10,10,128,,44335153533144543355511441,AABBCDCBCBBDAACABBCCCDDAAD,AABBCDBCBCBDAAACBBCCCDADAD,,,0,128,,,,,L_T1_GTR___hekomi__,,,,,,,,
25248,26,,,,,,,,,41,43,31,433550000000434543000000141400000007513000000000515000000000353000000000,,00000134,,,,,,,,13,13,0,11,11,134,,4433515353314454335551144143,AABBCDCBCBBDAACABBCCCDDAADAB,AABBCDBCBCBDAAACBBCCCDADADAB,,,0,134,,,,,L_T1_GTR___standard,,,,,L_T1_GTR03_33000001,,,,41,43,31,430000000000434540000000143000000007531300000000535100000000535514000000,,00000137,,,,,,,,13,13,0,9,9,137,,4433515353314454335551144143,AABBCDCBCBBDAACABBCCCDDAADAB,AABBCDBCBCBDAAACBBCCCDADADAB,,,0,137,,,,,L_T1_GTR___hekomi__,,,,,,,,
25291,27,,,,,,,,,41,43,31,433550000000434543000000141400000007513000000000515000000000353000000000,,00000134,,,,,,,,13,13,0,11,11,134,,4433515353314454335551144143,AABBCDCBCBBDAACABBCCCDDAADAB,AABBCDBCBCBDAAACBBCCCDADADAB,,,0,134,,,,,L_T1_GTR___standard,,,,,L_T1_GTR03_33000001,,,,43,31,51,430000000000434540000000143000000007531300000000535114000000535514000000,,00000145,,,,,,,,14,14,0,8,8,145,,443351535331445433555114414331,AABBCDCBCBBDAACABBCCCDDAADABBD,AABBCDBCBCBDAAACBBCCCDADADABBD,,,0,145,,,,,L_T1_GTR___hekomi__,,,,,,,,
25308,28,,,,,,,,,43,31,51,433550000000434543000000141440000007513100000000515000000000353000000000,,00000143,,,,,,,,14,14,0,9,9,143,,443351535331445433555114414331,AABBCDCBCBBDAACABBCCCDDAADABBD,AABBCDBCBCBDAAACBBCCCDADADABBD,,,0,143,,,,,L_T1_GTR___standard,,,,,L_T1_GTR03_33000001,,,,43,31,51,430000000000434540000000143000000007531300000000535114000000535514000000,,00000145,,,,,,,,14,14,0,8,8,145,,443351535331445433555114414331,AABBCDCBCBBDAACABBCCCDDAADABBD,AABBCDBCBCBDAAACBBCCCDADADABBD,,,0,145,,,,,L_T1_GTR___hekomi__,,,,,,,,
25340,29,,,,,,,,,43,31,51,433550000000434543000000141440000007513100000000515000000000353000000000,,00000143,,,,,,,,14,14,0,9,9,143,,443351535331445433555114414331,AABBCDCBCBBDAACABBCCCDDAADABBD,AABBCDBCBCBDAAACBBCCCDADADABBD,,,0,143,,,,,L_T1_GTR___standard,,,,,L_T1_GTR03_33000001,,,,31,51,41,433400000000434540000000143000000007531300000000535114000000535514000000,,00000155,,,,,,,,15,15,0,10,10,155,,44335153533144543355511441433151,AABBCDCBCBBDAACABBCCCDDAADABBDCD,AABBCDBCBCBDAAACBBCCCDADADABBDCD,,,0,155,,,,,L_T1_GTR___standard,,,,,L_T1_GTR03_33000001,,,
25369,30,,,,,,,,,31,51,41,433554000000434543300000141440000007513100000000515000000000353000000000,,00000150,,,,,,,,15,15,0,7,7,150,,44335153533144543355511441433151,AABBCDCBCBBDAACABBCCCDDAADABBDCD,AABBCDBCBCBDAAACBBCCCDADADABBDCD,,,0,150,,,,,L_T1_GTR___standard,,,,,L_T1_GTR03_33000001,,,,31,51,41,433400000000434540000000143000000007531300000000535114000000535514000000,,00000155,,,,,,,,15,15,0,10,10,155,,44335153533144543355511441433151,AABBCDCBCBBDAACABBCCCDDAADABBDCD,AABBCDBCBCBDAAACBBCCCDADADABBDCD,,,0,155,,,,,L_T1_GTR___standard,,,,,L_T1_GTR03_33000001,,,
25380,31,,,,,,,,,31,51,41,433554000000434543300000141440000007513100000000515000000000353000000000,,00000150,,,,,,,,15,15,0,7,7,150,,44335153533144543355511441433151,AABBCDCBCBBDAACABBCCCDDAADABBDCD,AABBCDBCBCBDAAACBBCCCDADADABBDCD,,,0,150,,,,,L_T1_GTR___standard,,,,,L_T1_GTR03_33000001,,,,51,41,31,433400000000434541300000143000000007531300000000535114000000535514000000,,00000162,,,,,,,,16,16,0,7,7,162,,4433515353314454335551144143315141,AABBCDCBCBBDAACABBCCCDDAADABBDCDAD,AABBCDBCBCBDAAACBBCCCDADADABBDCDAD,,,0,162,,,,,L_T1_GTR___standard,,,,,L_T1_GTR03_33000001,,,
25420,32,,,,,,,,,51,41,31,433554000000434543300000141440000007513100000000515300000000353100000000,,00000160,,,,,,,,16,16,0,10,10,160,,4433515353314454335551144143315141,AABBCDCBCBBDAACABBCCCDDAADABBDCDAD,AABBCDBCBCBDAAACBBCCCDADADABBDCDAD,,,0,160,,,,,L_T1_GTR___standard,,,,,L_T1_GTR03_33000001,,,,51,41,31,433400000000434541300000143000000007531300000000535114000000535514000000,,00000162,,,,,,,,16,16,0,7,7,162,,4433515353314454335551144143315141,AABBCDCBCBBDAACABBCCCDDAADABBDCDAD,AABBCDBCBCBDAAACBBCCCDADADABBDCDAD,,,0,162,,,,,L_T1_GTR___standard,,,,,L_T1_GTR03_33000001,,,
25424,33,,,,,,,,,51,41,31,433554000000434543300000141440000007513100000000515300000000353100000000,,00000160,,,,,,,,16,16,0,10,10,160,,4433515353314454335551144143315141,AABBCDCBCBBDAACABBCCCDDAADABBDCDAD,AABBCDBCBCBDAAACBBCCCDADADABBDCDAD,,,0,160,,,,,L_T1_GTR___standard,,,,,L_T1_GTR03_33000001,,,,41,31,44,433400000000434541300000143510000007531300000000535114000000535514000000,,00000172,,,,,,,,17,17,0,10,10,172,,443351535331445433555114414331514131,AABBCDCBCBBDAACABBCCCDDAADABBDCDADBD,AABBCDBCBCBDAAACBBCCCDADADABBDCDADBD,,,0,172,,,,,L_T1_GTR___standard,,,,,L_T1_GTR03_33000001,,,
25469,35,,,,,,,,,41,31,44,433554000000434543300000141440000007513150000000515310000000353100000000,,00000169,,,,,,,,17,17,0,9,9,169,,443351535331445433555114414331514131,AABBCDCBCBBDAACABBCCCDDAADABBDCDADBD,AABBCDBCBCBDAAACBBCCCDADADABBDCDADBD,,,0,169,,,,,L_T1_GTR___standard,,,,,L_T1_GTR03_33000001,,,,31,44,33,433441000000434541300000143510000007531300000000535114000000535514000000,,00000181,,,,,,,,18,18,0,9,9,181,,44335153533144543355511441433151413144,AABBCDCBCBBDAACABBCCCDDAADABBDCDADBDAA,AABBCDBCBCBDAAACBBCCCDADADABBDCDADBDAA,,,0,181,,,,,L_T1_GTR___standard,,,,,L_T1_GTR03_33000001,,,
25511,36,,,,,,,,,41,31,44,433554000000434543300000141440000007513150000000515310000000353100000000,,00000169,,,,,,,,17,17,0,9,9,169,,443351535331445433555114414331514131,AABBCDCBCBBDAACABBCCCDDAADABBDCDADBD,AABBCDBCBCBDAAACBBCCCDADADABBDCDADBD,,,0,169,,,,,L_T1_GTR___standard,,,,,L_T1_GTR03_33000001,,,,44,33,51,433441310000434541300000143510000007531300000000535114000000535514000000,,00000188,,,,,,,,19,19,0,7,7,188,,4433515353314454335551144143315141314433,AABBCDCBCBBDAACABBCCCDDAADABBDCDADBDAABB,AABBCDBCBCBDAAACBBCCCDADADABBDCDADBDAABB,,,0,188,,,,,L_T1_GTR___standard,,,,,L_T1_GTR03_33000001,,,
25516,37,,,,,,,,,31,44,33,433554000000434543300000141440000007513150000000515310000000353114000000,,00000177,,,,,,,,18,18,0,8,8,177,,44335153533144543355511441433151413144,AABBCDCBCBBDAACABBCCCDDAADABBDCDADBDAA,AABBCDBCBCBDAAACBBCCCDADADABBDCDADBDAA,,,0,177,,,,,L_T1_GTR___standard,,,,,L_T1_GTR03_33000001,,,,44,33,51,433441310000434541300000143510000007531300000000535114000000535514000000,,00000188,,,,,,,,19,19,0,7,7,188,,4433515353314454335551144143315141314433,AABBCDCBCBBDAACABBCCCDDAADABBDCDADBDAABB,AABBCDBCBCBDAAACBBCCCDADADABBDCDADBDAABB,,,0,188,,,,,L_T1_GTR___standard,,,,,L_T1_GTR03_33000001,,,
25556,38,,,,,,,,,44,33,51,433554000000434543300000141443000007513151000000515310000000353114000000,,00000185,,,,,,,,19,19,0,8,8,185,,4433515353314454335551144143315141314433,AABBCDCBCBBDAACABBCCCDDAADABBDCDADBDAABB,AABBCDBCBCBDAAACBBCCCDADADABBDCDADBDAABB,,,0,185,,,,,L_T1_GTR___standard,,,,,L_T1_GTR03_33000001,,,,44,33,51,433441310000434541300000143510000007531300000000535114000000535514000000,,00000188,,,,,,,,19,19,0,7,7,188,,4433515353314454335551144143315141314433,AABBCDCBCBBDAACABBCCCDDAADABBDCDADBDAABB,AABBCDBCBCBDAAACBBCCCDADADABBDCDADBDAABB,,,0,188,,,,,L_T1_GTR___standard,,,,,L_T1_GTR03_33000001,,,
25576,39,,,,,,,,,44,33,51,433554000000434543300000141443000007513151000000515310000000353114000000,,00000185,,,,,,,,19,19,0,8,8,185,,4433515353314454335551144143315141314433,AABBCDCBCBBDAACABBCCCDDAADABBDCDADBDAABB,AABBCDBCBCBDAAACBBCCCDADADABBDCDADBDAABB,,,0,185,,,,,L_T1_GTR___standard,,,,,L_T1_GTR03_33000001,,,,33,51,51,433441310000434541300000143510000007531340000000535114400000535514000000,,00000195,,,,,,,,20,20,0,7,7,195,,443351535331445433555114414331514131443351,AABBCDCBCBBDAACABBCCCDDAADABBDCDADBDAABBCD,AABBCDBCBCBDAAACBBCCCDADADABBDCDADBDAABBCD,,,0,195,,,,,L_T1_GTR___standard,,,,,L_T1_GTR03_33000001,,,
25614,40,,,,,,,,,33,51,51,433554000000434543300000141443000007513151400000515314000000353114000000,,00000192,,,,,,,,20,20,0,7,7,192,,443351535331445433555114414331514131443351,AABBCDCBCBBDAACABBCCCDDAADABBDCDADBDAABBCD,AABBCDBCBCBDAAACBBCCCDADADABBDCDADBDAABBCD,,,0,192,,,,,L_T1_GTR___standard,,,,,L_T1_GTR03_33000001,,,,33,51,51,433441310000434541300000143510000007531340000000535114400000535514000000,,00000195,,,,,,,,20,20,0,7,7,195,,443351535331445433555114414331514131443351,AABBCDCBCBBDAACABBCCCDDAADABBDCDADBDAABBCD,AABBCDBCBCBDAAACBBCCCDADADABBDCDADBDAABBCD,,,0,195,,,,,L_T1_GTR___standard,,,,,L_T1_GTR03_33000001,,,
25617,41,,,,,,,,,33,51,51,433554000000434543300000141443000007513151400000515314000000353114000000,,00000192,,,,,,,,20,20,0,7,7,192,,443351535331445433555114414331514131443351,AABBCDCBCBBDAACABBCCCDDAADABBDCDADBDAABBCD,AABBCDBCBCBDAAACBBCCCDADADABBDCDADBDAABBCD,,,0,192,,,,,L_T1_GTR___standard,,,,,L_T1_GTR03_33000001,,,,51,51,34,433441310000434541300000143510000007531340000000535114400000535514330000,,00000201,,,,,,,,21,21,0,6,6,201,,44335153533144543355511441433151413144335151,AABBCDCBCBBDAACABBCCCDDAADABBDCDADBDAABBCDCD,AABBCDBCBCBDAAACBBCCCDADADABBDCDADBDAABBCDCD,,,0,201,,,,,L_T1_GTR___standard,,,,,L_T1_GTR03_33000001,,,
25654,42,,,,,,,,,33,51,51,433554000000434543300000141443000007513151400000515314000000353114000000,,00000192,,,,,,,,20,20,0,7,7,192,,443351535331445433555114414331514131443351,AABBCDCBCBBDAACABBCCCDDAADABBDCDADBDAABBCD,AABBCDBCBCBDAAACBBCCCDADADABBDCDADBDAABBCD,,,0,192,,,,,L_T1_GTR___standard,,,,,L_T1_GTR03_33000001,,,,51,34,13,433441311500434541300000143510000007531340000000535114400000535514330000,,00000205,,,,,,,,22,22,0,4,4,205,,4433515353314454335551144143315141314433515134,AABBCDCBCBBDAACABBCCCDDAADABBDCDADBDAABBCDCDBA,AABBCDBCBCBDAAACBBCCCDADADABBDCDADBDAABBCDCDAB,,,0,205,,,,,L_T1_GTR___standard,,,,,L_T1_GTR03_33000001,,,
25656,43,,,,,,,,,51,51,34,433554000000434543300000141443000007513151400000515314300000353114300000,,00000199,,,,,,,,21,21,0,7,7,199,,44335153533144543355511441433151413144335151,AABBCDCBCBBDAACABBCCCDDAADABBDCDADBDAABBCDCD,AABBCDBCBCBDAAACBBCCCDADADABBDCDADBDAABBCDCD,,,0,199,,,,,L_T1_GTR___standard,,,,,L_T1_GTR03_33000001,,,,51,34,13,433441311500434541300000143510000007531340000000535114400000535514330000,,00000205,,,,,,,,22,22,0,4,4,205,,4433515353314454335551144143315141314433515134,AABBCDCBCBBDAACABBCCCDDAADABBDCDADBDAABBCDCDBA,AABBCDBCBCBDAAACBBCCCDADADABBDCDADBDAABBCDCDAB,,,0,205,,,,,L_T1_GTR___standard,,,,,L_T1_GTR03_33000001,,,
25692,44,,,,,,,,,51,34,13,433554000000434543300000141443000007513151415000515314300000353114300000,,00000204,,,,,,,,22,22,0,5,5,204,,4433515353314454335551144143315141314433515134,AABBCDCBCBBDAACABBCCCDDAADABBDCDADBDAABBCDCDBA,AABBCDBCBCBDAAACBBCCCDADADABBDCDADBDAABBCDCDAB,,,0,204,,,,,L_T1_GTR___standard,,,,,L_T1_GTR03_33000001,,,,51,34,13,433441311500434541300000143510000007531340000000535114400000535514330000,,00000205,,,,,,,,22,22,0,4,4,205,,4433515353314454335551144143315141314433515134,AABBCDCBCBBDAACABBCCCDDAADABBDCDADBDAABBCDCDBA,AABBCDBCBCBDAAACBBCCCDADADABBDCDADBDAABBCDCDAB,,,0,205,,,,,L_T1_GTR___standard,,,,,L_T1_GTR03_33000001,,,
25716,45,,,,,,,,,51,34,13,433554000000434543300000141443000007513151415000515314300000353114300000,,00000204,,,,,,,,22,22,0,5,5,204,,4433515353314454335551144143315141314433515134,AABBCDCBCBBDAACABBCCCDDAADABBDCDADBDAABBCDCDBA,AABBCDBCBCBDAAACBBCCCDADADABBDCDADBDAABBCDCDAB,,,0,204,,,,,L_T1_GTR___standard,,,,,L_T1_GTR03_33000001,,,,34,13,14,433441311500434541300000143510000007531345100000535114400000535514330000,,00000212,,,,,,,,23,23,0,7,7,212,,443351535331445433555114414331514131443351513413,AABBCDCBCBBDAACABBCCCDDAADABBDCDADBDAABBCDCDBADB,AABBCDBCBCBDAAACBBCCCDADADABBDCDADBDAABBCDCDABBD,,,0,212,,,,,L_T1_GTR___standard,,,,,L_T1_GTR03_33000001,,,
25754,46,,,,,,,,,34,13,14,433554000000434543300000141443100007513151415500515314300000353114300000,,00000208,,,,,,,,23,23,0,4,4,208,,443351535331445433555114414331514131443351513413,AABBCDCBCBBDAACABBCCCDDAADABBDCDADBDAABBCDCDBADB,AABBCDBCBCBDAAACBBCCCDADADABBDCDADBDAABBCDCDABBD,,,0,208,,,,,L_T1_GTR___standard,,,,,L_T1_GTR03_33000001,,,,34,13,14,433441311500434541300000143510000007531345100000535114400000535514330000,,00000212,,,,,,,,23,23,0,7,7,212,,443351535331445433555114414331514131443351513413,AABBCDCBCBBDAACABBCCCDDAADABBDCDADBDAABBCDCDBADB,AABBCDBCBCBDAAACBBCCCDADADABBDCDADBDAABBCDCDABBD,,,0,212,,,,,L_T1_GTR___standard,,,,,L_T1_GTR03_33000001,,,
25775,47,,,,,,,,,34,13,14,433554000000434543300000141443100007513151415500515314300000353114300000,,00000208,,,,,,,,23,23,0,4,4,208,,443351535331445433555114414331514131443351513413,AABBCDCBCBBDAACABBCCCDDAADABBDCDADBDAABBCDCDBADB,AABBCDBCBCBDAAACBBCCCDADADABBDCDADBDAABBCDCDABBD,,,0,208,,,,,L_T1_GTR___standard,,,,,L_T1_GTR03_33000001,,,,13,14,51,433441311500434541340000143513000007531345100000535114400000535514330000,,00000218,,,,,,,,24,24,0,6,6,218,,44335153533144543355511441433151413144335151341314,AABBCDCBCBBDAACABBCCCDDAADABBDCDADBDAABBCDCDBADBDA,AABBCDBCBCBDAAACBBCCCDADADABBDCDADBDAABBCDCDABBDAD,,,0,218,,,,,L_T1_GTR___standard,,,,,L_T1_GTR03_33000001,,,
25795,48,,,,,,,,,13,14,51,433554000000434543300000141443100007513151415500515314340000353114330000,,00000214,,,,,,,,24,24,0,6,6,214,,44335153533144543355511441433151413144335151341314,AABBCDCBCBBDAACABBCCCDDAADABBDCDADBDAABBCDCDBADBDA,AABBCDBCBCBDAAACBBCCCDADADABBDCDADBDAABBCDCDABBDAD,,,0,214,,,,,L_T1_GTR___standard,,,,,L_T1_GTR03_33000001,,,,13,14,51,433441311500434541340000143513000007531345100000535114400000535514330000,,00000218,,,,,,,,24,24,0,6,6,218,,44335153533144543355511441433151413144335151341314,AABBCDCBCBBDAACABBCCCDDAADABBDCDADBDAABBCDCDBADBDA,AABBCDBCBCBDAAACBBCCCDADADABBDCDADBDAABBCDCDABBDAD,,,0,218,,,,,L_T1_GTR___standard,,,,,L_T1_GTR03_33000001,,,
25813,49,,,,,,,,,13,14,51,433554000000434543300000141443100007513151415500515314340000353114330000,,00000214,,,,,,,,24,24,0,6,6,214,,44335153533144543355511441433151413144335151341314,AABBCDCBCBBDAACABBCCCDDAADABBDCDADBDAABBCDCDBADBDA,AABBCDBCBCBDAAACBBCCCDADADABBDCDADBDAABBCDCDABBDAD,,,0,214,,,,,L_T1_GTR___standard,,,,,L_T1_GTR03_33000001,,,,14,51,43,433441311500434541340000143513130007531345100000535114400000535514330000,,00000225,,,,,,,,25,25,0,7,7,225,,4433515353314454335551144143315141314433515134131451,AABBCDCBCBBDAACABBCCCDDAADABBDCDADBDAABBCDCDBADBDACD,AABBCDBCBCBDAAACBBCCCDADADABBDCDADBDAABBCDCDABBDADCD,,,0,225,,,,,L_T1_GTR___standard,,,,,L_T1_GTR03_33000001,,,
25831,50,,,,,,,,,14,51,43,433554000000434543300000141443113007513151415500515314340000353114330000,,00000220,,,,,,,,25,25,0,6,6,220,,4433515353314454335551144143315141314433515134131451,AABBCDCBCBBDAACABBCCCDDAADABBDCDADBDAABBCDCDBADBDACD,AABBCDBCBCBDAAACBBCCCDADADABBDCDADBDAABBCDCDABBDADCD,,,0,220,,,,,L_T1_GTR___standard,,,,,L_T1_GTR03_33000001,,,,14,51,43,433441311500434541340000143513130007531345100000535114400000535514330000,,00000225,,,,,,,,25,25,0,7,7,225,,4433515353314454335551144143315141314433515134131451,AABBCDCBCBBDAACABBCCCDDAADABBDCDADBDAABBCDCDBADBDACD,AABBCDBCBCBDAAACBBCCCDADADABBDCDADBDAABBCDCDABBDADCD,,,0,225,,,,,L_T1_GTR___standard,,,,,L_T1_GTR03_33000001,,,
25848,51,,,,,,,,,14,51,43,433554000000434543300000141443113007513151415500515314340000353114330000,,00000220,,,,,,,,25,25,0,6,6,220,,4433515353314454335551144143315141314433515134131451,AABBCDCBCBBDAACABBCCCDDAADABBDCDADBDAABBCDCDBADBDACD,AABBCDBCBCBDAAACBBCCCDADADABBDCDADBDAABBCDCDABBDADCD,,,0,220,,,,,L_T1_GTR___standard,,,,,L_T1_GTR03_33000001,,,,51,43,13,433441311500434541344100143513130007531345100000535114400000535514330000,,00000229,,,,,,,,26,26,0,4,4,229,,443351535331445433555114414331514131443351513413145143,AABBCDCBCBBDAACABBCCCDDAADABBDCDADBDAABBCDCDBADBDACDAB,AABBCDBCBCBDAAACBBCCCDADADABBDCDADBDAABBCDCDABBDADCDAB,,,0,229,,,,,L_T1_GTR___standard,,,,,L_T1_GTR03_33000001,,,
25869,52,,,,,,,,,51,43,13,433554000000434543341000141443113007513151415500515314340000353114330000,,00000225,,,,,,,,26,26,0,5,5,225,,443351535331445433555114414331514131443351513413145143,AABBCDCBCBBDAACABBCCCDDAADABBDCDADBDAABBCDCDBADBDACDAB,AABBCDBCBCBDAAACBBCCCDADADABBDCDADBDAABBCDCDABBDADCDAB,,,0,225,,,,,L_T1_GTR___standard,,,,,L_T1_GTR03_33000001,,,,51,43,13,433441311500434541344100143513130007531345100000535114400000535514330000,,00000229,,,,,,,,26,26,0,4,4,229,,443351535331445433555114414331514131443351513413145143,AABBCDCBCBBDAACABBCCCDDAADABBDCDADBDAABBCDCDBADBDACDAB,AABBCDBCBCBDAAACBBCCCDADADABBDCDADBDAABBCDCDABBDADCDAB,,,0,229,,,,,L_T1_GTR___standard,,,,,L_T1_GTR03_33000001,,,
25882,53,,,,,,,,,51,43,13,433554000000434543341000141443113007513151415500515314340000353114330000,,00000225,,,,,,,,26,26,0,5,5,225,,443351535331445433555114414331514131443351513413145143,AABBCDCBCBBDAACABBCCCDDAADABBDCDADBDAABBCDCDBADBDACDAB,AABBCDBCBCBDAAACBBCCCDADADABBDCDADBDAABBCDCDABBDADCDAB,,,0,225,,,,,L_T1_GTR___standard,,,,,L_T1_GTR03_33000001,,,,43,13,43,433441311550434541344110143513130007531345100000535114400000535514330000,,00000232,,,,,,,,27,27,0,3,3,232,,44335153533144543355511441433151413144335151341314514313,AABBCDCBCBBDAACABBCCCDDAADABBDCDADBDAABBCDCDBADBDACDABDB,AABBCDBCBCBDAAACBBCCCDADADABBDCDADBDAABBCDCDABBDADCDABBD,,,0,232,,,,,L_T1_GTR___standard,,,,,L_T1_GTR03_33000001,,,
25933,54,,,,,,,,,43,13,43,433554500000434543341100141443113007513151415500515314340000353114330000,,00000229,,,,,,,,27,27,0,4,4,229,,44335153533144543355511441433151413144335151341314514313,AABBCDCBCBBDAACABBCCCDDAADABBDCDADBDAABBCDCDBADBDACDABDB,AABBCDBCBCBDAAACBBCCCDADADABBDCDADBDAABBCDCDABBDADCDABBD,,,0,229,,,,,L_T1_GTR___standard,,,,,L_T1_GTR03_33000001,,,,43,13,43,433441311550434541344110143513130007531345100000535114400000535514330000,,00000232,,,,,,,,27,27,0,3,3,232,,44335153533144543355511441433151413144335151341314514313,AABBCDCBCBBDAACABBCCCDDAADABBDCDADBDAABBCDCDBADBDACDABDB,AABBCDBCBCBDAAACBBCCCDADADABBDCDADBDAABBCDCDABBDADCDABBD,,,0,232,,,,,L_T1_GTR___standard,,,,,L_T1_GTR03_33000001,,,
25936,55,,,,,,,,,43,13,43,433554500000434543341100141443113007513151415500515314340000353114330000,,00000229,,,,,,,,27,27,0,4,4,229,,44335153533144543355511441433151413144335151341314514313,AABBCDCBCBBDAACABBCCCDDAADABBDCDADBDAABBCDCDBADBDACDABDB,AABBCDBCBCBDAAACBBCCCDADADABBDCDADBDAABBCDCDABBDADCDABBD,,,0,229,,,,,L_T1_GTR___standard,,,,,L_T1_GTR03_33000001,,,,13,43,31,433441311553434541344110143513130007531345100000535114400000535514330000,,00000233,,,,,,,,28,28,0,1,1,233,,4433515353314454335551144143315141314433515134131451431343,AABBCDCBCBBDAACABBCCCDDAADABBDCDADBDAABBCDCDBADBDACDABDBAB,AABBCDBCBCBDAAACBBCCCDADADABBDCDADBDAABBCDCDABBDADCDABBDAB,,,0,233,,,,,L_T1_GTR___standard,,,,,L_T1_GTR03_33000001,,,
25974,56,,,,,,,,,43,13,43,433554500000434543341100141443113007513151415500515314340000353114330000,,00000229,,,,,,,,27,27,0,4,4,229,,44335153533144543355511441433151413144335151341314514313,AABBCDCBCBBDAACABBCCCDDAADABBDCDADBDAABBCDCDBADBDACDABDB,AABBCDBCBCBDAAACBBCCCDADADABBDCDADBDAABBCDCDABBDADCDABBD,,,0,229,,,,,L_T1_GTR___standard,,,,,L_T1_GTR03_33000001,,,,43,31,55,433441311553434541344110143513130007531345110000535114430000535514330000,,00000239,,,,,,,,29,29,0,6,6,239,,443351535331445433555114414331514131443351513413145143134331,AABBCDCBCBBDAACABBCCCDDAADABBDCDADBDAABBCDCDBADBDACDABDBABBD,AABBCDBCBCBDAAACBBCCCDADADABBDCDADBDAABBCDCDABBDADCDABBDABBD,,,0,239,,,,,L_T1_GTR___standard,,,,,L_T1_GTR03_33000001,,,
25976,57,,,,,,,,,13,43,31,433554534000434543341100141443113007513151415500515314340000353114330000,,00000234,,,,,,,,28,28,0,5,5,234,,4433515353314454335551144143315141314433515134131451431343,AABBCDCBCBBDAACABBCCCDDAADABBDCDADBDAABBCDCDBADBDACDABDBAB,AABBCDBCBCBDAAACBBCCCDADADABBDCDADBDAABBCDCDABBDADCDABBDAB,,,0,234,,,,,L_T1_GTR___standard,,,,,L_T1_GTR03_33000001,,,,43,31,55,433441311553434541344110143513130007531345110000535114430000535514330000,,00000239,,,,,,,,29,29,0,6,6,239,,443351535331445433555114414331514131443351513413145143134331,AABBCDCBCBBDAACABBCCCDDAADABBDCDADBDAABBCDCDBADBDACDABDBABBD,AABBCDBCBCBDAAACBBCCCDADADABBDCDADBDAABBCDCDABBDADCDABBDABBD,,,0,239,,,,,L_T1_GTR___standard,,,,,L_T1_GTR03_33000001,,,
26014,59,,,,,,,,,43,31,55,433554534130434543341100141443113007513151415500515314340000353114330000,,00000238,,,,,,,,29,29,0,4,4,238,,443351535331445433555114414331514131443351513413145143134331,AABBCDCBCBBDAACABBCCCDDAADABBDCDADBDAABBCDCDBADBDACDABDBABBD,AABBCDBCBCBDAAACBBCCCDADADABBDCDADBDAABBCDCDABBDADCDABBDABBD,,,0,238,,,,,L_T1_GTR___standard,,,,,L_T1_GTR03_33000001,,,,31,55,51,433441311553434541344110143513130007531345110000535114430000535514334300,,00000244,,,,,,,,30,30,0,5,5,244,,44335153533144543355511441433151413144335151341314514313433155,AABBCDCBCBBDAACABBCCCDDAADABBDCDADBDAABBCDCDBADBDACDABDBABBDCC,AABBCDBCBCBDAAACBBCCCDADADABBDCDADBDAABBCDCDABBDADCDABBDABBDCC,,,0,244,,,,,L_T1_GTR___standard,,,,,L_T1_GTR03_33000001,,,
26050,60,,,,,,,,,43,31,55,433554534130434543341100141443113007513151415500515314340000353114330000,,00000238,,,,,,,,29,29,0,4,4,238,,443351535331445433555114414331514131443351513413145143134331,AABBCDCBCBBDAACABBCCCDDAADABBDCDADBDAABBCDCDBADBDACDABDBABBD,AABBCDBCBCBDAAACBBCCCDADADABBDCDADBDAABBCDCDABBDADCDABBDABBD,,,0,238,,,,,L_T1_GTR___standard,,,,,L_T1_GTR03_33000001,,,,55,51,44,433441311553434541344110143513130007531345110000535114430000535514334331,,00000247,,,,,,,,31,31,0,3,3,247,,4433515353314454335551144143315141314433515134131451431343315551,AABBCDCBCBBDAACABBCCCDDAADABBDCDADBDAABBCDCDBADBDACDABDBABBDCCCD,AABBCDBCBCBDAAACBBCCCDADADABBDCDADBDAABBCDCDABBDADCDABBDABBDCCCD,,,0,247,,,,,L_T1_GTR___standard,,,,,L_T1_GTR03_33000001,,,
26068,61,,,,,,,,,31,55,51,433554534134434543341130141443113007513151415500515314340000353114330000,,00000240,,,,,,,,30,30,0,2,2,240,,44335153533144543355511441433151413144335151341314514313433155,AABBCDCBCBBDAACABBCCCDDAADABBDCDADBDAABBCDCDBADBDACDABDBABBDCC,AABBCDBCBCBDAAACBBCCCDADADABBDCDADBDAABBCDCDABBDADCDABBDABBDCC,,,0,240,,,,,L_T1_GTR___standard,,,,,L_T1_GTR03_33000001,,,,55,51,44,433441311553434541344110143513130007531345110000535114430000535514334331,,00000247,,,,,,,,31,31,0,3,3,247,,4433515353314454335551144143315141314433515134131451431343315551,AABBCDCBCBBDAACABBCCCDDAADABBDCDADBDAABBCDCDBADBDACDABDBABBDCCCD,AABBCDBCBCBDAAACBBCCCDADADABBDCDADBDAABBCDCDABBDADCDABBDABBDCCCD,,,0,247,,,,,L_T1_GTR___standard,,,,,L_T1_GTR03_33000001,,,
26085,62,,,,,,,,,31,55,51,433554534134434543341130141443113007513151415500515314340000353114330000,,00000240,,,,,,,,30,30,0,2,2,240,,44335153533144543355511441433151413144335151341314514313433155,AABBCDCBCBBDAACABBCCCDDAADABBDCDADBDAABBCDCDBADBDACDABDBABBDCC,AABBCDBCBCBDAAACBBCCCDADADABBDCDADBDAABBCDCDABBDADCDABBDABBDCC,,,0,240,,,,,L_T1_GTR___standard,,,,,L_T1_GTR03_33000001,,,,51,44,45,433441311553434541344110143513130007531345115000535114435000535514334331,,00000252,,,,,,,,32,32,0,5,5,252,,443351535331445433555114414331514131443351513413145143134331555144,AABBCDCBCBBDAACABBCCCDDAADABBDCDADBDAABBCDCDBADBDACDABDBABBDCCCDAA,AABBCDBCBCBDAAACBBCCCDADADABBDCDADBDAABBCDCDABBDADCDABBDABBDCCCDAA,,,0,252,,,,,L_T1_GTR___standard,,,,,L_T1_GTR03_33000001,,,
26100,63,,,,,,,,,55,51,44,433554534134434543341133141443113007513151415500515314340000353114330000,,00000242,,,,,,,,31,31,0,2,2,242,,4433515353314454335551144143315141314433515134131451431343315551,AABBCDCBCBBDAACABBCCCDDAADABBDCDADBDAABBCDCDBADBDACDABDBABBDCCCD,AABBCDBCBCBDAAACBBCCCDADADABBDCDADBDAABBCDCDABBDADCDABBDABBDCCCD,,,0,242,,,,,L_T1_GTR___standard,,,,,L_T1_GTR03_33000001,,,,51,44,45,433441311553434541344110143513130007531345115000535114435000535514334331,,00000252,,,,,,,,32,32,0,5,5,252,,443351535331445433555114414331514131443351513413145143134331555144,AABBCDCBCBBDAACABBCCCDDAADABBDCDADBDAABBCDCDBADBDACDABDBABBDCCCDAA,AABBCDBCBCBDAAACBBCCCDADADABBDCDADBDAABBCDCDABBDADCDABBDABBDCCCDAA,,,0,252,,,,,L_T1_GTR___standard,,,,,L_T1_GTR03_33000001,,,
26119,64,,,,,,,,,55,51,44,433554534134434543341133141443113007513151415500515314340000353114330000,,00000242,,,,,,,,31,31,0,2,2,242,,4433515353314454335551144143315141314433515134131451431343315551,AABBCDCBCBBDAACABBCCCDDAADABBDCDADBDAABBCDCDBADBDACDABDBABBDCCCD,AABBCDBCBCBDAAACBBCCCDADADABBDCDADBDAABBCDCDABBDADCDABBDABBDCCCD,,,0,242,,,,,L_T1_GTR___standard,,,,,L_T1_GTR03_33000001,,,,44,45,51,433441311553434541344110143513135107531345115000535114435000535514334331,,00000257,,,,,,,,33,33,0,5,5,257,,44335153533144543355511441433151413144335151341314514313433155514445,AABBCDCBCBBDAACABBCCCDDAADABBDCDADBDAABBCDCDBADBDACDABDBABBDCCCDAAAC,AABBCDBCBCBDAAACBBCCCDADADABBDCDADBDAABBCDCDABBDADCDABBDABBDCCCDAAAC,,,0,257,,,,,L_T1_GTR___standard,,,,,L_T1_GTR03_33000001,,,
26139,65,,,,,,,,,51,44,45,433554534134434543341133141443113007513151415500515314340000353114335500,,00000246,,,,,,,,32,32,0,4,4,246,,443351535331445433555114414331514131443351513413145143134331555144,AABBCDCBCBBDAACABBCCCDDAADABBDCDADBDAABBCDCDBADBDACDABDBABBDCCCDAA,AABBCDBCBCBDAAACBBCCCDADADABBDCDADBDAABBCDCDABBDADCDABBDABBDCCCDAA,,,0,246,,,,,L_T1_GTR___standard,,,,,L_T1_GTR03_33000001,,,,44,45,51,433441311553434541344110143513135107531345115000535114435000535514334331,,00000257,,,,,,,,33,33,0,5,5,257,,44335153533144543355511441433151413144335151341314514313433155514445,AABBCDCBCBBDAACABBCCCDDAADABBDCDADBDAABBCDCDBADBDACDABDBABBDCCCDAAAC,AABBCDBCBCBDAAACBBCCCDADADABBDCDADBDAABBCDCDABBDADCDABBDABBDCCCDAAAC,,,0,257,,,,,L_T1_GTR___standard,,,,,L_T1_GTR03_33000001,,,
26154,66,,,,,,,,,51,44,45,433554534134434543341133141443113007513151415500515314340000353114335500,,00000246,,,,,,,,32,32,0,4,4,246,,443351535331445433555114414331514131443351513413145143134331555144,AABBCDCBCBBDAACABBCCCDDAADABBDCDADBDAABBCDCDBADBDACDABDBABBDCCCDAA,AABBCDBCBCBDAAACBBCCCDADADABBDCDADBDAABBCDCDABBDADCDABBDABBDCCCDAA,,,0,246,,,,,L_T1_GTR___standard,,,,,L_T1_GTR03_33000001,,,,45,51,41,433441311553434541344110143513135107531345115000535114435440535514334331,,00000260,,,,,,,,34,34,0,3,3,260,,4433515353314454335551144143315141314433515134131451431343315551444551,AABBCDCBCBBDAACABBCCCDDAADABBDCDADBDAABBCDCDBADBDACDABDBABBDCCCDAAACCD,AABBCDBCBCBDAAACBBCCCDADADABBDCDADBDAABBCDCDABBDADCDABBDABBDCCCDAAACCD,,,0,260,,,,,L_T1_GTR___standard,,,,,L_T1_GTR03_33000001,,,
26169,67,,,,,,,,,,44,45,433554534134434543341133141443113007513151415500515314341500353114335500,,bb50abb2,,,,,,,,33,0,1,bb50abb2,100,346,,443351535331445433555114414331514131443351513413145143134331555144,AABBCDCBCBBDAACABBCCCDDAADABBDCDADBDAABBCDCDBADBDACDABDBABBDCCCDAA,AABBCDBCBCBDAAACBBCCCDADADABBDCDADBDAABBCDCDABBDADCDABBDABBDCCCDAA,,,1,346,,,,,L_T1_GTR___standard,,,,,L_T1_GTR03_33000001,,,,45,51,41,433441311553434541344110143513135107531345115000535114435440535514334331,,00000260,,,,,,,,34,34,0,3,3,260,,4433515353314454335551144143315141314433515134131451431343315551444551,AABBCDCBCBBDAACABBCCCDDAADABBDCDADBDAABBCDCDBADBDACDABDBABBDCCCDAAACCD,AABBCDBCBCBDAAACBBCCCDADADABBDCDADBDAABBCDCDABBDADCDABBDABBDCCCDAAACCD,,,0,260,,,,,L_T1_GTR___standard,,,,,L_T1_GTR03_33000001,,,
26208,68,,,,,,,,,,44,45,433554534134434543341133141443113007513151415500515314341500353114335500,,bb50abb2,,,,,,,,33,0,1,bb50abb2,100,346,,443351535331445433555114414331514131443351513413145143134331555144,AABBCDCBCBBDAACABBCCCDDAADABBDCDADBDAABBCDCDBADBDACDABDBABBDCCCDAA,AABBCDBCBCBDAAACBBCCCDADADABBDCDADBDAABBCDCDABBDADCDABBDABBDCCCDAA,,,1,346,,,,,L_T1_GTR___standard,,,,,L_T1_GTR03_33000001,,,,51,41,34,433441311553434541344110143513135157531345115400535114435440535514334331,,00000263,,,,,,,,35,35,0,3,3,263,,443351535331445433555114414331514131443351513413145143134331555144455141,AABBCDCBCBBDAACABBCCCDDAADABBDCDADBDAABBCDCDBADBDACDABDBABBDCCCDAAACCDAD,AABBCDBCBCBDAAACBBCCCDADADABBDCDADBDAABBCDCDABBDADCDABBDABBDCCCDAAACCDAD,,,0,263,,,,,L_T1_GTR___standard,,,,,L_T1_GTR03_33000001,,,
26232,69,,,,,,,,,,44,45,433554534134434543341133141443113007513151415500515314341500353114335500,,bb50abb2,,,,,,,,33,0,1,bb50abb2,100,346,,443351535331445433555114414331514131443351513413145143134331555144,AABBCDCBCBBDAACABBCCCDDAADABBDCDADBDAABBCDCDBADBDACDABDBABBDCCCDAA,AABBCDBCBCBDAAACBBCCCDADADABBDCDADBDAABBCDCDABBDADCDABBDABBDCCCDAA,,,1,346,,,,,L_T1_GTR___standard,,,,,L_T1_GTR03_33000001,,,,,41,34,433441311553434541344111143513135155531345115400535114435440535514334331,,bb40abb1,,,,,,,,36,0,1,bb40abb1,40,303,,443351535331445433555114414331514131443351513413145143134331555144455141,AABBCDCBCBBDAACABBCCCDDAADABBDCDADBDAABBCDCDBADBDACDABDBABBDCCCDAAACCDAD,AABBCDBCBCBDAAACBBCCCDADADABBDCDADBDAABBCDCDABBDADCDABBDABBDCCCDAAACCDAD,,,1,303,,,,,L_T1_GTR___standard,,,,,L_T1_GTR03_33000001,,,
26233,70,,,,,,,,,44,45,51,433554534134434543341133141443113007513151410000515314341000353114330000,,00000350,,,,,,,,34,1,0,4,4,350,,44335153533144543355511441433151413144335151341314514313433155514445,AABBCDCBCBBDAACABBCCCDDAADABBDCDADBDAABBCDCDBADBDACDABDBABBDCCCDAAAC,AABBCDBCBCBDAAACBBCCCDADADABBDCDADBDAABBCDCDABBDADCDABBDABBDCCCDAAAC,,,1,350,,,,,L_T1_GTR___standard,,,,,L_T1_GTR03_33000001,,,,,41,34,433441311553434541344111143513135155531345115400535114435440535514334331,,bb40abb1,,,,,,,,36,0,1,bb40abb1,40,303,,443351535331445433555114414331514131443351513413145143134331555144455141,AABBCDCBCBBDAACABBCCCDDAADABBDCDADBDAABBCDCDBADBDACDABDBABBDCCCDAAACCDAD,AABBCDBCBCBDAAACBBCCCDADADABBDCDADBDAABBCDCDABBDADCDABBDABBDCCCDAAACCDAD,,,1,303,,,,,L_T1_GTR___standard,,,,,L_T1_GTR03_33000001,,,
26272,71,,,,,,,,,45,51,41,433554534134434543341133141443113007513151410000515314341000353114334400,,00000354,,,,,,,,35,2,0,4,4,354,,4433515353314454335551144143315141314433515134131451431343315551444551,AABBCDCBCBBDAACABBCCCDDAADABBDCDADBDAABBCDCDBADBDACDABDBABBDCCCDAAACCD,AABBCDBCBCBDAAACBBCCCDADADABBDCDADBDAABBCDCDABBDADCDABBDABBDCCCDAAACCD,,,1,354,,,,,L_T1_GTR___standard,,,,,L_T1_GTR03_33000001,,,,,41,34,433441311553434541344111143513135155531345115400535114435440535514334331,,bb40abb1,,,,,,,,36,0,1,bb40abb1,40,303,,443351535331445433555114414331514131443351513413145143134331555144455141,AABBCDCBCBBDAACABBCCCDDAADABBDCDADBDAABBCDCDBADBDACDABDBABBDCCCDAAACCDAD,AABBCDBCBCBDAAACBBCCCDADADABBDCDADBDAABBCDCDABBDADCDABBDABBDCCCDAAACCDAD,,,1,303,,,,,L_T1_GTR___standard,,,,,L_T1_GTR03_33000001,,,
26314,72,,,,,,,,,45,51,41,433554534134434543341133141443113007513151410000515314341000353114334400,,00000354,,,,,,,,35,2,0,4,4,354,,4433515353314454335551144143315141314433515134131451431343315551444551,AABBCDCBCBBDAACABBCCCDDAADABBDCDADBDAABBCDCDBADBDACDABDBABBDCCCDAAACCD,AABBCDBCBCBDAAACBBCCCDADADABBDCDADBDAABBCDCDABBDADCDABBDABBDCCCDAAACCD,,,1,354,,,,,L_T1_GTR___standard,,,,,L_T1_GTR03_33000001,,,,,41,34,433441311553434541344000143513135557531345115400535114435440535514334331,,bb50ab10,,,,,,,,37,0,2,bb50ab10,500,803,,443351535331445433555114414331514131443351513413145143134331555144455141,AABBCDCBCBBDAACABBCCCDDAADABBDCDADBDAABBCDCDBADBDACDABDBABBDCCCDAAACCDAD,AABBCDBCBCBDAAACBBCCCDADADABBDCDADBDAABBCDCDABBDADCDABBDABBDCCCDAAACCDAD,,,2,803,,,,,L_T1_GTR___standard,,,,,L_T1_GTR03_33000001,,,
26333,73,,,,,,,,,51,41,34,433554534134434543341133141443113007513151415000515314341400353114334400,,00000358,,,,,,,,36,3,0,4,4,358,,443351535331445433555114414331514131443351513413145143134331555144455141,AABBCDCBCBBDAACABBCCCDDAADABBDCDADBDAABBCDCDBADBDACDABDBABBDCCCDAAACCDAD,AABBCDBCBCBDAAACBBCCCDADADABBDCDADBDAABBCDCDABBDADCDABBDABBDCCCDAAACCDAD,,,1,358,,,,,L_T1_GTR___standard,,,,,L_T1_GTR03_33000001,,,,,41,34,433441311553434541344000143513135557531345115400535114435440535514334331,,bb50ab10,,,,,,,,37,0,2,bb50ab10,500,803,,443351535331445433555114414331514131443351513413145143134331555144455141,AABBCDCBCBBDAACABBCCCDDAADABBDCDADBDAABBCDCDBADBDACDABDBABBDCCCDAAACCDAD,AABBCDBCBCBDAAACBBCCCDADADABBDCDADBDAABBCDCDABBDADCDABBDABBDCCCDAAACCDAD,,,2,803,,,,,L_T1_GTR___standard,,,,,L_T1_GTR03_33000001,,,
26366,74,,,,,,,,,41,34,51,433554534134434543341133141443113517513151415000515314341400353114334400,,00000362,,,,,,,,37,4,0,4,4,362,,44335153533144543355511441433151413144335151341314514313433155514445514134,AABBCDCBCBBDAACABBCCCDDAADABBDCDADBDAABBCDCDBADBDACDABDBABBDCCCDAAACCDADBA,AABBCDBCBCBDAAACBBCCCDADADABBDCDADBDAABBCDCDABBDADCDABBDABBDCCCDAAACCDADAB,,,1,362,,,,,L_T1_GTR___standard,,,,,L_T1_GTR03_33000001,,,,,41,34,433441311553434541344000143513135557531345115400535114435440535514334331,,bb50ab10,,,,,,,,37,0,2,bb50ab10,500,803,,443351535331445433555114414331514131443351513413145143134331555144455141,AABBCDCBCBBDAACABBCCCDDAADABBDCDADBDAABBCDCDBADBDACDABDBABBDCCCDAAACCDAD,AABBCDBCBCBDAAACBBCCCDADADABBDCDADBDAABBCDCDABBDADCDABBDABBDCCCDAAACCDAD,,,2,803,,,,,L_T1_GTR___standard,,,,,L_T1_GTR03_33000001,,,
26392,75,,,,,,,,,41,34,51,433554534134434543341133141443113517513151415000515314341400353114334400,,00000362,,,,,,,,37,4,0,4,4,362,,44335153533144543355511441433151413144335151341314514313433155514445514134,AABBCDCBCBBDAACABBCCCDDAADABBDCDADBDAABBCDCDBADBDACDABDBABBDCCCDAAACCDADBA,AABBCDBCBCBDAAACBBCCCDADADABBDCDADBDAABBCDCDABBDADCDABBDABBDCCCDAAACCDADAB,,,1,362,,,,,L_T1_GTR___standard,,,,,L_T1_GTR03_33000001,,,,,41,34,433441311553434541344000143513130007531345114000535114434400535514334331,,bb40ab16,,,,,,,,38,0,3,bb40ab16,640,1443,,443351535331445433555114414331514131443351513413145143134331555144455141,AABBCDCBCBBDAACABBCCCDDAADABBDCDADBDAABBCDCDBADBDACDABDBABBDCCCDAAACCDAD,AABBCDBCBCBDAAACBBCCCDADADABBDCDADBDAABBCDCDABBDADCDABBDABBDCCCDAAACCDAD,,,3,1443,,,,,L_T1_GTR___standard,,,,,L_T1_GTR03_33000001,,,
26400,76,,,,,,,,,34,51,35,433554534134434543341133141443113517513151415140515314341400353114334400,,00000365,,,,,,,,38,5,0,3,3,365,,4433515353314454335551144143315141314433515134131451431343315551444551413451,AABBCDCBCBBDAACABBCCCDDAADABBDCDADBDAABBCDCDBADBDACDABDBABBDCCCDAAACCDADBACD,AABBCDBCBCBDAAACBBCCCDADADABBDCDADBDAABBCDCDABBDADCDABBDABBDCCCDAAACCDADABCD,,,1,365,,,,,L_T1_GTR___standard,,,,,L_T1_GTR03_33000001,,,,,41,34,433441311553434541344000143513130007531345114000535114434400535514334331,,bb40ab16,,,,,,,,38,0,3,bb40ab16,640,1443,,443351535331445433555114414331514131443351513413145143134331555144455141,AABBCDCBCBBDAACABBCCCDDAADABBDCDADBDAABBCDCDBADBDACDABDBABBDCCCDAAACCDAD,AABBCDBCBCBDAAACBBCCCDADADABBDCDADBDAABBCDCDABBDADCDABBDABBDCCCDAAACCDAD,,,3,1443,,,,,L_T1_GTR___standard,,,,,L_T1_GTR03_33000001,,,
26426,77,,,,,,,,,,51,35,433554534134434543341133141443113517513151415140515314341440353114334430,,bb50abb2,,,,,,,,39,0,1,bb50abb2,100,465,,4433515353314454335551144143315141314433515134131451431343315551444551413451,AABBCDCBCBBDAACABBCCCDDAADABBDCDADBDAABBCDCDBADBDACDABDBABBDCCCDAAACCDADBACD,AABBCDBCBCBDAAACBBCCCDADADABBDCDADBDAABBCDCDABBDADCDABBDABBDCCCDAAACCDADABCD,,,1,465,,,,,L_T1_GTR___standard,,,,,L_T1_GTR03_33000001,,,,,41,34,433441311553434541344000143513130007531345114000535114434400535514334331,,bb40ab16,,,,,,,,38,0,3,bb40ab16,640,1443,,443351535331445433555114414331514131443351513413145143134331555144455141,AABBCDCBCBBDAACABBCCCDDAADABBDCDADBDAABBCDCDBADBDACDABDBABBDCCCDAAACCDAD,AABBCDBCBCBDAAACBBCCCDADADABBDCDADBDAABBCDCDABBDADCDABBDABBDCCCDAAACCDAD,,,3,1443,,,,,L_T1_GTR___standard,,,,,L_T1_GTR03_33000001,,,
26473,78,,,,,,,,,,51,35,433554534134434543341133141443113517513151415140515314341440353114334430,,bb50abb2,,,,,,,,39,0,1,bb50abb2,100,465,,4433515353314454335551144143315141314433515134131451431343315551444551413451,AABBCDCBCBBDAACABBCCCDDAADABBDCDADBDAABBCDCDBADBDACDABDBABBDCCCDAAACCDADBACD,AABBCDBCBCBDAAACBBCCCDADADABBDCDADBDAABBCDCDABBDADCDABBDABBDCCCDAAACCDADABCD,,,1,465,,,,,L_T1_GTR___standard,,,,,L_T1_GTR03_33000001,,,,,41,34,433441311553434541344000143513130007531345110000535114430000535514333310,,bb50ab34,,,,,,,,39,0,4,bb50ab34,1700,3143,,443351535331445433555114414331514131443351513413145143134331555144455141,AABBCDCBCBBDAACABBCCCDDAADABBDCDADBDAABBCDCDBADBDACDABDBABBDCCCDAAACCDAD,AABBCDBCBCBDAAACBBCCCDADADABBDCDADBDAABBCDCDABBDADCDABBDABBDCCCDAAACCDAD,,,4,3143,,,,,L_T1_GTR___standard,,,,,L_T1_GTR03_33000001,,,
26509,79,,,,,,,,,,51,35,433554534134434543341133141443113517513151415100515314341000353114333000,,bb40abb8,,,,,,,,40,0,2,bb40abb8,320,785,,4433515353314454335551144143315141314433515134131451431343315551444551413451,AABBCDCBCBBDAACABBCCCDDAADABBDCDADBDAABBCDCDBADBDACDABDBABBDCCCDAAACCDADBACD,AABBCDBCBCBDAAACBBCCCDADADABBDCDADBDAABBCDCDABBDADCDABBDABBDCCCDAAACCDADABCD,,,2,785,,,,,L_T1_GTR___standard,,,,,L_T1_GTR03_33000001,,,,,41,34,433441311553434541344000143513130007531345110000535114430000535514333310,,bb50ab34,,,,,,,,39,0,4,bb50ab34,1700,3143,,443351535331445433555114414331514131443351513413145143134331555144455141,AABBCDCBCBBDAACABBCCCDDAADABBDCDADBDAABBCDCDBADBDACDABDBABBDCCCDAAACCDAD,AABBCDBCBCBDAAACBBCCCDADADABBDCDADBDAABBCDCDABBDADCDABBDABBDCCCDAAACCDAD,,,4,3143,,,,,L_T1_GTR___standard,,,,,L_T1_GTR03_33000001,,,
26568,80,,,,,,,,,,51,35,433554534134434543341133141443113517513151415100515314341000353114333000,,bb40abb8,,,,,,,,40,0,2,bb40abb8,320,785,,4433515353314454335551144143315141314433515134131451431343315551444551413451,AABBCDCBCBBDAACABBCCCDDAADABBDCDADBDAABBCDCDBADBDACDABDBABBDCCCDAAACCDADBACD,AABBCDBCBCBDAAACBBCCCDADADABBDCDADBDAABBCDCDABBDADCDABBDABBDCCCDAAACCDADABCD,,,2,785,,,,,L_T1_GTR___standard,,,,,L_T1_GTR03_33000001,,,,41,34,51,433441311553434541344000143513130007531345110000535114400000535514100000,,00003145,,,,,,,,40,1,0,2,2,3145,,44335153533144543355511441433151413144335151341314514313433155514445514134,AABBCDCBCBBDAACABBCCCDDAADABBDCDADBDAABBCDCDBADBDACDABDBABBDCCCDAAACCDADBA,AABBCDBCBCBDAAACBBCCCDADADABBDCDADBDAABBCDCDABBDADCDABBDABBDCCCDAAACCDADAB,,,4,3145,,,,,L_T1_GTR___standard,,,,,L_T1_GTR03_33000001,,,
26589,81,,,,,,,,,,51,35,433554534134434543341133141443113510513151415100515314410000353114000000,,bb80ab19,,,,,,,,41,0,3,bb80ab19,1520,2305,,4433515353314454335551144143315141314433515134131451431343315551444551413451,AABBCDCBCBBDAACABBCCCDDAADABBDCDADBDAABBCDCDBADBDACDABDBABBDCCCDAAACCDADBACD,AABBCDBCBCBDAAACBBCCCDADADABBDCDADBDAABBCDCDABBDADCDABBDABBDCCCDAAACCDADABCD,,,3,2305,,,,,L_T1_GTR___standard,,,,,L_T1_GTR03_33000001,,,,41,34,51,433441311553434541344000143513130007531345110000535114400000535514100000,,00003145,,,,,,,,40,1,0,2,2,3145,,44335153533144543355511441433151413144335151341314514313433155514445514134,AABBCDCBCBBDAACABBCCCDDAADABBDCDADBDAABBCDCDBADBDACDABDBABBDCCCDAAACCDADBA,AABBCDBCBCBDAAACBBCCCDADADABBDCDADBDAABBCDCDABBDADCDABBDABBDCCCDAAACCDADAB,,,4,3145,,,,,L_T1_GTR___standard,,,,,L_T1_GTR03_33000001,,,
26606,82,,,,,,,,,,51,35,433554534134434543341133141443113510513151415100515314410000353114000000,,bb80ab19,,,,,,,,41,0,3,bb80ab19,1520,2305,,4433515353314454335551144143315141314433515134131451431343315551444551413451,AABBCDCBCBBDAACABBCCCDDAADABBDCDADBDAABBCDCDBADBDACDABDBABBDCCCDAAACCDADBACD,AABBCDBCBCBDAAACBBCCCDADADABBDCDADBDAABBCDCDABBDADCDABBDABBDCCCDAAACCDADABCD,,,3,2305,,,,,L_T1_GTR___standard,,,,,L_T1_GTR03_33000001,,,,34,51,35,433441311553434541344000143513130007531345114100535114400000535514100000,,00003150,,,,,,,,41,2,0,5,5,3150,,4433515353314454335551144143315141314433515134131451431343315551444551413451,AABBCDCBCBBDAACABBCCCDDAADABBDCDADBDAABBCDCDBADBDACDABDBABBDCCCDAAACCDADBACD,AABBCDBCBCBDAAACBBCCCDADADABBDCDADBDAABBCDCDABBDADCDABBDABBDCCCDAAACCDADABCD,,,4,3150,,,,,L_T1_GTR___standard,,,,,L_T1_GTR03_33000001,,,
26656,83,,,,,,,,,,51,35,433554534134434543341133141443113510513151415100515314410000353114000000,,bb80ab19,,,,,,,,41,0,3,bb80ab19,1520,2305,,4433515353314454335551144143315141314433515134131451431343315551444551413451,AABBCDCBCBBDAACABBCCCDDAADABBDCDADBDAABBCDCDBADBDACDABDBABBDCCCDAAACCDADBACD,AABBCDBCBCBDAAACBBCCCDADADABBDCDADBDAABBCDCDABBDADCDABBDABBDCCCDAAACCDADABCD,,,3,2305,,,,,L_T1_GTR___standard,,,,,L_T1_GTR03_33000001,,,,51,35,44,433441311553434541344000143513130007531345114100535114434000535514100000,,00003156,,,,,,,,42,3,0,6,6,3156,,443351535331445433555114414331514131443351513413145143134331555144455141345135,AABBCDCBCBBDAACABBCCCDDAADABBDCDADBDAABBCDCDBADBDACDABDBABBDCCCDAAACCDADBACDBC,AABBCDBCBCBDAAACBBCCCDADADABBDCDADBDAABBCDCDABBDADCDABBDABBDCCCDAAACCDADABCDBC,,,4,3156,,,,,L_T1_GTR___standard,,,,,L_T1_GTR03_33000001,,,
26679,84,,,,,,,,,,51,35,433554534134434543341133141443351007513151510000515310000000353110000000,,bb80ab35,,,,,,,,42,0,4,bb80ab35,2800,5105,,4433515353314454335551144143315141314433515134131451431343315551444551413451,AABBCDCBCBBDAACABBCCCDDAADABBDCDADBDAABBCDCDBADBDACDABDBABBDCCCDAAACCDADBACD,AABBCDBCBCBDAAACBBCCCDADADABBDCDADBDAABBCDCDABBDADCDABBDABBDCCCDAAACCDADABCD,,,4,5105,,,,,L_T1_GTR___standard,,,,,L_T1_GTR03_33000001,,,,51,35,44,433441311553434541344000143513130007531345114100535114434000535514100000,,00003156,,,,,,,,42,3,0,6,6,3156,,443351535331445433555114414331514131443351513413145143134331555144455141345135,AABBCDCBCBBDAACABBCCCDDAADABBDCDADBDAABBCDCDBADBDACDABDBABBDCCCDAAACCDADBACDBC,AABBCDBCBCBDAAACBBCCCDADADABBDCDADBDAABBCDCDABBDADCDABBDABBDCCCDAAACCDADABCDBC,,,4,3156,,,,,L_T1_GTR___standard,,,,,L_T1_GTR03_33000001,,,
26695,85,,,,,,,,,,51,35,433554534134434543341133141443351007513151510000515310000000353110000000,,bb80ab35,,,,,,,,42,0,4,bb80ab35,2800,5105,,4433515353314454335551144143315141314433515134131451431343315551444551413451,AABBCDCBCBBDAACABBCCCDDAADABBDCDADBDAABBCDCDBADBDACDABDBABBDCCCDAAACCDADBACD,AABBCDBCBCBDAAACBBCCCDADADABBDCDADBDAABBCDCDABBDADCDABBDABBDCCCDAAACCDADABCD,,,4,5105,,,,,L_T1_GTR___standard,,,,,L_T1_GTR03_33000001,,,,35,44,13,433441311553434541344000143513130007531345114100535114434000535514115000,,00003161,,,,,,,,43,4,0,5,5,3161,,44335153533144543355511441433151413144335151341314514313433155514445514134513544,AABBCDCBCBBDAACABBCCCDDAADABBDCDADBDAABBCDCDBADBDACDABDBABBDCCCDAAACCDADBACDBCAA,AABBCDBCBCBDAAACBBCCCDADADABBDCDADBDAABBCDCDABBDADCDABBDABBDCCCDAAACCDADABCDBCAA,,,4,3161,,,,,L_T1_GTR___standard,,,,,L_T1_GTR03_33000001,,,
26751,86,,,,,,,,,,51,35,433554534134434543341133141443351007513151510000515310000000353110000000,,bb80ab35,,,,,,,,42,0,4,bb80ab35,2800,5105,,4433515353314454335551144143315141314433515134131451431343315551444551413451,AABBCDCBCBBDAACABBCCCDDAADABBDCDADBDAABBCDCDBADBDACDABDBABBDCCCDAAACCDADBACD,AABBCDBCBCBDAAACBBCCCDADADABBDCDADBDAABBCDCDABBDADCDABBDABBDCCCDAAACCDADABCD,,,4,5105,,,,,L_T1_GTR___standard,,,,,L_T1_GTR03_33000001,,,,44,13,53,433441311553434541344000143513130007531345114100535114434000535514115530,,00003163,,,,,,,,44,5,0,2,2,3163,,4433515353314454335551144143315141314433515134131451431343315551444551413451354413,AABBCDCBCBBDAACABBCCCDDAADABBDCDADBDAABBCDCDBADBDACDABDBABBDCCCDAAACCDADBACDBCAADB,AABBCDBCBCBDAAACBBCCCDADADABBDCDADBDAABBCDCDABBDADCDABBDABBDCCCDAAACCDADABCDBCAABD,,,4,3163,,,,,L_T1_GTR___standard,,,,,L_T1_GTR03_33000001,,,
26764,87,,,,,,,,,,51,35,433554534340434544331000141445000007513151510000515310000000353110000000,,bb50ab66,,,,,,,,43,0,5,bb50ab66,3300,8405,,4433515353314454335551144143315141314433515134131451431343315551444551413451,AABBCDCBCBBDAACABBCCCDDAADABBDCDADBDAABBCDCDBADBDACDABDBABBDCCCDAAACCDADBACD,AABBCDBCBCBDAAACBBCCCDADADABBDCDADBDAABBCDCDABBDADCDABBDABBDCCCDAAACCDADABCD,,,5,8405,,,,,L_T1_GTR___standard,,,,,L_T1_GTR03_33000001,,,,44,13,53,433441311553434541344000143513130007531345114100535114434000535514115530,,00003163,,,,,,,,44,5,0,2,2,3163,,4433515353314454335551144143315141314433515134131451431343315551444551413451354413,AABBCDCBCBBDAACABBCCCDDAADABBDCDADBDAABBCDCDBADBDACDABDBABBDCCCDAAACCDADBACDBCAADB,AABBCDBCBCBDAAACBBCCCDADADABBDCDADBDAABBCDCDABBDADCDABBDABBDCCCDAAACCDADABCDBCAABD,,,4,3163,,,,,L_T1_GTR___standard,,,,,L_T1_GTR03_33000001,,,
26846,88,,,,,,,,,,51,35,433555343400434533100000141500000007513151510000515310000000353110000000,,bb50ab98,,,,,,,,44,0,6,bb50ab98,4900,13305,,4433515353314454335551144143315141314433515134131451431343315551444551413451,AABBCDCBCBBDAACABBCCCDDAADABBDCDADBDAABBCDCDBADBDACDABDBABBDCCCDAAACCDADBACD,AABBCDBCBCBDAAACBBCCCDADADABBDCDADBDAABBCDCDABBDADCDABBDABBDCCCDAAACCDADABCD,,,6,13305,,,,,L_T1_GTR___standard,,,,,L_T1_GTR03_33000001,,,,44,13,53,433441311553434541344000143513130007531345114100535114434000535514115530,,00003163,,,,,,,,44,5,0,2,2,3163,,4433515353314454335551144143315141314433515134131451431343315551444551413451354413,AABBCDCBCBBDAACABBCCCDDAADABBDCDADBDAABBCDCDBADBDACDABDBABBDCCCDAAACCDADBACDBCAADB,AABBCDBCBCBDAAACBBCCCDADADABBDCDADBDAABBCDCDABBDADCDABBDABBDCCCDAAACCDADABCDBCAABD,,,4,3163,,,,,L_T1_GTR___standard,,,,,L_T1_GTR03_33000001,,,
26847,89,,,,,,,,,,51,35,433555343400434533100000141500000007513151510000515310000000353110000000,,bb50ab98,,,,,,,,44,0,6,bb50ab98,4900,13305,,4433515353314454335551144143315141314433515134131451431343315551444551413451,AABBCDCBCBBDAACABBCCCDDAADABBDCDADBDAABBCDCDBADBDACDABDBABBDCCCDAAACCDADBACD,AABBCDBCBCBDAAACBBCCCDADADABBDCDADBDAABBCDCDABBDADCDABBDABBDCCCDAAACCDADABCD,,,6,13305,,,,,L_T1_GTR___standard,,,,,L_T1_GTR03_33000001,,,,13,53,13,433441311533434541344000143513130007531345114100535114434400535514115534,,00003165,,,,,,,,45,6,0,2,2,3165,,443351535331445433555114414331514131443351513413145143134331555144455141345135441353,AABBCDCBCBBDAACABBCCCDDAADABBDCDADBDAABBCDCDBADBDACDABDBABBDCCCDAAACCDADBACDBCAADBCB,AABBCDBCBCBDAAACBBCCCDADADABBDCDADBDAABBCDCDABBDADCDABBDABBDCCCDAAACCDADABCDBCAABDBC,,,4,3165,,,,,L_T1_GTR___standard,,,,,L_T1_GTR03_33000001,,,
26905,90,,,,,,,,,,51,35,433555343400434533100000141500000007513151510000515310000000353110000000,,bb50ab98,,,,,,,,44,0,6,bb50ab98,4900,13305,,4433515353314454335551144143315141314433515134131451431343315551444551413451,AABBCDCBCBBDAACABBCCCDDAADABBDCDADBDAABBCDCDBADBDACDABDBABBDCCCDAAACCDADBACD,AABBCDBCBCBDAAACBBCCCDADADABBDCDADBDAABBCDCDABBDADCDABBDABBDCCCDAAACCDADABCD,,,6,13305,,,,,L_T1_GTR___standard,,,,,L_T1_GTR03_33000001,,,,53,13,31,433441311553434541344000143513131007531345114130535114434400535514115534,,00003168,,,,,,,,46,7,0,3,3,3168,,44335153533144543355511441433151413144335151341314514313433155514445514134513544135313,AABBCDCBCBBDAACABBCCCDDAADABBDCDADBDAABBCDCDBADBDACDABDBABBDCCCDAAACCDADBACDBCAADBCBDB,AABBCDBCBCBDAAACBBCCCDADADABBDCDADBDAABBCDCDABBDADCDABBDABBDCCCDAAACCDADABCDBCAABDBCBD,,,4,3168,,,,,L_T1_GTR___standard,,,,,L_T1_GTR03_33000001,,,
26931,91,,,,,,,,,,51,35,433343400000434331000000141000000007513151510000515310000000353110000000,,bb60a131,,,,,,,,45,0,7,bb60a131,7860,21165,,4433515353314454335551144143315141314433515134131451431343315551444551413451,AABBCDCBCBBDAACABBCCCDDAADABBDCDADBDAABBCDCDBADBDACDABDBABBDCCCDAAACCDADBACD,AABBCDBCBCBDAAACBBCCCDADADABBDCDADBDAABBCDCDABBDADCDABBDABBDCCCDAAACCDADABCD,,,7,21165,,,,,,,,,,,,,,53,13,31,433441311553434541344000143513131007531345114130535114434400535514115534,,00003168,,,,,,,,46,7,0,3,3,3168,,44335153533144543355511441433151413144335151341314514313433155514445514134513544135313,AABBCDCBCBBDAACABBCCCDDAADABBDCDADBDAABBCDCDBADBDACDABDBABBDCCCDAAACCDADBACDBCAADBCBDB,AABBCDBCBCBDAAACBBCCCDADADABBDCDADBDAABBCDCDABBDADCDABBDABBDCCCDAAACCDADABCDBCAABDBCBD,,,4,3168,,,,,L_T1_GTR___standard,,,,,L_T1_GTR03_33000001,,,
26984,92,,,,,,,,,,51,35,433343400000434331000000141000000007513151510000515310000000353110000000,,bb60a131,,,,,,,,45,0,7,bb60a131,7860,21165,,4433515353314454335551144143315141314433515134131451431343315551444551413451,AABBCDCBCBBDAACABBCCCDDAADABBDCDADBDAABBCDCDBADBDACDABDBABBDCCCDAAACCDADBACD,AABBCDBCBCBDAAACBBCCCDADADABBDCDADBDAABBCDCDABBDADCDABBDABBDCCCDAAACCDADABCD,,,7,21165,,,,,,,,,,,,,,13,31,15,433441311553434541344000143513131007531345114130535114434430535514115534,,00003169,,,,,,,,47,8,0,1,1,3169,,4433515353314454335551144143315141314433515134131451431343315551444551413451354413531331,AABBCDCBCBBDAACABBCCCDDAADABBDCDADBDAABBCDCDBADBDACDABDBABBDCCCDAAACCDADBACDBCAADBCBDBBD,AABBCDBCBCBDAAACBBCCCDADADABBDCDADBDAABBCDCDABBDADCDABBDABBDCCCDAAACCDADABCDBCAABDBCBDBD,,,4,3169,,,,,L_T1_GTR___standard,,,,,L_T1_GTR03_33000001,,,
27014,93,,,,,,,,,,51,35,443400000000441000000000141000000007513151510000515310000000353110000000,,bb50a162,,,,,,,,46,0,8,bb50a162,8100,29265,,4433515353314454335551144143315141314433515134131451431343315551444551413451,AABBCDCBCBBDAACABBCCCDDAADABBDCDADBDAABBCDCDBADBDACDABDBABBDCCCDAAACCDADBACD,AABBCDBCBCBDAAACBBCCCDADADABBDCDADBDAABBCDCDABBDADCDABBDABBDCCCDAAACCDADABCD,,,8,29265,,,,,,,,,,,,,,13,31,15,433441311553434541344000143513131007531345114130535114434430535514115534,,00003169,,,,,,,,47,8,0,1,1,3169,,4433515353314454335551144143315141314433515134131451431343315551444551413451354413531331,AABBCDCBCBBDAACABBCCCDDAADABBDCDADBDAABBCDCDBADBDACDABDBABBDCCCDAAACCDADBACDBCAADBCBDBBD,AABBCDBCBCBDAAACBBCCCDADADABBDCDADBDAABBCDCDABBDADCDABBDABBDCCCDAAACCDADABCDBCAABDBCBDBD,,,4,3169,,,,,L_T1_GTR___standard,,,,,L_T1_GTR03_33000001,,,
27018,94,,,,,,,,,,51,35,443400000000441000000000141000000007513151510000515310000000353110000000,,bb50a162,,,,,,,,46,0,8,bb50a162,8100,29265,,4433515353314454335551144143315141314433515134131451431343315551444551413451,AABBCDCBCBBDAACABBCCCDDAADABBDCDADBDAABBCDCDBADBDACDABDBABBDCCCDAAACCDADBACD,AABBCDBCBCBDAAACBBCCCDADADABBDCDADBDAABBCDCDABBDADCDABBDABBDCCCDAAACCDADABCD,,,8,29265,,,,,,,,,,,,,,31,15,55,433441311553434541344130143513131007531345114130535114434430535514115534,,00003173,,,,,,,,48,9,0,4,4,3173,,443351535331445433555114414331514131443351513413145143134331555144455141345135441353133115,AABBCDCBCBBDAACABBCCCDDAADABBDCDADBDAABBCDCDBADBDACDABDBABBDCCCDAAACCDADBACDBCAADBCBDBBDDC,AABBCDBCBCBDAAACBBCCCDADADABBDCDADBDAABBCDCDABBDADCDABBDABBDCCCDAAACCDADABCDBCAABDBCBDBDCD,,,4,3173,,,,,L_T1_GTR___standard,,,,,L_T1_GTR03_33000001,,,
27095,95,,,,,,,,,,51,35,443400000000441000000000141000000007513151510000515310000000353110000000,,bb50a162,,,,,,,,46,0,8,bb50a162,8100,29265,,4433515353314454335551144143315141314433515134131451431343315551444551413451,AABBCDCBCBBDAACABBCCCDDAADABBDCDADBDAABBCDCDBADBDACDABDBABBDCCCDAAACCDADBACD,AABBCDBCBCBDAAACBBCCCDADADABBDCDADBDAABBCDCDABBDADCDABBDABBDCCCDAAACCDADABCD,,,8,29265,,,,,,,,,,,,,,,15,55,433441311553434541344130143513131007531345114131535114434433535514115534,,bb40abb1,,,,,,,,49,0,1,bb40abb1,40,3213,,443351535331445433555114414331514131443351513413145143134331555144455141345135441353133115,AABBCDCBCBBDAACABBCCCDDAADABBDCDADBDAABBCDCDBADBDACDABDBABBDCCCDAAACCDADBACDBCAADBCBDBBDDC,AABBCDBCBCBDAAACBBCCCDADADABBDCDADBDAABBCDCDABBDADCDABBDABBDCCCDAAACCDADABCDBCAABDBCBDBDCD,,,4,3213,,,,,L_T1_GTR___standard,,,,,L_T1_GTR03_33000001,,,
27099,96,,,,,,,,,,51,35,340000000000100000000000110000000007513151510000515310000000353110000000,,bb50a194,,,,,,,,47,0,9,bb50a194,9700,38965,,4433515353314454335551144143315141314433515134131451431343315551444551413451,AABBCDCBCBBDAACABBCCCDDAADABBDCDADBDAABBCDCDBADBDACDABDBABBDCCCDAAACCDADBACD,AABBCDBCBCBDAAACBBCCCDADADABBDCDADBDAABBCDCDABBDADCDABBDABBDCCCDAAACCDADABCD,,,9,38965,,,,,,,,,,,,,,,15,55,433441311553434541344130143513131007531345114131535114434433535514115534,,bb40abb1,,,,,,,,49,0,1,bb40abb1,40,3213,,443351535331445433555114414331514131443351513413145143134331555144455141345135441353133115,AABBCDCBCBBDAACABBCCCDDAADABBDCDADBDAABBCDCDBADBDACDABDBABBDCCCDAAACCDADBACDBCAADBCBDBBDDC,AABBCDBCBCBDAAACBBCCCDADADABBDCDADBDAABBCDCDABBDADCDABBDABBDCCCDAAACCDADABCDBCAABDBCBDBDCD,,,4,3213,,,,,L_T1_GTR___standard,,,,,L_T1_GTR03_33000001,,,
27179,97,,,,,,,,,,51,35,340000000000000000000000000000000007531515100000553100000000353110000000,,bb40a224,,,,,,,,48,0,10,bb40a224,8960,47925,,4433515353314454335551144143315141314433515134131451431343315551444551413451,AABBCDCBCBBDAACABBCCCDDAADABBDCDADBDAABBCDCDBADBDACDABDBABBDCCCDAAACCDADBACD,AABBCDBCBCBDAAACBBCCCDADADABBDCDADBDAABBCDCDABBDADCDABBDABBDCCCDAAACCDADABCD,,,9,47925,,,,,,,,,,,,,,,15,55,433441311553434541344130143513131007531345114131535114434433535514115534,,bb40abb1,,,,,,,,49,0,1,bb40abb1,40,3213,,443351535331445433555114414331514131443351513413145143134331555144455141345135441353133115,AABBCDCBCBBDAACABBCCCDDAADABBDCDADBDAABBCDCDBADBDACDABDBABBDCCCDAAACCDADBACDBCAADBCBDBBDDC,AABBCDBCBCBDAAACBBCCCDADADABBDCDADBDAABBCDCDABBDADCDABBDABBDCCCDAAACCDADABCDBCAABDBCBDBDCD,,,4,3213,,,,,L_T1_GTR___standard,,,,,L_T1_GTR03_33000001,,,
27183,98,,,,,,,,,,51,35,340000000000000000000000000000000007531515100000553100000000353110000000,,bb40a224,,,,,,,,48,0,10,bb40a224,8960,47925,,4433515353314454335551144143315141314433515134131451431343315551444551413451,AABBCDCBCBBDAACABBCCCDDAADABBDCDADBDAABBCDCDBADBDACDABDBABBDCCCDAAACCDADBACD,AABBCDBCBCBDAAACBBCCCDADADABBDCDADBDAABBCDCDABBDADCDABBDABBDCCCDAAACCDADABCD,,,9,47925,,,,,,,,,,,,,,15,55,35,433441311553434541344130143513131007531345114110535114434400535514115545,,00003214,,,,,,,,50,1,0,1,1,3214,,44335153533144543355511441433151413144335151341314514313433155514445514134513544135313311555,AABBCDCBCBBDAACABBCCCDDAADABBDCDADBDAABBCDCDBADBDACDABDBABBDCCCDAAACCDADBACDBCAADBCBDBBDDCCC,AABBCDBCBCBDAAACBBCCCDADADABBDCDADBDAABBCDCDABBDADCDABBDABBDCCCDAAACCDADABCDBCAABDBCBDBDCDCC,,,4,3214,,,,,L_T1_GTR___standard,,,,,L_T1_GTR03_33000001,,,
27225,99,,,,,,,,,,51,35,340000000000000000000000000000000007531515100000553100000000353110000000,,bb40a224,,,,,,,,48,0,10,bb40a224,8960,47925,,4433515353314454335551144143315141314433515134131451431343315551444551413451,AABBCDCBCBBDAACABBCCCDDAADABBDCDADBDAABBCDCDBADBDACDABDBABBDCCCDAAACCDADBACD,AABBCDBCBCBDAAACBBCCCDADADABBDCDADBDAABBCDCDABBDADCDABBDABBDCCCDAAACCDADABCD,,,9,47925,,,,,,,,,,,,,,55,35,54,433441311553434541344135143513131007531345114110535114434400535514115545,,00003215,,,,,,,,51,2,0,1,1,3215,,4433515353314454335551144143315141314433515134131451431343315551444551413451354413531331155535,AABBCDCBCBBDAACABBCCCDDAADABBDCDADBDAABBCDCDBADBDACDABDBABBDCCCDAAACCDADBACDBCAADBCBDBBDDCCCBC,AABBCDBCBCBDAAACBBCCCDADADABBDCDADBDAABBCDCDABBDADCDABBDABBDCCCDAAACCDADABCDBCAABDBCBDBDCDCCBC,,,4,3215,,,,,L_T1_GTR___standard,,,,,L_T1_GTR03_33000001,,,
27260,100,,,,,,,,,,51,35,340000000000000000000000000000000007315151000000310000000000331100000000,,bb40a256,,,,,,,,49,0,11,bb40a256,10240,58165,,4433515353314454335551144143315141314433515134131451431343315551444551413451,AABBCDCBCBBDAACABBCCCDDAADABBDCDADBDAABBCDCDBADBDACDABDBABBDCCCDAAACCDADBACD,AABBCDBCBCBDAAACBBCCCDADADABBDCDADBDAABBCDCDABBDADCDABBDABBDCCCDAAACCDADABCD,,,9,58165,,,,,,,,,,,,,,55,35,54,433441311553434541344135143513131007531345114110535114434400535514115545,,00003215,,,,,,,,51,2,0,1,1,3215,,4433515353314454335551144143315141314433515134131451431343315551444551413451354413531331155535,AABBCDCBCBBDAACABBCCCDDAADABBDCDADBDAABBCDCDBADBDACDABDBABBDCCCDAAACCDADBACDBCAADBCBDBBDDCCCBC,AABBCDBCBCBDAAACBBCCCDADADABBDCDADBDAABBCDCDABBDADCDABBDABBDCCCDAAACCDADABCDBCAABDBCBDBDCDCCBC,,,4,3215,,,,,L_T1_GTR___standard,,,,,L_T1_GTR03_33000001,,,
27294,101,,,,,,,,,,51,35,340000000000000000000000000000000007315151000000310000000000331100000000,,bb40a256,,,,,,,,49,0,11,bb40a256,10240,58165,,4433515353314454335551144143315141314433515134131451431343315551444551413451,AABBCDCBCBBDAACABBCCCDDAADABBDCDADBDAABBCDCDBADBDACDABDBABBDCCCDAAACCDADBACD,AABBCDBCBCBDAAACBBCCCDADADABBDCDADBDAABBCDCDABBDADCDABBDABBDCCCDAAACCDADABCD,,,9,58165,,,,,,,,,,,,,,35,54,35,433441311553434541344135143513131007531345114110535114434455535514115545,,00003218,,,,,,,,52,3,0,3,3,3218,,443351535331445433555114414331514131443351513413145143134331555144455141345135441353133115553554,AABBCDCBCBBDAACABBCCCDDAADABBDCDADBDAABBCDCDBADBDACDABDBABBDCCCDAAACCDADBACDBCAADBCBDBBDDCCCBCCA,AABBCDBCBCBDAAACBBCCCDADADABBDCDADBDAABBCDCDABBDADCDABBDABBDCCCDAAACCDADABCDBCAABDBCBDBDCDCCBCAC,,,4,3218,,,,,L_T1_GTR___standard,,,,,L_T1_GTR03_33000001,,,
27326,102,,,,,,,,,,51,35,340000000000000000000000000000000007315151000000310000000000331100000000,,bb40a256,,,,,,,,49,0,11,bb40a256,10240,58165,,4433515353314454335551144143315141314433515134131451431343315551444551413451,AABBCDCBCBBDAACABBCCCDDAADABBDCDADBDAABBCDCDBADBDACDABDBABBDCCCDAAACCDADBACD,AABBCDBCBCBDAAACBBCCCDADADABBDCDADBDAABBCDCDABBDADCDABBDABBDCCCDAAACCDADABCD,,,9,58165,,,,,,,,,,,,,,54,35,43,433441311553434541344135143513131350531345114110535114434455535514115545,,00003222,,,,,,,,53,4,0,4,4,3222,,44335153533144543355511441433151413144335151341314514313433155514445514134513544135313311555355435,AABBCDCBCBBDAACABBCCCDDAADABBDCDADBDAABBCDCDBADBDACDABDBABBDCCCDAAACCDADBACDBCAADBCBDBBDDCCCBCCABC,AABBCDBCBCBDAAACBBCCCDADADABBDCDADBDAABBCDCDABBDADCDABBDABBDCCCDAAACCDADABCDBCAABDBCBDBDCDCCBCACBC,,,4,3222,,,,,L_T1_GTR___standard,,,,,L_T1_GTR03_33000001,,,
27343,103,,,,,,,,,,51,35,340000000000000000000000000000000007151510000000100000000000110000000000,,bb40a288,,,,,,,,50,0,12,bb40a288,11520,69685,,4433515353314454335551144143315141314433515134131451431343315551444551413451,AABBCDCBCBBDAACABBCCCDDAADABBDCDADBDAABBCDCDBADBDACDABDBABBDCCCDAAACCDADBACD,AABBCDBCBCBDAAACBBCCCDADADABBDCDADBDAABBCDCDABBDADCDABBDABBDCCCDAAACCDADABCD,,,9,69685,,,,,,,,,,,,,,54,35,43,433441311553434541344135143513131350531345114110535114434455535514115545,,00003222,,,,,,,,53,4,0,4,4,3222,,44335153533144543355511441433151413144335151341314514313433155514445514134513544135313311555355435,AABBCDCBCBBDAACABBCCCDDAADABBDCDADBDAABBCDCDBADBDACDABDBABBDCCCDAAACCDADBACDBCAADBCBDBBDDCCCBCCABC,AABBCDBCBCBDAAACBBCCCDADADABBDCDADBDAABBCDCDABBDADCDABBDABBDCCCDAAACCDADABCDBCAABDBCBDBDCDCCBCACBC,,,4,3222,,,,,L_T1_GTR___standard,,,,,L_T1_GTR03_33000001,,,
27387,104,,,,,,,,,,51,35,340000000000000000000000000000000007151510000000100000000000110000000000,,bb40a288,,,,,,,,50,0,12,bb40a288,11520,69685,,4433515353314454335551144143315141314433515134131451431343315551444551413451,AABBCDCBCBBDAACABBCCCDDAADABBDCDADBDAABBCDCDBADBDACDABDBABBDCCCDAAACCDADBACD,AABBCDBCBCBDAAACBBCCCDADADABBDCDADBDAABBCDCDABBDADCDABBDABBDCCCDAAACCDADABCD,,,9,69685,,,,,,,,,,,,,,,35,43,433441311553434541344135143513131357531345114115535114434455535514115545,,bb40abb1,,,,,,,,54,0,1,bb40abb1,40,3262,,44335153533144543355511441433151413144335151341314514313433155514445514134513544135313311555355435,AABBCDCBCBBDAACABBCCCDDAADABBDCDADBDAABBCDCDBADBDACDABDBABBDCCCDAAACCDADBACDBCAADBCBDBBDDCCCBCCABC,AABBCDBCBCBDAAACBBCCCDADADABBDCDADBDAABBCDCDABBDADCDABBDABBDCCCDAAACCDADABCDBCAABDBCBDBDCDCCBCACBC,,,4,3262,,,,,L_T1_GTR___standard,,,,,L_T1_GTR03_33000001,,,
27431,105,,,,,,,,,51,35,44,340000000000000000000000000000000007515100000000000000000000000000000000,,00069688,,,,,,,,51,1,0,3,3,69688,,443351535331445433555114414331514131443351513413145143134331555144455141345135,AABBCDCBCBBDAACABBCCCDDAADABBDCDADBDAABBCDCDBADBDACDABDBABBDCCCDAAACCDADBACDBC,AABBCDBCBCBDAAACBBCCCDADADABBDCDADBDAABBCDCDABBDADCDABBDABBDCCCDAAACCDADABCDBC,,,9,69688,,,,,,,,,,,,,,,35,43,433441311553434541344135143513131357531345114115535114434455535514115545,,bb40abb1,,,,,,,,54,0,1,bb40abb1,40,3262,,44335153533144543355511441433151413144335151341314514313433155514445514134513544135313311555355435,AABBCDCBCBBDAACABBCCCDDAADABBDCDADBDAABBCDCDBADBDACDABDBABBDCCCDAAACCDADBACDBCAADBCBDBBDDCCCBCCABC,AABBCDBCBCBDAAACBBCCCDADADABBDCDADBDAABBCDCDABBDADCDABBDABBDCCCDAAACCDADABCDBCAABDBCBDBDCDCCBCACBC,,,4,3262,,,,,L_T1_GTR___standard,,,,,L_T1_GTR03_33000001,,,
27469,106,,,,,,,,,51,35,44,340000000000000000000000000000000007515100000000000000000000000000000000,,00069688,,,,,,,,51,1,0,3,3,69688,,443351535331445433555114414331514131443351513413145143134331555144455141345135,AABBCDCBCBBDAACABBCCCDDAADABBDCDADBDAABBCDCDBADBDACDABDBABBDCCCDAAACCDADBACDBC,AABBCDBCBCBDAAACBBCCCDADADABBDCDADBDAABBCDCDABBDADCDABBDABBDCCCDAAACCDADABCDBC,,,9,69688,,,,,,,,,,,,,,,35,43,433441311553434541344135143513131357531345114110535114434440535514115540,,bb50ab10,,,,,,,,55,0,2,bb50ab10,500,3762,,44335153533144543355511441433151413144335151341314514313433155514445514134513544135313311555355435,AABBCDCBCBBDAACABBCCCDDAADABBDCDADBDAABBCDCDBADBDACDABDBABBDCCCDAAACCDADBACDBCAADBCBDBBDDCCCBCCABC,AABBCDBCBCBDAAACBBCCCDADADABBDCDADBDAABBCDCDABBDADCDABBDABBDCCCDAAACCDADABCDBCAABDBCBDBDCDCCBCACBC,,,4,3762,,,,,L_T1_GTR___standard,,,,,L_T1_GTR03_33000001,,,
27512,107,,,,,,,,,35,44,13,340000000000000000000000000000000007515100000000510000000000000000000000,,00069699,,,,,,,,52,2,0,11,11,69699,,44335153533144543355511441433151413144335151341314514313433155514445514134513544,AABBCDCBCBBDAACABBCCCDDAADABBDCDADBDAABBCDCDBADBDACDABDBABBDCCCDAAACCDADBACDBCAA,AABBCDBCBCBDAAACBBCCCDADADABBDCDADBDAABBCDCDABBDADCDABBDABBDCCCDAAACCDADABCDBCAA,,,9,69699,,,,,,,,,,,,,,,35,43,433441311553434541344135143513131357531345114110535114434440535514115540,,bb50ab10,,,,,,,,55,0,2,bb50ab10,500,3762,,44335153533144543355511441433151413144335151341314514313433155514445514134513544135313311555355435,AABBCDCBCBBDAACABBCCCDDAADABBDCDADBDAABBCDCDBADBDACDABDBABBDCCCDAAACCDADBACDBCAADBCBDBBDDCCCBCCABC,AABBCDBCBCBDAAACBBCCCDADADABBDCDADBDAABBCDCDABBDADCDABBDABBDCCCDAAACCDADABCDBCAABDBCBDBDCDCCBCACBC,,,4,3762,,,,,L_T1_GTR___standard,,,,,L_T1_GTR03_33000001,,,
27549,108,,,,,,,,,35,44,13,340000000000000000000000000000000007515100000000510000000000000000000000,,00069699,,,,,,,,52,2,0,11,11,69699,,44335153533144543355511441433151413144335151341314514313433155514445514134513544,AABBCDCBCBBDAACABBCCCDDAADABBDCDADBDAABBCDCDBADBDACDABDBABBDCCCDAAACCDADBACDBCAA,AABBCDBCBCBDAAACBBCCCDADADABBDCDADBDAABBCDCDABBDADCDABBDABBDCCCDAAACCDADABCDBCAA,,,9,69699,,,,,,,,,,,,,,,35,43,433441311553434541344135143513131357531345111100535114430000535514115500,,bb60ab19,,,,,,,,56,0,3,bb60ab19,1140,4902,,44335153533144543355511441433151413144335151341314514313433155514445514134513544135313311555355435,AABBCDCBCBBDAACABBCCCDDAADABBDCDADBDAABBCDCDBADBDACDABDBABBDCCCDAAACCDADBACDBCAADBCBDBBDDCCCBCCABC,AABBCDBCBCBDAAACBBCCCDADADABBDCDADBDAABBCDCDABBDADCDABBDABBDCCCDAAACCDADABCDBCAABDBCBDBDCDCCBCACBC,,,4,4902,,,,,L_T1_GTR___standard,,,,,L_T1_GTR03_33000001,,,
27564,109,,,,,,,,,44,13,53,340000000000300000000000500000000007515100000000510000000000000000000000,,00069712,,,,,,,,53,3,0,13,13,69712,,4433515353314454335551144143315141314433515134131451431343315551444551413451354413,AABBCDCBCBBDAACABBCCCDDAADABBDCDADBDAABBCDCDBADBDACDABDBABBDCCCDAAACCDADBACDBCAADB,AABBCDBCBCBDAAACBBCCCDADADABBDCDADBDAABBCDCDABBDADCDABBDABBDCCCDAAACCDADABCDBCAABD,,,9,69712,,,,,,,,,,,,,,,35,43,433441311553434541344135143513131357531345111100535114430000535514115500,,bb60ab19,,,,,,,,56,0,3,bb60ab19,1140,4902,,44335153533144543355511441433151413144335151341314514313433155514445514134513544135313311555355435,AABBCDCBCBBDAACABBCCCDDAADABBDCDADBDAABBCDCDBADBDACDABDBABBDCCCDAAACCDADBACDBCAADBCBDBBDDCCCBCCABC,AABBCDBCBCBDAAACBBCCCDADADABBDCDADBDAABBCDCDABBDADCDABBDABBDCCCDAAACCDADABCDBCAABDBCBDBDCDCCBCACBC,,,4,4902,,,,,L_T1_GTR___standard,,,,,L_T1_GTR03_33000001,,,
27630,110,,,,,,,,,13,53,13,344000000000340000000000500000000007515100000000510000000000000000000000,,00069723,,,,,,,,54,4,0,11,11,69723,,443351535331445433555114414331514131443351513413145143134331555144455141345135441353,AABBCDCBCBBDAACABBCCCDDAADABBDCDADBDAABBCDCDBADBDACDABDBABBDCCCDAAACCDADBACDBCAADBCB,AABBCDBCBCBDAAACBBCCCDADADABBDCDADBDAABBCDCDABBDADCDABBDABBDCCCDAAACCDADABCDBCAABDBC,,,9,69723,,,,,,,,,,,,,,,35,43,433441311553434541344135143513131357531345111100535114430000535514115500,,bb60ab19,,,,,,,,56,0,3,bb60ab19,1140,4902,,44335153533144543355511441433151413144335151341314514313433155514445514134513544135313311555355435,AABBCDCBCBBDAACABBCCCDDAADABBDCDADBDAABBCDCDBADBDACDABDBABBDCCCDAAACCDADBACDBCAADBCBDBBDDCCCBCCABC,AABBCDBCBCBDAAACBBCCCDADADABBDCDADBDAABBCDCDABBDADCDABBDABBDCCCDAAACCDADABCDBCAABDBCBDBDCDCCBCACBC,,,4,4902,,,,,L_T1_GTR___standard,,,,,L_T1_GTR03_33000001,,,
27631,111,,,,,,,,,13,53,13,344000000000340000000000500000000007515100000000510000000000000000000000,,00069723,,,,,,,,54,4,0,11,11,69723,,443351535331445433555114414331514131443351513413145143134331555144455141345135441353,AABBCDCBCBBDAACABBCCCDDAADABBDCDADBDAABBCDCDBADBDACDABDBABBDCCCDAAACCDADBACDBCAADBCB,AABBCDBCBCBDAAACBBCCCDADADABBDCDADBDAABBCDCDABBDADCDABBDABBDCCCDAAACCDADABCDBCAABDBC,,,9,69723,,,,,,,,,,,,,,,35,43,433441311553434541344135143513335007531345000000535114430000535514115500,,bb50ab34,,,,,,,,57,0,4,bb50ab34,1700,6602,,44335153533144543355511441433151413144335151341314514313433155514445514134513544135313311555355435,AABBCDCBCBBDAACABBCCCDDAADABBDCDADBDAABBCDCDBADBDACDABDBABBDCCCDAAACCDADBACDBCAADBCBDBBDDCCCBCCABC,AABBCDBCBCBDAAACBBCCCDADADABBDCDADBDAABBCDCDABBDADCDABBDABBDCCCDAAACCDADABCDBCAABDBCBDBDCDCCBCACBC,,,4,6602,,,,,L_T1_GTR___standard,,,,,L_T1_GTR03_33000001,,,
27675,112,,,,,,,,,53,13,31,344000000000340000000000531000000007515100000000510000000000000000000000,,00069734,,,,,,,,55,5,0,11,11,69734,,44335153533144543355511441433151413144335151341314514313433155514445514134513544135313,AABBCDCBCBBDAACABBCCCDDAADABBDCDADBDAABBCDCDBADBDACDABDBABBDCCCDAAACCDADBACDBCAADBCBDB,AABBCDBCBCBDAAACBBCCCDADADABBDCDADBDAABBCDCDABBDADCDABBDABBDCCCDAAACCDADABCDBCAABDBCBD,,,9,69734,,,,,,,,,,,,,,,35,43,433441311553434541344135143513335007531345000000535114430000535514115500,,bb50ab34,,,,,,,,57,0,4,bb50ab34,1700,6602,,44335153533144543355511441433151413144335151341314514313433155514445514134513544135313311555355435,AABBCDCBCBBDAACABBCCCDDAADABBDCDADBDAABBCDCDBADBDACDABDBABBDCCCDAAACCDADBACDBCAADBCBDBBDDCCCBCCABC,AABBCDBCBCBDAAACBBCCCDADADABBDCDADBDAABBCDCDABBDADCDABBDABBDCCCDAAACCDADABCDBCAABDBCBDBDCDCCBCACBC,,,4,6602,,,,,L_T1_GTR___standard,,,,,L_T1_GTR03_33000001,,,
27714,113,,,,,,,,,53,13,31,344000000000340000000000531000000007515100000000510000000000000000000000,,00069734,,,,,,,,55,5,0,11,11,69734,,44335153533144543355511441433151413144335151341314514313433155514445514134513544135313,AABBCDCBCBBDAACABBCCCDDAADABBDCDADBDAABBCDCDBADBDACDABDBABBDCCCDAAACCDADBACDBCAADBCBDB,AABBCDBCBCBDAAACBBCCCDADADABBDCDADBDAABBCDCDABBDADCDABBDABBDCCCDAAACCDADABCDBCAABDBCBD,,,9,69734,,,,,,,,,,,,,,,35,43,433441115534434541441351143515000007531345000000535114430000535514115500,,bb40ab64,,,,,,,,58,0,5,bb40ab64,2560,9162,,44335153533144543355511441433151413144335151341314514313433155514445514134513544135313311555355435,AABBCDCBCBBDAACABBCCCDDAADABBDCDADBDAABBCDCDBADBDACDABDBABBDCCCDAAACCDADBACDBCAADBCBDBBDDCCCBCCABC,AABBCDBCBCBDAAACBBCCCDADADABBDCDADBDAABBCDCDABBDADCDABBDABBDCCCDAAACCDADABCDBCAABDBCBDBDCDCCBCACBC,,,5,9162,,,,,L_T1_GTR___standard,,,,,L_T1_GTR03_33000001,,,
27722,114,,,,,,,,,13,31,15,344000000000343500000000531000000007515100000000510000000000000000000000,,00069744,,,,,,,,56,6,0,10,10,69744,,4433515353314454335551144143315141314433515134131451431343315551444551413451354413531331,AABBCDCBCBBDAACABBCCCDDAADABBDCDADBDAABBCDCDBADBDACDABDBABBDCCCDAAACCDADBACDBCAADBCBDBBD,AABBCDBCBCBDAAACBBCCCDADADABBDCDADBDAABBCDCDABBDADCDABBDABBDCCCDAAACCDADABCDBCAABDBCBDBD,,,9,69744,,,,,L_T1_GTR___standard,,,,,L_T1_GTR03_33000001,,,,,35,43,433441115534434541441351143515000007531345000000535114430000535514115500,,bb40ab64,,,,,,,,58,0,5,bb40ab64,2560,9162,,44335153533144543355511441433151413144335151341314514313433155514445514134513544135313311555355435,AABBCDCBCBBDAACABBCCCDDAADABBDCDADBDAABBCDCDBADBDACDABDBABBDCCCDAAACCDADBACDBCAADBCBDBBDDCCCBCCABC,AABBCDBCBCBDAAACBBCCCDADADABBDCDADBDAABBCDCDABBDADCDABBDABBDCCCDAAACCDADABCDBCAABDBCBDBDCDCCBCACBC,,,5,9162,,,,,L_T1_GTR___standard,,,,,L_T1_GTR03_33000001,,,
27774,115,,,,,,,,,31,15,55,344000000000343500000000531000000007515100000000511300000000000000000000,,00069755,,,,,,,,57,7,0,11,11,69755,,443351535331445433555114414331514131443351513413145143134331555144455141345135441353133115,AABBCDCBCBBDAACABBCCCDDAADABBDCDADBDAABBCDCDBADBDACDABDBABBDCCCDAAACCDADBACDBCAADBCBDBBDDC,AABBCDBCBCBDAAACBBCCCDADADABBDCDADBDAABBCDCDABBDADCDABBDABBDCCCDAAACCDADABCDBCAABDBCBDBDCD,,,9,69755,,,,,L_T1_GTR___standard,,,,,L_T1_GTR03_33000001,,,,,35,43,433441115534434541441351143515000007531345000000535114430000535514115500,,bb40ab64,,,,,,,,58,0,5,bb40ab64,2560,9162,,44335153533144543355511441433151413144335151341314514313433155514445514134513544135313311555355435,AABBCDCBCBBDAACABBCCCDDAADABBDCDADBDAABBCDCDBADBDACDABDBABBDCCCDAAACCDADBACDBCAADBCBDBBDDCCCBCCABC,AABBCDBCBCBDAAACBBCCCDADADABBDCDADBDAABBCDCDABBDADCDABBDABBDCCCDAAACCDADABCDBCAABDBCBDBDCDCCBCACBC,,,5,9162,,,,,L_T1_GTR___standard,,,,,L_T1_GTR03_33000001,,,
27799,116,,,,,,,,,31,15,55,344000000000343500000000531000000007515100000000511300000000000000000000,,00069755,,,,,,,,57,7,0,11,11,69755,,443351535331445433555114414331514131443351513413145143134331555144455141345135441353133115,AABBCDCBCBBDAACABBCCCDDAADABBDCDADBDAABBCDCDBADBDACDABDBABBDCCCDAAACCDADBACDBCAADBCBDBBDDC,AABBCDBCBCBDAAACBBCCCDADADABBDCDADBDAABBCDCDABBDADCDABBDABBDCCCDAAACCDADABCDBCAABDBCBDBDCD,,,9,69755,,,,,L_T1_GTR___standard,,,,,L_T1_GTR03_33000001,,,,,35,43,433445534000434544413510143515000007531345000000535114430000535514115500,,bb50ab98,,,,,,,,59,0,6,bb50ab98,4900,14062,,44335153533144543355511441433151413144335151341314514313433155514445514134513544135313311555355435,AABBCDCBCBBDAACABBCCCDDAADABBDCDADBDAABBCDCDBADBDACDABDBABBDCCCDAAACCDADBACDBCAADBCBDBBDDCCCBCCABC,AABBCDBCBCBDAAACBBCCCDADADABBDCDADBDAABBCDCDABBDADCDABBDABBDCCCDAAACCDADABCDBCAABDBCBDBDCDCCBCACBC,,,6,14062,,,,,L_T1_GTR___standard,,,,,L_T1_GTR03_33000001,,,
27819,117,,,,,,,,,15,55,35,344000000000343500000000531000000007515110000000511330000000000000000000,,00069764,,,,,,,,58,8,0,9,9,69764,,44335153533144543355511441433151413144335151341314514313433155514445514134513544135313311555,AABBCDCBCBBDAACABBCCCDDAADABBDCDADBDAABBCDCDBADBDACDABDBABBDCCCDAAACCDADBACDBCAADBCBDBBDDCCC,AABBCDBCBCBDAAACBBCCCDADADABBDCDADBDAABBCDCDABBDADCDABBDABBDCCCDAAACCDADABCDBCAABDBCBDBDCDCC,,,9,69764,,,,,L_T1_GTR___standard,,,,,L_T1_GTR03_33000001,,,,,35,43,433445534000434544413510143515000007531345000000535114430000535514115500,,bb50ab98,,,,,,,,59,0,6,bb50ab98,4900,14062,,44335153533144543355511441433151413144335151341314514313433155514445514134513544135313311555355435,AABBCDCBCBBDAACABBCCCDDAADABBDCDADBDAABBCDCDBADBDACDABDBABBDCCCDAAACCDADBACDBCAADBCBDBBDDCCCBCCABC,AABBCDBCBCBDAAACBBCCCDADADABBDCDADBDAABBCDCDABBDADCDABBDABBDCCCDAAACCDADABCDBCAABDBCBDBDCDCCBCACBC,,,6,14062,,,,,L_T1_GTR___standard,,,,,L_T1_GTR03_33000001,,,
27861,118,,,,,,,,,55,35,54,344000000000343500000000531510000007515110000000511330000000000000000000,,00069773,,,,,,,,59,9,0,9,9,69773,,4433515353314454335551144143315141314433515134131451431343315551444551413451354413531331155535,AABBCDCBCBBDAACABBCCCDDAADABBDCDADBDAABBCDCDBADBDACDABDBABBDCCCDAAACCDADBACDBCAADBCBDBBDDCCCBC,AABBCDBCBCBDAAACBBCCCDADADABBDCDADBDAABBCDCDABBDADCDABBDABBDCCCDAAACCDADABCDBCAABDBCBDBDCDCCBC,,,9,69773,,,,,L_T1_GTR___standard,,,,,L_T1_GTR03_33000001,,,,,35,43,433445534000434544413510143515000007531345000000535114430000535514115500,,bb50ab98,,,,,,,,59,0,6,bb50ab98,4900,14062,,44335153533144543355511441433151413144335151341314514313433155514445514134513544135313311555355435,AABBCDCBCBBDAACABBCCCDDAADABBDCDADBDAABBCDCDBADBDACDABDBABBDCCCDAAACCDADBACDBCAADBCBDBBDDCCCBCCABC,AABBCDBCBCBDAAACBBCCCDADADABBDCDADBDAABBCDCDABBDADCDABBDABBDCCCDAAACCDADABCDBCAABDBCBDBDCDCCBCACBC,,,6,14062,,,,,L_T1_GTR___standard,,,,,L_T1_GTR03_33000001,,,
27883,119,,,,,,,,,55,35,54,344000000000343500000000531510000007515110000000511330000000000000000000,,00069773,,,,,,,,59,9,0,9,9,69773,,4433515353314454335551144143315141314433515134131451431343315551444551413451354413531331155535,AABBCDCBCBBDAACABBCCCDDAADABBDCDADBDAABBCDCDBADBDACDABDBABBDCCCDAAACCDADBACDBCAADBCBDBBDDCCCBC,AABBCDBCBCBDAAACBBCCCDADADABBDCDADBDAABBCDCDABBDADCDABBDABBDCCCDAAACCDADABCDBCAABDBCBDBDCDCCBC,,,9,69773,,,,,L_T1_GTR___standard,,,,,L_T1_GTR03_33000001,,,,,35,43,433553400000434513510000143515000007531345000000535114430000535514115500,,bb40a128,,,,,,,,60,0,7,bb40a128,5120,19182,,44335153533144543355511441433151413144335151341314514313433155514445514134513544135313311555355435,AABBCDCBCBBDAACABBCCCDDAADABBDCDADBDAABBCDCDBADBDACDABDBABBDCCCDAAACCDADBACDBCAADBCBDBBDDCCCBCCABC,AABBCDBCBCBDAAACBBCCCDADADABBDCDADBDAABBCDCDABBDADCDABBDABBDCCCDAAACCDADABCDBCAABDBCBDBDCDCCBCACBC,,,7,19182,,,,,L_T1_GTR___standard,,,,,L_T1_GTR03_33000001,,,
27900,120,,,,,,,,,35,54,35,344000000000343500000000531515500007515110000000511330000000000000000000,,00069780,,,,,,,,60,10,0,7,7,69780,,443351535331445433555114414331514131443351513413145143134331555144455141345135441353133115553554,AABBCDCBCBBDAACABBCCCDDAADABBDCDADBDAABBCDCDBADBDACDABDBABBDCCCDAAACCDADBACDBCAADBCBDBBDDCCCBCCA,AABBCDBCBCBDAAACBBCCCDADADABBDCDADBDAABBCDCDABBDADCDABBDABBDCCCDAAACCDADABCDBCAABDBCBDBDCDCCBCAC,,,9,69780,,,,,L_T1_GTR___standard,,,,,L_T1_GTR03_33000001,,,,,35,43,433553400000434513510000143515000007531345000000535114430000535514115500,,bb40a128,,,,,,,,60,0,7,bb40a128,5120,19182,,44335153533144543355511441433151413144335151341314514313433155514445514134513544135313311555355435,AABBCDCBCBBDAACABBCCCDDAADABBDCDADBDAABBCDCDBADBDACDABDBABBDCCCDAAACCDADBACDBCAADBCBDBBDDCCCBCCABC,AABBCDBCBCBDAAACBBCCCDADADABBDCDADBDAABBCDCDABBDADCDABBDABBDCCCDAAACCDADABCDBCAABDBCBDBDCDCCBCACBC,,,7,19182,,,,,L_T1_GTR___standard,,,,,L_T1_GTR03_33000001,,,
27944,121,,,,,,,,,54,35,43,344000000000343535000000531515500007515110000000511330000000000000000000,,00069789,,,,,,,,61,11,0,9,9,69789,,44335153533144543355511441433151413144335151341314514313433155514445514134513544135313311555355435,AABBCDCBCBBDAACABBCCCDDAADABBDCDADBDAABBCDCDBADBDACDABDBABBDCCCDAAACCDADBACDBCAADBCBDBBDDCCCBCCABC,AABBCDBCBCBDAAACBBCCCDADADABBDCDADBDAABBCDCDABBDADCDABBDABBDCCCDAAACCDADABCDBCAABDBCBDBDCDCCBCACBC,,,9,69789,,,,,L_T1_GTR___standard,,,,,L_T1_GTR03_33000001,,,,,35,43,433553400000434513510000143515000007531345000000535114430000535514115500,,bb40a128,,,,,,,,60,0,7,bb40a128,5120,19182,,44335153533144543355511441433151413144335151341314514313433155514445514134513544135313311555355435,AABBCDCBCBBDAACABBCCCDDAADABBDCDADBDAABBCDCDBADBDACDABDBABBDCCCDAAACCDADBACDBCAADBCBDBBDDCCCBCCABC,AABBCDBCBCBDAAACBBCCCDADADABBDCDADBDAABBCDCDABBDADCDABBDABBDCCCDAAACCDADABCDBCAABDBCBDBDCDCCBCACBC,,,7,19182,,,,,L_T1_GTR___standard,,,,,L_T1_GTR03_33000001,,,
27964,122,,,,,,,,,54,35,43,344000000000343535000000531515500007515110000000511330000000000000000000,,00069789,,,,,,,,61,11,0,9,9,69789,,44335153533144543355511441433151413144335151341314514313433155514445514134513544135313311555355435,AABBCDCBCBBDAACABBCCCDDAADABBDCDADBDAABBCDCDBADBDACDABDBABBDCCCDAAACCDADBACDBCAADBCBDBBDDCCCBCCABC,AABBCDBCBCBDAAACBBCCCDADADABBDCDADBDAABBCDCDABBDADCDABBDABBDCCCDAAACCDADABCDBCAABDBCBDBDCDCCBCACBC,,,9,69789,,,,,L_T1_GTR___standard,,,,,L_T1_GTR03_33000001,,,,,35,43,433340000000434135100000143150000007531345000000535114430000535514115500,,bb40a160,,,,,,,,61,0,8,bb40a160,6400,25582,,44335153533144543355511441433151413144335151341314514313433155514445514134513544135313311555355435,AABBCDCBCBBDAACABBCCCDDAADABBDCDADBDAABBCDCDBADBDACDABDBABBDCCCDAAACCDADBACDBCAADBCBDBBDDCCCBCCABC,AABBCDBCBCBDAAACBBCCCDADADABBDCDADBDAABBCDCDABBDADCDABBDABBDCCCDAAACCDADABCDBCAABDBCBDBDCDCCBCACBC,,,8,25582,,,,,,,,,,,,,
27992,123,,,,,,,,,35,43,44,344540000000343535000000531515500007515110000000511330000000000000000000,,00069799,,,,,,,,62,12,0,10,10,69799,,4433515353314454335551144143315141314433515134131451431343315551444551413451354413531331155535543543,AABBCDCBCBBDAACABBCCCDDAADABBDCDADBDAABBCDCDBADBDACDABDBABBDCCCDAAACCDADBACDBCAADBCBDBBDDCCCBCCABCAB,AABBCDBCBCBDAAACBBCCCDADADABBDCDADBDAABBCDCDABBDADCDABBDABBDCCCDAAACCDADABCDBCAABDBCBDBDCDCCBCACBCAB,,,9,69799,,,,,L_T1_GTR___standard/L_T1_GTR___zabuton_,,,,,L_T1_GTR03_33000001,,,,,35,43,433340000000434135100000143150000007531345000000535114430000535514115500,,bb40a160,,,,,,,,61,0,8,bb40a160,6400,25582,,44335153533144543355511441433151413144335151341314514313433155514445514134513544135313311555355435,AABBCDCBCBBDAACABBCCCDDAADABBDCDADBDAABBCDCDBADBDACDABDBABBDCCCDAAACCDADBACDBCAADBCBDBBDDCCCBCCABC,AABBCDBCBCBDAAACBBCCCDADADABBDCDADBDAABBCDCDABBDADCDABBDABBDCCCDAAACCDADABCDBCAABDBCBDBDCDCCBCACBC,,,8,25582,,,,,,,,,,,,,
28035,124,,,,,,,,,43,44,51,344543500000343535000000531515500007515110000000511330000000000000000000,,00069807,,,,,,,,63,13,0,8,8,69807,,443351535331445433555114414331514131443351513413145143134331555144455141345135441353133115553554354344,AABBCDCBCBBDAACABBCCCDDAADABBDCDADBDAABBCDCDBADBDACDABDBABBDCCCDAAACCDADBACDBCAADBCBDBBDDCCCBCCABCABAA,AABBCDBCBCBDAAACBBCCCDADADABBDCDADBDAABBCDCDABBDADCDABBDABBDCCCDAAACCDADABCDBCAABDBCBDBDCDCCBCACBCABAA,,,9,69807,,,,,L_T1_GTR___standard/L_T1_GTR___zabuton_,,,,,L_T1_GTR03_33000001,,,,,35,43,433340000000434135100000143150000007531345000000535114430000535514115500,,bb40a160,,,,,,,,61,0,8,bb40a160,6400,25582,,44335153533144543355511441433151413144335151341314514313433155514445514134513544135313311555355435,AABBCDCBCBBDAACABBCCCDDAADABBDCDADBDAABBCDCDBADBDACDABDBABBDCCCDAAACCDADBACDBCAADBCBDBBDDCCCBCCABC,AABBCDBCBCBDAAACBBCCCDADADABBDCDADBDAABBCDCDABBDADCDABBDABBDCCCDAAACCDADABCDBCAABDBCBDBDCDCCBCACBC,,,8,25582,,,,,,,,,,,,,
28050,125,,,,,,,,,43,44,51,344543500000343535000000531515500007515110000000511330000000000000000000,,00069807,,,,,,,,63,13,0,8,8,69807,,443351535331445433555114414331514131443351513413145143134331555144455141345135441353133115553554354344,AABBCDCBCBBDAACABBCCCDDAADABBDCDADBDAABBCDCDBADBDACDABDBABBDCCCDAAACCDADBACDBCAADBCBDBBDDCCCBCCABCABAA,AABBCDBCBCBDAAACBBCCCDADADABBDCDADBDAABBCDCDABBDADCDABBDABBDCCCDAAACCDADABCDBCAABDBCBDBDCDCCBCACBCABAA,,,9,69807,,,,,L_T1_GTR___standard/L_T1_GTR___zabuton_,,,,,L_T1_GTR03_33000001,,,,,35,43,440000000000441351000000143150000007531345000000535114430000535514115500,,bb50a194,,,,,,,,62,0,9,bb50a194,9700,35282,,44335153533144543355511441433151413144335151341314514313433155514445514134513544135313311555355435,AABBCDCBCBBDAACABBCCCDDAADABBDCDADBDAABBCDCDBADBDACDABDBABBDCCCDAAACCDADBACDBCAADBCBDBBDDCCCBCCABC,AABBCDBCBCBDAAACBBCCCDADADABBDCDADBDAABBCDCDABBDADCDABBDABBDCCCDAAACCDADABCDBCAABDBCBDBDCDCCBCACBC,,,9,35282,,,,,,,,,,,,,
28073,126,,,,,,,,,44,51,45,344543500000343535340000531515500007515110000000511330000000000000000000,,00069813,,,,,,,,64,14,0,6,6,69813,,44335153533144543355511441433151413144335151341314514313433155514445514134513544135313311555355435434451,AABBCDCBCBBDAACABBCCCDDAADABBDCDADBDAABBCDCDBADBDACDABDBABBDCCCDAAACCDADBACDBCAADBCBDBBDDCCCBCCABCABAACD,AABBCDBCBCBDAAACBBCCCDADADABBDCDADBDAABBCDCDABBDADCDABBDABBDCCCDAAACCDADABCDBCAABDBCBDBDCDCCBCACBCABAACD,,,9,69813,,,,,L_T1_GTR___standard/L_T1_GTR___zabuton_,,,,,L_T1_GTR03_33000001,,,,,35,43,440000000000441351000000143150000007531345000000535114430000535514115500,,bb50a194,,,,,,,,62,0,9,bb50a194,9700,35282,,44335153533144543355511441433151413144335151341314514313433155514445514134513544135313311555355435,AABBCDCBCBBDAACABBCCCDDAADABBDCDADBDAABBCDCDBADBDACDABDBABBDCCCDAAACCDADBACDBCAADBCBDBBDDCCCBCCABC,AABBCDBCBCBDAAACBBCCCDADADABBDCDADBDAABBCDCDABBDADCDABBDABBDCCCDAAACCDADABCDBCAABDBCBDBDCDCCBCACBC,,,9,35282,,,,,,,,,,,,,
28107,127,,,,,,,,,51,45,44,344543500000343535340000531515544007515110000000511330000000000000000000,,00069818,,,,,,,,65,15,0,5,5,69818,,4433515353314454335551144143315141314433515134131451431343315551444551413451354413531331155535543543445145,AABBCDCBCBBDAACABBCCCDDAADABBDCDADBDAABBCDCDBADBDACDABDBABBDCCCDAAACCDADBACDBCAADBCBDBBDDCCCBCCABCABAACDAC,AABBCDBCBCBDAAACBBCCCDADADABBDCDADBDAABBCDCDABBDADCDABBDABBDCCCDAAACCDADABCDBCAABDBCBDBDCDCCBCACBCABAACDAC,,,9,69818,,,,,L_T1_GTR___standard/L_T1_GTR___zabuton_,,,,,L_T1_GTR03_33000001,,,,,35,43,440000000000441351000000143150000007531345000000535114430000535514115500,,bb50a194,,,,,,,,62,0,9,bb50a194,9700,35282,,44335153533144543355511441433151413144335151341314514313433155514445514134513544135313311555355435,AABBCDCBCBBDAACABBCCCDDAADABBDCDADBDAABBCDCDBADBDACDABDBABBDCCCDAAACCDADBACDBCAADBCBDBBDDCCCBCCABC,AABBCDBCBCBDAAACBBCCCDADADABBDCDADBDAABBCDCDABBDADCDABBDABBDCCCDAAACCDADABCDBCAABDBCBDBDCDCCBCACBC,,,9,35282,,,,,,,,,,,,,
28131,128,,,,,,,,,51,45,44,344543500000343535340000531515544007515110000000511330000000000000000000,,00069818,,,,,,,,65,15,0,5,5,69818,,4433515353314454335551144143315141314433515134131451431343315551444551413451354413531331155535543543445145,AABBCDCBCBBDAACABBCCCDDAADABBDCDADBDAABBCDCDBADBDACDABDBABBDCCCDAAACCDADBACDBCAADBCBDBBDDCCCBCCABCABAACDAC,AABBCDBCBCBDAAACBBCCCDADADABBDCDADBDAABBCDCDABBDADCDABBDABBDCCCDAAACCDADABCDBCAABDBCBDBDCDCCBCACBCABAACDAC,,,9,69818,,,,,L_T1_GTR___standard/L_T1_GTR___zabuton_,,,,,L_T1_GTR03_33000001,,,,,35,43,000000000000135100000000131500000007531345000000535114430000535514115500,,bb50a226,,,,,,,,63,0,10,bb50a226,11300,46582,,44335153533144543355511441433151413144335151341314514313433155514445514134513544135313311555355435,AABBCDCBCBBDAACABBCCCDDAADABBDCDADBDAABBCDCDBADBDACDABDBABBDCCCDAAACCDADBACDBCAADBCBDBBDDCCCBCCABC,AABBCDBCBCBDAAACBBCCCDADADABBDCDADBDAABBCDCDABBDADCDABBDABBDCCCDAAACCDADABCDBCAABDBCBDBDCDCCBCACBC,,,9,46582,,,,,,,,,,,,,
28141,129,,,,,,,,,45,44,51,344543500000343535341500531515544007515110000000511330000000000000000000,,00069822,,,,,,,,66,16,0,4,4,69822,,443351535331445433555114414331514131443351513413145143134331555144455141345135441353133115553554354344514544,AABBCDCBCBBDAACABBCCCDDAADABBDCDADBDAABBCDCDBADBDACDABDBABBDCCCDAAACCDADBACDBCAADBCBDBBDDCCCBCCABCABAACDACAA,AABBCDBCBCBDAAACBBCCCDADADABBDCDADBDAABBCDCDABBDADCDABBDABBDCCCDAAACCDADABCDBCAABDBCBDBDCDCCBCACBCABAACDACAA,,,9,69822,,,,,L_T1_GTR___standard/L_T1_GTR___zabuton_,,,,,L_T1_GTR03_33000001,,,,,35,43,000000000000135100000000131500000007531345000000535114430000535514115500,,bb50a226,,,,,,,,63,0,10,bb50a226,11300,46582,,44335153533144543355511441433151413144335151341314514313433155514445514134513544135313311555355435,AABBCDCBCBBDAACABBCCCDDAADABBDCDADBDAABBCDCDBADBDACDABDBABBDCCCDAAACCDADBACDBCAADBCBDBBDDCCCBCCABC,AABBCDBCBCBDAAACBBCCCDADADABBDCDADBDAABBCDCDABBDADCDABBDABBDCCCDAAACCDADABCDBCAABDBCBDBDCDCCBCACBC,,,9,46582,,,,,,,,,,,,,
28208,130,,,,,,,,,44,51,53,344543500000343535341500531515544507515114000000511330000000000000000000,,00069826,,,,,,,,67,17,0,4,4,69826,,44335153533144543355511441433151413144335151341314514313433155514445514134513544135313311555355435434451454451,AABBCDCBCBBDAACABBCCCDDAADABBDCDADBDAABBCDCDBADBDACDABDBABBDCCCDAAACCDADBACDBCAADBCBDBBDDCCCBCCABCABAACDACAACD,AABBCDBCBCBDAAACBBCCCDADADABBDCDADBDAABBCDCDABBDADCDABBDABBDCCCDAAACCDADABCDBCAABDBCBDBDCDCCBCACBCABAACDACAACD,,,9,69826,,,,,L_T1_GTR___standard/L_T1_GTR___zabuton_,,,,,L_T1_GTR03_33000001,,,,,35,43,000000000000135100000000131500000007531345000000535114430000535514115500,,bb50a226,,,,,,,,63,0,10,bb50a226,11300,46582,,44335153533144543355511441433151413144335151341314514313433155514445514134513544135313311555355435,AABBCDCBCBBDAACABBCCCDDAADABBDCDADBDAABBCDCDBADBDACDABDBABBDCCCDAAACCDADBACDBCAADBCBDBBDDCCCBCCABC,AABBCDBCBCBDAAACBBCCCDADADABBDCDADBDAABBCDCDABBDADCDABBDABBDCCCDAAACCDADABCDBCAABDBCBDBDCDCCBCACBC,,,9,46582,,,,,,,,,,,,,
28211,131,,,,,,,,,44,51,53,344543500000343535341500531515544507515114000000511330000000000000000000,,00069826,,,,,,,,67,17,0,4,4,69826,,44335153533144543355511441433151413144335151341314514313433155514445514134513544135313311555355435434451454451,AABBCDCBCBBDAACABBCCCDDAADABBDCDADBDAABBCDCDBADBDACDABDBABBDCCCDAAACCDADBACDBCAADBCBDBBDDCCCBCCABCABAACDACAACD,AABBCDBCBCBDAAACBBCCCDADADABBDCDADBDAABBCDCDABBDADCDABBDABBDCCCDAAACCDADABCDBCAABDBCBDBDCDCCBCACBCABAACDACAACD,,,9,69826,,,,,L_T1_GTR___standard/L_T1_GTR___zabuton_,,,,,L_T1_GTR03_33000001,,,,,35,43,000000000000151000000000115000000007513450000000551144300000555141155000,,b100a262,,,,,,,,64,0,11,b100a262,26200,72782,,44335153533144543355511441433151413144335151341314514313433155514445514134513544135313311555355435,AABBCDCBCBBDAACABBCCCDDAADABBDCDADBDAABBCDCDBADBDACDABDBABBDCCCDAAACCDADBACDBCAADBCBDBBDDCCCBCCABC,AABBCDBCBCBDAAACBBCCCDADADABBDCDADBDAABBCDCDABBDADCDABBDABBDCCCDAAACCDADABCDBCAABDBCBDBDCDCCBCACBC,,,9,72782,,,,,,,,,,,,,
28250,132,,,,,,,,,51,53,34,344543500000343535341500531515544507515114000000511334400000000000000000,,00069833,,,,,,,,68,18,0,7,7,69833,,4433515353314454335551144143315141314433515134131451431343315551444551413451354413531331155535543543445145445153,AABBCDCBCBBDAACABBCCCDDAADABBDCDADBDAABBCDCDBADBDACDABDBABBDCCCDAAACCDADBACDBCAADBCBDBBDDCCCBCCABCABAACDACAACDCB,AABBCDBCBCBDAAACBBCCCDADADABBDCDADBDAABBCDCDABBDADCDABBDABBDCCCDAAACCDADABCDBCAABDBCBDBDCDCCBCACBCABAACDACAACDBC,,,9,69833,,,,,L_T1_GTR___standard/L_T1_GTR___zabuton_,,,,,L_T1_GTR03_33000001,,,,,35,43,000000000000151000000000115000000007513450000000551144300000555141155000,,b100a262,,,,,,,,64,0,11,b100a262,26200,72782,,44335153533144543355511441433151413144335151341314514313433155514445514134513544135313311555355435,AABBCDCBCBBDAACABBCCCDDAADABBDCDADBDAABBCDCDBADBDACDABDBABBDCCCDAAACCDADBACDBCAADBCBDBBDDCCCBCCABC,AABBCDBCBCBDAAACBBCCCDADADABBDCDADBDAABBCDCDABBDADCDABBDABBDCCCDAAACCDADABCDBCAABDBCBDBDCDCCBCACBC,,,9,72782,,,,,,,,,,,,,
28289,133,,,,,,,,,53,34,51,344543500000343535341500531515544507515114150000511334400000000000000000,,00069839,,,,,,,,69,19,0,6,6,69839,,443351535331445433555114414331514131443351513413145143134331555144455141345135441353133115553554354344514544515334,AABBCDCBCBBDAACABBCCCDDAADABBDCDADBDAABBCDCDBADBDACDABDBABBDCCCDAAACCDADBACDBCAADBCBDBBDDCCCBCCABCABAACDACAACDCBBA,AABBCDBCBCBDAAACBBCCCDADADABBDCDADBDAABBCDCDABBDADCDABBDABBDCCCDAAACCDADABCDBCAABDBCBDBDCDCCBCACBCABAACDACAACDBCAB,,,9,69839,,,,,L_T1_GTR___standard/L_T1_GTR___zabuton_,,,,,L_T1_GTR03_33000001,,,,,35,43,000000000000151000000000115000000007513450000000551144300000555141155000,,b100a262,,,,,,,,64,0,11,b100a262,26200,72782,,44335153533144543355511441433151413144335151341314514313433155514445514134513544135313311555355435,AABBCDCBCBBDAACABBCCCDDAADABBDCDADBDAABBCDCDBADBDACDABDBABBDCCCDAAACCDADBACDBCAADBCBDBBDDCCCBCCABC,AABBCDBCBCBDAAACBBCCCDADADABBDCDADBDAABBCDCDABBDADCDABBDABBDCCCDAAACCDADABCDBCAABDBCBDBDCDCCBCACBC,,,9,72782,,,,,,,,,,,,,
28306,134,,,,,,,,,53,34,51,344543500000343535341500531515544507515114150000511334400000000000000000,,00069839,,,,,,,,69,19,0,6,6,69839,,443351535331445433555114414331514131443351513413145143134331555144455141345135441353133115553554354344514544515334,AABBCDCBCBBDAACABBCCCDDAADABBDCDADBDAABBCDCDBADBDACDABDBABBDCCCDAAACCDADBACDBCAADBCBDBBDDCCCBCCABCABAACDACAACDCBBA,AABBCDBCBCBDAAACBBCCCDADADABBDCDADBDAABBCDCDABBDADCDABBDABBDCCCDAAACCDADABCDBCAABDBCBDBDCDCCBCACBCABAACDACAACDBCAB,,,9,69839,,,,,L_T1_GTR___standard/L_T1_GTR___zabuton_,,,,,L_T1_GTR03_33000001,,,,35,43,44,000000000000510000000000500000000007345000000000114430000000141155000000,,00072783,,,,,,,,65,1,0,1,1,72783,,4433515353314454335551144143315141314433515134131451431343315551444551413451354413531331155535543543,AABBCDCBCBBDAACABBCCCDDAADABBDCDADBDAABBCDCDBADBDACDABDBABBDCCCDAAACCDADBACDBCAADBCBDBBDDCCCBCCABCAB,AABBCDBCBCBDAAACBBCCCDADADABBDCDADBDAABBCDCDABBDADCDABBDABBDCCCDAAACCDADABCDBCAABDBCBDBDCDCCBCACBCAB,,,9,72783,,,,,,,,,,,,,
28376,135,,,,,,,,,53,34,51,344543500000343535341500531515544507515114150000511334400000000000000000,,00069839,,,,,,,,69,19,0,6,6,69839,,443351535331445433555114414331514131443351513413145143134331555144455141345135441353133115553554354344514544515334,AABBCDCBCBBDAACABBCCCDDAADABBDCDADBDAABBCDCDBADBDACDABDBABBDCCCDAAACCDADBACDBCAADBCBDBBDDCCCBCCABCABAACDACAACDCBBA,AABBCDBCBCBDAAACBBCCCDADADABBDCDADBDAABBCDCDABBDADCDABBDABBDCCCDAAACCDADABCDBCAABDBCBDBDCDCCBCACBCABAACDACAACDBCAB,,,9,69839,,,,,L_T1_GTR___standard/L_T1_GTR___zabuton_,,,,,L_T1_GTR03_33000001,,,,43,44,51,000000000000510000000000550000000007345300000000114430000000141155000000,,00072793,,,,,,,,66,2,0,10,10,72793,,443351535331445433555114414331514131443351513413145143134331555144455141345135441353133115553554354344,AABBCDCBCBBDAACABBCCCDDAADABBDCDADBDAABBCDCDBADBDACDABDBABBDCCCDAAACCDADBACDBCAADBCBDBBDDCCCBCCABCABAA,AABBCDBCBCBDAAACBBCCCDADADABBDCDADBDAABBCDCDABBDADCDABBDABBDCCCDAAACCDADABCDBCAABDBCBDBDCDCCBCACBCABAA,,,9,72793,,,,,,,,,,,,,
28391,136,,,,,,,,,,34,51,344543566666343535341556531515544536515114156666511334466666666660000000,,00069842,,,,,lose,,,70,19,0,3,3,69842,,443351535331445433555114414331514131443351513413145143134331555144455141345135441353133115553554354344514544515334,AABBCDCBCBBDAACABBCCCDDAADABBDCDADBDAABBCDCDBADBDACDABDBABBDCCCDAAACCDADBACDBCAADBCBDBBDDCCCBCCABCABAACDACAACDCBBA,AABBCDBCBCBDAAACBBCCCDADADABBDCDADBDAABBCDCDABBDADCDABBDABBDCCCDAAACCDADABCDBCAABDBCBDBDCDCCBCACBCABAACDACAACDBCAB,,,9,69842,,,,,L_T1_GTR___standard/L_T1_GTR___zabuton_,,,,,L_T1_GTR03_33000001,,,,43,44,51,000000000000510000000000550000000007345300000000114430000000141155000000,,00072793,,,,,,,,66,2,0,10,10,72793,,443351535331445433555114414331514131443351513413145143134331555144455141345135441353133115553554354344,AABBCDCBCBBDAACABBCCCDDAADABBDCDADBDAABBCDCDBADBDACDABDBABBDCCCDAAACCDADBACDBCAADBCBDBBDDCCCBCCABCABAA,AABBCDBCBCBDAAACBBCCCDADADABBDCDADBDAABBCDCDABBDADCDABBDABBDCCCDAAACCDADABCDBCAABDBCBDBDCDCCBCACBCABAA,,,9,72793,,,,,,,,,,,,,
28406,136,,,,,,,,,,34,51,344543566666343535341556531515544536515114156666511334466666666660000000,,00069842,,,,,lose,,,70,19,0,3,3,69842,,443351535331445433555114414331514131443351513413145143134331555144455141345135441353133115553554354344514544515334,AABBCDCBCBBDAACABBCCCDDAADABBDCDADBDAABBCDCDBADBDACDABDBABBDCCCDAAACCDADBACDBCAADBCBDBBDDCCCBCCABCABAACDACAACDCBBA,AABBCDBCBCBDAAACBBCCCDADADABBDCDADBDAABBCDCDABBDADCDABBDABBDCCCDAAACCDADABCDBCAABDBCBDBDCDCCBCACBCABAACDACAACDBCAB,,,9,69842,,,,,L_T1_GTR___standard/L_T1_GTR___zabuton_,,,,,L_T1_GTR03_33000001,,,,,44,51,000000000000510000000000550000000007345340000000114433000000141155000000,,00072801,,,,,win,,,67,2,0,8,8,72801,,443351535331445433555114414331514131443351513413145143134331555144455141345135441353133115553554354344,AABBCDCBCBBDAACABBCCCDDAADABBDCDADBDAABBCDCDBADBDACDABDBABBDCCCDAAACCDADBACDBCAADBCBDBBDDCCCBCCABCABAA,AABBCDBCBCBDAAACBBCCCDADADABBDCDADBDAABBCDCDABBDADCDABBDABBDCCCDAAACCDADABCDBCAABDBCBDBDCDCCBCACBCABAA,,,9,72801,,,,,,,,,,,,,
