55069,0,,,,,,,,,,22,12,000000000000000000000000000000000007000000000000000000000000000000000000,000000,00000000,,,,,,,,0,0,0,0,0,0,,22,AA,AA,,,0,0,,,,,,,,,,,,,,,22,12,000000000000000000000000000000000007000000000000000000000000000000000000,000000,00000000,,,,,,,,0,0,0,0,0,0,,22,AA,AA,,,0,0,,,,,,,,,,,,,
55222,2,,,,,,,,,22,12,11,000000000000000000000000000000000007000000000000000000000000000000000000,,00000000,,,,,,,,1,1,0,0,0,0,,2212,AABA,AAAB,,,0,0,,,,,,,,,,,,,,22,12,11,000000000000000000000000000000000007000000000000000000000000000000000000,,00000000,,,,,,,,1,1,0,0,0,0,,2212,AABA,AAAB,,,0,0,,,,,,,,,,,,,
55271,3,,,,,,,,,12,11,12,200000000000200000000000000000000007000000000000000000000000000000000000,,00000013,,,,,,,,2,2,0,13,13,13,,221211,AABABB,AAABBB,,,0,13,,,,,,,,,,,,,,22,12,11,000000000000000000000000000000000007000000000000000000000000000000000000,,00000000,,,,,,,,1,1,0,0,0,0,,2212,AABA,AAAB,,,0,0,,,,,,,,,,,,,
55274,4,,,,,,,,,12,11,12,200000000000200000000000000000000007000000000000000000000000000000000000,,00000013,,,,,,,,2,2,0,13,13,13,,221211,AABABB,AAABBB,,,0,13,,,,,,,,,,,,,,12,11,12,200000000000200000000000000000000007000000000000000000000000000000000000,,00000013,,,,,,,,2,2,0,13,13,13,,221211,AABABB,AAABBB,,,0,13,,,,,,,,,,,,,
55323,6,,,,,,,,,11,12,33,200000000000212000000000000000000007000000000000000000000000000000000000,,00000025,,,,,,,,3,3,0,12,12,25,,22121112,AABABBBA,AAABBBAB,,,0,25,,,,,,,,,,,,,,11,12,33,200000000000212000000000000000000007000000000000000000000000000000000000,,00000025,,,,,,,,3,3,0,12,12,25,,22121112,AABABBBA,AAABBBAB,,,0,25,,,,,,,,,,,,,
55373,8,,,,,,,,,12,33,33,211000000000212000000000000000000007000000000000000000000000000000000000,,00000036,,,,,,,,4,4,0,11,11,36,,2212111233,AABABBBACC,AAABBBABCC,,,0,36,,,,,,,,,,L_T1_GTR03_33000001,,,,12,33,33,211000000000212000000000000000000007000000000000000000000000000000000000,,00000036,,,,,,,,4,4,0,11,11,36,,2212111233,AABABBBACC,AAABBBABCC,,,0,36,,,,,,,,,,L_T1_GTR03_33000001,,,
55412,9,,,,,,,,,,33,33,211100000000212200000000000000000007000000000000000000000000000000000000,,bb40abb1,,,,,,,,5,0,1,bb40abb1,40,76,,2212111233,AABABBBACC,AAABBBABCC,,,1,76,,,,,,,,,,,,,,12,33,33,211000000000212000000000000000000007000000000000000000000000000000000000,,00000036,,,,,,,,4,4,0,11,11,36,,2212111233,AABABBBACC,AAABBBABCC,,,0,36,,,,,,,,,,L_T1_GTR03_33000001,,,
55421,10,,,,,,,,,,33,33,211100000000212200000000000000000007000000000000000000000000000000000000,,bb40abb1,,,,,,,,5,0,1,bb40abb1,40,76,,2212111233,AABABBBACC,AAABBBABCC,,,1,76,,,,,,,,,,,,,,,33,33,211100000000212200000000000000000007000000000000000000000000000000000000,,bb40abb1,,,,,,,,5,0,1,bb40abb1,40,76,,2212111233,AABABBBACC,AAABBBABCC,,,1,76,,,,,,,,,,,,,
55493,11,,,,,,,,,,33,33,200000000000222000000000000000000007000000000000000000000000000000000000,,bb40abb8,,,,,,,,6,0,2,bb40abb8,320,396,,2212111233,AABABBBACC,AAABBBABCC,,,2,396,,,,,,,,,,,,,,,33,33,211100000000212200000000000000000007000000000000000000000000000000000000,,bb40abb1,,,,,,,,5,0,1,bb40abb1,40,76,,2212111233,AABABBBACC,AAABBBABCC,,,1,76,,,,,,,,,,,,,
55500,12,,,,,,,,,,33,33,200000000000222000000000000000000007000000000000000000000000000000000000,,bb40abb8,,,,,,,,6,0,2,bb40abb8,320,396,,2212111233,AABABBBACC,AAABBBABCC,,,2,396,,,,,,,,,,,,,,,33,33,200000000000222000000000000000000007000000000000000000000000000000000000,,bb40abb8,,,,,,,,6,0,2,bb40abb8,320,396,,2212111233,AABABBBACC,AAABBBABCC,,,2,396,,,,,,,,,,,,,
55557,13,,,,,,,,,33,33,41,000000000000000000000000000000000007000000000000000000000000000000000000,,00002506,,,,,,,,7,1,0,2110,2110,2506,,221211123333,AABABBBACCCC,AAABBBABCCCC,,,2,2506,,,,,,,,,,,,,,,33,33,200000000000222000000000000000000007000000000000000000000000000000000000,,bb40abb8,,,,,,,,6,0,2,bb40abb8,320,396,,2212111233,AABABBBACC,AAABBBABCC,,,2,396,,,,,,,,,,,,,
55566,14,,,,,,,,,33,33,41,000000000000000000000000000000000007000000000000000000000000000000000000,,00002506,,,,,,,,7,1,0,2110,2110,2506,,221211123333,AABABBBACCCC,AAABBBABCCCC,,,2,2506,,,,,,,,,,,,,,33,33,41,000000000000000000000000000000000007000000000000000000000000000000000000,,00002506,,,,,,,,7,1,0,2110,2110,2506,,221211123333,AABABBBACCCC,AAABBBABCCCC,,,2,2506,,,,,,,,,,,,,
55605,15,,,,,,,,,33,41,14,000000000000000000000000330000000007000000000000000000000000000000000000,,00002518,,,,,,,,8,2,0,12,12,2518,,22121112333341,AABABBBACCCCDB,AAABBBABCCCCBD,,,2,2518,,,,,,,,,,,,,,33,33,41,000000000000000000000000000000000007000000000000000000000000000000000000,,00002506,,,,,,,,7,1,0,2110,2110,2506,,221211123333,AABABBBACCCC,AAABBBABCCCC,,,2,2506,,,,,,,,,,,,,
55613,16,,,,,,,,,33,41,14,000000000000000000000000330000000007000000000000000000000000000000000000,,00002518,,,,,,,,8,2,0,12,12,2518,,22121112333341,AABABBBACCCCDB,AAABBBABCCCCBD,,,2,2518,,,,,,,,,,,,,,33,41,14,000000000000000000000000330000000007000000000000000000000000000000000000,,00002518,,,,,,,,8,2,0,12,12,2518,,22121112333341,AABABBBACCCCDB,AAABBBABCCCCBD,,,2,2518,,,,,,,,,,,,,
55639,17,,,,,,,,,,41,14,000000000000000000000000333300000007000000000000000000000000000000000000,,bb40abb1,,,,,,,,9,0,1,bb40abb1,40,2558,,22121112333341,AABABBBACCCCDB,AAABBBABCCCCBD,,,2,2558,,,,,,,,,,,,,,33,41,14,000000000000000000000000330000000007000000000000000000000000000000000000,,00002518,,,,,,,,8,2,0,12,12,2518,,22121112333341,AABABBBACCCCDB,AAABBBABCCCCBD,,,2,2518,,,,,,,,,,,,,
55648,18,,,,,,,,,,41,14,000000000000000000000000333300000007000000000000000000000000000000000000,,bb40abb1,,,,,,,,9,0,1,bb40abb1,40,2558,,22121112333341,AABABBBACCCCDB,AAABBBABCCCCBD,,,2,2558,,,,,,,,,,,,,,,41,14,000000000000000000000000333300000007000000000000000000000000000000000000,,bb40abb1,,,,,,,,9,0,1,bb40abb1,40,2558,,22121112333341,AABABBBACCCCDB,AAABBBABCCCCBD,,,2,2558,,,,,,,,,,,,,
55703,19,,,,,,,,,41,14,12,000000000000000000000000000000000007000000000000000000000000000000000000,,00004668,,,,,,,,10,1,0,2110,2110,4668,,2212111233334114,AABABBBACCCCDBBD,AAABBBABCCCCBDBD,,,2,4668,,,,,,,,,,,,,,,41,14,000000000000000000000000333300000007000000000000000000000000000000000000,,bb40abb1,,,,,,,,9,0,1,bb40abb1,40,2558,,22121112333341,AABABBBACCCCDB,AAABBBABCCCCBD,,,2,2558,,,,,,,,,,,,,
55714,20,,,,,,,,,41,14,12,000000000000000000000000000000000007000000000000000000000000000000000000,,00004668,,,,,,,,10,1,0,2110,2110,4668,,2212111233334114,AABABBBACCCCDBBD,AAABBBABCCCCBDBD,,,2,4668,,,,,,,,,,,,,,41,14,12,000000000000000000000000000000000007000000000000000000000000000000000000,,00004668,,,,,,,,10,1,0,2110,2110,4668,,2212111233334114,AABABBBACCCCDBBD,AAABBBABCCCCBDBD,,,2,4668,,,,,,,,,,,,,
55754,21,,,,,,,,,14,12,12,000000000000000000000000000000000007140000000000000000000000000000000000,,00004680,,,,,,,,11,2,0,12,12,4680,,221211123333411412,AABABBBACCCCDBBDBA,AAABBBABCCCCBDBDAB,,,2,4680,,,,,,,,,,,,,,41,14,12,000000000000000000000000000000000007000000000000000000000000000000000000,,00004668,,,,,,,,10,1,0,2110,2110,4668,,2212111233334114,AABABBBACCCCDBBD,AAABBBABCCCCBDBD,,,2,4668,,,,,,,,,,,,,
55765,22,,,,,,,,,14,12,12,000000000000000000000000000000000007140000000000000000000000000000000000,,00004680,,,,,,,,11,2,0,12,12,4680,,221211123333411412,AABABBBACCCCDBBDBA,AAABBBABCCCCBDBDAB,,,2,4680,,,,,,,,,,,,,,14,12,12,000000000000410000000000000000000007000000000000000000000000000000000000,,00004681,,,,,,,,11,2,0,13,13,4681,,221211123333411412,AABABBBACCCCDBBDBA,AAABBBABCCCCBDBDAB,,,2,4681,,,,,,,,,,,,,
55809,23,,,,,,,,,12,12,12,000000000000000000000000000000000007140000000000140000000000000000000000,,00004693,,,,,,,,12,3,0,13,13,4693,,22121112333341141212,AABABBBACCCCDBBDBABA,AAABBBABCCCCBDBDABAB,,,2,4693,,,,,,,,,,,,,,14,12,12,000000000000410000000000000000000007000000000000000000000000000000000000,,00004681,,,,,,,,11,2,0,13,13,4681,,221211123333411412,AABABBBACCCCDBBDBA,AAABBBABCCCCBDBDAB,,,2,4681,,,,,,,,,,,,,
55817,24,,,,,,,,,12,12,12,000000000000000000000000000000000007140000000000140000000000000000000000,,00004693,,,,,,,,12,3,0,13,13,4693,,22121112333341141212,AABABBBACCCCDBBDBABA,AAABBBABCCCCBDBDABAB,,,2,4693,,,,,,,,,,,,,,12,12,12,410000000000410000000000000000000007000000000000000000000000000000000000,,00004693,,,,,,,,12,3,0,12,12,4693,,22121112333341141212,AABABBBACCCCDBBDBABA,AAABBBABCCCCBDBDABAB,,,2,4693,,,,,,,,,,,,,
55857,25,,,,,,,,,12,12,34,000000000000000000000000000000000007141000000000142000000000000000000000,,00004704,,,,,,,,13,4,0,11,11,4704,,2212111233334114121212,AABABBBACCCCDBBDBABABA,AAABBBABCCCCBDBDABABAB,,,2,4704,,,,,,,,,,,,,,12,12,12,410000000000410000000000000000000007000000000000000000000000000000000000,,00004693,,,,,,,,12,3,0,12,12,4693,,22121112333341141212,AABABBBACCCCDBBDBABA,AAABBBABCCCCBDBDABAB,,,2,4693,,,,,,,,,,,,,
55866,26,,,,,,,,,12,12,34,000000000000000000000000000000000007141000000000142000000000000000000000,,00004704,,,,,,,,13,4,0,11,11,4704,,2212111233334114121212,AABABBBACCCCDBBDBABABA,AAABBBABCCCCBDBDABABAB,,,2,4704,,,,,,,,,,,,,,12,12,34,412000000000411000000000000000000007000000000000000000000000000000000000,,00004704,,,,,,,,13,4,0,11,11,4704,,2212111233334114121212,AABABBBACCCCDBBDBABABA,AAABBBABCCCCBDBDABABAB,,,2,4704,,,,,,,,,,,,,
55904,27,,,,,,,,,12,34,32,000000000000000000000000000000000007141100000000142200000000000000000000,,00004714,,,,,,,,14,5,0,10,10,4714,,221211123333411412121234,AABABBBACCCCDBBDBABABACD,AAABBBABCCCCBDBDABABABCD,,,2,4714,,,,,,,,,,,,,,12,12,34,412000000000411000000000000000000007000000000000000000000000000000000000,,00004704,,,,,,,,13,4,0,11,11,4704,,2212111233334114121212,AABABBBACCCCDBBDBABABA,AAABBBABCCCCBDBDABABAB,,,2,4704,,,,,,,,,,,,,
55913,28,,,,,,,,,12,34,32,000000000000000000000000000000000007141100000000142200000000000000000000,,00004714,,,,,,,,14,5,0,10,10,4714,,221211123333411412121234,AABABBBACCCCDBBDBABABACD,AAABBBABCCCCBDBDABABABCD,,,2,4714,,,,,,,,,,,,,,12,34,32,412120000000411000000000000000000007000000000000000000000000000000000000,,00004714,,,,,,,,14,5,0,10,10,4714,,221211123333411412121234,AABABBBACCCCDBBDBABABACD,AAABBBABCCCCBDBDABABABCD,,,2,4714,,,,,,,,,,,,,
55948,29,,,,,,,,,12,34,32,000000000000000000000000000000000007141100000000142200000000000000000000,,00004714,,,,,,,,14,5,0,10,10,4714,,221211123333411412121234,AABABBBACCCCDBBDBABABACD,AAABBBABCCCCBDBDABABABCD,,,2,4714,,,,,,,,,,,,,,,34,32,412120000000411120000000000000000007000000000000000000000000000000000000,,bb50abb2,,,,,,,,15,0,1,bb50abb2,100,4814,,221211123333411412121234,AABABBBACCCCDBBDBABABACD,AAABBBABCCCCBDBDABABABCD,,,2,4814,,,,,,,,,,,,,
55983,30,,,,,,,,,34,32,14,000000000000000000000000000000000007141100000000142220000000100000000000,,00004723,,,,,,,,15,6,0,9,9,4723,,22121112333341141212123432,AABABBBACCCCDBBDBABABACDCA,AAABBBABCCCCBDBDABABABCDAC,,,2,4723,,,,,,,,,,,,,,,34,32,412120000000411120000000000000000007000000000000000000000000000000000000,,bb50abb2,,,,,,,,15,0,1,bb50abb2,100,4814,,221211123333411412121234,AABABBBACCCCDBBDBABABACD,AAABBBABCCCCBDBDABABABCD,,,2,4814,,,,,,,,,,,,,
56036,31,,,,,,,,,32,14,21,000000000000000000000000000000000007141100000000142220000000143000000000,,00004734,,,,,,,,16,7,0,11,11,4734,,2212111233334114121212343214,AABABBBACCCCDBBDBABABACDCABD,AAABBBABCCCCBDBDABABABCDACBD,,,2,4734,,,,,,,,,,,,,,,34,32,412120000000411120000000000000000007000000000000000000000000000000000000,,bb50abb2,,,,,,,,15,0,1,bb50abb2,100,4814,,221211123333411412121234,AABABBBACCCCDBBDBABABACD,AAABBBABCCCCBDBDABABABCD,,,2,4814,,,,,,,,,,,,,
56043,32,,,,,,,,,32,14,21,000000000000000000000000000000000007141100000000142220000000143000000000,,00004734,,,,,,,,16,7,0,11,11,4734,,2212111233334114121212343214,AABABBBACCCCDBBDBABABACDCABD,AAABBBABCCCCBDBDABABABCDACBD,,,2,4734,,,,,,,,,,,,,,34,32,14,422000000000420000000000000000000007000000000000000000000000000000000000,,00004824,,,,,,,,16,1,0,10,10,4824,,22121112333341141212123432,AABABBBACCCCDBBDBABABACDCA,AAABBBABCCCCBDBDABABABCDAC,,,2,4824,,,,,,,,,,,,,
56072,33,,,,,,,,,,14,21,000000000000000000000000000000000007141100000000142220000000143230000000,,bb40abb1,,,,,,,,17,0,1,bb40abb1,40,4774,,2212111233334114121212343214,AABABBBACCCCDBBDBABABACDCABD,AAABBBABCCCCBDBDABABABCDACBD,,,2,4774,,,,,,,,,,,,,,34,32,14,422000000000420000000000000000000007000000000000000000000000000000000000,,00004824,,,,,,,,16,1,0,10,10,4824,,22121112333341141212123432,AABABBBACCCCDBBDBABABACDCA,AAABBBABCCCCBDBDABABABCDAC,,,2,4824,,,,,,,,,,,,,
56090,34,,,,,,,,,,14,21,000000000000000000000000000000000007141100000000142220000000143230000000,,bb40abb1,,,,,,,,17,0,1,bb40abb1,40,4774,,2212111233334114121212343214,AABABBBACCCCDBBDBABABACDCABD,AAABBBABCCCCBDBDABABABCDACBD,,,2,4774,,,,,,,,,,,,,,32,14,21,422000000000424300000000000000000007000000000000000000000000000000000000,,00004834,,,,,,,,17,2,0,10,10,4834,,2212111233334114121212343214,AABABBBACCCCDBBDBABABACDCABD,AAABBBABCCCCBDBDABABABCDACBD,,,2,4834,,,,,,,,,,L_T1_GTR03_33000001,,,
56142,35,,,,,,,,,,14,21,000000000000000000000000000000000007141100000000142220000000143230000000,,bb40abb1,,,,,,,,17,0,1,bb40abb1,40,4774,,2212111233334114121212343214,AABABBBACCCCDBBDBABABACDCABD,AAABBBABCCCCBDBDABABABCDACBD,,,2,4774,,,,,,,,,,,,,,14,21,44,422320000000424300000000000000000007000000000000000000000000000000000000,,00004844,,,,,,,,18,3,0,10,10,4844,,221211123333411412121234321421,AABABBBACCCCDBBDBABABACDCABDAB,AAABBBABCCCCBDBDABABABCDACBDAB,,,2,4844,,,,,,,,,,L_T1_GTR03_33000001,,,
56167,36,,,,,,,,,14,21,44,000000000000000000000000000000000007141100000000140000000000143300000000,,00004783,,,,,,,,18,1,0,9,9,4783,,221211123333411412121234321421,AABABBBACCCCDBBDBABABACDCABDAB,AAABBBABCCCCBDBDABABABCDACBDAB,,,2,4783,,,,,,,,,,,,,,14,21,44,422320000000424300000000000000000007000000000000000000000000000000000000,,00004844,,,,,,,,18,3,0,10,10,4844,,221211123333411412121234321421,AABABBBACCCCDBBDBABABACDCABDAB,AAABBBABCCCCBDBDABABABCDACBDAB,,,2,4844,,,,,,,,,,L_T1_GTR03_33000001,,,
56191,37,,,,,,,,,14,21,44,000000000000000000000000000000000007141100000000140000000000143300000000,,00004783,,,,,,,,18,1,0,9,9,4783,,221211123333411412121234321421,AABABBBACCCCDBBDBABABACDCABDAB,AAABBBABCCCCBDBDABABABCDACBDAB,,,2,4783,,,,,,,,,,,,,,21,44,14,422320000000424300000000140000000007000000000000000000000000000000000000,,00004857,,,,,,,,19,4,0,13,13,4857,,22121112333341141212123432142144,AABABBBACCCCDBBDBABABACDCABDABDD,AAABBBABCCCCBDBDABABABCDACBDABDD,,,2,4857,,,,,L_T1_GTR___standard,,,,,L_T1_GTR03_33000001,,,
56220,38,,,,,,,,,21,44,14,000000000000100000000000400000000007141100000000140000000000143300000000,,00004796,,,,,,,,19,2,0,13,13,4796,,22121112333341141212123432142144,AABABBBACCCCDBBDBABABACDCABDABDD,AAABBBABCCCCBDBDABABABCDACBDABDD,,,2,4796,,,,,,,,,,,,,,21,44,14,422320000000424300000000140000000007000000000000000000000000000000000000,,00004857,,,,,,,,19,4,0,13,13,4857,,22121112333341141212123432142144,AABABBBACCCCDBBDBABABACDCABDABDD,AAABBBABCCCCBDBDABABABCDACBDABDD,,,2,4857,,,,,L_T1_GTR___standard,,,,,L_T1_GTR03_33000001,,,
56243,39,,,,,,,,,21,44,14,000000000000100000000000400000000007141100000000140000000000143300000000,,00004796,,,,,,,,19,2,0,13,13,4796,,22121112333341141212123432142144,AABABBBACCCCDBBDBABABACDCABDABDD,AAABBBABCCCCBDBDABABABCDACBDABDD,,,2,4796,,,,,,,,,,,,,,44,14,33,422320000000424300000000140000000007210000000000000000000000000000000000,,00004870,,,,,,,,20,5,0,13,13,4870,,2212111233334114121212343214214414,AABABBBACCCCDBBDBABABACDCABDABDDBD,AAABBBABCCCCBDBDABABABCDACBDABDDBD,,,2,4870,,,,,L_T1_GTR___standard,,,,,L_T1_GTR03_33000001/L_T1_GTR03_32100001,,,
56273,40,,,,,,,,,44,14,33,120000000000100000000000400000000007141100000000140000000000143300000000,,00004808,,,,,,,,20,3,0,12,12,4808,,2212111233334114121212343214214414,AABABBBACCCCDBBDBABABACDCABDABDDBD,AAABBBABCCCCBDBDABABABCDACBDABDDBD,,,2,4808,,,,,,,,,,,,,,44,14,33,422320000000424300000000140000000007210000000000000000000000000000000000,,00004870,,,,,,,,20,5,0,13,13,4870,,2212111233334114121212343214214414,AABABBBACCCCDBBDBABABACDCABDABDDBD,AAABBBABCCCCBDBDABABABCDACBDABDDBD,,,2,4870,,,,,L_T1_GTR___standard,,,,,L_T1_GTR03_33000001/L_T1_GTR03_32100001,,,
56298,41,,,,,,,,,44,14,33,120000000000100000000000400000000007141100000000140000000000143300000000,,00004808,,,,,,,,20,3,0,12,12,4808,,2212111233334114121212343214214414,AABABBBACCCCDBBDBABABACDCABDABDDBD,AAABBBABCCCCBDBDABABABCDACBDABDDBD,,,2,4808,,,,,,,,,,,,,,14,33,43,422320000000424300000000140000000007210000000000400000000000400000000000,,00004883,,,,,,,,21,6,0,13,13,4883,,221211123333411412121234321421441433,AABABBBACCCCDBBDBABABACDCABDABDDBDCC,AAABBBABCCCCBDBDABABABCDACBDABDDBDCC,,,2,4883,,,,,L_T1_GTR___standard,,,,,L_T1_GTR03_33000001/L_T1_GTR03_32100001,,,
56320,42,,,,,,,,,14,33,43,120000000000100000000000400000000007141100000000140000000000143344000000,,00004817,,,,,,,,21,4,0,9,9,4817,,221211123333411412121234321421441433,AABABBBACCCCDBBDBABABACDCABDABDDBDCC,AAABBBABCCCCBDBDABABABCDACBDABDDBDCC,,,2,4817,,,,,,,,,,,,,,14,33,43,422320000000424300000000140000000007210000000000400000000000400000000000,,00004883,,,,,,,,21,6,0,13,13,4883,,221211123333411412121234321421441433,AABABBBACCCCDBBDBABABACDCABDABDDBDCC,AAABBBABCCCCBDBDABABABCDACBDABDDBDCC,,,2,4883,,,,,L_T1_GTR___standard,,,,,L_T1_GTR03_33000001/L_T1_GTR03_32100001,,,
56349,43,,,,,,,,,14,33,43,120000000000100000000000400000000007141100000000140000000000143344000000,,00004817,,,,,,,,21,4,0,9,9,4817,,221211123333411412121234321421441433,AABABBBACCCCDBBDBABABACDCABDABDDBDCC,AAABBBABCCCCBDBDABABABCDACBDABDDBDCC,,,2,4817,,,,,,,,,,,,,,33,43,24,422320000000424300000000140000000007210000000000410000000000440000000000,,00004895,,,,,,,,22,7,0,12,12,4895,,22121112333341141212123432142144143343,AABABBBACCCCDBBDBABABACDCABDABDDBDCCDC,AAABBBABCCCCBDBDABABABCDACBDABDDBDCCCD,,,2,4895,,,,,L_T1_GTR___standard,,,,,L_T1_GTR03_33000001,,,
56367,44,,,,,,,,,33,43,24,120000000000100000000000414000000007141100000000140000000000143344000000,,00004828,,,,,,,,22,5,0,11,11,4828,,22121112333341141212123432142144143343,AABABBBACCCCDBBDBABABACDCABDABDDBDCCDC,AAABBBABCCCCBDBDABABABCDACBDABDDBDCCCD,,,2,4828,,,,,,,,,,L_T1_GTR03_31110001,,,,33,43,24,422320000000424300000000140000000007210000000000410000000000440000000000,,00004895,,,,,,,,22,7,0,12,12,4895,,22121112333341141212123432142144143343,AABABBBACCCCDBBDBABABACDCABDABDDBDCCDC,AAABBBABCCCCBDBDABABABCDACBDABDDBDCCCD,,,2,4895,,,,,L_T1_GTR___standard,,,,,L_T1_GTR03_33000001,,,
56399,45,,,,,,,,,33,43,24,120000000000100000000000414000000007141100000000140000000000143344000000,,00004828,,,,,,,,22,5,0,11,11,4828,,22121112333341141212123432142144143343,AABABBBACCCCDBBDBABABACDCABDABDDBDCCDC,AAABBBABCCCCBDBDABABABCDACBDABDDBDCCCD,,,2,4828,,,,,,,,,,L_T1_GTR03_31110001,,,,43,24,44,422320000000424300000000140000000007210000000000410000000000443300000000,,00004905,,,,,,,,23,8,0,10,10,4905,,2212111233334114121212343214214414334324,AABABBBACCCCDBBDBABABACDCABDABDDBDCCDCAD,AAABBBABCCCCBDBDABABABCDACBDABDDBDCCCDAD,,,2,4905,,,,,L_T1_GTR___standard,,,,,L_T1_GTR03_33000001,,,
56410,46,,,,,,,,,43,24,44,120000000000100000000000414000000007141133000000140000000000143344000000,,00004836,,,,,,,,23,6,0,8,8,4836,,2212111233334114121212343214214414334324,AABABBBACCCCDBBDBABABACDCABDABDDBDCCDCAD,AAABBBABCCCCBDBDABABABCDACBDABDDBDCCCDAD,,,2,4836,,,,,,,,,,L_T1_GTR03_31110001,,,,43,24,44,422320000000424300000000140000000007210000000000410000000000443300000000,,00004905,,,,,,,,23,8,0,10,10,4905,,2212111233334114121212343214214414334324,AABABBBACCCCDBBDBABABACDCABDABDDBDCCDCAD,AAABBBABCCCCBDBDABABABCDACBDABDDBDCCCDAD,,,2,4905,,,,,L_T1_GTR___standard,,,,,L_T1_GTR03_33000001,,,
56441,47,,,,,,,,,43,24,44,120000000000100000000000414000000007141133000000140000000000143344000000,,00004836,,,,,,,,23,6,0,8,8,4836,,2212111233334114121212343214214414334324,AABABBBACCCCDBBDBABABACDCABDABDDBDCCDCAD,AAABBBABCCCCBDBDABABABCDACBDABDDBDCCCDAD,,,2,4836,,,,,,,,,,L_T1_GTR03_31110001,,,,24,44,43,422323400000424300000000140000000007210000000000410000000000443300000000,,00004912,,,,,,,,24,9,0,7,7,4912,,221211123333411412121234321421441433432444,AABABBBACCCCDBBDBABABACDCABDABDDBDCCDCADDD,AAABBBABCCCCBDBDABABABCDACBDABDDBDCCCDADDD,,,2,4912,,,,,L_T1_GTR___standard,,,,,L_T1_GTR03_33000001,,,
56457,48,,,,,,,,,24,44,43,120000000000100000000000414000000007141133000000143400000000143344000000,,00004846,,,,,,,,24,7,0,10,10,4846,,221211123333411412121234321421441433432444,AABABBBACCCCDBBDBABABACDCABDABDDBDCCDCADDD,AAABBBABCCCCBDBDABABABCDACBDABDDBDCCCDADDD,,,2,4846,,,,,,,,,,L_T1_GTR03_31110001,,,,24,44,43,422323400000424300000000140000000007210000000000410000000000443300000000,,00004912,,,,,,,,24,9,0,7,7,4912,,221211123333411412121234321421441433432444,AABABBBACCCCDBBDBABABACDCABDABDDBDCCDCADDD,AAABBBABCCCCBDBDABABABCDACBDABDDBDCCCDADDD,,,2,4912,,,,,L_T1_GTR___standard,,,,,L_T1_GTR03_33000001,,,
56489,49,,,,,,,,,24,44,43,120000000000100000000000414000000007141133000000143400000000143344000000,,00004846,,,,,,,,24,7,0,10,10,4846,,221211123333411412121234321421441433432444,AABABBBACCCCDBBDBABABACDCABDABDDBDCCDCADDD,AAABBBABCCCCBDBDABABABCDACBDABDDBDCCCDADDD,,,2,4846,,,,,,,,,,L_T1_GTR03_31110001,,,,44,43,24,422323400000424300000000140000000007212000000000414000000000443300000000,,00004923,,,,,,,,25,10,0,11,11,4923,,22121112333341141212123432142144143343244443,AABABBBACCCCDBBDBABABACDCABDABDDBDCCDCADDDDC,AAABBBABCCCCBDBDABABABCDACBDABDDBDCCCDADDDCD,,,2,4923,,,,,L_T1_GTR___standard,,,,,L_T1_GTR03_33000001,,,
56507,50,,,,,,,,,44,43,24,122400000000100000000000414000000007141133000000143400000000143344000000,,00004857,,,,,,,,25,8,0,11,11,4857,,22121112333341141212123432142144143343244443,AABABBBACCCCDBBDBABABACDCABDABDDBDCCDCADDDDC,AAABBBABCCCCBDBDABABABCDACBDABDDBDCCCDADDDCD,,,2,4857,,,,,,,,,,L_T1_GTR03_22110002,,,,44,43,24,422323400000424300000000140000000007212000000000414000000000443300000000,,00004923,,,,,,,,25,10,0,11,11,4923,,22121112333341141212123432142144143343244443,AABABBBACCCCDBBDBABABACDCABDABDDBDCCDCADDDDC,AAABBBABCCCCBDBDABABABCDACBDABDDBDCCCDADDDCD,,,2,4923,,,,,L_T1_GTR___standard,,,,,L_T1_GTR03_33000001,,,
56533,51,,,,,,,,,44,43,24,122400000000100000000000414000000007141133000000143400000000143344000000,,00004857,,,,,,,,25,8,0,11,11,4857,,22121112333341141212123432142144143343244443,AABABBBACCCCDBBDBABABACDCABDABDDBDCCDCADDDDC,AAABBBABCCCCBDBDABABABCDACBDABDDBDCCCDADDDCD,,,2,4857,,,,,,,,,,L_T1_GTR03_22110002,,,,43,24,22,422323400000424300000000140000000007212440000000414000000000443300000000,,00004932,,,,,,,,26,11,0,9,9,4932,,2212111233334114121212343214214414334324444324,AABABBBACCCCDBBDBABABACDCABDABDDBDCCDCADDDDCAD,AAABBBABCCCCBDBDABABABCDACBDABDDBDCCCDADDDCDAD,,,2,4932,,,,,L_T1_GTR___standard,,,,,L_T1_GTR03_33000001,,,
56551,52,,,,,,,,,43,24,22,122444000000100000000000414000000007141133000000143400000000143344000000,,00004865,,,,,,,,26,9,0,8,8,4865,,2212111233334114121212343214214414334324444324,AABABBBACCCCDBBDBABABACDCABDABDDBDCCDCADDDDCAD,AAABBBABCCCCBDBDABABABCDACBDABDDBDCCCDADDDCDAD,,,2,4865,,,,,,,,,,,,,,43,24,22,422323400000424300000000140000000007212440000000414000000000443300000000,,00004932,,,,,,,,26,11,0,9,9,4932,,2212111233334114121212343214214414334324444324,AABABBBACCCCDBBDBABABACDCABDABDDBDCCDCADDDDCAD,AAABBBABCCCCBDBDABABABCDACBDABDDBDCCCDADDDCDAD,,,2,4932,,,,,L_T1_GTR___standard,,,,,L_T1_GTR03_33000001,,,
56574,53,,,,,,,,,43,24,22,122444000000100000000000414000000007141133000000143400000000143344000000,,00004865,,,,,,,,26,9,0,8,8,4865,,2212111233334114121212343214214414334324444324,AABABBBACCCCDBBDBABABACDCABDABDDBDCCDCADDDDCAD,AAABBBABCCCCBDBDABABABCDACBDABDDBDCCCDADDDCDAD,,,2,4865,,,,,,,,,,,,,,24,22,32,422323443000424300000000140000000007212440000000414000000000443300000000,,00004938,,,,,,,,27,12,0,6,6,4938,,221211123333411412121234321421441433432444432422,AABABBBACCCCDBBDBABABACDCABDABDDBDCCDCADDDDCADAA,AAABBBABCCCCBDBDABABABCDACBDABDDBDCCCDADDDCDADAA,,,2,4938,,,,,L_T1_GTR___standard,,,,,L_T1_GTR03_33000001,,,
56595,54,,,,,,,,,24,22,32,122444000000100000000000414000000007141133000000143400000000143344430000,,00004872,,,,,,,,27,10,0,7,7,4872,,221211123333411412121234321421441433432444432422,AABABBBACCCCDBBDBABABACDCABDABDDBDCCDCADDDDCADAA,AAABBBABCCCCBDBDABABABCDACBDABDDBDCCCDADDDCDADAA,,,2,4872,,,,,,,,,,,,,,24,22,32,422323443000424300000000140000000007212440000000414000000000443300000000,,00004938,,,,,,,,27,12,0,6,6,4938,,221211123333411412121234321421441433432444432422,AABABBBACCCCDBBDBABABACDCABDABDDBDCCDCADDDDCADAA,AAABBBABCCCCBDBDABABABCDACBDABDDBDCCCDADDDCDADAA,,,2,4938,,,,,L_T1_GTR___standard,,,,,L_T1_GTR03_33000001,,,
56617,55,,,,,,,,,24,22,32,122444000000100000000000414000000007141133000000143400000000143344430000,,00004872,,,,,,,,27,10,0,7,7,4872,,221211123333411412121234321421441433432444432422,AABABBBACCCCDBBDBABABACDCABDABDDBDCCDCADDDDCADAA,AAABBBABCCCCBDBDABABABCDACBDABDDBDCCCDADDDCDADAA,,,2,4872,,,,,,,,,,,,,,22,32,11,422323443000424324000000140000000007212440000000414000000000443300000000,,00004947,,,,,,,,28,13,0,9,9,4947,,22121112333341141212123432142144143343244443242232,AABABBBACCCCDBBDBABABACDCABDABDDBDCCDCADDDDCADAACA,AAABBBABCCCCBDBDABABABCDACBDABDDBDCCCDADDDCDADAAAC,,,2,4947,,,,,L_T1_GTR___standard,,,,,L_T1_GTR03_33000001,,,
56659,56,,,,,,,,,24,22,32,122444000000100000000000414000000007141133000000143400000000143344430000,,00004872,,,,,,,,27,10,0,7,7,4872,,221211123333411412121234321421441433432444432422,AABABBBACCCCDBBDBABABACDCABDABDDBDCCDCADDDDCADAA,AAABBBABCCCCBDBDABABABCDACBDABDDBDCCCDADDDCDADAA,,,2,4872,,,,,,,,,,,,,,32,11,22,422323443000424324220000140000000007212440000000414000000000443300000000,,00004953,,,,,,,,29,14,0,6,6,4953,,2212111233334114121212343214214414334324444324223211,AABABBBACCCCDBBDBABABACDCABDABDDBDCCDCADDDDCADAACABB,AAABBBABCCCCBDBDABABABCDACBDABDDBDCCCDADDDCDADAAACBB,,,2,4953,,,,,L_T1_GTR___standard,,,,,L_T1_GTR03_33000001,,,
56690,57,,,,,,,,,22,32,11,122444000000100000000000414000000007141133400000143420000000143344430000,,00004876,,,,,,,,28,11,0,4,4,4876,,22121112333341141212123432142144143343244443242232,AABABBBACCCCDBBDBABABACDCABDABDDBDCCDCADDDDCADAACA,AAABBBABCCCCBDBDABABABCDACBDABDDBDCCCDADDDCDADAAAC,,,2,4876,,,,,,,,,,,,,,32,11,22,422323443000424324220000140000000007212440000000414000000000443300000000,,00004953,,,,,,,,29,14,0,6,6,4953,,2212111233334114121212343214214414334324444324223211,AABABBBACCCCDBBDBABABACDCABDABDDBDCCDCADDDDCADAACABB,AAABBBABCCCCBDBDABABABCDACBDABDDBDCCCDADDDCDADAAACBB,,,2,4953,,,,,L_T1_GTR___standard,,,,,L_T1_GTR03_33000001,,,
56695,58,,,,,,,,,22,32,11,122444000000100000000000414000000007141133400000143420000000143344430000,,00004876,,,,,,,,28,11,0,4,4,4876,,22121112333341141212123432142144143343244443242232,AABABBBACCCCDBBDBABABACDCABDABDDBDCCDCADDDDCADAACA,AAABBBABCCCCBDBDABABABCDACBDABDDBDCCCDADDDCDADAAAC,,,2,4876,,,,,,,,,,,,,,11,22,43,422323443320424324220000140000000007212440000000414000000000443300000000,,00004957,,,,,,,,30,15,0,4,4,4957,,221211123333411412121234321421441433432444432422321122,AABABBBACCCCDBBDBABABACDCABDABDDBDCCDCADDDDCADAACABBAA,AAABBBABCCCCBDBDABABABCDACBDABDDBDCCCDADDDCDADAAACBBAA,,,2,4957,,,,,L_T1_GTR___standard,,,,,L_T1_GTR03_33000001,,,
56731,59,,,,,,,,,32,11,22,122444000000100000000000414000000007141133400000143422200000143344430000,,00004883,,,,,,,,29,12,0,7,7,4883,,2212111233334114121212343214214414334324444324223211,AABABBBACCCCDBBDBABABACDCABDABDDBDCCDCADDDDCADAACABB,AAABBBABCCCCBDBDABABABCDACBDABDDBDCCCDADDDCDADAAACBB,,,2,4883,,,,,,,,,,,,,,11,22,43,422323443320424324220000140000000007212440000000414000000000443300000000,,00004957,,,,,,,,30,15,0,4,4,4957,,221211123333411412121234321421441433432444432422321122,AABABBBACCCCDBBDBABABACDCABDABDDBDCCDCADDDDCADAACABBAA,AAABBBABCCCCBDBDABABABCDACBDABDDBDCCCDADDDCDADAAACBBAA,,,2,4957,,,,,L_T1_GTR___standard,,,,,L_T1_GTR03_33000001,,,
56739,60,,,,,,,,,32,11,22,122444000000100000000000414000000007141133400000143422200000143344430000,,00004883,,,,,,,,29,12,0,7,7,4883,,2212111233334114121212343214214414334324444324223211,AABABBBACCCCDBBDBABABACDCABDABDDBDCCDCADDDDCADAACABB,AAABBBABCCCCBDBDABABABCDACBDABDDBDCCCDADDDCDADAAACBB,,,2,4883,,,,,,,,,,,,,,22,43,11,422323443320424324220000141100000007212440000000414000000000443300000000,,00004967,,,,,,,,31,16,0,10,10,4967,,22121112333341141212123432142144143343244443242232112243,AABABBBACCCCDBBDBABABACDCABDABDDBDCCDCADDDDCADAACABBAADC,AAABBBABCCCCBDBDABABABCDACBDABDDBDCCCDADDDCDADAAACBBAACD,,,2,4967,,,,,L_T1_GTR___standard,,,,,L_T1_GTR03_33000001,,,
56769,61,,,,,,,,,11,22,43,122444000000100000000000414000000007141133400000143422200000143344432300,,00004887,,,,,,,,30,13,0,4,4,4887,,221211123333411412121234321421441433432444432422321122,AABABBBACCCCDBBDBABABACDCABDABDDBDCCDCADDDDCADAACABBAA,AAABBBABCCCCBDBDABABABCDACBDABDDBDCCCDADDDCDADAAACBBAA,,,2,4887,,,,,,,,,,,,,,22,43,11,422323443320424324220000141100000007212440000000414000000000443300000000,,00004967,,,,,,,,31,16,0,10,10,4967,,22121112333341141212123432142144143343244443242232112243,AABABBBACCCCDBBDBABABACDCABDABDDBDCCDCADDDDCADAACABBAADC,AAABBBABCCCCBDBDABABABCDACBDABDDBDCCCDADDDCDADAAACBBAACD,,,2,4967,,,,,L_T1_GTR___standard,,,,,L_T1_GTR03_33000001,,,
56799,62,,,,,,,,,11,22,43,122444000000100000000000414000000007141133400000143422200000143344432300,,00004887,,,,,,,,30,13,0,4,4,4887,,221211123333411412121234321421441433432444432422321122,AABABBBACCCCDBBDBABABACDCABDABDDBDCCDCADDDDCADAACABBAA,AAABBBABCCCCBDBDABABABCDACBDABDDBDCCCDADDDCDADAAACBBAA,,,2,4887,,,,,,,,,,,,,,43,11,33,422323443320424324220000141120000007212442000000414000000000443300000000,,00004975,,,,,,,,32,17,0,8,8,4975,,2212111233334114121212343214214414334324444324223211224311,AABABBBACCCCDBBDBABABACDCABDABDDBDCCDCADDDDCADAACABBAADCBB,AAABBBABCCCCBDBDABABABCDACBDABDDBDCCCDADDDCDADAAACBBAACDBB,,,2,4975,,,,,L_T1_GTR___standard,,,,,L_T1_GTR03_33000001,,,
56809,63,,,,,,,,,22,43,11,122444000000100000000000414000000007141133400000143422211000143344432300,,00004892,,,,,,,,31,14,0,5,5,4892,,22121112333341141212123432142144143343244443242232112243,AABABBBACCCCDBBDBABABACDCABDABDDBDCCDCADDDDCADAACABBAADC,AAABBBABCCCCBDBDABABABCDACBDABDDBDCCCDADDDCDADAAACBBAACD,,,2,4892,,,,,,,,,,,,,,43,11,33,422323443320424324220000141120000007212442000000414000000000443300000000,,00004975,,,,,,,,32,17,0,8,8,4975,,2212111233334114121212343214214414334324444324223211224311,AABABBBACCCCDBBDBABABACDCABDABDDBDCCDCADDDDCADAACABBAADCBB,AAABBBABCCCCBDBDABABABCDACBDABDDBDCCCDADDDCDADAAACBBAACDBB,,,2,4975,,,,,L_T1_GTR___standard,,,,,L_T1_GTR03_33000001,,,
56867,64,,,,,,,,,22,43,11,122444000000100000000000414000000007141133400000143422211000143344432300,,00004892,,,,,,,,31,14,0,5,5,4892,,22121112333341141212123432142144143343244443242232112243,AABABBBACCCCDBBDBABABACDCABDABDDBDCCDCADDDDCADAACABBAADC,AAABBBABCCCCBDBDABABABCDACBDABDDBDCCCDADDDCDADAAACBBAACD,,,2,4892,,,,,,,,,,,,,,11,33,13,422323443320424324220000141120000007212442400000414300000000443300000000,,00004982,,,,,,,,33,18,0,7,7,4982,,221211123333411412121234321421441433432444432422321122431133,AABABBBACCCCDBBDBABABACDCABDABDDBDCCDCADDDDCADAACABBAADCBBCC,AAABBBABCCCCBDBDABABABCDACBDABDDBDCCCDADDDCDADAAACBBAACDBBCC,,,2,4982,,,,,L_T1_GTR___standard,,,,,L_T1_GTR03_33000001,,,
56884,65,,,,,,,,,43,11,33,122444200000120000000000414000000007141133400000143422211000143344432300,,00004899,,,,,,,,32,15,0,7,7,4899,,2212111233334114121212343214214414334324444324223211224311,AABABBBACCCCDBBDBABABACDCABDABDDBDCCDCADDDDCADAACABBAADCBB,AAABBBABCCCCBDBDABABABCDACBDABDDBDCCCDADDDCDADAAACBBAACDBB,,,2,4899,,,,,,,,,,,,,,11,33,13,422323443320424324220000141120000007212442400000414300000000443300000000,,00004982,,,,,,,,33,18,0,7,7,4982,,221211123333411412121234321421441433432444432422321122431133,AABABBBACCCCDBBDBABABACDCABDABDDBDCCDCADDDDCADAACABBAADCBBCC,AAABBBABCCCCBDBDABABABCDACBDABDDBDCCCDADDDCDADAAACBBAACDBBCC,,,2,4982,,,,,L_T1_GTR___standard,,,,,L_T1_GTR03_33000001,,,
56913,66,,,,,,,,,43,11,33,122444200000120000000000414000000007141133400000143422211000143344432300,,00004899,,,,,,,,32,15,0,7,7,4899,,2212111233334114121212343214214414334324444324223211224311,AABABBBACCCCDBBDBABABACDCABDABDDBDCCDCADDDDCADAACABBAADCBB,AAABBBABCCCCBDBDABABABCDACBDABDDBDCCCDADDDCDADAAACBBAACDBB,,,2,4899,,,,,,,,,,,,,,33,13,13,422323443320424324220000141120000007212442400000414310000000443310000000,,00004991,,,,,,,,34,19,0,9,9,4991,,22121112333341141212123432142144143343244443242232112243113313,AABABBBACCCCDBBDBABABACDCABDABDDBDCCDCADDDDCADAACABBAADCBBCCBC,AAABBBABCCCCBDBDABABABCDACBDABDDBDCCCDADDDCDADAAACBBAACDBBCCBC,,,2,4991,,,,,L_T1_GTR___standard,,,,,L_T1_GTR03_33000001,,,
56947,67,,,,,,,,,11,33,13,122444200000120000000000414000000007141133440000143422211300143344432300,,00004903,,,,,,,,33,16,0,4,4,4903,,221211123333411412121234321421441433432444432422321122431133,AABABBBACCCCDBBDBABABACDCABDABDDBDCCDCADDDDCADAACABBAADCBBCC,AAABBBABCCCCBDBDABABABCDACBDABDDBDCCCDADDDCDADAAACBBAACDBBCC,,,2,4903,,,,,,,,,,,,,,33,13,13,422323443320424324220000141120000007212442400000414310000000443310000000,,00004991,,,,,,,,34,19,0,9,9,4991,,22121112333341141212123432142144143343244443242232112243113313,AABABBBACCCCDBBDBABABACDCABDABDDBDCCDCADDDDCADAACABBAADCBBCCBC,AAABBBABCCCCBDBDABABABCDACBDABDDBDCCCDADDDCDADAAACBBAACDBBCCBC,,,2,4991,,,,,L_T1_GTR___standard,,,,,L_T1_GTR03_33000001,,,
56958,68,,,,,,,,,11,33,13,122444200000120000000000414000000007141133440000143422211300143344432300,,00004903,,,,,,,,33,16,0,4,4,4903,,221211123333411412121234321421441433432444432422321122431133,AABABBBACCCCDBBDBABABACDCABDABDDBDCCDCADDDDCADAACABBAADCBBCC,AAABBBABCCCCBDBDABABABCDACBDABDDBDCCCDADDDCDADAAACBBAACDBBCC,,,2,4903,,,,,,,,,,,,,,13,13,42,422323443320424324220000141120000007212442400000414310000000443313300000,,00004998,,,,,,,,35,20,0,7,7,4998,,2212111233334114121212343214214414334324444324223211224311331313,AABABBBACCCCDBBDBABABACDCABDABDDBDCCDCADDDDCADAACABBAADCBBCCBCBC,AAABBBABCCCCBDBDABABABCDACBDABDDBDCCCDADDDCDADAAACBBAACDBBCCBCBC,,,2,4998,,,,,L_T1_GTR___standard,,,,,L_T1_GTR03_33000001,,,
56996,69,,,,,,,,,33,13,13,122444200000121100000000414000000007141133440000143422211300143344432300,,00004913,,,,,,,,34,17,0,10,10,4913,,22121112333341141212123432142144143343244443242232112243113313,AABABBBACCCCDBBDBABABACDCABDABDDBDCCDCADDDDCADAACABBAADCBBCCBC,AAABBBABCCCCBDBDABABABCDACBDABDDBDCCCDADDDCDADAAACBBAACDBBCCBC,,,2,4913,,,,,,,,,,,,,,13,13,42,422323443320424324220000141120000007212442400000414310000000443313300000,,00004998,,,,,,,,35,20,0,7,7,4998,,2212111233334114121212343214214414334324444324223211224311331313,AABABBBACCCCDBBDBABABACDCABDABDDBDCCDCADDDDCADAACABBAADCBBCCBCBC,AAABBBABCCCCBDBDABABABCDACBDABDDBDCCCDADDDCDADAAACBBAACDBBCCBCBC,,,2,4998,,,,,L_T1_GTR___standard,,,,,L_T1_GTR03_33000001,,,
57003,70,,,,,,,,,33,13,13,122444200000121100000000414000000007141133440000143422211300143344432300,,00004913,,,,,,,,34,17,0,10,10,4913,,22121112333341141212123432142144143343244443242232112243113313,AABABBBACCCCDBBDBABABACDCABDABDDBDCCDCADDDDCADAACABBAADCBBCCBC,AAABBBABCCCCBDBDABABABCDACBDABDDBDCCCDADDDCDADAAACBBAACDBBCCBC,,,2,4913,,,,,,,,,,,,,,13,42,33,422323443320424324220000141120000007212442400000414311300000443313300000,,00005006,,,,,,,,36,21,0,8,8,5006,,221211123333411412121234321421441433432444432422321122431133131342,AABABBBACCCCDBBDBABABACDCABDABDDBDCCDCADDDDCADAACABBAADCBBCCBCBCDA,AAABBBABCCCCBDBDABABABCDACBDABDDBDCCCDADDDCDADAAACBBAACDBBCCBCBCAD,,,2,5006,,,,,L_T1_GTR___standard,,,,,L_T1_GTR03_33000001,,,
57038,71,,,,,,,,,13,13,42,122444200000121133000000414000000007141133440000143422211300143344432300,,00004921,,,,,,,,35,18,0,8,8,4921,,2212111233334114121212343214214414334324444324223211224311331313,AABABBBACCCCDBBDBABABACDCABDABDDBDCCDCADDDDCADAACABBAADCBBCCBCBC,AAABBBABCCCCBDBDABABABCDACBDABDDBDCCCDADDDCDADAAACBBAACDBBCCBCBC,,,2,4921,,,,,,,,,,,,,,13,42,33,422323443320424324220000141120000007212442400000414311300000443313300000,,00005006,,,,,,,,36,21,0,8,8,5006,,221211123333411412121234321421441433432444432422321122431133131342,AABABBBACCCCDBBDBABABACDCABDABDDBDCCDCADDDDCADAACABBAADCBBCCBCBCDA,AAABBBABCCCCBDBDABABABCDACBDABDDBDCCCDADDDCDADAAACBBAACDBBCCBCBCAD,,,2,5006,,,,,L_T1_GTR___standard,,,,,L_T1_GTR03_33000001,,,
57047,72,,,,,,,,,13,13,42,122444200000121133000000414000000007141133440000143422211300143344432300,,00004921,,,,,,,,35,18,0,8,8,4921,,2212111233334114121212343214214414334324444324223211224311331313,AABABBBACCCCDBBDBABABACDCABDABDDBDCCDCADDDDCADAACABBAADCBBCCBCBC,AAABBBABCCCCBDBDABABABCDACBDABDDBDCCCDADDDCDADAAACBBAACDBBCCBCBC,,,2,4921,,,,,,,,,,,,,,42,33,11,422323443320424324220000141120000007212442430000414311310000443313300000,,00005012,,,,,,,,37,22,0,6,6,5012,,22121112333341141212123432142144143343244443242232112243113313134233,AABABBBACCCCDBBDBABABACDCABDABDDBDCCDCADDDDCADAACABBAADCBBCCBCBCDACC,AAABBBABCCCCBDBDABABABCDACBDABDDBDCCCDADDDCDADAAACBBAACDBBCCBCBCADCC,,,2,5012,,,,,L_T1_GTR___standard,,,,,L_T1_GTR03_33000001,,,
57074,73,,,,,,,,,13,42,33,122444200000121133000000414000000007141133440000143422211310143344432330,,00004924,,,,,,,,36,19,0,3,3,4924,,221211123333411412121234321421441433432444432422321122431133131342,AABABBBACCCCDBBDBABABACDCABDABDDBDCCDCADDDDCADAACABBAADCBBCCBCBCDA,AAABBBABCCCCBDBDABABABCDACBDABDDBDCCCDADDDCDADAAACBBAACDBBCCBCBCAD,,,2,4924,,,,,,,,,,,,,,42,33,11,422323443320424324220000141120000007212442430000414311310000443313300000,,00005012,,,,,,,,37,22,0,6,6,5012,,22121112333341141212123432142144143343244443242232112243113313134233,AABABBBACCCCDBBDBABABACDCABDABDDBDCCDCADDDDCADAACABBAADCBBCCBCBCDACC,AAABBBABCCCCBDBDABABABCDACBDABDDBDCCCDADDDCDADAAACBBAACDBBCCBCBCADCC,,,2,5012,,,,,L_T1_GTR___standard,,,,,L_T1_GTR03_33000001,,,
57088,74,,,,,,,,,13,42,33,122444200000121133000000414000000007141133440000143422211310143344432330,,00004924,,,,,,,,36,19,0,3,3,4924,,221211123333411412121234321421441433432444432422321122431133131342,AABABBBACCCCDBBDBABABACDCABDABDDBDCCDCADDDDCADAACABBAADCBBCCBCBCDA,AAABBBABCCCCBDBDABABABCDACBDABDDBDCCCDADDDCDADAAACBBAACDBBCCBCBCAD,,,2,4924,,,,,,,,,,,,,,33,11,44,422323443320424324220000141124200007212442430000414311310000443313300000,,00005020,,,,,,,,38,23,0,8,8,5020,,2212111233334114121212343214214414334324444324223211224311331313423311,AABABBBACCCCDBBDBABABACDCABDABDDBDCCDCADDDDCADAACABBAADCBBCCBCBCDACCBB,AAABBBABCCCCBDBDABABABCDACBDABDDBDCCCDADDDCDADAAACBBAACDBBCCBCBCADCCBB,,,2,5020,,,,,L_T1_GTR___standard,,,,,L_T1_GTR03_33000001,,,
57116,75,,,,,,,,,42,33,11,122444200000121133000000414310000007141133440000143422211310143344432330,,00004933,,,,,,,,37,20,0,9,9,4933,,22121112333341141212123432142144143343244443242232112243113313134233,AABABBBACCCCDBBDBABABACDCABDABDDBDCCDCADDDDCADAACABBAADCBBCCBCBCDACC,AAABBBABCCCCBDBDABABABCDACBDABDDBDCCCDADDDCDADAAACBBAACDBBCCBCBCADCC,,,2,4933,,,,,,,,,,,,,,33,11,44,422323443320424324220000141124200007212442430000414311310000443313300000,,00005020,,,,,,,,38,23,0,8,8,5020,,2212111233334114121212343214214414334324444324223211224311331313423311,AABABBBACCCCDBBDBABABACDCABDABDDBDCCDCADDDDCADAACABBAADCBBCCBCBCDACCBB,AAABBBABCCCCBDBDABABABCDACBDABDDBDCCCDADDDCDADAAACBBAACDBBCCBCBCADCCBB,,,2,5020,,,,,L_T1_GTR___standard,,,,,L_T1_GTR03_33000001,,,
57123,76,,,,,,,,,42,33,11,122444200000121133000000414310000007141133440000143422211310143344432330,,00004933,,,,,,,,37,20,0,9,9,4933,,22121112333341141212123432142144143343244443242232112243113313134233,AABABBBACCCCDBBDBABABACDCABDABDDBDCCDCADDDDCADAACABBAADCBBCCBCBCDACC,AAABBBABCCCCBDBDABABABCDACBDABDDBDCCCDADDDCDADAAACBBAACDBBCCBCBCADCC,,,2,4933,,,,,,,,,,,,,,11,44,32,422323443320424324220000141124200007212442433300414311310000443313300000,,00005024,,,,,,,,39,24,0,4,4,5024,,221211123333411412121234321421441433432444432422321122431133131342331144,AABABBBACCCCDBBDBABABACDCABDABDDBDCCDCADDDDCADAACABBAADCBBCCBCBCDACCBBDD,AAABBBABCCCCBDBDABABABCDACBDABDDBDCCCDADDDCDADAAACBBAACDBBCCBCBCADCCBBDD,,,2,5024,,,,,L_T1_GTR___standard,,,,,L_T1_GTR03_33000001,,,
57163,77,,,,,,,,,42,33,11,122444200000121133000000414310000007141133440000143422211310143344432330,,00004933,,,,,,,,37,20,0,9,9,4933,,22121112333341141212123432142144143343244443242232112243113313134233,AABABBBACCCCDBBDBABABACDCABDABDDBDCCDCADDDDCADAACABBAADCBBCCBCBCDACC,AAABBBABCCCCBDBDABABABCDACBDABDDBDCCCDADDDCDADAAACBBAACDBBCCBCBCADCC,,,2,4933,,,,,,,,,,,,,,44,32,33,422323443320424324220000141124200007212442433300414311311100443313300000,,00005028,,,,,,,,40,25,0,4,4,5028,,22121112333341141212123432142144143343244443242232112243113313134233114432,AABABBBACCCCDBBDBABABACDCABDABDDBDCCDCADDDDCADAACABBAADCBBCCBCBCDACCBBDDCA,AAABBBABCCCCBDBDABABABCDACBDABDDBDCCCDADDDCDADAAACBBAACDBBCCBCBCADCCBBDDAC,,,2,5028,,,,,L_T1_GTR___standard,,,,,L_T1_GTR03_33000001,,,
57189,78,,,,,,,,,33,11,44,122444240000121133200000414310000007141133440000143422211310143344432330,,00004939,,,,,,,,38,21,0,6,6,4939,,2212111233334114121212343214214414334324444324223211224311331313423311,AABABBBACCCCDBBDBABABACDCABDABDDBDCCDCADDDDCADAACABBAADCBBCCBCBCDACCBB,AAABBBABCCCCBDBDABABABCDACBDABDDBDCCCDADDDCDADAAACBBAACDBBCCBCBCADCCBB,,,2,4939,,,,,,,,,,,,,,44,32,33,422323443320424324220000141124200007212442433300414311311100443313300000,,00005028,,,,,,,,40,25,0,4,4,5028,,22121112333341141212123432142144143343244443242232112243113313134233114432,AABABBBACCCCDBBDBABABACDCABDABDDBDCCDCADDDDCADAACABBAADCBBCCBCBCDACCBBDDCA,AAABBBABCCCCBDBDABABABCDACBDABDDBDCCCDADDDCDADAAACBBAACDBBCCBCBCADCCBBDDAC,,,2,5028,,,,,L_T1_GTR___standard,,,,,L_T1_GTR03_33000001,,,
57201,79,,,,,,,,,33,11,44,122444240000121133200000414310000007141133440000143422211310143344432330,,00004939,,,,,,,,38,21,0,6,6,4939,,2212111233334114121212343214214414334324444324223211224311331313423311,AABABBBACCCCDBBDBABABACDCABDABDDBDCCDCADDDDCADAACABBAADCBBCCBCBCDACCBB,AAABBBABCCCCBDBDABABABCDACBDABDDBDCCCDADDDCDADAAACBBAACDBBCCBCBCADCCBB,,,2,4939,,,,,,,,,,,,,,32,33,44,422323443320424324220000141124244007212442433300414311311100443313300000,,00005034,,,,,,,,41,26,0,6,6,5034,,2212111233334114121212343214214414334324444324223211224311331313423311443233,AABABBBACCCCDBBDBABABACDCABDABDDBDCCDCADDDDCADAACABBAADCBBCCBCBCDACCBBDDCACC,AAABBBABCCCCBDBDABABABCDACBDABDDBDCCCDADDDCDADAAACBBAACDBBCCBCBCADCCBBDDACCC,,,2,5034,,,,,L_T1_GTR___standard,,,,,L_T1_GTR03_33000001,,,
57227,80,,,,,,,,,11,44,32,122444243300121133200000414310000007141133440000143422211310143344432330,,00004943,,,,,,,,39,22,0,4,4,4943,,221211123333411412121234321421441433432444432422321122431133131342331144,AABABBBACCCCDBBDBABABACDCABDABDDBDCCDCADDDDCADAACABBAADCBBCCBCBCDACCBBDD,AAABBBABCCCCBDBDABABABCDACBDABDDBDCCCDADDDCDADAAACBBAACDBBCCBCBCADCCBBDD,,,2,4943,,,,,,,,,,,,,,32,33,44,422323443320424324220000141124244007212442433300414311311100443313300000,,00005034,,,,,,,,41,26,0,6,6,5034,,2212111233334114121212343214214414334324444324223211224311331313423311443233,AABABBBACCCCDBBDBABABACDCABDABDDBDCCDCADDDDCADAACABBAADCBBCCBCBCDACCBBDDCACC,AAABBBABCCCCBDBDABABABCDACBDABDDBDCCCDADDDCDADAAACBBAACDBBCCBCBCADCCBBDDACCC,,,2,5034,,,,,L_T1_GTR___standard,,,,,L_T1_GTR03_33000001,,,
57249,81,,,,,,,,,11,44,32,122444243300121133200000414310000007141133440000143422211310143344432330,,00004943,,,,,,,,39,22,0,4,4,4943,,221211123333411412121234321421441433432444432422321122431133131342331144,AABABBBACCCCDBBDBABABACDCABDABDDBDCCDCADDDDCADAACABBAADCBBCCBCBCDACCBBDD,AAABBBABCCCCBDBDABABABCDACBDABDDBDCCCDADDDCDADAAACBBAACDBBCCBCBCADCCBBDD,,,2,4943,,,,,,,,,,,,,,,33,44,422323443320424324222300141124244007212442433300414311311100443313300000,,bb40abb1,,,,,,,,42,0,1,bb40abb1,40,5074,,2212111233334114121212343214214414334324444324223211224311331313423311443233,AABABBBACCCCDBBDBABABACDCABDABDDBDCCDCADDDDCADAACABBAADCBBCCBCBCDACCBBDDCACC,AAABBBABCCCCBDBDABABABCDACBDABDDBDCCCDADDDCDADAAACBBAACDBBCCBCBCADCCBBDDACCC,,,2,5074,,,,,L_T1_GTR___standard,,,,,L_T1_GTR03_33000001,,,
57263,82,,,,,,,,,44,32,33,122444243300121133200000414310000007141133440000143422211310143344432331,,00004945,,,,,,,,40,23,0,2,2,4945,,22121112333341141212123432142144143343244443242232112243113313134233114432,AABABBBACCCCDBBDBABABACDCABDABDDBDCCDCADDDDCADAACABBAADCBBCCBCBCDACCBBDDCA,AAABBBABCCCCBDBDABABABCDACBDABDDBDCCCDADDDCDADAAACBBAACDBBCCBCBCADCCBBDDAC,,,2,4945,,,,,,,,,,,,,,,33,44,422323443320424324222300141124244007212442433300414311311100443313300000,,bb40abb1,,,,,,,,42,0,1,bb40abb1,40,5074,,2212111233334114121212343214214414334324444324223211224311331313423311443233,AABABBBACCCCDBBDBABABACDCABDABDDBDCCDCADDDDCADAACABBAADCBBCCBCBCDACCBBDDCACC,AAABBBABCCCCBDBDABABABCDACBDABDDBDCCCDADDDCDADAAACBBAACDBBCCBCBCADCCBBDDACCC,,,2,5074,,,,,L_T1_GTR___standard,,,,,L_T1_GTR03_33000001,,,
57303,83,,,,,,,,,32,33,44,122444243300121133200000414310000007141133440000143422211314143344432331,,00004947,,,,,,,,41,24,0,2,2,4947,,2212111233334114121212343214214414334324444324223211224311331313423311443233,AABABBBACCCCDBBDBABABACDCABDABDDBDCCDCADDDDCADAACABBAADCBBCCBCBCDACCBBDDCACC,AAABBBABCCCCBDBDABABABCDACBDABDDBDCCCDADDDCDADAAACBBAACDBBCCBCBCADCCBBDDACCC,,,2,4947,,,,,,,,,,,,,,,33,44,422323443320424324222300141124244007212442433300414311311100443313300000,,bb40abb1,,,,,,,,42,0,1,bb40abb1,40,5074,,2212111233334114121212343214214414334324444324223211224311331313423311443233,AABABBBACCCCDBBDBABABACDCABDABDDBDCCDCADDDDCADAACABBAADCBBCCBCBCDACCBBDDCACC,AAABBBABCCCCBDBDABABABCDACBDABDDBDCCCDADDDCDADAAACBBAACDBBCCBCBCADCCBBDDACCC,,,2,5074,,,,,L_T1_GTR___standard,,,,,L_T1_GTR03_33000001,,,
57332,84,,,,,,,,,32,33,44,122444243300121133200000414310000007141133440000143422211314143344432331,,00004947,,,,,,,,41,24,0,2,2,4947,,2212111233334114121212343214214414334324444324223211224311331313423311443233,AABABBBACCCCDBBDBABABACDCABDABDDBDCCDCADDDDCADAACABBAADCBBCCBCBCDACCBBDDCACC,AAABBBABCCCCBDBDABABABCDACBDABDDBDCCCDADDDCDADAAACBBAACDBBCCBCBCADCCBBDDACCC,,,2,4947,,,,,,,,,,,,,,,33,44,422323443320424324300000141124440007212442433300414311311100443313300000,,bb50ab10,,,,,,,,43,0,2,bb50ab10,500,5574,,2212111233334114121212343214214414334324444324223211224311331313423311443233,AABABBBACCCCDBBDBABABACDCABDABDDBDCCDCADDDDCADAACABBAADCBBCCBCBCDACCBBDDCACC,AAABBBABCCCCBDBDABABABCDACBDABDDBDCCCDADDDCDADAAACBBAACDBBCCBCBCADCCBBDDACCC,,,2,5574,,,,,L_T1_GTR___standard,,,,,L_T1_GTR03_33000001,,,
57375,85,,,,,,,,,33,44,32,122444243330121133220000414310000007141133440000143422211314143344432331,,00004950,,,,,,,,42,25,0,3,3,4950,,221211123333411412121234321421441433432444432422321122431133131342331144323344,AABABBBACCCCDBBDBABABACDCABDABDDBDCCDCADDDDCADAACABBAADCBBCCBCBCDACCBBDDCACCDD,AAABBBABCCCCBDBDABABABCDACBDABDDBDCCCDADDDCDADAAACBBAACDBBCCBCBCADCCBBDDACCCDD,,,2,4950,,,,,,,,,,,,,,,33,44,422323443320424324300000141124440007212442433300414311311100443313300000,,bb50ab10,,,,,,,,43,0,2,bb50ab10,500,5574,,2212111233334114121212343214214414334324444324223211224311331313423311443233,AABABBBACCCCDBBDBABABACDCABDABDDBDCCDCADDDDCADAACABBAADCBBCCBCBCDACCBBDDCACC,AAABBBABCCCCBDBDABABABCDACBDABDDBDCCCDADDDCDADAAACBBAACDBBCCBCBCADCCBBDDACCC,,,2,5574,,,,,L_T1_GTR___standard,,,,,L_T1_GTR03_33000001,,,
57402,86,,,,,,,,,,44,32,122444243330121133220000414310000007141133443300143422211314143344432331,,bb50abb2,,,,,,,,43,0,1,bb50abb2,100,5050,,221211123333411412121234321421441433432444432422321122431133131342331144323344,AABABBBACCCCDBBDBABABACDCABDABDDBDCCDCADDDDCADAACABBAADCBBCCBCBCDACCBBDDCACCDD,AAABBBABCCCCBDBDABABABCDACBDABDDBDCCCDADDDCDADAAACBBAACDBBCCBCBCADCCBBDDACCCDD,,,2,5050,,,,,,,,,,,,,,,33,44,422323443320424324300000141124440007212442433300414311311100443313300000,,bb50ab10,,,,,,,,43,0,2,bb50ab10,500,5574,,2212111233334114121212343214214414334324444324223211224311331313423311443233,AABABBBACCCCDBBDBABABACDCABDABDDBDCCDCADDDDCADAACABBAADCBBCCBCBCDACCBBDDCACC,AAABBBABCCCCBDBDABABABCDACBDABDDBDCCCDADDDCDADAAACBBAACDBBCCBCBCADCCBBDDACCC,,,2,5574,,,,,L_T1_GTR___standard,,,,,L_T1_GTR03_33000001,,,
57413,87,,,,,,,,,,44,32,122444243330121133220000414310000007141133443300143422211314143344432331,,bb50abb2,,,,,,,,43,0,1,bb50abb2,100,5050,,221211123333411412121234321421441433432444432422321122431133131342331144323344,AABABBBACCCCDBBDBABABACDCABDABDDBDCCDCADDDDCADAACABBAADCBBCCBCBCDACCBBDDCACCDD,AAABBBABCCCCBDBDABABABCDACBDABDDBDCCCDADDDCDADAAACBBAACDBBCCBCBCADCCBBDDACCCDD,,,2,5050,,,,,,,,,,,,,,,33,44,422323443320424323000000141120000007212442333000414311311100443313300000,,bb60ab19,,,,,,,,44,0,3,bb60ab19,1140,6714,,2212111233334114121212343214214414334324444324223211224311331313423311443233,AABABBBACCCCDBBDBABABACDCABDABDDBDCCDCADDDDCADAACABBAADCBBCCBCBCDACCBBDDCACC,AAABBBABCCCCBDBDABABABCDACBDABDDBDCCCDADDDCDADAAACBBAACDBBCCBCBCADCCBBDDACCC,,,3,6714,,,,,L_T1_GTR___standard,,,,,L_T1_GTR03_33000001,,,
57484,88,,,,,,,,,,44,32,122444243330121133220000414310000007141133440000143422211144143344432110,,bb50ab10,,,,,,,,44,0,2,bb50ab10,500,5550,,221211123333411412121234321421441433432444432422321122431133131342331144323344,AABABBBACCCCDBBDBABABACDCABDABDDBDCCDCADDDDCADAACABBAADCBBCCBCBCDACCBBDDCACCDD,AAABBBABCCCCBDBDABABABCDACBDABDDBDCCCDADDDCDADAAACBBAACDBBCCBCBCADCCBBDDACCCDD,,,2,5550,,,,,,,,,,,,,,,33,44,422323443320424323000000141120000007212442333000414311311100443313300000,,bb60ab19,,,,,,,,44,0,3,bb60ab19,1140,6714,,2212111233334114121212343214214414334324444324223211224311331313423311443233,AABABBBACCCCDBBDBABABACDCABDABDDBDCCDCADDDDCADAACABBAADCBBCCBCBCDACCBBDDCACC,AAABBBABCCCCBDBDABABABCDACBDABDDBDCCCDADDDCDADAAACBBAACDBBCCBCBCADCCBBDDACCC,,,3,6714,,,,,L_T1_GTR___standard,,,,,L_T1_GTR03_33000001,,,
57492,89,,,,,,,,,,44,32,122444243330121133220000414310000007141133440000143422211144143344432110,,bb50ab10,,,,,,,,44,0,2,bb50ab10,500,5550,,221211123333411412121234321421441433432444432422321122431133131342331144323344,AABABBBACCCCDBBDBABABACDCABDABDDBDCCDCADDDDCADAACABBAADCBBCCBCBCDACCBBDDCACCDD,AAABBBABCCCCBDBDABABABCDACBDABDDBDCCCDADDDCDADAAACBBAACDBBCCBCBCADCCBBDDACCCDD,,,2,5550,,,,,,,,,,,,,,,33,44,422323443320424323000000141120000007212442000000414311111000443310000000,,bb60ab35,,,,,,,,45,0,4,bb60ab35,2100,8814,,2212111233334114121212343214214414334324444324223211224311331313423311443233,AABABBBACCCCDBBDBABABACDCABDABDDBDCCDCADDDDCADAACABBAADCBBCCBCBCDACCBBDDCACC,AAABBBABCCCCBDBDABABABCDACBDABDDBDCCCDADDDCDADAAACBBAACDBBCCBCBCADCCBBDDACCC,,,4,8814,,,,,L_T1_GTR___standard,,,,,L_T1_GTR03_33000001,,,
57557,90,,,,,,,,,,44,32,122444243330121133220000414310000007141133440000143422211144143344432110,,bb50ab10,,,,,,,,44,0,2,bb50ab10,500,5550,,221211123333411412121234321421441433432444432422321122431133131342331144323344,AABABBBACCCCDBBDBABABACDCABDABDDBDCCDCADDDDCADAACABBAADCBBCCBCBCDACCBBDDCACCDD,AAABBBABCCCCBDBDABABABCDACBDABDDBDCCCDADDDCDADAAACBBAACDBBCCBCBCADCCBBDDACCCDD,,,2,5550,,,,,,,,,,,,,,33,44,32,422323443320424323000000141120000007212442000000414300000000443300000000,,00008818,,,,,,,,46,1,0,4,4,8818,,221211123333411412121234321421441433432444432422321122431133131342331144323344,AABABBBACCCCDBBDBABABACDCABDABDDBDCCDCADDDDCADAACABBAADCBBCCBCBCDACCBBDDCACCDD,AAABBBABCCCCBDBDABABABCDACBDABDDBDCCCDADDDCDADAAACBBAACDBBCCBCBCADCCBBDDACCCDD,,,4,8818,,,,,L_T1_GTR___standard,,,,,L_T1_GTR03_33000001,,,
57576,91,,,,,,,,,,44,32,122444243330121133220000414310000007141133440000143422244000143344432000,,bb40ab16,,,,,,,,45,0,3,bb40ab16,640,6190,,221211123333411412121234321421441433432444432422321122431133131342331144323344,AABABBBACCCCDBBDBABABACDCABDABDDBDCCDCADDDDCADAACABBAADCBBCCBCBCDACCBBDDCACCDD,AAABBBABCCCCBDBDABABABCDACBDABDDBDCCCDADDDCDADAAACBBAACDBBCCBCBCADCCBBDDACCCDD,,,3,6190,,,,,,,,,,,,,,33,44,32,422323443320424323000000141120000007212442000000414300000000443300000000,,00008818,,,,,,,,46,1,0,4,4,8818,,221211123333411412121234321421441433432444432422321122431133131342331144323344,AABABBBACCCCDBBDBABABACDCABDABDDBDCCDCADDDDCADAACABBAADCBBCCBCBCDACCBBDDCACCDD,AAABBBABCCCCBDBDABABABCDACBDABDDBDCCCDADDDCDADAAACBBAACDBBCCBCBCADCCBBDDACCCDD,,,4,8818,,,,,L_T1_GTR___standard,,,,,L_T1_GTR03_33000001,,,
57606,92,,,,,,,,,,44,32,122444243330121133220000414310000007141133440000143422244000143344432000,,bb40ab16,,,,,,,,45,0,3,bb40ab16,640,6190,,221211123333411412121234321421441433432444432422321122431133131342331144323344,AABABBBACCCCDBBDBABABACDCABDABDDBDCCDCADDDDCADAACABBAADCBBCCBCBCDACCBBDDCACCDD,AAABBBABCCCCBDBDABABABCDACBDABDDBDCCCDADDDCDADAAACBBAACDBBCCBCBCADCCBBDDACCCDD,,,3,6190,,,,,,,,,,,,,,44,32,42,422323443323424323000000141120000007212442000000414300000000443300000000,,00008820,,,,,,,,47,2,0,2,2,8820,,22121112333341141212123432142144143343244443242232112243113313134233114432334432,AABABBBACCCCDBBDBABABACDCABDABDDBDCCDCADDDDCADAACABBAADCBBCCBCBCDACCBBDDCACCDDCA,AAABBBABCCCCBDBDABABABCDACBDABDDBDCCCDADDDCDADAAACBBAACDBBCCBCBCADCCBBDDACCCDDAC,,,4,8820,,,,,L_T1_GTR___standard,,,,,L_T1_GTR03_33000001,,,
57634,93,,,,,,,,,,44,32,122444243330121133220000414310000007141133440000143422244000143344432000,,bb40ab16,,,,,,,,45,0,3,bb40ab16,640,6190,,221211123333411412121234321421441433432444432422321122431133131342331144323344,AABABBBACCCCDBBDBABABACDCABDABDDBDCCDCADDDDCADAACABBAADCBBCCBCBCDACCBBDDCACCDD,AAABBBABCCCCBDBDABABABCDACBDABDDBDCCCDADDDCDADAAACBBAACDBBCCBCBCADCCBBDDACCCDD,,,3,6190,,,,,,,,,,,,,,,32,42,422323443323424323440000141120000007212442000000414300000000443300000000,,bb40abb1,,,,,,,,48,0,1,bb40abb1,40,8860,,22121112333341141212123432142144143343244443242232112243113313134233114432334432,AABABBBACCCCDBBDBABABACDCABDABDDBDCCDCADDDDCADAACABBAADCBBCCBCBCDACCBBDDCACCDDCA,AAABBBABCCCCBDBDABABABCDACBDABDDBDCCCDADDDCDADAAACBBAACDBBCCBCBCADCCBBDDACCCDDAC,,,4,8860,,,,,L_T1_GTR___standard,,,,,L_T1_GTR03_33000001,,,
57716,94,,,,,,,,,,44,32,122444243330121133220000414310000007141133440000143422244000143344432000,,bb40ab16,,,,,,,,45,0,3,bb40ab16,640,6190,,221211123333411412121234321421441433432444432422321122431133131342331144323344,AABABBBACCCCDBBDBABABACDCABDABDDBDCCDCADDDDCADAACABBAADCBBCCBCBCDACCBBDDCACCDD,AAABBBABCCCCBDBDABABABCDACBDABDDBDCCCDADDDCDADAAACBBAACDBBCCBCBCADCCBBDDACCCDD,,,3,6190,,,,,,,,,,,,,,,32,42,422323332330424323000000141120000007212442000000414300000000443300000000,,bb40abb8,,,,,,,,49,0,2,bb40abb8,320,9180,,22121112333341141212123432142144143343244443242232112243113313134233114432334432,AABABBBACCCCDBBDBABABACDCABDABDDBDCCDCADDDDCADAACABBAADCBBCCBCBCDACCBBDDCACCDDCA,AAABBBABCCCCBDBDABABABCDACBDABDDBDCCCDADDDCDADAAACBBAACDBBCCBCBCADCCBBDDACCCDDAC,,,4,9180,,,,,L_T1_GTR___standard,,,,,L_T1_GTR03_33000001,,,
57719,95,,,,,,,,,44,32,42,122444243336121133226666414316666607141133666660143422266666143344432666,,00006195,,,,,,,,46,1,0,5,5,6195,,22121112333341141212123432142144143343244443242232112243113313134233114432334432,AABABBBACCCCDBBDBABABACDCABDABDDBDCCDCADDDDCADAACABBAADCBBCCBCBCDACCBBDDCACCDDCA,AAABBBABCCCCBDBDABABABCDACBDABDDBDCCCDADDDCDADAAACBBAACDBBCCBCBCADCCBBDDACCCDDAC,,,3,6195,,,,,,,,,,,,,,,32,42,422323332330424323000000141120000007212442000000414300000000443300000000,,bb40abb8,,,,,,,,49,0,2,bb40abb8,320,9180,,22121112333341141212123432142144143343244443242232112243113313134233114432334432,AABABBBACCCCDBBDBABABACDCABDABDDBDCCDCADDDDCADAACABBAADCBBCCBCBCDACCBBDDCACCDDCA,AAABBBABCCCCBDBDABABABCDACBDABDDBDCCCDADDDCDADAAACBBAACDBBCCBCBCADCCBBDDACCCDDAC,,,4,9180,,,,,L_T1_GTR___standard,,,,,L_T1_GTR03_33000001,,,
57800,96,,,,,,,,,44,32,42,122444243336121133226666414316666607141133666660143422266666143344432666,,00006195,,,,,,,,46,1,0,5,5,6195,,22121112333341141212123432142144143343244443242232112243113313134233114432334432,AABABBBACCCCDBBDBABABACDCABDABDDBDCCDCADDDDCADAACABBAADCBBCCBCBCDACCBBDDCACCDDCA,AAABBBABCCCCBDBDABABABCDACBDABDDBDCCCDADDDCDADAAACBBAACDBBCCBCBCADCCBBDDACCCDDAC,,,3,6195,,,,,,,,,,,,,,,32,42,422322330000424320000000141120000007212442000000414300000000443300000000,,bb40ab16,,,,,,,,50,0,3,bb40ab16,640,9820,,22121112333341141212123432142144143343244443242232112243113313134233114432334432,AABABBBACCCCDBBDBABABACDCABDABDDBDCCDCADDDDCADAACABBAADCBBCCBCBCDACCBBDDCACCDDCA,AAABBBABCCCCBDBDABABABCDACBDABDDBDCCCDADDDCDADAAACBBAACDBBCCBCBCADCCBBDDACCCDDAC,,,4,9820,,,,,L_T1_GTR___standard,,,,,L_T1_GTR03_33000001,,,
57882,97,,,,,,,,,44,32,42,122444243336121133226666414316666607141133666660143422266666143344432666,,00006195,,,,,,,,46,1,0,5,5,6195,,22121112333341141212123432142144143343244443242232112243113313134233114432334432,AABABBBACCCCDBBDBABABACDCABDABDDBDCCDCADDDDCADAACABBAADCBBCCBCBCDACCBBDDCACCDDCA,AAABBBABCCCCBDBDABABABCDACBDABDDBDCCCDADDDCDADAAACBBAACDBBCCBCBCADCCBBDDACCCDDAC,,,3,6195,,,,,,,,,,,,,,,32,42,422333000000424300000000141100000007212442000000414300000000443300000000,,bb40ab32,,,,,,,,51,0,4,bb40ab32,1280,11100,,22121112333341141212123432142144143343244443242232112243113313134233114432334432,AABABBBACCCCDBBDBABABACDCABDABDDBDCCDCADDDDCADAACABBAADCBBCCBCBCDACCBBDDCACCDDCA,AAABBBABCCCCBDBDABABABCDACBDABDDBDCCCDADDDCDADAAACBBAACDBBCCBCBCADCCBBDDACCCDDAC,,,4,11100,,,,,L_T1_GTR___standard,,,,,L_T1_GTR03_33000001,,,
57909,98,,,,,,,,,,32,42,122444243336121133226666414316666644141133666666143422266666143344432666,,00006198,,,,,lose,,,47,1,0,3,3,6198,,22121112333341141212123432142144143343244443242232112243113313134233114432334432,AABABBBACCCCDBBDBABABACDCABDABDDBDCCDCADDDDCADAACABBAADCBBCCBCBCDACCBBDDCACCDDCA,AAABBBABCCCCBDBDABABABCDACBDABDDBDCCCDADDDCDADAAACBBAACDBBCCBCBCADCCBBDDACCCDDAC,,,3,6198,,,,,,,,,,,,,,,32,42,422333000000424300000000141100000007212442000000414300000000443300000000,,bb40ab32,,,,,,,,51,0,4,bb40ab32,1280,11100,,22121112333341141212123432142144143343244443242232112243113313134233114432334432,AABABBBACCCCDBBDBABABACDCABDABDDBDCCDCADDDDCADAACABBAADCBBCCBCBCDACCBBDDCACCDDCA,AAABBBABCCCCBDBDABABABCDACBDABDDBDCCCDADDDCDADAAACBBAACDBBCCBCBCADCCBBDDACCCDDAC,,,4,11100,,,,,L_T1_GTR___standard,,,,,L_T1_GTR03_33000001,,,
57934,98,,,,,,,,,,32,42,122444243336121133226666414316666644141133666666143422266666143344432666,,00006198,,,,,lose,,,47,1,0,3,3,6198,,22121112333341141212123432142144143343244443242232112243113313134233114432334432,AABABBBACCCCDBBDBABABACDCABDABDDBDCCDCADDDDCADAACABBAADCBBCCBCBCDACCBBDDCACCDDCA,AAABBBABCCCCBDBDABABABCDACBDABDDBDCCCDADDDCDADAAACBBAACDBBCCBCBCADCCBBDDACCCDDAC,,,3,6198,,,,,,,,,,,,,,,32,42,422000000000424000000000141100000007212442000000414300000000443300000000,,bb40ab32,,,,,win,,,52,0,4,0040a032,1280,12380,,22121112333341141212123432142144143343244443242232112243113313134233114432334432,AABABBBACCCCDBBDBABABACDCABDABDDBDCCDCADDDDCADAACABBAADCBBCCBCBCDACCBBDDCACCDDCA,AAABBBABCCCCBDBDABABABCDACBDABDDBDCCCDADDDCDADAAACBBAACDBBCCBCBCADCCBBDDACCCDDAC,,,4,12380,,,,,L_T1_GTR___standard,,,,,L_T1_GTR03_33000001,,,
