58140,0,,,,,,,,,,21,22,000000000000000000000000000000000007000000000000000000000000000000000000,000000,00000000,,,,,,,,0,0,0,0,0,0,,21,AB,AB,,,0,0,,,,,,,,,,,,,,,21,22,000000000000000000000000000000000007000000000000000000000000000000000000,000000,00000000,,,,,,,,0,0,0,0,0,0,,21,AB,AB,,,0,0,,,,,,,,,,,,,
58290,2,,,,,,,,,21,22,24,000000000000000000000000000000000007000000000000000000000000000000000000,,00000000,,,,,,,,1,1,0,0,0,0,,2122,ABAA,ABAA,,,0,0,,,,,,,,,,,,,,21,22,24,000000000000000000000000000000000007000000000000000000000000000000000000,,00000000,,,,,,,,1,1,0,0,0,0,,2122,ABAA,ABAA,,,0,0,,,,,,,,,,,,,
58338,4,,,,,,,,,22,24,45,000000000000000000000000120000000007000000000000000000000000000000000000,,00000012,,,,,,,,2,2,0,12,12,12,,212224,ABAAAC,ABAAAC,,,0,12,,,,,,,,,,,,,,22,24,45,000000000000000000000000120000000007000000000000000000000000000000000000,,00000012,,,,,,,,2,2,0,12,12,12,,212224,ABAAAC,ABAAAC,,,0,12,,,,,,,,,,,,,
58390,6,,,,,,,,,24,45,22,200000000000200000000000120000000007000000000000000000000000000000000000,,00000025,,,,,,,,3,3,0,13,13,25,,21222445,ABAAACCD,ABAAACCD,,,0,25,,,,,,,,,,,,,,24,45,22,200000000000200000000000120000000007000000000000000000000000000000000000,,00000025,,,,,,,,3,3,0,13,13,25,,21222445,ABAAACCD,ABAAACCD,,,0,25,,,,,,,,,,,,,
58437,8,,,,,,,,,45,22,42,200000000000242000000000120000000007000000000000000000000000000000000000,,00000036,,,,,,,,4,4,0,11,11,36,,2122244522,ABAAACCDAA,ABAAACCDAA,,,0,36,,,,,,,,,,L_T1_GTR03_41100001,,,,45,22,42,200000000000242000000000120000000007000000000000000000000000000000000000,,00000036,,,,,,,,4,4,0,11,11,36,,2122244522,ABAAACCDAA,ABAAACCDAA,,,0,36,,,,,,,,,,L_T1_GTR03_41100001,,,
58491,9,,,,,,,,,22,42,21,245000000000242000000000120000000007000000000000000000000000000000000000,,00000048,,,,,,,,5,5,0,12,12,48,,212224452242,ABAAACCDAACA,ABAAACCDAAAC,,,0,48,,,,,L_T1_GTR___hekomi__,,,,,,,,,45,22,42,200000000000242000000000120000000007000000000000000000000000000000000000,,00000036,,,,,,,,4,4,0,11,11,36,,2122244522,ABAAACCDAA,ABAAACCDAA,,,0,36,,,,,,,,,,L_T1_GTR03_41100001,,,
58509,10,,,,,,,,,22,42,21,245000000000242000000000120000000007000000000000000000000000000000000000,,00000048,,,,,,,,5,5,0,12,12,48,,212224452242,ABAAACCDAACA,ABAAACCDAAAC,,,0,48,,,,,L_T1_GTR___hekomi__,,,,,,,,,22,42,21,240000000000242500000000120000000007000000000000000000000000000000000000,,00000046,,,,,,,,5,5,0,10,10,46,,212224452242,ABAAACCDAACA,ABAAACCDAAAC,,,0,46,,,,,L_T1_GTR___hekomi__,,,,,,,,
58543,11,,,,,,,,,42,21,25,245000000000242000000000120000000007200000000000200000000000000000000000,,00000061,,,,,,,,6,6,0,13,13,61,,21222445224221,ABAAACCDAACAAB,ABAAACCDAAACAB,,,0,61,,,,,L_T1_GTR___hekomi__,,,,,L_T1_GTR03_51000001,,,,22,42,21,240000000000242500000000120000000007000000000000000000000000000000000000,,00000046,,,,,,,,5,5,0,10,10,46,,212224452242,ABAAACCDAACA,ABAAACCDAAAC,,,0,46,,,,,L_T1_GTR___hekomi__,,,,,,,,
58561,12,,,,,,,,,42,21,25,245000000000242000000000120000000007200000000000200000000000000000000000,,00000061,,,,,,,,6,6,0,13,13,61,,21222445224221,ABAAACCDAACAAB,ABAAACCDAAACAB,,,0,61,,,,,L_T1_GTR___hekomi__,,,,,L_T1_GTR03_51000001,,,,42,21,25,240000000000242500000000120000000007200000000000200000000000000000000000,,00000059,,,,,,,,6,6,0,13,13,59,,21222445224221,ABAAACCDAACAAB,ABAAACCDAAACAB,,,0,59,,,,,L_T1_GTR___hekomi__,,,,,L_T1_GTR03_51000001,,,
58597,13,,,,,,,,,21,25,24,245000000000242000000000120000000007200000000000200000000000240000000000,,00000073,,,,,,,,7,7,0,12,12,73,,2122244522422125,ABAAACCDAACAABAD,ABAAACCDAAACABAD,,,0,73,,,,,L_T1_GTR___hekomi__,,,,,,,,,42,21,25,240000000000242500000000120000000007200000000000200000000000000000000000,,00000059,,,,,,,,6,6,0,13,13,59,,21222445224221,ABAAACCDAACAAB,ABAAACCDAAACAB,,,0,59,,,,,L_T1_GTR___hekomi__,,,,,L_T1_GTR03_51000001,,,
58617,14,,,,,,,,,21,25,24,245000000000242000000000120000000007200000000000200000000000240000000000,,00000073,,,,,,,,7,7,0,12,12,73,,2122244522422125,ABAAACCDAACAABAD,ABAAACCDAAACABAD,,,0,73,,,,,L_T1_GTR___hekomi__,,,,,,,,,21,25,24,240000000000242500000000120000000007200000000000200000000000420000000000,,00000072,,,,,,,,7,7,0,13,13,72,,2122244522422125,ABAAACCDAACAABAD,ABAAACCDAAACABAD,,,0,72,,,,,L_T1_GTR___hekomi__,,,,,L_T1_GTR03_51000001,,,
58650,15,,,,,,,,,25,24,44,245000000000242000000000120000000007200000000000212000000000240000000000,,00000084,,,,,,,,8,8,0,11,11,84,,212224452242212524,ABAAACCDAACAABADAC,ABAAACCDAAACABADAC,,,0,84,,,,,L_T1_GTR___hekomi__,,,,,,,,,21,25,24,240000000000242500000000120000000007200000000000200000000000420000000000,,00000072,,,,,,,,7,7,0,13,13,72,,2122244522422125,ABAAACCDAACAABAD,ABAAACCDAAACABAD,,,0,72,,,,,L_T1_GTR___hekomi__,,,,,L_T1_GTR03_51000001,,,
58668,16,,,,,,,,,25,24,44,245000000000242000000000120000000007200000000000212000000000240000000000,,00000084,,,,,,,,8,8,0,11,11,84,,212224452242212524,ABAAACCDAACAABADAC,ABAAACCDAAACABADAC,,,0,84,,,,,L_T1_GTR___hekomi__,,,,,,,,,25,24,44,240000000000242500000000120000000007200000000000212000000000420000000000,,00000083,,,,,,,,8,8,0,11,11,83,,212224452242212524,ABAAACCDAACAABADAC,ABAAACCDAAACABADAC,,,0,83,,,,,L_T1_GTR___hekomi__,,,,,L_T1_GTR03_51000001,,,
58695,17,,,,,,,,,24,44,45,245520000000242000000000120000000007200000000000212000000000240000000000,,00000093,,,,,,,,9,9,0,9,9,93,,21222445224221252444,ABAAACCDAACAABADACCC,ABAAACCDAAACABADACCC,,,0,93,,,,,L_T1_GTR___hekomi__,,,,,,,,,25,24,44,240000000000242500000000120000000007200000000000212000000000420000000000,,00000083,,,,,,,,8,8,0,11,11,83,,212224452242212524,ABAAACCDAACAABADAC,ABAAACCDAAACABADAC,,,0,83,,,,,L_T1_GTR___hekomi__,,,,,L_T1_GTR03_51000001,,,
58715,18,,,,,,,,,24,44,45,245520000000242000000000120000000007200000000000212000000000240000000000,,00000093,,,,,,,,9,9,0,9,9,93,,21222445224221252444,ABAAACCDAACAABADACCC,ABAAACCDAAACABADACCC,,,0,93,,,,,L_T1_GTR___hekomi__,,,,,,,,,24,44,45,245200000000242500000000120000000007200000000000212000000000420000000000,,00000093,,,,,,,,9,9,0,10,10,93,,21222445224221252444,ABAAACCDAACAABADACCC,ABAAACCDAAACABADACCC,,,0,93,,,,,L_T1_GTR___hekomi__,,,,,L_T1_GTR03_51000001,,,
58739,19,,,,,,,,,44,45,24,245520000000242420000000120000000007200000000000212000000000240000000000,,00000102,,,,,,,,10,10,0,9,9,102,,2122244522422125244445,ABAAACCDAACAABADACCCCD,ABAAACCDAAACABADACCCCD,,,0,102,,,,,L_T1_GTR___hekomi__,,,,,,,,,24,44,45,245200000000242500000000120000000007200000000000212000000000420000000000,,00000093,,,,,,,,9,9,0,10,10,93,,21222445224221252444,ABAAACCDAACAABADACCC,ABAAACCDAAACABADACCC,,,0,93,,,,,L_T1_GTR___hekomi__,,,,,L_T1_GTR03_51000001,,,
58768,20,,,,,,,,,44,45,24,245520000000242420000000120000000007200000000000212000000000240000000000,,00000102,,,,,,,,10,10,0,9,9,102,,2122244522422125244445,ABAAACCDAACAABADACCCCD,ABAAACCDAAACABADACCCCD,,,0,102,,,,,L_T1_GTR___hekomi__,,,,,,,,,44,45,24,245200000000242500000000120000000007200000000000212000000000422400000000,,00000104,,,,,,,,10,10,0,11,11,104,,2122244522422125244445,ABAAACCDAACAABADACCCCD,ABAAACCDAAACABADACCCCD,,,0,104,,,,,L_T1_GTR___hekomi__,,,,,L_T1_GTR03_51000001,,,
58782,21,,,,,,,,,45,24,41,245524000000242424000000120000000007200000000000212000000000240000000000,,00000110,,,,,,,,11,11,0,8,8,110,,212224452242212524444524,ABAAACCDAACAABADACCCCDAC,ABAAACCDAAACABADACCCCDAC,,,0,110,,,,,L_T1_GTR___hekomi__,,,,,,,,,44,45,24,245200000000242500000000120000000007200000000000212000000000422400000000,,00000104,,,,,,,,10,10,0,11,11,104,,2122244522422125244445,ABAAACCDAACAABADACCCCD,ABAAACCDAAACABADACCCCD,,,0,104,,,,,L_T1_GTR___hekomi__,,,,,L_T1_GTR03_51000001,,,
58833,23,,,,,,,,,24,41,51,245524000000242424000000120000000007200000000000212000000000244500000000,,00000121,,,,,,,,12,12,0,11,11,121,,21222445224221252444452441,ABAAACCDAACAABADACCCCDACCB,ABAAACCDAAACABADACCCCDACBC,,,0,121,,,,,L_T1_GTR___hekomi__,,,,,R_T1_GTR03_22110002,,,,45,24,41,245200000000242500000000120000000007200000000000212400000000422440000000,,00000113,,,,,,,,11,11,0,9,9,113,,212224452242212524444524,ABAAACCDAACAABADACCCCDAC,ABAAACCDAAACABADACCCCDAC,,,0,113,,,,,L_T1_GTR___hekomi__,,,,,L_T1_GTR03_51000001,,,
58873,24,,,,,,,,,41,51,55,245524400000242424200000120000000007200000000000212000000000244500000000,,00000128,,,,,,,,13,13,0,7,7,128,,2122244522422125244445244151,ABAAACCDAACAABADACCCCDACCBDB,ABAAACCDAAACABADACCCCDACBCBD,,,0,128,,,,,L_T1_GTR___hekomi__,,,,,R_T1_GTR03_22110002,,,,45,24,41,245200000000242500000000120000000007200000000000212400000000422440000000,,00000113,,,,,,,,11,11,0,9,9,113,,212224452242212524444524,ABAAACCDAACAABADACCCCDAC,ABAAACCDAAACABADACCCCDAC,,,0,113,,,,,L_T1_GTR___hekomi__,,,,,L_T1_GTR03_51000001,,,
58875,25,,,,,,,,,41,51,55,245524400000242424200000120000000007200000000000212000000000244500000000,,00000128,,,,,,,,13,13,0,7,7,128,,2122244522422125244445244151,ABAAACCDAACAABADACCCCDACCBDB,ABAAACCDAAACABADACCCCDACBCBD,,,0,128,,,,,L_T1_GTR___hekomi__,,,,,R_T1_GTR03_22110002,,,,24,41,51,245200000000242554000000120000000007200000000000212400000000422440000000,,00000121,,,,,,,,12,12,0,8,8,121,,21222445224221252444452441,ABAAACCDAACAABADACCCCDACCB,ABAAACCDAAACABADACCCCDACBC,,,0,121,,,,,L_T1_GTR___hekomi__,,,,,L_T1_GTR03_51000001,,,
58922,27,,,,,,,,,51,55,51,245524400000242424200000120000000007214000000000212000000000244500000000,,00000139,,,,,,,,14,14,0,11,11,139,,212224452242212524444524415155,ABAAACCDAACAABADACCCCDACCBDBDD,ABAAACCDAAACABADACCCCDACBCBDDD,,,0,139,,,,,L_T1_GTR___hekomi__,,,,,R_T1_GTR03_22110002,,,,41,51,55,245224000000242554000000120000000007200000000000212400000000422440000000,,00000130,,,,,,,,13,13,0,9,9,130,,2122244522422125244445244151,ABAAACCDAACAABADACCCCDACCBDB,ABAAACCDAAACABADACCCCDACBCBD,,,0,130,,,,,L_T1_GTR___hekomi__,,,,,L_T1_GTR03_51000001,,,
58969,28,,,,,,,,,51,55,51,245524400000242424200000120000000007214000000000212000000000244500000000,,00000139,,,,,,,,14,14,0,11,11,139,,212224452242212524444524415155,ABAAACCDAACAABADACCCCDACCBDBDD,ABAAACCDAAACABADACCCCDACBCBDDD,,,0,139,,,,,L_T1_GTR___hekomi__,,,,,R_T1_GTR03_22110002,,,,51,55,51,245224000000242554000000120000000007214000000000212400000000422440000000,,00000141,,,,,,,,14,14,0,11,11,141,,212224452242212524444524415155,ABAAACCDAACAABADACCCCDACCBDBDD,ABAAACCDAAACABADACCCCDACBCBDDD,,,0,141,,,,,L_T1_GTR___hekomi__,,,,,L_T1_GTR03_51000001,,,
58987,29,,,,,,,,,55,51,52,245524400000242424200000121000000007214500000000212000000000244500000000,,00000149,,,,,,,,15,15,0,10,10,149,,21222445224221252444452441515551,ABAAACCDAACAABADACCCCDACCBDBDDDB,ABAAACCDAAACABADACCCCDACBCBDDDBD,,,0,149,,,,,L_T1_GTR___hekomi__,,,,,R_T1_GTR03_22110002,,,,51,55,51,245224000000242554000000120000000007214000000000212400000000422440000000,,00000141,,,,,,,,14,14,0,11,11,141,,212224452242212524444524415155,ABAAACCDAACAABADACCCCDACCBDBDD,ABAAACCDAAACABADACCCCDACBCBDDD,,,0,141,,,,,L_T1_GTR___hekomi__,,,,,L_T1_GTR03_51000001,,,
59025,30,,,,,,,,,51,52,12,245524455000242424200000121000000007214500000000212000000000244500000000,,00000154,,,,,,,,16,16,0,5,5,154,,2122244522422125244445244151555152,ABAAACCDAACAABADACCCCDACCBDBDDDBDA,ABAAACCDAAACABADACCCCDACBCBDDDBDAD,,,0,154,,,,,L_T1_GTR___hekomi__,,,,,R_T1_GTR03_22110002,,,,51,55,51,245224000000242554000000120000000007214000000000212400000000422440000000,,00000141,,,,,,,,14,14,0,11,11,141,,212224452242212524444524415155,ABAAACCDAACAABADACCCCDACCBDBDD,ABAAACCDAAACABADACCCCDACBCBDDD,,,0,141,,,,,L_T1_GTR___hekomi__,,,,,L_T1_GTR03_51000001,,,
59033,31,,,,,,,,,51,52,12,245524455000242424200000121000000007214500000000212000000000244500000000,,00000154,,,,,,,,16,16,0,5,5,154,,2122244522422125244445244151555152,ABAAACCDAACAABADACCCCDACCBDBDDDBDA,ABAAACCDAAACABADACCCCDACBCBDDDBDAD,,,0,154,,,,,L_T1_GTR___hekomi__,,,,,R_T1_GTR03_22110002,,,,55,51,52,245224000000242554000000121000000007214500000000212400000000422440000000,,00000151,,,,,,,,15,15,0,10,10,151,,21222445224221252444452441515551,ABAAACCDAACAABADACCCCDACCBDBDDDB,ABAAACCDAAACABADACCCCDACBCBDDDBD,,,0,151,,,,,L_T1_GTR___hekomi__,,,,,L_T1_GTR03_51000001,,,
59074,32,,,,,,,,,52,12,25,245524455000242424200000121000000007214500000000212000000000244551000000,,00000164,,,,,,,,17,17,0,10,10,164,,212224452242212524444524415155515212,ABAAACCDAACAABADACCCCDACCBDBDDDBDABA,ABAAACCDAAACABADACCCCDACBCBDDDBDADAB,,,0,164,,,,,L_T1_GTR___hekomi__,,,,,,,,,55,51,52,245224000000242554000000121000000007214500000000212400000000422440000000,,00000151,,,,,,,,15,15,0,10,10,151,,21222445224221252444452441515551,ABAAACCDAACAABADACCCCDACCBDBDDDB,ABAAACCDAAACABADACCCCDACBCBDDDBD,,,0,151,,,,,L_T1_GTR___hekomi__,,,,,L_T1_GTR03_51000001,,,
59078,33,,,,,,,,,52,12,25,245524455000242424200000121000000007214500000000212000000000244551000000,,00000164,,,,,,,,17,17,0,10,10,164,,212224452242212524444524415155515212,ABAAACCDAACAABADACCCCDACCBDBDDDBDABA,ABAAACCDAAACABADACCCCDACBCBDDDBDADAB,,,0,164,,,,,L_T1_GTR___hekomi__,,,,,,,,,51,52,12,245224000000242554000000121000000007214500000000212400000000422445500000,,00000158,,,,,,,,16,16,0,7,7,158,,2122244522422125244445244151555152,ABAAACCDAACAABADACCCCDACCBDBDDDBDA,ABAAACCDAAACABADACCCCDACBCBDDDBDAD,,,0,158,,,,,L_T1_GTR___hekomi__,,,,,L_T1_GTR03_51000001,,,
59115,34,,,,,,,,,12,25,25,245524455000242424200000121250000007214500000000212000000000244551000000,,00000172,,,,,,,,18,18,0,8,8,172,,21222445224221252444452441515551521225,ABAAACCDAACAABADACCCCDACCBDBDDDBDABAAD,ABAAACCDAAACABADACCCCDACBCBDDDBDADABAD,,,0,172,,,,,L_T1_GTR___hekomi__,,,,,,,,,51,52,12,245224000000242554000000121000000007214500000000212400000000422445500000,,00000158,,,,,,,,16,16,0,7,7,158,,2122244522422125244445244151555152,ABAAACCDAACAABADACCCCDACCBDBDDDBDA,ABAAACCDAAACABADACCCCDACBCBDDDBDAD,,,0,158,,,,,L_T1_GTR___hekomi__,,,,,L_T1_GTR03_51000001,,,
59124,35,,,,,,,,,12,25,25,245524455000242424200000121250000007214500000000212000000000244551000000,,00000172,,,,,,,,18,18,0,8,8,172,,21222445224221252444452441515551521225,ABAAACCDAACAABADACCCCDACCBDBDDDBDABAAD,ABAAACCDAAACABADACCCCDACBCBDDDBDADABAD,,,0,172,,,,,L_T1_GTR___hekomi__,,,,,,,,,52,12,25,245224000000242554000000121000000007214510000000212450000000422445500000,,00000167,,,,,,,,17,17,0,9,9,167,,212224452242212524444524415155515212,ABAAACCDAACAABADACCCCDACCBDBDDDBDABA,ABAAACCDAAACABADACCCCDACBCBDDDBDADAB,,,0,167,,,,,L_T1_GTR___hekomi__,,,,,L_T1_GTR03_51000001,,,
59159,36,,,,,,,,,25,25,12,245524455000242424200000121250000007214512000000212000000000244551000000,,00000181,,,,,,,,19,19,0,9,9,181,,2122244522422125244445244151555152122525,ABAAACCDAACAABADACCCCDACCBDBDDDBDABAADAD,ABAAACCDAAACABADACCCCDACBCBDDDBDADABADAD,,,0,181,,,,,L_T1_GTR___hekomi__,,,,,,,,,52,12,25,245224000000242554000000121000000007214510000000212450000000422445500000,,00000167,,,,,,,,17,17,0,9,9,167,,212224452242212524444524415155515212,ABAAACCDAACAABADACCCCDACCBDBDDDBDABA,ABAAACCDAAACABADACCCCDACBCBDDDBDADAB,,,0,167,,,,,L_T1_GTR___hekomi__,,,,,L_T1_GTR03_51000001,,,
59164,37,,,,,,,,,25,25,12,245524455000242424200000121250000007214512000000212000000000244551000000,,00000181,,,,,,,,19,19,0,9,9,181,,2122244522422125244445244151555152122525,ABAAACCDAACAABADACCCCDACCBDBDDDBDABAADAD,ABAAACCDAAACABADACCCCDACBCBDDDBDADABADAD,,,0,181,,,,,L_T1_GTR___hekomi__,,,,,,,,,12,25,25,245224250000242554000000121000000007214510000000212450000000422445500000,,00000173,,,,,,,,18,18,0,6,6,173,,21222445224221252444452441515551521225,ABAAACCDAACAABADACCCCDACCBDBDDDBDABAAD,ABAAACCDAAACABADACCCCDACBCBDDDBDADABAD,,,0,173,,,,,L_T1_GTR___hekomi__,,,,,L_T1_GTR03_51000001,,,
59199,38,,,,,,,,,25,12,12,245524455000242424200000121250000007214512250000212000000000244551000000,,00000188,,,,,,,,20,20,0,7,7,188,,212224452242212524444524415155515212252512,ABAAACCDAACAABADACCCCDACCBDBDDDBDABAADADBA,ABAAACCDAAACABADACCCCDACBCBDDDBDADABADADAB,,,0,188,,,,,L_T1_GTR___hekomi__,,,,,,,,,12,25,25,245224250000242554000000121000000007214510000000212450000000422445500000,,00000173,,,,,,,,18,18,0,6,6,173,,21222445224221252444452441515551521225,ABAAACCDAACAABADACCCCDACCBDBDDDBDABAAD,ABAAACCDAAACABADACCCCDACBCBDDDBDADABAD,,,0,173,,,,,L_T1_GTR___hekomi__,,,,,L_T1_GTR03_51000001,,,
59207,39,,,,,,,,,25,12,12,245524455000242424200000121250000007214512250000212000000000244551000000,,00000188,,,,,,,,20,20,0,7,7,188,,212224452242212524444524415155515212252512,ABAAACCDAACAABADACCCCDACCBDBDDDBDABAADADBA,ABAAACCDAAACABADACCCCDACBCBDDDBDADABADADAB,,,0,188,,,,,L_T1_GTR___hekomi__,,,,,,,,,25,25,12,245224250000242554000000121120000007214510000000212450000000422445500000,,00000183,,,,,,,,19,19,0,10,10,183,,2122244522422125244445244151555152122525,ABAAACCDAACAABADACCCCDACCBDBDDDBDABAADAD,ABAAACCDAAACABADACCCCDACBCBDDDBDADABADAD,,,0,183,,,,,L_T1_GTR___hekomi__,,,,,L_T1_GTR03_51000001,,,
59261,40,,,,,,,,,12,12,44,245524455000242424200000121252000007214512255000212000000000244551000000,,00000193,,,,,,,,21,21,0,5,5,193,,21222445224221252444452441515551521225251212,ABAAACCDAACAABADACCCCDACCBDBDDDBDABAADADBABA,ABAAACCDAAACABADACCCCDACBCBDDDBDADABADADABAB,,,0,193,,,,,L_T1_GTR___hekomi__,,,,,,,,,25,25,12,245224250000242554000000121120000007214510000000212450000000422445500000,,00000183,,,,,,,,19,19,0,10,10,183,,2122244522422125244445244151555152122525,ABAAACCDAACAABADACCCCDACCBDBDDDBDABAADAD,ABAAACCDAAACABADACCCCDACBCBDDDBDADABADAD,,,0,183,,,,,L_T1_GTR___hekomi__,,,,,L_T1_GTR03_51000001,,,
59267,41,,,,,,,,,12,12,44,245524455000242424200000121252000007214512255000212000000000244551000000,,00000193,,,,,,,,21,21,0,5,5,193,,21222445224221252444452441515551521225251212,ABAAACCDAACAABADACCCCDACCBDBDDDBDABAADADBABA,ABAAACCDAAACABADACCCCDACBCBDDDBDADABADADABAB,,,0,193,,,,,L_T1_GTR___hekomi__,,,,,,,,,25,12,12,245224255000242554200000121120000007214510000000212450000000422445500000,,00000188,,,,,,,,20,20,0,5,5,188,,212224452242212524444524415155515212252512,ABAAACCDAACAABADACCCCDACCBDBDDDBDABAADADBA,ABAAACCDAAACABADACCCCDACBCBDDDBDADABADADAB,,,0,188,,,,,L_T1_GTR___hekomi__,,,,,L_T1_GTR03_51000001,,,
59307,42,,,,,,,,,12,44,11,245524455000242424200000121252000007214512255000212000000000244551120000,,00000200,,,,,,,,22,22,0,7,7,200,,2122244522422125244445244151555152122525121244,ABAAACCDAACAABADACCCCDACCBDBDDDBDABAADADBABACC,ABAAACCDAAACABADACCCCDACBCBDDDBDADABADADABABCC,,,0,200,,,,,L_T1_GTR___hekomi__,,,,,,,,,25,12,12,245224255000242554200000121120000007214510000000212450000000422445500000,,00000188,,,,,,,,20,20,0,5,5,188,,212224452242212524444524415155515212252512,ABAAACCDAACAABADACCCCDACCBDBDDDBDABAADADBA,ABAAACCDAAACABADACCCCDACBCBDDDBDADABADADAB,,,0,188,,,,,L_T1_GTR___hekomi__,,,,,L_T1_GTR03_51000001,,,
59325,43,,,,,,,,,12,44,11,245524455000242424200000121252000007214512255000212000000000244551120000,,00000200,,,,,,,,22,22,0,7,7,200,,2122244522422125244445244151555152122525121244,ABAAACCDAACAABADACCCCDACCBDBDDDBDABAADADBABACC,ABAAACCDAAACABADACCCCDACBCBDDDBDADABADADABABCC,,,0,200,,,,,L_T1_GTR___hekomi__,,,,,,,,,12,12,44,245224255500242554220000121120000007214510000000212450000000422445500000,,00000192,,,,,,,,21,21,0,4,4,192,,21222445224221252444452441515551521225251212,ABAAACCDAACAABADACCCCDACCBDBDDDBDABAADADBABA,ABAAACCDAAACABADACCCCDACBCBDDDBDADABADADABAB,,,0,192,,,,,L_T1_GTR___hekomi__,,,,,L_T1_GTR03_51000001,,,
59343,44,,,,,,,,,44,11,42,245524455000242424221000121252000007214512255000212000000000244551120000,,00000205,,,,,,,,23,23,0,5,5,205,,212224452242212524444524415155515212252512124411,ABAAACCDAACAABADACCCCDACCBDBDDDBDABAADADBABACCBB,ABAAACCDAAACABADACCCCDACBCBDDDBDADABADADABABCCBB,,,0,205,,,,,L_T1_GTR___hekomi__,,,,,,,,,12,12,44,245224255500242554220000121120000007214510000000212450000000422445500000,,00000192,,,,,,,,21,21,0,4,4,192,,21222445224221252444452441515551521225251212,ABAAACCDAACAABADACCCCDACCBDBDDDBDABAADADBABA,ABAAACCDAAACABADACCCCDACBCBDDDBDADABADADABAB,,,0,192,,,,,L_T1_GTR___hekomi__,,,,,L_T1_GTR03_51000001,,,
59372,45,,,,,,,,,44,11,42,245524455000242424221000121252000007214512255000212000000000244551120000,,00000205,,,,,,,,23,23,0,5,5,205,,212224452242212524444524415155515212252512124411,ABAAACCDAACAABADACCCCDACCBDBDDDBDABAADADBABACCBB,ABAAACCDAAACABADACCCCDACBCBDDDBDADABADADABABCCBB,,,0,205,,,,,L_T1_GTR___hekomi__,,,,,,,,,12,44,11,245224255500242554220000121120000007214510000000212451200000422445500000,,00000200,,,,,,,,22,22,0,8,8,200,,2122244522422125244445244151555152122525121244,ABAAACCDAACAABADACCCCDACCBDBDDDBDABAADADBABACC,ABAAACCDAAACABADACCCCDACBCBDDDBDADABADADABABCC,,,0,200,,,,,L_T1_GTR___hekomi__,,,,,L_T1_GTR03_51000001,,,
59411,46,,,,,,,,,44,11,42,245524455000242424221000121252000007214512255000212000000000244551120000,,00000205,,,,,,,,23,23,0,5,5,205,,212224452242212524444524415155515212252512124411,ABAAACCDAACAABADACCCCDACCBDBDDDBDABAADADBABACCBB,ABAAACCDAAACABADACCCCDACBCBDDDBDADABADADABABCCBB,,,0,205,,,,,L_T1_GTR___hekomi__,,,,,,,,,44,11,42,245224255500242554220000121121000007214512000000212451200000422445500000,,00000208,,,,,,,,23,23,0,8,8,208,,212224452242212524444524415155515212252512124411,ABAAACCDAACAABADACCCCDACCBDBDDDBDABAADADBABACCBB,ABAAACCDAAACABADACCCCDACBCBDDDBDADABADADABABCCBB,,,0,208,,,,,L_T1_GTR___hekomi__,,,,,L_T1_GTR03_51000001,,,
59418,47,,,,,,,,,11,42,12,245524455000242424221000121252000007214512255000212400000000244551124000,,00000210,,,,,,,,24,24,0,5,5,210,,21222445224221252444452441515551521225251212441142,ABAAACCDAACAABADACCCCDACCBDBDDDBDABAADADBABACCBBCA,ABAAACCDAAACABADACCCCDACBCBDDDBDADABADADABABCCBBAC,,,0,210,,,,,L_T1_GTR___hekomi__,,,,,,,,,44,11,42,245224255500242554220000121121000007214512000000212451200000422445500000,,00000208,,,,,,,,23,23,0,8,8,208,,212224452242212524444524415155515212252512124411,ABAAACCDAACAABADACCCCDACCBDBDDDBDABAADADBABACCBB,ABAAACCDAAACABADACCCCDACBCBDDDBDADABADADABABCCBB,,,0,208,,,,,L_T1_GTR___hekomi__,,,,,L_T1_GTR03_51000001,,,
59448,48,,,,,,,,,11,42,12,245524455000242424221000121252000007214512255000212400000000244551124000,,00000210,,,,,,,,24,24,0,5,5,210,,21222445224221252444452441515551521225251212441142,ABAAACCDAACAABADACCCCDACCBDBDDDBDABAADADBABACCBBCA,ABAAACCDAAACABADACCCCDACBCBDDDBDADABADADABABCCBBAC,,,0,210,,,,,L_T1_GTR___hekomi__,,,,,,,,,11,42,12,245224255500242554220000121121440007214512000000212451200000422445500000,,00000214,,,,,,,,24,24,0,6,6,214,,21222445224221252444452441515551521225251212441142,ABAAACCDAACAABADACCCCDACCBDBDDDBDABAADADBABACCBBCA,ABAAACCDAAACABADACCCCDACBCBDDDBDADABADADABABCCBBAC,,,0,214,,,,,L_T1_GTR___hekomi__,,,,,L_T1_GTR03_51000001,,,
59450,49,,,,,,,,,42,12,21,245524455000242424221110121252000007214512255000212400000000244551124000,,00000213,,,,,,,,25,25,0,3,3,213,,2122244522422125244445244151555152122525121244114212,ABAAACCDAACAABADACCCCDACCBDBDDDBDABAADADBABACCBBCABA,ABAAACCDAAACABADACCCCDACBCBDDDBDADABADADABABCCBBACAB,,,0,213,,,,,L_T1_GTR___hekomi__,,,,,,,,,11,42,12,245224255500242554220000121121440007214512000000212451200000422445500000,,00000214,,,,,,,,24,24,0,6,6,214,,21222445224221252444452441515551521225251212441142,ABAAACCDAACAABADACCCCDACCBDBDDDBDABAADADBABACCBBCA,ABAAACCDAAACABADACCCCDACBCBDDDBDADABADADABABCCBBAC,,,0,214,,,,,L_T1_GTR___hekomi__,,,,,L_T1_GTR03_51000001,,,
59486,50,,,,,,,,,42,12,21,245524455000242424221110121252000007214512255000212400000000244551124000,,00000213,,,,,,,,25,25,0,3,3,213,,2122244522422125244445244151555152122525121244114212,ABAAACCDAACAABADACCCCDACCBDBDDDBDABAADADBABACCBBCABA,ABAAACCDAAACABADACCCCDACBCBDDDBDADABADADABABCCBBACAB,,,0,213,,,,,L_T1_GTR___hekomi__,,,,,,,,,42,12,21,245224255500242554220000121121440007214512000000212451200000422445511000,,00000219,,,,,,,,25,25,0,5,5,219,,2122244522422125244445244151555152122525121244114212,ABAAACCDAACAABADACCCCDACCBDBDDDBDABAADADBABACCBBCABA,ABAAACCDAAACABADACCCCDACBCBDDDBDADABADADABABCCBBACAB,,,0,219,,,,,L_T1_GTR___hekomi__,,,,,L_T1_GTR03_51000001,,,
59520,51,,,,,,,,,12,21,15,245524455420242424221110121252000007214512255000212400000000244551124000,,00000214,,,,,,,,26,26,0,1,1,214,,212224452242212524444524415155515212252512124411421221,ABAAACCDAACAABADACCCCDACCBDBDDDBDABAADADBABACCBBCABAAB,ABAAACCDAAACABADACCCCDACBCBDDDBDADABADADABABCCBBACABAB,,,0,214,,,,,L_T1_GTR___hekomi__,,,,,,,,,42,12,21,245224255500242554220000121121440007214512000000212451200000422445511000,,00000219,,,,,,,,25,25,0,5,5,219,,2122244522422125244445244151555152122525121244114212,ABAAACCDAACAABADACCCCDACCBDBDDDBDABAADADBABACCBBCABA,ABAAACCDAAACABADACCCCDACBCBDDDBDADABADADABABCCBBACAB,,,0,219,,,,,L_T1_GTR___hekomi__,,,,,L_T1_GTR03_51000001,,,
59545,52,,,,,,,,,12,21,15,245524455420242424221110121252000007214512255000212400000000244551124000,,00000214,,,,,,,,26,26,0,1,1,214,,212224452242212524444524415155515212252512124411421221,ABAAACCDAACAABADACCCCDACCBDBDDDBDABAADADBABACCBBCABAAB,ABAAACCDAAACABADACCCCDACBCBDDDBDADABADADABABCCBBACABAB,,,0,214,,,,,L_T1_GTR___hekomi__,,,,,,,,,12,21,15,245224255500242554220000121121444007214512200000212451200000422445511000,,00000224,,,,,,,,26,26,0,5,5,224,,212224452242212524444524415155515212252512124411421221,ABAAACCDAACAABADACCCCDACCBDBDDDBDABAADADBABACCBBCABAAB,ABAAACCDAAACABADACCCCDACBCBDDDBDADABADADABABCCBBACABAB,,,0,224,,,,,L_T1_GTR___hekomi__,,,,,L_T1_GTR03_51000001,,,
59562,53,,,,,,,,,21,15,51,245524455422242424221110121252000007214512255000212400000000244551124000,,00000215,,,,,,,,27,27,0,1,1,215,,21222445224221252444452441515551521225251212441142122115,ABAAACCDAACAABADACCCCDACCBDBDDDBDABAADADBABACCBBCABAABBD,ABAAACCDAAACABADACCCCDACBCBDDDBDADABADADABABCCBBACABABBD,,,0,215,,,,,L_T1_GTR___hekomi__,,,,,,,,,12,21,15,245224255500242554220000121121444007214512200000212451200000422445511000,,00000224,,,,,,,,26,26,0,5,5,224,,212224452242212524444524415155515212252512124411421221,ABAAACCDAACAABADACCCCDACCBDBDDDBDABAADADBABACCBBCABAAB,ABAAACCDAAACABADACCCCDACBCBDDDBDADABADADABABCCBBACABAB,,,0,224,,,,,L_T1_GTR___hekomi__,,,,,L_T1_GTR03_51000001,,,
59584,54,,,,,,,,,21,15,51,245524455422242424221110121252000007214512255000212400000000244551124000,,00000215,,,,,,,,27,27,0,1,1,215,,21222445224221252444452441515551521225251212441142122115,ABAAACCDAACAABADACCCCDACCBDBDDDBDABAADADBABACCBBCABAABBD,ABAAACCDAAACABADACCCCDACBCBDDDBDADABADADABABCCBBACABABBD,,,0,215,,,,,L_T1_GTR___hekomi__,,,,,,,,,21,15,51,245224255500242554220000121121444007214512212000212451200000422445511000,,00000230,,,,,,,,27,27,0,6,6,230,,21222445224221252444452441515551521225251212441142122115,ABAAACCDAACAABADACCCCDACCBDBDDDBDABAADADBABACCBBCABAABBD,ABAAACCDAAACABADACCCCDACBCBDDDBDADABADADABABCCBBACABABBD,,,0,230,,,,,L_T1_GTR___hekomi__,,,,,L_T1_GTR03_51000001,,,
59594,55,,,,,,,,,15,51,41,245524455422242424221112121252000007214512255000212400000000244551124000,,00000217,,,,,,,,28,28,0,2,2,217,,2122244522422125244445244151555152122525121244114212211551,ABAAACCDAACAABADACCCCDACCBDBDDDBDABAADADBABACCBBCABAABBDDB,ABAAACCDAAACABADACCCCDACBCBDDDBDADABADADABABCCBBACABABBDBD,,,0,217,,,,,L_T1_GTR___hekomi__,,,,,,,,,21,15,51,245224255500242554220000121121444007214512212000212451200000422445511000,,00000230,,,,,,,,27,27,0,6,6,230,,21222445224221252444452441515551521225251212441142122115,ABAAACCDAACAABADACCCCDACCBDBDDDBDABAADADBABACCBBCABAABBD,ABAAACCDAAACABADACCCCDACBCBDDDBDADABADADABABCCBBACABABBD,,,0,230,,,,,L_T1_GTR___hekomi__,,,,,L_T1_GTR03_51000001,,,
59617,56,,,,,,,,,15,51,41,245524455422242424221112121252000007214512255000212400000000244551124000,,00000217,,,,,,,,28,28,0,2,2,217,,2122244522422125244445244151555152122525121244114212211551,ABAAACCDAACAABADACCCCDACCBDBDDDBDABAADADBABACCBBCABAABBDDB,ABAAACCDAAACABADACCCCDACBCBDDDBDADABADADABABCCBBACABABBDBD,,,0,217,,,,,L_T1_GTR___hekomi__,,,,,,,,,15,51,41,245224255500242554220000121121444007214512212210212451200000422445511000,,00000234,,,,,,,,28,28,0,4,4,234,,2122244522422125244445244151555152122525121244114212211551,ABAAACCDAACAABADACCCCDACCBDBDDDBDABAADADBABACCBBCABAABBDDB,ABAAACCDAAACABADACCCCDACBCBDDDBDADABADADABABCCBBACABABBDBD,,,0,234,,,,,L_T1_GTR___hekomi__,,,,,L_T1_GTR03_51000001,,,
59638,57,,,,,,,,,51,41,41,245524455422242424221112121252000007214512255000212451000000244551124000,,00000225,,,,,,,,29,29,0,8,8,225,,212224452242212524444524415155515212252512124411421221155141,ABAAACCDAACAABADACCCCDACCBDBDDDBDABAADADBABACCBBCABAABBDDBCB,ABAAACCDAAACABADACCCCDACBCBDDDBDADABADADABABCCBBACABABBDBDBC,,,0,225,,,,,L_T1_GTR___hekomi__,,,,,,,,,15,51,41,245224255500242554220000121121444007214512212210212451200000422445511000,,00000234,,,,,,,,28,28,0,4,4,234,,2122244522422125244445244151555152122525121244114212211551,ABAAACCDAACAABADACCCCDACCBDBDDDBDABAADADBABACCBBCABAABBDDB,ABAAACCDAAACABADACCCCDACBCBDDDBDADABADADABABCCBBACABABBDBD,,,0,234,,,,,L_T1_GTR___hekomi__,,,,,L_T1_GTR03_51000001,,,
59670,58,,,,,,,,,51,41,41,245524455422242424221112121252000007214512255000212451000000244551124000,,00000225,,,,,,,,29,29,0,8,8,225,,212224452242212524444524415155515212252512124411421221155141,ABAAACCDAACAABADACCCCDACCBDBDDDBDABAADADBABACCBBCABAABBDDBCB,ABAAACCDAAACABADACCCCDACBCBDDDBDADABADADABABCCBBACABABBDBDBC,,,0,225,,,,,L_T1_GTR___hekomi__,,,,,,,,,,51,41,245224255500242554220000121121444007214512212210212451210000422445511500,,bb40abb1,,,,,,,,29,0,1,bb40abb1,40,274,,2122244522422125244445244151555152122525121244114212211551,ABAAACCDAACAABADACCCCDACCBDBDDDBDABAADADBABACCBBCABAABBDDB,ABAAACCDAAACABADACCCCDACBCBDDDBDADABADADABABCCBBACABABBDBD,,,1,274,,,,,L_T1_GTR___hekomi__,,,,,L_T1_GTR03_51000001,,,
59674,59,,,,,,,,,41,41,54,245524455422242424221112121252000007214512255510212451000000244551124000,,00000229,,,,,,,,30,30,0,4,4,229,,21222445224221252444452441515551521225251212441142122115514141,ABAAACCDAACAABADACCCCDACCBDBDDDBDABAADADBABACCBBCABAABBDDBCBCB,ABAAACCDAAACABADACCCCDACBCBDDDBDADABADADABABCCBBACABABBDBDBCBC,,,0,229,,,,,L_T1_GTR___hekomi__,,,,,,,,,,51,41,245224255500242554220000121121444007214512212210212451210000422445511500,,bb40abb1,,,,,,,,29,0,1,bb40abb1,40,274,,2122244522422125244445244151555152122525121244114212211551,ABAAACCDAACAABADACCCCDACCBDBDDDBDABAADADBABACCBBCABAABBDDB,ABAAACCDAAACABADACCCCDACBCBDDDBDADABADADABABCCBBACABABBDBD,,,1,274,,,,,L_T1_GTR___hekomi__,,,,,L_T1_GTR03_51000001,,,
59713,60,,,,,,,,,41,54,45,245524455422242424221112121252410007214512255510212451000000244551124000,,00000236,,,,,,,,31,31,0,7,7,236,,2122244522422125244445244151555152122525121244114212211551414154,ABAAACCDAACAABADACCCCDACCBDBDDDBDABAADADBABACCBBCABAABBDDBCBCBDC,ABAAACCDAAACABADACCCCDACBCBDDDBDADABADADABABCCBBACABABBDBDBCBCCD,,,0,236,,,,,L_T1_GTR___hekomi__,,,,,,,,,,51,41,245224255500242554220000121121444007214512212210212451210000422445511500,,bb40abb1,,,,,,,,29,0,1,bb40abb1,40,274,,2122244522422125244445244151555152122525121244114212211551,ABAAACCDAACAABADACCCCDACCBDBDDDBDABAADADBABACCBBCABAABBDDB,ABAAACCDAAACABADACCCCDACBCBDDDBDADABADADABABCCBBACABABBDBD,,,1,274,,,,,L_T1_GTR___hekomi__,,,,,L_T1_GTR03_51000001,,,
59750,61,,,,,,,,,41,54,45,245524455422242424221112121252410007214512255510212451000000244551124000,,00000236,,,,,,,,31,31,0,7,7,236,,2122244522422125244445244151555152122525121244114212211551414154,ABAAACCDAACAABADACCCCDACCBDBDDDBDABAADADBABACCBBCABAABBDDBCBCBDC,ABAAACCDAAACABADACCCCDACBCBDDDBDADABADADABABCCBBACABABBDBDBCBCCD,,,0,236,,,,,L_T1_GTR___hekomi__,,,,,,,,,,51,41,245224255500242554220000121121444007214512222100212451200000422445550000,,bb50ab10,,,,,,,,30,0,2,bb50ab10,500,774,,2122244522422125244445244151555152122525121244114212211551,ABAAACCDAACAABADACCCCDACCBDBDDDBDABAADADBABACCBBCABAABBDDB,ABAAACCDAAACABADACCCCDACBCBDDDBDADABADADABABCCBBACABABBDBD,,,2,774,,,,,L_T1_GTR___hekomi__,,,,,L_T1_GTR03_51000001,,,
59756,62,,,,,,,,,54,45,54,245524455422242424221112121252410007214512255510212451000000244551124410,,00000240,,,,,,,,32,32,0,4,4,240,,212224452242212524444524415155515212252512124411421221155141415445,ABAAACCDAACAABADACCCCDACCBDBDDDBDABAADADBABACCBBCABAABBDDBCBCBDCCD,ABAAACCDAAACABADACCCCDACBCBDDDBDADABADADABABCCBBACABABBDBDBCBCCDCD,,,0,240,,,,,L_T1_GTR___hekomi__,,,,,,,,,,51,41,245224255500242554220000121121444007214512222100212451200000422445550000,,bb50ab10,,,,,,,,30,0,2,bb50ab10,500,774,,2122244522422125244445244151555152122525121244114212211551,ABAAACCDAACAABADACCCCDACCBDBDDDBDABAADADBABACCBBCABAABBDDB,ABAAACCDAAACABADACCCCDACBCBDDDBDADABADADABABCCBBACABABBDBD,,,2,774,,,,,L_T1_GTR___hekomi__,,,,,L_T1_GTR03_51000001,,,
59837,63,,,,,,,,,54,45,54,245524455422242424221112121252410007214512255510212451000000244551124410,,00000240,,,,,,,,32,32,0,4,4,240,,212224452242212524444524415155515212252512124411421221155141415445,ABAAACCDAACAABADACCCCDACCBDBDDDBDABAADADBABACCBBCABAABBDDBCBCBDCCD,ABAAACCDAAACABADACCCCDACBCBDDDBDADABADADABABCCBBACABABBDBDBCBCCDCD,,,0,240,,,,,L_T1_GTR___hekomi__,,,,,,,,,,51,41,245224255500242554220000121121444007214511000000212451000000422445550000,,bb40ab16,,,,,,,,31,0,3,bb40ab16,640,1414,,2122244522422125244445244151555152122525121244114212211551,ABAAACCDAACAABADACCCCDACCBDBDDDBDABAADADBABACCBBCABAABBDDB,ABAAACCDAAACABADACCCCDACBCBDDDBDADABADADABABCCBBACABABBDBD,,,3,1414,,,,,L_T1_GTR___hekomi__,,,,,L_T1_GTR03_51000001,,,
59874,64,,,,,,,,,45,54,55,245524455422242424221112121252410007214512255510212451000000244551124414,,00000241,,,,,,,,33,33,0,1,1,241,,21222445224221252444452441515551521225251212441142122115514141544554,ABAAACCDAACAABADACCCCDACCBDBDDDBDABAADADBABACCBBCABAABBDDBCBCBDCCDDC,ABAAACCDAAACABADACCCCDACBCBDDDBDADABADADABABCCBBACABABBDBDBCBCCDCDCD,,,0,241,,,,,L_T1_GTR___hekomi__,,,,,,,,,,51,41,245224255500242554220000121121444007214511000000212451000000422445550000,,bb40ab16,,,,,,,,31,0,3,bb40ab16,640,1414,,2122244522422125244445244151555152122525121244114212211551,ABAAACCDAACAABADACCCCDACCBDBDDDBDABAADADBABACCBBCABAABBDDB,ABAAACCDAAACABADACCCCDACBCBDDDBDADABADADABABCCBBACABABBDBD,,,3,1414,,,,,L_T1_GTR___hekomi__,,,,,L_T1_GTR03_51000001,,,
59918,65,,,,,,,,,45,54,55,245524455422242424221112121252410007214512255510212451000000244551124414,,00000241,,,,,,,,33,33,0,1,1,241,,21222445224221252444452441515551521225251212441142122115514141544554,ABAAACCDAACAABADACCCCDACCBDBDDDBDABAADADBABACCBBCABAABBDDBCBCBDCCDDC,ABAAACCDAAACABADACCCCDACBCBDDDBDADABADADABABCCBBACABABBDBDBCBCCDCDCD,,,0,241,,,,,L_T1_GTR___hekomi__,,,,,,,,,,51,41,245224255500242554220000121124440007214500000000212450000000422445550000,,bb50ab34,,,,,,,,32,0,4,bb50ab34,1700,3114,,2122244522422125244445244151555152122525121244114212211551,ABAAACCDAACAABADACCCCDACCBDBDDDBDABAADADBABACCBBCABAABBDDB,ABAAACCDAAACABADACCCCDACBCBDDDBDADABADADABABCCBBACABABBDBD,,,4,3114,,,,,L_T1_GTR___hekomi__,,,,,L_T1_GTR03_51000001,,,
59939,66,,,,,,,,,54,55,15,245524455422242424221112121252414007214512255515212451000000244551124414,,00000243,,,,,,,,34,34,0,2,2,243,,2122244522422125244445244151555152122525121244114212211551414154455455,ABAAACCDAACAABADACCCCDACCBDBDDDBDABAADADBABACCBBCABAABBDDBCBCBDCCDDCDD,ABAAACCDAAACABADACCCCDACBCBDDDBDADABADADABABCCBBACABABBDBDBCBCCDCDCDDD,,,0,243,,,,,L_T1_GTR___hekomi__,,,,,,,,,,51,41,245224255500242554220000121124440007214500000000212450000000422445550000,,bb50ab34,,,,,,,,32,0,4,bb50ab34,1700,3114,,2122244522422125244445244151555152122525121244114212211551,ABAAACCDAACAABADACCCCDACCBDBDDDBDABAADADBABACCBBCABAABBDDB,ABAAACCDAAACABADACCCCDACBCBDDDBDADABADADABABCCBBACABABBDBD,,,4,3114,,,,,L_T1_GTR___hekomi__,,,,,L_T1_GTR03_51000001,,,
59976,67,,,,,,,,,55,15,21,245524455422242424221112121252414450214512255510212451000000244551124414,,00000247,,,,,,,,35,35,0,4,4,247,,212224452242212524444524415155515212252512124411421221155141415445545515,ABAAACCDAACAABADACCCCDACCBDBDDDBDABAADADBABACCBBCABAABBDDBCBCBDCCDDCDDBD,ABAAACCDAAACABADACCCCDACBCBDDDBDADABADADABABCCBBACABABBDBDBCBCCDCDCDDDBD,,,0,247,,,,,L_T1_GTR___hekomi__,,,,,,,,,,51,41,245224255500242554220000121124440007214500000000212450000000422445550000,,bb50ab34,,,,,,,,32,0,4,bb50ab34,1700,3114,,2122244522422125244445244151555152122525121244114212211551,ABAAACCDAACAABADACCCCDACCBDBDDDBDABAADADBABACCBBCABAABBDDB,ABAAACCDAAACABADACCCCDACBCBDDDBDADABADADABABCCBBACABABBDBD,,,4,3114,,,,,L_T1_GTR___hekomi__,,,,,L_T1_GTR03_51000001,,,
59998,68,,,,,,,,,55,15,21,245524455422242424221112121252414450214512255510212451000000244551124414,,00000247,,,,,,,,35,35,0,4,4,247,,212224452242212524444524415155515212252512124411421221155141415445545515,ABAAACCDAACAABADACCCCDACCBDBDDDBDABAADADBABACCBBCABAABBDDBCBCBDCCDDCDDBD,ABAAACCDAAACABADACCCCDACBCBDDDBDADABADADABABCCBBACABABBDBDBCBCCDCDCDDDBD,,,0,247,,,,,L_T1_GTR___hekomi__,,,,,,,,,,51,41,245222555000242552200000121120000007214500000000212450000000422445550000,,bb50ab66,,,,,,,,33,0,5,bb50ab66,3300,6414,,2122244522422125244445244151555152122525121244114212211551,ABAAACCDAACAABADACCCCDACCBDBDDDBDABAADADBABACCBBCABAABBDDB,ABAAACCDAAACABADACCCCDACBCBDDDBDADABADADABABCCBBACABABBDBD,,,5,6414,,,,,L_T1_GTR___hekomi__,,,,,L_T1_GTR03_51000001,,,
60087,69,,,,,,,,,55,15,21,245524455422242424221112121252414450214512255510212451000000244551124414,,00000247,,,,,,,,35,35,0,4,4,247,,212224452242212524444524415155515212252512124411421221155141415445545515,ABAAACCDAACAABADACCCCDACCBDBDDDBDABAADADBABACCBBCABAABBDDBCBCBDCCDDCDDBD,ABAAACCDAAACABADACCCCDACBCBDDDBDADABADADABABCCBBACABABBDBDBCBCCDCDCDDDBD,,,0,247,,,,,L_T1_GTR___hekomi__,,,,,,,,,,51,41,245555000000242550000000121120000007214500000000212450000000422445550000,,bb60ab99,,,,,,,,34,0,6,bb60ab99,5940,12354,,2122244522422125244445244151555152122525121244114212211551,ABAAACCDAACAABADACCCCDACCBDBDDDBDABAADADBABACCBBCABAABBDDB,ABAAACCDAAACABADACCCCDACBCBDDDBDADABADADABABCCBBACABABBDBD,,,6,12354,,,,,L_T1_GTR___hekomi__,,,,,L_T1_GTR03_51000001,,,
60110,70,,,,,,,,,,15,21,245524455422242424221112121252414455214512255515212451000000244551124414,,00000249,,,,,lose,,,36,35,0,2,2,249,,212224452242212524444524415155515212252512124411421221155141415445545515,ABAAACCDAACAABADACCCCDACCBDBDDDBDABAADADBABACCBBCABAABBDDBCBCBDCCDDCDDBD,ABAAACCDAAACABADACCCCDACBCBDDDBDADABADADABABCCBBACABABBDBDBCBCCDCDCDDDBD,,,0,249,,,,,L_T1_GTR___hekomi__,,,,,,,,,,51,41,245555000000242550000000121120000007214500000000212450000000422445550000,,bb60ab99,,,,,,,,34,0,6,bb60ab99,5940,12354,,2122244522422125244445244151555152122525121244114212211551,ABAAACCDAACAABADACCCCDACCBDBDDDBDABAADADBABACCBBCABAABBDDB,ABAAACCDAAACABADACCCCDACBCBDDDBDADABADADABABCCBBACABABBDBD,,,6,12354,,,,,L_T1_GTR___hekomi__,,,,,L_T1_GTR03_51000001,,,
60138,70,,,,,,,,,,15,21,245524455422242424221112121252414455214512255515212451000000244551124414,,00000249,,,,,lose,,,36,35,0,2,2,249,,212224452242212524444524415155515212252512124411421221155141415445545515,ABAAACCDAACAABADACCCCDACCBDBDDDBDABAADADBABACCBBCABAABBDDBCBCBDCCDDCDDBD,ABAAACCDAAACABADACCCCDACBCBDDDBDADABADADABABCCBBACABABBDBDBCBCCDCDCDDDBD,,,0,249,,,,,L_T1_GTR___hekomi__,,,,,,,,,,51,41,240045000000242000000000121120000007214500000000212450000000422445550000,,bb60ab99,,,,,win,,,35,0,6,0060a099,5940,18294,,2122244522422125244445244151555152122525121244114212211551,ABAAACCDAACAABADACCCCDACCBDBDDDBDABAADADBABACCBBCABAABBDDB,ABAAACCDAAACABADACCCCDACBCBDDDBDADABADADABABCCBBACABABBDBD,,,6,18294,,,,,L_T1_GTR___hekomi__,,,,,L_T1_GTR03_51000001,,,
