48050,0,,,,,,,,,,55,55,000000000000000000000000000000000007000000000000000000000000000000000000,000000,00000000,,,,,,,,0,0,0,0,0,0,,55,AA,AA,,,0,0,,,,,,,,,,,,,,,55,55,000000000000000000000000000000000007000000000000000000000000000000000000,000000,00000000,,,,,,,,0,0,0,0,0,0,,55,AA,AA,,,0,0,,,,,,,,,,,,,
48201,2,,,,,,,,,55,55,15,000000000000000000000000000000000007000000000000000000000000000000000000,,00000000,,,,,,,,1,1,0,0,0,0,,5555,AAAA,AAAA,,,0,0,,,,,,,,,,,,,,55,55,15,000000000000000000000000000000000007000000000000000000000000000000000000,,00000000,,,,,,,,1,1,0,0,0,0,,5555,AAAA,AAAA,,,0,0,,,,,,,,,,,,,
48249,4,,,,,,,,,55,15,53,000000000000000000000000550000000007000000000000000000000000000000000000,,00000012,,,,,,,,2,2,0,12,12,12,,555515,AAAABA,AAAAAB,,,0,12,,,,,,,,,,,,,,55,15,53,000000000000000000000000550000000007000000000000000000000000000000000000,,00000012,,,,,,,,2,2,0,12,12,12,,555515,AAAABA,AAAAAB,,,0,12,,,,,,,,,,,,,
48283,6,,,,,,,,,,15,53,000000000000000000000000555500000007000000000000000000000000000000000000,,bb40abb1,,,,,,,,3,0,1,bb40abb1,40,52,,555515,AAAABA,AAAAAB,,,1,52,,,,,,,,,,,,,,,15,53,000000000000000000000000555500000007000000000000000000000000000000000000,,bb40abb1,,,,,,,,3,0,1,bb40abb1,40,52,,555515,AAAABA,AAAAAB,,,1,52,,,,,,,,,,,,,
48347,8,,,,,,,,,15,53,34,000000000000000000000000000000000007000000000000000000000000000000000000,,00002162,,,,,,,,4,1,0,2110,2110,2162,,55551553,AAAABAAC,AAAAABAC,,,1,2162,,,,,,,,,,,,,,15,53,34,000000000000000000000000000000000007000000000000000000000000000000000000,,00002162,,,,,,,,4,1,0,2110,2110,2162,,55551553,AAAABAAC,AAAAABAC,,,1,2162,,,,,,,,,,,,,
48397,9,,,,,,,,,53,34,14,000000000000000000000000000000000007510000000000000000000000000000000000,,00002174,,,,,,,,5,2,0,12,12,2174,,5555155334,AAAABAACCD,AAAAABACCD,,,1,2174,,,,,,,,,,,,,,15,53,34,000000000000000000000000000000000007000000000000000000000000000000000000,,00002162,,,,,,,,4,1,0,2110,2110,2162,,55551553,AAAABAAC,AAAAABAC,,,1,2162,,,,,,,,,,,,,
48399,10,,,,,,,,,53,34,14,000000000000000000000000000000000007510000000000000000000000000000000000,,00002174,,,,,,,,5,2,0,12,12,2174,,5555155334,AAAABAACCD,AAAAABACCD,,,1,2174,,,,,,,,,,,,,,53,34,14,510000000000000000000000000000000007000000000000000000000000000000000000,,00002174,,,,,,,,5,2,0,12,12,2174,,5555155334,AAAABAACCD,AAAAABACCD,,,1,2174,,,,,,,,,,,,,
48451,11,,,,,,,,,53,34,14,000000000000000000000000000000000007510000000000000000000000000000000000,,00002174,,,,,,,,5,2,0,12,12,2174,,5555155334,AAAABAACCD,AAAAABACCD,,,1,2174,,,,,,,,,,,,,,34,14,51,510000000000500000000000300000000007000000000000000000000000000000000000,,00002187,,,,,,,,6,3,0,13,13,2187,,555515533414,AAAABAACCDBD,AAAAABACCDBD,,,1,2187,,,,,,,,,,,,,
48453,12,,,,,,,,,34,14,51,000000000000000000000000000000000007510000000000530000000000000000000000,,00002187,,,,,,,,6,3,0,13,13,2187,,555515533414,AAAABAACCDBD,AAAAABACCDBD,,,1,2187,,,,,,,,,,,,,,34,14,51,510000000000500000000000300000000007000000000000000000000000000000000000,,00002187,,,,,,,,6,3,0,13,13,2187,,555515533414,AAAABAACCDBD,AAAAABACCDBD,,,1,2187,,,,,,,,,,,,,
48504,13,,,,,,,,,34,14,51,000000000000000000000000000000000007510000000000530000000000000000000000,,00002187,,,,,,,,6,3,0,13,13,2187,,555515533414,AAAABAACCDBD,AAAAABACCDBD,,,1,2187,,,,,,,,,,,,,,14,51,35,510000000000500000000000300000000007340000000000000000000000000000000000,,00002200,,,,,,,,7,4,0,13,13,2200,,55551553341451,AAAABAACCDBDAB,AAAAABACCDBDAB,,,1,2200,,,,,,,,,,,,,
48505,14,,,,,,,,,14,51,35,000000000000000000000000000000000007510000000000533400000000000000000000,,00002198,,,,,,,,7,4,0,11,11,2198,,55551553341451,AAAABAACCDBDAB,AAAAABACCDBDAB,,,1,2198,,,,,,,,,,,,,,14,51,35,510000000000500000000000300000000007340000000000000000000000000000000000,,00002200,,,,,,,,7,4,0,13,13,2200,,55551553341451,AAAABAACCDBDAB,AAAAABACCDBDAB,,,1,2200,,,,,,,,,,,,,
48553,16,,,,,,,,,51,35,13,000000000000000000000000000000000007511400000000533400000000000000000000,,00002209,,,,,,,,8,5,0,11,11,2209,,5555155334145135,AAAABAACCDBDABCA,AAAAABACCDBDABAC,,,1,2209,,,,,,,,,,,,,,51,35,13,510000000000510000000000340000000007340000000000000000000000000000000000,,00002212,,,,,,,,8,5,0,12,12,2212,,5555155334145135,AAAABAACCDBDABCA,AAAAABACCDBDABAC,,,1,2212,,,,,,,,,,L_T1_GTR03_22200001/L_T1_GTR03_22110001,,,
48599,17,,,,,,,,,35,13,43,000000000000000000000000000000000007511400000000533415000000000000000000,,00002217,,,,,,,,9,6,0,8,8,2217,,555515533414513513,AAAABAACCDBDABCABC,AAAAABACCDBDABACBC,,,1,2217,,,,,,,,,,,,,,51,35,13,510000000000510000000000340000000007340000000000000000000000000000000000,,00002212,,,,,,,,8,5,0,12,12,2212,,5555155334145135,AAAABAACCDBDABCA,AAAAABACCDBDABAC,,,1,2212,,,,,,,,,,L_T1_GTR03_22200001/L_T1_GTR03_22110001,,,
48603,18,,,,,,,,,35,13,43,000000000000000000000000000000000007511400000000533415000000000000000000,,00002217,,,,,,,,9,6,0,8,8,2217,,555515533414513513,AAAABAACCDBDABCABC,AAAAABACCDBDABACBC,,,1,2217,,,,,,,,,,,,,,35,13,43,515000000000511000000000340000000007340000000000000000000000000000000000,,00002223,,,,,,,,9,6,0,11,11,2223,,555515533414513513,AAAABAACCDBDABCABC,AAAAABACCDBDABACBC,,,1,2223,,,,,,,,,,,,,
48649,19,,,,,,,,,35,13,43,000000000000000000000000000000000007511400000000533415000000000000000000,,00002217,,,,,,,,9,6,0,8,8,2217,,555515533414513513,AAAABAACCDBDABCABC,AAAAABACCDBDABACBC,,,1,2217,,,,,,,,,,,,,,13,43,54,515500000000511300000000340000000007340000000000000000000000000000000000,,00002233,,,,,,,,10,7,0,10,10,2233,,55551553341451351343,AAAABAACCDBDABCABCDC,AAAAABACCDBDABACBCCD,,,1,2233,,,,,,,,,,,,,
48654,20,,,,,,,,,13,43,54,000000000000000000000000000000000007511400000000533415000000530000000000,,00002229,,,,,,,,10,7,0,12,12,2229,,55551553341451351343,AAAABAACCDBDABCABCDC,AAAAABACCDBDABACBCCD,,,1,2229,,,,,,,,,,,,,,13,43,54,515500000000511300000000340000000007340000000000000000000000000000000000,,00002233,,,,,,,,10,7,0,10,10,2233,,55551553341451351343,AAAABAACCDBDABCABCDC,AAAAABACCDBDABACBCCD,,,1,2233,,,,,,,,,,,,,
48693,21,,,,,,,,,13,43,54,000000000000000000000000000000000007511400000000533415000000530000000000,,00002229,,,,,,,,10,7,0,12,12,2229,,55551553341451351343,AAAABAACCDBDABCABCDC,AAAAABACCDBDABACBCCD,,,1,2229,,,,,,,,,,,,,,43,54,33,515500000000511300000000343100000007340000000000000000000000000000000000,,00002243,,,,,,,,11,8,0,10,10,2243,,5555155334145135134354,AAAABAACCDBDABCABCDCAD,AAAAABACCDBDABACBCCDAD,,,1,2243,,,,,,,,,,,,,
48699,22,,,,,,,,,43,54,33,000000000000000000000000000000000007511413000000533415000000530000000000,,00002238,,,,,,,,11,8,0,9,9,2238,,5555155334145135134354,AAAABAACCDBDABCABCDCAD,AAAAABACCDBDABACBCCDAD,,,1,2238,,,,,,,,,,,,,,43,54,33,515500000000511300000000343100000007340000000000000000000000000000000000,,00002243,,,,,,,,11,8,0,10,10,2243,,5555155334145135134354,AAAABAACCDBDABCABCDCAD,AAAAABACCDBDABACBCCDAD,,,1,2243,,,,,,,,,,,,,
48746,23,,,,,,,,,54,33,14,000000000000000000000000000000000007511413300000533415400000530000000000,,00002245,,,,,,,,12,9,0,7,7,2245,,555515533414513513435433,AAAABAACCDBDABCABCDCADCC,AAAAABACCDBDABACBCCDADCC,,,1,2245,,,,,,,,,,,,,,43,54,33,515500000000511300000000343100000007340000000000000000000000000000000000,,00002243,,,,,,,,11,8,0,10,10,2243,,5555155334145135134354,AAAABAACCDBDABCABCDCAD,AAAAABACCDBDABACBCCDAD,,,1,2243,,,,,,,,,,,,,
48762,24,,,,,,,,,54,33,14,000000000000000000000000000000000007511413300000533415400000530000000000,,00002245,,,,,,,,12,9,0,7,7,2245,,555515533414513513435433,AAAABAACCDBDABCABCDCADCC,AAAAABACCDBDABACBCCDADCC,,,1,2245,,,,,,,,,,,,,,54,33,14,515500000000511300000000343130000007344000000000000000000000000000000000,,00002252,,,,,,,,12,9,0,9,9,2252,,555515533414513513435433,AAAABAACCDBDABCABCDCADCC,AAAAABACCDBDABACBCCDADCC,,,1,2252,,,,,,,,,,,,,
48798,25,,,,,,,,,33,14,53,000000000000000000000000000000000007511413300000533415400000535400000000,,00002256,,,,,,,,13,10,0,11,11,2256,,55551553341451351343543314,AAAABAACCDBDABCABCDCADCCBD,AAAAABACCDBDABACBCCDADCCBD,,,1,2256,,,,,,,,,,,,,,54,33,14,515500000000511300000000343130000007344000000000000000000000000000000000,,00002252,,,,,,,,12,9,0,9,9,2252,,555515533414513513435433,AAAABAACCDBDABCABCDCADCC,AAAAABACCDBDABACBCCDADCC,,,1,2252,,,,,,,,,,,,,
48817,26,,,,,,,,,33,14,53,000000000000000000000000000000000007511413300000533415400000535400000000,,00002256,,,,,,,,13,10,0,11,11,2256,,55551553341451351343543314,AAAABAACCDBDABCABCDCADCCBD,AAAAABACCDBDABACBCCDADCCBD,,,1,2256,,,,,,,,,,,,,,33,14,53,515500000000511300000000343130000007344000000000400000000000500000000000,,00002265,,,,,,,,13,10,0,13,13,2265,,55551553341451351343543314,AAAABAACCDBDABCABCDCADCCBD,AAAAABACCDBDABACBCCDADCCBD,,,1,2265,,,,,,,,,,,,,
48826,27,,,,,,,,,,14,53,000000000000000000000000000000000007511413333000533415400000535400000000,,bb40abb1,,,,,,,,14,0,1,bb40abb1,40,2296,,55551553341451351343543314,AAAABAACCDBDABCABCDCADCCBD,AAAAABACCDBDABACBCCDADCCBD,,,1,2296,,,,,,,,,,,,,,33,14,53,515500000000511300000000343130000007344000000000400000000000500000000000,,00002265,,,,,,,,13,10,0,13,13,2265,,55551553341451351343543314,AAAABAACCDBDABCABCDCADCCBD,AAAAABACCDBDABACBCCDADCCBD,,,1,2265,,,,,,,,,,,,,
48871,28,,,,,,,,,,14,53,000000000000000000000000000000000007511413333000533415400000535400000000,,bb40abb1,,,,,,,,14,0,1,bb40abb1,40,2296,,55551553341451351343543314,AAAABAACCDBDABCABCDCADCCBD,AAAAABACCDBDABACBCCDADCCBD,,,1,2296,,,,,,,,,,,,,,14,53,51,515500000000511300000000343130000007344000000000433000000000500000000000,,00002276,,,,,,,,14,11,0,11,11,2276,,5555155334145135134354331453,AAAABAACCDBDABCABCDCADCCBDAC,AAAAABACCDBDABACBCCDADCCBDAC,,,1,2276,,,,,,,,,,,,,
48892,29,,,,,,,,,14,53,51,000000000000000000000000000000000007511410000000533415400000535400000000,,00002301,,,,,,,,15,1,0,5,5,2301,,5555155334145135134354331453,AAAABAACCDBDABCABCDCADCCBDAC,AAAAABACCDBDABACBCCDADCCBDAC,,,1,2301,,,,,,,,,,,,,,14,53,51,515500000000511300000000343130000007344000000000433000000000500000000000,,00002276,,,,,,,,14,11,0,11,11,2276,,5555155334145135134354331453,AAAABAACCDBDABCABCDCADCCBDAC,AAAAABACCDBDABACBCCDADCCBDAC,,,1,2276,,,,,,,,,,,,,
48904,30,,,,,,,,,14,53,51,000000000000000000000000000000000007511410000000533415400000535400000000,,00002301,,,,,,,,15,1,0,5,5,2301,,5555155334145135134354331453,AAAABAACCDBDABCABCDCADCCBDAC,AAAAABACCDBDABACBCCDADCCBDAC,,,1,2301,,,,,,,,,,,,,,,53,51,515500000000511300000000343130000007344410000000433000000000500000000000,,bb40abb1,,,,,,,,15,0,1,bb40abb1,40,2316,,5555155334145135134354331453,AAAABAACCDBDABCABCDCADCCBDAC,AAAAABACCDBDABACBCCDADCCBDAC,,,1,2316,,,,,,,,,,,,,
48954,31,,,,,,,,,53,51,45,000000000000000000000000000000000007511411000000533415440000535400000000,,00002307,,,,,,,,16,2,0,6,6,2307,,555515533414513513435433145351,AAAABAACCDBDABCABCDCADCCBDACAB,AAAAABACCDBDABACBCCDADCCBDACAB,,,1,2307,,,,,,,,,,,,,,,53,51,515500000000511300000000343130000007344410000000433000000000500000000000,,bb40abb1,,,,,,,,15,0,1,bb40abb1,40,2316,,5555155334145135134354331453,AAAABAACCDBDABCABCDCADCCBDAC,AAAAABACCDBDABACBCCDADCCBDAC,,,1,2316,,,,,,,,,,,,,
48989,32,,,,,,,,,53,51,45,000000000000000000000000000000000007511411000000533415440000535400000000,,00002307,,,,,,,,16,2,0,6,6,2307,,555515533414513513435433145351,AAAABAACCDBDABCABCDCADCCBDACAB,AAAAABACCDBDABACBCCDADCCBDACAB,,,1,2307,,,,,,,,,,,,,,,53,51,515500000000511300000000331300000007310000000000433000000000500000000000,,bb40abb8,,,,,,,,16,0,2,bb40abb8,320,2636,,5555155334145135134354331453,AAAABAACCDBDABCABCDCADCCBDAC,AAAAABACCDBDABACBCCDADCCBDAC,,,2,2636,,,,,,,,,,,,,
48991,33,,,,,,,,,51,45,34,000000000000000000000000000000000007511411350000533415440000535400000000,,00002313,,,,,,,,17,3,0,6,6,2313,,55551553341451351343543314535145,AAAABAACCDBDABCABCDCADCCBDACABDA,AAAAABACCDBDABACBCCDADCCBDACABAD,,,1,2313,,,,,,,,,,,,,,,53,51,515500000000511300000000331300000007310000000000433000000000500000000000,,bb40abb8,,,,,,,,16,0,2,bb40abb8,320,2636,,5555155334145135134354331453,AAAABAACCDBDABCABCDCADCCBDAC,AAAAABACCDBDABACBCCDADCCBDAC,,,2,2636,,,,,,,,,,,,,
49028,34,,,,,,,,,45,34,13,000000000000000000000000000000000007511411355100533415440000535400000000,,00002318,,,,,,,,18,4,0,5,5,2318,,5555155334145135134354331453514534,AAAABAACCDBDABCABCDCADCCBDACABDACD,AAAAABACCDBDABACBCCDADCCBDACABADCD,,,1,2318,,,,,,,,,,,,,,,53,51,515500000000511300000000331300000007310000000000433000000000500000000000,,bb40abb8,,,,,,,,16,0,2,bb40abb8,320,2636,,5555155334145135134354331453,AAAABAACCDBDABCABCDCADCCBDAC,AAAAABACCDBDABACBCCDADCCBDAC,,,2,2636,,,,,,,,,,,,,
49067,35,,,,,,,,,,34,13,000000000000000000000000000000000007511411355100533415440000535445000000,,bb40abb1,,,,,,,,19,0,1,bb40abb1,40,2358,,5555155334145135134354331453514534,AAAABAACCDBDABCABCDCADCCBDACABDACD,AAAAABACCDBDABACBCCDADCCBDACABADCD,,,1,2358,,,,,,,,,,,,,,,53,51,515500000000511300000000331300000007310000000000433000000000500000000000,,bb40abb8,,,,,,,,16,0,2,bb40abb8,320,2636,,5555155334145135134354331453,AAAABAACCDBDABCABCDCADCCBDAC,AAAAABACCDBDABACBCCDADCCBDAC,,,2,2636,,,,,,,,,,,,,
49070,36,,,,,,,,,,34,13,000000000000000000000000000000000007511411355100533415440000535445000000,,bb40abb1,,,,,,,,19,0,1,bb40abb1,40,2358,,5555155334145135134354331453514534,AAAABAACCDBDABCABCDCADCCBDACABDACD,AAAAABACCDBDABACBCCDADCCBDACABADCD,,,1,2358,,,,,,,,,,,,,,,53,51,555000000000530000000000333000000007310000000000433000000000500000000000,,bb90ab21,,,,,,,,17,0,3,bb90ab21,1890,4526,,5555155334145135134354331453,AAAABAACCDBDABCABCDCADCCBDAC,AAAAABACCDBDABACBCCDADCCBDAC,,,3,4526,,,,,,,,,,,,,
49148,37,,,,,,,,,,34,13,000000000000000000000000000000000007511113551000533154400000535500000000,,bb50ab10,,,,,,,,20,0,2,bb50ab10,500,2858,,5555155334145135134354331453514534,AAAABAACCDBDABCABCDCADCCBDACABDACD,AAAAABACCDBDABACBCCDADCCBDACABADCD,,,2,2858,,,,,,,,,,,,,,,53,51,555000000000530000000000333000000007310000000000433000000000500000000000,,bb90ab21,,,,,,,,17,0,3,bb90ab21,1890,4526,,5555155334145135134354331453,AAAABAACCDBDABCABCDCADCCBDAC,AAAAABACCDBDABACBCCDADCCBDAC,,,3,4526,,,,,,,,,,,,,
49162,38,,,,,,,,,,34,13,000000000000000000000000000000000007511113551000533154400000535500000000,,bb50ab10,,,,,,,,20,0,2,bb50ab10,500,2858,,5555155334145135134354331453514534,AAAABAACCDBDABCABCDCADCCBDACABDACD,AAAAABACCDBDABACBCCDADCCBDACABADCD,,,2,2858,,,,,,,,,,,,,,53,51,45,000000000000000000000000000000000007100000000000433000000000500000000000,,00004535,,,,,,,,18,1,0,9,9,4535,,555515533414513513435433145351,AAAABAACCDBDABCABCDCADCCBDACAB,AAAAABACCDBDABACBCCDADCCBDACAB,,,3,4535,,,,,,,,,,,,,
49219,39,,,,,,,,,,34,13,000000000000000000000000000000000007511113551000533154400000535500000000,,bb50ab10,,,,,,,,20,0,2,bb50ab10,500,2858,,5555155334145135134354331453514534,AAAABAACCDBDABCABCDCADCCBDACABDACD,AAAAABACCDBDABACBCCDADCCBDACABADCD,,,2,2858,,,,,,,,,,,,,,51,45,34,000000000000000000000000000000000007100000000000433000000000535000000000,,00004546,,,,,,,,19,2,0,11,11,4546,,55551553341451351343543314535145,AAAABAACCDBDABCABCDCADCCBDACABDA,AAAAABACCDBDABACBCCDADCCBDACABAD,,,3,4546,,,,,,,,,,,,,
49240,40,,,,,,,,,,34,13,000000000000000000000000000000000007535510000000533544000000535500000000,,bb90ab21,,,,,,,,21,0,3,bb90ab21,1890,4748,,5555155334145135134354331453514534,AAAABAACCDBDABCABCDCADCCBDACABDACD,AAAAABACCDBDABACBCCDADCCBDACABADCD,,,3,4748,,,,,,,,,,,,,,51,45,34,000000000000000000000000000000000007100000000000433000000000535000000000,,00004546,,,,,,,,19,2,0,11,11,4546,,55551553341451351343543314535145,AAAABAACCDBDABCABCDCADCCBDACABDA,AAAAABACCDBDABACBCCDADCCBDACABAD,,,3,4546,,,,,,,,,,,,,
49270,41,,,,,,,,,,34,13,000000000000000000000000000000000007535510000000533544000000535500000000,,bb90ab21,,,,,,,,21,0,3,bb90ab21,1890,4748,,5555155334145135134354331453514534,AAAABAACCDBDABCABCDCADCCBDACABDACD,AAAAABACCDBDABACBCCDADCCBDACABADCD,,,3,4748,,,,,,,,,,,,,,45,34,13,000000000000000000000000000000000007100000000000433100000000535500000000,,00004556,,,,,,,,20,3,0,10,10,4556,,5555155334145135134354331453514534,AAAABAACCDBDABCABCDCADCCBDACABDACD,AAAAABACCDBDABACBCCDADCCBDACABADCD,,,3,4556,,,,,,,,,,,,,
49315,42,,,,,,,,,,34,13,000000000000000000000000000000000007535510000000533544000000535500000000,,bb90ab21,,,,,,,,21,0,3,bb90ab21,1890,4748,,5555155334145135134354331453514534,AAAABAACCDBDABCABCDCADCCBDACABDACD,AAAAABACCDBDABACBCCDADCCBDACABADCD,,,3,4748,,,,,,,,,,,,,,34,13,44,000000000000000000000000000000000007100000000000433100000000535554000000,,00004564,,,,,,,,21,4,0,8,8,4564,,555515533414513513435433145351453413,AAAABAACCDBDABCABCDCADCCBDACABDACDBC,AAAAABACCDBDABACBCCDADCCBDACABADCDBC,,,3,4564,,,,,,,,,,,,,
49335,43,,,,,,,,,34,13,44,000000000000000000000000000000000007510000000000544000000000500000000000,,00004757,,,,,,,,22,1,0,9,9,4757,,555515533414513513435433145351453413,AAAABAACCDBDABCABCDCADCCBDACABDACDBC,AAAAABACCDBDABACBCCDADCCBDACABADCDBC,,,3,4757,,,,,,,,,,,,,,34,13,44,000000000000000000000000000000000007100000000000433100000000535554000000,,00004564,,,,,,,,21,4,0,8,8,4564,,555515533414513513435433145351453413,AAAABAACCDBDABCABCDCADCCBDACABDACDBC,AAAAABACCDBDABACBCCDADCCBDACABADCDBC,,,3,4564,,,,,,,,,,,,,
49389,44,,,,,,,,,13,44,55,000000000000000000000000000000000007510000000000544000000000543000000000,,00004768,,,,,,,,23,2,0,11,11,4768,,55551553341451351343543314535145341344,AAAABAACCDBDABCABCDCADCCBDACABDACDBCDD,AAAAABACCDBDABACBCCDADCCBDACABADCDBCDD,,,3,4768,,,,,,,,,,,,,,34,13,44,000000000000000000000000000000000007100000000000433100000000535554000000,,00004564,,,,,,,,21,4,0,8,8,4564,,555515533414513513435433145351453413,AAAABAACCDBDABCABCDCADCCBDACABDACDBC,AAAAABACCDBDABACBCCDADCCBDACABADCDBC,,,3,4564,,,,,,,,,,,,,
49427,45,,,,,,,,,13,44,55,000000000000000000000000000000000007510000000000544000000000543000000000,,00004768,,,,,,,,23,2,0,11,11,4768,,55551553341451351343543314535145341344,AAAABAACCDBDABCABCDCADCCBDACABDACDBCDD,AAAAABACCDBDABACBCCDADCCBDACABADCDBCDD,,,3,4768,,,,,,,,,,,,,,13,44,55,000000000000600000000000600000000007100000000000433134000000535554600000,,00004573,,,,,,,,22,5,0,9,9,4573,,55551553341451351343543314535145341344,AAAABAACCDBDABCABCDCADCCBDACABDACDBCDD,AAAAABACCDBDABACBCCDADCCBDACABADCDBCDD,,,3,4573,,,,,,,,,,,,,
49439,46,,,,,,,,,44,55,14,000000000000000000000000000000000007510000000000544100000000543300000000,,00004778,,,,,,,,24,3,0,10,10,4778,,5555155334145135134354331453514534134455,AAAABAACCDBDABCABCDCADCCBDACABDACDBCDDAA,AAAAABACCDBDABACBCCDADCCBDACABADCDBCDDAA,,,3,4778,,,,,,,,,,,,,,13,44,55,000000000000600000000000600000000007100000000000433134000000535554600000,,00004573,,,,,,,,22,5,0,9,9,4573,,55551553341451351343543314535145341344,AAAABAACCDBDABCABCDCADCCBDACABDACDBCDD,AAAAABACCDBDABACBCCDADCCBDACABADCDBCDD,,,3,4573,,,,,,,,,,,,,
49477,47,,,,,,,,,44,55,14,000000000000000000000000000000000007510000000000544100000000543300000000,,00004778,,,,,,,,24,3,0,10,10,4778,,5555155334145135134354331453514534134455,AAAABAACCDBDABCABCDCADCCBDACABDACDBCDDAA,AAAAABACCDBDABACBCCDADCCBDACABADCDBCDDAA,,,3,4778,,,,,,,,,,,,,,44,55,14,000000000000600000000000630000000007110000000000433134000000535554600000,,00004585,,,,,,,,23,6,0,12,12,4585,,5555155334145135134354331453514534134455,AAAABAACCDBDABCABCDCADCCBDACABDACDBCDDAA,AAAAABACCDBDABACBCCDADCCBDACABADCDBCDDAA,,,3,4585,,,,,,,,,,,,,
49490,48,,,,,,,,,55,14,35,000000000000400000000000400000000007510000000000544100000000543300000000,,00004791,,,,,,,,25,4,0,13,13,4791,,555515533414513513435433145351453413445514,AAAABAACCDBDABCABCDCADCCBDACABDACDBCDDAABD,AAAAABACCDBDABACBCCDADCCBDACABADCDBCDDAABD,,,3,4791,,,,,,,,,,,,,,44,55,14,000000000000600000000000630000000007110000000000433134000000535554600000,,00004585,,,,,,,,23,6,0,12,12,4585,,5555155334145135134354331453514534134455,AAAABAACCDBDABCABCDCADCCBDACABDACDBCDDAA,AAAAABACCDBDABACBCCDADCCBDACABADCDBCDDAA,,,3,4585,,,,,,,,,,,,,
49530,49,,,,,,,,,55,14,35,000000000000400000000000400000000007510000000000544100000000543300000000,,00004791,,,,,,,,25,4,0,13,13,4791,,555515533414513513435433145351453413445514,AAAABAACCDBDABCABCDCADCCBDACABDACDBCDDAABD,AAAAABACCDBDABACBCCDADCCBDACABADCDBCDDAABD,,,3,4791,,,,,,,,,,,,,,55,14,35,440000000000600000000000630000000007110000000000433134000000535554600000,,00004597,,,,,,,,24,7,0,12,12,4597,,555515533414513513435433145351453413445514,AAAABAACCDBDABCABCDCADCCBDACABDACDBCDDAABD,AAAAABACCDBDABACBCCDADCCBDACABADCDBCDDAABD,,,3,4597,,,,,,,,,,,,,
49537,50,,,,,,,,,14,35,51,000000000000450000000000450000000007510000000000544100000000543300000000,,00004803,,,,,,,,26,5,0,12,12,4803,,55551553341451351343543314535145341344551435,AAAABAACCDBDABCABCDCADCCBDACABDACDBCDDAABDCA,AAAAABACCDBDABACBCCDADCCBDACABADCDBCDDAABDAC,,,3,4803,,,,,,,,,,,,,,55,14,35,440000000000600000000000630000000007110000000000433134000000535554600000,,00004597,,,,,,,,24,7,0,12,12,4597,,555515533414513513435433145351453413445514,AAAABAACCDBDABCABCDCADCCBDACABDACDBCDDAABD,AAAAABACCDBDABACBCCDADCCBDACABADCDBCDDAABD,,,3,4597,,,,,,,,,,,,,
49577,51,,,,,,,,,14,35,51,000000000000450000000000450000000007510000000000544100000000543300000000,,00004803,,,,,,,,26,5,0,12,12,4803,,55551553341451351343543314535145341344551435,AAAABAACCDBDABCABCDCADCCBDACABDACDBCDDAABDCA,AAAAABACCDBDABACBCCDADCCBDACABADCDBCDDAABDAC,,,3,4803,,,,,,,,,,,,,,14,35,51,445500000000600000000000630000000007110000000000433134000000535554600000,,00004607,,,,,,,,25,8,0,10,10,4607,,55551553341451351343543314535145341344551435,AAAABAACCDBDABCABCDCADCCBDACABDACDBCDDAABDCA,AAAAABACCDBDABACBCCDADCCBDACABADCDBCDDAABDAC,,,3,4607,,,,,,,,,,,,,
49586,52,,,,,,,,,35,51,51,000000000000450000000000454000000007511000000000544100000000543300000000,,00004814,,,,,,,,27,6,0,11,11,4814,,5555155334145135134354331453514534134455143551,AAAABAACCDBDABCABCDCADCCBDACABDACDBCDDAABDCAAB,AAAAABACCDBDABACBCCDADCCBDACABADCDBCDDAABDACAB,,,3,4814,,,,,,,,,,,,,,14,35,51,445500000000600000000000630000000007110000000000433134000000535554600000,,00004607,,,,,,,,25,8,0,10,10,4607,,55551553341451351343543314535145341344551435,AAAABAACCDBDABCABCDCADCCBDACABDACDBCDDAABDCA,AAAAABACCDBDABACBCCDADCCBDACABADCDBCDDAABDAC,,,3,4607,,,,,,,,,,,,,
49633,53,,,,,,,,,51,51,34,000000000000450000000000454000000007511000000000544100000000543335000000,,00004823,,,,,,,,28,7,0,9,9,4823,,555515533414513513435433145351453413445514355151,AAAABAACCDBDABCABCDCADCCBDACABDACDBCDDAABDCAABAB,AAAAABACCDBDABACBCCDADCCBDACABADCDBCDDAABDACABAB,,,3,4823,,,,,,,,,,,,,,14,35,51,445500000000600000000000630000000007110000000000433134000000535554600000,,00004607,,,,,,,,25,8,0,10,10,4607,,55551553341451351343543314535145341344551435,AAAABAACCDBDABCABCDCADCCBDACABDACDBCDDAABDCA,AAAAABACCDBDABACBCCDADCCBDACABADCDBCDDAABDAC,,,3,4607,,,,,,,,,,,,,
49649,54,,,,,,,,,51,51,34,000000000000450000000000454000000007511000000000544100000000543335000000,,00004823,,,,,,,,28,7,0,9,9,4823,,555515533414513513435433145351453413445514355151,AAAABAACCDBDABCABCDCADCCBDACABDACDBCDDAABDCAABAB,AAAAABACCDBDABACBCCDADCCBDACABADCDBCDDAABDACABAB,,,3,4823,,,,,,,,,,,,,,35,51,51,445500000000600000000000630000000007111000000000433134400000535554600000,,00004614,,,,,,,,26,9,0,7,7,4614,,5555155334145135134354331453514534134455143551,AAAABAACCDBDABCABCDCADCCBDACABDACDBCDDAABDCAAB,AAAAABACCDBDABACBCCDADCCBDACABADCDBCDDAABDACAB,,,3,4614,,,,,,,,,,,,,
49677,55,,,,,,,,,51,34,44,000000000000450000000000454000000007511000000000544115000000543335000000,,00004831,,,,,,,,29,8,0,8,8,4831,,55551553341451351343543314535145341344551435515134,AAAABAACCDBDABCABCDCADCCBDACABDACDBCDDAABDCAABABCD,AAAAABACCDBDABACBCCDADCCBDACABADCDBCDDAABDACABABCD,,,3,4831,,,,,,,,,,,,,,35,51,51,445500000000600000000000630000000007111000000000433134400000535554600000,,00004614,,,,,,,,26,9,0,7,7,4614,,5555155334145135134354331453514534134455143551,AAAABAACCDBDABCABCDCADCCBDACABDACDBCDDAABDCAAB,AAAAABACCDBDABACBCCDADCCBDACABADCDBCDDAABDACAB,,,3,4614,,,,,,,,,,,,,
49700,56,,,,,,,,,51,34,44,000000000000450000000000454000000007511000000000544115000000543335000000,,00004831,,,,,,,,29,8,0,8,8,4831,,55551553341451351343543314535145341344551435515134,AAAABAACCDBDABCABCDCADCCBDACABDACDBCDDAABDCAABABCD,AAAAABACCDBDABACBCCDADCCBDACABADCDBCDDAABDACABABCD,,,3,4831,,,,,,,,,,,,,,51,51,34,445500000000635000000000630000000007111000000000433134400000535554600000,,00004626,,,,,,,,27,10,0,12,12,4626,,555515533414513513435433145351453413445514355151,AAAABAACCDBDABCABCDCADCCBDACABDACDBCDDAABDCAABAB,AAAAABACCDBDABACBCCDADCCBDACABADCDBCDDAABDACABAB,,,3,4626,,,,,,,,,,,,,
49723,57,,,,,,,,,34,44,41,000000000000450000000000454100000007511500000000544115000000543335000000,,00004841,,,,,,,,30,9,0,10,10,4841,,5555155334145135134354331453514534134455143551513444,AAAABAACCDBDABCABCDCADCCBDACABDACDBCDDAABDCAABABCDDD,AAAAABACCDBDABACBCCDADCCBDACABADCDBCDDAABDACABABCDDD,,,3,4841,,,,,,,,,,,,,,51,51,34,445500000000635000000000630000000007111000000000433134400000535554600000,,00004626,,,,,,,,27,10,0,12,12,4626,,555515533414513513435433145351453413445514355151,AAAABAACCDBDABCABCDCADCCBDACABDACDBCDDAABDCAABAB,AAAAABACCDBDABACBCCDADCCBDACABADCDBCDDAABDACABAB,,,3,4626,,,,,,,,,,,,,
49743,58,,,,,,,,,34,44,41,000000000000450000000000454100000007511500000000544115000000543335000000,,00004841,,,,,,,,30,9,0,10,10,4841,,5555155334145135134354331453514534134455143551513444,AAAABAACCDBDABCABCDCADCCBDACABDACDBCDDAABDCAABABCDDD,AAAAABACCDBDABACBCCDADCCBDACABADCDBCDDAABDACABABCDDD,,,3,4841,,,,,,,,,,,,,,51,34,44,445500000000635150000000630000000007111000000000433134400000535554600000,,00004635,,,,,,,,28,11,0,9,9,4635,,55551553341451351343543314535145341344551435515134,AAAABAACCDBDABCABCDCADCCBDACABDACDBCDDAABDCAABABCD,AAAAABACCDBDABACBCCDADCCBDACABADCDBCDDAABDACABABCD,,,3,4635,,,,,,,,,,,,,
49767,59,,,,,,,,,44,41,45,000000000000450000000000454100000007511500000000544115000000543335340000,,00004848,,,,,,,,31,10,0,7,7,4848,,555515533414513513435433145351453413445514355151344441,AAAABAACCDBDABCABCDCADCCBDACABDACDBCDDAABDCAABABCDDDDB,AAAAABACCDBDABACBCCDADCCBDACABADCDBCDDAABDACABABCDDDBD,,,3,4848,,,,,,,,,,,,,,51,34,44,445500000000635150000000630000000007111000000000433134400000535554600000,,00004635,,,,,,,,28,11,0,9,9,4635,,55551553341451351343543314535145341344551435515134,AAAABAACCDBDABCABCDCADCCBDACABDACDBCDDAABDCAABABCD,AAAAABACCDBDABACBCCDADCCBDACABADCDBCDDAABDACABABCD,,,3,4635,,,,,,,,,,,,,
49778,60,,,,,,,,,44,41,45,000000000000450000000000454100000007511500000000544115000000543335340000,,00004848,,,,,,,,31,10,0,7,7,4848,,555515533414513513435433145351453413445514355151344441,AAAABAACCDBDABCABCDCADCCBDACABDACDBCDDAABDCAABABCDDDDB,AAAAABACCDBDABACBCCDADCCBDACABADCDBCDDAABDACABABCDDDBD,,,3,4848,,,,,,,,,,,,,,,34,44,445551000000635150000000630000000007111000000000433134400000535554600000,,bb50abb2,,,,,,,,29,0,1,bb50abb2,100,4735,,55551553341451351343543314535145341344551435515134,AAAABAACCDBDABCABCDCADCCBDACABDACDBCDDAABDCAABABCD,AAAAABACCDBDABACBCCDADCCBDACABADCDBCDDAABDACABABCD,,,3,4735,,,,,,,,,,,,,
49814,61,,,,,,,,,41,45,14,000000000000454400000000454100000007511500000000544115000000543335340000,,00004858,,,,,,,,32,11,0,10,10,4858,,55551553341451351343543314535145341344551435515134444145,AAAABAACCDBDABCABCDCADCCBDACABDACDBCDDAABDCAABABCDDDDBDA,AAAAABACCDBDABACBCCDADCCBDACABADCDBCDDAABDACABABCDDDBDAD,,,3,4858,,,,,,,,,,,,,,,34,44,445551000000635150000000630000000007111000000000433134400000535554600000,,bb50abb2,,,,,,,,29,0,1,bb50abb2,100,4735,,55551553341451351343543314535145341344551435515134,AAAABAACCDBDABCABCDCADCCBDACABDACDBCDDAABDCAABABCD,AAAAABACCDBDABACBCCDADCCBDACABADCDBCDDAABDACABABCD,,,3,4735,,,,,,,,,,,,,
49870,62,,,,,,,,,45,14,53,410000000000454400000000454100000007511500000000544113000000543335340000,,00004871,,,,,,,,33,12,0,13,13,4871,,5555155334145135134354331453514534134455143551513444414514,AAAABAACCDBDABCABCDCADCCBDACABDACDBCDDAABDCAABABCDDDDBDABD,AAAAABACCDBDABACBCCDADCCBDACABADCDBCDDAABDACABABCDDDBDADBD,,,3,4871,,,,,,,,,,,,,,,34,44,445551000000635150000000630000000007111000000000433134400000535554600000,,bb50abb2,,,,,,,,29,0,1,bb50abb2,100,4735,,55551553341451351343543314535145341344551435515134,AAAABAACCDBDABCABCDCADCCBDACABDACDBCDDAABDCAABABCD,AAAAABACCDBDABACBCCDADCCBDACABADCDBCDDAABDACABABCD,,,3,4735,,,,,,,,,,,,,
49874,63,,,,,,,,,45,14,53,410000000000454400000000454100000007511500000000544113000000543335340000,,00004871,,,,,,,,33,12,0,13,13,4871,,5555155334145135134354331453514534134455143551513444414514,AAAABAACCDBDABCABCDCADCCBDACABDACDBCDDAABDCAABABCDDDDBDABD,AAAAABACCDBDABACBCCDADCCBDACABADCDBCDDAABDACABABCDDDBDADBD,,,3,4871,,,,,,,,,,,,,,34,44,41,441000000000631000000000630000000007111000000000433134400000535554600000,,00004744,,,,,,,,30,1,0,9,9,4744,,5555155334145135134354331453514534134455143551513444,AAAABAACCDBDABCABCDCADCCBDACABDACDBCDDAABDCAABABCDDD,AAAAABACCDBDABACBCCDADCCBDACABADCDBCDDAABDACABABCDDD,,,3,4744,,,,,,,,,,,,,
49935,64,,,,,,,,,45,14,53,410000000000454400000000454100000007511500000000544113000000543335340000,,00004871,,,,,,,,33,12,0,13,13,4871,,5555155334145135134354331453514534134455143551513444414514,AAAABAACCDBDABCABCDCADCCBDACABDACDBCDDAABDCAABABCDDDDBDABD,AAAAABACCDBDABACBCCDADCCBDACABADCDBCDDAABDACABABCDDDBDADBD,,,3,4871,,,,,,,,,,,,,,44,41,45,441000000000631400000000633000000007111000000000433134400000535554600000,,00004754,,,,,,,,31,2,0,10,10,4754,,555515533414513513435433145351453413445514355151344441,AAAABAACCDBDABCABCDCADCCBDACABDACDBCDDAABDCAABABCDDDDB,AAAAABACCDBDABACBCCDADCCBDACABADCDBCDDAABDACABABCDDDBD,,,3,4754,,,,,,,,,,,,,
49981,65,,,,,,,,,45,14,53,410000000000454400000000454100000007511500000000544113000000543335340000,,00004871,,,,,,,,33,12,0,13,13,4871,,5555155334145135134354331453514534134455143551513444414514,AAAABAACCDBDABCABCDCADCCBDACABDACDBCDDAABDCAABABCDDDDBDABD,AAAAABACCDBDABACBCCDADCCBDACABADCDBCDDAABDACABABCDDDBDADBD,,,3,4871,,,,,,,,,,,,,,41,45,14,441440000000631400000000633000000007111000000000433134400000535554600000,,00004763,,,,,,,,32,3,0,9,9,4763,,55551553341451351343543314535145341344551435515134444145,AAAABAACCDBDABCABCDCADCCBDACABDACDBCDDAABDCAABABCDDDDBDA,AAAAABACCDBDABACBCCDADCCBDACABADCDBCDDAABDACABABCDDDBDAD,,,3,4763,,,,,,,,,,,,,
49995,66,,,,,,,,,14,53,13,410000000000454460000000454160000007511500000000544115500000543335344600,,00004876,,,,,,,,34,13,0,5,5,4876,,555515533414513513435433145351453413445514355151344441451453,AAAABAACCDBDABCABCDCADCCBDACABDACDBCDDAABDCAABABCDDDDBDABDAC,AAAAABACCDBDABACBCCDADCCBDACABADCDBCDDAABDACABABCDDDBDADBDAC,,,3,4876,,,,,,,,,,,,,,41,45,14,441440000000631400000000633000000007111000000000433134400000535554600000,,00004763,,,,,,,,32,3,0,9,9,4763,,55551553341451351343543314535145341344551435515134444145,AAAABAACCDBDABCABCDCADCCBDACABDACDBCDDAABDCAABABCDDDDBDA,AAAAABACCDBDABACBCCDADCCBDACABADCDBCDDAABDACABABCDDDBDAD,,,3,4763,,,,,,,,,,,,,
50023,67,,,,,,,,,14,53,13,410000000000454460000000454160000007511500000000544115500000543335344600,,00004876,,,,,,,,34,13,0,5,5,4876,,555515533414513513435433145351453413445514355151344441451453,AAAABAACCDBDABCABCDCADCCBDACABDACDBCDDAABDCAABABCDDDDBDABDAC,AAAAABACCDBDABACBCCDADCCBDACABADCDBCDDAABDACABABCDDDBDADBDAC,,,3,4876,,,,,,,,,,,,,,45,14,53,441440000000631414000000633000000007111000000000433134400000535554600000,,00004771,,,,,,,,33,4,0,8,8,4771,,5555155334145135134354331453514534134455143551513444414514,AAAABAACCDBDABCABCDCADCCBDACABDACDBCDDAABDCAABABCDDDDBDABD,AAAAABACCDBDABACBCCDADCCBDACABADCDBCDDAABDACABABCDDDBDADBD,,,3,4771,,,,,,,,,,,,,
50037,68,,,,,,,,,53,13,44,410000000000454461400000454160000007511500000000544115500000543335344600,,00004884,,,,,,,,35,14,0,8,8,4884,,55551553341451351343543314535145341344551435515134444145145313,AAAABAACCDBDABCABCDCADCCBDACABDACDBCDDAABDCAABABCDDDDBDABDACBC,AAAAABACCDBDABACBCCDADCCBDACABADCDBCDDAABDACABABCDDDBDADBDACBC,,,3,4884,,,,,,,,,,,,,,45,14,53,441440000000631414000000633000000007111000000000433134400000535554600000,,00004771,,,,,,,,33,4,0,8,8,4771,,5555155334145135134354331453514534134455143551513444414514,AAAABAACCDBDABCABCDCADCCBDACABDACDBCDDAABDCAABABCDDDDBDABD,AAAAABACCDBDABACBCCDADCCBDACABADCDBCDDAABDACABABCDDDBDADBD,,,3,4771,,,,,,,,,,,,,
50083,69,,,,,,,,,53,13,44,410000000000454461400000454160000007511500000000544115500000543335344600,,00004884,,,,,,,,35,14,0,8,8,4884,,55551553341451351343543314535145341344551435515134444145145313,AAAABAACCDBDABCABCDCADCCBDACABDACDBCDDAABDCAABABCDDDDBDABDACBC,AAAAABACCDBDABACBCCDADCCBDACABADCDBCDDAABDACABABCDDDBDADBDACBC,,,3,4884,,,,,,,,,,,,,,14,53,13,441445000000631414400000633000000007111000000000433134400000535554600000,,00004778,,,,,,,,34,5,0,7,7,4778,,555515533414513513435433145351453413445514355151344441451453,AAAABAACCDBDABCABCDCADCCBDACABDACDBCDDAABDCAABABCDDDDBDABDAC,AAAAABACCDBDABACBCCDADCCBDACABADCDBCDDAABDACABABCDDDBDADBDAC,,,3,4778,,,,,,,,,,,,,
50098,70,,,,,,,,,13,44,44,410000000000454461400000454163000007511550000000544115500000543335344600,,00004892,,,,,,,,36,15,0,8,8,4892,,5555155334145135134354331453514534134455143551513444414514531344,AAAABAACCDBDABCABCDCADCCBDACABDACDBCDDAABDCAABABCDDDDBDABDACBCDD,AAAAABACCDBDABACBCCDADCCBDACABADCDBCDDAABDACABABCDDDBDADBDACBCDD,,,3,4892,,,,,,,,,,,,,,14,53,13,441445000000631414400000633000000007111000000000433134400000535554600000,,00004778,,,,,,,,34,5,0,7,7,4778,,555515533414513513435433145351453413445514355151344441451453,AAAABAACCDBDABCABCDCADCCBDACABDACDBCDDAABDCAABABCDDDDBDABDAC,AAAAABACCDBDABACBCCDADCCBDACABADCDBCDDAABDACABABCDDDBDADBDAC,,,3,4778,,,,,,,,,,,,,
50149,72,,,,,,,,,44,44,33,411300000000454461400000454163000007511550000000544115500000543335344600,,00004903,,,,,,,,37,16,0,11,11,4903,,555515533414513513435433145351453413445514355151344441451453134444,AAAABAACCDBDABCABCDCADCCBDACABDACDBCDDAABDCAABABCDDDDBDABDACBCDDDD,AAAAABACCDBDABACBCCDADCCBDACABADCDBCDDAABDACABABCDDDBDADBDACBCDDDD,,,3,4903,,,,,,,,,,L_T1_GTR03_22110002,,,,53,13,44,441445000000631414440000633100000007111000000000433134400000535554600000,,00004784,,,,,,,,35,6,0,6,6,4784,,55551553341451351343543314535145341344551435515134444145145313,AAAABAACCDBDABCABCDCADCCBDACABDACDBCDDAABDCAABABCDDDDBDABDACBC,AAAAABACCDBDABACBCCDADCCBDACABADCDBCDDAABDACABABCDDDBDADBDACBC,,,3,4784,,,,,,,,,,,,,
50192,73,,,,,,,,,44,44,33,411300000000454461400000454163000007511550000000544115500000543335344600,,00004903,,,,,,,,37,16,0,11,11,4903,,555515533414513513435433145351453413445514355151344441451453134444,AAAABAACCDBDABCABCDCADCCBDACABDACDBCDDAABDCAABABCDDDDBDABDACBCDDDD,AAAAABACCDBDABACBCCDADCCBDACABADCDBCDDAABDACABABCDDDBDADBDACBCDDDD,,,3,4903,,,,,,,,,,L_T1_GTR03_22110002,,,,13,44,44,441445530000631414440000633100000007111000000000433134400000535554600000,,00004791,,,,,,,,36,7,0,7,7,4791,,5555155334145135134354331453514534134455143551513444414514531344,AAAABAACCDBDABCABCDCADCCBDACABDACDBCDDAABDCAABABCDDDDBDABDACBCDD,AAAAABACCDBDABACBCCDADCCBDACABADCDBCDDAABDACABABCDDDBDADBDACBCDD,,,3,4791,,,,,,,,,,,,,
50194,74,,,,,,,,,44,33,44,411344000000454461400000454163000007511550000000544115500000543335344600,,00004911,,,,,,,,38,17,0,8,8,4911,,55551553341451351343543314535145341344551435515134444145145313444433,AAAABAACCDBDABCABCDCADCCBDACABDACDBCDDAABDCAABABCDDDDBDABDACBCDDDDCC,AAAAABACCDBDABACBCCDADCCBDACABADCDBCDDAABDACABABCDDDBDADBDACBCDDDDCC,,,3,4911,,,,,,,,,,L_T1_GTR03_22110002,,,,13,44,44,441445530000631414440000633100000007111000000000433134400000535554600000,,00004791,,,,,,,,36,7,0,7,7,4791,,5555155334145135134354331453514534134455143551513444414514531344,AAAABAACCDBDABCABCDCADCCBDACABDACDBCDDAABDCAABABCDDDDBDABDACBCDD,AAAAABACCDBDABACBCCDADCCBDACABADCDBCDDAABDACABABCDDDBDADBDACBCDD,,,3,4791,,,,,,,,,,,,,
50232,75,,,,,,,,,33,44,55,411344000000454461444000454163000007511550000000544115500000543335344600,,00004916,,,,,,,,39,18,0,5,5,4916,,5555155334145135134354331453514534134455143551513444414514531344443344,AAAABAACCDBDABCABCDCADCCBDACABDACDBCDDAABDCAABABCDDDDBDABDACBCDDDDCCDD,AAAAABACCDBDABACBCCDADCCBDACABADCDBCDDAABDACABABCDDDBDADBDACBCDDDDCCDD,,,3,4916,,,,,,,,,,L_T1_GTR03_22110002,,,,13,44,44,441445530000631414440000633100000007111000000000433134400000535554600000,,00004791,,,,,,,,36,7,0,7,7,4791,,5555155334145135134354331453514534134455143551513444414514531344,AAAABAACCDBDABCABCDCADCCBDACABDACDBCDDAABDCAABABCDDDDBDABDACBCDD,AAAAABACCDBDABACBCCDADCCBDACABADCDBCDDAABDACABABCDDDBDADBDACBCDD,,,3,4791,,,,,,,,,,,,,
50236,76,,,,,,,,,33,44,55,411344000000454461444000454163000007511550000000544115500000543335344600,,00004916,,,,,,,,39,18,0,5,5,4916,,5555155334145135134354331453514534134455143551513444414514531344443344,AAAABAACCDBDABCABCDCADCCBDACABDACDBCDDAABDCAABABCDDDDBDABDACBCDDDDCCDD,AAAAABACCDBDABACBCCDADCCBDACABADCDBCDDAABDACABABCDDDBDADBDACBCDDDDCCDD,,,3,4916,,,,,,,,,,L_T1_GTR03_22110002,,,,44,44,33,441445530000631414440000633100000007111310000000433134400000535554600000,,00004800,,,,,,,,37,8,0,9,9,4800,,555515533414513513435433145351453413445514355151344441451453134444,AAAABAACCDBDABCABCDCADCCBDACABDACDBCDDAABDCAABABCDDDDBDABDACBCDDDD,AAAAABACCDBDABACBCCDADCCBDACABADCDBCDDAABDACABABCDDDBDADBDACBCDDDD,,,3,4800,,,,,,,,,,,,,
50272,78,,,,,,,,,44,55,14,411344330000454461444000454163000007511550000000544115500000543335344600,,00004922,,,,,,,,40,19,0,6,6,4922,,555515533414513513435433145351453413445514355151344441451453134444334455,AAAABAACCDBDABCABCDCADCCBDACABDACDBCDDAABDCAABABCDDDDBDABDACBCDDDDCCDDAA,AAAAABACCDBDABACBCCDADCCBDACABADCDBCDDAABDACABABCDDDBDADBDACBCDDDDCCDDAA,,,3,4922,,,,,,,,,,L_T1_GTR03_22110002,,,,44,33,44,441445534400631414440000633100000007111310000000433134400000535554600000,,00004804,,,,,,,,38,9,0,4,4,4804,,55551553341451351343543314535145341344551435515134444145145313444433,AAAABAACCDBDABCABCDCADCCBDACABDACDBCDDAABDCAABABCDDDDBDABDACBCDDDDCC,AAAAABACCDBDABACBCCDADCCBDACABADCDBCDDAABDACABABCDDDBDADBDACBCDDDDCC,,,3,4804,,,,,,,,,,,,,
50296,79,,,,,,,,,44,55,14,411344330000454461444000454163000007511550000000544115500000543335344600,,00004922,,,,,,,,40,19,0,6,6,4922,,555515533414513513435433145351453413445514355151344441451453134444334455,AAAABAACCDBDABCABCDCADCCBDACABDACDBCDDAABDCAABABCDDDDBDABDACBCDDDDCCDDAA,AAAAABACCDBDABACBCCDADCCBDACABADCDBCDDAABDACABABCDDDBDADBDACBCDDDDCCDDAA,,,3,4922,,,,,,,,,,L_T1_GTR03_22110002,,,,,33,44,441445534400631414444400633100000007111310000000433134400000535554600000,,bb70abb4,,,,,,,,39,0,1,bb70abb4,280,5084,,55551553341451351343543314535145341344551435515134444145145313444433,AAAABAACCDBDABCABCDCADCCBDACABDACDBCDDAABDCAABABCDDDDBDABDACBCDDDDCC,AAAAABACCDBDABACBCCDADCCBDACABADCDBCDDAABDACABABCDDDBDADBDACBCDDDDCC,,,3,5084,,,,,,,,,,,,,
50311,80,,,,,,,,,55,14,13,411344330000454461444000454163000007511554400000544115500000543335344600,,00004929,,,,,,,,41,20,0,7,7,4929,,55551553341451351343543314535145341344551435515134444145145313444433445514,AAAABAACCDBDABCABCDCADCCBDACABDACDBCDDAABDCAABABCDDDDBDABDACBCDDDDCCDDAABD,AAAAABACCDBDABACBCCDADCCBDACABADCDBCDDAABDACABABCDDDBDADBDACBCDDDDCCDDAABD,,,3,4929,,,,,,,,,,L_T1_GTR03_22110002,,,,,33,44,441445534400631414444400633100000007111310000000433134400000535554600000,,bb70abb4,,,,,,,,39,0,1,bb70abb4,280,5084,,55551553341451351343543314535145341344551435515134444145145313444433,AAAABAACCDBDABCABCDCADCCBDACABDACDBCDDAABDCAABABCDDDDBDABDACBCDDDDCC,AAAAABACCDBDABACBCCDADCCBDACABADCDBCDDAABDACABABCDDDBDADBDACBCDDDDCC,,,3,5084,,,,,,,,,,,,,
50362,81,,,,,,,,,55,14,13,411344330000454461444000454163000007511554400000544115500000543335344600,,00004929,,,,,,,,41,20,0,7,7,4929,,55551553341451351343543314535145341344551435515134444145145313444433445514,AAAABAACCDBDABCABCDCADCCBDACABDACDBCDDAABDCAABABCDDDDBDABDACBCDDDDCCDDAABD,AAAAABACCDBDABACBCCDADCCBDACABADCDBCDDAABDACABABCDDDBDADBDACBCDDDDCCDDAABD,,,3,4929,,,,,,,,,,L_T1_GTR03_22110002,,,,33,44,55,441445530000631410000000633100000007111310000000433134400000535554600000,,00005088,,,,,,,,40,1,0,4,4,5088,,5555155334145135134354331453514534134455143551513444414514531344443344,AAAABAACCDBDABCABCDCADCCBDACABDACDBCDDAABDCAABABCDDDDBDABDACBCDDDDCCDD,AAAAABACCDBDABACBCCDADCCBDACABADCDBCDDAABDACABABCDDDBDADBDACBCDDDDCCDD,,,3,5088,,,,,,,,,,,,,
50398,82,,,,,,,,,55,14,13,411344330000454461444000454163000007511554400000544115500000543335344600,,00004929,,,,,,,,41,20,0,7,7,4929,,55551553341451351343543314535145341344551435515134444145145313444433445514,AAAABAACCDBDABCABCDCADCCBDACABDACDBCDDAABDCAABABCDDDDBDABDACBCDDDDCCDDAABD,AAAAABACCDBDABACBCCDADCCBDACABADCDBCDDAABDACABABCDDDBDADBDACBCDDDDCCDDAABD,,,3,4929,,,,,,,,,,L_T1_GTR03_22110002,,,,44,55,14,441445533300631410000000633100000007111310000000433134400000535554600000,,00005092,,,,,,,,41,2,0,4,4,5092,,555515533414513513435433145351453413445514355151344441451453134444334455,AAAABAACCDBDABCABCDCADCCBDACABDACDBCDDAABDCAABABCDDDDBDABDACBCDDDDCCDDAA,AAAAABACCDBDABACBCCDADCCBDACABADCDBCDDAABDACABABCDDDBDADBDACBCDDDDCCDDAA,,,3,5092,,,,,,,,,,,,,
50418,83,,,,,,,,,14,13,15,411344336000454461444600454163000007511554455600544115560000543335344660,,00004934,,,,,,,,42,21,0,5,5,4934,,5555155334145135134354331453514534134455143551513444414514531344443344551413,AAAABAACCDBDABCABCDCADCCBDACABDACDBCDDAABDCAABABCDDDDBDABDACBCDDDDCCDDAABDBC,AAAAABACCDBDABACBCCDADCCBDACABADCDBCDDAABDACABABCDDDBDADBDACBCDDDDCCDDAABDBC,,,3,4934,,,,,,,,,,L_T1_GTR03_22110002,,,,44,55,14,441445533300631410000000633100000007111310000000433134400000535554600000,,00005092,,,,,,,,41,2,0,4,4,5092,,555515533414513513435433145351453413445514355151344441451453134444334455,AAAABAACCDBDABCABCDCADCCBDACABDACDBCDDAABDCAABABCDDDDBDABDACBCDDDDCCDDAA,AAAAABACCDBDABACBCCDADCCBDACABADCDBCDDAABDACABABCDDDBDADBDACBCDDDDCCDDAA,,,3,5092,,,,,,,,,,,,,
50434,84,,,,,,,,,14,13,15,411344336000454461444600454163000007511554455600544115560000543335344660,,00004934,,,,,,,,42,21,0,5,5,4934,,5555155334145135134354331453514534134455143551513444414514531344443344551413,AAAABAACCDBDABCABCDCADCCBDACABDACDBCDDAABDCAABABCDDDDBDABDACBCDDDDCCDDAABDBC,AAAAABACCDBDABACBCCDADCCBDACABADCDBCDDAABDACABABCDDDBDADBDACBCDDDDCCDDAABDBC,,,3,4934,,,,,,,,,,L_T1_GTR03_22110002,,,,55,14,13,441445533344631410000000633100000007111310000000433134400000535554600000,,00005095,,,,,,,,42,3,0,3,3,5095,,55551553341451351343543314535145341344551435515134444145145313444433445514,AAAABAACCDBDABCABCDCADCCBDACABDACDBCDDAABDCAABABCDDDDBDABDACBCDDDDCCDDAABD,AAAAABACCDBDABACBCCDADCCBDACABADCDBCDDAABDACABABCDDDBDADBDACBCDDDDCCDDAABD,,,3,5095,,,,,,,,,,,,,
50453,85,,,,,,,,,,13,15,411344336000454461444600454163140007511554455600544115560000543335344660,,bb40abb1,,,,,,,,43,0,1,bb40abb1,40,4974,,5555155334145135134354331453514534134455143551513444414514531344443344551413,AAAABAACCDBDABCABCDCADCCBDACABDACDBCDDAABDCAABABCDDDDBDABDACBCDDDDCCDDAABDBC,AAAAABACCDBDABACBCCDADCCBDACABADCDBCDDAABDACABABCDDDBDADBDACBCDDDDCCDDAABDBC,,,3,4974,,,,,,,,,,L_T1_GTR03_22110002,,,,55,14,13,441445533344631410000000633100000007111310000000433134400000535554600000,,00005095,,,,,,,,42,3,0,3,3,5095,,55551553341451351343543314535145341344551435515134444145145313444433445514,AAAABAACCDBDABCABCDCADCCBDACABDACDBCDDAABDCAABABCDDDDBDABDACBCDDDDCCDDAABD,AAAAABACCDBDABACBCCDADCCBDACABADCDBCDDAABDACABABCDDDBDADBDACBCDDDDCCDDAABD,,,3,5095,,,,,,,,,,,,,
50471,86,,,,,,,,,,13,15,411344336000454461444600454163140007511554455600544115560000543335344660,,bb40abb1,,,,,,,,43,0,1,bb40abb1,40,4974,,5555155334145135134354331453514534134455143551513444414514531344443344551413,AAAABAACCDBDABCABCDCADCCBDACABDACDBCDDAABDCAABABCDDDDBDABDACBCDDDDCCDDAABDBC,AAAAABACCDBDABACBCCDADCCBDACABADCDBCDDAABDACABABCDDDBDADBDACBCDDDDCCDDAABDBC,,,3,4974,,,,,,,,,,L_T1_GTR03_22110002,,,,,14,13,441445533344631415500000633100000007111310000000433134400000535554600000,,bb40abb1,,,,,,,,43,0,1,bb40abb1,40,5135,,55551553341451351343543314535145341344551435515134444145145313444433445514,AAAABAACCDBDABCABCDCADCCBDACABDACDBCDDAABDCAABABCDDDDBDABDACBCDDDDCCDDAABD,AAAAABACCDBDABACBCCDADCCBDACABADCDBCDDAABDACABABCDDDBDADBDACBCDDDDCCDDAABD,,,3,5135,,,,,,,,,,,,,
50517,87,,,,,,,,,13,15,43,411344330000454461000000454163100007511554455600544115560000543335344660,,00004981,,,,,,,,44,1,0,7,7,4981,,555515533414513513435433145351453413445514355151344441451453134444334455141315,AAAABAACCDBDABCABCDCADCCBDACABDACDBCDDAABDCAABABCDDDDBDABDACBCDDDDCCDDAABDBCBA,AAAAABACCDBDABACBCCDADCCBDACABADCDBCDDAABDACABABCDDDBDADBDACBCDDDDCCDDAABDBCAB,,,3,4981,,,,,,,,,,L_T1_GTR03_22110002,,,,,14,13,441445533344631415500000633100000007111310000000433134400000535554600000,,bb40abb1,,,,,,,,43,0,1,bb40abb1,40,5135,,55551553341451351343543314535145341344551435515134444145145313444433445514,AAAABAACCDBDABCABCDCADCCBDACABDACDBCDDAABDCAABABCDDDDBDABDACBCDDDDCCDDAABD,AAAAABACCDBDABACBCCDADCCBDACABADCDBCDDAABDACABABCDDDBDADBDACBCDDDDCCDDAABD,,,3,5135,,,,,,,,,,,,,
50560,88,,,,,,,,,15,43,13,411344330000454461310000454163100007511554455200544115560000543335344660,,00004987,,,,,,,,45,2,0,6,6,4987,,55551553341451351343543314535145341344551435515134444145145313444433445514131543,AAAABAACCDBDABCABCDCADCCBDACABDACDBCDDAABDCAABABCDDDDBDABDACBCDDDDCCDDAABDBCBADC,AAAAABACCDBDABACBCCDADCCBDACABADCDBCDDAABDACABABCDDDBDADBDACBCDDDDCCDDAABDBCABCD,,,3,4987,,,,,,,,,,L_T1_GTR03_22110002,,,,,14,13,441445533344631415500000633100000007111310000000433134400000535554600000,,bb40abb1,,,,,,,,43,0,1,bb40abb1,40,5135,,55551553341451351343543314535145341344551435515134444145145313444433445514,AAAABAACCDBDABCABCDCADCCBDACABDACDBCDDAABDCAABABCDDDDBDABDACBCDDDDCCDDAABD,AAAAABACCDBDABACBCCDADCCBDACABADCDBCDDAABDACABABCDDDBDADBDACBCDDDDCCDDAABD,,,3,5135,,,,,,,,,,,,,
50611,89,,,,,,,,,15,43,13,411344330000454461310000454163100007511554455200544115560000543335344660,,00004987,,,,,,,,45,2,0,6,6,4987,,55551553341451351343543314535145341344551435515134444145145313444433445514131543,AAAABAACCDBDABCABCDCADCCBDACABDACDBCDDAABDCAABABCDDDDBDABDACBCDDDDCCDDAABDBCBADC,AAAAABACCDBDABACBCCDADCCBDACABADCDBCDDAABDACABABCDDDBDADBDACBCDDDDCCDDAABDBCABCD,,,3,4987,,,,,,,,,,L_T1_GTR03_22110002,,,,14,13,15,441443334400631416000000633100000007111316000000433134460000535554600000,,00005142,,,,,,,,44,1,0,7,7,5142,,5555155334145135134354331453514534134455143551513444414514531344443344551413,AAAABAACCDBDABCABCDCADCCBDACABDACDBCDDAABDCAABABCDDDDBDABDACBCDDDDCCDDAABDBC,AAAAABACCDBDABACBCCDADCCBDACABADCDBCDDAABDACABABCDDDBDADBDACBCDDDDCCDDAABDBC,,,3,5142,,,,,,,,,,,,,
50618,90,,,,,,,,,43,13,35,411344330000454461311000454163150007511554455600544115560000543335344660,,00004992,,,,,,,,46,3,0,5,5,4992,,5555155334145135134354331453514534134455143551513444414514531344443344551413154313,AAAABAACCDBDABCABCDCADCCBDACABDACDBCDDAABDCAABABCDDDDBDABDACBCDDDDCCDDAABDBCBADCBC,AAAAABACCDBDABACBCCDADCCBDACABADCDBCDDAABDACABABCDDDBDADBDACBCDDDDCCDDAABDBCABCDBC,,,3,4992,,,,,,,,,,L_T1_GTR03_22110002,,,,14,13,15,441443334400631416000000633100000007111316000000433134460000535554600000,,00005142,,,,,,,,44,1,0,7,7,5142,,5555155334145135134354331453514534134455143551513444414514531344443344551413,AAAABAACCDBDABCABCDCADCCBDACABDACDBCDDAABDCAABABCDDDDBDABDACBCDDDDCCDDAABDBC,AAAAABACCDBDABACBCCDADCCBDACABADCDBCDDAABDACABABCDDDBDADBDACBCDDDDCCDDAABDBC,,,3,5142,,,,,,,,,,,,,
50651,91,,,,,,,,,43,13,35,411344330000454461311000454163150007511554455600544115560000543335344660,,00004992,,,,,,,,46,3,0,5,5,4992,,5555155334145135134354331453514534134455143551513444414514531344443344551413154313,AAAABAACCDBDABCABCDCADCCBDACABDACDBCDDAABDCAABABCDDDDBDABDACBCDDDDCCDDAABDBCBADCBC,AAAAABACCDBDABACBCCDADCCBDACABADCDBCDDAABDACABABCDDDBDADBDACBCDDDDCCDDAABDBCABCDBC,,,3,4992,,,,,,,,,,L_T1_GTR03_22110002,,,,13,15,43,441443334441631416000000633100000007111316000000433134460000535554600000,,00005144,,,,,,,,45,2,0,2,2,5144,,555515533414513513435433145351453413445514355151344441451453134444334455141315,AAAABAACCDBDABCABCDCADCCBDACABDACDBCDDAABDCAABABCDDDDBDABDACBCDDDDCCDDAABDBCBA,AAAAABACCDBDABACBCCDADCCBDACABADCDBCDDAABDACABABCDDDBDADBDACBCDDDDCCDDAABDBCAB,,,3,5144,,,,,,,,,,,,,
50674,92,,,,,,,,,13,35,34,411344334000454461311300454163150007511554455600544115560000543335344660,,00004996,,,,,,,,47,4,0,4,4,4996,,555515533414513513435433145351453413445514355151344441451453134444334455141315431335,AAAABAACCDBDABCABCDCADCCBDACABDACDBCDDAABDCAABABCDDDDBDABDACBCDDDDCCDDAABDBCBADCBCCA,AAAAABACCDBDABACBCCDADCCBDACABADCDBCDDAABDACABABCDDDBDADBDACBCDDDDCCDDAABDBCABCDBCAC,,,3,4996,,,,,,,,,,L_T1_GTR03_22110002,,,,13,15,43,441443334441631416000000633100000007111316000000433134460000535554600000,,00005144,,,,,,,,45,2,0,2,2,5144,,555515533414513513435433145351453413445514355151344441451453134444334455141315,AAAABAACCDBDABCABCDCADCCBDACABDACDBCDDAABDCAABABCDDDDBDABDACBCDDDDCCDDAABDBCBA,AAAAABACCDBDABACBCCDADCCBDACABADCDBCDDAABDACABABCDDDBDADBDACBCDDDDCCDDAABDBCAB,,,3,5144,,,,,,,,,,,,,
50680,93,,,,,,,,,13,35,34,411344334000454461311300454163150007511554455600544115560000543335344660,,00004996,,,,,,,,47,4,0,4,4,4996,,555515533414513513435433145351453413445514355151344441451453134444334455141315431335,AAAABAACCDBDABCABCDCADCCBDACABDACDBCDDAABDCAABABCDDDDBDABDACBCDDDDCCDDAABDBCBADCBCCA,AAAAABACCDBDABACBCCDADCCBDACABADCDBCDDAABDACABABCDDDBDADBDACBCDDDDCCDDAABDBCABCDBCAC,,,3,4996,,,,,,,,,,L_T1_GTR03_22110002,,,,,15,43,441443334441631416310000633100000007111316000000433134460000535554600000,,bb40abb1,,,,,,,,46,0,1,bb40abb1,40,5184,,555515533414513513435433145351453413445514355151344441451453134444334455141315,AAAABAACCDBDABCABCDCADCCBDACABDACDBCDDAABDCAABABCDDDDBDABDACBCDDDDCCDDAABDBCBA,AAAAABACCDBDABACBCCDADCCBDACABADCDBCDDAABDACABABCDDDBDADBDACBCDDDDCCDDAABDBCAB,,,3,5184,,,,,,,,,,,,,
50708,94,,,,,,,,,35,34,53,411344334000454461311300454163151307511554455600544115560000543335344660,,00005001,,,,,,,,48,5,0,5,5,5001,,55551553341451351343543314535145341344551435515134444145145313444433445514131543133534,AAAABAACCDBDABCABCDCADCCBDACABDACDBCDDAABDCAABABCDDDDBDABDACBCDDDDCCDDAABDBCBADCBCCACD,AAAAABACCDBDABACBCCDADCCBDACABADCDBCDDAABDACABABCDDDBDADBDACBCDDDDCCDDAABDBCABCDBCACCD,,,3,5001,,,,,,,,,,L_T1_GTR03_22110002,,,,,15,43,441443334441631416310000633100000007111316000000433134460000535554600000,,bb40abb1,,,,,,,,46,0,1,bb40abb1,40,5184,,555515533414513513435433145351453413445514355151344441451453134444334455141315,AAAABAACCDBDABCABCDCADCCBDACABDACDBCDDAABDCAABABCDDDDBDABDACBCDDDDCCDDAABDBCBA,AAAAABACCDBDABACBCCDADCCBDACABADCDBCDDAABDACABABCDDDBDADBDACBCDDDDCCDDAABDBCAB,,,3,5184,,,,,,,,,,,,,
50765,95,,,,,,,,,35,34,53,411344334000454461311300454163151307511554455600544115560000543335344660,,00005001,,,,,,,,48,5,0,5,5,5001,,55551553341451351343543314535145341344551435515134444145145313444433445514131543133534,AAAABAACCDBDABCABCDCADCCBDACABDACDBCDDAABDCAABABCDDDDBDABDACBCDDDDCCDDAABDBCBADCBCCACD,AAAAABACCDBDABACBCCDADCCBDACABADCDBCDDAABDACABABCDDDBDADBDACBCDDDDCCDDAABDBCABCDBCACCD,,,3,5001,,,,,,,,,,L_T1_GTR03_22110002,,,,,15,43,441444441000631411000000633100000007111316000000433134460000535554600000,,bb60ab11,,,,,,,,47,0,2,bb60ab11,660,5844,,555515533414513513435433145351453413445514355151344441451453134444334455141315,AAAABAACCDBDABCABCDCADCCBDACABDACDBCDDAABDCAABABCDDDDBDABDACBCDDDDCCDDAABDBCBA,AAAAABACCDBDABACBCCDADCCBDACABADCDBCDDAABDACABABCDDDBDADBDACBCDDDDCCDDAABDBCAB,,,3,5844,,,,,,,,,,,,,
50773,96,,,,,,,,,34,53,43,411344334000454461311300454163151337511554455650544115560000543335344660,,00005003,,,,,,,,49,6,0,2,2,5003,,5555155334145135134354331453514534134455143551513444414514531344443344551413154313353453,AAAABAACCDBDABCABCDCADCCBDACABDACDBCDDAABDCAABABCDDDDBDABDACBCDDDDCCDDAABDBCBADCBCCACDAC,AAAAABACCDBDABACBCCDADCCBDACABADCDBCDDAABDACABABCDDDBDADBDACBCDDDDCCDDAABDBCABCDBCACCDAC,,,3,5003,,,,,,,,,,L_T1_GTR03_22110002,,,,,15,43,441444441000631411000000633100000007111316000000433134460000535554600000,,bb60ab11,,,,,,,,47,0,2,bb60ab11,660,5844,,555515533414513513435433145351453413445514355151344441451453134444334455141315,AAAABAACCDBDABCABCDCADCCBDACABDACDBCDDAABDCAABABCDDDDBDABDACBCDDDDCCDDAABDBCBA,AAAAABACCDBDABACBCCDADCCBDACABADCDBCDDAABDACABABCDDDBDADBDACBCDDDDCCDDAABDBCAB,,,3,5844,,,,,,,,,,,,,
50851,97,,,,,,,,,53,43,54,411344334430454461311300454163151337511554455650544115560000543335344660,,00005004,,,,,,,,50,7,0,1,1,5004,,555515533414513513435433145351453413445514355151344441451453134444334455141315431335345343,AAAABAACCDBDABCABCDCADCCBDACABDACDBCDDAABDCAABABCDDDDBDABDACBCDDDDCCDDAABDBCBADCBCCACDACDC,AAAAABACCDBDABACBCCDADCCBDACABADCDBCDDAABDACABABCDDDBDADBDACBCDDDDCCDDAABDBCABCDBCACCDACCD,,,3,5004,,,,,,,,,,L_T1_GTR03_22110002,,,,,15,43,441444441000631411000000633100000007111316000000433134460000535554600000,,bb60ab11,,,,,,,,47,0,2,bb60ab11,660,5844,,555515533414513513435433145351453413445514355151344441451453134444334455141315,AAAABAACCDBDABCABCDCADCCBDACABDACDBCDDAABDCAABABCDDDDBDABDACBCDDDDCCDDAABDBCBA,AAAAABACCDBDABACBCCDADCCBDACABADCDBCDDAABDACABABCDDDBDADBDACBCDDDDCCDDAABDBCAB,,,3,5844,,,,,,,,,,,,,
50852,98,,,,,,,,,53,43,54,411344334430454461311300454163151337511554455650544115560000543335344660,,00005004,,,,,,,,50,7,0,1,1,5004,,555515533414513513435433145351453413445514355151344441451453134444334455141315431335345343,AAAABAACCDBDABCABCDCADCCBDACABDACDBCDDAABDCAABABCDDDDBDABDACBCDDDDCCDDAABDBCBADCBCCACDACDC,AAAAABACCDBDABACBCCDADCCBDACABADCDBCDDAABDACABABCDDDBDADBDACBCDDDDCCDDAABDBCABCDBCACCDACCD,,,3,5004,,,,,,,,,,L_T1_GTR03_22110002,,,,,15,43,441100000000631110000000633100000007111316000000433134460000535554600000,,bb60ab19,,,,,,,,48,0,3,bb60ab19,1140,6984,,555515533414513513435433145351453413445514355151344441451453134444334455141315,AAAABAACCDBDABCABCDCADCCBDACABDACDBCDDAABDCAABABCDDDDBDABDACBCDDDDCCDDAABDBCBA,AAAAABACCDBDABACBCCDADCCBDACABADCDBCDDAABDACABABCDDDBDADBDACBCDDDDCCDDAABDBCAB,,,3,6984,,,,,,,,,,,,,
50917,99,,,,,,,,,53,43,54,411344334430454461311300454163151337511554455650544115560000543335344660,,00005004,,,,,,,,50,7,0,1,1,5004,,555515533414513513435433145351453413445514355151344441451453134444334455141315431335345343,AAAABAACCDBDABCABCDCADCCBDACABDACDBCDDAABDCAABABCDDDDBDABDACBCDDDDCCDDAABDBCBADCBCCACDACDC,AAAAABACCDBDABACBCCDADCCBDACABADCDBCDDAABDACABABCDDDBDADBDACBCDDDDCCDDAABDBCABCDBCACCDACCD,,,3,5004,,,,,,,,,,L_T1_GTR03_22110002,,,,15,43,13,440000000000630000000000633000000007111316000000433134460000535554600000,,00006990,,,,,,,,49,1,0,6,6,6990,,55551553341451351343543314535145341344551435515134444145145313444433445514131543,AAAABAACCDBDABCABCDCADCCBDACABDACDBCDDAABDCAABABCDDDDBDABDACBCDDDDCCDDAABDBCBADC,AAAAABACCDBDABACBCCDADCCBDACABADCDBCDDAABDACABABCDDDBDADBDACBCDDDDCCDDAABDBCABCD,,,3,6990,,,,,,,,,,,,,
50931,100,,,,,,,,,,43,54,411344334430454461311300454163151337511554455650544115565000543335344663,,bb40abb1,,,,,,,,51,0,1,bb40abb1,40,5044,,555515533414513513435433145351453413445514355151344441451453134444334455141315431335345343,AAAABAACCDBDABCABCDCADCCBDACABDACDBCDDAABDCAABABCDDDDBDABDACBCDDDDCCDDAABDBCBADCBCCACDACDC,AAAAABACCDBDABACBCCDADCCBDACABADCDBCDDAABDACABABCDDDBDADBDACBCDDDDCCDDAABDBCABCDBCACCDACCD,,,3,5044,,,,,,,,,,L_T1_GTR03_22110002,,,,15,43,13,440000000000630000000000633000000007111316000000433134460000535554600000,,00006990,,,,,,,,49,1,0,6,6,6990,,55551553341451351343543314535145341344551435515134444145145313444433445514131543,AAAABAACCDBDABCABCDCADCCBDACABDACDBCDDAABDCAABABCDDDDBDABDACBCDDDDCCDDAABDBCBADC,AAAAABACCDBDABACBCCDADCCBDACABADCDBCDDAABDACABABCDDDBDADBDACBCDDDDCCDDAABDBCABCD,,,3,6990,,,,,,,,,,,,,
50981,101,,,,,,,,,,43,54,411344334430454461311300454163151337511554455650544115565000543335344663,,bb40abb1,,,,,,,,51,0,1,bb40abb1,40,5044,,555515533414513513435433145351453413445514355151344441451453134444334455141315431335345343,AAAABAACCDBDABCABCDCADCCBDACABDACDBCDDAABDCAABABCDDDDBDABDACBCDDDDCCDDAABDBCBADCBCCACDACDC,AAAAABACCDBDABACBCCDADCCBDACABADCDBCDDAABDACABABCDDDBDADBDACBCDDDDCCDDAABDBCABCDBCACCDACCD,,,3,5044,,,,,,,,,,L_T1_GTR03_22110002,,,,43,13,35,440000000000630000000000633510000007111316000000433134460000535554600000,,00007000,,,,,,,,50,2,0,10,10,7000,,5555155334145135134354331453514534134455143551513444414514531344443344551413154313,AAAABAACCDBDABCABCDCADCCBDACABDACDBCDDAABDCAABABCDDDDBDABDACBCDDDDCCDDAABDBCBADCBC,AAAAABACCDBDABACBCCDADCCBDACABADCDBCDDAABDACABABCDDDBDADBDACBCDDDDCCDDAABDBCABCDBC,,,3,7000,,,,,,,,,,,,,
51016,102,,,,,,,,,,43,54,411344334430454461311300454163113307511554450000544115500000543335344663,,bb40abb8,,,,,,,,52,0,2,bb40abb8,320,5364,,555515533414513513435433145351453413445514355151344441451453134444334455141315431335345343,AAAABAACCDBDABCABCDCADCCBDACABDACDBCDDAABDCAABABCDDDDBDABDACBCDDDDCCDDAABDBCBADCBCCACDACDC,AAAAABACCDBDABACBCCDADCCBDACABADCDBCDDAABDACABABCDDDBDADBDACBCDDDDCCDDAABDBCABCDBCACCDACCD,,,3,5364,,,,,,,,,,L_T1_GTR03_22110002,,,,43,13,35,440000000000630000000000633510000007111316000000433134460000535554600000,,00007000,,,,,,,,50,2,0,10,10,7000,,5555155334145135134354331453514534134455143551513444414514531344443344551413154313,AAAABAACCDBDABCABCDCADCCBDACABDACDBCDDAABDCAABABCDDDDBDABDACBCDDDDCCDDAABDBCBADCBC,AAAAABACCDBDABACBCCDADCCBDACABADCDBCDDAABDACABABCDDDBDADBDACBCDDDDCCDDAABDBCABCDBC,,,3,7000,,,,,,,,,,,,,
51065,103,,,,,,,,,,43,54,411344334430454461311300454163113307511554450000544115500000543335344663,,bb40abb8,,,,,,,,52,0,2,bb40abb8,320,5364,,555515533414513513435433145351453413445514355151344441451453134444334455141315431335345343,AAAABAACCDBDABCABCDCADCCBDACABDACDBCDDAABDCAABABCDDDDBDABDACBCDDDDCCDDAABDBCBADCBCCACDACDC,AAAAABACCDBDABACBCCDADCCBDACABADCDBCDDAABDACABABCDDDBDADBDACBCDDDDCCDDAABDBCABCDBCACCDACCD,,,3,5364,,,,,,,,,,L_T1_GTR03_22110002,,,,13,35,34,444300000000630000000000633510000007111316000000433134460000535554600000,,00007010,,,,,,,,51,3,0,10,10,7010,,555515533414513513435433145351453413445514355151344441451453134444334455141315431335,AAAABAACCDBDABCABCDCADCCBDACABDACDBCDDAABDCAABABCDDDDBDABDACBCDDDDCCDDAABDBCBADCBCCA,AAAAABACCDBDABACBCCDADCCBDACABADCDBCDDAABDACABABCDDDBDADBDACBCDDDDCCDDAABDBCABCDBCAC,,,3,7010,,,,,,,,,,,,,
51098,104,,,,,,,,,,43,54,411344334430454461330000454163330007511554450000544115500000543335344663,,bb70ab20,,,,,,,,53,0,3,bb70ab20,1400,6764,,555515533414513513435433145351453413445514355151344441451453134444334455141315431335345343,AAAABAACCDBDABCABCDCADCCBDACABDACDBCDDAABDCAABABCDDDDBDABDACBCDDDDCCDDAABDBCBADCBCCACDACDC,AAAAABACCDBDABACBCCDADCCBDACABADCDBCDDAABDACABABCDDDBDADBDACBCDDDDCCDDAABDBCABCDBCACCDACCD,,,3,6764,,,,,,,,,,L_T1_GTR03_22110002,,,,13,35,34,444300000000630000000000633510000007111316000000433134460000535554600000,,00007010,,,,,,,,51,3,0,10,10,7010,,555515533414513513435433145351453413445514355151344441451453134444334455141315431335,AAAABAACCDBDABCABCDCADCCBDACABDACDBCDDAABDCAABABCDDDDBDABDACBCDDDDCCDDAABDBCBADCBCCA,AAAAABACCDBDABACBCCDADCCBDACABADCDBCDDAABDACABABCDDDBDADBDACBCDDDDCCDDAABDBCABCDBCAC,,,3,7010,,,,,,,,,,,,,
51123,105,,,,,,,,,,43,54,411344334430454461330000454163330007511554450000544115500000543335344663,,bb70ab20,,,,,,,,53,0,3,bb70ab20,1400,6764,,555515533414513513435433145351453413445514355151344441451453134444334455141315431335345343,AAAABAACCDBDABCABCDCADCCBDACABDACDBCDDAABDCAABABCDDDDBDABDACBCDDDDCCDDAABDBCBADCBCCACDACDC,AAAAABACCDBDABACBCCDADCCBDACABADCDBCDDAABDACABABCDDDBDADBDACBCDDDDCCDDAABDBCABCDBCACCDACCD,,,3,6764,,,,,,,,,,L_T1_GTR03_22110002,,,,35,34,53,444300000000630000000000633511000007111316300000433134460000535554600000,,00007017,,,,,,,,52,4,0,7,7,7017,,55551553341451351343543314535145341344551435515134444145145313444433445514131543133534,AAAABAACCDBDABCABCDCADCCBDACABDACDBCDDAABDCAABABCDDDDBDABDACBCDDDDCCDDAABDBCBADCBCCACD,AAAAABACCDBDABACBCCDADCCBDACABADCDBCDDAABDACABABCDDDBDADBDACBCDDDDCCDDAABDBCABCDBCACCD,,,3,7017,,,,,,,,,,,,,
51170,106,,,,,,,,,,43,54,411344334430454461330000454163330007511554450000544115500000543335344663,,bb70ab20,,,,,,,,53,0,3,bb70ab20,1400,6764,,555515533414513513435433145351453413445514355151344441451453134444334455141315431335345343,AAAABAACCDBDABCABCDCADCCBDACABDACDBCDDAABDCAABABCDDDDBDABDACBCDDDDCCDDAABDBCBADCBCCACDACDC,AAAAABACCDBDABACBCCDADCCBDACABADCDBCDDAABDACABABCDDDBDADBDACBCDDDDCCDDAABDBCABCDBCACCDACCD,,,3,6764,,,,,,,,,,L_T1_GTR03_22110002,,,,34,53,43,444335000000630000000000633511000007111316300000433134460000535554600000,,00007026,,,,,,,,53,5,0,9,9,7026,,5555155334145135134354331453514534134455143551513444414514531344443344551413154313353453,AAAABAACCDBDABCABCDCADCCBDACABDACDBCDDAABDCAABABCDDDDBDABDACBCDDDDCCDDAABDBCBADCBCCACDAC,AAAAABACCDBDABACBCCDADCCBDACABADCDBCDDAABDACABABCDDDBDADBDACBCDDDDCCDDAABDBCABCDBCACCDAC,,,3,7026,,,,,,,,,,,,,
51180,107,,,,,,,,,,43,54,411344443000454461000000454100000007511554450000544115500000543335344663,,bb40ab32,,,,,,,,54,0,4,bb40ab32,1280,8044,,555515533414513513435433145351453413445514355151344441451453134444334455141315431335345343,AAAABAACCDBDABCABCDCADCCBDACABDACDBCDDAABDCAABABCDDDDBDABDACBCDDDDCCDDAABDBCBADCBCCACDACDC,AAAAABACCDBDABACBCCDADCCBDACABADCDBCDDAABDACABABCDDDBDADBDACBCDDDDCCDDAABDBCABCDBCACCDACCD,,,4,8044,,,,,,,,,,L_T1_GTR03_22110002,,,,34,53,43,444335000000630000000000633511000007111316300000433134460000535554600000,,00007026,,,,,,,,53,5,0,9,9,7026,,5555155334145135134354331453514534134455143551513444414514531344443344551413154313353453,AAAABAACCDBDABCABCDCADCCBDACABDACDBCDDAABDCAABABCDDDDBDABDACBCDDDDCCDDAABDBCBADCBCCACDAC,AAAAABACCDBDABACBCCDADCCBDACABADCDBCDDAABDACABABCDDDBDADBDACBCDDDDCCDDAABDBCABCDBCACCDAC,,,3,7026,,,,,,,,,,,,,
51208,108,,,,,,,,,,43,54,411344443000454461000000454100000007511554450000544115500000543335344663,,bb40ab32,,,,,,,,54,0,4,bb40ab32,1280,8044,,555515533414513513435433145351453413445514355151344441451453134444334455141315431335345343,AAAABAACCDBDABCABCDCADCCBDACABDACDBCDDAABDCAABABCDDDDBDABDACBCDDDDCCDDAABDBCBADCBCCACDACDC,AAAAABACCDBDABACBCCDADCCBDACABADCDBCDDAABDACABABCDDDBDADBDACBCDDDDCCDDAABDBCABCDBCACCDACCD,,,4,8044,,,,,,,,,,L_T1_GTR03_22110002,,,,53,43,54,444335000000630000000000633511000007111316334000433134460000535554600000,,00007032,,,,,,,,54,6,0,6,6,7032,,555515533414513513435433145351453413445514355151344441451453134444334455141315431335345343,AAAABAACCDBDABCABCDCADCCBDACABDACDBCDDAABDCAABABCDDDDBDABDACBCDDDDCCDDAABDBCBADCBCCACDACDC,AAAAABACCDBDABACBCCDADCCBDACABADCDBCDDAABDACABABCDDDBDADBDACBCDDDDCCDDAABDBCABCDBCACCDACCD,,,3,7032,,,,,,,,,,,,,
51248,109,,,,,,,,,,43,54,411344443000454461000000454100000007511554450000544115500000543335344663,,bb40ab32,,,,,,,,54,0,4,bb40ab32,1280,8044,,555515533414513513435433145351453413445514355151344441451453134444334455141315431335345343,AAAABAACCDBDABCABCDCADCCBDACABDACDBCDDAABDCAABABCDDDDBDABDACBCDDDDCCDDAABDBCBADCBCCACDACDC,AAAAABACCDBDABACBCCDADCCBDACABADCDBCDDAABDACABABCDDDBDADBDACBCDDDDCCDDAABDBCABCDBCACCDACCD,,,4,8044,,,,,,,,,,L_T1_GTR03_22110002,,,,43,54,55,444335530000630000000000633511000007111316334000433134460000535554600000,,00007039,,,,,,,,55,7,0,7,7,7039,,55551553341451351343543314535145341344551435515134444145145313444433445514131543133534534354,AAAABAACCDBDABCABCDCADCCBDACABDACDBCDDAABDCAABABCDDDDBDABDACBCDDDDCCDDAABDBCBADCBCCACDACDCAD,AAAAABACCDBDABACBCCDADCCBDACABADCDBCDDAABDACABABCDDDBDADBDACBCDDDDCCDDAABDBCABCDBCACCDACCDAD,,,3,7039,,,,,,,,,,,,,
51275,110,,,,,,,,,43,54,55,411330000000454410000000454100000007511554450000544115500000543335344663,,00008045,,,,,,,,55,1,0,1,1,8045,,55551553341451351343543314535145341344551435515134444145145313444433445514131543133534534354,AAAABAACCDBDABCABCDCADCCBDACABDACDBCDDAABDCAABABCDDDDBDABDACBCDDDDCCDDAABDBCBADCBCCACDACDCAD,AAAAABACCDBDABACBCCDADCCBDACABADCDBCDDAABDACABABCDDDBDADBDACBCDDDDCCDDAABDBCABCDBCACCDACCDAD,,,4,8045,,,,,,,,,,,,,,43,54,55,444335530000630000000000633511000007111316334000433134460000535554600000,,00007039,,,,,,,,55,7,0,7,7,7039,,55551553341451351343543314535145341344551435515134444145145313444433445514131543133534534354,AAAABAACCDBDABCABCDCADCCBDACABDACDBCDDAABDCAABABCDDDDBDABDACBCDDDDCCDDAABDBCBADCBCCACDACDCAD,AAAAABACCDBDABACBCCDADCCBDACABADCDBCDDAABDACABABCDDDBDADBDACBCDDDDCCDDAABDBCABCDBCACCDACCDAD,,,3,7039,,,,,,,,,,,,,
51315,111,,,,,,,,,54,55,35,411330000000454410000000454134000007511554450000544115500000543335344663,,00008053,,,,,,,,56,2,0,8,8,8053,,5555155334145135134354331453514534134455143551513444414514531344443344551413154313353453435455,AAAABAACCDBDABCABCDCADCCBDACABDACDBCDDAABDCAABABCDDDDBDABDACBCDDDDCCDDAABDBCBADCBCCACDACDCADAA,AAAAABACCDBDABACBCCDADCCBDACABADCDBCDDAABDACABABCDDDBDADBDACBCDDDDCCDDAABDBCABCDBCACCDACCDADAA,,,4,8053,,,,,,,,,,,,,,43,54,55,444335530000630000000000633511000007111316334000433134460000535554600000,,00007039,,,,,,,,55,7,0,7,7,7039,,55551553341451351343543314535145341344551435515134444145145313444433445514131543133534534354,AAAABAACCDBDABCABCDCADCCBDACABDACDBCDDAABDCAABABCDDDDBDABDACBCDDDDCCDDAABDBCBADCBCCACDACDCAD,AAAAABACCDBDABACBCCDADCCBDACABADCDBCDDAABDACABABCDDDBDADBDACBCDDDDCCDDAABDBCABCDBCACCDACCDAD,,,3,7039,,,,,,,,,,,,,
51362,112,,,,,,,,,54,55,35,411330000000454410000000454134000007511554450000544115500000543335344663,,00008053,,,,,,,,56,2,0,8,8,8053,,5555155334145135134354331453514534134455143551513444414514531344443344551413154313353453435455,AAAABAACCDBDABCABCDCADCCBDACABDACDBCDDAABDCAABABCDDDDBDABDACBCDDDDCCDDAABDBCBADCBCCACDACDCADAA,AAAAABACCDBDABACBCCDADCCBDACABADCDBCDDAABDACABABCDDDBDADBDACBCDDDDCCDDAABDBCABCDBCACCDACCDADAA,,,4,8053,,,,,,,,,,,,,,54,55,35,444335533466636600000000633511666007111316334666433134466660535554666600,,00007043,,,,,,,,56,8,0,4,4,7043,,5555155334145135134354331453514534134455143551513444414514531344443344551413154313353453435455,AAAABAACCDBDABCABCDCADCCBDACABDACDBCDDAABDCAABABCDDDDBDABDACBCDDDDCCDDAABDBCBADCBCCACDACDCADAA,AAAAABACCDBDABACBCCDADCCBDACABADCDBCDDAABDACABABCDDDBDADBDACBCDDDDCCDDAABDBCABCDBCACCDACCDADAA,,,3,7043,,,,,,,,,,,,,
51387,113,,,,,,,,,55,35,15,411330000000454410000000454134000007511554455400544115500000543335344663,,00008057,,,,,,,,57,3,0,4,4,8057,,555515533414513513435433145351453413445514355151344441451453134444334455141315431335345343545535,AAAABAACCDBDABCABCDCADCCBDACABDACDBCDDAABDCAABABCDDDDBDABDACBCDDDDCCDDAABDBCBADCBCCACDACDCADAACA,AAAAABACCDBDABACBCCDADCCBDACABADCDBCDDAABDACABABCDDDBDADBDACBCDDDDCCDDAABDBCABCDBCACCDACCDADAAAC,,,4,8057,,,,,,,,,,,,,,54,55,35,444335533466636600000000633511666007111316334666433134466660535554666600,,00007043,,,,,,,,56,8,0,4,4,7043,,5555155334145135134354331453514534134455143551513444414514531344443344551413154313353453435455,AAAABAACCDBDABCABCDCADCCBDACABDACDBCDDAABDCAABABCDDDDBDABDACBCDDDDCCDDAABDBCBADCBCCACDACDCADAA,AAAAABACCDBDABACBCCDADCCBDACABADCDBCDDAABDACABABCDDDBDADBDACBCDDDDCCDDAABDBCABCDBCACCDACCDADAA,,,3,7043,,,,,,,,,,,,,
51407,114,,,,,,,,,55,35,15,411330000000454410000000454134000007511554455400544115500000543335344663,,00008057,,,,,,,,57,3,0,4,4,8057,,555515533414513513435433145351453413445514355151344441451453134444334455141315431335345343545535,AAAABAACCDBDABCABCDCADCCBDACABDACDBCDDAABDCAABABCDDDDBDABDACBCDDDDCCDDAABDBCBADCBCCACDACDCADAACA,AAAAABACCDBDABACBCCDADCCBDACABADCDBCDDAABDACABABCDDDBDADBDACBCDDDDCCDDAABDBCABCDBCACCDACCDADAAAC,,,4,8057,,,,,,,,,,,,,,55,35,15,444335533466636645000000633511666007111316334666433134466660535554666600,,00007051,,,,,,,,57,9,0,8,8,7051,,555515533414513513435433145351453413445514355151344441451453134444334455141315431335345343545535,AAAABAACCDBDABCABCDCADCCBDACABDACDBCDDAABDCAABABCDDDDBDABDACBCDDDDCCDDAABDBCBADCBCCACDACDCADAACA,AAAAABACCDBDABACBCCDADCCBDACABADCDBCDDAABDACABABCDDDBDADBDACBCDDDDCCDDAABDBCABCDBCACCDACCDADAAAC,,,3,7051,,,,,,,,,,,,,
51446,115,,,,,,,,,55,35,15,411330000000454410000000454134000007511554455400544115500000543335344663,,00008057,,,,,,,,57,3,0,4,4,8057,,555515533414513513435433145351453413445514355151344441451453134444334455141315431335345343545535,AAAABAACCDBDABCABCDCADCCBDACABDACDBCDDAABDCAABABCDDDDBDABDACBCDDDDCCDDAABDBCBADCBCCACDACDCADAACA,AAAAABACCDBDABACBCCDADCCBDACABADCDBCDDAABDACABABCDDDBDADBDACBCDDDDCCDDAABDBCABCDBCACCDACCDADAAAC,,,4,8057,,,,,,,,,,,,,,,35,15,444335533466636645550000633511666007111316334666433134466660535554666600,,bb50abb2,,,,,,,,58,0,1,bb50abb2,100,7151,,555515533414513513435433145351453413445514355151344441451453134444334455141315431335345343545535,AAAABAACCDBDABCABCDCADCCBDACABDACDBCDDAABDCAABABCDDDDBDABDACBCDDDDCCDDAABDBCBADCBCCACDACDCADAACA,AAAAABACCDBDABACBCCDADCCBDACABADCDBCDDAABDACABABCDDDBDADBDACBCDDDDCCDDAABDBCABCDBCACCDACCDADAAAC,,,3,7151,,,,,,,,,,,,,
51456,116,,,,,,,,,35,15,11,411335500000454410000000454134000007511554455400544115500000543335344663,,00008063,,,,,,,,58,4,0,6,6,8063,,55551553341451351343543314535145341344551435515134444145145313444433445514131543133534534354553515,AAAABAACCDBDABCABCDCADCCBDACABDACDBCDDAABDCAABABCDDDDBDABDACBCDDDDCCDDAABDBCBADCBCCACDACDCADAACABA,AAAAABACCDBDABACBCCDADCCBDACABADCDBCDDAABDACABABCDDDBDADBDACBCDDDDCCDDAABDBCABCDBCACCDACCDADAAACAB,,,4,8063,,,,,,,,,,,,,,,35,15,444335533466636645550000633511666007111316334666433134466660535554666600,,bb50abb2,,,,,,,,58,0,1,bb50abb2,100,7151,,555515533414513513435433145351453413445514355151344441451453134444334455141315431335345343545535,AAAABAACCDBDABCABCDCADCCBDACABDACDBCDDAABDCAABABCDDDDBDABDACBCDDDDCCDDAABDBCBADCBCCACDACDCADAACA,AAAAABACCDBDABACBCCDADCCBDACABADCDBCDDAABDACABABCDDDBDADBDACBCDDDDCCDDAABDBCABCDBCACCDACCDADAAAC,,,3,7151,,,,,,,,,,,,,
51499,117,,,,,,,,,15,11,55,411335500000454413500000454134000007511554455400544115500000543335344663,,00008071,,,,,,,,59,5,0,8,8,8071,,5555155334145135134354331453514534134455143551513444414514531344443344551413154313353453435455351511,AAAABAACCDBDABCABCDCADCCBDACABDACDBCDDAABDCAABABCDDDDBDABDACBCDDDDCCDDAABDBCBADCBCCACDACDCADAACABABB,AAAAABACCDBDABACBCCDADCCBDACABADCDBCDDAABDACABABCDDDBDADBDACBCDDDDCCDDAABDBCABCDBCACCDACCDADAAACABBB,,,4,8071,,,,,,,,,,,,,,,35,15,444335533466636645550000633511666007111316334666433134466660535554666600,,bb50abb2,,,,,,,,58,0,1,bb50abb2,100,7151,,555515533414513513435433145351453413445514355151344441451453134444334455141315431335345343545535,AAAABAACCDBDABCABCDCADCCBDACABDACDBCDDAABDCAABABCDDDDBDABDACBCDDDDCCDDAABDBCBADCBCCACDACDCADAACA,AAAAABACCDBDABACBCCDADCCBDACABADCDBCDDAABDACABABCDDDBDADBDACBCDDDDCCDDAABDBCABCDBCACCDACCDADAAAC,,,3,7151,,,,,,,,,,,,,
51529,118,,,,,,,,,15,11,55,411335500000454413500000454134000007511554455400544115500000543335344663,,00008071,,,,,,,,59,5,0,8,8,8071,,5555155334145135134354331453514534134455143551513444414514531344443344551413154313353453435455351511,AAAABAACCDBDABCABCDCADCCBDACABDACDBCDDAABDCAABABCDDDDBDABDACBCDDDDCCDDAABDBCBADCBCCACDACDCADAACABABB,AAAAABACCDBDABACBCCDADCCBDACABADCDBCDDAABDACABABCDDDBDADBDACBCDDDDCCDDAABDBCABCDBCACCDACCDADAAACABBB,,,4,8071,,,,,,,,,,,,,,,35,15,444333346660636640000000633511600007111316334666433134466660535554666600,,bb40abb8,,,,,,,,59,0,2,bb40abb8,320,7471,,555515533414513513435433145351453413445514355151344441451453134444334455141315431335345343545535,AAAABAACCDBDABCABCDCADCCBDACABDACDBCDDAABDCAABABCDDDDBDABDACBCDDDDCCDDAABDBCBADCBCCACDACDCADAACA,AAAAABACCDBDABACBCCDADCCBDACABADCDBCDDAABDACABABCDDDBDADBDACBCDDDDCCDDAABDBCABCDBCACCDACCDADAAAC,,,3,7471,,,,,,,,,,,,,
51553,119,,,,,,,,,11,55,31,411335500000454413500000454134150007511554455400544115500000543335344663,,00008078,,,,,,,,60,6,0,7,7,8078,,555515533414513513435433145351453413445514355151344441451453134444334455141315431335345343545535151155,AAAABAACCDBDABCABCDCADCCBDACABDACDBCDDAABDCAABABCDDDDBDABDACBCDDDDCCDDAABDBCBADCBCCACDACDCADAACABABBAA,AAAAABACCDBDABACBCCDADCCBDACABADCDBCDDAABDACABABCDDDBDADBDACBCDDDDCCDDAABDBCABCDBCACCDACCDADAAACABBBAA,,,4,8078,,,,,,,,,,,,,,,35,15,444333346660636640000000633511600007111316334666433134466660535554666600,,bb40abb8,,,,,,,,59,0,2,bb40abb8,320,7471,,555515533414513513435433145351453413445514355151344441451453134444334455141315431335345343545535,AAAABAACCDBDABCABCDCADCCBDACABDACDBCDDAABDCAABABCDDDDBDABDACBCDDDDCCDDAABDBCBADCBCCACDACDCADAACA,AAAAABACCDBDABACBCCDADCCBDACABADCDBCDDAABDACABABCDDDBDADBDACBCDDDDCCDDAABDBCABCDBCACCDACCDADAAAC,,,3,7471,,,,,,,,,,,,,
51614,120,,,,,,,,,11,55,31,411335500000454413500000454134150007511554455400544115500000543335344663,,00008078,,,,,,,,60,6,0,7,7,8078,,555515533414513513435433145351453413445514355151344441451453134444334455141315431335345343545535151155,AAAABAACCDBDABCABCDCADCCBDACABDACDBCDDAABDCAABABCDDDDBDABDACBCDDDDCCDDAABDBCBADCBCCACDACDCADAACABABBAA,AAAAABACCDBDABACBCCDADCCBDACABADCDBCDDAABDACABABCDDDBDADBDACBCDDDDCCDDAABDBCABCDBCACCDACCDADAAACABBBAA,,,4,8078,,,,,,,,,,,,,,,35,15,444466600000636400000000633511600007111316334666433134466660535554666600,,bb50ab18,,,,,,,,60,0,3,bb50ab18,900,8371,,555515533414513513435433145351453413445514355151344441451453134444334455141315431335345343545535,AAAABAACCDBDABCABCDCADCCBDACABDACDBCDDAABDCAABABCDDDDBDABDACBCDDDDCCDDAABDBCBADCBCCACDACDCADAACA,AAAAABACCDBDABACBCCDADCCBDACABADCDBCDDAABDACABABCDDDBDADBDACBCDDDDCCDDAABDBCABCDBCACCDACCDADAAAC,,,3,8371,,,,,,,,,,,,,
51619,121,,,,,,,,,55,31,13,411335500000454413500000454134151007511554455410544115500000543335344663,,00008081,,,,,,,,61,7,0,3,3,8081,,55551553341451351343543314535145341344551435515134444145145313444433445514131543133534534354553515115531,AAAABAACCDBDABCABCDCADCCBDACABDACDBCDDAABDCAABABCDDDDBDABDACBCDDDDCCDDAABDBCBADCBCCACDACDCADAACABABBAACB,AAAAABACCDBDABACBCCDADCCBDACABADCDBCDDAABDACABABCDDDBDADBDACBCDDDDCCDDAABDBCABCDBCACCDACCDADAAACABBBAABC,,,4,8081,,,,,,,,,,,,,,,35,15,444466600000636400000000633511600007111316334666433134466660535554666600,,bb50ab18,,,,,,,,60,0,3,bb50ab18,900,8371,,555515533414513513435433145351453413445514355151344441451453134444334455141315431335345343545535,AAAABAACCDBDABCABCDCADCCBDACABDACDBCDDAABDCAABABCDDDDBDABDACBCDDDDCCDDAABDBCBADCBCCACDACDCADAACA,AAAAABACCDBDABACBCCDADCCBDACABADCDBCDDAABDACABABCDDDBDADBDACBCDDDDCCDDAABDBCABCDBCACCDACCDADAAAC,,,3,8371,,,,,,,,,,,,,
51659,122,,,,,,,,,,31,13,411335500000454413500000454134151007511554455410544115555000543335344663,,bb80abb5,,,,,,,,62,0,1,bb80abb5,400,8481,,55551553341451351343543314535145341344551435515134444145145313444433445514131543133534534354553515115531,AAAABAACCDBDABCABCDCADCCBDACABDACDBCDDAABDCAABABCDDDDBDABDACBCDDDDCCDDAABDBCBADCBCCACDACDCADAACABABBAACB,AAAAABACCDBDABACBCCDADCCBDACABADCDBCDDAABDACABABCDDDBDADBDACBCDDDDCCDDAABDBCABCDBCACCDACCDADAAACABBBAABC,,,4,8481,,,,,,,,,,,,,,,35,15,444466600000636400000000633511600007111316334666433134466660535554666600,,bb50ab18,,,,,,,,60,0,3,bb50ab18,900,8371,,555515533414513513435433145351453413445514355151344441451453134444334455141315431335345343545535,AAAABAACCDBDABCABCDCADCCBDACABDACDBCDDAABDCAABABCDDDDBDABDACBCDDDDCCDDAABDBCBADCBCCACDACDCADAACA,AAAAABACCDBDABACBCCDADCCBDACABADCDBCDDAABDACABABCDDDBDADBDACBCDDDDCCDDAABDBCABCDBCACCDACCDADAAAC,,,3,8371,,,,,,,,,,,,,
51705,123,,,,,,,,,,31,13,411335500000454413500000454134151007511554455410544115555000543335344663,,bb80abb5,,,,,,,,62,0,1,bb80abb5,400,8481,,55551553341451351343543314535145341344551435515134444145145313444433445514131543133534534354553515115531,AAAABAACCDBDABCABCDCADCCBDACABDACDBCDDAABDCAABABCDDDDBDABDACBCDDDDCCDDAABDBCBADCBCCACDACDCADAACABABBAACB,AAAAABACCDBDABACBCCDADCCBDACABADCDBCDDAABDACABABCDDDBDADBDACBCDDDDCCDDAABDBCABCDBCACCDACCDADAAACABBBAABC,,,4,8481,,,,,,,,,,,,,,35,15,11,660000000000300000000000633511600007111316334666433134466660535554666600,,00008378,,,,,,,,61,1,0,7,7,8378,,55551553341451351343543314535145341344551435515134444145145313444433445514131543133534534354553515,AAAABAACCDBDABCABCDCADCCBDACABDACDBCDDAABDCAABABCDDDDBDABDACBCDDDDCCDDAABDBCBADCBCCACDACDCADAACABA,AAAAABACCDBDABACBCCDADCCBDACABADCDBCDDAABDACABABCDDDBDADBDACBCDDDDCCDDAABDBCABCDBCACCDACCDADAAACAB,,,3,8378,,,,,,,,,,,,,
51749,124,,,,,,,,,,31,13,411335500000454413500000454134110007511554441000544110000000543333446630,,bb80ab11,,,,,,,,63,0,2,bb80ab11,880,9361,,55551553341451351343543314535145341344551435515134444145145313444433445514131543133534534354553515115531,AAAABAACCDBDABCABCDCADCCBDACABDACDBCDDAABDCAABABCDDDDBDABDACBCDDDDCCDDAABDBCBADCBCCACDACDCADAACABABBAACB,AAAAABACCDBDABACBCCDADCCBDACABADCDBCDDAABDACABABCDDDBDADBDACBCDDDDCCDDAABDBCABCDBCACCDACCDADAAACABBBAABC,,,4,9361,,,,,,,,,,,,,,35,15,11,660000000000300000000000633511600007111316334666433134466660535554666600,,00008378,,,,,,,,61,1,0,7,7,8378,,55551553341451351343543314535145341344551435515134444145145313444433445514131543133534534354553515,AAAABAACCDBDABCABCDCADCCBDACABDACDBCDDAABDCAABABCDDDDBDABDACBCDDDDCCDDAABDBCBADCBCCACDACDCADAACABA,AAAAABACCDBDABACBCCDADCCBDACABADCDBCDDAABDACABABCDDDBDADBDACBCDDDDCCDDAABDBCABCDBCACCDACCDADAAACAB,,,3,8378,,,,,,,,,,,,,
51763,125,,,,,,,,,,31,13,411335500000454413500000454134110007511554441000544110000000543333446630,,bb80ab11,,,,,,,,63,0,2,bb80ab11,880,9361,,55551553341451351343543314535145341344551435515134444145145313444433445514131543133534534354553515115531,AAAABAACCDBDABCABCDCADCCBDACABDACDBCDDAABDCAABABCDDDDBDABDACBCDDDDCCDDAABDBCBADCBCCACDACDCADAACABABBAACB,AAAAABACCDBDABACBCCDADCCBDACABADCDBCDDAABDACABABCDDDBDADBDACBCDDDDCCDDAABDBCABCDBCACCDACCDADAAACABBBAABC,,,4,9361,,,,,,,,,,,,,,15,11,55,660000000000353000000000633511600007111316334666433134466660535554666600,,00008389,,,,,,,,62,2,0,11,11,8389,,5555155334145135134354331453514534134455143551513444414514531344443344551413154313353453435455351511,AAAABAACCDBDABCABCDCADCCBDACABDACDBCDDAABDCAABABCDDDDBDABDACBCDDDDCCDDAABDBCBADCBCCACDACDCADAACABABB,AAAAABACCDBDABACBCCDADCCBDACABADCDBCDDAABDACABABCDDDBDADBDACBCDDDDCCDDAABDBCABCDBCACCDACCDADAAACABBB,,,3,8389,,,,,,,,,,,,,
51834,126,,,,,,,,,,31,13,411335500000454413500000454131100007511551000000544110000000544466300000,,bb50ab18,,,,,,,,64,0,3,bb50ab18,900,10261,,55551553341451351343543314535145341344551435515134444145145313444433445514131543133534534354553515115531,AAAABAACCDBDABCABCDCADCCBDACABDACDBCDDAABDCAABABCDDDDBDABDACBCDDDDCCDDAABDBCBADCBCCACDACDCADAACABABBAACB,AAAAABACCDBDABACBCCDADCCBDACABADCDBCDDAABDACABABCDDDBDADBDACBCDDDDCCDDAABDBCABCDBCACCDACCDADAAACABBBAABC,,,4,10261,,,,,,,,,,,,,,15,11,55,660000000000353000000000633511600007111316334666433134466660535554666600,,00008389,,,,,,,,62,2,0,11,11,8389,,5555155334145135134354331453514534134455143551513444414514531344443344551413154313353453435455351511,AAAABAACCDBDABCABCDCADCCBDACABDACDBCDDAABDCAABABCDDDDBDABDACBCDDDDCCDDAABDBCBADCBCCACDACDCADAACABABB,AAAAABACCDBDABACBCCDADCCBDACABADCDBCDDAABDACABABCDDDBDADBDACBCDDDDCCDDAABDBCABCDBCACCDACCDADAAACABBB,,,3,8389,,,,,,,,,,,,,
51847,127,,,,,,,,,,31,13,411335500000454413500000454131100007511551000000544110000000544466300000,,bb50ab18,,,,,,,,64,0,3,bb50ab18,900,10261,,55551553341451351343543314535145341344551435515134444145145313444433445514131543133534534354553515115531,AAAABAACCDBDABCABCDCADCCBDACABDACDBCDDAABDCAABABCDDDDBDABDACBCDDDDCCDDAABDBCBADCBCCACDACDCADAACABABBAACB,AAAAABACCDBDABACBCCDADCCBDACABADCDBCDDAABDACABABCDDDBDADBDACBCDDDDCCDDAABDBCABCDBCACCDACCDADAAACABBBAABC,,,4,10261,,,,,,,,,,,,,,11,55,31,665000000000353100000000633511600007111316334666433134466660535554666600,,00008398,,,,,,,,63,3,0,9,9,8398,,555515533414513513435433145351453413445514355151344441451453134444334455141315431335345343545535151155,AAAABAACCDBDABCABCDCADCCBDACABDACDBCDDAABDCAABABCDDDDBDABDACBCDDDDCCDDAABDBCBADCBCCACDACDCADAACABABBAA,AAAAABACCDBDABACBCCDADCCBDACABADCDBCDDAABDACABABCDDDBDADBDACBCDDDDCCDDAABDBCABCDBCACCDACCDADAAACABBBAA,,,3,8398,,,,,,,,,,,,,
51892,128,,,,,,,,,,31,13,411335500000454413500000454131100007511551000000544110000000544466300000,,bb50ab18,,,,,,,,64,0,3,bb50ab18,900,10261,,55551553341451351343543314535145341344551435515134444145145313444433445514131543133534534354553515115531,AAAABAACCDBDABCABCDCADCCBDACABDACDBCDDAABDCAABABCDDDDBDABDACBCDDDDCCDDAABDBCBADCBCCACDACDCADAACABABBAACB,AAAAABACCDBDABACBCCDADCCBDACABADCDBCDDAABDACABABCDDDBDADBDACBCDDDDCCDDAABDBCABCDBCACCDACCDADAAACABBBAABC,,,4,10261,,,,,,,,,,,,,,55,31,13,665110000000353100000000633511600007111316334666433134466660535554666600,,00008407,,,,,,,,64,4,0,9,9,8407,,55551553341451351343543314535145341344551435515134444145145313444433445514131543133534534354553515115531,AAAABAACCDBDABCABCDCADCCBDACABDACDBCDDAABDCAABABCDDDDBDABDACBCDDDDCCDDAABDBCBADCBCCACDACDCADAACABABBAACB,AAAAABACCDBDABACBCCDADCCBDACABADCDBCDDAABDACABABCDDDBDADBDACBCDDDDCCDDAABDBCABCDBCACCDACCDADAAACABBBAABC,,,3,8407,,,,,,,,,,,,,
51922,129,,,,,,,,,,31,13,411335500000454413500000454131100007511551000000511000000000563000000000,,bb40ab32,,,,,,,,65,0,4,bb40ab32,1280,11541,,55551553341451351343543314535145341344551435515134444145145313444433445514131543133534534354553515115531,AAAABAACCDBDABCABCDCADCCBDACABDACDBCDDAABDCAABABCDDDDBDABDACBCDDDDCCDDAABDBCBADCBCCACDACDCADAACABABBAACB,AAAAABACCDBDABACBCCDADCCBDACABADCDBCDDAABDACABABCDDDBDADBDACBCDDDDCCDDAABDBCABCDBCACCDACCDADAAACABBBAABC,,,4,11541,,,,,,,,,,,,,,55,31,13,665110000000353100000000633511600007111316334666433134466660535554666600,,00008407,,,,,,,,64,4,0,9,9,8407,,55551553341451351343543314535145341344551435515134444145145313444433445514131543133534534354553515115531,AAAABAACCDBDABCABCDCADCCBDACABDACDBCDDAABDCAABABCDDDDBDABDACBCDDDDCCDDAABDBCBADCBCCACDACDCADAACABABBAACB,AAAAABACCDBDABACBCCDADCCBDACABADCDBCDDAABDACABABCDDDBDADBDACBCDDDDCCDDAABDBCABCDBCACCDACCDADAAACABBBAABC,,,3,8407,,,,,,,,,,,,,
51939,130,,,,,,,,,,31,13,411335500000454413500000454131100007511551000000511000000000563000000000,,bb40ab32,,,,,,,,65,0,4,bb40ab32,1280,11541,,55551553341451351343543314535145341344551435515134444145145313444433445514131543133534534354553515115531,AAAABAACCDBDABCABCDCADCCBDACABDACDBCDDAABDCAABABCDDDDBDABDACBCDDDDCCDDAABDBCBADCBCCACDACDCADAACABABBAACB,AAAAABACCDBDABACBCCDADCCBDACABADCDBCDDAABDACABABCDDDBDADBDACBCDDDDCCDDAABDBCABCDBCACCDACCDADAAACABBBAABC,,,4,11541,,,,,,,,,,,,,,31,13,45,665110000000353155000000633511600007111316334666433134466660535554666600,,00008415,,,,,,,,65,5,0,8,8,8415,,5555155334145135134354331453514534134455143551513444414514531344443344551413154313353453435455351511553113,AAAABAACCDBDABCABCDCADCCBDACABDACDBCDDAABDCAABABCDDDDBDABDACBCDDDDCCDDAABDBCBADCBCCACDACDCADAACABABBAACBBC,AAAAABACCDBDABACBCCDADCCBDACABADCDBCDDAABDACABABCDDDBDADBDACBCDDDDCCDDAABDBCABCDBCACCDACCDADAAACABBBAABCBC,,,3,8415,,,,,,,,,,,,,
52004,131,,,,,,,,,,31,13,411335500000454413500000454131100007555100000000500000000000530000000000,,bb70ab68,,,,,,,,66,0,5,bb70ab68,4760,16301,,55551553341451351343543314535145341344551435515134444145145313444433445514131543133534534354553515115531,AAAABAACCDBDABCABCDCADCCBDACABDACDBCDDAABDCAABABCDDDDBDABDACBCDDDDCCDDAABDBCBADCBCCACDACDCADAACABABBAACB,AAAAABACCDBDABACBCCDADCCBDACABADCDBCDDAABDACABABCDDDBDADBDACBCDDDDCCDDAABDBCABCDBCACCDACCDADAAACABBBAABC,,,5,16301,,,,,,,,,,,,,,31,13,45,665110000000353155000000633511600007111316334666433134466660535554666600,,00008415,,,,,,,,65,5,0,8,8,8415,,5555155334145135134354331453514534134455143551513444414514531344443344551413154313353453435455351511553113,AAAABAACCDBDABCABCDCADCCBDACABDACDBCDDAABDCAABABCDDDDBDABDACBCDDDDCCDDAABDBCBADCBCCACDACDCADAACABABBAACBBC,AAAAABACCDBDABACBCCDADCCBDACABADCDBCDDAABDACABABCDDDBDADBDACBCDDDDCCDDAABDBCABCDBCACCDACCDADAAACABBBAABCBC,,,3,8415,,,,,,,,,,,,,
52014,132,,,,,,,,,,31,13,411335500000454413500000454131100007555100000000500000000000530000000000,,bb70ab68,,,,,,,,66,0,5,bb70ab68,4760,16301,,55551553341451351343543314535145341344551435515134444145145313444433445514131543133534534354553515115531,AAAABAACCDBDABCABCDCADCCBDACABDACDBCDDAABDCAABABCDDDDBDABDACBCDDDDCCDDAABDBCBADCBCCACDACDCADAACABABBAACB,AAAAABACCDBDABACBCCDADCCBDACABADCDBCDDAABDACABABCDDDBDADBDACBCDDDDCCDDAABDBCABCDBCACCDACCDADAAACABBBAABC,,,5,16301,,,,,,,,,,,,,,13,45,34,665110000000353155300000633511610007111316334666433134466660535554666600,,00008420,,,,,,,,66,6,0,5,5,8420,,555515533414513513435433145351453413445514355151344441451453134444334455141315431335345343545535151155311345,AAAABAACCDBDABCABCDCADCCBDACABDACDBCDDAABDCAABABCDDDDBDABDACBCDDDDCCDDAABDBCBADCBCCACDACDCADAACABABBAACBBCDA,AAAAABACCDBDABACBCCDADCCBDACABADCDBCDDAABDACABABCDDDBDADBDACBCDDDDCCDDAABDBCABCDBCACCDACCDADAAACABBBAABCBCAD,,,3,8420,,,,,,,,,,,,,
52077,133,,,,,,,,,,31,13,411335500000454413500000454131100007555100000000500000000000530000000000,,bb70ab68,,,,,,,,66,0,5,bb70ab68,4760,16301,,55551553341451351343543314535145341344551435515134444145145313444433445514131543133534534354553515115531,AAAABAACCDBDABCABCDCADCCBDACABDACDBCDDAABDCAABABCDDDDBDABDACBCDDDDCCDDAABDBCBADCBCCACDACDCADAACABABBAACB,AAAAABACCDBDABACBCCDADCCBDACABADCDBCDDAABDACABABCDDDBDADBDACBCDDDDCCDDAABDBCABCDBCACCDACCDADAAACABBBAABC,,,5,16301,,,,,,,,,,,,,,45,34,34,665110000000353155330000633511611007111316334666433134466660535554666600,,00008425,,,,,,,,67,7,0,5,5,8425,,55551553341451351343543314535145341344551435515134444145145313444433445514131543133534534354553515115531134534,AAAABAACCDBDABCABCDCADCCBDACABDACDBCDDAABDCAABABCDDDDBDABDACBCDDDDCCDDAABDBCBADCBCCACDACDCADAACABABBAACBBCDACD,AAAAABACCDBDABACBCCDADCCBDACABADCDBCDDAABDACABABCDDDBDADBDACBCDDDDCCDDAABDBCABCDBCACCDACCDADAAACABBBAABCBCADCD,,,3,8425,,,,,,,,,,,,,
52088,134,,,,,,,,,,31,13,411335500000444135000000441311000007100000000000000000000000300000000000,,bb60ab99,,,,,,,,67,0,6,bb60ab99,5940,22241,,55551553341451351343543314535145341344551435515134444145145313444433445514131543133534534354553515115531,AAAABAACCDBDABCABCDCADCCBDACABDACDBCDDAABDCAABABCDDDDBDABDACBCDDDDCCDDAABDBCBADCBCCACDACDCADAACABABBAACB,AAAAABACCDBDABACBCCDADCCBDACABADCDBCDDAABDACABABCDDDBDADBDACBCDDDDCCDDAABDBCABCDBCACCDACCDADAAACABBBAABC,,,6,22241,,,,,,,,,,L_T1_GTR03_41100001,,,,45,34,34,665110000000353155330000633511611007111316334666433134466660535554666600,,00008425,,,,,,,,67,7,0,5,5,8425,,55551553341451351343543314535145341344551435515134444145145313444433445514131543133534534354553515115531134534,AAAABAACCDBDABCABCDCADCCBDACABDACDBCDDAABDCAABABCDDDDBDABDACBCDDDDCCDDAABDBCBADCBCCACDACDCADAACABABBAACBBCDACD,AAAAABACCDBDABACBCCDADCCBDACABADCDBCDDAABDACABABCDDDBDADBDACBCDDDDCCDDAABDBCABCDBCACCDACCDADAAACABBBAABCBCADCD,,,3,8425,,,,,,,,,,,,,
52142,135,,,,,,,,,,31,13,411335500000444135000000441311000007100000000000000000000000300000000000,,bb60ab99,,,,,,,,67,0,6,bb60ab99,5940,22241,,55551553341451351343543314535145341344551435515134444145145313444433445514131543133534534354553515115531,AAAABAACCDBDABCABCDCADCCBDACABDACDBCDDAABDCAABABCDDDDBDABDACBCDDDDCCDDAABDBCBADCBCCACDACDCADAACABABBAACB,AAAAABACCDBDABACBCCDADCCBDACABADCDBCDDAABDACABABCDDDBDADBDACBCDDDDCCDDAABDBCABCDBCACCDACCDADAAACABBBAABC,,,6,22241,,,,,,,,,,L_T1_GTR03_41100001,,,,34,34,13,665115000000353155334000633511611007111316334666433134466660535554666600,,00008430,,,,,,,,68,8,0,5,5,8430,,5555155334145135134354331453514534134455143551513444414514531344443344551413154313353453435455351511553113453434,AAAABAACCDBDABCABCDCADCCBDACABDACDBCDDAABDCAABABCDDDDBDABDACBCDDDDCCDDAABDBCBADCBCCACDACDCADAACABABBAACBBCDACDCD,AAAAABACCDBDABACBCCDADCCBDACABADCDBCDDAABDACABABCDDDBDADBDACBCDDDDCCDDAABDBCABCDBCACCDACCDADAAACABBBAABCBCADCDCD,,,3,8430,,,,,,,,,,,,,
52173,136,,,,,,,,,,31,13,113355000000135000000000131100000007100000000000000000000000300000000000,,bb50a130,,,,,,,,68,0,7,bb50a130,6500,28741,,55551553341451351343543314535145341344551435515134444145145313444433445514131543133534534354553515115531,AAAABAACCDBDABCABCDCADCCBDACABDACDBCDDAABDCAABABCDDDDBDABDACBCDDDDCCDDAABDBCBADCBCCACDACDCADAACABABBAACB,AAAAABACCDBDABACBCCDADCCBDACABADCDBCDDAABDACABABCDDDBDADBDACBCDDDDCCDDAABDBCABCDBCACCDACCDADAAACABBBAABC,,,7,28741,,,,,,,,,,,,,,34,34,13,665115000000353155334000633511611007111316334666433134466660535554666600,,00008430,,,,,,,,68,8,0,5,5,8430,,5555155334145135134354331453514534134455143551513444414514531344443344551413154313353453435455351511553113453434,AAAABAACCDBDABCABCDCADCCBDACABDACDBCDDAABDCAABABCDDDDBDABDACBCDDDDCCDDAABDBCBADCBCCACDACDCADAACABABBAACBBCDACDCD,AAAAABACCDBDABACBCCDADCCBDACABADCDBCDDAABDACABABCDDDBDADBDACBCDDDDCCDDAABDBCABCDBCACCDACCDADAAACABBBAABCBCADCDCD,,,3,8430,,,,,,,,,,,,,
52183,137,,,,,,,,,,31,13,113355000000135000000000131100000007100000000000000000000000300000000000,,bb50a130,,,,,,,,68,0,7,bb50a130,6500,28741,,55551553341451351343543314535145341344551435515134444145145313444433445514131543133534534354553515115531,AAAABAACCDBDABCABCDCADCCBDACABDACDBCDDAABDCAABABCDDDDBDABDACBCDDDDCCDDAABDBCBADCBCCACDACDCADAACABABBAACB,AAAAABACCDBDABACBCCDADCCBDACABADCDBCDDAABDACABABCDDDBDADBDACBCDDDDCCDDAABDBCABCDBCACCDACCDADAAACABBBAABC,,,7,28741,,,,,,,,,,,,,,34,13,43,665115340000353155334000633511611007111316334666433134466660535554666600,,00008437,,,,,,,,69,9,0,7,7,8437,,555515533414513513435433145351453413445514355151344441451453134444334455141315431335345343545535151155311345343413,AAAABAACCDBDABCABCDCADCCBDACABDACDBCDDAABDCAABABCDDDDBDABDACBCDDDDCCDDAABDBCBADCBCCACDACDCADAACABABBAACBBCDACDCDBC,AAAAABACCDBDABACBCCDADCCBDACABADCDBCDDAABDACABABCDDDBDADBDACBCDDDDCCDDAABDBCABCDBCACCDACCDADAAACABBBAABCBCADCDCDBC,,,3,8437,,,,,,,,,,,,,
52238,138,,,,,,,,,,31,13,113355000000135000000000131100000007100000000000000000000000300000000000,,bb50a130,,,,,,,,68,0,7,bb50a130,6500,28741,,55551553341451351343543314535145341344551435515134444145145313444433445514131543133534534354553515115531,AAAABAACCDBDABCABCDCADCCBDACABDACDBCDDAABDCAABABCDDDDBDABDACBCDDDDCCDDAABDBCBADCBCCACDACDCADAACABABBAACB,AAAAABACCDBDABACBCCDADCCBDACABADCDBCDDAABDACABABCDDDBDADBDACBCDDDDCCDDAABDBCABCDBCACCDACCDADAAACABBBAABC,,,7,28741,,,,,,,,,,,,,,13,43,44,665115344000353155334300633511611007111316334666433134466660535554666600,,00008441,,,,,,,,70,10,0,4,4,8441,,55551553341451351343543314535145341344551435515134444145145313444433445514131543133534534354553515115531134534341343,AAAABAACCDBDABCABCDCADCCBDACABDACDBCDDAABDCAABABCDDDDBDABDACBCDDDDCCDDAABDBCBADCBCCACDACDCADAACABABBAACBBCDACDCDBCDC,AAAAABACCDBDABACBCCDADCCBDACABADCDBCDDAABDACABABCDDDBDADBDACBCDDDDCCDDAABDBCABCDBCACCDACCDADAAACABBBAABCBCADCDCDBCCD,,,3,8441,,,,,,,,,,,,,
52254,139,,,,,,,,,,31,13,335500000000350000000000311000000007000000000000000000000000300000000000,,bb40a160,,,,,,,,69,0,8,bb40a160,6400,35141,,55551553341451351343543314535145341344551435515134444145145313444433445514131543133534534354553515115531,AAAABAACCDBDABCABCDCADCCBDACABDACDBCDDAABDCAABABCDDDDBDABDACBCDDDDCCDDAABDBCBADCBCCACDACDCADAACABABBAACB,AAAAABACCDBDABACBCCDADCCBDACABADCDBCDDAABDACABABCDDDBDADBDACBCDDDDCCDDAABDBCABCDBCACCDACCDADAAACABBBAABC,,,8,35141,,,,,,,,,,,,,,13,43,44,665115344000353155334300633511611007111316334666433134466660535554666600,,00008441,,,,,,,,70,10,0,4,4,8441,,55551553341451351343543314535145341344551435515134444145145313444433445514131543133534534354553515115531134534341343,AAAABAACCDBDABCABCDCADCCBDACABDACDBCDDAABDCAABABCDDDDBDABDACBCDDDDCCDDAABDBCBADCBCCACDACDCADAACABABBAACBBCDACDCDBCDC,AAAAABACCDBDABACBCCDADCCBDACABADCDBCDDAABDACABABCDDDBDADBDACBCDDDDCCDDAABDBCABCDBCACCDACCDADAAACABBBAABCBCADCDCDBCCD,,,3,8441,,,,,,,,,,,,,
52270,140,,,,,,,,,,31,13,335500000000350000000000311000000007000000000000000000000000300000000000,,bb40a160,,,,,,,,69,0,8,bb40a160,6400,35141,,55551553341451351343543314535145341344551435515134444145145313444433445514131543133534534354553515115531,AAAABAACCDBDABCABCDCADCCBDACABDACDBCDDAABDCAABABCDDDDBDABDACBCDDDDCCDDAABDBCBADCBCCACDACDCADAACABABBAACB,AAAAABACCDBDABACBCCDADCCBDACABADCDBCDDAABDACABABCDDDBDADBDACBCDDDDCCDDAABDBCABCDBCACCDACCDADAAACABBBAABC,,,8,35141,,,,,,,,,,,,,,43,44,33,665115344000353155334300633511611317111316334666433134466660535554666600,,00008444,,,,,,,,71,11,0,3,3,8444,,5555155334145135134354331453514534134455143551513444414514531344443344551413154313353453435455351511553113453434134344,AAAABAACCDBDABCABCDCADCCBDACABDACDBCDDAABDCAABABCDDDDBDABDACBCDDDDCCDDAABDBCBADCBCCACDACDCADAACABABBAACBBCDACDCDBCDCDD,AAAAABACCDBDABACBCCDADCCBDACABADCDBCDDAABDACABABCDDDBDADBDACBCDDDDCCDDAABDBCABCDBCACCDACCDADAAACABBBAABCBCADCDCDBCCDDD,,,3,8444,,,,,,,,,,,,,
52299,141,,,,,,,,,,31,13,335500000000350000000000311000000007000000000000000000000000300000000000,,bb40a160,,,,,,,,69,0,8,bb40a160,6400,35141,,55551553341451351343543314535145341344551435515134444145145313444433445514131543133534534354553515115531,AAAABAACCDBDABCABCDCADCCBDACABDACDBCDDAABDCAABABCDDDDBDABDACBCDDDDCCDDAABDBCBADCBCCACDACDCADAACABABBAACB,AAAAABACCDBDABACBCCDADCCBDACABADCDBCDDAABDACABABCDDDBDADBDACBCDDDDCCDDAABDBCABCDBCACCDACCDADAAACABBBAABC,,,8,35141,,,,,,,,,,,,,,44,33,15,665115344000353155334343633511611317111316334666433134466660535554666600,,00008447,,,,,,,,72,12,0,3,3,8447,,555515533414513513435433145351453413445514355151344441451453134444334455141315431335345343545535151155311345343413434433,AAAABAACCDBDABCABCDCADCCBDACABDACDBCDDAABDCAABABCDDDDBDABDACBCDDDDCCDDAABDBCBADCBCCACDACDCADAACABABBAACBBCDACDCDBCDCDDCC,AAAAABACCDBDABACBCCDADCCBDACABADCDBCDDAABDACABABCDDDBDADBDACBCDDDDCCDDAABDBCABCDBCACCDACCDADAAACABBBAABCBCADCDCDBCCDDDCC,,,3,8447,,,,,,,,,,,,,
52314,143,,,,,,,,,,31,13,335500000000350000000000311000000007000000000000000000000000300000000000,,bb40a160,,,,,,,,69,0,8,bb40a160,6400,35141,,55551553341451351343543314535145341344551435515134444145145313444433445514131543133534534354553515115531,AAAABAACCDBDABCABCDCADCCBDACABDACDBCDDAABDCAABABCDDDDBDABDACBCDDDDCCDDAABDBCBADCBCCACDACDCADAACABABBAACB,AAAAABACCDBDABACBCCDADCCBDACABADCDBCDDAABDACABABCDDDBDADBDACBCDDDDCCDDAABDBCABCDBCACCDACCDADAAACABBBAABC,,,8,35141,,,,,,,,,,,,,,,33,55,665115344000353155334343633511611316111316334666433134466660535554666600,,00008449,,,,,lose,,,74,13,0,0,0,8449,,55551553341451351343543314535145341344551435515134444145145313444433445514131543133534534354553515115531134534341343443333,AAAABAACCDBDABCABCDCADCCBDACABDACDBCDDAABDCAABABCDDDDBDABDACBCDDDDCCDDAABDBCBADCBCCACDACDCADAACABABBAACBBCDACDCDBCDCDDCCCC,AAAAABACCDBDABACBCCDADCCBDACABADCDBCDDAABDACABABCDDDBDADBDACBCDDDDCCDDAABDBCABCDBCACCDACCDADAAACABBBAABCBCADCDCDBCCDDDCCCC,,,3,8449,,,,,,,,,,,,,
52322,142,,,,,,,,,,31,13,335500000000350000000000311000000007000000000000000000000000300000000000,,bb40a160,,,,,,,,69,0,8,bb40a160,6400,35141,,55551553341451351343543314535145341344551435515134444145145313444433445514131543133534534354553515115531,AAAABAACCDBDABCABCDCADCCBDACABDACDBCDDAABDCAABABCDDDDBDABDACBCDDDDCCDDAABDBCBADCBCCACDACDCADAACABABBAACB,AAAAABACCDBDABACBCCDADCCBDACABADCDBCDDAABDACABABCDDDBDADBDACBCDDDDCCDDAABDBCABCDBCACCDACCDADAAACABBBAABC,,,8,35141,,,,,,,,,,,,,,,33,55,665115344000353155334343633511611316111316334666433134466660535554666600,,00008449,,,,,lose,,,74,13,0,0,0,8449,,55551553341451351343543314535145341344551435515134444145145313444433445514131543133534534354553515115531134534341343443333,AAAABAACCDBDABCABCDCADCCBDACABDACDBCDDAABDCAABABCDDDDBDABDACBCDDDDCCDDAABDBCBADCBCCACDACDCADAACABABBAACBBCDACDCDBCDCDDCCCC,AAAAABACCDBDABACBCCDADCCBDACABADCDBCDDAABDACABABCDDDBDADBDACBCDDDDCCDDAABDBCABCDBCACCDACCDADAAACABBBAABCBCADCDCDBCCDDDCCCC,,,3,8449,,,,,,,,,,,,,
52332,143,,,,,,,,,,31,13,550000000000500000000000110000000007000000000000000000000000300000000000,,00035146,,,,,win,,,70,0,8,5,5,35146,,55551553341451351343543314535145341344551435515134444145145313444433445514131543133534534354553515115531,AAAABAACCDBDABCABCDCADCCBDACABDACDBCDDAABDCAABABCDDDDBDABDACBCDDDDCCDDAABDBCBADCBCCACDACDCADAACABABBAACB,AAAAABACCDBDABACBCCDADCCBDACABADCDBCDDAABDACABABCDDDBDADBDACBCDDDDCCDDAABDBCABCDBCACCDACCDADAAACABBBAABC,,,8,35146,,,,,,,,,,,,,,,33,55,665115344000353155334343633511611316111316334666433134466660535554666600,,00008449,,,,,lose,,,74,13,0,0,0,8449,,55551553341451351343543314535145341344551435515134444145145313444433445514131543133534534354553515115531134534341343443333,AAAABAACCDBDABCABCDCADCCBDACABDACDBCDDAABDCAABABCDDDDBDABDACBCDDDDCCDDAABDBCBADCBCCACDACDCADAACABABBAACBBCDACDCDBCDCDDCCCC,AAAAABACCDBDABACBCCDADCCBDACABADCDBCDDAABDACABABCDDDBDADBDACBCDDDDCCDDAABDBCABCDBCACCDACCDADAAACABBBAABCBCADCDCDBCCDDDCCCC,,,3,8449,,,,,,,,,,,,,
