68570,0,,,,,,,,,,25,25,000000000000000000000000000000000007000000000000000000000000000000000000,000000,00000000,,,,,,,,0,0,0,0,0,0,,25,AB,AB,,,0,0,,,,,,,,,,,,,,,25,25,000000000000000000000000000000000007000000000000000000000000000000000000,000000,00000000,,,,,,,,0,0,0,0,0,0,,25,AB,AB,,,0,0,,,,,,,,,,,,,
68721,2,,,,,,,,,25,25,32,000000000000000000000000000000000007000000000000000000000000000000000000,,00000000,,,,,,,,1,1,0,0,0,0,,2525,ABAB,ABAB,,,0,0,,,,,,,,,,,,,,25,25,32,000000000000000000000000000000000007000000000000000000000000000000000000,,00000000,,,,,,,,1,1,0,0,0,0,,2525,ABAB,ABAB,,,0,0,,,,,,,,,,,,,
68771,4,,,,,,,,,25,32,51,000000000000520000000000000000000007000000000000000000000000000000000000,,00000012,,,,,,,,2,2,0,12,12,12,,252532,ABABCA,ABABAC,,,0,12,,,,,,,,,,,,,,25,32,51,520000000000000000000000000000000007000000000000000000000000000000000000,,00000012,,,,,,,,2,2,0,12,12,12,,252532,ABABCA,ABABAC,,,0,12,,,,,,,,,,,,,
68821,5,,,,,,,,,25,32,51,000000000000520000000000000000000007000000000000000000000000000000000000,,00000012,,,,,,,,2,2,0,12,12,12,,252532,ABABCA,ABABAC,,,0,12,,,,,,,,,,,,,,32,51,12,520000000000520000000000000000000007000000000000000000000000000000000000,,00000024,,,,,,,,3,3,0,12,12,24,,25253251,ABABCABD,ABABACBD,,,0,24,,,,,,,,,,,,,
68823,6,,,,,,,,,32,51,12,520000000000520000000000000000000007000000000000000000000000000000000000,,00000024,,,,,,,,3,3,0,12,12,24,,25253251,ABABCABD,ABABACBD,,,0,24,,,,,,,,,,,,,,32,51,12,520000000000520000000000000000000007000000000000000000000000000000000000,,00000024,,,,,,,,3,3,0,12,12,24,,25253251,ABABCABD,ABABACBD,,,0,24,,,,,,,,,,,,,
68870,7,,,,,,,,,32,51,12,520000000000520000000000000000000007000000000000000000000000000000000000,,00000024,,,,,,,,3,3,0,12,12,24,,25253251,ABABCABD,ABABACBD,,,0,24,,,,,,,,,,,,,,51,12,23,522300000000520000000000000000000007000000000000000000000000000000000000,,00000034,,,,,,,,4,4,0,10,10,34,,2525325112,ABABCABDDA,ABABACBDAD,,,0,34,,,,,,,,,,,,,
68873,8,,,,,,,,,51,12,23,522300000000520000000000000000000007000000000000000000000000000000000000,,00000035,,,,,,,,4,4,0,11,11,35,,2525325112,ABABCABDDA,ABABACBDAD,,,0,35,,,,,,,,,,,,,,51,12,23,522300000000520000000000000000000007000000000000000000000000000000000000,,00000034,,,,,,,,4,4,0,10,10,34,,2525325112,ABABCABDDA,ABABACBDAD,,,0,34,,,,,,,,,,,,,
68917,9,,,,,,,,,51,12,23,522300000000520000000000000000000007000000000000000000000000000000000000,,00000035,,,,,,,,4,4,0,11,11,35,,2525325112,ABABCABDDA,ABABACBDAD,,,0,35,,,,,,,,,,,,,,12,23,53,522300000000520000000000150000000007000000000000000000000000000000000000,,00000046,,,,,,,,5,5,0,12,12,46,,252532511223,ABABCABDDAAC,ABABACBDADAC,,,0,46,,,,,,,,,,,,,
68918,10,,,,,,,,,12,23,53,522300000000520000000000150000000007000000000000000000000000000000000000,,00000046,,,,,,,,5,5,0,11,11,46,,252532511223,ABABCABDDAAC,ABABACBDADAC,,,0,46,,,,,,,,,,,,,,12,23,53,522300000000520000000000150000000007000000000000000000000000000000000000,,00000046,,,,,,,,5,5,0,12,12,46,,252532511223,ABABCABDDAAC,ABABACBDADAC,,,0,46,,,,,,,,,,,,,
68967,11,,,,,,,,,12,23,53,522300000000520000000000150000000007000000000000000000000000000000000000,,00000046,,,,,,,,5,5,0,11,11,46,,252532511223,ABABCABDDAAC,ABABACBDADAC,,,0,46,,,,,,,,,,,,,,23,53,51,522300000000520000000000150000000007210000000000000000000000000000000000,,00000058,,,,,,,,6,6,0,12,12,58,,25253251122353,ABABCABDDAACBC,ABABACBDADACBC,,,0,58,,,,,,,,,,L_T1_GTR03_32100001,,,
68968,12,,,,,,,,,23,53,51,522300000000520000000000150000000007210000000000000000000000000000000000,,00000058,,,,,,,,6,6,0,12,12,58,,25253251122353,ABABCABDDAACBC,ABABACBDADACBC,,,0,58,,,,,,,,,,L_T1_GTR03_32100001,,,,23,53,51,522300000000520000000000150000000007210000000000000000000000000000000000,,00000058,,,,,,,,6,6,0,12,12,58,,25253251122353,ABABCABDDAACBC,ABABACBDADACBC,,,0,58,,,,,,,,,,L_T1_GTR03_32100001,,,
69020,13,,,,,,,,,23,53,51,522300000000520000000000150000000007210000000000000000000000000000000000,,00000058,,,,,,,,6,6,0,12,12,58,,25253251122353,ABABCABDDAACBC,ABABACBDADACBC,,,0,58,,,,,,,,,,L_T1_GTR03_32100001,,,,53,51,32,522300000000520000000000150000000007210000000000200000000000300000000000,,00000071,,,,,,,,7,7,0,13,13,71,,2525325112235351,ABABCABDDAACBCBD,ABABACBDADACBCBD,,,0,71,,,,,,,,,,,,,
69022,14,,,,,,,,,53,51,32,522300000000520000000000150000000007210000000000200000000000300000000000,,00000071,,,,,,,,7,7,0,13,13,71,,2525325112235351,ABABCABDDAACBCBD,ABABACBDADACBCBD,,,0,71,,,,,,,,,,,,,,53,51,32,522300000000520000000000150000000007210000000000200000000000300000000000,,00000071,,,,,,,,7,7,0,13,13,71,,2525325112235351,ABABCABDDAACBCBD,ABABACBDADACBCBD,,,0,71,,,,,,,,,,,,,
69069,16,,,,,,,,,51,32,53,522300000000525300000000150000000007210000000000200000000000300000000000,,00000082,,,,,,,,8,8,0,11,11,82,,252532511223535132,ABABCABDDAACBCBDCA,ABABACBDADACBCBDAC,,,0,82,,,,,L_T1_GTR___standard,,,,,L_T1_GTR03_33000001,,,,51,32,53,522300000000525300000000150000000007210000000000200000000000300000000000,,00000082,,,,,,,,8,8,0,11,11,82,,252532511223535132,ABABCABDDAACBCBDCA,ABABACBDADACBCBDAC,,,0,82,,,,,L_T1_GTR___standard,,,,,L_T1_GTR03_33000001,,,
69113,17,,,,,,,,,32,53,25,522300000000525300000000151500000007210000000000200000000000300000000000,,00000092,,,,,,,,9,9,0,10,10,92,,25253251122353513253,ABABCABDDAACBCBDCABC,ABABACBDADACBCBDACBC,,,0,92,,,,,L_T1_GTR___standard,,,,,L_T1_GTR03_33000001,,,,51,32,53,522300000000525300000000150000000007210000000000200000000000300000000000,,00000082,,,,,,,,8,8,0,11,11,82,,252532511223535132,ABABCABDDAACBCBDCA,ABABACBDADACBCBDAC,,,0,82,,,,,L_T1_GTR___standard,,,,,L_T1_GTR03_33000001,,,
69117,18,,,,,,,,,32,53,25,522300000000525300000000151500000007210000000000200000000000300000000000,,00000092,,,,,,,,9,9,0,10,10,92,,25253251122353513253,ABABCABDDAACBCBDCABC,ABABACBDADACBCBDACBC,,,0,92,,,,,L_T1_GTR___standard,,,,,L_T1_GTR03_33000001,,,,32,53,25,522300000000525300000000151000000007215000000000200000000000300000000000,,00000093,,,,,,,,9,9,0,11,11,93,,25253251122353513253,ABABCABDDAACBCBDCABC,ABABACBDADACBCBDACBC,,,0,93,,,,,L_T1_GTR___standard,,,,,L_T1_GTR03_33000001,,,
69167,19,,,,,,,,,53,25,31,522300000000525300000000151500000007210000000000200000000000332000000000,,00000104,,,,,,,,10,10,0,12,12,104,,2525325112235351325325,ABABCABDDAACBCBDCABCAB,ABABACBDADACBCBDACBCAB,,,0,104,,,,,L_T1_GTR___standard,,,,,L_T1_GTR03_33000001,,,,32,53,25,522300000000525300000000151000000007215000000000200000000000300000000000,,00000093,,,,,,,,9,9,0,11,11,93,,25253251122353513253,ABABCABDDAACBCBDCABC,ABABACBDADACBCBDACBC,,,0,93,,,,,L_T1_GTR___standard,,,,,L_T1_GTR03_33000001,,,
69171,20,,,,,,,,,53,25,31,522300000000525300000000151500000007210000000000200000000000332000000000,,00000104,,,,,,,,10,10,0,12,12,104,,2525325112235351325325,ABABCABDDAACBCBDCABCAB,ABABACBDADACBCBDACBCAB,,,0,104,,,,,L_T1_GTR___standard,,,,,L_T1_GTR03_33000001,,,,53,25,31,522300000000525300000000151000000007215000000000200000000000332000000000,,00000105,,,,,,,,10,10,0,12,12,105,,2525325112235351325325,ABABCABDDAACBCBDCABCAB,ABABACBDADACBCBDACBCAB,,,0,105,,,,,L_T1_GTR___standard,,,,,L_T1_GTR03_33000001,,,
69211,21,,,,,,,,,25,31,21,522330000000525350000000151500000007210000000000200000000000332000000000,,00000113,,,,,,,,11,11,0,9,9,113,,252532511223535132532531,ABABCABDDAACBCBDCABCABCD,ABABACBDADACBCBDACBCABCD,,,0,113,,,,,L_T1_GTR___standard,,,,,L_T1_GTR03_33000001,,,,53,25,31,522300000000525300000000151000000007215000000000200000000000332000000000,,00000105,,,,,,,,10,10,0,12,12,105,,2525325112235351325325,ABABCABDDAACBCBDCABCAB,ABABACBDADACBCBDACBCAB,,,0,105,,,,,L_T1_GTR___standard,,,,,L_T1_GTR03_33000001,,,
69216,22,,,,,,,,,25,31,21,522330000000525350000000151500000007210000000000200000000000332000000000,,00000113,,,,,,,,11,11,0,9,9,113,,252532511223535132532531,ABABCABDDAACBCBDCABCABCD,ABABACBDADACBCBDACBCABCD,,,0,113,,,,,L_T1_GTR___standard,,,,,L_T1_GTR03_33000001,,,,25,31,21,522300000000525300000000151300000007215500000000200000000000332000000000,,00000115,,,,,,,,11,11,0,10,10,115,,252532511223535132532531,ABABCABDDAACBCBDCABCABCD,ABABACBDADACBCBDACBCABCD,,,0,115,,,,,L_T1_GTR___standard/L_T1_GTR___zabuton_,,,,,L_T1_GTR03_33000001,,,
69257,23,,,,,,,,,31,21,55,522332000000525355000000151500000007210000000000200000000000332000000000,,00000121,,,,,,,,12,12,0,8,8,121,,25253251122353513253253121,ABABCABDDAACBCBDCABCABCDAD,ABABACBDADACBCBDACBCABCDAD,,,0,121,,,,,L_T1_GTR___standard,,,,,L_T1_GTR03_33000001,,,,25,31,21,522300000000525300000000151300000007215500000000200000000000332000000000,,00000115,,,,,,,,11,11,0,10,10,115,,252532511223535132532531,ABABCABDDAACBCBDCABCABCD,ABABACBDADACBCBDACBCABCD,,,0,115,,,,,L_T1_GTR___standard/L_T1_GTR___zabuton_,,,,,L_T1_GTR03_33000001,,,
69266,24,,,,,,,,,31,21,55,522332000000525355000000151500000007210000000000200000000000332000000000,,00000121,,,,,,,,12,12,0,8,8,121,,25253251122353513253253121,ABABCABDDAACBCBDCABCABCDAD,ABABACBDADACBCBDACBCABCDAD,,,0,121,,,,,L_T1_GTR___standard,,,,,L_T1_GTR03_33000001,,,,31,21,55,522300000000525300000000151300000007215500000000200000000000332250000000,,00000125,,,,,,,,12,12,0,10,10,125,,25253251122353513253253121,ABABCABDDAACBCBDCABCABCDAD,ABABACBDADACBCBDACBCABCDAD,,,0,125,,,,,L_T1_GTR___standard/L_T1_GTR___zabuton_,,,,,L_T1_GTR03_33000001,,,
69307,25,,,,,,,,,21,55,25,522332000000525355000000151500000007210000000000213000000000332000000000,,00000132,,,,,,,,13,13,0,11,11,132,,2525325112235351325325312155,ABABCABDDAACBCBDCABCABCDADBB,ABABACBDADACBCBDACBCABCDADBB,,,0,132,,,,,L_T1_GTR___standard,,,,,L_T1_GTR03_33000001,,,,31,21,55,522300000000525300000000151300000007215500000000200000000000332250000000,,00000125,,,,,,,,12,12,0,10,10,125,,25253251122353513253253121,ABABCABDDAACBCBDCABCABCDAD,ABABACBDADACBCBDACBCABCDAD,,,0,125,,,,,L_T1_GTR___standard/L_T1_GTR___zabuton_,,,,,L_T1_GTR03_33000001,,,
69316,26,,,,,,,,,21,55,25,522332000000525355000000151500000007210000000000213000000000332000000000,,00000132,,,,,,,,13,13,0,11,11,132,,2525325112235351325325312155,ABABCABDDAACBCBDCABCABCDADBB,ABABACBDADACBCBDACBCABCDADBB,,,0,132,,,,,L_T1_GTR___standard,,,,,L_T1_GTR03_33000001,,,,21,55,25,522300000000525300000000151300000007215500000000213000000000332250000000,,00000136,,,,,,,,13,13,0,11,11,136,,2525325112235351325325312155,ABABCABDDAACBCBDCABCABCDADBB,ABABACBDADACBCBDACBCABCDADBB,,,0,136,,,,,L_T1_GTR___standard/L_T1_GTR___zabuton_,,,,,L_T1_GTR03_33000001,,,
69357,27,,,,,,,,,55,25,23,522332000000525355000000151500000007210000000000213200000000332100000000,,00000142,,,,,,,,14,14,0,10,10,142,,252532511223535132532531215525,ABABCABDDAACBCBDCABCABCDADBBAB,ABABACBDADACBCBDACBCABCDADBBAB,,,0,142,,,,,L_T1_GTR___standard,,,,,L_T1_GTR03_33000001,,,,21,55,25,522300000000525300000000151300000007215500000000213000000000332250000000,,00000136,,,,,,,,13,13,0,11,11,136,,2525325112235351325325312155,ABABCABDDAACBCBDCABCABCDADBB,ABABACBDADACBCBDACBCABCDADBB,,,0,136,,,,,L_T1_GTR___standard/L_T1_GTR___zabuton_,,,,,L_T1_GTR03_33000001,,,
69363,28,,,,,,,,,55,25,23,522332000000525355000000151500000007210000000000213200000000332100000000,,00000142,,,,,,,,14,14,0,10,10,142,,252532511223535132532531215525,ABABCABDDAACBCBDCABCABCDADBBAB,ABABACBDADACBCBDACBCABCDADBBAB,,,0,142,,,,,L_T1_GTR___standard,,,,,L_T1_GTR03_33000001,,,,55,25,23,522320000000525310000000151300000007215500000000213000000000332250000000,,00000145,,,,,,,,14,14,0,9,9,145,,252532511223535132532531215525,ABABCABDDAACBCBDCABCABCDADBBAB,ABABACBDADACBCBDACBCABCDADBBAB,,,0,145,,,,,L_T1_GTR___standard/L_T1_GTR___zabuton_,,,,,L_T1_GTR03_33000001,,,
69397,29,,,,,,,,,25,23,55,522332550000525355000000151500000007210000000000213200000000332100000000,,00000149,,,,,,,,15,15,0,7,7,149,,25253251122353513253253121552523,ABABCABDDAACBCBDCABCABCDADBBABAC,ABABACBDADACBCBDACBCABCDADBBABAC,,,0,149,,,,,L_T1_GTR___standard,,,,,L_T1_GTR03_33000001,,,,55,25,23,522320000000525310000000151300000007215500000000213000000000332250000000,,00000145,,,,,,,,14,14,0,9,9,145,,252532511223535132532531215525,ABABCABDDAACBCBDCABCABCDADBBAB,ABABACBDADACBCBDACBCABCDADBBAB,,,0,145,,,,,L_T1_GTR___standard/L_T1_GTR___zabuton_,,,,,L_T1_GTR03_33000001,,,
69404,30,,,,,,,,,25,23,55,522332550000525355000000151500000007210000000000213200000000332100000000,,00000149,,,,,,,,15,15,0,7,7,149,,25253251122353513253253121552523,ABABCABDDAACBCBDCABCABCDADBBABAC,ABABACBDADACBCBDACBCABCDADBBABAC,,,0,149,,,,,L_T1_GTR___standard,,,,,L_T1_GTR03_33000001,,,,25,23,55,522325500000525310000000151300000007215500000000213000000000332250000000,,00000152,,,,,,,,15,15,0,7,7,152,,25253251122353513253253121552523,ABABCABDDAACBCBDCABCABCDADBBABAC,ABABACBDADACBCBDACBCABCDADBBABAC,,,0,152,,,,,L_T1_GTR___standard/L_T1_GTR___zabuton_,,,,,L_T1_GTR03_33000001,,,
69436,31,,,,,,,,,23,55,51,522332550000525355250000151500000007210000000000213200000000332100000000,,00000155,,,,,,,,16,16,0,6,6,155,,2525325112235351325325312155252355,ABABCABDDAACBCBDCABCABCDADBBABACBB,ABABACBDADACBCBDACBCABCDADBBABACBB,,,0,155,,,,,L_T1_GTR___standard,,,,,L_T1_GTR03_33000001,,,,25,23,55,522325500000525310000000151300000007215500000000213000000000332250000000,,00000152,,,,,,,,15,15,0,7,7,152,,25253251122353513253253121552523,ABABCABDDAACBCBDCABCABCDADBBABAC,ABABACBDADACBCBDACBCABCDADBBABAC,,,0,152,,,,,L_T1_GTR___standard/L_T1_GTR___zabuton_,,,,,L_T1_GTR03_33000001,,,
69445,32,,,,,,,,,23,55,51,522332550000525355250000151500000007210000000000213200000000332100000000,,00000155,,,,,,,,16,16,0,6,6,155,,2525325112235351325325312155252355,ABABCABDDAACBCBDCABCABCDADBBABACBB,ABABACBDADACBCBDACBCABCDADBBABACBB,,,0,155,,,,,L_T1_GTR___standard,,,,,L_T1_GTR03_33000001,,,,23,55,51,522325500000525315200000151300000007215500000000213000000000332250000000,,00000159,,,,,,,,16,16,0,7,7,159,,2525325112235351325325312155252355,ABABCABDDAACBCBDCABCABCDADBBABACBB,ABABACBDADACBCBDACBCABCDADBBABACBB,,,0,159,,,,,L_T1_GTR___standard/L_T1_GTR___zabuton_,,,,,L_T1_GTR03_33000001,,,
69503,33,,,,,,,,,55,51,23,522332550000525355250000151520000007213000000000213200000000332100000000,,00000164,,,,,,,,17,17,0,9,9,164,,252532511223535132532531215525235551,ABABCABDDAACBCBDCABCABCDADBBABACBBBD,ABABACBDADACBCBDACBCABCDADBBABACBBBD,,,0,164,,,,,L_T1_GTR___standard,,,,,L_T1_GTR03_33000001,,,,23,55,51,522325500000525315200000151300000007215500000000213000000000332250000000,,00000159,,,,,,,,16,16,0,7,7,159,,2525325112235351325325312155252355,ABABCABDDAACBCBDCABCABCDADBBABACBB,ABABACBDADACBCBDACBCABCDADBBABACBB,,,0,159,,,,,L_T1_GTR___standard/L_T1_GTR___zabuton_,,,,,L_T1_GTR03_33000001,,,
69508,34,,,,,,,,,55,51,23,522332550000525355250000151520000007213000000000213200000000332100000000,,00000164,,,,,,,,17,17,0,9,9,164,,252532511223535132532531215525235551,ABABCABDDAACBCBDCABCABCDADBBABACBBBD,ABABACBDADACBCBDACBCABCDADBBABACBBBD,,,0,164,,,,,L_T1_GTR___standard,,,,,L_T1_GTR03_33000001,,,,55,51,23,522325500000525315200000151300000007215520000000213300000000332250000000,,00000168,,,,,,,,17,17,0,9,9,168,,252532511223535132532531215525235551,ABABCABDDAACBCBDCABCABCDADBBABACBBBD,ABABACBDADACBCBDACBCABCDADBBABACBBBD,,,0,168,,,,,L_T1_GTR___standard/L_T1_GTR___zabuton_,,,,,L_T1_GTR03_33000001,,,
69548,35,,,,,,,,,51,23,35,522332550000525355250000151520000007213550000000213200000000332100000000,,00000173,,,,,,,,18,18,0,9,9,173,,25253251122353513253253121552523555123,ABABCABDDAACBCBDCABCABCDADBBABACBBBDAC,ABABACBDADACBCBDACBCABCDADBBABACBBBDAC,,,0,173,,,,,L_T1_GTR___standard,,,,,L_T1_GTR03_33000001,,,,55,51,23,522325500000525315200000151300000007215520000000213300000000332250000000,,00000168,,,,,,,,17,17,0,9,9,168,,252532511223535132532531215525235551,ABABCABDDAACBCBDCABCABCDADBBABACBBBD,ABABACBDADACBCBDACBCABCDADBBABACBBBD,,,0,168,,,,,L_T1_GTR___standard/L_T1_GTR___zabuton_,,,,,L_T1_GTR03_33000001,,,
69572,36,,,,,,,,,51,23,35,522332550000525355250000151520000007213550000000213200000000332100000000,,00000173,,,,,,,,18,18,0,9,9,173,,25253251122353513253253121552523555123,ABABCABDDAACBCBDCABCABCDADBBABACBBBDAC,ABABACBDADACBCBDACBCABCDADBBABACBBBDAC,,,0,173,,,,,L_T1_GTR___standard,,,,,L_T1_GTR03_33000001,,,,51,23,35,522325500000525315200000151300000007215520000000213350000000332255000000,,00000176,,,,,,,,18,18,0,8,8,176,,25253251122353513253253121552523555123,ABABCABDDAACBCBDCABCABCDADBBABACBBBDAC,ABABACBDADACBCBDACBCABCDADBBABACBBBDAC,,,0,176,,,,,L_T1_GTR___standard/L_T1_GTR___zabuton_,,,,,L_T1_GTR03_33000001,,,
69592,37,,,,,,,,,23,35,11,522332550000525355250000151520000007213550000000213215000000332100000000,,00000181,,,,,,,,19,19,0,8,8,181,,2525325112235351325325312155252355512335,ABABCABDDAACBCBDCABCABCDADBBABACBBBDACCB,ABABACBDADACBCBDACBCABCDADBBABACBBBDACBC,,,0,181,,,,,L_T1_GTR___standard,,,,,L_T1_GTR03_33000001,,,,51,23,35,522325500000525315200000151300000007215520000000213350000000332255000000,,00000176,,,,,,,,18,18,0,8,8,176,,25253251122353513253253121552523555123,ABABCABDDAACBCBDCABCABCDADBBABACBBBDAC,ABABACBDADACBCBDACBCABCDADBBABACBBBDAC,,,0,176,,,,,L_T1_GTR___standard/L_T1_GTR___zabuton_,,,,,L_T1_GTR03_33000001,,,
69632,38,,,,,,,,,35,11,11,522332550000525355250000151522000007213553000000213215000000332100000000,,00000189,,,,,,,,20,20,0,8,8,189,,252532511223535132532531215525235551233511,ABABCABDDAACBCBDCABCABCDADBBABACBBBDACCBDD,ABABACBDADACBCBDACBCABCDADBBABACBBBDACBCDD,,,0,189,,,,,L_T1_GTR___standard,,,,,L_T1_GTR03_33000001,,,,51,23,35,522325500000525315200000151300000007215520000000213350000000332255000000,,00000176,,,,,,,,18,18,0,8,8,176,,25253251122353513253253121552523555123,ABABCABDDAACBCBDCABCABCDADBBABACBBBDAC,ABABACBDADACBCBDACBCABCDADBBABACBBBDAC,,,0,176,,,,,L_T1_GTR___standard/L_T1_GTR___zabuton_,,,,,L_T1_GTR03_33000001,,,
69638,39,,,,,,,,,35,11,11,522332550000525355250000151522000007213553000000213215000000332100000000,,00000189,,,,,,,,20,20,0,8,8,189,,252532511223535132532531215525235551233511,ABABCABDDAACBCBDCABCABCDADBBABACBBBDACCBDD,ABABACBDADACBCBDACBCABCDADBBABACBBBDACBCDD,,,0,189,,,,,L_T1_GTR___standard,,,,,L_T1_GTR03_33000001,,,,23,35,11,522325500000525315250000151310000007215520000000213350000000332255000000,,00000182,,,,,,,,19,19,0,6,6,182,,2525325112235351325325312155252355512335,ABABCABDDAACBCBDCABCABCDADBBABACBBBDACCB,ABABACBDADACBCBDACBCABCDADBBABACBBBDACBC,,,0,182,,,,,L_T1_GTR___standard/L_T1_GTR___zabuton_,,,,,L_T1_GTR03_33000001,,,
69678,40,,,,,,,,,35,11,11,522332550000525355250000151522000007213553000000213215000000332100000000,,00000189,,,,,,,,20,20,0,8,8,189,,252532511223535132532531215525235551233511,ABABCABDDAACBCBDCABCABCDADBBABACBBBDACCBDD,ABABACBDADACBCBDACBCABCDADBBABACBBBDACBCDD,,,0,189,,,,,L_T1_GTR___standard,,,,,L_T1_GTR03_33000001,,,,35,11,11,522325500000525315250000151312000007215523000000213350000000332255000000,,00000190,,,,,,,,20,20,0,8,8,190,,252532511223535132532531215525235551233511,ABABCABDDAACBCBDCABCABCDADBBABACBBBDACCBDD,ABABACBDADACBCBDACBCABCDADBBABACBBBDACBCDD,,,0,190,,,,,L_T1_GTR___standard/L_T1_GTR___zabuton_,,,,,L_T1_GTR03_33000001,,,
69698,41,,,,,,,,,11,11,53,522332550000525355250000151522000007213553000000213215300000332150000000,,00000196,,,,,,,,21,21,0,7,7,196,,25253251122353513253253121552523555123351111,ABABCABDDAACBCBDCABCABCDADBBABACBBBDACCBDDDD,ABABACBDADACBCBDACBCABCDADBBABACBBBDACBCDDDD,,,0,196,,,,,L_T1_GTR___standard,,,,,L_T1_GTR03_33000001,,,,35,11,11,522325500000525315250000151312000007215523000000213350000000332255000000,,00000190,,,,,,,,20,20,0,8,8,190,,252532511223535132532531215525235551233511,ABABCABDDAACBCBDCABCABCDADBBABACBBBDACCBDD,ABABACBDADACBCBDACBCABCDADBBABACBBBDACBCDD,,,0,190,,,,,L_T1_GTR___standard/L_T1_GTR___zabuton_,,,,,L_T1_GTR03_33000001,,,
69718,42,,,,,,,,,11,11,53,522332550000525355250000151522000007213553000000213215300000332150000000,,00000196,,,,,,,,21,21,0,7,7,196,,25253251122353513253253121552523555123351111,ABABCABDDAACBCBDCABCABCDADBBABACBBBDACCBDDDD,ABABACBDADACBCBDACBCABCDADBBABACBBBDACBCDDDD,,,0,196,,,,,L_T1_GTR___standard,,,,,L_T1_GTR03_33000001,,,,11,11,53,522325500000525315250000151312000007215523350000213350000000332255000000,,00000197,,,,,,,,21,21,0,7,7,197,,25253251122353513253253121552523555123351111,ABABCABDDAACBCBDCABCABCDADBBABACBBBDACCBDDDD,ABABACBDADACBCBDACBCABCDADBBABACBBBDACBCDDDD,,,0,197,,,,,L_T1_GTR___standard/L_T1_GTR___zabuton_,,,,,L_T1_GTR03_33000001,,,
69736,43,,,,,,,,,11,53,55,522332550000525355250000151522000007213553000000213215311000332150000000,,00000201,,,,,,,,22,22,0,5,5,201,,2525325112235351325325312155252355512335111153,ABABCABDDAACBCBDCABCABCDADBBABACBBBDACCBDDDDBC,ABABACBDADACBCBDACBCABCDADBBABACBBBDACBCDDDDBC,,,0,201,,,,,L_T1_GTR___standard,,,,,L_T1_GTR03_33000001,,,,11,11,53,522325500000525315250000151312000007215523350000213350000000332255000000,,00000197,,,,,,,,21,21,0,7,7,197,,25253251122353513253253121552523555123351111,ABABCABDDAACBCBDCABCABCDADBBABACBBBDACCBDDDD,ABABACBDADACBCBDACBCABCDADBBABACBBBDACBCDDDD,,,0,197,,,,,L_T1_GTR___standard/L_T1_GTR___zabuton_,,,,,L_T1_GTR03_33000001,,,
69756,44,,,,,,,,,11,53,55,522332550000525355250000151522000007213553000000213215311000332150000000,,00000201,,,,,,,,22,22,0,5,5,201,,2525325112235351325325312155252355512335111153,ABABCABDDAACBCBDCABCABCDADBBABACBBBDACCBDDDDBC,ABABACBDADACBCBDACBCABCDADBBABACBBBDACBCDDDDBC,,,0,201,,,,,L_T1_GTR___standard,,,,,L_T1_GTR03_33000001,,,,11,53,55,522325511000525315250000151312000007215523350000213350000000332255000000,,00000202,,,,,,,,22,22,0,5,5,202,,2525325112235351325325312155252355512335111153,ABABCABDDAACBCBDCABCABCDADBBABACBBBDACCBDDDDBC,ABABACBDADACBCBDACBCABCDADBBABACBBBDACBCDDDDBC,,,0,202,,,,,L_T1_GTR___standard/L_T1_GTR___zabuton_,,,,,L_T1_GTR03_33000001,,,
69792,45,,,,,,,,,11,53,55,522332550000525355250000151522000007213553000000213215311000332150000000,,00000201,,,,,,,,22,22,0,5,5,201,,2525325112235351325325312155252355512335111153,ABABCABDDAACBCBDCABCABCDADBBABACBBBDACCBDDDDBC,ABABACBDADACBCBDACBCABCDADBBABACBBBDACBCDDDDBC,,,0,201,,,,,L_T1_GTR___standard,,,,,L_T1_GTR03_33000001,,,,53,55,31,522325511000525315250000151312000007215523351100213350000000332255000000,,00000206,,,,,,,,23,23,0,4,4,206,,252532511223535132532531215525235551233511115355,ABABCABDDAACBCBDCABCABCDADBBABACBBBDACCBDDDDBCBB,ABABACBDADACBCBDACBCABCDADBBABACBBBDACBCDDDDBCBB,,,0,206,,,,,L_T1_GTR___standard/L_T1_GTR___zabuton_,,,,,L_T1_GTR03_33000001,,,
69818,46,,,,,,,,,53,55,31,522332550000525355250000151522000007213553000000213215311000332151100000,,00000204,,,,,,,,23,23,0,3,3,204,,252532511223535132532531215525235551233511115355,ABABCABDDAACBCBDCABCABCDADBBABACBBBDACCBDDDDBCBB,ABABACBDADACBCBDACBCABCDADBBABACBBBDACBCDDDDBCBB,,,0,204,,,,,L_T1_GTR___standard,,,,,L_T1_GTR03_33000001,,,,53,55,31,522325511000525315250000151312000007215523351100213350000000332255000000,,00000206,,,,,,,,23,23,0,4,4,206,,252532511223535132532531215525235551233511115355,ABABCABDDAACBCBDCABCABCDADBBABACBBBDACCBDDDDBCBB,ABABACBDADACBCBDACBCABCDADBBABACBBBDACBCDDDDBCBB,,,0,206,,,,,L_T1_GTR___standard/L_T1_GTR___zabuton_,,,,,L_T1_GTR03_33000001,,,
69834,47,,,,,,,,,53,55,31,522332550000525355250000151522000007213553000000213215311000332151100000,,00000204,,,,,,,,23,23,0,3,3,204,,252532511223535132532531215525235551233511115355,ABABCABDDAACBCBDCABCABCDADBBABACBBBDACCBDDDDBCBB,ABABACBDADACBCBDACBCABCDADBBABACBBBDACBCDDDDBCBB,,,0,204,,,,,L_T1_GTR___standard,,,,,L_T1_GTR03_33000001,,,,55,31,21,522325511000525315250000151312000007215523351100213353500000332255000000,,00000213,,,,,,,,24,24,0,7,7,213,,25253251122353513253253121552523555123351111535531,ABABCABDDAACBCBDCABCABCDADBBABACBBBDACCBDDDDBCBBCD,ABABACBDADACBCBDACBCABCDADBBABACBBBDACBCDDDDBCBBCD,,,0,213,,,,,L_T1_GTR___standard/L_T1_GTR___zabuton_,,,,,L_T1_GTR03_33000001,,,
69858,48,,,,,,,,,55,31,21,522332550000525355250000151522300007213553500000213215311000332151100000,,00000211,,,,,,,,24,24,0,7,7,211,,25253251122353513253253121552523555123351111535531,ABABCABDDAACBCBDCABCABCDADBBABACBBBDACCBDDDDBCBBCD,ABABACBDADACBCBDACBCABCDADBBABACBBBDACBCDDDDBCBBCD,,,0,211,,,,,L_T1_GTR___standard,,,,,L_T1_GTR03_33000001,,,,55,31,21,522325511000525315250000151312000007215523351100213353500000332255000000,,00000213,,,,,,,,24,24,0,7,7,213,,25253251122353513253253121552523555123351111535531,ABABCABDDAACBCBDCABCABCDADBBABACBBBDACCBDDDDBCBBCD,ABABACBDADACBCBDACBCABCDADBBABACBBBDACBCDDDDBCBBCD,,,0,213,,,,,L_T1_GTR___standard/L_T1_GTR___zabuton_,,,,,L_T1_GTR03_33000001,,,
69894,49,,,,,,,,,31,21,15,522332550000525355250000151522300007213553555000213215311000332151100000,,00000216,,,,,,,,25,25,0,5,5,216,,2525325112235351325325312155252355512335111153553121,ABABCABDDAACBCBDCABCABCDADBBABACBBBDACCBDDDDBCBBCDAD,ABABACBDADACBCBDACBCABCDADBBABACBBBDACBCDDDDBCBBCDAD,,,0,216,,,,,L_T1_GTR___standard,,,,,L_T1_GTR03_33000001,,,,55,31,21,522325511000525315250000151312000007215523351100213353500000332255000000,,00000213,,,,,,,,24,24,0,7,7,213,,25253251122353513253253121552523555123351111535531,ABABCABDDAACBCBDCABCABCDADBBABACBBBDACCBDDDDBCBBCD,ABABACBDADACBCBDACBCABCDADBBABACBBBDACBCDDDDBCBBCD,,,0,213,,,,,L_T1_GTR___standard/L_T1_GTR___zabuton_,,,,,L_T1_GTR03_33000001,,,
69896,50,,,,,,,,,31,21,15,522332550000525355250000151522300007213553555000213215311000332151100000,,00000216,,,,,,,,25,25,0,5,5,216,,2525325112235351325325312155252355512335111153553121,ABABCABDDAACBCBDCABCABCDADBBABACBBBDACCBDDDDBCBBCDAD,ABABACBDADACBCBDACBCABCDADBBABACBBBDACBCDDDDBCBBCDAD,,,0,216,,,,,L_T1_GTR___standard,,,,,L_T1_GTR03_33000001,,,,31,21,15,522325511000525315250000151312000007215523351150213353550000332255000000,,00000216,,,,,,,,25,25,0,3,3,216,,2525325112235351325325312155252355512335111153553121,ABABCABDDAACBCBDCABCABCDADBBABACBBBDACCBDDDDBCBBCDAD,ABABACBDADACBCBDACBCABCDADBBABACBBBDACBCDDDDBCBBCDAD,,,0,216,,,,,L_T1_GTR___standard/L_T1_GTR___zabuton_,,,,,L_T1_GTR03_33000001,,,
69928,51,,,,,,,,,21,15,55,522332550000525355250000151522300007213553555300213215311100332151100000,,00000220,,,,,,,,26,26,0,4,4,220,,252532511223535132532531215525235551233511115355312115,ABABCABDDAACBCBDCABCABCDADBBABACBBBDACCBDDDDBCBBCDADDB,ABABACBDADACBCBDACBCABCDADBBABACBBBDACBCDDDDBCBBCDADBD,,,0,220,,,,,L_T1_GTR___standard,,,,,L_T1_GTR03_33000001,,,,31,21,15,522325511000525315250000151312000007215523351150213353550000332255000000,,00000216,,,,,,,,25,25,0,3,3,216,,2525325112235351325325312155252355512335111153553121,ABABCABDDAACBCBDCABCABCDADBBABACBBBDACCBDDDDBCBBCDAD,ABABACBDADACBCBDACBCABCDADBBABACBBBDACBCDDDDBCBBCDAD,,,0,216,,,,,L_T1_GTR___standard/L_T1_GTR___zabuton_,,,,,L_T1_GTR03_33000001,,,
69936,52,,,,,,,,,21,15,55,522332550000525355250000151522300007213553555300213215311100332151100000,,00000220,,,,,,,,26,26,0,4,4,220,,252532511223535132532531215525235551233511115355312115,ABABCABDDAACBCBDCABCABCDADBBABACBBBDACCBDDDDBCBBCDADDB,ABABACBDADACBCBDACBCABCDADBBABACBBBDACBCDDDDBCBBCDADBD,,,0,220,,,,,L_T1_GTR___standard,,,,,L_T1_GTR03_33000001,,,,21,15,55,522325511000525315250000151312000007215523351150213353553100332255000000,,00000221,,,,,,,,26,26,0,5,5,221,,252532511223535132532531215525235551233511115355312115,ABABCABDDAACBCBDCABCABCDADBBABACBBBDACCBDDDDBCBBCDADDB,ABABACBDADACBCBDACBCABCDADBBABACBBBDACBCDDDDBCBBCDADBD,,,0,221,,,,,L_T1_GTR___standard/L_T1_GTR___zabuton_,,,,,L_T1_GTR03_33000001,,,
69994,53,,,,,,,,,21,15,55,522332550000525355250000151522300007213553555300213215311100332151100000,,00000220,,,,,,,,26,26,0,4,4,220,,252532511223535132532531215525235551233511115355312115,ABABCABDDAACBCBDCABCABCDADBBABACBBBDACCBDDDDBCBBCDADDB,ABABACBDADACBCBDACBCABCDADBBABACBBBDACBCDDDDBCBBCDADBD,,,0,220,,,,,L_T1_GTR___standard,,,,,L_T1_GTR03_33000001,,,,15,55,21,522325511000525315251000151312200007215523351150213353553100332255000000,,00000226,,,,,,,,27,27,0,5,5,226,,25253251122353513253253121552523555123351111535531211555,ABABCABDDAACBCBDCABCABCDADBBABACBBBDACCBDDDDBCBBCDADDBBB,ABABACBDADACBCBDACBCABCDADBBABACBBBDACBCDDDDBCBBCDADBDBB,,,0,226,,,,,L_T1_GTR___standard/L_T1_GTR___zabuton_,,,,,L_T1_GTR03_33000001,,,
70018,54,,,,,,,,,15,55,21,522332550000525355250000151522320007213553555310213215311100332151100000,,00000222,,,,,,,,27,27,0,2,2,222,,25253251122353513253253121552523555123351111535531211555,ABABCABDDAACBCBDCABCABCDADBBABACBBBDACCBDDDDBCBBCDADDBBB,ABABACBDADACBCBDACBCABCDADBBABACBBBDACBCDDDDBCBBCDADBDBB,,,0,222,,,,,L_T1_GTR___standard,,,,,L_T1_GTR03_33000001,,,,15,55,21,522325511000525315251000151312200007215523351150213353553100332255000000,,00000226,,,,,,,,27,27,0,5,5,226,,25253251122353513253253121552523555123351111535531211555,ABABCABDDAACBCBDCABCABCDADBBABACBBBDACCBDDDDBCBBCDADDBBB,ABABACBDADACBCBDACBCABCDADBBABACBBBDACBCDDDDBCBBCDADBDBB,,,0,226,,,,,L_T1_GTR___standard/L_T1_GTR___zabuton_,,,,,L_T1_GTR03_33000001,,,
70059,55,,,,,,,,,15,55,21,522332550000525355250000151522320007213553555310213215311100332151100000,,00000222,,,,,,,,27,27,0,2,2,222,,25253251122353513253253121552523555123351111535531211555,ABABCABDDAACBCBDCABCABCDADBBABACBBBDACCBDDDDBCBBCDADDBBB,ABABACBDADACBCBDACBCABCDADBBABACBBBDACBCDDDDBCBBCDADBDBB,,,0,222,,,,,L_T1_GTR___standard,,,,,L_T1_GTR03_33000001,,,,,55,21,522325511000525315251000151312200007215523351155213353553110332255000000,,bb40abb1,,,,,,,,28,0,1,bb40abb1,40,266,,25253251122353513253253121552523555123351111535531211555,ABABCABDDAACBCBDCABCABCDADBBABACBBBDACCBDDDDBCBBCDADDBBB,ABABACBDADACBCBDACBCABCDADBBABACBBBDACBCDDDDBCBBCDADBDBB,,,1,266,,,,,L_T1_GTR___standard/L_T1_GTR___zabuton_,,,,,L_T1_GTR03_33000001,,,
70089,56,,,,,,,,,,55,21,522332550000525355250000151522320007213553555310213215311115332151100000,,bb50abb2,,,,,,,,28,0,1,bb50abb2,100,322,,25253251122353513253253121552523555123351111535531211555,ABABCABDDAACBCBDCABCABCDADBBABACBBBDACCBDDDDBCBBCDADDBBB,ABABACBDADACBCBDACBCABCDADBBABACBBBDACBCDDDDBCBBCDADBDBB,,,1,322,,,,,L_T1_GTR___standard,,,,,L_T1_GTR03_33000001,,,,,55,21,522325511000525315251000151312200007215523351155213353553110332255000000,,bb40abb1,,,,,,,,28,0,1,bb40abb1,40,266,,25253251122353513253253121552523555123351111535531211555,ABABCABDDAACBCBDCABCABCDADBBABACBBBDACCBDDDDBCBBCDADDBBB,ABABACBDADACBCBDACBCABCDADBBABACBBBDACBCDDDDBCBBCDADBDBB,,,1,266,,,,,L_T1_GTR___standard/L_T1_GTR___zabuton_,,,,,L_T1_GTR03_33000001,,,
70141,57,,,,,,,,,,55,21,522332550000525355250000151522320007213553555310213215311115332151100000,,bb50abb2,,,,,,,,28,0,1,bb50abb2,100,322,,25253251122353513253253121552523555123351111535531211555,ABABCABDDAACBCBDCABCABCDADBBABACBBBDACCBDDDDBCBBCDADDBBB,ABABACBDADACBCBDACBCABCDADBBABACBBBDACBCDDDDBCBBCDADBDBB,,,1,322,,,,,L_T1_GTR___standard,,,,,L_T1_GTR03_33000001,,,,,55,21,522325511000525315251000151312200007215523355500213353553000332255000000,,bb50ab10,,,,,,,,29,0,2,bb50ab10,500,766,,25253251122353513253253121552523555123351111535531211555,ABABCABDDAACBCBDCABCABCDADBBABACBBBDACCBDDDDBCBBCDADDBBB,ABABACBDADACBCBDACBCABCDADBBABACBBBDACBCDDDDBCBBCDADBDBB,,,2,766,,,,,L_T1_GTR___standard/L_T1_GTR___zabuton_,,,,,L_T1_GTR03_33000001,,,
70175,58,,,,,,,,,,55,21,522332550000525355250000151522320007213553555300213215350000332151100000,,bb40abb8,,,,,,,,29,0,2,bb40abb8,320,642,,25253251122353513253253121552523555123351111535531211555,ABABCABDDAACBCBDCABCABCDADBBABACBBBDACCBDDDDBCBBCDADDBBB,ABABACBDADACBCBDACBCABCDADBBABACBBBDACBCDDDDBCBBCDADBDBB,,,2,642,,,,,L_T1_GTR___standard,,,,,L_T1_GTR03_33000001,,,,,55,21,522325511000525315251000151312200007215523355500213353553000332255000000,,bb50ab10,,,,,,,,29,0,2,bb50ab10,500,766,,25253251122353513253253121552523555123351111535531211555,ABABCABDDAACBCBDCABCABCDADBBABACBBBDACCBDDDDBCBBCDADDBBB,ABABACBDADACBCBDACBCABCDADBBABACBBBDACBCDDDDBCBBCDADBDBB,,,2,766,,,,,L_T1_GTR___standard/L_T1_GTR___zabuton_,,,,,L_T1_GTR03_33000001,,,
70223,59,,,,,,,,,,55,21,522332550000525355250000151522320007213553555300213215350000332151100000,,bb40abb8,,,,,,,,29,0,2,bb40abb8,320,642,,25253251122353513253253121552523555123351111535531211555,ABABCABDDAACBCBDCABCABCDADBBABACBBBDACCBDDDDBCBBCDADDBBB,ABABACBDADACBCBDACBCABCDADBBABACBBBDACBCDDDDBCBBCDADBDBB,,,2,642,,,,,L_T1_GTR___standard,,,,,L_T1_GTR03_33000001,,,,,55,21,522325511000525315251000151312200007215523300000213353300000332255000000,,bb40ab16,,,,,,,,30,0,3,bb40ab16,640,1406,,25253251122353513253253121552523555123351111535531211555,ABABCABDDAACBCBDCABCABCDADBBABACBBBDACCBDDDDBCBBCDADDBBB,ABABACBDADACBCBDACBCABCDADBBABACBBBDACBCDDDDBCBBCDADBDBB,,,3,1406,,,,,L_T1_GTR___standard/L_T1_GTR___zabuton_,,,,,L_T1_GTR03_33000001,,,
70259,60,,,,,,,,,,55,21,522332550000525355250000151522320007213553300000213215300000332151100000,,bb40ab16,,,,,,,,30,0,3,bb40ab16,640,1282,,25253251122353513253253121552523555123351111535531211555,ABABCABDDAACBCBDCABCABCDADBBABACBBBDACCBDDDDBCBBCDADDBBB,ABABACBDADACBCBDACBCABCDADBBABACBBBDACBCDDDDBCBBCDADBDBB,,,3,1282,,,,,L_T1_GTR___standard,,,,,L_T1_GTR03_33000001,,,,,55,21,522325511000525315251000151312200007215523300000213353300000332255000000,,bb40ab16,,,,,,,,30,0,3,bb40ab16,640,1406,,25253251122353513253253121552523555123351111535531211555,ABABCABDDAACBCBDCABCABCDADBBABACBBBDACCBDDDDBCBBCDADDBBB,ABABACBDADACBCBDACBCABCDADBBABACBBBDACBCDDDDBCBBCDADBDBB,,,3,1406,,,,,L_T1_GTR___standard/L_T1_GTR___zabuton_,,,,,L_T1_GTR03_33000001,,,
70288,61,,,,,,,,,,55,21,522332550000525355250000151522320007213553300000213215300000332151100000,,bb40ab16,,,,,,,,30,0,3,bb40ab16,640,1282,,25253251122353513253253121552523555123351111535531211555,ABABCABDDAACBCBDCABCABCDADBBABACBBBDACCBDDDDBCBBCDADDBBB,ABABACBDADACBCBDACBCABCDADBBABACBBBDACBCDDDDBCBBCDADBDBB,,,3,1282,,,,,L_T1_GTR___standard,,,,,L_T1_GTR03_33000001,,,,55,21,13,522325511000525315251000151312200007215520000000213350000000332255000000,,00001407,,,,,,,,31,1,0,1,1,1407,,2525325112235351325325312155252355512335111153553121155521,ABABCABDDAACBCBDCABCABCDADBBABACBBBDACCBDDDDBCBBCDADDBBBAD,ABABACBDADACBCBDACBCABCDADBBABACBBBDACBCDDDDBCBBCDADBDBBAD,,,3,1407,,,,,L_T1_GTR___standard/L_T1_GTR___zabuton_,,,,,L_T1_GTR03_33000001,,,
70334,62,,,,,,,,,,55,21,522332550000525355250000151522320007213553300000213215300000332151100000,,bb40ab16,,,,,,,,30,0,3,bb40ab16,640,1282,,25253251122353513253253121552523555123351111535531211555,ABABCABDDAACBCBDCABCABCDADBBABACBBBDACCBDDDDBCBBCDADDBBB,ABABACBDADACBCBDACBCABCDADBBABACBBBDACBCDDDDBCBBCDADBDBB,,,3,1282,,,,,L_T1_GTR___standard,,,,,L_T1_GTR03_33000001,,,,21,13,31,522325511000525315251000151312200007215525500000213350000000332255000000,,00001414,,,,,,,,32,2,0,7,7,1414,,252532511223535132532531215525235551233511115355312115552113,ABABCABDDAACBCBDCABCABCDADBBABACBBBDACCBDDDDBCBBCDADDBBBADDC,ABABACBDADACBCBDACBCABCDADBBABACBBBDACBCDDDDBCBBCDADBDBBADCD,,,3,1414,,,,,L_T1_GTR___standard/L_T1_GTR___zabuton_,,,,,L_T1_GTR03_33000001,,,
70347,63,,,,,,,,,,55,21,522332550000525355250000151522200007213550000000213215000000332151100000,,bb40ab32,,,,,,,,31,0,4,bb40ab32,1280,2562,,25253251122353513253253121552523555123351111535531211555,ABABCABDDAACBCBDCABCABCDADBBABACBBBDACCBDDDDBCBBCDADDBBB,ABABACBDADACBCBDACBCABCDADBBABACBBBDACBCDDDDBCBBCDADBDBB,,,4,2562,,,,,L_T1_GTR___standard,,,,,L_T1_GTR03_33000001,,,,21,13,31,522325511000525315251000151312200007215525500000213350000000332255000000,,00001414,,,,,,,,32,2,0,7,7,1414,,252532511223535132532531215525235551233511115355312115552113,ABABCABDDAACBCBDCABCABCDADBBABACBBBDACCBDDDDBCBBCDADDBBBADDC,ABABACBDADACBCBDACBCABCDADBBABACBBBDACBCDDDDBCBBCDADBDBBADCD,,,3,1414,,,,,L_T1_GTR___standard/L_T1_GTR___zabuton_,,,,,L_T1_GTR03_33000001,,,
70374,64,,,,,,,,,,55,21,522332550000525355250000151522200007213550000000213215000000332151100000,,bb40ab32,,,,,,,,31,0,4,bb40ab32,1280,2562,,25253251122353513253253121552523555123351111535531211555,ABABCABDDAACBCBDCABCABCDADBBABACBBBDACCBDDDDBCBBCDADDBBB,ABABACBDADACBCBDACBCABCDADBBABACBBBDACBCDDDDBCBBCDADBDBB,,,4,2562,,,,,L_T1_GTR___standard,,,,,L_T1_GTR03_33000001,,,,13,31,25,522325511000525315251000151312210007215525520000213350000000332255000000,,00001420,,,,,,,,33,3,0,6,6,1420,,25253251122353513253253121552523555123351111535531211555211331,ABABCABDDAACBCBDCABCABCDADBBABACBBBDACCBDDDDBCBBCDADDBBBADDCCD,ABABACBDADACBCBDACBCABCDADBBABACBBBDACBCDDDDBCBBCDADBDBBADCDCD,,,3,1420,,,,,L_T1_GTR___standard/L_T1_GTR___zabuton_,,,,,L_T1_GTR03_33000001,,,
70410,65,,,,,,,,,,55,21,522332550000525355250000151522200007213550000000213215000000332151100000,,bb40ab32,,,,,,,,31,0,4,bb40ab32,1280,2562,,25253251122353513253253121552523555123351111535531211555,ABABCABDDAACBCBDCABCABCDADBBABACBBBDACCBDDDDBCBBCDADDBBB,ABABACBDADACBCBDACBCABCDADBBABACBBBDACBCDDDDBCBBCDADBDBB,,,4,2562,,,,,L_T1_GTR___standard,,,,,L_T1_GTR03_33000001,,,,31,25,11,522325500000525315251000151312213007215525521000213350000000332255000000,,00001425,,,,,,,,34,4,0,5,5,1425,,2525325112235351325325312155252355512335111153553121155521133125,ABABCABDDAACBCBDCABCABCDADBBABACBBBDACCBDDDDBCBBCDADDBBBADDCCDAB,ABABACBDADACBCBDACBCABCDADBBABACBBBDACBCDDDDBCBBCDADBDBBADCDCDAB,,,3,1425,,,,,L_T1_GTR___standard/L_T1_GTR___zabuton_,,,,,L_T1_GTR03_33000001,,,
70427,66,,,,,,,,,,55,21,522332550000525355500000151500000007213550000000213215000000332151100000,,bb50ab66,,,,,,,,32,0,5,bb50ab66,3300,5862,,25253251122353513253253121552523555123351111535531211555,ABABCABDDAACBCBDCABCABCDADBBABACBBBDACCBDDDDBCBBCDADDBBB,ABABACBDADACBCBDACBCABCDADBBABACBBBDACBCDDDDBCBBCDADBDBB,,,5,5862,,,,,L_T1_GTR___standard,,,,,L_T1_GTR03_33000001,,,,31,25,11,522325500000525315251000151312213007215525521000213350000000332255000000,,00001425,,,,,,,,34,4,0,5,5,1425,,2525325112235351325325312155252355512335111153553121155521133125,ABABCABDDAACBCBDCABCABCDADBBABACBBBDACCBDDDDBCBBCDADDBBBADDCCDAB,ABABACBDADACBCBDACBCABCDADBBABACBBBDACBCDDDDBCBBCDADBDBBADCDCDAB,,,3,1425,,,,,L_T1_GTR___standard/L_T1_GTR___zabuton_,,,,,L_T1_GTR03_33000001,,,
70442,67,,,,,,,,,,55,21,522332550000525355500000151500000007213550000000213215000000332151100000,,bb50ab66,,,,,,,,32,0,5,bb50ab66,3300,5862,,25253251122353513253253121552523555123351111535531211555,ABABCABDDAACBCBDCABCABCDADBBABACBBBDACCBDDDDBCBBCDADDBBB,ABABACBDADACBCBDACBCABCDADBBABACBBBDACBCDDDDBCBBCDADBDBB,,,5,5862,,,,,L_T1_GTR___standard,,,,,L_T1_GTR03_33000001,,,,25,11,55,522325511000525315251000151312213317215525521000213350000000332255000000,,00001429,,,,,,,,35,5,0,4,4,1429,,252532511223535132532531215525235551233511115355312115552113312511,ABABCABDDAACBCBDCABCABCDADBBABACBBBDACCBDDDDBCBBCDADDBBBADDCCDABDD,ABABACBDADACBCBDACBCABCDADBBABACBBBDACBCDDDDBCBBCDADBDBBADCDCDABDD,,,3,1429,,,,,L_T1_GTR___standard/L_T1_GTR___zabuton_,,,,,L_T1_GTR03_33000001,,,
70473,68,,,,,,,,,,55,21,522332550000525355500000151500000007213550000000213215000000332151100000,,bb50ab66,,,,,,,,32,0,5,bb50ab66,3300,5862,,25253251122353513253253121552523555123351111535531211555,ABABCABDDAACBCBDCABCABCDADBBABACBBBDACCBDDDDBCBBCDADDBBB,ABABACBDADACBCBDACBCABCDADBBABACBBBDACBCDDDDBCBBCDADBDBB,,,5,5862,,,,,L_T1_GTR___standard,,,,,L_T1_GTR03_33000001,,,,,11,55,522325511000525315251000151312213317215525521000213355200000332255000000,,bb60abb3,,,,,,,,36,0,1,bb60abb3,180,1609,,252532511223535132532531215525235551233511115355312115552113312511,ABABCABDDAACBCBDCABCABCDADBBABACBBBDACCBDDDDBCBBCDADDBBBADDCCDABDD,ABABACBDADACBCBDACBCABCDADBBABACBBBDACBCDDDDBCBBCDADBDBBADCDCDABDD,,,3,1609,,,,,L_T1_GTR___standard/L_T1_GTR___zabuton_,,,,,L_T1_GTR03_33000001,,,
70492,69,,,,,,,,,55,21,13,522332000000525300000000151500000007213550000000213215000000332151100000,,00005863,,,,,,,,33,1,0,1,1,5863,,2525325112235351325325312155252355512335111153553121155521,ABABCABDDAACBCBDCABCABCDADBBABACBBBDACCBDDDDBCBBCDADDBBBAD,ABABACBDADACBCBDACBCABCDADBBABACBBBDACBCDDDDBCBBCDADBDBBAD,,,5,5863,,,,,L_T1_GTR___standard,,,,,L_T1_GTR03_33000001,,,,,11,55,522325511000525315251000151312213317215525521000213355200000332255000000,,bb60abb3,,,,,,,,36,0,1,bb60abb3,180,1609,,252532511223535132532531215525235551233511115355312115552113312511,ABABCABDDAACBCBDCABCABCDADBBABACBBBDACCBDDDDBCBBCDADDBBBADDCCDABDD,ABABACBDADACBCBDACBCABCDADBBABACBBBDACBCDDDDBCBBCDADBDBBADCDCDABDD,,,3,1609,,,,,L_T1_GTR___standard/L_T1_GTR___zabuton_,,,,,L_T1_GTR03_33000001,,,
70538,70,,,,,,,,,21,13,31,522332000000525355000000151500000007213550000000213215000000332151100000,,00005871,,,,,,,,34,2,0,8,8,5871,,252532511223535132532531215525235551233511115355312115552113,ABABCABDDAACBCBDCABCABCDADBBABACBBBDACCBDDDDBCBBCDADDBBBADDC,ABABACBDADACBCBDACBCABCDADBBABACBBBDACBCDDDDBCBBCDADBDBBADCD,,,5,5871,,,,,L_T1_GTR___standard,,,,,L_T1_GTR03_33000001,,,,,11,55,522325511000525315251000151312213317215525521000213355200000332255000000,,bb60abb3,,,,,,,,36,0,1,bb60abb3,180,1609,,252532511223535132532531215525235551233511115355312115552113312511,ABABCABDDAACBCBDCABCABCDADBBABACBBBDACCBDDDDBCBBCDADDBBBADDCCDABDD,ABABACBDADACBCBDACBCABCDADBBABACBBBDACBCDDDDBCBBCDADBDBBADCDCDABDD,,,3,1609,,,,,L_T1_GTR___standard/L_T1_GTR___zabuton_,,,,,L_T1_GTR03_33000001,,,
70555,71,,,,,,,,,21,13,31,522332000000525355000000151500000007213550000000213215000000332151100000,,00005871,,,,,,,,34,2,0,8,8,5871,,252532511223535132532531215525235551233511115355312115552113,ABABCABDDAACBCBDCABCABCDADBBABACBBBDACCBDDDDBCBBCDADDBBBADDC,ABABACBDADACBCBDACBCABCDADBBABACBBBDACBCDDDDBCBBCDADBDBBADCD,,,5,5871,,,,,L_T1_GTR___standard,,,,,L_T1_GTR03_33000001,,,,,11,55,522325511000525315251000151312213317215522100000213320000000332200000000,,bb60ab11,,,,,,,,37,0,2,bb60ab11,660,2269,,252532511223535132532531215525235551233511115355312115552113312511,ABABCABDDAACBCBDCABCABCDADBBABACBBBDACCBDDDDBCBBCDADDBBBADDCCDABDD,ABABACBDADACBCBDACBCABCDADBBABACBBBDACBCDDDDBCBBCDADBDBBADCDCDABDD,,,3,2269,,,,,L_T1_GTR___standard/L_T1_GTR___zabuton_,,,,,L_T1_GTR03_33000001,,,
70600,72,,,,,,,,,13,31,25,522332000000525355000000151510000007213552000000213215000000332151100000,,00005879,,,,,,,,35,3,0,8,8,5879,,25253251122353513253253121552523555123351111535531211555211331,ABABCABDDAACBCBDCABCABCDADBBABACBBBDACCBDDDDBCBBCDADDBBBADDCCD,ABABACBDADACBCBDACBCABCDADBBABACBBBDACBCDDDDBCBBCDADBDBBADCDCD,,,5,5879,,,,,L_T1_GTR___standard,,,,,L_T1_GTR03_33000001,,,,,11,55,522325511000525315251000151312213317215522100000213320000000332200000000,,bb60ab11,,,,,,,,37,0,2,bb60ab11,660,2269,,252532511223535132532531215525235551233511115355312115552113312511,ABABCABDDAACBCBDCABCABCDADBBABACBBBDACCBDDDDBCBBCDADDBBBADDCCDABDD,ABABACBDADACBCBDACBCABCDADBBABACBBBDACBCDDDDBCBBCDADBDBBADCDCDABDD,,,3,2269,,,,,L_T1_GTR___standard/L_T1_GTR___zabuton_,,,,,L_T1_GTR03_33000001,,,
70637,73,,,,,,,,,13,31,25,522332000000525355000000151510000007213552000000213215000000332151100000,,00005879,,,,,,,,35,3,0,8,8,5879,,25253251122353513253253121552523555123351111535531211555211331,ABABCABDDAACBCBDCABCABCDADBBABACBBBDACCBDDDDBCBBCDADDBBBADDCCD,ABABACBDADACBCBDACBCABCDADBBABACBBBDACBCDDDDBCBBCDADBDBBADCDCD,,,5,5879,,,,,L_T1_GTR___standard,,,,,L_T1_GTR03_33000001,,,,,11,55,522325011000525315510000151311331007215510000000213300000000332200000000,,bb80ab19,,,,,,,,38,0,3,bb80ab19,1520,3789,,252532511223535132532531215525235551233511115355312115552113312511,ABABCABDDAACBCBDCABCABCDADBBABACBBBDACCBDDDDBCBBCDADDBBBADDCCDABDD,ABABACBDADACBCBDACBCABCDADBBABACBBBDACBCDDDDBCBBCDADBDBBADCDCDABDD,,,3,3789,,,,,L_T1_GTR___standard/L_T1_GTR___zabuton_,,,,,L_T1_GTR03_33000001,,,
70656,74,,,,,,,,,31,25,11,522332000000525355000000151511000007213552300000213215000000332151100000,,00005886,,,,,,,,36,4,0,7,7,5886,,2525325112235351325325312155252355512335111153553121155521133125,ABABCABDDAACBCBDCABCABCDADBBABACBBBDACCBDDDDBCBBCDADDBBBADDCCDAB,ABABACBDADACBCBDACBCABCDADBBABACBBBDACBCDDDDBCBBCDADBDBBADCDCDAB,,,5,5886,,,,,L_T1_GTR___standard,,,,,L_T1_GTR03_33000001,,,,,11,55,522325011000525315510000151311331007215510000000213300000000332200000000,,bb80ab19,,,,,,,,38,0,3,bb80ab19,1520,3789,,252532511223535132532531215525235551233511115355312115552113312511,ABABCABDDAACBCBDCABCABCDADBBABACBBBDACCBDDDDBCBBCDADDBBBADDCCDABDD,ABABACBDADACBCBDACBCABCDADBBABACBBBDACBCDDDDBCBBCDADBDBBADCDCDABDD,,,3,3789,,,,,L_T1_GTR___standard/L_T1_GTR___zabuton_,,,,,L_T1_GTR03_33000001,,,
70694,75,,,,,,,,,25,11,55,522332000000525355100000151511300007213552300000213215000000332151100000,,00005893,,,,,,,,37,5,0,7,7,5893,,252532511223535132532531215525235551233511115355312115552113312511,ABABCABDDAACBCBDCABCABCDADBBABACBBBDACCBDDDDBCBBCDADDBBBADDCCDABDD,ABABACBDADACBCBDACBCABCDADBBABACBBBDACBCDDDDBCBBCDADBDBBADCDCDABDD,,,5,5893,,,,,L_T1_GTR___standard,,,,,L_T1_GTR03_33000001,,,,,11,55,522325011000525315510000151311331007215510000000213300000000332200000000,,bb80ab19,,,,,,,,38,0,3,bb80ab19,1520,3789,,252532511223535132532531215525235551233511115355312115552113312511,ABABCABDDAACBCBDCABCABCDADBBABACBBBDACCBDDDDBCBBCDADDBBBADDCCDABDD,ABABACBDADACBCBDACBCABCDADBBABACBBBDACBCDDDDBCBBCDADBDBBADCDCDABDD,,,3,3789,,,,,L_T1_GTR___standard/L_T1_GTR___zabuton_,,,,,L_T1_GTR03_33000001,,,
70721,76,,,,,,,,,25,11,55,522332000000525355100000151511300007213552300000213215000000332151100000,,00005893,,,,,,,,37,5,0,7,7,5893,,252532511223535132532531215525235551233511115355312115552113312511,ABABCABDDAACBCBDCABCABCDADBBABACBBBDACCBDDDDBCBBCDADDBBBADDCCDABDD,ABABACBDADACBCBDACBCABCDADBBABACBBBDACBCDDDDBCBBCDADBDBBADCDCDABDD,,,5,5893,,,,,L_T1_GTR___standard,,,,,L_T1_GTR03_33000001,,,,,11,55,522321100000525310000000151333100007215500000000213300000000332200000000,,bb50ab34,,,,,,,,39,0,4,bb50ab34,1700,5489,,252532511223535132532531215525235551233511115355312115552113312511,ABABCABDDAACBCBDCABCABCDADBBABACBBBDACCBDDDDBCBBCDADDBBBADDCCDABDD,ABABACBDADACBCBDACBCABCDADBBABACBBBDACBCDDDDBCBBCDADBDBBADCDCDABDD,,,4,5489,,,,,L_T1_GTR___standard,,,,,L_T1_GTR03_33000001,,,
70736,77,,,,,,,,,11,55,11,522332520000525355100000151511300007213552300000213215000000332151100000,,00005899,,,,,,,,38,6,0,6,6,5899,,25253251122353513253253121552523555123351111535531211555211331251155,ABABCABDDAACBCBDCABCABCDADBBABACBBBDACCBDDDDBCBBCDADDBBBADDCCDABDDBB,ABABACBDADACBCBDACBCABCDADBBABACBBBDACBCDDDDBCBBCDADBDBBADCDCDABDDBB,,,5,5899,,,,,L_T1_GTR___standard,,,,,L_T1_GTR03_33000001,,,,,11,55,522321100000525310000000151333100007215500000000213300000000332200000000,,bb50ab34,,,,,,,,39,0,4,bb50ab34,1700,5489,,252532511223535132532531215525235551233511115355312115552113312511,ABABCABDDAACBCBDCABCABCDADBBABACBBBDACCBDDDDBCBBCDADDBBBADDCCDABDD,ABABACBDADACBCBDACBCABCDADBBABACBBBDACBCDDDDBCBBCDADBDBBADCDCDABDD,,,4,5489,,,,,L_T1_GTR___standard,,,,,L_T1_GTR03_33000001,,,
70768,78,,,,,,,,,55,11,55,522332520000525355100000151511311007213552300000213215000000332151100000,,00005904,,,,,,,,39,7,0,5,5,5904,,2525325112235351325325312155252355512335111153553121155521133125115511,ABABCABDDAACBCBDCABCABCDADBBABACBBBDACCBDDDDBCBBCDADDBBBADDCCDABDDBBDD,ABABACBDADACBCBDACBCABCDADBBABACBBBDACBCDDDDBCBBCDADBDBBADCDCDABDDBBDD,,,5,5904,,,,,L_T1_GTR___standard,,,,,L_T1_GTR03_33000001,,,,,11,55,522321100000525310000000151333100007215500000000213300000000332200000000,,bb50ab34,,,,,,,,39,0,4,bb50ab34,1700,5489,,252532511223535132532531215525235551233511115355312115552113312511,ABABCABDDAACBCBDCABCABCDADBBABACBBBDACCBDDDDBCBBCDADDBBBADDCCDABDD,ABABACBDADACBCBDACBCABCDADBBABACBBBDACBCDDDDBCBBCDADBDBBADCDCDABDD,,,4,5489,,,,,L_T1_GTR___standard,,,,,L_T1_GTR03_33000001,,,
70804,79,,,,,,,,,55,11,55,522332520000525355100000151511311007213552300000213215000000332151100000,,00005904,,,,,,,,39,7,0,5,5,5904,,2525325112235351325325312155252355512335111153553121155521133125115511,ABABCABDDAACBCBDCABCABCDADBBABACBBBDACCBDDDDBCBBCDADDBBBADDCCDABDDBBDD,ABABACBDADACBCBDACBCABCDADBBABACBBBDACBCDDDDBCBBCDADBDBBADCDCDABDDBBDD,,,5,5904,,,,,L_T1_GTR___standard,,,,,L_T1_GTR03_33000001,,,,,11,55,522211000000525100000000151100000007215500000000213300000000332200000000,,bb40ab64,,,,,,,,40,0,5,bb40ab64,2560,8049,,252532511223535132532531215525235551233511115355312115552113312511,ABABCABDDAACBCBDCABCABCDADBBABACBBBDACCBDDDDBCBBCDADDBBBADDCCDABDD,ABABACBDADACBCBDACBCABCDADBBABACBBBDACBCDDDDBCBBCDADBDBBADCDCDABDD,,,5,8049,,,,,,,,,,,,,
70805,80,,,,,,,,,11,55,31,522332520000525355155000151511311007213552300000213215000000332151100000,,00005909,,,,,,,,40,8,0,5,5,5909,,252532511223535132532531215525235551233511115355312115552113312511551155,ABABCABDDAACBCBDCABCABCDADBBABACBBBDACCBDDDDBCBBCDADDBBBADDCCDABDDBBDDBB,ABABACBDADACBCBDACBCABCDADBBABACBBBDACBCDDDDBCBBCDADBDBBADCDCDABDDBBDDBB,,,5,5909,,,,,L_T1_GTR___standard,,,,,L_T1_GTR03_33000001,,,,,11,55,522211000000525100000000151100000007215500000000213300000000332200000000,,bb40ab64,,,,,,,,40,0,5,bb40ab64,2560,8049,,252532511223535132532531215525235551233511115355312115552113312511,ABABCABDDAACBCBDCABCABCDADBBABACBBBDACCBDDDDBCBBCDADDBBBADDCCDABDD,ABABACBDADACBCBDACBCABCDADBBABACBBBDACBCDDDDBCBBCDADBDBBADCDCDABDD,,,5,8049,,,,,,,,,,,,,
70842,81,,,,,,,,,55,31,55,522332521100525355155000151511311007213552300000213215000000332151100000,,00005913,,,,,,,,41,9,0,4,4,5913,,25253251122353513253253121552523555123351111535531211555211331251155115531,ABABCABDDAACBCBDCABCABCDADBBABACBBBDACCBDDDDBCBBCDADDBBBADDCCDABDDBBDDBBCD,ABABACBDADACBCBDACBCABCDADBBABACBBBDACBCDDDDBCBBCDADBDBBADCDCDABDDBBDDBBCD,,,5,5913,,,,,L_T1_GTR___standard,,,,,L_T1_GTR03_33000001,,,,,11,55,522211000000525100000000151100000007215500000000213300000000332200000000,,bb40ab64,,,,,,,,40,0,5,bb40ab64,2560,8049,,252532511223535132532531215525235551233511115355312115552113312511,ABABCABDDAACBCBDCABCABCDADBBABACBBBDACCBDDDDBCBBCDADDBBBADDCCDABDD,ABABACBDADACBCBDACBCABCDADBBABACBBBDACBCDDDDBCBBCDADBDBBADCDCDABDD,,,5,8049,,,,,,,,,,,,,
70873,82,,,,,,,,,31,55,12,522332521155525355155000151511311007213552300000213215000000332151100000,,00005915,,,,,,,,42,10,0,2,2,5915,,2525325112235351325325312155252355512335111153553121155521133125115511553155,ABABCABDDAACBCBDCABCABCDADBBABACBBBDACCBDDDDBCBBCDADDBBBADDCCDABDDBBDDBBCDBB,ABABACBDADACBCBDACBCABCDADBBABACBBBDACBCDDDDBCBBCDADBDBBADCDCDABDDBBDDBBCDBB,,,5,5915,,,,,L_T1_GTR___standard,,,,,L_T1_GTR03_33000001,,,,,11,55,522211000000525100000000151100000007215500000000213300000000332200000000,,bb40ab64,,,,,,,,40,0,5,bb40ab64,2560,8049,,252532511223535132532531215525235551233511115355312115552113312511,ABABCABDDAACBCBDCABCABCDADBBABACBBBDACCBDDDDBCBBCDADDBBBADDCCDABDD,ABABACBDADACBCBDACBCABCDADBBABACBBBDACBCDDDDBCBBCDADBDBBADCDCDABDD,,,5,8049,,,,,,,,,,,,,
70888,83,,,,,,,,,31,55,12,522332521155525355155000151511311007213552300000213215000000332151100000,,00005915,,,,,,,,42,10,0,2,2,5915,,2525325112235351325325312155252355512335111153553121155521133125115511553155,ABABCABDDAACBCBDCABCABCDADBBABACBBBDACCBDDDDBCBBCDADDBBBADDCCDABDDBBDDBBCDBB,ABABACBDADACBCBDACBCABCDADBBABACBBBDACBCDDDDBCBBCDADBDBBADCDCDABDDBBDDBBCDBB,,,5,5915,,,,,L_T1_GTR___standard,,,,,L_T1_GTR03_33000001,,,,,11,55,511000000000551000000000151100000007215500000000213300000000332200000000,,bb90a101,,,,,,,,41,0,6,bb90a101,9090,17139,,252532511223535132532531215525235551233511115355312115552113312511,ABABCABDDAACBCBDCABCABCDADBBABACBBBDACCBDDDDBCBBCDADDBBBADDCCDABDD,ABABACBDADACBCBDACBCABCDADBBABACBBBDACBCDDDDBCBBCDADBDBBADCDCDABDD,,,6,17139,,,,,,,,,,,,,
70909,84,,,,,,,,,55,12,23,522332521155525355155310151511311007213552300000213215000000332151100000,,00005919,,,,,,,,43,11,0,4,4,5919,,252532511223535132532531215525235551233511115355312115552113312511551155315512,ABABCABDDAACBCBDCABCABCDADBBABACBBBDACCBDDDDBCBBCDADDBBBADDCCDABDDBBDDBBCDBBDA,ABABACBDADACBCBDACBCABCDADBBABACBBBDACBCDDDDBCBBCDADBDBBADCDCDABDDBBDDBBCDBBAD,,,5,5919,,,,,L_T1_GTR___standard,,,,,L_T1_GTR03_33000001,,,,,11,55,511000000000551000000000151100000007215500000000213300000000332200000000,,bb90a101,,,,,,,,41,0,6,bb90a101,9090,17139,,252532511223535132532531215525235551233511115355312115552113312511,ABABCABDDAACBCBDCABCABCDADBBABACBBBDACCBDDDDBCBBCDADDBBBADDCCDABDD,ABABACBDADACBCBDACBCABCDADBBABACBBBDACBCDDDDBCBBCDADBDBBADCDCDABDD,,,6,17139,,,,,,,,,,,,,
70939,85,,,,,,,,,12,23,23,522332521155525355155315151511311007213552300000213215000000332151100000,,00005921,,,,,,,,44,12,0,2,2,5921,,25253251122353513253253121552523555123351111535531211555211331251155115531551223,ABABCABDDAACBCBDCABCABCDADBBABACBBBDACCBDDDDBCBBCDADDBBBADDCCDABDDBBDDBBCDBBDAAC,ABABACBDADACBCBDACBCABCDADBBABACBBBDACBCDDDDBCBBCDADBDBBADCDCDABDDBBDDBBCDBBADAC,,,5,5921,,,,,L_T1_GTR___standard,,,,,L_T1_GTR03_33000001,,,,,11,55,511000000000551000000000151100000007215500000000213300000000332200000000,,bb90a101,,,,,,,,41,0,6,bb90a101,9090,17139,,252532511223535132532531215525235551233511115355312115552113312511,ABABCABDDAACBCBDCABCABCDADBBABACBBBDACCBDDDDBCBBCDADDBBBADDCCDABDD,ABABACBDADACBCBDACBCABCDADBBABACBBBDACBCDDDDBCBBCDADBDBBADCDCDABDD,,,6,17139,,,,,,,,,,,,,
70954,86,,,,,,,,,12,23,23,522332521155525355155315151511311007213552300000213215000000332151100000,,00005921,,,,,,,,44,12,0,2,2,5921,,25253251122353513253253121552523555123351111535531211555211331251155115531551223,ABABCABDDAACBCBDCABCABCDADBBABACBBBDACCBDDDDBCBBCDADDBBBADDCCDABDDBBDDBBCDBBDAAC,ABABACBDADACBCBDACBCABCDADBBABACBBBDACBCDDDDBCBBCDADBDBBADCDCDABDDBBDDBBCDBBADAC,,,5,5921,,,,,L_T1_GTR___standard,,,,,L_T1_GTR03_33000001,,,,11,55,11,000000000000000000000000100000000007215500000000213300000000332200000000,,00017146,,,,,,,,42,1,0,7,7,17146,,25253251122353513253253121552523555123351111535531211555211331251155,ABABCABDDAACBCBDCABCABCDADBBABACBBBDACCBDDDDBCBBCDADDBBBADDCCDABDDBB,ABABACBDADACBCBDACBCABCDADBBABACBBBDACBCDDDDBCBBCDADBDBBADCDCDABDDBB,,,6,17146,,,,,,,,,,,,,
71007,87,,,,,,,,,12,23,23,522332521155525355155315151511311007213552300000213215000000332151100000,,00005921,,,,,,,,44,12,0,2,2,5921,,25253251122353513253253121552523555123351111535531211555211331251155115531551223,ABABCABDDAACBCBDCABCABCDADBBABACBBBDACCBDDDDBCBBCDADDBBBADDCCDABDDBBDDBBCDBBDAAC,ABABACBDADACBCBDACBCABCDADBBABACBBBDACBCDDDDBCBBCDADBDBBADCDCDABDDBBDDBBCDBBADAC,,,5,5921,,,,,L_T1_GTR___standard,,,,,L_T1_GTR03_33000001,,,,55,11,55,100000000000100000000000100000000007215500000000213300000000332200000000,,00017159,,,,,,,,43,2,0,13,13,17159,,2525325112235351325325312155252355512335111153553121155521133125115511,ABABCABDDAACBCBDCABCABCDADBBABACBBBDACCBDDDDBCBBCDADDBBBADDCCDABDDBBDD,ABABACBDADACBCBDACBCABCDADBBABACBBBDACBCDDDDBCBBCDADBDBBADCDCDABDDBBDD,,,6,17159,,,,,,,,,,,,,
71032,89,,,,,,,,,,23,23,522332521155525355155315151511311126213552366666213215666660332151166666,,00005925,,,,,lose,,,45,12,0,4,4,5925,,25253251122353513253253121552523555123351111535531211555211331251155115531551223,ABABCABDDAACBCBDCABCABCDADBBABACBBBDACCBDDDDBCBBCDADDBBBADDCCDABDDBBDDBBCDBBDAAC,ABABACBDADACBCBDACBCABCDADBBABACBBBDACBCDDDDBCBBCDADBDBBADCDCDABDDBBDDBBCDBBADAC,,,5,5925,,,,,L_T1_GTR___standard,,,,,L_T1_GTR03_33000001,,,,55,11,55,100000000000100000000000100000000007215500000000213300000000332200000000,,00017159,,,,,,,,43,2,0,13,13,17159,,2525325112235351325325312155252355512335111153553121155521133125115511,ABABCABDDAACBCBDCABCABCDADBBABACBBBDACCBDDDDBCBBCDADDBBBADDCCDABDDBBDD,ABABACBDADACBCBDACBCABCDADBBABACBBBDACBCDDDDBCBBCDADBDBBADCDCDABDDBBDD,,,6,17159,,,,,,,,,,,,,
71051,89,,,,,,,,,,23,23,522332521155525355155315151511311126213552366666213215666660332151166666,,00005925,,,,,lose,,,45,12,0,4,4,5925,,25253251122353513253253121552523555123351111535531211555211331251155115531551223,ABABCABDDAACBCBDCABCABCDADBBABACBBBDACCBDDDDBCBBCDADDBBBADDCCDABDDBBDDBBCDBBDAAC,ABABACBDADACBCBDACBCABCDADBBABACBBBDACBCDDDDBCBBCDADBDBBADCDCDABDDBBDDBBCDBBADAC,,,5,5925,,,,,L_T1_GTR___standard,,,,,L_T1_GTR03_33000001,,,,,55,31,100000000000100000000000100000100007215500000000213350000000332250000000,,00017168,,,,,win,,,45,3,0,0,0,17168,,252532511223535132532531215525235551233511115355312115552113312511551155,ABABCABDDAACBCBDCABCABCDADBBABACBBBDACCBDDDDBCBBCDADDBBBADDCCDABDDBBDDBB,ABABACBDADACBCBDACBCABCDADBBABACBBBDACBCDDDDBCBBCDADBDBBADCDCDABDDBBDDBB,,,6,17168,,,,,,,,,,,,,
71052,88,,,,,,,,,,23,23,522332521155525355155315151511311126213552366666213215666660332151166666,,00005925,,,,,lose,,,45,12,0,4,4,5925,,25253251122353513253253121552523555123351111535531211555211331251155115531551223,ABABCABDDAACBCBDCABCABCDADBBABACBBBDACCBDDDDBCBBCDADDBBBADDCCDABDDBBDDBBCDBBDAAC,ABABACBDADACBCBDACBCABCDADBBABACBBBDACBCDDDDBCBBCDADBDBBADCDCDABDDBBDDBBCDBBADAC,,,5,5925,,,,,L_T1_GTR___standard,,,,,L_T1_GTR03_33000001,,,,,55,31,100000000000100000000000100000100007215500000000213350000000332250000000,,00017168,,,,,win,,,45,3,0,0,0,17168,,252532511223535132532531215525235551233511115355312115552113312511551155,ABABCABDDAACBCBDCABCABCDADBBABACBBBDACCBDDDDBCBBCDADDBBBADDCCDABDDBBDDBB,ABABACBDADACBCBDACBCABCDADBBABACBBBDACBCDDDDBCBBCDADBDBBADCDCDABDDBBDDBB,,,6,17168,,,,,,,,,,,,,
