64796,0,,,,,,,,,,54,35,000000000000000000000000000000000007000000000000000000000000000000000000,000000,00000000,,,,,,,,0,0,0,0,0,0,,54,AB,AB,,,0,0,,,,,,,,,,,,,,,54,35,000000000000000000000000000000000007000000000000000000000000000000000000,000000,00000000,,,,,,,,0,0,0,0,0,0,,54,AB,AB,,,0,0,,,,,,,,,,,,,
64946,2,,,,,,,,,54,35,54,000000000000000000000000000000000007000000000000000000000000000000000000,,00000000,,,,,,,,1,1,0,0,0,0,,5435,ABCA,ABAC,,,0,0,,,,,,,,,,,,,,54,35,54,000000000000000000000000000000000007000000000000000000000000000000000000,,00000000,,,,,,,,1,1,0,0,0,0,,5435,ABCA,ABAC,,,0,0,,,,,,,,,,,,,
64998,4,,,,,,,,,35,54,44,540000000000000000000000000000000007000000000000000000000000000000000000,,00000013,,,,,,,,2,2,0,13,13,13,,543554,ABCAAB,ABACAB,,,0,13,,,,,,,,,,,,,,35,54,44,000000000000500000000000400000000007000000000000000000000000000000000000,,00000013,,,,,,,,2,2,0,13,13,13,,543554,ABCAAB,ABACAB,,,0,13,,,,,,,,,,,,,
65048,5,,,,,,,,,54,44,54,540000000000500000000000300000000007000000000000000000000000000000000000,,00000026,,,,,,,,3,3,0,13,13,26,,54355444,ABCAABBB,ABACABBB,,,0,26,,,,,,,,,,,,,,35,54,44,000000000000500000000000400000000007000000000000000000000000000000000000,,00000013,,,,,,,,2,2,0,13,13,13,,543554,ABCAAB,ABACAB,,,0,13,,,,,,,,,,,,,
65050,6,,,,,,,,,54,44,54,540000000000500000000000300000000007000000000000000000000000000000000000,,00000026,,,,,,,,3,3,0,13,13,26,,54355444,ABCAABBB,ABACABBB,,,0,26,,,,,,,,,,,,,,54,44,54,530000000000500000000000400000000007000000000000000000000000000000000000,,00000025,,,,,,,,3,3,0,12,12,25,,54355444,ABCAABBB,ABACABBB,,,0,25,,,,,,,,,,,,,
65096,7,,,,,,,,,44,54,33,540000000000540000000000350000000007000000000000000000000000000000000000,,00000038,,,,,,,,4,4,0,12,12,38,,5435544454,ABCAABBBAB,ABACABBBAB,,,0,38,,,,,,,,,,,,,,54,44,54,530000000000500000000000400000000007000000000000000000000000000000000000,,00000025,,,,,,,,3,3,0,12,12,25,,54355444,ABCAABBB,ABACABBB,,,0,25,,,,,,,,,,,,,
65098,8,,,,,,,,,44,54,33,540000000000540000000000350000000007000000000000000000000000000000000000,,00000038,,,,,,,,4,4,0,12,12,38,,5435544454,ABCAABBBAB,ABACABBBAB,,,0,38,,,,,,,,,,,,,,44,54,33,530000000000500000000000454000000007000000000000000000000000000000000000,,00000037,,,,,,,,4,4,0,12,12,37,,5435544454,ABCAABBBAB,ABACABBBAB,,,0,37,,,,,,,,,,L_T1_GTR03_31110001,,,
65149,10,,,,,,,,,54,33,54,540000000000540000000000350000000007400000000000400000000000000000000000,,00000051,,,,,,,,5,5,0,13,13,51,,543554445433,ABCAABBBABCC,ABACABBBABCC,,,0,51,,,,,,,,,,,,,,54,33,54,530000000000500000000000454000000007440000000000000000000000000000000000,,00000049,,,,,,,,5,5,0,12,12,49,,543554445433,ABCAABBBABCC,ABACABBBABCC,,,0,49,,,,,,,,,,L_T1_GTR03_33000002/L_T1_GTR03_32100001,,,
65194,11,,,,,,,,,33,54,45,544000000000545000000000350000000007400000000000400000000000000000000000,,00000062,,,,,,,,6,6,0,11,11,62,,54355444543354,ABCAABBBABCCAB,ABACABBBABCCAB,,,0,62,,,,,L_T1_GTR___standard,,,,,L_T1_GTR03_33000001,,,,54,33,54,530000000000500000000000454000000007440000000000000000000000000000000000,,00000049,,,,,,,,5,5,0,12,12,49,,543554445433,ABCAABBBABCC,ABACABBBABCC,,,0,49,,,,,,,,,,L_T1_GTR03_33000002/L_T1_GTR03_32100001,,,
65202,12,,,,,,,,,33,54,45,544000000000545000000000350000000007400000000000400000000000000000000000,,00000062,,,,,,,,6,6,0,11,11,62,,54355444543354,ABCAABBBABCCAB,ABACABBBABCCAB,,,0,62,,,,,L_T1_GTR___standard,,,,,L_T1_GTR03_33000001,,,,33,54,45,530000000000500000000000454000000007440000000000500000000000400000000000,,00000062,,,,,,,,6,6,0,13,13,62,,54355444543354,ABCAABBBABCCAB,ABACABBBABCCAB,,,0,62,,,,,,,,,,L_T1_GTR03_33000002/L_T1_GTR03_32100001,,,
65245,13,,,,,,,,,54,45,54,544000000000545000000000350000000007430000000000430000000000000000000000,,00000074,,,,,,,,7,7,0,12,12,74,,5435544454335445,ABCAABBBABCCABBA,ABACABBBABCCABAB,,,0,74,,,,,L_T1_GTR___standard,,,,,L_T1_GTR03_33000001,,,,33,54,45,530000000000500000000000454000000007440000000000500000000000400000000000,,00000062,,,,,,,,6,6,0,13,13,62,,54355444543354,ABCAABBBABCCAB,ABACABBBABCCAB,,,0,62,,,,,,,,,,L_T1_GTR03_33000002/L_T1_GTR03_32100001,,,
65268,14,,,,,,,,,54,45,54,544000000000545000000000350000000007430000000000430000000000000000000000,,00000074,,,,,,,,7,7,0,12,12,74,,5435544454335445,ABCAABBBABCCABBA,ABACABBBABCCABAB,,,0,74,,,,,L_T1_GTR___standard,,,,,L_T1_GTR03_33000001,,,,54,45,54,533000000000530000000000454000000007440000000000500000000000400000000000,,00000073,,,,,,,,7,7,0,11,11,73,,5435544454335445,ABCAABBBABCCABBA,ABACABBBABCCABAB,,,0,73,,,,,,,,,,L_T1_GTR03_33000002/L_T1_GTR03_32100001,,,
65300,15,,,,,,,,,45,54,13,544000000000545000000000350000000007430000000000430000000000540000000000,,00000087,,,,,,,,8,8,0,13,13,87,,543554445433544554,ABCAABBBABCCABBAAB,ABACABBBABCCABABAB,,,0,87,,,,,L_T1_GTR___standard,,,,,L_T1_GTR03_33000001,,,,54,45,54,533000000000530000000000454000000007440000000000500000000000400000000000,,00000073,,,,,,,,7,7,0,11,11,73,,5435544454335445,ABCAABBBABCCABBA,ABACABBBABCCABAB,,,0,73,,,,,,,,,,L_T1_GTR03_33000002/L_T1_GTR03_32100001,,,
65322,16,,,,,,,,,45,54,13,544000000000545000000000350000000007430000000000430000000000540000000000,,00000087,,,,,,,,8,8,0,13,13,87,,543554445433544554,ABCAABBBABCCABBAAB,ABACABBBABCCABABAB,,,0,87,,,,,L_T1_GTR___standard,,,,,L_T1_GTR03_33000001,,,,45,54,13,533000000000530000000000454000000007440000000000500000000000454000000000,,00000085,,,,,,,,8,8,0,12,12,85,,543554445433544554,ABCAABBBABCCABBAAB,ABACABBBABCCABABAB,,,0,85,,,,,,,,,,L_T1_GTR03_33000002/L_T1_GTR03_32100001,,,
65353,17,,,,,,,,,54,13,54,544000000000545000000000350000000007430000000000434000000000545000000000,,00000098,,,,,,,,9,9,0,11,11,98,,54355444543354455413,ABCAABBBABCCABBAABDC,ABACABBBABCCABABABCD,,,0,98,,,,,L_T1_GTR___standard,,,,,L_T1_GTR03_33000001,,,,45,54,13,533000000000530000000000454000000007440000000000500000000000454000000000,,00000085,,,,,,,,8,8,0,12,12,85,,543554445433544554,ABCAABBBABCCABBAAB,ABACABBBABCCABABAB,,,0,85,,,,,,,,,,L_T1_GTR03_33000002/L_T1_GTR03_32100001,,,
65374,18,,,,,,,,,54,13,54,544000000000545000000000350000000007430000000000434000000000545000000000,,00000098,,,,,,,,9,9,0,11,11,98,,54355444543354455413,ABCAABBBABCCABBAABDC,ABACABBBABCCABABABCD,,,0,98,,,,,L_T1_GTR___standard,,,,,L_T1_GTR03_33000001,,,,54,13,54,533000000000530000000000454000000007440000000000554000000000454000000000,,00000096,,,,,,,,9,9,0,11,11,96,,54355444543354455413,ABCAABBBABCCABBAABDC,ABACABBBABCCABABABCD,,,0,96,,,,,,,,,,L_T1_GTR03_33000002/L_T1_GTR03_32100001,,,
65403,19,,,,,,,,,13,54,41,544000000000545000000000350000000007430000000000434000000000545540000000,,00000108,,,,,,,,10,10,0,10,10,108,,5435544454335445541354,ABCAABBBABCCABBAABDCAB,ABACABBBABCCABABABCDAB,,,0,108,,,,,L_T1_GTR___standard,,,,,L_T1_GTR03_33000001,,,,54,13,54,533000000000530000000000454000000007440000000000554000000000454000000000,,00000096,,,,,,,,9,9,0,11,11,96,,54355444543354455413,ABCAABBBABCCABBAABDC,ABACABBBABCCABABABCD,,,0,96,,,,,,,,,,L_T1_GTR03_33000002/L_T1_GTR03_32100001,,,
65422,20,,,,,,,,,13,54,41,544000000000545000000000350000000007430000000000434000000000545540000000,,00000108,,,,,,,,10,10,0,10,10,108,,5435544454335445541354,ABCAABBBABCCABBAABDCAB,ABACABBBABCCABABABCDAB,,,0,108,,,,,L_T1_GTR___standard,,,,,L_T1_GTR03_33000001,,,,13,54,41,533000000000530000000000454000000007445400000000554000000000454000000000,,00000107,,,,,,,,10,10,0,11,11,107,,5435544454335445541354,ABCAABBBABCCABBAABDCAB,ABACABBBABCCABABABCDAB,,,0,107,,,,,,,,,,L_T1_GTR03_33000002/L_T1_GTR03_32100001,,,
65447,21,,,,,,,,,54,41,15,544000000000545000000000353100000007430000000000434000000000545540000000,,00000118,,,,,,,,11,11,0,10,10,118,,543554445433544554135441,ABCAABBBABCCABBAABDCABBD,ABACABBBABCCABABABCDABBD,,,0,118,,,,,L_T1_GTR___standard,,,,,L_T1_GTR03_33000001,,,,13,54,41,533000000000530000000000454000000007445400000000554000000000454000000000,,00000107,,,,,,,,10,10,0,11,11,107,,5435544454335445541354,ABCAABBBABCCABBAABDCAB,ABACABBBABCCABABABCDAB,,,0,107,,,,,,,,,,L_T1_GTR03_33000002/L_T1_GTR03_32100001,,,
65470,22,,,,,,,,,54,41,15,544000000000545000000000353100000007430000000000434000000000545540000000,,00000118,,,,,,,,11,11,0,10,10,118,,543554445433544554135441,ABCAABBBABCCABBAABDCABBD,ABACABBBABCCABABABCDABBD,,,0,118,,,,,L_T1_GTR___standard,,,,,L_T1_GTR03_33000001,,,,54,41,15,533130000000530000000000454000000007445400000000554000000000454000000000,,00000117,,,,,,,,11,11,0,10,10,117,,543554445433544554135441,ABCAABBBABCCABBAABDCABBD,ABACABBBABCCABABABCDABBD,,,0,117,,,,,,,,,,L_T1_GTR03_33000002/L_T1_GTR03_32100001,,,
65496,23,,,,,,,,,41,15,51,544000000000545000000000353100000007430000000000434540000000545540000000,,00000128,,,,,,,,12,12,0,10,10,128,,54355444543354455413544115,ABCAABBBABCCABBAABDCABBDDA,ABACABBBABCCABABABCDABBDAD,,,0,128,,,,,L_T1_GTR___standard,,,,,L_T1_GTR03_33000001,,,,54,41,15,533130000000530000000000454000000007445400000000554000000000454000000000,,00000117,,,,,,,,11,11,0,10,10,117,,543554445433544554135441,ABCAABBBABCCABBAABDCABBD,ABACABBBABCCABABABCDABBD,,,0,117,,,,,,,,,,L_T1_GTR03_33000002/L_T1_GTR03_32100001,,,
65541,24,,,,,,,,,41,15,51,544000000000545000000000353100000007430000000000434540000000545540000000,,00000128,,,,,,,,12,12,0,10,10,128,,54355444543354455413544115,ABCAABBBABCCABBAABDCABBDDA,ABACABBBABCCABABABCDABBDAD,,,0,128,,,,,L_T1_GTR___standard,,,,,L_T1_GTR03_33000001,,,,41,15,51,533134000000535000000000454000000007445400000000554000000000454000000000,,00000125,,,,,,,,12,12,0,8,8,125,,54355444543354455413544115,ABCAABBBABCCABBAABDCABBDDA,ABACABBBABCCABABABCDABBDAD,,,0,125,,,,,L_T1_GTR___standard,,,,,L_T1_GTR03_33000001/L_T1_GTR03_33000002/L_T1_GTR03_32100001,,,
65542,25,,,,,,,,,15,51,35,544140000000545000000000353100000007430000000000434540000000545540000000,,00000137,,,,,,,,13,13,0,9,9,137,,5435544454335445541354411551,ABCAABBBABCCABBAABDCABBDDAAD,ABACABBBABCCABABABCDABBDADAD,,,0,137,,,,,L_T1_GTR___standard,,,,,L_T1_GTR03_33000001,,,,41,15,51,533134000000535000000000454000000007445400000000554000000000454000000000,,00000125,,,,,,,,12,12,0,8,8,125,,54355444543354455413544115,ABCAABBBABCCABBAABDCABBDDA,ABACABBBABCCABABABCDABBDAD,,,0,125,,,,,L_T1_GTR___standard,,,,,L_T1_GTR03_33000001/L_T1_GTR03_33000002/L_T1_GTR03_32100001,,,
65590,27,,,,,,,,,51,35,41,544140000000545150000000353100000007430000000000434540000000545540000000,,00000147,,,,,,,,14,14,0,10,10,147,,543554445433544554135441155135,ABCAABBBABCCABBAABDCABBDDAADCA,ABACABBBABCCABABABCDABBDADADAC,,,0,147,,,,,L_T1_GTR___standard/L_T1_GTR___zabuton_,,,,,L_T1_GTR03_33000001,,,,15,51,35,533134000000535000000000454000000007445400000000554100000000454400000000,,00000135,,,,,,,,13,13,0,10,10,135,,5435544454335445541354411551,ABCAABBBABCCABBAABDCABBDDAAD,ABACABBBABCCABABABCDABBDADAD,,,0,135,,,,,L_T1_GTR___standard,,,,,L_T1_GTR03_33000001/L_T1_GTR03_33000002/L_T1_GTR03_32100001,,,
65632,28,,,,,,,,,35,41,54,544140000000545150000000353151000007430000000000434540000000545540000000,,00000156,,,,,,,,15,15,0,9,9,156,,54355444543354455413544115513541,ABCAABBBABCCABBAABDCABBDDAADCABD,ABACABBBABCCABABABCDABBDADADACBD,,,0,156,,,,,L_T1_GTR___standard/L_T1_GTR___zabuton_,,,,,L_T1_GTR03_33000001,,,,15,51,35,533134000000535000000000454000000007445400000000554100000000454400000000,,00000135,,,,,,,,13,13,0,10,10,135,,5435544454335445541354411551,ABCAABBBABCCABBAABDCABBDDAAD,ABACABBBABCCABABABCDABBDADAD,,,0,135,,,,,L_T1_GTR___standard,,,,,L_T1_GTR03_33000001/L_T1_GTR03_33000002/L_T1_GTR03_32100001,,,
65636,29,,,,,,,,,35,41,54,544140000000545150000000353151000007430000000000434540000000545540000000,,00000156,,,,,,,,15,15,0,9,9,156,,54355444543354455413544115513541,ABCAABBBABCCABBAABDCABBDDAADCABD,ABACABBBABCCABABABCDABBDADADACBD,,,0,156,,,,,L_T1_GTR___standard/L_T1_GTR___zabuton_,,,,,L_T1_GTR03_33000001,,,,51,35,41,533134000000535150000000454000000007445400000000554100000000454400000000,,00000145,,,,,,,,14,14,0,10,10,145,,543554445433544554135441155135,ABCAABBBABCCABBAABDCABBDDAADCA,ABACABBBABCCABABABCDABBDADADAC,,,0,145,,,,,L_T1_GTR___standard,,,,,L_T1_GTR03_33000001/L_T1_GTR03_33000002/L_T1_GTR03_32100001,,,
65678,31,,,,,,,,,41,54,45,544140000000545150000000353151000007435300000000434540000000545540000000,,00000166,,,,,,,,16,16,0,10,10,166,,5435544454335445541354411551354154,ABCAABBBABCCABBAABDCABBDDAADCABDAB,ABACABBBABCCABABABCDABBDADADACBDAB,,,0,166,,,,,L_T1_GTR___standard/L_T1_GTR___zabuton_,,,,,L_T1_GTR03_33000001,,,,35,41,54,533134000000535150000000454150000007445400000000554100000000454400000000,,00000154,,,,,,,,15,15,0,9,9,154,,54355444543354455413544115513541,ABCAABBBABCCABBAABDCABBDDAADCABD,ABACABBBABCCABABABCDABBDADADACBD,,,0,154,,,,,L_T1_GTR___standard/L_T1_GTR___zabuton_,,,,,L_T1_GTR03_33000001/L_T1_GTR03_33000002/L_T1_GTR03_32100001,,,
65720,32,,,,,,,,,41,54,45,544140000000545150000000353151000007435300000000434540000000545540000000,,00000166,,,,,,,,16,16,0,10,10,166,,5435544454335445541354411551354154,ABCAABBBABCCABBAABDCABBDDAADCABDAB,ABACABBBABCCABABABCDABBDADADACBDAB,,,0,166,,,,,L_T1_GTR___standard/L_T1_GTR___zabuton_,,,,,L_T1_GTR03_33000001,,,,41,54,45,533134000000535150000000454150000007445453000000554100000000454400000000,,00000162,,,,,,,,16,16,0,8,8,162,,5435544454335445541354411551354154,ABCAABBBABCCABBAABDCABBDDAADCABDAB,ABACABBBABCCABABABCDABBDADADACBDAB,,,0,162,,,,,L_T1_GTR___standard/L_T1_GTR___zabuton_,,,,,L_T1_GTR03_33000001/L_T1_GTR03_33000002/L_T1_GTR03_32100001,,,
65723,33,,,,,,,,,54,45,13,544144000000545151000000353151000007435300000000434540000000545540000000,,00000174,,,,,,,,17,17,0,8,8,174,,543554445433544554135441155135415445,ABCAABBBABCCABBAABDCABBDDAADCABDABBA,ABACABBBABCCABABABCDABBDADADACBDABAB,,,0,174,,,,,L_T1_GTR___standard/L_T1_GTR___zabuton_,,,,,L_T1_GTR03_33000001,,,,41,54,45,533134000000535150000000454150000007445453000000554100000000454400000000,,00000162,,,,,,,,16,16,0,8,8,162,,5435544454335445541354411551354154,ABCAABBBABCCABBAABDCABBDDAADCABDAB,ABACABBBABCCABABABCDABBDADADACBDAB,,,0,162,,,,,L_T1_GTR___standard/L_T1_GTR___zabuton_,,,,,L_T1_GTR03_33000001/L_T1_GTR03_33000002/L_T1_GTR03_32100001,,,
65762,34,,,,,,,,,54,45,13,544144000000545151000000353151000007435300000000434540000000545540000000,,00000174,,,,,,,,17,17,0,8,8,174,,543554445433544554135441155135415445,ABCAABBBABCCABBAABDCABBDDAADCABDABBA,ABACABBBABCCABABABCDABBDADADACBDABAB,,,0,174,,,,,L_T1_GTR___standard/L_T1_GTR___zabuton_,,,,,L_T1_GTR03_33000001,,,,54,45,13,533134000000535154100000454150000007445453000000554100000000454400000000,,00000170,,,,,,,,17,17,0,8,8,170,,543554445433544554135441155135415445,ABCAABBBABCCABBAABDCABBDDAADCABDABBA,ABACABBBABCCABABABCDABBDADADACBDABAB,,,0,170,,,,,L_T1_GTR___standard/L_T1_GTR___zabuton_,,,,,L_T1_GTR03_33000001/L_T1_GTR03_33000002/L_T1_GTR03_32100001,,,
65764,35,,,,,,,,,45,13,45,544144500000545151400000353151000007435300000000434540000000545540000000,,00000181,,,,,,,,18,18,0,7,7,181,,54355444543354455413544115513541544513,ABCAABBBABCCABBAABDCABBDDAADCABDABBADC,ABACABBBABCCABABABCDABBDADADACBDABABCD,,,0,181,,,,,L_T1_GTR___standard/L_T1_GTR___zabuton_,,,,,L_T1_GTR03_33000001,,,,54,45,13,533134000000535154100000454150000007445453000000554100000000454400000000,,00000170,,,,,,,,17,17,0,8,8,170,,543554445433544554135441155135415445,ABCAABBBABCCABBAABDCABBDDAADCABDABBA,ABACABBBABCCABABABCDABBDADADACBDABAB,,,0,170,,,,,L_T1_GTR___standard/L_T1_GTR___zabuton_,,,,,L_T1_GTR03_33000001/L_T1_GTR03_33000002/L_T1_GTR03_32100001,,,
65800,36,,,,,,,,,45,13,45,544144500000545151400000353151000007435300000000434540000000545540000000,,00000181,,,,,,,,18,18,0,7,7,181,,54355444543354455413544115513541544513,ABCAABBBABCCABBAABDCABBDDAADCABDABBADC,ABACABBBABCCABABABCDABBDADADACBDABABCD,,,0,181,,,,,L_T1_GTR___standard/L_T1_GTR___zabuton_,,,,,L_T1_GTR03_33000001,,,,45,13,45,533134000000535154100000454154500007445453000000554100000000454400000000,,00000177,,,,,,,,18,18,0,7,7,177,,54355444543354455413544115513541544513,ABCAABBBABCCABBAABDCABBDDAADCABDABBADC,ABACABBBABCCABABABCDABBDADADACBDABABCD,,,0,177,,,,,L_T1_GTR___standard/L_T1_GTR___zabuton_,,,,,L_T1_GTR03_33000001/L_T1_GTR03_33000002/L_T1_GTR03_32100001,,,
65804,37,,,,,,,,,13,45,41,544144550000545151440000353151000007435300000000434540000000545540000000,,00000187,,,,,,,,19,19,0,6,6,187,,5435544454335445541354411551354154451345,ABCAABBBABCCABBAABDCABBDDAADCABDABBADCBA,ABACABBBABCCABABABCDABBDADADACBDABABCDAB,,,0,187,,,,,L_T1_GTR___standard/L_T1_GTR___zabuton_,,,,,L_T1_GTR03_33000001,,,,45,13,45,533134000000535154100000454154500007445453000000554100000000454400000000,,00000177,,,,,,,,18,18,0,7,7,177,,54355444543354455413544115513541544513,ABCAABBBABCCABBAABDCABBDDAADCABDABBADC,ABACABBBABCCABABABCDABBDADADACBDABABCD,,,0,177,,,,,L_T1_GTR___standard/L_T1_GTR___zabuton_,,,,,L_T1_GTR03_33000001/L_T1_GTR03_33000002/L_T1_GTR03_32100001,,,
65838,38,,,,,,,,,13,45,41,544144550000545151440000353151000007435300000000434540000000545540000000,,00000187,,,,,,,,19,19,0,6,6,187,,5435544454335445541354411551354154451345,ABCAABBBABCCABBAABDCABBDDAADCABDABBADCBA,ABACABBBABCCABABABCDABBDADADACBDABABCDAB,,,0,187,,,,,L_T1_GTR___standard/L_T1_GTR___zabuton_,,,,,L_T1_GTR03_33000001,,,,13,45,41,533134000000535154140000454154550007445453000000554100000000454400000000,,00000183,,,,,,,,19,19,0,6,6,183,,5435544454335445541354411551354154451345,ABCAABBBABCCABBAABDCABBDDAADCABDABBADCBA,ABACABBBABCCABABABCDABBDADADACBDABABCDAB,,,0,183,,,,,L_T1_GTR___standard/L_T1_GTR___zabuton_,,,,,L_T1_GTR03_33000001/L_T1_GTR03_33000002/L_T1_GTR03_32100001,,,
65847,39,,,,,,,,,45,41,15,544144550000545151440000353151000007435331000000434540000000545540000000,,00000195,,,,,,,,20,20,0,8,8,195,,543554445433544554135441155135415445134541,ABCAABBBABCCABBAABDCABBDDAADCABDABBADCBABD,ABACABBBABCCABABABCDABBDADADACBDABABCDABBD,,,0,195,,,,,L_T1_GTR___standard/L_T1_GTR___zabuton_,,,,,L_T1_GTR03_33000001,,,,13,45,41,533134000000535154140000454154550007445453000000554100000000454400000000,,00000183,,,,,,,,19,19,0,6,6,183,,5435544454335445541354411551354154451345,ABCAABBBABCCABBAABDCABBDDAADCABDABBADCBA,ABACABBBABCCABABABCDABBDADADACBDABABCDAB,,,0,183,,,,,L_T1_GTR___standard/L_T1_GTR___zabuton_,,,,,L_T1_GTR03_33000001/L_T1_GTR03_33000002/L_T1_GTR03_32100001,,,
65884,40,,,,,,,,,41,15,44,544144555000545151444000353151000007435331000000434540000000545540000000,,00000200,,,,,,,,21,21,0,5,5,200,,54355444543354455413544115513541544513454115,ABCAABBBABCCABBAABDCABBDDAADCABDABBADCBABDDA,ABACABBBABCCABABABCDABBDADADACBDABABCDABBDAD,,,0,200,,,,,L_T1_GTR___standard/L_T1_GTR___zabuton_,,,,,L_T1_GTR03_33000001,,,,13,45,41,533134000000535154140000454154550007445453000000554100000000454400000000,,00000183,,,,,,,,19,19,0,6,6,183,,5435544454335445541354411551354154451345,ABCAABBBABCCABBAABDCABBDDAADCABDABBADCBA,ABACABBBABCCABABABCDABBDADADACBDABABCDAB,,,0,183,,,,,L_T1_GTR___standard/L_T1_GTR___zabuton_,,,,,L_T1_GTR03_33000001/L_T1_GTR03_33000002/L_T1_GTR03_32100001,,,
65886,41,,,,,,,,,41,15,44,544144555000545151444000353151000007435331000000434540000000545540000000,,00000200,,,,,,,,21,21,0,5,5,200,,54355444543354455413544115513541544513454115,ABCAABBBABCCABBAABDCABBDDAADCABDABBADCBABDDA,ABACABBBABCCABABABCDABBDADADACBDABABCDABBDAD,,,0,200,,,,,L_T1_GTR___standard/L_T1_GTR___zabuton_,,,,,L_T1_GTR03_33000001,,,,45,41,15,533134000000535154140000454154550007445453000000554113000000454400000000,,00000192,,,,,,,,20,20,0,9,9,192,,543554445433544554135441155135415445134541,ABCAABBBABCCABBAABDCABBDDAADCABDABBADCBABD,ABACABBBABCCABABABCDABBDADADACBDABABCDABBD,,,0,192,,,,,L_T1_GTR___standard/L_T1_GTR___zabuton_,,,,,L_T1_GTR03_33000001/L_T1_GTR03_33000002/L_T1_GTR03_32100001,,,
65924,42,,,,,,,,,15,44,33,544144555400545151444100353151000007435331000000434540000000545540000000,,00000204,,,,,,,,22,22,0,4,4,204,,5435544454335445541354411551354154451345411544,ABCAABBBABCCABBAABDCABBDDAADCABDABBADCBABDDABB,ABACABBBABCCABABABCDABBDADADACBDABABCDABBDADBB,,,0,204,,,,,L_T1_GTR___standard/L_T1_GTR___zabuton_,,,,,L_T1_GTR03_33000001,,,,45,41,15,533134000000535154140000454154550007445453000000554113000000454400000000,,00000192,,,,,,,,20,20,0,9,9,192,,543554445433544554135441155135415445134541,ABCAABBBABCCABBAABDCABBDDAADCABDABBADCBABD,ABACABBBABCCABABABCDABBDADADACBDABABCDABBD,,,0,192,,,,,L_T1_GTR___standard/L_T1_GTR___zabuton_,,,,,L_T1_GTR03_33000001/L_T1_GTR03_33000002/L_T1_GTR03_32100001,,,
65926,43,,,,,,,,,15,44,33,544144555400545151444100353151000007435331000000434540000000545540000000,,00000204,,,,,,,,22,22,0,4,4,204,,5435544454335445541354411551354154451345411544,ABCAABBBABCCABBAABDCABBDDAADCABDABBADCBABDDABB,ABACABBBABCCABABABCDABBDADADACBDABABCDABBDADBB,,,0,204,,,,,L_T1_GTR___standard/L_T1_GTR___zabuton_,,,,,L_T1_GTR03_33000001,,,,41,15,44,533134000000535154140000454154550007445453450000554113000000454400000000,,00000199,,,,,,,,21,21,0,7,7,199,,54355444543354455413544115513541544513454115,ABCAABBBABCCABBAABDCABBDDAADCABDABBADCBABDDA,ABACABBBABCCABABABCDABBDADADACBDABABCDABBDAD,,,0,199,,,,,L_T1_GTR___standard/L_T1_GTR___zabuton_,,,,,L_T1_GTR03_33000001/L_T1_GTR03_33000002/L_T1_GTR03_32100001,,,
65966,44,,,,,,,,,15,44,33,544144555400545151444100353151000007435331000000434540000000545540000000,,00000204,,,,,,,,22,22,0,4,4,204,,5435544454335445541354411551354154451345411544,ABCAABBBABCCABBAABDCABBDDAADCABDABBADCBABDDABB,ABACABBBABCCABABABCDABBDADADACBDABABCDABBDADBB,,,0,204,,,,,L_T1_GTR___standard/L_T1_GTR___zabuton_,,,,,L_T1_GTR03_33000001,,,,15,44,33,533134140000535154140000454154550007445453450000554113000000454400000000,,00000205,,,,,,,,22,22,0,6,6,205,,5435544454335445541354411551354154451345411544,ABCAABBBABCCABBAABDCABBDDAADCABDABBADCBABDDABB,ABACABBBABCCABABABCDABBDADADACBDABABCDABBDADBB,,,0,205,,,,,L_T1_GTR___standard/L_T1_GTR___zabuton_,,,,,L_T1_GTR03_33000001/L_T1_GTR03_33000002/L_T1_GTR03_32100001,,,
65976,45,,,,,,,,,44,33,34,544144555400545151444100353151000007435331510000434540000000545540000000,,00000209,,,,,,,,23,23,0,5,5,209,,543554445433544554135441155135415445134541154433,ABCAABBBABCCABBAABDCABBDDAADCABDABBADCBABDDABBCC,ABACABBBABCCABABABCDABBDADADACBDABABCDABBDADBBCC,,,0,209,,,,,L_T1_GTR___standard/L_T1_GTR___zabuton_,,,,,L_T1_GTR03_33000001,,,,15,44,33,533134140000535154140000454154550007445453450000554113000000454400000000,,00000205,,,,,,,,22,22,0,6,6,205,,5435544454335445541354411551354154451345411544,ABCAABBBABCCABBAABDCABBDDAADCABDABBADCBABDDABB,ABACABBBABCCABABABCDABBDADADACBDABABCDABBDADBB,,,0,205,,,,,L_T1_GTR___standard/L_T1_GTR___zabuton_,,,,,L_T1_GTR03_33000001/L_T1_GTR03_33000002/L_T1_GTR03_32100001,,,
66012,46,,,,,,,,,44,33,34,544144555400545151444100353151000007435331510000434540000000545540000000,,00000209,,,,,,,,23,23,0,5,5,209,,543554445433544554135441155135415445134541154433,ABCAABBBABCCABBAABDCABBDDAADCABDABBADCBABDDABBCC,ABACABBBABCCABABABCDABBDADADACBDABABCDABBDADBBCC,,,0,209,,,,,L_T1_GTR___standard/L_T1_GTR___zabuton_,,,,,L_T1_GTR03_33000001,,,,44,33,34,533134140000535154140000454154550007445453450000554113000000454451000000,,00000213,,,,,,,,23,23,0,8,8,213,,543554445433544554135441155135415445134541154433,ABCAABBBABCCABBAABDCABBDDAADCABDABBADCBABDDABBCC,ABACABBBABCCABABABCDABBDADADACBDABABCDABBDADBBCC,,,0,213,,,,,L_T1_GTR___standard/L_T1_GTR___zabuton_,,,,,L_T1_GTR03_33000001/L_T1_GTR03_33000002/L_T1_GTR03_32100001,,,
66042,47,,,,,,,,,33,34,15,544144555440545151444140353151000007435331510000434540000000545540000000,,00000211,,,,,,,,24,24,0,2,2,211,,54355444543354455413544115513541544513454115443334,ABCAABBBABCCABBAABDCABBDDAADCABDABBADCBABDDABBCCCB,ABACABBBABCCABABABCDABBDADADACBDABABCDABBDADBBCCBC,,,0,211,,,,,L_T1_GTR___standard/L_T1_GTR___zabuton_,,,,,L_T1_GTR03_33000001,,,,44,33,34,533134140000535154140000454154550007445453450000554113000000454451000000,,00000213,,,,,,,,23,23,0,8,8,213,,543554445433544554135441155135415445134541154433,ABCAABBBABCCABBAABDCABBDDAADCABDABBADCBABDDABBCC,ABACABBBABCCABABABCDABBDADADACBDABABCDABBDADBBCC,,,0,213,,,,,L_T1_GTR___standard/L_T1_GTR___zabuton_,,,,,L_T1_GTR03_33000001/L_T1_GTR03_33000002/L_T1_GTR03_32100001,,,
66046,48,,,,,,,,,33,34,15,544144555440545151444140353151000007435331510000434540000000545540000000,,00000211,,,,,,,,24,24,0,2,2,211,,54355444543354455413544115513541544513454115443334,ABCAABBBABCCABBAABDCABBDDAADCABDABBADCBABDDABBCCCB,ABACABBBABCCABABABCDABBDADADACBDABABCDABBDADBBCCBC,,,0,211,,,,,L_T1_GTR___standard/L_T1_GTR___zabuton_,,,,,L_T1_GTR03_33000001,,,,33,34,15,533134140000535154140000454154554007445453454000554113000000454451000000,,00000218,,,,,,,,24,24,0,5,5,218,,54355444543354455413544115513541544513454115443334,ABCAABBBABCCABBAABDCABBDDAADCABDABBADCBABDDABBCCCB,ABACABBBABCCABABABCDABBDADADACBDABABCDABBDADBBCCBC,,,0,218,,,,,L_T1_GTR___standard/L_T1_GTR___zabuton_,,,,,L_T1_GTR03_33000001/L_T1_GTR03_33000002/L_T1_GTR03_32100001,,,
66082,49,,,,,,,,,33,34,15,544144555440545151444140353151000007435331510000434540000000545540000000,,00000211,,,,,,,,24,24,0,2,2,211,,54355444543354455413544115513541544513454115443334,ABCAABBBABCCABBAABDCABBDDAADCABDABBADCBABDDABBCCCB,ABACABBBABCCABABABCDABBDADADACBDABABCDABBDADBBCCBC,,,0,211,,,,,L_T1_GTR___standard/L_T1_GTR___zabuton_,,,,,L_T1_GTR03_33000001,,,,34,15,41,533134143300535154140000454154554007445453454000554113000000454451000000,,00000222,,,,,,,,25,25,0,4,4,222,,5435544454335445541354411551354154451345411544333415,ABCAABBBABCCABBAABDCABBDDAADCABDABBADCBABDDABBCCCBDA,ABACABBBABCCABABABCDABBDADADACBDABABCDABBDADBBCCBCAD,,,0,222,,,,,L_T1_GTR___standard/L_T1_GTR___zabuton_,,,,,L_T1_GTR03_33000001/L_T1_GTR03_33000002/L_T1_GTR03_32100001,,,
66088,50,,,,,,,,,34,15,41,544144555440545151444140353151000007435331510000434543000000545543000000,,00000219,,,,,,,,25,25,0,8,8,219,,5435544454335445541354411551354154451345411544333415,ABCAABBBABCCABBAABDCABBDDAADCABDABBADCBABDDABBCCCBDA,ABACABBBABCCABABABCDABBDADADACBDABABCDABBDADBBCCBCAD,,,0,219,,,,,L_T1_GTR___standard/L_T1_GTR___zabuton_,,,,,L_T1_GTR03_33000001,,,,34,15,41,533134143300535154140000454154554007445453454000554113000000454451000000,,00000222,,,,,,,,25,25,0,4,4,222,,5435544454335445541354411551354154451345411544333415,ABCAABBBABCCABBAABDCABBDDAADCABDABBADCBABDDABBCCCBDA,ABACABBBABCCABABABCDABBDADADACBDABABCDABBDADBBCCBCAD,,,0,222,,,,,L_T1_GTR___standard/L_T1_GTR___zabuton_,,,,,L_T1_GTR03_33000001/L_T1_GTR03_33000002/L_T1_GTR03_32100001,,,
66118,51,,,,,,,,,34,15,41,544144555440545151444140353151000007435331510000434543000000545543000000,,00000219,,,,,,,,25,25,0,8,8,219,,5435544454335445541354411551354154451345411544333415,ABCAABBBABCCABBAABDCABBDDAADCABDABBADCBABDDABBCCCBDA,ABACABBBABCCABABABCDABBDADADACBDABABCDABBDADBBCCBCAD,,,0,219,,,,,L_T1_GTR___standard/L_T1_GTR___zabuton_,,,,,L_T1_GTR03_33000001,,,,15,41,35,533134143300535154143400454154554007445453454000554113000000454451000000,,00000227,,,,,,,,26,26,0,5,5,227,,543554445433544554135441155135415445134541154433341541,ABCAABBBABCCABBAABDCABBDDAADCABDABBADCBABDDABBCCCBDABD,ABACABBBABCCABABABCDABBDADADACBDABABCDABBDADBBCCBCADBD,,,0,227,,,,,L_T1_GTR___standard/L_T1_GTR___zabuton_,,,,,L_T1_GTR03_33000001/L_T1_GTR03_33000002/L_T1_GTR03_32100001,,,
66130,52,,,,,,,,,15,41,35,544144555440545151444140353151000007435331510000434543000000545543430000,,00000225,,,,,,,,26,26,0,6,6,225,,543554445433544554135441155135415445134541154433341541,ABCAABBBABCCABBAABDCABBDDAADCABDABBADCBABDDABBCCCBDABD,ABACABBBABCCABABABCDABBDADADACBDABABCDABBDADBBCCBCADBD,,,0,225,,,,,L_T1_GTR___standard/L_T1_GTR___zabuton_,,,,,L_T1_GTR03_33000001,,,,15,41,35,533134143300535154143400454154554007445453454000554113000000454451000000,,00000227,,,,,,,,26,26,0,5,5,227,,543554445433544554135441155135415445134541154433341541,ABCAABBBABCCABBAABDCABBDDAADCABDABBADCBABDDABBCCCBDABD,ABACABBBABCCABABABCDABBDADADACBDABABCDABBDADBBCCBCADBD,,,0,227,,,,,L_T1_GTR___standard/L_T1_GTR___zabuton_,,,,,L_T1_GTR03_33000001/L_T1_GTR03_33000002/L_T1_GTR03_32100001,,,
66150,53,,,,,,,,,15,41,35,544144555440545151444140353151000007435331510000434543000000545543430000,,00000225,,,,,,,,26,26,0,6,6,225,,543554445433544554135441155135415445134541154433341541,ABCAABBBABCCABBAABDCABBDDAADCABDABBADCBABDDABBCCCBDABD,ABACABBBABCCABABABCDABBDADADACBDABABCDABBDADBBCCBCADBD,,,0,225,,,,,L_T1_GTR___standard/L_T1_GTR___zabuton_,,,,,L_T1_GTR03_33000001,,,,41,35,15,533134143300535154143400454154554007445453454510554113000000454451000000,,00000230,,,,,,,,27,27,0,3,3,230,,54355444543354455413544115513541544513454115443334154135,ABCAABBBABCCABBAABDCABBDDAADCABDABBADCBABDDABBCCCBDABDCA,ABACABBBABCCABABABCDABBDADADACBDABABCDABBDADBBCCBCADBDAC,,,0,230,,,,,L_T1_GTR___standard/L_T1_GTR___zabuton_,,,,,L_T1_GTR03_33000001/L_T1_GTR03_33000002/L_T1_GTR03_32100001,,,
66166,54,,,,,,,,,41,35,15,544144555440545151444140353151510007435331510000434543000000545543430000,,00000231,,,,,,,,27,27,0,6,6,231,,54355444543354455413544115513541544513454115443334154135,ABCAABBBABCCABBAABDCABBDDAADCABDABBADCBABDDABBCCCBDABDCA,ABACABBBABCCABABABCDABBDADADACBDABABCDABBDADBBCCBCADBDAC,,,0,231,,,,,L_T1_GTR___standard/L_T1_GTR___zabuton_,,,,,L_T1_GTR03_33000001,,,,41,35,15,533134143300535154143400454154554007445453454510554113000000454451000000,,00000230,,,,,,,,27,27,0,3,3,230,,54355444543354455413544115513541544513454115443334154135,ABCAABBBABCCABBAABDCABBDDAADCABDABBADCBABDDABBCCCBDABDCA,ABACABBBABCCABABABCDABBDADADACBDABABCDABBDADBBCCBCADBDAC,,,0,230,,,,,L_T1_GTR___standard/L_T1_GTR___zabuton_,,,,,L_T1_GTR03_33000001/L_T1_GTR03_33000002/L_T1_GTR03_32100001,,,
66192,55,,,,,,,,,41,35,15,544144555440545151444140353151510007435331510000434543000000545543430000,,00000231,,,,,,,,27,27,0,6,6,231,,54355444543354455413544115513541544513454115443334154135,ABCAABBBABCCABBAABDCABBDDAADCABDABBADCBABDDABBCCCBDABDCA,ABACABBBABCCABABABCDABBDADADACBDABABCDABBDADBBCCBCADBDAC,,,0,231,,,,,L_T1_GTR___standard/L_T1_GTR___zabuton_,,,,,L_T1_GTR03_33000001,,,,35,15,31,533134143300535154143400454154554007445453454510554113000000454451140000,,00000236,,,,,,,,28,28,0,6,6,236,,5435544454335445541354411551354154451345411544333415413515,ABCAABBBABCCABBAABDCABBDDAADCABDABBADCBABDDABBCCCBDABDCADA,ABACABBBABCCABABABCDABBDADADACBDABABCDABBDADBBCCBCADBDACAD,,,0,236,,,,,L_T1_GTR___standard/L_T1_GTR___zabuton_,,,,,L_T1_GTR03_33000001/L_T1_GTR03_33000002/L_T1_GTR03_32100001,,,
66210,56,,,,,,,,,35,15,31,544144555440545151444140353151510007435331510000434543410000545543430000,,00000238,,,,,,,,28,28,0,7,7,238,,5435544454335445541354411551354154451345411544333415413515,ABCAABBBABCCABBAABDCABBDDAADCABDABBADCBABDDABBCCCBDABDCADA,ABACABBBABCCABABABCDABBDADADACBDABABCDABBDADBBCCBCADBDACAD,,,0,238,,,,,L_T1_GTR___standard/L_T1_GTR___zabuton_,,,,,L_T1_GTR03_33000001,,,,35,15,31,533134143300535154143400454154554007445453454510554113000000454451140000,,00000236,,,,,,,,28,28,0,6,6,236,,5435544454335445541354411551354154451345411544333415413515,ABCAABBBABCCABBAABDCABBDDAADCABDABBADCBABDDABBCCCBDABDCADA,ABACABBBABCCABABABCDABBDADADACBDABABCDABBDADBBCCBCADBDACAD,,,0,236,,,,,L_T1_GTR___standard/L_T1_GTR___zabuton_,,,,,L_T1_GTR03_33000001/L_T1_GTR03_33000002/L_T1_GTR03_32100001,,,
66220,57,,,,,,,,,35,15,31,544144555440545151444140353151510007435331510000434543410000545543430000,,00000238,,,,,,,,28,28,0,7,7,238,,5435544454335445541354411551354154451345411544333415413515,ABCAABBBABCCABBAABDCABBDDAADCABDABBADCBABDDABBCCCBDABDCADA,ABACABBBABCCABABABCDABBDADADACBDABABCDABBDADBBCCBCADBDACAD,,,0,238,,,,,L_T1_GTR___standard/L_T1_GTR___zabuton_,,,,,L_T1_GTR03_33000001,,,,,15,31,533134143330535154143450454154554007445453454510554113000000454451140000,,bb40abb1,,,,,,,,29,0,1,bb40abb1,40,276,,5435544454335445541354411551354154451345411544333415413515,ABCAABBBABCCABBAABDCABBDDAADCABDABBADCBABDDABBCCCBDABDCADA,ABACABBBABCCABABABCDABBDADADACBDABABCDABBDADBBCCBCADBDACAD,,,1,276,,,,,L_T1_GTR___standard/L_T1_GTR___zabuton_,,,,,L_T1_GTR03_33000001/L_T1_GTR03_33000002/L_T1_GTR03_32100001,,,
66288,58,,,,,,,,,15,31,31,544144555440545151444140353151510007435331515000434543413000545543430000,,00000242,,,,,,,,29,29,0,4,4,242,,543554445433544554135441155135415445134541154433341541351531,ABCAABBBABCCABBAABDCABBDDAADCABDABBADCBABDDABBCCCBDABDCADACD,ABACABBBABCCABABABCDABBDADADACBDABABCDABBDADBBCCBCADBDACADCD,,,0,242,,,,,L_T1_GTR___standard/L_T1_GTR___zabuton_,,,,,L_T1_GTR03_33000001,,,,,15,31,533134143330535154143450454154554007445453454510554113000000454451140000,,bb40abb1,,,,,,,,29,0,1,bb40abb1,40,276,,5435544454335445541354411551354154451345411544333415413515,ABCAABBBABCCABBAABDCABBDDAADCABDABBADCBABDDABBCCCBDABDCADA,ABACABBBABCCABABABCDABBDADADACBDABABCDABBDADBBCCBCADBDACAD,,,1,276,,,,,L_T1_GTR___standard/L_T1_GTR___zabuton_,,,,,L_T1_GTR03_33000001/L_T1_GTR03_33000002/L_T1_GTR03_32100001,,,
66299,59,,,,,,,,,15,31,31,544144555440545151444140353151510007435331515000434543413000545543430000,,00000242,,,,,,,,29,29,0,4,4,242,,543554445433544554135441155135415445134541154433341541351531,ABCAABBBABCCABBAABDCABBDDAADCABDABBADCBABDDABBCCCBDABDCADACD,ABACABBBABCCABABABCDABBDADADACBDABABCDABBDADBBCCBCADBDACADCD,,,0,242,,,,,L_T1_GTR___standard/L_T1_GTR___zabuton_,,,,,L_T1_GTR03_33000001,,,,,15,31,533134140000535154144500454154554007445453454510554113000000454451140000,,bb50ab10,,,,,,,,30,0,2,bb50ab10,500,776,,5435544454335445541354411551354154451345411544333415413515,ABCAABBBABCCABBAABDCABBDDAADCABDABBADCBABDDABBCCCBDABDCADA,ABACABBBABCCABABABCDABBDADADACBDABABCDABBDADBBCCBCADBDACAD,,,2,776,,,,,L_T1_GTR___standard/L_T1_GTR___zabuton_,,,,,L_T1_GTR03_33000001/L_T1_GTR03_33000002/L_T1_GTR03_32100001,,,
66329,60,,,,,,,,,31,31,11,544144555440545151444140353151510007435331515500434543413100545543430000,,00000246,,,,,,,,30,30,0,4,4,246,,54355444543354455413544115513541544513454115443334154135153131,ABCAABBBABCCABBAABDCABBDDAADCABDABBADCBABDDABBCCCBDABDCADACDCD,ABACABBBABCCABABABCDABBDADADACBDABABCDABBDADBBCCBCADBDACADCDCD,,,0,246,,,,,L_T1_GTR___standard/L_T1_GTR___zabuton_,,,,,L_T1_GTR03_33000001,,,,,15,31,533134140000535154144500454154554007445453454510554113000000454451140000,,bb50ab10,,,,,,,,30,0,2,bb50ab10,500,776,,5435544454335445541354411551354154451345411544333415413515,ABCAABBBABCCABBAABDCABBDDAADCABDABBADCBABDDABBCCCBDABDCADA,ABACABBBABCCABABABCDABBDADADACBDABABCDABBDADBBCCBCADBDACAD,,,2,776,,,,,L_T1_GTR___standard/L_T1_GTR___zabuton_,,,,,L_T1_GTR03_33000001/L_T1_GTR03_33000002/L_T1_GTR03_32100001,,,
66381,61,,,,,,,,,31,31,11,544144555440545151444140353151510007435331515500434543413100545543430000,,00000246,,,,,,,,30,30,0,4,4,246,,54355444543354455413544115513541544513454115443334154135153131,ABCAABBBABCCABBAABDCABBDDAADCABDABBADCBABDDABBCCCBDABDCADACDCD,ABACABBBABCCABABABCDABBDADADACBDABABCDABBDADBBCCBCADBDACADCDCD,,,0,246,,,,,L_T1_GTR___standard/L_T1_GTR___zabuton_,,,,,L_T1_GTR03_33000001,,,,,15,31,533134100000535154150000454154550007445453455100554113000000454451140000,,bb50ab18,,,,,,,,31,0,3,bb50ab18,900,1676,,5435544454335445541354411551354154451345411544333415413515,ABCAABBBABCCABBAABDCABBDDAADCABDABBADCBABDDABBCCCBDABDCADA,ABACABBBABCCABABABCDABBDADADACBDABABCDABBDADBBCCBCADBDACAD,,,3,1676,,,,,L_T1_GTR___standard/L_T1_GTR___zabuton_,,,,,L_T1_GTR03_33000001/L_T1_GTR03_33000002/L_T1_GTR03_32100001,,,
66388,62,,,,,,,,,31,11,41,544144555440545151444140353151510007435331515500434543413110545543433000,,00000249,,,,,,,,31,31,0,3,3,249,,5435544454335445541354411551354154451345411544333415413515313111,ABCAABBBABCCABBAABDCABBDDAADCABDABBADCBABDDABBCCCBDABDCADACDCDDD,ABACABBBABCCABABABCDABBDADADACBDABABCDABBDADBBCCBCADBDACADCDCDDD,,,0,249,,,,,L_T1_GTR___standard/L_T1_GTR___zabuton_,,,,,L_T1_GTR03_33000001,,,,,15,31,533134100000535154150000454154550007445453455100554113000000454451140000,,bb50ab18,,,,,,,,31,0,3,bb50ab18,900,1676,,5435544454335445541354411551354154451345411544333415413515,ABCAABBBABCCABBAABDCABBDDAADCABDABBADCBABDDABBCCCBDABDCADA,ABACABBBABCCABABABCDABBDADADACBDABABCDABBDADBBCCBCADBDACAD,,,3,1676,,,,,L_T1_GTR___standard/L_T1_GTR___zabuton_,,,,,L_T1_GTR03_33000001/L_T1_GTR03_33000002/L_T1_GTR03_32100001,,,
66432,63,,,,,,,,,11,41,35,544144555440545151444140353151510007435331515500434543413110545543433130,,00000252,,,,,,,,32,32,0,3,3,252,,543554445433544554135441155135415445134541154433341541351531311141,ABCAABBBABCCABBAABDCABBDDAADCABDABBADCBABDDABBCCCBDABDCADACDCDDDBD,ABACABBBABCCABABABCDABBDADADACBDABABCDABBDADBBCCBCADBDACADCDCDDDBD,,,0,252,,,,,L_T1_GTR___standard/L_T1_GTR___zabuton_,,,,,L_T1_GTR03_33000001,,,,,15,31,533134100000535154150000454154550007445453455100554113000000454451140000,,bb50ab18,,,,,,,,31,0,3,bb50ab18,900,1676,,5435544454335445541354411551354154451345411544333415413515,ABCAABBBABCCABBAABDCABBDDAADCABDABBADCBABDDABBCCCBDABDCADA,ABACABBBABCCABABABCDABBDADADACBDABABCDABBDADBBCCBCADBDACAD,,,3,1676,,,,,L_T1_GTR___standard/L_T1_GTR___zabuton_,,,,,L_T1_GTR03_33000001/L_T1_GTR03_33000002/L_T1_GTR03_32100001,,,
66461,64,,,,,,,,,,41,35,544144555440545151444140353151510007435331515500434543413111545543433130,,bb40abb1,,,,,,,,33,0,1,bb40abb1,40,292,,543554445433544554135441155135415445134541154433341541351531311141,ABCAABBBABCCABBAABDCABBDDAADCABDABBADCBABDDABBCCCBDABDCADACDCDDDBD,ABACABBBABCCABABABCDABBDADADACBDABABCDABBDADBBCCBCADBDACADCDCDDDBD,,,1,292,,,,,L_T1_GTR___standard/L_T1_GTR___zabuton_,,,,,L_T1_GTR03_33000001,,,,,15,31,533134100000535154150000454154550007445453455100554113000000454451140000,,bb50ab18,,,,,,,,31,0,3,bb50ab18,900,1676,,5435544454335445541354411551354154451345411544333415413515,ABCAABBBABCCABBAABDCABBDDAADCABDABBADCBABDDABBCCCBDABDCADA,ABACABBBABCCABABABCDABBDADADACBDABABCDABBDADBBCCBCADBDACAD,,,3,1676,,,,,L_T1_GTR___standard/L_T1_GTR___zabuton_,,,,,L_T1_GTR03_33000001/L_T1_GTR03_33000002/L_T1_GTR03_32100001,,,
66472,65,,,,,,,,,,41,35,544144555440545151444140353151510007435331515500434543413111545543433130,,bb40abb1,,,,,,,,33,0,1,bb40abb1,40,292,,543554445433544554135441155135415445134541154433341541351531311141,ABCAABBBABCCABBAABDCABBDDAADCABDABBADCBABDDABBCCCBDABDCADACDCDDDBD,ABACABBBABCCABABABCDABBDADADACBDABABCDABBDADBBCCBCADBDACADCDCDDDBD,,,1,292,,,,,L_T1_GTR___standard/L_T1_GTR___zabuton_,,,,,L_T1_GTR03_33000001,,,,15,31,31,533134100000535154100000454154000007445453410000554113000000454451140000,,00001679,,,,,,,,32,1,0,3,3,1679,,543554445433544554135441155135415445134541154433341541351531,ABCAABBBABCCABBAABDCABBDDAADCABDABBADCBABDDABBCCCBDABDCADACD,ABACABBBABCCABABABCDABBDADADACBDABABCDABBDADBBCCBCADBDACADCD,,,3,1679,,,,,L_T1_GTR___standard/L_T1_GTR___zabuton_,,,,,L_T1_GTR03_33000001/L_T1_GTR03_33000002/L_T1_GTR03_32100001,,,
66516,66,,,,,,,,,,41,35,544144555440545151444140353151510007435331515500434543413111545543433130,,bb40abb1,,,,,,,,33,0,1,bb40abb1,40,292,,543554445433544554135441155135415445134541154433341541351531311141,ABCAABBBABCCABBAABDCABBDDAADCABDABBADCBABDDABBCCCBDABDCADACDCDDDBD,ABACABBBABCCABABABCDABBDADADACBDABABCDABBDADBBCCBCADBDACADCDCDDDBD,,,1,292,,,,,L_T1_GTR___standard/L_T1_GTR___zabuton_,,,,,L_T1_GTR03_33000001,,,,31,31,11,533134100000535154100000454154510007445453410000554113000000454451140000,,00001685,,,,,,,,33,2,0,6,6,1685,,54355444543354455413544115513541544513454115443334154135153131,ABCAABBBABCCABBAABDCABBDDAADCABDABBADCBABDDABBCCCBDABDCADACDCD,ABACABBBABCCABABABCDABBDADADACBDABABCDABBDADBBCCBCADBDACADCDCD,,,3,1685,,,,,L_T1_GTR___standard/L_T1_GTR___zabuton_,,,,,L_T1_GTR03_33000001/L_T1_GTR03_33000002/L_T1_GTR03_32100001,,,
66553,67,,,,,,,,,,41,35,544144555440545151444140353151510007435331515500434543413100545543433300,,bb40abb8,,,,,,,,34,0,2,bb40abb8,320,612,,543554445433544554135441155135415445134541154433341541351531311141,ABCAABBBABCCABBAABDCABBDDAADCABDABBADCBABDDABBCCCBDABDCADACDCDDDBD,ABACABBBABCCABABABCDABBDADADACBDABABCDABBDADBBCCBCADBDACADCDCDDDBD,,,2,612,,,,,L_T1_GTR___standard/L_T1_GTR___zabuton_,,,,,L_T1_GTR03_33000001,,,,31,31,11,533134100000535154100000454154510007445453410000554113000000454451140000,,00001685,,,,,,,,33,2,0,6,6,1685,,54355444543354455413544115513541544513454115443334154135153131,ABCAABBBABCCABBAABDCABBDDAADCABDABBADCBABDDABBCCCBDABDCADACDCD,ABACABBBABCCABABABCDABBDADADACBDABABCDABBDADBBCCBCADBDACADCDCD,,,3,1685,,,,,L_T1_GTR___standard/L_T1_GTR___zabuton_,,,,,L_T1_GTR03_33000001/L_T1_GTR03_33000002/L_T1_GTR03_32100001,,,
66560,68,,,,,,,,,,41,35,544144555440545151444140353151510007435331515500434543413100545543433300,,bb40abb8,,,,,,,,34,0,2,bb40abb8,320,612,,543554445433544554135441155135415445134541154433341541351531311141,ABCAABBBABCCABBAABDCABBDDAADCABDABBADCBABDDABBCCCBDABDCADACDCDDDBD,ABACABBBABCCABABABCDABBDADADACBDABABCDABBDADBBCCBCADBDACADCDCDDDBD,,,2,612,,,,,L_T1_GTR___standard/L_T1_GTR___zabuton_,,,,,L_T1_GTR03_33000001,,,,31,11,41,533134100000535154100000454154510007445453410000554113310000454451140000,,00001692,,,,,,,,34,3,0,7,7,1692,,5435544454335445541354411551354154451345411544333415413515313111,ABCAABBBABCCABBAABDCABBDDAADCABDABBADCBABDDABBCCCBDABDCADACDCDDD,ABACABBBABCCABABABCDABBDADADACBDABABCDABBDADBBCCBCADBDACADCDCDDD,,,3,1692,,,,,L_T1_GTR___standard/L_T1_GTR___zabuton_,,,,,L_T1_GTR03_33000001/L_T1_GTR03_33000002/L_T1_GTR03_32100001,,,
66587,69,,,,,,,,,,41,35,544144555440545151444140353151510007435331515500434543413100545543433300,,bb40abb8,,,,,,,,34,0,2,bb40abb8,320,612,,543554445433544554135441155135415445134541154433341541351531311141,ABCAABBBABCCABBAABDCABBDDAADCABDABBADCBABDDABBCCCBDABDCADACDCDDDBD,ABACABBBABCCABABABCDABBDADADACBDABABCDABBDADBBCCBCADBDACADCDCDDDBD,,,2,612,,,,,L_T1_GTR___standard/L_T1_GTR___zabuton_,,,,,L_T1_GTR03_33000001,,,,,11,41,533134100000535154100000454154510007445453410000554113311300454451140000,,bb40abb1,,,,,,,,35,0,1,bb40abb1,40,1732,,5435544454335445541354411551354154451345411544333415413515313111,ABCAABBBABCCABBAABDCABBDDAADCABDABBADCBABDDABBCCCBDABDCADACDCDDD,ABACABBBABCCABABABCDABBDADADACBDABABCDABBDADBBCCBCADBDACADCDCDDD,,,3,1732,,,,,L_T1_GTR___standard/L_T1_GTR___zabuton_,,,,,L_T1_GTR03_33000001/L_T1_GTR03_33000002/L_T1_GTR03_32100001,,,
66633,70,,,,,,,,,,41,35,544144555440545151444140353151510007435331515500434543411000545543400000,,bb40ab16,,,,,,,,35,0,3,bb40ab16,640,1252,,543554445433544554135441155135415445134541154433341541351531311141,ABCAABBBABCCABBAABDCABBDDAADCABDABBADCBABDDABBCCCBDABDCADACDCDDDBD,ABACABBBABCCABABABCDABBDADADACBDABABCDABBDADBBCCBCADBDACADCDCDDDBD,,,3,1252,,,,,L_T1_GTR___standard/L_T1_GTR___zabuton_,,,,,L_T1_GTR03_33000001,,,,,11,41,533134100000535154100000454154510007445453410000554113311300454451140000,,bb40abb1,,,,,,,,35,0,1,bb40abb1,40,1732,,5435544454335445541354411551354154451345411544333415413515313111,ABCAABBBABCCABBAABDCABBDDAADCABDABBADCBABDDABBCCCBDABDCADACDCDDD,ABACABBBABCCABABABCDABBDADADACBDABABCDABBDADBBCCBCADBDACADCDCDDD,,,3,1732,,,,,L_T1_GTR___standard/L_T1_GTR___zabuton_,,,,,L_T1_GTR03_33000001/L_T1_GTR03_33000002/L_T1_GTR03_32100001,,,
66669,71,,,,,,,,,,41,35,544144555440545151444140353151510007435331515500434543411000545543400000,,bb40ab16,,,,,,,,35,0,3,bb40ab16,640,1252,,543554445433544554135441155135415445134541154433341541351531311141,ABCAABBBABCCABBAABDCABBDDAADCABDABBADCBABDDABBCCCBDABDCADACDCDDDBD,ABACABBBABCCABABABCDABBDADADACBDABABCDABBDADBBCCBCADBDACADCDCDDDBD,,,3,1252,,,,,L_T1_GTR___standard/L_T1_GTR___zabuton_,,,,,L_T1_GTR03_33000001,,,,,11,41,533134100000535154100000454154500007445453400000554113330000454451140000,,bb40abb8,,,,,,,,36,0,2,bb40abb8,320,2052,,5435544454335445541354411551354154451345411544333415413515313111,ABCAABBBABCCABBAABDCABBDDAADCABDABBADCBABDDABBCCCBDABDCADACDCDDD,ABACABBBABCCABABABCDABBDADADACBDABABCDABBDADBBCCBCADBDACADCDCDDD,,,3,2052,,,,,L_T1_GTR___standard/L_T1_GTR___zabuton_,,,,,L_T1_GTR03_33000001/L_T1_GTR03_33000002/L_T1_GTR03_32100001,,,
66713,72,,,,,,,,,,41,35,544144505440545151444140353151500007435331555000434543400000545543400000,,bb40ab32,,,,,,,,36,0,4,bb40ab32,1280,2532,,543554445433544554135441155135415445134541154433341541351531311141,ABCAABBBABCCABBAABDCABBDDAADCABDABBADCBABDDABBCCCBDABDCADACDCDDDBD,ABACABBBABCCABABABCDABBDADADACBDABABCDABBDADBBCCBCADBDACADCDCDDDBD,,,4,2532,,,,,L_T1_GTR___standard/L_T1_GTR___zabuton_,,,,,L_T1_GTR03_33000001,,,,,11,41,533134100000535154100000454154500007445453400000554113330000454451140000,,bb40abb8,,,,,,,,36,0,2,bb40abb8,320,2052,,5435544454335445541354411551354154451345411544333415413515313111,ABCAABBBABCCABBAABDCABBDDAADCABDABBADCBABDDABBCCCBDABDCADACDCDDD,ABACABBBABCCABABABCDABBDADADACBDABABCDABBDADBBCCBCADBDACADCDCDDD,,,3,2052,,,,,L_T1_GTR___standard/L_T1_GTR___zabuton_,,,,,L_T1_GTR03_33000001/L_T1_GTR03_33000002/L_T1_GTR03_32100001,,,
66749,73,,,,,,,,,,41,35,544144505440545151444140353151500007435331555000434543400000545543400000,,bb40ab32,,,,,,,,36,0,4,bb40ab32,1280,2532,,543554445433544554135441155135415445134541154433341541351531311141,ABCAABBBABCCABBAABDCABBDDAADCABDABBADCBABDDABBCCCBDABDCADACDCDDDBD,ABACABBBABCCABABABCDABBDADADACBDABABCDABBDADBBCCBCADBDACADCDCDDDBD,,,4,2532,,,,,L_T1_GTR___standard/L_T1_GTR___zabuton_,,,,,L_T1_GTR03_33000001,,,,,11,41,533134100000535154100000454154500007445454000000554110000000454451140000,,bb40ab16,,,,,,,,37,0,3,bb40ab16,640,2692,,5435544454335445541354411551354154451345411544333415413515313111,ABCAABBBABCCABBAABDCABBDDAADCABDABBADCBABDDABBCCCBDABDCADACDCDDD,ABACABBBABCCABABABCDABBDADADACBDABABCDABBDADBBCCBCADBDACADCDCDDD,,,3,2692,,,,,L_T1_GTR___standard/L_T1_GTR___zabuton_,,,,,L_T1_GTR03_33000001/L_T1_GTR03_33000002/L_T1_GTR03_32100001,,,
66778,74,,,,,,,,,41,35,54,544144555440545151444140353151000007435331000000434543400000545543400000,,00002534,,,,,,,,37,1,0,2,2,2534,,54355444543354455413544115513541544513454115443334154135153131114135,ABCAABBBABCCABBAABDCABBDDAADCABDABBADCBABDDABBCCCBDABDCADACDCDDDBDCA,ABACABBBABCCABABABCDABBDADADACBDABABCDABBDADBBCCBCADBDACADCDCDDDBDAC,,,4,2534,,,,,L_T1_GTR___standard/L_T1_GTR___zabuton_,,,,,L_T1_GTR03_33000001,,,,,11,41,533134100000535154100000454154500007445454000000554110000000454451140000,,bb40ab16,,,,,,,,37,0,3,bb40ab16,640,2692,,5435544454335445541354411551354154451345411544333415413515313111,ABCAABBBABCCABBAABDCABBDDAADCABDABBADCBABDDABBCCCBDABDCADACDCDDD,ABACABBBABCCABABABCDABBDADADACBDABABCDABBDADBBCCBCADBDACADCDCDDD,,,3,2692,,,,,L_T1_GTR___standard/L_T1_GTR___zabuton_,,,,,L_T1_GTR03_33000001/L_T1_GTR03_33000002/L_T1_GTR03_32100001,,,
66820,75,,,,,,,,,35,54,33,544144555440545151444140353151000007435331000000434543400000545543441000,,00002540,,,,,,,,38,2,0,6,6,2540,,5435544454335445541354411551354154451345411544333415413515313111413554,ABCAABBBABCCABBAABDCABBDDAADCABDABBADCBABDDABBCCCBDABDCADACDCDDDBDCAAB,ABACABBBABCCABABABCDABBDADADACBDABABCDABBDADBBCCBCADBDACADCDCDDDBDACAB,,,4,2540,,,,,L_T1_GTR___standard/L_T1_GTR___zabuton_,,,,,L_T1_GTR03_33000001,,,,,11,41,533134100000535154100000454154500007445454000000554110000000454451140000,,bb40ab16,,,,,,,,37,0,3,bb40ab16,640,2692,,5435544454335445541354411551354154451345411544333415413515313111,ABCAABBBABCCABBAABDCABBDDAADCABDABBADCBABDDABBCCCBDABDCADACDCDDD,ABACABBBABCCABABABCDABBDADADACBDABABCDABBDADBBCCBCADBDACADCDCDDD,,,3,2692,,,,,L_T1_GTR___standard/L_T1_GTR___zabuton_,,,,,L_T1_GTR03_33000001/L_T1_GTR03_33000002/L_T1_GTR03_32100001,,,
66830,76,,,,,,,,,35,54,33,544144555440545151444140353151000007435331000000434543400000545543441000,,00002540,,,,,,,,38,2,0,6,6,2540,,5435544454335445541354411551354154451345411544333415413515313111413554,ABCAABBBABCCABBAABDCABBDDAADCABDABBADCBABDDABBCCCBDABDCADACDCDDDBDCAAB,ABACABBBABCCABABABCDABBDADADACBDABABCDABBDADBBCCBCADBDACADCDCDDDBDACAB,,,4,2540,,,,,L_T1_GTR___standard/L_T1_GTR___zabuton_,,,,,L_T1_GTR03_33000001,,,,,11,41,533131000000535151000000454155000007445450000000554110000000454451140000,,bb40ab32,,,,,,,,38,0,4,bb40ab32,1280,3972,,5435544454335445541354411551354154451345411544333415413515313111,ABCAABBBABCCABBAABDCABBDDAADCABDABBADCBABDDABBCCCBDABDCADACDCDDD,ABACABBBABCCABABABCDABBDADADACBDABABCDABBDADBBCCBCADBDACADCDCDDD,,,4,3972,,,,,L_T1_GTR___standard/L_T1_GTR___zabuton_,,,,,L_T1_GTR03_33000001/L_T1_GTR03_33000002/L_T1_GTR03_32100001,,,
66887,77,,,,,,,,,54,33,15,544144555440545151444140353151000007435331500000434543430000545543441000,,00002546,,,,,,,,39,3,0,6,6,2546,,543554445433544554135441155135415445134541154433341541351531311141355433,ABCAABBBABCCABBAABDCABBDDAADCABDABBADCBABDDABBCCCBDABDCADACDCDDDBDCAABCC,ABACABBBABCCABABABCDABBDADADACBDABABCDABBDADBBCCBCADBDACADCDCDDDBDACABCC,,,4,2546,,,,,L_T1_GTR___standard/L_T1_GTR___zabuton_,,,,,L_T1_GTR03_33000001,,,,,11,41,533131000000535151000000454155000007445450000000554110000000454451140000,,bb40ab32,,,,,,,,38,0,4,bb40ab32,1280,3972,,5435544454335445541354411551354154451345411544333415413515313111,ABCAABBBABCCABBAABDCABBDDAADCABDABBADCBABDDABBCCCBDABDCADACDCDDD,ABACABBBABCCABABABCDABBDADADACBDABABCDABBDADBBCCBCADBDACADCDCDDD,,,4,3972,,,,,L_T1_GTR___standard/L_T1_GTR___zabuton_,,,,,L_T1_GTR03_33000001/L_T1_GTR03_33000002/L_T1_GTR03_32100001,,,
66909,78,,,,,,,,,54,33,15,544144555440545151444140353151000007435331500000434543430000545543441000,,00002546,,,,,,,,39,3,0,6,6,2546,,543554445433544554135441155135415445134541154433341541351531311141355433,ABCAABBBABCCABBAABDCABBDDAADCABDABBADCBABDDABBCCCBDABDCADACDCDDDBDCAABCC,ABACABBBABCCABABABCDABBDADADACBDABABCDABBDADBBCCBCADBDACADCDCDDDBDACABCC,,,4,2546,,,,,L_T1_GTR___standard/L_T1_GTR___zabuton_,,,,,L_T1_GTR03_33000001,,,,,11,41,533131000000535110000000454100000007445400000000554110000000454451140000,,bb40ab64,,,,,,,,39,0,5,bb40ab64,2560,6532,,5435544454335445541354411551354154451345411544333415413515313111,ABCAABBBABCCABBAABDCABBDDAADCABDABBADCBABDDABBCCCBDABDCADACDCDDD,ABACABBBABCCABABABCDABBDADADACBDABABCDABBDADBBCCBCADBDACADCDCDDD,,,5,6532,,,,,L_T1_GTR___standard,,,,,L_T1_GTR03_33000001/L_T1_GTR03_33000002/L_T1_GTR03_32100001,,,
66941,79,,,,,,,,,33,15,13,544144555440545151444140353151000007435331550000434543434000545543441000,,00002551,,,,,,,,40,4,0,5,5,2551,,54355444543354455413544115513541544513454115443334154135153131114135543315,ABCAABBBABCCABBAABDCABBDDAADCABDABBADCBABDDABBCCCBDABDCADACDCDDDBDCAABCCDA,ABACABBBABCCABABABCDABBDADADACBDABABCDABBDADBBCCBCADBDACADCDCDDDBDACABCCAD,,,4,2551,,,,,L_T1_GTR___standard/L_T1_GTR___zabuton_,,,,,L_T1_GTR03_33000001,,,,,11,41,533131000000535110000000454100000007445400000000554110000000454451140000,,bb40ab64,,,,,,,,39,0,5,bb40ab64,2560,6532,,5435544454335445541354411551354154451345411544333415413515313111,ABCAABBBABCCABBAABDCABBDDAADCABDABBADCBABDDABBCCCBDABDCADACDCDDD,ABACABBBABCCABABABCDABBDADADACBDABABCDABBDADBBCCBCADBDACADCDCDDD,,,5,6532,,,,,L_T1_GTR___standard,,,,,L_T1_GTR03_33000001/L_T1_GTR03_33000002/L_T1_GTR03_32100001,,,
66982,80,,,,,,,,,15,13,51,544144555440545151444140353151000007435331553300434543434000545543441000,,00002555,,,,,,,,41,5,0,4,4,2555,,5435544454335445541354411551354154451345411544333415413515313111413554331513,ABCAABBBABCCABBAABDCABBDDAADCABDABBADCBABDDABBCCCBDABDCADACDCDDDBDCAABCCDADC,ABACABBBABCCABABABCDABBDADADACBDABABCDABBDADBBCCBCADBDACADCDCDDDBDACABCCADCD,,,4,2555,,,,,L_T1_GTR___standard/L_T1_GTR___zabuton_,,,,,L_T1_GTR03_33000001,,,,,11,41,533131000000535110000000454100000007445400000000554110000000454451140000,,bb40ab64,,,,,,,,39,0,5,bb40ab64,2560,6532,,5435544454335445541354411551354154451345411544333415413515313111,ABCAABBBABCCABBAABDCABBDDAADCABDABBADCBABDDABBCCCBDABDCADACDCDDD,ABACABBBABCCABABABCDABBDADADACBDABABCDABBDADBBCCBCADBDACADCDCDDD,,,5,6532,,,,,L_T1_GTR___standard,,,,,L_T1_GTR03_33000001/L_T1_GTR03_33000002/L_T1_GTR03_32100001,,,
66989,81,,,,,,,,,15,13,51,544144555440545151444140353151000007435331553300434543434000545543441000,,00002555,,,,,,,,41,5,0,4,4,2555,,5435544454335445541354411551354154451345411544333415413515313111413554331513,ABCAABBBABCCABBAABDCABBDDAADCABDABBADCBABDDABBCCCBDABDCADACDCDDDBDCAABCCDADC,ABACABBBABCCABABABCDABBDADADACBDABABCDABBDADBBCCBCADBDACADCDCDDDBDACABCCADCD,,,4,2555,,,,,L_T1_GTR___standard/L_T1_GTR___zabuton_,,,,,L_T1_GTR03_33000001,,,,,11,41,533310000000535000000000454000000007445400000000554110000000454451140000,,bb40ab96,,,,,,,,40,0,6,bb40ab96,3840,10372,,5435544454335445541354411551354154451345411544333415413515313111,ABCAABBBABCCABBAABDCABBDDAADCABDABBADCBABDDABBCCCBDABDCADACDCDDD,ABACABBBABCCABABABCDABBDADADACBDABABCDABBDADBBCCBCADBDACADCDCDDD,,,6,10372,,,,,,,,,,L_T1_GTR03_33000002/L_T1_GTR03_32100001,,,
67022,82,,,,,,,,,13,51,51,544144555440545151444140353151510007435331553300434543434000545543441000,,00002561,,,,,,,,42,6,0,6,6,2561,,543554445433544554135441155135415445134541154433341541351531311141355433151351,ABCAABBBABCCABBAABDCABBDDAADCABDABBADCBABDDABBCCCBDABDCADACDCDDDBDCAABCCDADCAD,ABACABBBABCCABABABCDABBDADADACBDABABCDABBDADBBCCBCADBDACADCDCDDDBDACABCCADCDAD,,,4,2561,,,,,L_T1_GTR___standard/L_T1_GTR___zabuton_,,,,,L_T1_GTR03_33000001,,,,,11,41,533310000000535000000000454000000007445400000000554110000000454451140000,,bb40ab96,,,,,,,,40,0,6,bb40ab96,3840,10372,,5435544454335445541354411551354154451345411544333415413515313111,ABCAABBBABCCABBAABDCABBDDAADCABDABBADCBABDDABBCCCBDABDCADACDCDDD,ABACABBBABCCABABABCDABBDADADACBDABABCDABBDADBBCCBCADBDACADCDCDDD,,,6,10372,,,,,,,,,,L_T1_GTR03_33000002/L_T1_GTR03_32100001,,,
67060,83,,,,,,,,,51,51,33,544144555440545151444140353151510007435331553300434543434300545543441100,,00002565,,,,,,,,43,7,0,4,4,2565,,54355444543354455413544115513541544513454115443334154135153131114135543315135151,ABCAABBBABCCABBAABDCABBDDAADCABDABBADCBABDDABBCCCBDABDCADACDCDDDBDCAABCCDADCADAD,ABACABBBABCCABABABCDABBDADADACBDABABCDABBDADBBCCBCADBDACADCDCDDDBDACABCCADCDADAD,,,4,2565,,,,,L_T1_GTR___standard/L_T1_GTR___zabuton_,,,,,L_T1_GTR03_33000001,,,,,11,41,533310000000535000000000454000000007445400000000554110000000454451140000,,bb40ab96,,,,,,,,40,0,6,bb40ab96,3840,10372,,5435544454335445541354411551354154451345411544333415413515313111,ABCAABBBABCCABBAABDCABBDDAADCABDABBADCBABDDABBCCCBDABDCADACDCDDD,ABACABBBABCCABABABCDABBDADADACBDABABCDABBDADBBCCBCADBDACADCDCDDD,,,6,10372,,,,,,,,,,L_T1_GTR03_33000002/L_T1_GTR03_32100001,,,
67072,84,,,,,,,,,51,51,33,544144555440545151444140353151510007435331553300434543434300545543441100,,00002565,,,,,,,,43,7,0,4,4,2565,,54355444543354455413544115513541544513454115443334154135153131114135543315135151,ABCAABBBABCCABBAABDCABBDDAADCABDABBADCBABDDABBCCCBDABDCADACDCDDDBDCAABCCDADCADAD,ABACABBBABCCABABABCDABBDADADACBDABABCDABBDADBBCCBCADBDACADCDCDDDBDACABCCADCDADAD,,,4,2565,,,,,L_T1_GTR___standard/L_T1_GTR___zabuton_,,,,,L_T1_GTR03_33000001,,,,,11,41,510000000000550000000000454000000007445400000000554110000000454451140000,,bb40a128,,,,,,,,41,0,7,bb40a128,5120,15492,,5435544454335445541354411551354154451345411544333415413515313111,ABCAABBBABCCABBAABDCABBDDAADCABDABBADCBABDDABBCCCBDABDCADACDCDDD,ABACABBBABCCABABABCDABBDADADACBDABABCDABBDADBBCCBCADBDACADCDCDDD,,,7,15492,,,,,,,,,,,,,
67094,85,,,,,,,,,51,33,13,544144555440545151444140353151510007435331553350434543434310545543441100,,00002568,,,,,,,,44,8,0,3,3,2568,,5435544454335445541354411551354154451345411544333415413515313111413554331513515133,ABCAABBBABCCABBAABDCABBDDAADCABDABBADCBABDDABBCCCBDABDCADACDCDDDBDCAABCCDADCADADCC,ABACABBBABCCABABABCDABBDADADACBDABABCDABBDADBBCCBCADBDACADCDCDDDBDACABCCADCDADADCC,,,4,2568,,,,,L_T1_GTR___standard/L_T1_GTR___zabuton_,,,,,L_T1_GTR03_33000001,,,,,11,41,510000000000550000000000454000000007445400000000554110000000454451140000,,bb40a128,,,,,,,,41,0,7,bb40a128,5120,15492,,5435544454335445541354411551354154451345411544333415413515313111,ABCAABBBABCCABBAABDCABBDDAADCABDABBADCBABDDABBCCCBDABDCADACDCDDD,ABACABBBABCCABABABCDABBDADADACBDABABCDABBDADBBCCBCADBDACADCDCDDD,,,7,15492,,,,,,,,,,,,,
67130,86,,,,,,,,,33,13,31,544144555440545151444140353151510007435331553350434543434310545543441151,,00002571,,,,,,,,45,9,0,3,3,2571,,543554445433544554135441155135415445134541154433341541351531311141355433151351513313,ABCAABBBABCCABBAABDCABBDDAADCABDABBADCBABDDABBCCCBDABDCADACDCDDDBDCAABCCDADCADADCCDC,ABACABBBABCCABABABCDABBDADADACBDABABCDABBDADBBCCBCADBDACADCDCDDDBDACABCCADCDADADCCCD,,,4,2571,,,,,L_T1_GTR___standard/L_T1_GTR___zabuton_,,,,,L_T1_GTR03_33000001,,,,,11,41,510000000000550000000000454000000007445400000000554110000000454451140000,,bb40a128,,,,,,,,41,0,7,bb40a128,5120,15492,,5435544454335445541354411551354154451345411544333415413515313111,ABCAABBBABCCABBAABDCABBDDAADCABDABBADCBABDDABBCCCBDABDCADACDCDDD,ABACABBBABCCABABABCDABBDADADACBDABABCDABBDADBBCCBCADBDACADCDCDDD,,,7,15492,,,,,,,,,,,,,
67153,87,,,,,,,,,33,13,31,544144555440545151444140353151510007435331553350434543434310545543441151,,00002571,,,,,,,,45,9,0,3,3,2571,,543554445433544554135441155135415445134541154433341541351531311141355433151351513313,ABCAABBBABCCABBAABDCABBDDAADCABDABBADCBABDDABBCCCBDABDCADACDCDDDBDCAABCCDADCADADCCDC,ABACABBBABCCABABABCDABBDADADACBDABABCDABBDADBBCCBCADBDACADCDCDDDBDACABCCADCDADADCCCD,,,4,2571,,,,,L_T1_GTR___standard/L_T1_GTR___zabuton_,,,,,L_T1_GTR03_33000001,,,,,11,41,100000000000000000000000440000000007445400000000554110000000454451140000,,bb40a160,,,,,,,,42,0,8,bb40a160,6400,21892,,5435544454335445541354411551354154451345411544333415413515313111,ABCAABBBABCCABBAABDCABBDDAADCABDABBADCBABDDABBCCCBDABDCADACDCDDD,ABACABBBABCCABABABCDABBDADADACBDABABCDABBDADBBCCBCADBDACADCDCDDD,,,8,21892,,,,,,,,,,,,,
67157,88,,,,,,,,,,13,31,544144555440545151444140353151513307435331553350434543434310545543441151,,bb50abb2,,,,,,,,46,0,1,bb50abb2,100,2671,,543554445433544554135441155135415445134541154433341541351531311141355433151351513313,ABCAABBBABCCABBAABDCABBDDAADCABDABBADCBABDDABBCCCBDABDCADACDCDDDBDCAABCCDADCADADCCDC,ABACABBBABCCABABABCDABBDADADACBDABABCDABBDADBBCCBCADBDACADCDCDDDBDACABCCADCDADADCCCD,,,4,2671,,,,,L_T1_GTR___standard/L_T1_GTR___zabuton_,,,,,L_T1_GTR03_33000001,,,,,11,41,100000000000000000000000440000000007445400000000554110000000454451140000,,bb40a160,,,,,,,,42,0,8,bb40a160,6400,21892,,5435544454335445541354411551354154451345411544333415413515313111,ABCAABBBABCCABBAABDCABBDDAADCABDABBADCBABDDABBCCCBDABDCADACDCDDD,ABACABBBABCCABABABCDABBDADADACBDABABCDABBDADBBCCBCADBDACADCDCDDD,,,8,21892,,,,,,,,,,,,,
67235,89,,,,,,,,,,13,31,544144555440545151444140353151513307435331553350434543434310545543441151,,bb50abb2,,,,,,,,46,0,1,bb50abb2,100,2671,,543554445433544554135441155135415445134541154433341541351531311141355433151351513313,ABCAABBBABCCABBAABDCABBDDAADCABDABBADCBABDDABBCCCBDABDCADACDCDDDBDCAABCCDADCADADCCDC,ABACABBBABCCABABABCDABBDADADACBDABABCDABBDADBBCCBCADBDACADCDCDDDBDACABCCADCDADADCCCD,,,4,2671,,,,,L_T1_GTR___standard/L_T1_GTR___zabuton_,,,,,L_T1_GTR03_33000001,,,,,11,41,100000000000000000000000000000000007540000000000554110000000454451140000,,bb40a192,,,,,,,,43,0,9,bb40a192,7680,29572,,5435544454335445541354411551354154451345411544333415413515313111,ABCAABBBABCCABBAABDCABBDDAADCABDABBADCBABDDABBCCCBDABDCADACDCDDD,ABACABBBABCCABABABCDABBDADADACBDABABCDABBDADBBCCBCADBDACADCDCDDD,,,9,29572,,,,,,,,,,,,,
67239,90,,,,,,,,,,13,31,544144555440545151444140353151510007435331555000434543434100545543441151,,bb40abb8,,,,,,,,47,0,2,bb40abb8,320,2991,,543554445433544554135441155135415445134541154433341541351531311141355433151351513313,ABCAABBBABCCABBAABDCABBDDAADCABDABBADCBABDDABBCCCBDABDCADACDCDDDBDCAABCCDADCADADCCDC,ABACABBBABCCABABABCDABBDADADACBDABABCDABBDADBBCCBCADBDACADCDCDDDBDACABCCADCDADADCCCD,,,4,2991,,,,,L_T1_GTR___standard/L_T1_GTR___zabuton_,,,,,L_T1_GTR03_33000001,,,,,11,41,100000000000000000000000000000000007540000000000554110000000454451140000,,bb40a192,,,,,,,,43,0,9,bb40a192,7680,29572,,5435544454335445541354411551354154451345411544333415413515313111,ABCAABBBABCCABBAABDCABBDDAADCABDABBADCBABDDABBCCCBDABDCADACDCDDD,ABACABBBABCCABABABCDABBDADADACBDABABCDABBDADBBCCBCADBDACADCDCDDD,,,9,29572,,,,,,,,,,,,,
67317,91,,,,,,,,,,13,31,544144555440545151444140353151510007435331555000434543434100545543441151,,bb40abb8,,,,,,,,47,0,2,bb40abb8,320,2991,,543554445433544554135441155135415445134541154433341541351531311141355433151351513313,ABCAABBBABCCABBAABDCABBDDAADCABDABBADCBABDDABBCCCBDABDCADACDCDDDBDCAABCCDADCADADCCDC,ABACABBBABCCABABABCDABBDADADACBDABABCDABBDADBBCCBCADBDACADCDCDDDBDACABCCADCDADADCCCD,,,4,2991,,,,,L_T1_GTR___standard/L_T1_GTR___zabuton_,,,,,L_T1_GTR03_33000001,,,,,11,41,100000000000000000000000000000000007400000000000411000000000444511400000,,bb50a226,,,,,,,,44,0,10,bb50a226,11300,40872,,5435544454335445541354411551354154451345411544333415413515313111,ABCAABBBABCCABBAABDCABBDDAADCABDABBADCBABDDABBCCCBDABDCADACDCDDD,ABACABBBABCCABABABCDABBDADADACBDABABCDABBDADBBCCBCADBDACADCDCDDD,,,9,40872,,,,,,,,,,R_T1_GTR03_22110002,,,
67319,92,,,,,,,,,,13,31,544144555440545151444140353151100007435331000000434543434100545543441151,,bb40ab16,,,,,,,,48,0,3,bb40ab16,640,3631,,543554445433544554135441155135415445134541154433341541351531311141355433151351513313,ABCAABBBABCCABBAABDCABBDDAADCABDABBADCBABDDABBCCCBDABDCADACDCDDDBDCAABCCDADCADADCCDC,ABACABBBABCCABABABCDABBDADADACBDABABCDABBDADBBCCBCADBDACADCDCDDDBDACABCCADCDADADCCCD,,,4,3631,,,,,L_T1_GTR___standard/L_T1_GTR___zabuton_,,,,,L_T1_GTR03_33000001,,,,,11,41,100000000000000000000000000000000007400000000000411000000000444511400000,,bb50a226,,,,,,,,44,0,10,bb50a226,11300,40872,,5435544454335445541354411551354154451345411544333415413515313111,ABCAABBBABCCABBAABDCABBDDAADCABDABBADCBABDDABBCCCBDABDCADACDCDDD,ABACABBBABCCABABABCDABBDADADACBDABABCDABBDADBBCCBCADBDACADCDCDDD,,,9,40872,,,,,,,,,,R_T1_GTR03_22110002,,,
67399,93,,,,,,,,,,13,31,544144555440545154441400353150000007435330000000434543434100545543441151,,bb50ab34,,,,,,,,49,0,4,bb50ab34,1700,5331,,543554445433544554135441155135415445134541154433341541351531311141355433151351513313,ABCAABBBABCCABBAABDCABBDDAADCABDABBADCBABDDABBCCCBDABDCADACDCDDDBDCAABCCDADCADADCCDC,ABACABBBABCCABABABCDABBDADADACBDABABCDABBDADBBCCBCADBDACADCDCDDDBDACABCCADCDADADCCCD,,,4,5331,,,,,L_T1_GTR___standard/L_T1_GTR___zabuton_,,,,,L_T1_GTR03_33000001,,,,,11,41,100000000000000000000000000000000007400000000000411000000000444511400000,,bb50a226,,,,,,,,44,0,10,bb50a226,11300,40872,,5435544454335445541354411551354154451345411544333415413515313111,ABCAABBBABCCABBAABDCABBDDAADCABDABBADCBABDDABBCCCBDABDCADACDCDDD,ABACABBBABCCABABABCDABBDADADACBDABABCDABBDADBBCCBCADBDACADCDCDDD,,,9,40872,,,,,,,,,,R_T1_GTR03_22110002,,,
67401,94,,,,,,,,,,13,31,544144555440545154441400353150000007435330000000434543434100545543441151,,bb50ab34,,,,,,,,49,0,4,bb50ab34,1700,5331,,543554445433544554135441155135415445134541154433341541351531311141355433151351513313,ABCAABBBABCCABBAABDCABBDDAADCABDABBADCBABDDABBCCCBDABDCADACDCDDDBDCAABCCDADCADADCCDC,ABACABBBABCCABABABCDABBDADADACBDABABCDABBDADBBCCBCADBDACADCDCDDDBDACABCCADCDADADCCCD,,,4,5331,,,,,L_T1_GTR___standard/L_T1_GTR___zabuton_,,,,,L_T1_GTR03_33000001,,,,,11,41,100000000000000000000000000000000007000000000000110000000000511400000000,,bb40a256,,,,,,,,45,0,11,bb40a256,10240,51112,,5435544454335445541354411551354154451345411544333415413515313111,ABCAABBBABCCABBAABDCABBDDAADCABDABBADCBABDDABBCCCBDABDCADACDCDDD,ABACABBBABCCABABABCDABBDADADACBDABABCDABBDADBBCCBCADBDACADCDCDDD,,,9,51112,,,,,,,,,,,,,
67483,95,,,,,,,,,,13,31,544155544000545151400000353150000007435330000000434543434100545543441151,,bb50ab66,,,,,,,,50,0,5,bb50ab66,3300,8631,,543554445433544554135441155135415445134541154433341541351531311141355433151351513313,ABCAABBBABCCABBAABDCABBDDAADCABDABBADCBABDDABBCCCBDABDCADACDCDDDBDCAABCCDADCADADCCDC,ABACABBBABCCABABABCDABBDADADACBDABABCDABBDADBBCCBCADBDACADCDCDDDBDACABCCADCDADADCCCD,,,5,8631,,,,,L_T1_GTR___standard/L_T1_GTR___zabuton_,,,,,L_T1_GTR03_33000001,,,,,11,41,100000000000000000000000000000000007000000000000110000000000511400000000,,bb40a256,,,,,,,,45,0,11,bb40a256,10240,51112,,5435544454335445541354411551354154451345411544333415413515313111,ABCAABBBABCCABBAABDCABBDDAADCABDABBADCBABDDABBCCCBDABDCADACDCDDD,ABACABBBABCCABABABCDABBDADADACBDABABCDABBDADBBCCBCADBDACADCDCDDD,,,9,51112,,,,,,,,,,,,,
67495,96,,,,,,,,,,13,31,544155544000545151400000353150000007435330000000434543434100545543441151,,bb50ab66,,,,,,,,50,0,5,bb50ab66,3300,8631,,543554445433544554135441155135415445134541154433341541351531311141355433151351513313,ABCAABBBABCCABBAABDCABBDDAADCABDABBADCBABDDABBCCCBDABDCADACDCDDDBDCAABCCDADCADADCCDC,ABACABBBABCCABABABCDABBDADADACBDABABCDABBDADBBCCBCADBDACADCDCDDDBDACABCCADCDADADCCCD,,,5,8631,,,,,L_T1_GTR___standard/L_T1_GTR___zabuton_,,,,,L_T1_GTR03_33000001,,,,11,41,35,100000000000000000000000000000000007000000000000000000000000540000000000,,00051116,,,,,,,,46,1,0,4,4,51116,,543554445433544554135441155135415445134541154433341541351531311141,ABCAABBBABCCABBAABDCABBDDAADCABDABBADCBABDDABBCCCBDABDCADACDCDDDBD,ABACABBBABCCABABABCDABBDADADACBDABABCDABBDADBBCCBCADBDACADCDCDDDBD,,,9,51116,,,,,,,,,,,,,
67549,97,,,,,,,,,,13,31,544155544000545151400000353150000007435330000000434543434100545543441151,,bb50ab66,,,,,,,,50,0,5,bb50ab66,3300,8631,,543554445433544554135441155135415445134541154433341541351531311141355433151351513313,ABCAABBBABCCABBAABDCABBDDAADCABDABBADCBABDDABBCCCBDABDCADACDCDDDBDCAABCCDADCADADCCDC,ABACABBBABCCABABABCDABBDADADACBDABABCDABBDADBBCCBCADBDACADCDCDDDBDACABCCADCDADADCCCD,,,5,8631,,,,,L_T1_GTR___standard/L_T1_GTR___zabuton_,,,,,L_T1_GTR03_33000001,,,,41,35,54,100000000000100000000000100000000007000000000000000000000000540000000000,,00051129,,,,,,,,47,2,0,13,13,51129,,54355444543354455413544115513541544513454115443334154135153131114135,ABCAABBBABCCABBAABDCABBDDAADCABDABBADCBABDDABBCCCBDABDCADACDCDDDBDCA,ABACABBBABCCABABABCDABBDADADACBDABABCDABBDADBBCCBCADBDACADCDCDDDBDAC,,,9,51129,,,,,,,,,,,,,
67573,98,,,,,,,,,,13,31,544144000000545114000000353100000007435330000000434543434100545543441151,,bb40ab96,,,,,,,,51,0,6,bb40ab96,3840,12471,,543554445433544554135441155135415445134541154433341541351531311141355433151351513313,ABCAABBBABCCABBAABDCABBDDAADCABDABBADCBABDDABBCCCBDABDCADACDCDDDBDCAABCCDADCADADCCDC,ABACABBBABCCABABABCDABBDADADACBDABABCDABBDADBBCCBCADBDACADCDCDDDBDACABCCADCDADADCCCD,,,6,12471,,,,,L_T1_GTR___standard,,,,,L_T1_GTR03_33000001,,,,41,35,54,100000000000100000000000100000000007000000000000000000000000540000000000,,00051129,,,,,,,,47,2,0,13,13,51129,,54355444543354455413544115513541544513454115443334154135153131114135,ABCAABBBABCCABBAABDCABBDDAADCABDABBADCBABDDABBCCCBDABDCADACDCDDDBDCA,ABACABBBABCCABABABCDABBDADADACBDABABCDABBDADBBCCBCADBDACADCDCDDDBDAC,,,9,51129,,,,,,,,,,,,,
67603,99,,,,,,,,,,13,31,544144000000545114000000353100000007435330000000434543434100545543441151,,bb40ab96,,,,,,,,51,0,6,bb40ab96,3840,12471,,543554445433544554135441155135415445134541154433341541351531311141355433151351513313,ABCAABBBABCCABBAABDCABBDDAADCABDABBADCBABDDABBCCCBDABDCADACDCDDDBDCAABCCDADCADADCCDC,ABACABBBABCCABABABCDABBDADADACBDABABCDABBDADBBCCBCADBDACADCDCDDDBDACABCCADCDADADCCCD,,,6,12471,,,,,L_T1_GTR___standard,,,,,L_T1_GTR03_33000001,,,,35,54,33,100000000000100000000000100000000007000000000000140000000000540000000000,,00051141,,,,,,,,48,3,0,12,12,51141,,5435544454335445541354411551354154451345411544333415413515313111413554,ABCAABBBABCCABBAABDCABBDDAADCABDABBADCBABDDABBCCCBDABDCADACDCDDDBDCAAB,ABACABBBABCCABABABCDABBDADADACBDABABCDABBDADBBCCBCADBDACADCDCDDDBDACAB,,,9,51141,,,,,,,,,,,,,
67651,100,,,,,,,,,,13,31,544144000000545114000000353100000007435330000000434543434100545543441151,,bb40ab96,,,,,,,,51,0,6,bb40ab96,3840,12471,,543554445433544554135441155135415445134541154433341541351531311141355433151351513313,ABCAABBBABCCABBAABDCABBDDAADCABDABBADCBABDDABBCCCBDABDCADACDCDDDBDCAABCCDADCADADCCDC,ABACABBBABCCABABABCDABBDADADACBDABABCDABBDADBBCCBCADBDACADCDCDDDBDACABCCADCDADADCCCD,,,6,12471,,,,,L_T1_GTR___standard,,,,,L_T1_GTR03_33000001,,,,54,33,15,100000000000153000000000100000000007000000000000140000000000540000000000,,00051152,,,,,,,,49,4,0,11,11,51152,,543554445433544554135441155135415445134541154433341541351531311141355433,ABCAABBBABCCABBAABDCABBDDAADCABDABBADCBABDDABBCCCBDABDCADACDCDDDBDCAABCC,ABACABBBABCCABABABCDABBDADADACBDABABCDABBDADBBCCBCADBDACADCDCDDDBDACABCC,,,9,51152,,,,,,,,,,,,,
67656,101,,,,,,,,,,13,31,544440000000545400000000353000000007435330000000434543434100545543441151,,bb60a131,,,,,,,,52,0,7,bb60a131,7860,20331,,543554445433544554135441155135415445134541154433341541351531311141355433151351513313,ABCAABBBABCCABBAABDCABBDDAADCABDABBADCBABDDABBCCCBDABDCADACDCDDDBDCAABCCDADCADADCCDC,ABACABBBABCCABABABCDABBDADADACBDABABCDABBDADBBCCBCADBDACADCDCDDDBDACABCCADCDADADCCCD,,,7,20331,,,,,,,,,,,,,,54,33,15,100000000000153000000000100000000007000000000000140000000000540000000000,,00051152,,,,,,,,49,4,0,11,11,51152,,543554445433544554135441155135415445134541154433341541351531311141355433,ABCAABBBABCCABBAABDCABBDDAADCABDABBADCBABDDABBCCCBDABDCADACDCDDDBDCAABCC,ABACABBBABCCABABABCDABBDADADACBDABABCDABBDADBBCCBCADBDACADCDCDDDBDACABCC,,,9,51152,,,,,,,,,,,,,
67720,102,,,,,,,,,,13,31,544440000000545400000000353000000007435330000000434543434100545543441151,,bb60a131,,,,,,,,52,0,7,bb60a131,7860,20331,,543554445433544554135441155135415445134541154433341541351531311141355433151351513313,ABCAABBBABCCABBAABDCABBDDAADCABDABBADCBABDDABBCCCBDABDCADACDCDDDBDCAABCCDADCADADCCDC,ABACABBBABCCABABABCDABBDADADACBDABABCDABBDADBBCCBCADBDACADCDCDDDBDACABCCADCDADADCCCD,,,7,20331,,,,,,,,,,,,,,33,15,13,100000000000153000000000150000000007400000000000140000000000540000000000,,00051164,,,,,,,,50,5,0,12,12,51164,,54355444543354455413544115513541544513454115443334154135153131114135543315,ABCAABBBABCCABBAABDCABBDDAADCABDABBADCBABDDABBCCCBDABDCADACDCDDDBDCAABCCDA,ABACABBBABCCABABABCDABBDADADACBDABABCDABBDADBBCCBCADBDACADCDCDDDBDACABCCAD,,,9,51164,,,,,,,,,,,,,
67737,103,,,,,,,,,,13,31,500000000000550000000000353000000007435330000000434543434100545543441151,,bb40a160,,,,,,,,53,0,8,bb40a160,6400,26731,,543554445433544554135441155135415445134541154433341541351531311141355433151351513313,ABCAABBBABCCABBAABDCABBDDAADCABDABBADCBABDDABBCCCBDABDCADACDCDDDBDCAABCCDADCADADCCDC,ABACABBBABCCABABABCDABBDADADACBDABABCDABBDADBBCCBCADBDACADCDCDDDBDACABCCADCDADADCCCD,,,8,26731,,,,,,,,,,,,,,33,15,13,100000000000153000000000150000000007400000000000140000000000540000000000,,00051164,,,,,,,,50,5,0,12,12,51164,,54355444543354455413544115513541544513454115443334154135153131114135543315,ABCAABBBABCCABBAABDCABBDDAADCABDABBADCBABDDABBCCCBDABDCADACDCDDDBDCAABCCDA,ABACABBBABCCABABABCDABBDADADACBDABABCDABBDADBBCCBCADBDACADCDCDDDBDACABCCAD,,,9,51164,,,,,,,,,,,,,
67770,104,,,,,,,,,,13,31,500000000000550000000000353000000007435330000000434543434100545543441151,,bb40a160,,,,,,,,53,0,8,bb40a160,6400,26731,,543554445433544554135441155135415445134541154433341541351531311141355433151351513313,ABCAABBBABCCABBAABDCABBDDAADCABDABBADCBABDDABBCCCBDABDCADACDCDDDBDCAABCCDADCADADCCDC,ABACABBBABCCABABABCDABBDADADACBDABABCDABBDADBBCCBCADBDACADCDCDDDBDACABCCADCDADADCCCD,,,8,26731,,,,,,,,,,,,,,15,13,51,133000000000153000000000150000000007400000000000140000000000540000000000,,00051175,,,,,,,,51,6,0,11,11,51175,,5435544454335445541354411551354154451345411544333415413515313111413554331513,ABCAABBBABCCABBAABDCABBDDAADCABDABBADCBABDDABBCCCBDABDCADACDCDDDBDCAABCCDADC,ABACABBBABCCABABABCDABBDADADACBDABABCDABBDADBBCCBCADBDACADCDCDDDBDACABCCADCD,,,9,51175,,,,,,,,,,,,,
67814,105,,,,,,,,,,13,31,500000000000550000000000353000000007435330000000434543434100545543441151,,bb40a160,,,,,,,,53,0,8,bb40a160,6400,26731,,543554445433544554135441155135415445134541154433341541351531311141355433151351513313,ABCAABBBABCCABBAABDCABBDDAADCABDABBADCBABDDABBCCCBDABDCADACDCDDDBDCAABCCDADCADADCCDC,ABACABBBABCCABABABCDABBDADADACBDABABCDABBDADBBCCBCADBDACADCDCDDDBDACABCCADCDADADCCCD,,,8,26731,,,,,,,,,,,,,,13,51,51,133000000000153000000000155100000007400000000000140000000000540000000000,,00051185,,,,,,,,52,7,0,10,10,51185,,543554445433544554135441155135415445134541154433341541351531311141355433151351,ABCAABBBABCCABBAABDCABBDDAADCABDABBADCBABDDABBCCCBDABDCADACDCDDDBDCAABCCDADCAD,ABACABBBABCCABABABCDABBDADADACBDABABCDABBDADBBCCBCADBDACADCDCDDDBDACABCCADCDAD,,,9,51185,,,,,,,,,,,,,
67817,106,,,,,,,,,,13,31,000000000000000000000000330000000007435330000000434543434100545543441151,,bb40a192,,,,,,,,54,0,9,bb40a192,7680,34411,,543554445433544554135441155135415445134541154433341541351531311141355433151351513313,ABCAABBBABCCABBAABDCABBDDAADCABDABBADCBABDDABBCCCBDABDCADACDCDDDBDCAABCCDADCADADCCDC,ABACABBBABCCABABABCDABBDADADACBDABABCDABBDADBBCCBCADBDACADCDCDDDBDACABCCADCDADADCCCD,,,9,34411,,,,,,,,,,,,,,13,51,51,133000000000153000000000155100000007400000000000140000000000540000000000,,00051185,,,,,,,,52,7,0,10,10,51185,,543554445433544554135441155135415445134541154433341541351531311141355433151351,ABCAABBBABCCABBAABDCABBDDAADCABDABBADCBABDDABBCCCBDABDCADACDCDDDBDCAABCCDADCAD,ABACABBBABCCABABABCDABBDADADACBDABABCDABBDADBBCCBCADBDACADCDCDDDBDACABCCADCDAD,,,9,51185,,,,,,,,,,,,,
67866,107,,,,,,,,,,13,31,000000000000000000000000330000000007435330000000434543434100545543441151,,bb40a192,,,,,,,,54,0,9,bb40a192,7680,34411,,543554445433544554135441155135415445134541154433341541351531311141355433151351513313,ABCAABBBABCCABBAABDCABBDDAADCABDABBADCBABDDABBCCCBDABDCADACDCDDDBDCAABCCDADCADADCCDC,ABACABBBABCCABABABCDABBDADADACBDABABCDABBDADBBCCBCADBDACADCDCDDDBDACABCCADCDADADCCCD,,,9,34411,,,,,,,,,,,,,,51,51,33,133000000000153000000000155100000007400000000000141300000000540000000000,,00051196,,,,,,,,53,8,0,11,11,51196,,54355444543354455413544115513541544513454115443334154135153131114135543315135151,ABCAABBBABCCABBAABDCABBDDAADCABDABBADCBABDDABBCCCBDABDCADACDCDDDBDCAABCCDADCADAD,ABACABBBABCCABABABCDABBDADADACBDABABCDABBDADBBCCBCADBDACADCDCDDDBDACABCCADCDADAD,,,9,51196,,,,,,,,,,,,,
67897,108,,,,,,,,,,13,31,000000000000000000000000000000000007453300000000445434341000545543441151,,bb40a224,,,,,,,,55,0,10,bb40a224,8960,43371,,543554445433544554135441155135415445134541154433341541351531311141355433151351513313,ABCAABBBABCCABBAABDCABBDDAADCABDABBADCBABDDABBCCCBDABDCADACDCDDDBDCAABCCDADCADADCCDC,ABACABBBABCCABABABCDABBDADADACBDABABCDABBDADBBCCBCADBDACADCDCDDDBDACABCCADCDADADCCCD,,,9,43371,,,,,,,,,,,,,,51,51,33,133000000000153000000000155100000007400000000000141300000000540000000000,,00051196,,,,,,,,53,8,0,11,11,51196,,54355444543354455413544115513541544513454115443334154135153131114135543315135151,ABCAABBBABCCABBAABDCABBDDAADCABDABBADCBABDDABBCCCBDABDCADACDCDDDBDCAABCCDADCADAD,ABACABBBABCCABABABCDABBDADADACBDABABCDABBDADBBCCBCADBDACADCDCDDDBDACABCCADCDADAD,,,9,51196,,,,,,,,,,,,,
67916,109,,,,,,,,,,13,31,000000000000000000000000000000000007453300000000445434341000545543441151,,bb40a224,,,,,,,,55,0,10,bb40a224,8960,43371,,543554445433544554135441155135415445134541154433341541351531311141355433151351513313,ABCAABBBABCCABBAABDCABBDDAADCABDABBADCBABDDABBCCCBDABDCADACDCDDDBDCAABCCDADCADADCCDC,ABACABBBABCCABABABCDABBDADADACBDABABCDABBDADBBCCBCADBDACADCDCDDDBDACABCCADCDADADCCCD,,,9,43371,,,,,,,,,,,,,,51,33,13,133000000000153000000000155100000007400000000000141300000000541500000000,,00051206,,,,,,,,54,9,0,10,10,51206,,5435544454335445541354411551354154451345411544333415413515313111413554331513515133,ABCAABBBABCCABBAABDCABBDDAADCABDABBADCBABDDABBCCCBDABDCADACDCDDDBDCAABCCDADCADADCC,ABACABBBABCCABABABCDABBDADADACBDABABCDABBDADBBCCBCADBDACADCDCDDDBDACABCCADCDADADCC,,,9,51206,,,,,,,,,,,,,
67979,110,,,,,,,,,,13,31,000000000000000000000000000000000007533000000000543434100000555434411510,,bb50a258,,,,,,,,56,0,11,bb50a258,12900,56271,,543554445433544554135441155135415445134541154433341541351531311141355433151351513313,ABCAABBBABCCABBAABDCABBDDAADCABDABBADCBABDDABBCCCBDABDCADACDCDDDBDCAABCCDADCADADCCDC,ABACABBBABCCABABABCDABBDADADACBDABABCDABBDADBBCCBCADBDACADCDCDDDBDACABCCADCDADADCCCD,,,9,56271,,,,,,,,,,,,,,51,33,13,133000000000153000000000155100000007400000000000141300000000541500000000,,00051206,,,,,,,,54,9,0,10,10,51206,,5435544454335445541354411551354154451345411544333415413515313111413554331513515133,ABCAABBBABCCABBAABDCABBDDAADCABDABBADCBABDDABBCCCBDABDCADACDCDDDBDCAABCCDADCADADCC,ABACABBBABCCABABABCDABBDADADACBDABABCDABBDADBBCCBCADBDACADCDCDDDBDACABCCADCDADADCC,,,9,51206,,,,,,,,,,,,,
67992,111,,,,,,,,,,13,31,000000000000000000000000000000000007533000000000543434100000555434411510,,bb50a258,,,,,,,,56,0,11,bb50a258,12900,56271,,543554445433544554135441155135415445134541154433341541351531311141355433151351513313,ABCAABBBABCCABBAABDCABBDDAADCABDABBADCBABDDABBCCCBDABDCADACDCDDDBDCAABCCDADCADADCCDC,ABACABBBABCCABABABCDABBDADADACBDABABCDABBDADBBCCBCADBDACADCDCDDDBDACABCCADCDADADCCCD,,,9,56271,,,,,,,,,,,,,,33,13,31,133000000000153000000000155100000007410000000000141350000000541500000000,,00051215,,,,,,,,55,10,0,9,9,51215,,543554445433544554135441155135415445134541154433341541351531311141355433151351513313,ABCAABBBABCCABBAABDCABBDDAADCABDABBADCBABDDABBCCCBDABDCADACDCDDDBDCAABCCDADCADADCCDC,ABACABBBABCCABABABCDABBDADADACBDABABCDABBDADBBCCBCADBDACADCDCDDDBDACABCCADCDADADCCCD,,,9,51215,,,,,,,,,,,,,
68040,112,,,,,,,,,,13,31,000000000000000000000000000000000007533000000000543434100000555434411510,,bb50a258,,,,,,,,56,0,11,bb50a258,12900,56271,,543554445433544554135441155135415445134541154433341541351531311141355433151351513313,ABCAABBBABCCABBAABDCABBDDAADCABDABBADCBABDDABBCCCBDABDCADACDCDDDBDCAABCCDADCADADCCDC,ABACABBBABCCABABABCDABBDADADACBDABABCDABBDADBBCCBCADBDACADCDCDDDBDACABCCADCDADADCCCD,,,9,56271,,,,,,,,,,,,,,13,31,43,133000000000153000000000155100000007413300000000141350000000541500000000,,00051226,,,,,,,,56,11,0,11,11,51226,,54355444543354455413544115513541544513454115443334154135153131114135543315135151331331,ABCAABBBABCCABBAABDCABBDDAADCABDABBADCBABDDABBCCCBDABDCADACDCDDDBDCAABCCDADCADADCCDCCD,ABACABBBABCCABABABCDABBDADADACBDABABCDABBDADBBCCBCADBDACADCDCDDDBDACABCCADCDADADCCCDCD,,,9,51226,,,,,,,,,,,,,
68063,113,,,,,,,,,,13,31,000000000000000000000000000000000007330000000000434341000000434411510000,,bb40a288,,,,,,,,57,0,12,bb40a288,11520,67791,,543554445433544554135441155135415445134541154433341541351531311141355433151351513313,ABCAABBBABCCABBAABDCABBDDAADCABDABBADCBABDDABBCCCBDABDCADACDCDDDBDCAABCCDADCADADCCDC,ABACABBBABCCABABABCDABBDADADACBDABABCDABBDADBBCCBCADBDACADCDCDDDBDACABCCADCDADADCCCD,,,9,67791,,,,,,,,,,R_T1_GTR03_22200002,,,,13,31,43,133000000000153000000000155100000007413300000000141350000000541500000000,,00051226,,,,,,,,56,11,0,11,11,51226,,54355444543354455413544115513541544513454115443334154135153131114135543315135151331331,ABCAABBBABCCABBAABDCABBDDAADCABDABBADCBABDDABBCCCBDABDCADACDCDDDBDCAABCCDADCADADCCDCCD,ABACABBBABCCABABABCDABBDADADACBDABABCDABBDADBBCCBCADBDACADCDCDDDBDACABCCADCDADADCCCDCD,,,9,51226,,,,,,,,,,,,,
68080,114,,,,,,,,,,13,31,000000000000000000000000000000000007330000000000434341000000434411510000,,bb40a288,,,,,,,,57,0,12,bb40a288,11520,67791,,543554445433544554135441155135415445134541154433341541351531311141355433151351513313,ABCAABBBABCCABBAABDCABBDDAADCABDABBADCBABDDABBCCCBDABDCADACDCDDDBDCAABCCDADCADADCCDC,ABACABBBABCCABABABCDABBDADADACBDABABCDABBDADBBCCBCADBDACADCDCDDDBDACABCCADCDADADCCCD,,,9,67791,,,,,,,,,,R_T1_GTR03_22200002,,,,31,43,51,133000000000153000000000155113000007413300000000141350000000541500000000,,00051234,,,,,,,,57,12,0,8,8,51234,,5435544454335445541354411551354154451345411544333415413515313111413554331513515133133143,ABCAABBBABCCABBAABDCABBDDAADCABDABBADCBABDDABBCCCBDABDCADACDCDDDBDCAABCCDADCADADCCDCCDBC,ABACABBBABCCABABABCDABBDADADACBDABABCDABBDADBBCCBCADBDACADCDCDDDBDACABCCADCDADADCCCDCDBC,,,9,51234,,,,,,,,,,,,,
68116,115,,,,,,,,,,13,31,000000000000000000000000000000000007330000000000434341000000434411510000,,bb40a288,,,,,,,,57,0,12,bb40a288,11520,67791,,543554445433544554135441155135415445134541154433341541351531311141355433151351513313,ABCAABBBABCCABBAABDCABBDDAADCABDABBADCBABDDABBCCCBDABDCADACDCDDDBDCAABCCDADCADADCCDC,ABACABBBABCCABABABCDABBDADADACBDABABCDABBDADBBCCBCADBDACADCDCDDDBDACABCCADCDADADCCCD,,,9,67791,,,,,,,,,,R_T1_GTR03_22200002,,,,43,51,43,133000000000153000000000155113130007413300000000141350000000541500000000,,00051240,,,,,,,,58,13,0,6,6,51240,,543554445433544554135441155135415445134541154433341541351531311141355433151351513313314351,ABCAABBBABCCABBAABDCABBDDAADCABDABBADCBABDDABBCCCBDABDCADACDCDDDBDCAABCCDADCADADCCDCCDBCAD,ABACABBBABCCABABABCDABBDADADACBDABABCDABBDADBBCCBCADBDACADCDCDDDBDACABCCADCDADADCCCDCDBCAD,,,9,51240,,,,,,,,,,,,,
68143,116,,,,,,,,,,13,31,000000000000000000000000000000000007000000000000443410000000444115100000,,bb50a322,,,,,,,,58,0,13,bb50a322,16100,83891,,543554445433544554135441155135415445134541154433341541351531311141355433151351513313,ABCAABBBABCCABBAABDCABBDDAADCABDABBADCBABDDABBCCCBDABDCADACDCDDDBDCAABCCDADCADADCCDC,ABACABBBABCCABABABCDABBDADADACBDABABCDABBDADBBCCBCADBDACADCDCDDDBDACABCCADCDADADCCCD,,,9,83891,,,,,,,,,,,,,,43,51,43,133000000000153000000000155113130007413300000000141350000000541500000000,,00051240,,,,,,,,58,13,0,6,6,51240,,543554445433544554135441155135415445134541154433341541351531311141355433151351513313314351,ABCAABBBABCCABBAABDCABBDDAADCABDABBADCBABDDABBCCCBDABDCADACDCDDDBDCAABCCDADCADADCCDCCDBCAD,ABACABBBABCCABABABCDABBDADADACBDABABCDABBDADBBCCBCADBDACADCDCDDDBDACABCCADCDADADCCCDCDBCAD,,,9,51240,,,,,,,,,,,,,
68160,117,,,,,,,,,,13,31,000000000000000000000000000000000007000000000000443410000000444115100000,,bb50a322,,,,,,,,58,0,13,bb50a322,16100,83891,,543554445433544554135441155135415445134541154433341541351531311141355433151351513313,ABCAABBBABCCABBAABDCABBDDAADCABDABBADCBABDDABBCCCBDABDCADACDCDDDBDCAABCCDADCADADCCDC,ABACABBBABCCABABABCDABBDADADACBDABABCDABBDADBBCCBCADBDACADCDCDDDBDACABCCADCDADADCCCD,,,9,83891,,,,,,,,,,,,,,51,43,43,133000000000153000000000155113130007413343000000141350000000541500000000,,00051249,,,,,,,,59,14,0,9,9,51249,,54355444543354455413544115513541544513454115443334154135153131114135543315135151331331435143,ABCAABBBABCCABBAABDCABBDDAADCABDABBADCBABDDABBCCCBDABDCADACDCDDDBDCAABCCDADCADADCCDCCDBCADBC,ABACABBBABCCABABABCDABBDADADACBDABABCDABBDADBBCCBCADBDACADCDCDDDBDACABCCADCDADADCCCDCDBCADBC,,,9,51249,,,,,,,,,,,,,
68204,118,,,,,,,,,,13,31,000000000000000000000000000000000007000000000000443410000000444115100000,,bb50a322,,,,,,,,58,0,13,bb50a322,16100,83891,,543554445433544554135441155135415445134541154433341541351531311141355433151351513313,ABCAABBBABCCABBAABDCABBDDAADCABDABBADCBABDDABBCCCBDABDCADACDCDDDBDCAABCCDADCADADCCDC,ABACABBBABCCABABABCDABBDADADACBDABABCDABBDADBBCCBCADBDACADCDCDDDBDACABCCADCDADADCCCD,,,9,83891,,,,,,,,,,,,,,43,43,35,133000000000153150000000155113130007413343000000141350000000541500000000,,00051258,,,,,,,,60,15,0,9,9,51258,,5435544454335445541354411551354154451345411544333415413515313111413554331513515133133143514343,ABCAABBBABCCABBAABDCABBDDAADCABDABBADCBABDDABBCCCBDABDCADACDCDDDBDCAABCCDADCADADCCDCCDBCADBCBC,ABACABBBABCCABABABCDABBDADADACBDABABCDABBDADBBCCBCADBDACADCDCDDDBDACABCCADCDADADCCCDCDBCADBCBC,,,9,51258,,,,,,,,,,,,,
68236,119,,,,,,,,,13,31,43,000000000000000000000000000000000007000000000000341000000000115100000000,,00083896,,,,,,,,59,1,0,5,5,83896,,54355444543354455413544115513541544513454115443334154135153131114135543315135151331331,ABCAABBBABCCABBAABDCABBDDAADCABDABBADCBABDDABBCCCBDABDCADACDCDDDBDCAABCCDADCADADCCDCCD,ABACABBBABCCABABABCDABBDADADACBDABABCDABBDADBBCCBCADBDACADCDCDDDBDACABCCADCDADADCCCDCD,,,9,83896,,,,,,,,,,,,,,43,43,35,133000000000153150000000155113130007413343000000141350000000541500000000,,00051258,,,,,,,,60,15,0,9,9,51258,,5435544454335445541354411551354154451345411544333415413515313111413554331513515133133143514343,ABCAABBBABCCABBAABDCABBDDAADCABDABBADCBABDDABBCCCBDABDCADACDCDDDBDCAABCCDADCADADCCDCCDBCADBCBC,ABACABBBABCCABABABCDABBDADADACBDABABCDABBDADBBCCBCADBDACADCDCDDDBDACABCCADCDADADCCCDCDBCADBCBC,,,9,51258,,,,,,,,,,,,,
68286,120,,,,,,,,,31,43,51,000000000000000000000000000000000007310000000000341000000000115100000000,,00083908,,,,,,,,60,2,0,12,12,83908,,5435544454335445541354411551354154451345411544333415413515313111413554331513515133133143,ABCAABBBABCCABBAABDCABBDDAADCABDABBADCBABDDABBCCCBDABDCADACDCDDDBDCAABCCDADCADADCCDCCDBC,ABACABBBABCCABABABCDABBDADADACBDABABCDABBDADBBCCBCADBDACADCDCDDDBDACABCCADCDADADCCCDCDBC,,,9,83908,,,,,,,,,,,,,,43,43,35,133000000000153150000000155113130007413343000000141350000000541500000000,,00051258,,,,,,,,60,15,0,9,9,51258,,5435544454335445541354411551354154451345411544333415413515313111413554331513515133133143514343,ABCAABBBABCCABBAABDCABBDDAADCABDABBADCBABDDABBCCCBDABDCADACDCDDDBDCAABCCDADCADADCCDCCDBCADBCBC,ABACABBBABCCABABABCDABBDADADACBDABABCDABBDADBBCCBCADBDACADCDCDDDBDACABCCADCDADADCCCDCDBCADBCBC,,,9,51258,,,,,,,,,,,,,
68310,121,,,,,,,,,31,43,51,000000000000000000000000000000000007310000000000341000000000115100000000,,00083908,,,,,,,,60,2,0,12,12,83908,,5435544454335445541354411551354154451345411544333415413515313111413554331513515133133143,ABCAABBBABCCABBAABDCABBDDAADCABDABBADCBABDDABBCCCBDABDCADACDCDDDBDCAABCCDADCADADCCDCCDBC,ABACABBBABCCABABABCDABBDADADACBDABABCDABBDADBBCCBCADBDACADCDCDDDBDACABCCADCDADADCCCDCDBC,,,9,83908,,,,,,,,,,,,,,,43,35,133666660000153156666600155113136666413343346666141356666600541566666000,,00051264,,,,,lose,,,61,15,0,6,6,51264,,5435544454335445541354411551354154451345411544333415413515313111413554331513515133133143514343,ABCAABBBABCCABBAABDCABBDDAADCABDABBADCBABDDABBCCCBDABDCADACDCDDDBDCAABCCDADCADADCCDCCDBCADBCBC,ABACABBBABCCABABABCDABBDADADACBDABABCDABBDADBBCCBCADBDACADCDCDDDBDACABCCADCDADADCCCDCDBCADBCBC,,,9,51264,,,,,,,,,,,,,
68317,121,,,,,,,,,,43,51,000000000000000000000000310000000007310000000000341000000000115100000000,,00083921,,,,,win,,,61,2,0,13,13,83921,,5435544454335445541354411551354154451345411544333415413515313111413554331513515133133143,ABCAABBBABCCABBAABDCABBDDAADCABDABBADCBABDDABBCCCBDABDCADACDCDDDBDCAABCCDADCADADCCDCCDBC,ABACABBBABCCABABABCDABBDADADACBDABABCDABBDADBBCCBCADBDACADCDCDDDBDACABCCADCDADADCCCDCDBC,,,9,83921,,,,,,,,,,,,,,,43,35,133666660000153156666600155113136666413343346666141356666600541566666000,,00051264,,,,,lose,,,61,15,0,6,6,51264,,5435544454335445541354411551354154451345411544333415413515313111413554331513515133133143514343,ABCAABBBABCCABBAABDCABBDDAADCABDABBADCBABDDABBCCCBDABDCADACDCDDDBDCAABCCDADCADADCCDCCDBCADBCBC,ABACABBBABCCABABABCDABBDADADACBDABABCDABBDADBBCCBCADBDACADCDCDDDBDACABCCADCDADADCCCDCDBCADBCBC,,,9,51264,,,,,,,,,,,,,
