95754,0,,,,,,,,,,53,25,000000000000000000000000000000000007000000000000000000000000000000000000,000000,00000000,,,,,,,,0,0,0,0,0,0,,53,AB,AB,,,0,0,,,,,,,,,,,,,,,53,25,000000000000000000000000000000000007000000000000000000000000000000000000,000000,00000000,,,,,,,,0,0,0,0,0,0,,53,AB,AB,,,0,0,,,,,,,,,,,,,
95904,2,,,,,,,,,53,25,43,000000000000000000000000000000000007000000000000000000000000000000000000,,00000000,,,,,,,,1,1,0,0,0,0,,5325,ABCA,ABAC,,,0,0,,,,,,,,,,,,,,53,25,43,000000000000000000000000000000000007000000000000000000000000000000000000,,00000000,,,,,,,,1,1,0,0,0,0,,5325,ABCA,ABAC,,,0,0,,,,,,,,,,,,,
95956,3,,,,,,,,,53,25,43,000000000000000000000000000000000007000000000000000000000000000000000000,,00000000,,,,,,,,1,1,0,0,0,0,,5325,ABCA,ABAC,,,0,0,,,,,,,,,,,,,,25,43,23,000000000000500000000000300000000007000000000000000000000000000000000000,,00000013,,,,,,,,2,2,0,13,13,13,,532543,ABCADB,ABACBD,,,0,13,,,,,,,,,,,,,
95958,4,,,,,,,,,25,43,23,530000000000000000000000000000000007000000000000000000000000000000000000,,00000013,,,,,,,,2,2,0,13,13,13,,532543,ABCADB,ABACBD,,,0,13,,,,,,,,,,,,,,25,43,23,000000000000500000000000300000000007000000000000000000000000000000000000,,00000013,,,,,,,,2,2,0,13,13,13,,532543,ABCADB,ABACBD,,,0,13,,,,,,,,,,,,,
96008,6,,,,,,,,,43,23,52,530000000000500000000000200000000007000000000000000000000000000000000000,,00000026,,,,,,,,3,3,0,13,13,26,,53254323,ABCADBCB,ABACBDBC,,,0,26,,,,,,,,,,,,,,43,23,52,520000000000500000000000300000000007000000000000000000000000000000000000,,00000025,,,,,,,,3,3,0,12,12,25,,53254323,ABCADBCB,ABACBDBC,,,0,25,,,,,,,,,,,,,
96058,7,,,,,,,,,23,52,24,533400000000500000000000200000000007000000000000000000000000000000000000,,00000036,,,,,,,,4,4,0,10,10,36,,5325432352,ABCADBCBAC,ABACBDBCAC,,,0,36,,,,,,,,,,L_T1_GTR03_22110002,,,,43,23,52,520000000000500000000000300000000007000000000000000000000000000000000000,,00000025,,,,,,,,3,3,0,12,12,25,,53254323,ABCADBCB,ABACBDBC,,,0,25,,,,,,,,,,,,,
96060,8,,,,,,,,,23,52,24,533400000000500000000000200000000007000000000000000000000000000000000000,,00000036,,,,,,,,4,4,0,10,10,36,,5325432352,ABCADBCBAC,ABACBDBCAC,,,0,36,,,,,,,,,,L_T1_GTR03_22110002,,,,23,52,24,520000000000500000000000300000000007430000000000000000000000000000000000,,00000038,,,,,,,,4,4,0,13,13,38,,5325432352,ABCADBCBAC,ABACBDBCAC,,,0,38,,,,,,,,,,,,,
96108,9,,,,,,,,,52,24,45,533400000000500000000000200000000007320000000000000000000000000000000000,,00000048,,,,,,,,5,5,0,12,12,48,,532543235224,ABCADBCBACCD,ABACBDBCACCD,,,0,48,,,,,,,,,,L_T1_GTR03_22110002,,,,23,52,24,520000000000500000000000300000000007430000000000000000000000000000000000,,00000038,,,,,,,,4,4,0,13,13,38,,5325432352,ABCADBCBAC,ABACBDBCAC,,,0,38,,,,,,,,,,,,,
96116,10,,,,,,,,,52,24,45,533400000000500000000000200000000007320000000000000000000000000000000000,,00000048,,,,,,,,5,5,0,12,12,48,,532543235224,ABCADBCBACCD,ABACBDBCACCD,,,0,48,,,,,,,,,,L_T1_GTR03_22110002,,,,52,24,45,520000000000500000000000300000000007430000000000230000000000000000000000,,00000051,,,,,,,,5,5,0,13,13,51,,532543235224,ABCADBCBACCD,ABACBDBCACCD,,,0,51,,,,,,,,,,,,,
96156,11,,,,,,,,,24,45,44,533400000000500000000000252000000007320000000000000000000000000000000000,,00000060,,,,,,,,6,6,0,12,12,60,,53254323522445,ABCADBCBACCDDA,ABACBDBCACCDAD,,,0,60,,,,,,,,,,L_T1_GTR03_32100001/L_T1_GTR03_22110002,,,,52,24,45,520000000000500000000000300000000007430000000000230000000000000000000000,,00000051,,,,,,,,5,5,0,13,13,51,,532543235224,ABCADBCBACCD,ABACBDBCACCD,,,0,51,,,,,,,,,,,,,
96164,12,,,,,,,,,24,45,44,533400000000500000000000252000000007320000000000000000000000000000000000,,00000060,,,,,,,,6,6,0,12,12,60,,53254323522445,ABCADBCBACCDDA,ABACBDBCACCDAD,,,0,60,,,,,,,,,,L_T1_GTR03_32100001/L_T1_GTR03_22110002,,,,24,45,44,520000000000520000000000350000000007430000000000230000000000000000000000,,00000063,,,,,,,,6,6,0,12,12,63,,53254323522445,ABCADBCBACCDDA,ABACBDBCACCDAD,,,0,63,,,,,,,,,,L_T1_GTR03_22110001,,,
96210,13,,,,,,,,,45,44,24,533400000000500000000000252000000007320000000000420000000000000000000000,,00000072,,,,,,,,7,7,0,12,12,72,,5325432352244544,ABCADBCBACCDDADD,ABACBDBCACCDADDD,,,0,72,,,,,,,,,,L_T1_GTR03_22110002,,,,24,45,44,520000000000520000000000350000000007430000000000230000000000000000000000,,00000063,,,,,,,,6,6,0,12,12,63,,53254323522445,ABCADBCBACCDDA,ABACBDBCACCDAD,,,0,63,,,,,,,,,,L_T1_GTR03_22110001,,,
96214,14,,,,,,,,,45,44,24,533400000000500000000000252000000007320000000000420000000000000000000000,,00000072,,,,,,,,7,7,0,12,12,72,,5325432352244544,ABCADBCBACCDDADD,ABACBDBCACCDADDD,,,0,72,,,,,,,,,,L_T1_GTR03_22110002,,,,45,44,24,522400000000520000000000350000000007430000000000230000000000000000000000,,00000074,,,,,,,,7,7,0,11,11,74,,5325432352244544,ABCADBCBACCDDADD,ABACBDBCACCDADDD,,,0,74,,,,,,,,,,,,,
96259,16,,,,,,,,,44,24,54,533400000000500000000000252000000007325000000000424000000000000000000000,,00000083,,,,,,,,8,8,0,11,11,83,,532543235224454424,ABCADBCBACCDDADDCD,ABACBDBCACCDADDDCD,,,0,83,,,,,,,,,,L_T1_GTR03_22110002,,,,44,24,54,522400000000525400000000350000000007430000000000230000000000000000000000,,00000084,,,,,,,,8,8,0,10,10,84,,532543235224454424,ABCADBCBACCDDADDCD,ABACBDBCACCDADDDCD,,,0,84,,,,,L_T1_GTR___standard,,,,,L_T1_GTR03_33000001,,,
96308,17,,,,,,,,,44,24,54,533400000000500000000000252000000007325000000000424000000000000000000000,,00000083,,,,,,,,8,8,0,11,11,83,,532543235224454424,ABCADBCBACCDDADDCD,ABACBDBCACCDADDDCD,,,0,83,,,,,,,,,,L_T1_GTR03_22110002,,,,24,54,53,522400000000525400000000350000000007434000000000234000000000000000000000,,00000095,,,,,,,,9,9,0,11,11,95,,53254323522445442454,ABCADBCBACCDDADDCDAD,ABACBDBCACCDADDDCDAD,,,0,95,,,,,L_T1_GTR___standard,,,,,L_T1_GTR03_33000001,,,
96313,18,,,,,,,,,24,54,53,533400000000500000000000252000000007325000000000424000000000440000000000,,00000095,,,,,,,,9,9,0,12,12,95,,53254323522445442454,ABCADBCBACCDDADDCDAD,ABACBDBCACCDADDDCDAD,,,0,95,,,,,,,,,,L_T1_GTR03_22110002,,,,24,54,53,522400000000525400000000350000000007434000000000234000000000000000000000,,00000095,,,,,,,,9,9,0,11,11,95,,53254323522445442454,ABCADBCBACCDDADDCDAD,ABACBDBCACCDADDDCDAD,,,0,95,,,,,L_T1_GTR___standard,,,,,L_T1_GTR03_33000001,,,
96356,19,,,,,,,,,54,53,43,533400000000500000000000252420000007325000000000424000000000440000000000,,00000104,,,,,,,,10,10,0,9,9,104,,5325432352244544245453,ABCADBCBACCDDADDCDADAB,ABACBDBCACCDADDDCDADAB,,,0,104,,,,,,,,,,L_T1_GTR03_22110002,,,,24,54,53,522400000000525400000000350000000007434000000000234000000000000000000000,,00000095,,,,,,,,9,9,0,11,11,95,,53254323522445442454,ABCADBCBACCDDADDCDAD,ABACBDBCACCDADDDCDAD,,,0,95,,,,,L_T1_GTR___standard,,,,,L_T1_GTR03_33000001,,,
96364,20,,,,,,,,,54,53,43,533400000000500000000000252420000007325000000000424000000000440000000000,,00000104,,,,,,,,10,10,0,9,9,104,,5325432352244544245453,ABCADBCBACCDDADDCDADAB,ABACBDBCACCDADDDCDADAB,,,0,104,,,,,,,,,,L_T1_GTR03_22110002,,,,54,53,43,522400000000525400000000350000000007434000000000234000000000240000000000,,00000108,,,,,,,,10,10,0,13,13,108,,5325432352244544245453,ABCADBCBACCDDADDCDADAB,ABACBDBCACCDADDDCDADAB,,,0,108,,,,,L_T1_GTR___standard,,,,,L_T1_GTR03_33000001,,,
96402,21,,,,,,,,,53,43,25,533400000000500000000000252420000007325540000000424000000000440000000000,,00000114,,,,,,,,11,11,0,10,10,114,,532543235224454424545343,ABCADBCBACCDDADDCDADABDB,ABACBDBCACCDADDDCDADABBD,,,0,114,,,,,,,,,,L_T1_GTR03_22110002,,,,54,53,43,522400000000525400000000350000000007434000000000234000000000240000000000,,00000108,,,,,,,,10,10,0,13,13,108,,5325432352244544245453,ABCADBCBACCDDADDCDADAB,ABACBDBCACCDADDDCDADAB,,,0,108,,,,,L_T1_GTR___standard,,,,,L_T1_GTR03_33000001,,,
96408,22,,,,,,,,,53,43,25,533400000000500000000000252420000007325540000000424000000000440000000000,,00000114,,,,,,,,11,11,0,10,10,114,,532543235224454424545343,ABCADBCBACCDDADDCDADABDB,ABACBDBCACCDADDDCDADABBD,,,0,114,,,,,,,,,,L_T1_GTR03_22110002,,,,53,43,25,522440000000525450000000350000000007434000000000234000000000240000000000,,00000117,,,,,,,,11,11,0,9,9,117,,532543235224454424545343,ABCADBCBACCDDADDCDADABDB,ABACBDBCACCDADDDCDADABBD,,,0,117,,,,,L_T1_GTR___standard,,,,,L_T1_GTR03_33000001,,,
96450,23,,,,,,,,,43,25,33,533400000000535000000000252420000007325540000000424000000000440000000000,,00000125,,,,,,,,12,12,0,11,11,125,,53254323522445442454534325,ABCADBCBACCDDADDCDADABDBCA,ABACBDBCACCDADDDCDADABBDAC,,,0,125,,,,,L_T1_GTR___standard,,,,,L_T1_GTR03_33000001,,,,53,43,25,522440000000525450000000350000000007434000000000234000000000240000000000,,00000117,,,,,,,,11,11,0,9,9,117,,532543235224454424545343,ABCADBCBACCDDADDCDADABDB,ABACBDBCACCDADDDCDADABBD,,,0,117,,,,,L_T1_GTR___standard,,,,,L_T1_GTR03_33000001,,,
96452,24,,,,,,,,,43,25,33,533400000000535000000000252420000007325540000000424000000000440000000000,,00000125,,,,,,,,12,12,0,11,11,125,,53254323522445442454534325,ABCADBCBACCDDADDCDADABDBCA,ABACBDBCACCDADDDCDADABBDAC,,,0,125,,,,,L_T1_GTR___standard,,,,,L_T1_GTR03_33000001,,,,43,25,33,522440000000525450000000353500000007434000000000234000000000240000000000,,00000127,,,,,,,,12,12,0,10,10,127,,53254323522445442454534325,ABCADBCBACCDDADDCDADABDBCA,ABACBDBCACCDADDDCDADABBDAC,,,0,127,,,,,L_T1_GTR___standard,,,,,L_T1_GTR03_33000001,,,
96500,25,,,,,,,,,43,25,33,533400000000535000000000252420000007325540000000424000000000440000000000,,00000125,,,,,,,,12,12,0,11,11,125,,53254323522445442454534325,ABCADBCBACCDDADDCDADABDBCA,ABACBDBCACCDADDDCDADABBDAC,,,0,125,,,,,L_T1_GTR___standard,,,,,L_T1_GTR03_33000001,,,,25,33,25,522440000000525450000000353500000007434300000000234400000000240000000000,,00000137,,,,,,,,13,13,0,10,10,137,,5325432352244544245453432533,ABCADBCBACCDDADDCDADABDBCABB,ABACBDBCACCDADDDCDADABBDACBB,,,0,137,,,,,L_T1_GTR___standard,,,,,L_T1_GTR03_33000001,,,
96512,26,,,,,,,,,25,33,25,533430000000535400000000252420000007325540000000424000000000440000000000,,00000134,,,,,,,,13,13,0,9,9,134,,5325432352244544245453432533,ABCADBCBACCDDADDCDADABDBCABB,ABACBDBCACCDADDDCDADABBDACBB,,,0,134,,,,,L_T1_GTR___standard/L_T1_GTR___zabuton_,,,,,L_T1_GTR03_33000001,,,,25,33,25,522440000000525450000000353500000007434300000000234400000000240000000000,,00000137,,,,,,,,13,13,0,10,10,137,,5325432352244544245453432533,ABCADBCBACCDDADDCDADABDBCABB,ABACBDBCACCDADDDCDADABBDACBB,,,0,137,,,,,L_T1_GTR___standard,,,,,L_T1_GTR03_33000001,,,
96544,27,,,,,,,,,25,33,25,533430000000535400000000252420000007325540000000424000000000440000000000,,00000134,,,,,,,,13,13,0,9,9,134,,5325432352244544245453432533,ABCADBCBACCDDADDCDADABDBCABB,ABACBDBCACCDADDDCDADABBDACBB,,,0,134,,,,,L_T1_GTR___standard/L_T1_GTR___zabuton_,,,,,L_T1_GTR03_33000001,,,,33,25,34,522440000000525450000000353550000007434320000000234400000000240000000000,,00000146,,,,,,,,14,14,0,9,9,146,,532543235224454424545343253325,ABCADBCBACCDDADDCDADABDBCABBCA,ABACBDBCACCDADDDCDADABBDACBBAC,,,0,146,,,,,L_T1_GTR___standard,,,,,L_T1_GTR03_33000001,,,
96557,28,,,,,,,,,33,25,34,533430000000535425000000252420000007325540000000424000000000440000000000,,00000143,,,,,,,,14,14,0,9,9,143,,532543235224454424545343253325,ABCADBCBACCDDADDCDADABDBCABBCA,ABACBDBCACCDADDDCDADABBDACBBAC,,,0,143,,,,,L_T1_GTR___standard/L_T1_GTR___zabuton_,,,,,L_T1_GTR03_33000001,,,,33,25,34,522440000000525450000000353550000007434320000000234400000000240000000000,,00000146,,,,,,,,14,14,0,9,9,146,,532543235224454424545343253325,ABCADBCBACCDDADDCDADABDBCABBCA,ABACBDBCACCDADDDCDADABBDACBBAC,,,0,146,,,,,L_T1_GTR___standard,,,,,L_T1_GTR03_33000001,,,
96593,29,,,,,,,,,33,25,34,533430000000535425000000252420000007325540000000424000000000440000000000,,00000143,,,,,,,,14,14,0,9,9,143,,532543235224454424545343253325,ABCADBCBACCDDADDCDADABDBCABBCA,ABACBDBCACCDADDDCDADABBDACBBAC,,,0,143,,,,,L_T1_GTR___standard/L_T1_GTR___zabuton_,,,,,L_T1_GTR03_33000001,,,,25,34,44,522440000000525450000000353550000007434320000000234400000000243300000000,,00000156,,,,,,,,15,15,0,10,10,156,,53254323522445442454534325332534,ABCADBCBACCDDADDCDADABDBCABBCABD,ABACBDBCACCDADDDCDADABBDACBBACBD,,,0,156,,,,,L_T1_GTR___standard,,,,,L_T1_GTR03_33000001,,,
96628,30,,,,,,,,,25,34,44,533430000000535425000000252420000007325540000000424300000000443000000000,,00000154,,,,,,,,15,15,0,11,11,154,,53254323522445442454534325332534,ABCADBCBACCDDADDCDADABDBCABBCABD,ABACBDBCACCDADDDCDADABBDACBBACBD,,,0,154,,,,,L_T1_GTR___standard/L_T1_GTR___zabuton_,,,,,L_T1_GTR03_33000001,,,,25,34,44,522440000000525450000000353550000007434320000000234400000000243300000000,,00000156,,,,,,,,15,15,0,10,10,156,,53254323522445442454534325332534,ABCADBCBACCDDADDCDADABDBCABBCABD,ABACBDBCACCDADDDCDADABBDACBBACBD,,,0,156,,,,,L_T1_GTR___standard,,,,,L_T1_GTR03_33000001,,,
96636,31,,,,,,,,,25,34,44,533430000000535425000000252420000007325540000000424300000000443000000000,,00000154,,,,,,,,15,15,0,11,11,154,,53254323522445442454534325332534,ABCADBCBACCDDADDCDADABDBCABBCABD,ABACBDBCACCDADDDCDADABBDACBBACBD,,,0,154,,,,,L_T1_GTR___standard/L_T1_GTR___zabuton_,,,,,L_T1_GTR03_33000001,,,,34,44,25,522445000000525452000000353550000007434320000000234400000000243300000000,,00000164,,,,,,,,16,16,0,8,8,164,,5325432352244544245453432533253444,ABCADBCBACCDDADDCDADABDBCABBCABDDD,ABACBDBCACCDADDDCDADABBDACBBACBDDD,,,0,164,,,,,L_T1_GTR___standard,,,,,L_T1_GTR03_33000001,,,
96666,32,,,,,,,,,34,44,25,533430000000535425520000252420000007325540000000424300000000443000000000,,00000159,,,,,,,,16,16,0,5,5,159,,5325432352244544245453432533253444,ABCADBCBACCDDADDCDADABDBCABBCABDDD,ABACBDBCACCDADDDCDADABBDACBBACBDDD,,,0,159,,,,,L_T1_GTR___standard/L_T1_GTR___zabuton_,,,,,L_T1_GTR03_33000001,,,,34,44,25,522445000000525452000000353550000007434320000000234400000000243300000000,,00000164,,,,,,,,16,16,0,8,8,164,,5325432352244544245453432533253444,ABCADBCBACCDDADDCDADABDBCABBCABDDD,ABACBDBCACCDADDDCDADABBDACBBACBDDD,,,0,164,,,,,L_T1_GTR___standard,,,,,L_T1_GTR03_33000001,,,
96692,33,,,,,,,,,34,44,25,533430000000535425520000252420000007325540000000424300000000443000000000,,00000159,,,,,,,,16,16,0,5,5,159,,5325432352244544245453432533253444,ABCADBCBACCDDADDCDADABDBCABBCABDDD,ABACBDBCACCDADDDCDADABBDACBBACBDDD,,,0,159,,,,,L_T1_GTR___standard/L_T1_GTR___zabuton_,,,,,L_T1_GTR03_33000001,,,,44,25,45,522445000000525452000000353550000007434320000000234430000000243340000000,,00000173,,,,,,,,17,17,0,9,9,173,,532543235224454424545343253325344425,ABCADBCBACCDDADDCDADABDBCABBCABDDDCA,ABACBDBCACCDADDDCDADABBDACBBACBDDDAC,,,0,173,,,,,L_T1_GTR___standard,,,,,L_T1_GTR03_33000001,,,
96710,34,,,,,,,,,44,25,45,533433400000535425520000252420000007325540000000424300000000443000000000,,00000167,,,,,,,,17,17,0,8,8,167,,532543235224454424545343253325344425,ABCADBCBACCDDADDCDADABDBCABBCABDDDCA,ABACBDBCACCDADDDCDADABBDACBBACBDDDAC,,,0,167,,,,,L_T1_GTR___standard/L_T1_GTR___zabuton_,,,,,L_T1_GTR03_33000001,,,,44,25,45,522445000000525452000000353550000007434320000000234430000000243340000000,,00000173,,,,,,,,17,17,0,9,9,173,,532543235224454424545343253325344425,ABCADBCBACCDDADDCDADABDBCABBCABDDDCA,ABACBDBCACCDADDDCDADABBDACBBACBDDDAC,,,0,173,,,,,L_T1_GTR___standard,,,,,L_T1_GTR03_33000001,,,
96736,35,,,,,,,,,44,25,45,533433400000535425520000252420000007325540000000424300000000443000000000,,00000167,,,,,,,,17,17,0,8,8,167,,532543235224454424545343253325344425,ABCADBCBACCDDADDCDADABDBCABBCABDDDCA,ABACBDBCACCDADDDCDADABBDACBBACBDDDAC,,,0,167,,,,,L_T1_GTR___standard/L_T1_GTR___zabuton_,,,,,L_T1_GTR03_33000001,,,,25,45,45,522445000000525452000000353550000007434320000000234430000000243344400000,,00000180,,,,,,,,18,18,0,7,7,180,,53254323522445442454534325332534442545,ABCADBCBACCDDADDCDADABDBCABBCABDDDCADA,ABACBDBCACCDADDDCDADABBDACBBACBDDDACAD,,,0,180,,,,,L_T1_GTR___standard,,,,,L_T1_GTR03_33000001,,,
96750,36,,,,,,,,,25,45,45,533433400000535425520000252420000007325544400000424300000000443000000000,,00000174,,,,,,,,18,18,0,7,7,174,,53254323522445442454534325332534442545,ABCADBCBACCDDADDCDADABDBCABBCABDDDCADA,ABACBDBCACCDADDDCDADABBDACBBACBDDDACAD,,,0,174,,,,,L_T1_GTR___standard/L_T1_GTR___zabuton_,,,,,L_T1_GTR03_33000001,,,,25,45,45,522445000000525452000000353550000007434320000000234430000000243344400000,,00000180,,,,,,,,18,18,0,7,7,180,,53254323522445442454534325332534442545,ABCADBCBACCDDADDCDADABDBCABBCABDDDCADA,ABACBDBCACCDADDDCDADABBDACBBACBDDDACAD,,,0,180,,,,,L_T1_GTR___standard,,,,,L_T1_GTR03_33000001,,,
96776,37,,,,,,,,,25,45,45,533433400000535425520000252420000007325544400000424300000000443000000000,,00000174,,,,,,,,18,18,0,7,7,174,,53254323522445442454534325332534442545,ABCADBCBACCDDADDCDADABDBCABBCABDDDCADA,ABACBDBCACCDADDDCDADABBDACBBACBDDDACAD,,,0,174,,,,,L_T1_GTR___standard/L_T1_GTR___zabuton_,,,,,L_T1_GTR03_33000001,,,,45,45,54,522445000000525452000000353552500007434320000000234430000000243344400000,,00000188,,,,,,,,19,19,0,8,8,188,,5325432352244544245453432533253444254545,ABCADBCBACCDDADDCDADABDBCABBCABDDDCADADA,ABACBDBCACCDADDDCDADABBDACBBACBDDDACADAD,,,0,188,,,,,L_T1_GTR___standard,,,,,L_T1_GTR03_33000001,,,
96796,38,,,,,,,,,45,45,54,533433400000535425520000252420000007325544400000424352000000443000000000,,00000182,,,,,,,,19,19,0,8,8,182,,5325432352244544245453432533253444254545,ABCADBCBACCDDADDCDADABDBCABBCABDDDCADADA,ABACBDBCACCDADDDCDADABBDACBBACBDDDACADAD,,,0,182,,,,,L_T1_GTR___standard/L_T1_GTR___zabuton_,,,,,L_T1_GTR03_33000001,,,,45,45,54,522445000000525452000000353552500007434320000000234430000000243344400000,,00000188,,,,,,,,19,19,0,8,8,188,,5325432352244544245453432533253444254545,ABCADBCBACCDDADDCDADABDBCABBCABDDDCADADA,ABACBDBCACCDADDDCDADABBDACBBACBDDDACADAD,,,0,188,,,,,L_T1_GTR___standard,,,,,L_T1_GTR03_33000001,,,
96818,39,,,,,,,,,45,45,54,533433400000535425520000252420000007325544400000424352000000443000000000,,00000182,,,,,,,,19,19,0,8,8,182,,5325432352244544245453432533253444254545,ABCADBCBACCDDADDCDADABDBCABBCABDDDCADADA,ABACBDBCACCDADDDCDADABBDACBBACBDDDACADAD,,,0,182,,,,,L_T1_GTR___standard/L_T1_GTR___zabuton_,,,,,L_T1_GTR03_33000001,,,,45,54,43,522445400000525452500000353552500007434320000000234430000000243344400000,,00000195,,,,,,,,20,20,0,7,7,195,,532543235224454424545343253325344425454554,ABCADBCBACCDDADDCDADABDBCABBCABDDDCADADAAD,ABACBDBCACCDADDDCDADABBDACBBACBDDDACADADAD,,,0,195,,,,,L_T1_GTR___standard,,,,,L_T1_GTR03_33000001,,,
96857,40,,,,,,,,,,45,54,533433400000535425520000252420000007325544400000424352400000443500000000,,bb40abb1,,,,,,,,20,0,1,bb40abb1,40,222,,5325432352244544245453432533253444254545,ABCADBCBACCDDADDCDADABDBCABBCABDDDCADADA,ABACBDBCACCDADDDCDADABBDACBBACBDDDACADAD,,,1,222,,,,,L_T1_GTR___standard/L_T1_GTR___zabuton_,,,,,L_T1_GTR03_33000001,,,,45,54,43,522445400000525452500000353552500007434320000000234430000000243344400000,,00000195,,,,,,,,20,20,0,7,7,195,,532543235224454424545343253325344425454554,ABCADBCBACCDDADDCDADABDBCABBCABDDDCADADAAD,ABACBDBCACCDADDDCDADABBDACBBACBDDDACADADAD,,,0,195,,,,,L_T1_GTR___standard,,,,,L_T1_GTR03_33000001,,,
96859,41,,,,,,,,,,45,54,533433400000535425520000252420000007325544400000424352400000443500000000,,bb40abb1,,,,,,,,20,0,1,bb40abb1,40,222,,5325432352244544245453432533253444254545,ABCADBCBACCDDADDCDADABDBCABBCABDDDCADADA,ABACBDBCACCDADDDCDADABBDACBBACBDDDACADAD,,,1,222,,,,,L_T1_GTR___standard/L_T1_GTR___zabuton_,,,,,L_T1_GTR03_33000001,,,,54,43,33,522445400000525452500000353552500007434324500000234430000000243344400000,,00000203,,,,,,,,21,21,0,8,8,203,,53254323522445442454534325332534442545455443,ABCADBCBACCDDADDCDADABDBCABBCABDDDCADADAADDB,ABACBDBCACCDADDDCDADABBDACBBACBDDDACADADADBD,,,0,203,,,,,L_T1_GTR___standard,,,,,L_T1_GTR03_33000001,,,
96894,42,,,,,,,,,,45,54,533433400000535425520000252420000007325544400000424352400000443500000000,,bb40abb1,,,,,,,,20,0,1,bb40abb1,40,222,,5325432352244544245453432533253444254545,ABCADBCBACCDDADDCDADABDBCABBCABDDDCADADA,ABACBDBCACCDADDDCDADABBDACBBACBDDDACADAD,,,1,222,,,,,L_T1_GTR___standard/L_T1_GTR___zabuton_,,,,,L_T1_GTR03_33000001,,,,,43,33,522445400000525452500000353552500007434324500000234434500000243344400000,,bb90abb5,,,,,,,,22,0,1,bb90abb5,450,653,,53254323522445442454534325332534442545455443,ABCADBCBACCDDADDCDADABDBCABBCABDDDCADADAADDB,ABACBDBCACCDADDDCDADABBDACBBACBDDDACADADADBD,,,1,653,,,,,L_T1_GTR___standard,,,,,L_T1_GTR03_33000001,,,
96926,43,,,,,,,,,45,54,43,533433400000535425520000252420000007325500000000424352000000443500000000,,00000229,,,,,,,,21,1,0,7,7,229,,532543235224454424545343253325344425454554,ABCADBCBACCDDADDCDADABDBCABBCABDDDCADADAAD,ABACBDBCACCDADDDCDADABBDACBBACBDDDACADADAD,,,1,229,,,,,L_T1_GTR___standard/L_T1_GTR___zabuton_,,,,,L_T1_GTR03_33000001,,,,,43,33,522445400000525452500000353552500007434324500000234434500000243344400000,,bb90abb5,,,,,,,,22,0,1,bb90abb5,450,653,,53254323522445442454534325332534442545455443,ABCADBCBACCDDADDCDADABDBCABBCABDDDCADADAADDB,ABACBDBCACCDADDDCDADABBDACBBACBDDDACADADADBD,,,1,653,,,,,L_T1_GTR___standard,,,,,L_T1_GTR03_33000001,,,
96960,44,,,,,,,,,45,54,43,533433400000535425520000252420000007325500000000424352000000443500000000,,00000229,,,,,,,,21,1,0,7,7,229,,532543235224454424545343253325344425454554,ABCADBCBACCDDADDCDADABDBCABBCABDDDCADADAAD,ABACBDBCACCDADDDCDADABBDACBBACBDDDACADADAD,,,1,229,,,,,L_T1_GTR___standard/L_T1_GTR___zabuton_,,,,,L_T1_GTR03_33000001,,,,43,33,53,522445400000525452000000353552000007434320000000234430000000243300000000,,00000660,,,,,,,,23,1,0,7,7,660,,5325432352244544245453432533253444254545544333,ABCADBCBACCDDADDCDADABDBCABBCABDDDCADADAADDBBB,ABACBDBCACCDADDDCDADABBDACBBACBDDDACADADADBDBB,,,1,660,,,,,L_T1_GTR___standard,,,,,L_T1_GTR03_33000001,,,
96964,45,,,,,,,,,54,43,33,533433400000535425520000252425400007325500000000424352000000443500000000,,00000236,,,,,,,,22,2,0,7,7,236,,53254323522445442454534325332534442545455443,ABCADBCBACCDDADDCDADABDBCABBCABDDDCADADAADDB,ABACBDBCACCDADDDCDADABBDACBBACBDDDACADADADBD,,,1,236,,,,,L_T1_GTR___standard/L_T1_GTR___zabuton_,,,,,L_T1_GTR03_33000001,,,,43,33,53,522445400000525452000000353552000007434320000000234430000000243300000000,,00000660,,,,,,,,23,1,0,7,7,660,,5325432352244544245453432533253444254545544333,ABCADBCBACCDDADDCDADABDBCABBCABDDDCADADAADDBBB,ABACBDBCACCDADDDCDADABBDACBBACBDDDACADADADBDBB,,,1,660,,,,,L_T1_GTR___standard,,,,,L_T1_GTR03_33000001,,,
97006,46,,,,,,,,,54,43,33,533433400000535425520000252425400007325500000000424352000000443500000000,,00000236,,,,,,,,22,2,0,7,7,236,,53254323522445442454534325332534442545455443,ABCADBCBACCDDADDCDADABDBCABBCABDDDCADADAADDB,ABACBDBCACCDADDDCDADABBDACBBACBDDDACADADADBD,,,1,236,,,,,L_T1_GTR___standard/L_T1_GTR___zabuton_,,,,,L_T1_GTR03_33000001,,,,33,53,25,522445400000525452000000353552000007434320000000234433400000243300000000,,00000667,,,,,,,,24,2,0,7,7,667,,532543235224454424545343253325344425454554433353,ABCADBCBACCDDADDCDADABDBCABBCABDDDCADADAADDBBBAB,ABACBDBCACCDADDDCDADABBDACBBACBDDDACADADADBDBBAB,,,1,667,,,,,L_T1_GTR___standard,,,,,L_T1_GTR03_33000001,,,
97044,47,,,,,,,,,54,43,33,533433400000535425520000252425400007325500000000424352000000443500000000,,00000236,,,,,,,,22,2,0,7,7,236,,53254323522445442454534325332534442545455443,ABCADBCBACCDDADDCDADABDBCABBCABDDDCADADAADDB,ABACBDBCACCDADDDCDADABBDACBBACBDDDACADADADBD,,,1,236,,,,,L_T1_GTR___standard/L_T1_GTR___zabuton_,,,,,L_T1_GTR03_33000001,,,,53,25,52,522445400000525452300000353552300007434320000000234433400000243300000000,,00000674,,,,,,,,25,3,0,7,7,674,,53254323522445442454534325332534442545455443335325,ABCADBCBACCDDADDCDADABDBCABBCABDDDCADADAADDBBBABCA,ABACBDBCACCDADDDCDADABBDACBBACBDDDACADADADBDBBABAC,,,1,674,,,,,L_T1_GTR___standard,,,,,L_T1_GTR03_33000001,,,
97046,48,,,,,,,,,43,33,53,533433460000535425526000252425445607325560000000424352600000443560000000,,00000241,,,,,,,,23,3,0,5,5,241,,5325432352244544245453432533253444254545544333,ABCADBCBACCDDADDCDADABDBCABBCABDDDCADADAADDBBB,ABACBDBCACCDADDDCDADABBDACBBACBDDDACADADADBDBB,,,1,241,,,,,L_T1_GTR___standard/L_T1_GTR___zabuton_,,,,,L_T1_GTR03_33000001,,,,53,25,52,522445400000525452300000353552300007434320000000234433400000243300000000,,00000674,,,,,,,,25,3,0,7,7,674,,53254323522445442454534325332534442545455443335325,ABCADBCBACCDDADDCDADABDBCABBCABDDDCADADAADDBBBABCA,ABACBDBCACCDADDDCDADABBDACBBACBDDDACADADADBDBBABAC,,,1,674,,,,,L_T1_GTR___standard,,,,,L_T1_GTR03_33000001,,,
97086,49,,,,,,,,,43,33,53,533433460000535425526000252425445607325560000000424352600000443560000000,,00000241,,,,,,,,23,3,0,5,5,241,,5325432352244544245453432533253444254545544333,ABCADBCBACCDDADDCDADABDBCABBCABDDDCADADAADDBBB,ABACBDBCACCDADDDCDADABBDACBBACBDDDACADADADBDBB,,,1,241,,,,,L_T1_GTR___standard/L_T1_GTR___zabuton_,,,,,L_T1_GTR03_33000001,,,,25,52,54,522445400000525452300000353552300007434325300000234433400000243300000000,,00000682,,,,,,,,26,4,0,8,8,682,,5325432352244544245453432533253444254545544333532552,ABCADBCBACCDDADDCDADABDBCABBCABDDDCADADAADDBBBABCAAC,ABACBDBCACCDADDDCDADABBDACBBACBDDDACADADADBDBBABACAC,,,1,682,,,,,L_T1_GTR___standard,,,,,L_T1_GTR03_33000001,,,
97092,50,,,,,,,,,33,53,25,533433460000535425526000252425445607325563400000424352600000443560000000,,00000248,,,,,,,,24,4,0,7,7,248,,532543235224454424545343253325344425454554433353,ABCADBCBACCDDADDCDADABDBCABBCABDDDCADADAADDBBBAB,ABACBDBCACCDADDDCDADABBDACBBACBDDDACADADADBDBBAB,,,1,248,,,,,L_T1_GTR___standard/L_T1_GTR___zabuton_,,,,,L_T1_GTR03_33000001,,,,25,52,54,522445400000525452300000353552300007434325300000234433400000243300000000,,00000682,,,,,,,,26,4,0,8,8,682,,5325432352244544245453432533253444254545544333532552,ABCADBCBACCDDADDCDADABDBCABBCABDDDCADADAADDBBBABCAAC,ABACBDBCACCDADDDCDADABBDACBBACBDDDACADADADBDBBABACAC,,,1,682,,,,,L_T1_GTR___standard,,,,,L_T1_GTR03_33000001,,,
97122,51,,,,,,,,,33,53,25,533433460000535425526000252425445607325563400000424352600000443560000000,,00000248,,,,,,,,24,4,0,7,7,248,,532543235224454424545343253325344425454554433353,ABCADBCBACCDDADDCDADABDBCABBCABDDDCADADAADDBBBAB,ABACBDBCACCDADDDCDADABBDACBBACBDDDACADADADBDBBAB,,,1,248,,,,,L_T1_GTR___standard/L_T1_GTR___zabuton_,,,,,L_T1_GTR03_33000001,,,,52,54,44,522445400000525452350000353552320007434325300000234433400000243300000000,,00000688,,,,,,,,27,5,0,6,6,688,,532543235224454424545343253325344425454554433353255254,ABCADBCBACCDDADDCDADABDBCABBCABDDDCADADAADDBBBABCAACAD,ABACBDBCACCDADDDCDADABBDACBBACBDDDACADADADBDBBABACACAD,,,1,688,,,,,L_T1_GTR___standard,,,,,L_T1_GTR03_33000001,,,
97136,52,,,,,,,,,53,25,52,533433460000535425526000252425445607325563400000424352600000443563300000,,00000255,,,,,,,,25,5,0,7,7,255,,53254323522445442454534325332534442545455443335325,ABCADBCBACCDDADDCDADABDBCABBCABDDDCADADAADDBBBABCA,ABACBDBCACCDADDDCDADABBDACBBACBDDDACADADADBDBBABAC,,,1,255,,,,,L_T1_GTR___standard/L_T1_GTR___zabuton_,,,,,L_T1_GTR03_33000001,,,,52,54,44,522445400000525452350000353552320007434325300000234433400000243300000000,,00000688,,,,,,,,27,5,0,6,6,688,,532543235224454424545343253325344425454554433353255254,ABCADBCBACCDDADDCDADABDBCABBCABDDDCADADAADDBBBABCAACAD,ABACBDBCACCDADDDCDADABBDACBBACBDDDACADADADBDBBABACACAD,,,1,688,,,,,L_T1_GTR___standard,,,,,L_T1_GTR03_33000001,,,
97158,53,,,,,,,,,53,25,52,533433460000535425526000252425445607325563400000424352600000443563300000,,00000255,,,,,,,,25,5,0,7,7,255,,53254323522445442454534325332534442545455443335325,ABCADBCBACCDDADDCDADABDBCABBCABDDDCADADAADDBBBABCA,ABACBDBCACCDADDDCDADABBDACBBACBDDDACADADADBDBBABAC,,,1,255,,,,,L_T1_GTR___standard/L_T1_GTR___zabuton_,,,,,L_T1_GTR03_33000001,,,,54,44,24,522445400000525452355000353552322007434325300000234433400000243300000000,,00000693,,,,,,,,28,6,0,5,5,693,,53254323522445442454534325332534442545455443335325525444,ABCADBCBACCDDADDCDADABDBCABBCABDDDCADADAADDBBBABCAACADDD,ABACBDBCACCDADDDCDADABBDACBBACBDDDACADADADBDBBABACACADDD,,,1,693,,,,,L_T1_GTR___standard,,,,,L_T1_GTR03_33000001,,,
97175,54,,,,,,,,,25,52,54,533433460000535425526000252425445607325563400000424352600000443563335000,,00000260,,,,,,,,26,6,0,5,5,260,,5325432352244544245453432533253444254545544333532552,ABCADBCBACCDDADDCDADABDBCABBCABDDDCADADAADDBBBABCAAC,ABACBDBCACCDADDDCDADABBDACBBACBDDDACADADADBDBBABACAC,,,1,260,,,,,L_T1_GTR___standard/L_T1_GTR___zabuton_,,,,,L_T1_GTR03_33000001,,,,54,44,24,522445400000525452355000353552322007434325300000234433400000243300000000,,00000693,,,,,,,,28,6,0,5,5,693,,53254323522445442454534325332534442545455443335325525444,ABCADBCBACCDDADDCDADABDBCABBCABDDDCADADAADDBBBABCAACADDD,ABACBDBCACCDADDDCDADABBDACBBACBDDDACADADADBDBBABACACADDD,,,1,693,,,,,L_T1_GTR___standard,,,,,L_T1_GTR03_33000001,,,
97195,55,,,,,,,,,25,52,54,533433460000535425526000252425445607325563400000424352600000443563335000,,00000260,,,,,,,,26,6,0,5,5,260,,5325432352244544245453432533253444254545544333532552,ABCADBCBACCDDADDCDADABDBCABBCABDDDCADADAADDBBBABCAAC,ABACBDBCACCDADDDCDADABBDACBBACBDDDACADADADBDBBABACAC,,,1,260,,,,,L_T1_GTR___standard/L_T1_GTR___zabuton_,,,,,L_T1_GTR03_33000001,,,,44,24,43,522445400000525452355000353552322007434325300000234433445000243300000000,,00000698,,,,,,,,29,7,0,5,5,698,,5325432352244544245453432533253444254545544333532552544424,ABCADBCBACCDDADDCDADABDBCABBCABDDDCADADAADDBBBABCAACADDDCD,ABACBDBCACCDADDDCDADABBDACBBACBDDDACADADADBDBBABACACADDDCD,,,1,698,,,,,L_T1_GTR___standard,,,,,L_T1_GTR03_33000001,,,
97238,56,,,,,,,,,52,54,44,533433460000535425526000252425445607325563400000424352650000443563335200,,00000264,,,,,,,,27,7,0,4,4,264,,532543235224454424545343253325344425454554433353255254,ABCADBCBACCDDADDCDADABDBCABBCABDDDCADADAADDBBBABCAACAD,ABACBDBCACCDADDDCDADABBDACBBACBDDDACADADADBDBBABACACAD,,,1,264,,,,,L_T1_GTR___standard/L_T1_GTR___zabuton_,,,,,L_T1_GTR03_33000001,,,,44,24,43,522445400000525452355000353552322007434325300000234433445000243300000000,,00000698,,,,,,,,29,7,0,5,5,698,,5325432352244544245453432533253444254545544333532552544424,ABCADBCBACCDDADDCDADABDBCABBCABDDDCADADAADDBBBABCAACADDDCD,ABACBDBCACCDADDDCDADABBDACBBACBDDDACADADADBDBBABACACADDDCD,,,1,698,,,,,L_T1_GTR___standard,,,,,L_T1_GTR03_33000001,,,
97242,57,,,,,,,,,52,54,44,533433460000535425526000252425445607325563400000424352650000443563335200,,00000264,,,,,,,,27,7,0,4,4,264,,532543235224454424545343253325344425454554433353255254,ABCADBCBACCDDADDCDADABDBCABBCABDDDCADADAADDBBBABCAACAD,ABACBDBCACCDADDDCDADABBDACBBACBDDDACADADADBDBBABACACAD,,,1,264,,,,,L_T1_GTR___standard/L_T1_GTR___zabuton_,,,,,L_T1_GTR03_33000001,,,,24,43,32,522445400000525452355000353552322007434325300000234433445000243344000000,,00000706,,,,,,,,30,8,0,8,8,706,,532543235224454424545343253325344425454554433353255254442443,ABCADBCBACCDDADDCDADABDBCABBCABDDDCADADAADDBBBABCAACADDDCDDB,ABACBDBCACCDADDDCDADABBDACBBACBDDDACADADADBDBBABACACADDDCDBD,,,1,706,,,,,L_T1_GTR___standard,,,,,L_T1_GTR03_33000001,,,
97276,58,,,,,,,,,54,44,24,533433460000535425526000252425445607325563400000424352655200443563335200,,00000269,,,,,,,,28,8,0,5,5,269,,53254323522445442454534325332534442545455443335325525444,ABCADBCBACCDDADDCDADABDBCABBCABDDDCADADAADDBBBABCAACADDD,ABACBDBCACCDADDDCDADABBDACBBACBDDDACADADADBDBBABACACADDD,,,1,269,,,,,L_T1_GTR___standard/L_T1_GTR___zabuton_,,,,,L_T1_GTR03_33000001,,,,24,43,32,522445400000525452355000353552322007434325300000234433445000243344000000,,00000706,,,,,,,,30,8,0,8,8,706,,532543235224454424545343253325344425454554433353255254442443,ABCADBCBACCDDADDCDADABDBCABBCABDDDCADADAADDBBBABCAACADDDCDDB,ABACBDBCACCDADDDCDADABBDACBBACBDDDACADADADBDBBABACACADDDCDBD,,,1,706,,,,,L_T1_GTR___standard,,,,,L_T1_GTR03_33000001,,,
97303,59,,,,,,,,,,44,24,533433460000535425526000252425445607325563445000424352655200443563335200,,bb90abb5,,,,,,,,29,0,1,bb90abb5,450,719,,53254323522445442454534325332534442545455443335325525444,ABCADBCBACCDDADDCDADABDBCABBCABDDDCADADAADDBBBABCAACADDD,ABACBDBCACCDADDDCDADABBDACBBACBDDDACADADADBDBBABACACADDD,,,1,719,,,,,L_T1_GTR___standard/L_T1_GTR___zabuton_,,,,,L_T1_GTR03_33000001,,,,24,43,32,522445400000525452355000353552322007434325300000234433445000243344000000,,00000706,,,,,,,,30,8,0,8,8,706,,532543235224454424545343253325344425454554433353255254442443,ABCADBCBACCDDADDCDADABDBCABBCABDDDCADADAADDBBBABCAACADDDCDDB,ABACBDBCACCDADDDCDADABBDACBBACBDDDACADADADBDBBABACACADDDCDBD,,,1,706,,,,,L_T1_GTR___standard,,,,,L_T1_GTR03_33000001,,,
97308,60,,,,,,,,,,44,24,533433460000535425526000252425445607325563445000424352655200443563335200,,bb90abb5,,,,,,,,29,0,1,bb90abb5,450,719,,53254323522445442454534325332534442545455443335325525444,ABCADBCBACCDDADDCDADABDBCABBCABDDDCADADAADDBBBABCAACADDD,ABACBDBCACCDADDDCDADABBDACBBACBDDDACADADADBDBBABACACADDD,,,1,719,,,,,L_T1_GTR___standard/L_T1_GTR___zabuton_,,,,,L_T1_GTR03_33000001,,,,43,32,32,522445400000525452355000353552322007434325300000234433445400243344200000,,00000710,,,,,,,,31,9,0,4,4,710,,53254323522445442454534325332534442545455443335325525444244332,ABCADBCBACCDDADDCDADABDBCABBCABDDDCADADAADDBBBABCAACADDDCDDBBC,ABACBDBCACCDADDDCDADABBDACBBACBDDDACADADADBDBBABACACADDDCDBDBC,,,1,710,,,,,L_T1_GTR___standard,,,,,L_T1_GTR03_33000001,,,
97333,61,,,,,,,,,,44,24,533433460000535425526000252425445607325563445000424352655200443563335200,,bb90abb5,,,,,,,,29,0,1,bb90abb5,450,719,,53254323522445442454534325332534442545455443335325525444,ABCADBCBACCDDADDCDADABDBCABBCABDDDCADADAADDBBBABCAACADDD,ABACBDBCACCDADDDCDADABBDACBBACBDDDACADADADBDBBABACACADDD,,,1,719,,,,,L_T1_GTR___standard/L_T1_GTR___zabuton_,,,,,L_T1_GTR03_33000001,,,,,32,32,522445400000525452355000353552322007434325334000234433445400243344200000,,bb40abb1,,,,,,,,32,0,1,bb40abb1,40,750,,53254323522445442454534325332534442545455443335325525444244332,ABCADBCBACCDDADDCDADABDBCABBCABDDDCADADAADDBBBABCAACADDDCDDBBC,ABACBDBCACCDADDDCDADABBDACBBACBDDDACADADADBDBBABACACADDDCDBDBC,,,1,750,,,,,L_T1_GTR___standard,,,,,L_T1_GTR03_33000001,,,
97397,62,,,,,,,,,44,24,43,533433460000535425520000252425000007325563000000424352200000443563332000,,00000724,,,,,,,,30,1,0,5,5,724,,5325432352244544245453432533253444254545544333532552544424,ABCADBCBACCDDADDCDADABDBCABBCABDDDCADADAADDBBBABCAACADDDCD,ABACBDBCACCDADDDCDADABBDACBBACBDDDACADADADBDBBABACACADDDCD,,,1,724,,,,,L_T1_GTR___standard/L_T1_GTR___zabuton_,,,,,L_T1_GTR03_33000001,,,,,32,32,522445400000525452355000353552322007434325334000234433445400243344200000,,bb40abb1,,,,,,,,32,0,1,bb40abb1,40,750,,53254323522445442454534325332534442545455443335325525444244332,ABCADBCBACCDDADDCDADABDBCABBCABDDDCADADAADDBBBABCAACADDDCDDBBC,ABACBDBCACCDADDDCDADABBDACBBACBDDDACADADADBDBBABACACADDDCDBDBC,,,1,750,,,,,L_T1_GTR___standard,,,,,L_T1_GTR03_33000001,,,
97414,63,,,,,,,,,44,24,43,533433460000535425520000252425000007325563000000424352200000443563332000,,00000724,,,,,,,,30,1,0,5,5,724,,5325432352244544245453432533253444254545544333532552544424,ABCADBCBACCDDADDCDADABDBCABBCABDDDCADADAADDBBBABCAACADDDCD,ABACBDBCACCDADDDCDADABBDACBBACBDDDACADADADBDBBABACACADDDCD,,,1,724,,,,,L_T1_GTR___standard/L_T1_GTR___zabuton_,,,,,L_T1_GTR03_33000001,,,,,32,32,522445400000525452550000353552220007434325400000234433445400243344200000,,bb40abb8,,,,,,,,33,0,2,bb40abb8,320,1070,,53254323522445442454534325332534442545455443335325525444244332,ABCADBCBACCDDADDCDADABDBCABBCABDDDCADADAADDBBBABCAACADDDCDDBBC,ABACBDBCACCDADDDCDADABBDACBBACBDDDACADADADBDBBABACACADDDCDBDBC,,,2,1070,,,,,L_T1_GTR___standard,,,,,L_T1_GTR03_33000001,,,
97434,64,,,,,,,,,24,43,32,533433460000535425520000252425400007325563400000424352200000443563332000,,00000731,,,,,,,,31,2,0,7,7,731,,532543235224454424545343253325344425454554433353255254442443,ABCADBCBACCDDADDCDADABDBCABBCABDDDCADADAADDBBBABCAACADDDCDDB,ABACBDBCACCDADDDCDADABBDACBBACBDDDACADADADBDBBABACACADDDCDBD,,,1,731,,,,,L_T1_GTR___standard/L_T1_GTR___zabuton_,,,,,L_T1_GTR03_33000001,,,,,32,32,522445400000525452550000353552220007434325400000234433445400243344200000,,bb40abb8,,,,,,,,33,0,2,bb40abb8,320,1070,,53254323522445442454534325332534442545455443335325525444244332,ABCADBCBACCDDADDCDADABDBCABBCABDDDCADADAADDBBBABCAACADDDCDDBBC,ABACBDBCACCDADDDCDADABBDACBBACBDDDACADADADBDBBABACACADDDCDBDBC,,,2,1070,,,,,L_T1_GTR___standard,,,,,L_T1_GTR03_33000001,,,
97472,65,,,,,,,,,43,32,32,533433464000535425522000252425400007325563400000424352200000443563332000,,00000736,,,,,,,,32,3,0,5,5,736,,53254323522445442454534325332534442545455443335325525444244332,ABCADBCBACCDDADDCDADABDBCABBCABDDDCADADAADDBBBABCAACADDDCDDBBC,ABACBDBCACCDADDDCDADABBDACBBACBDDDACADADADBDBBABACACADDDCDBDBC,,,1,736,,,,,L_T1_GTR___standard/L_T1_GTR___zabuton_,,,,,L_T1_GTR03_33000001,,,,,32,32,522445400000525452550000353552220007434325400000234433445400243344200000,,bb40abb8,,,,,,,,33,0,2,bb40abb8,320,1070,,53254323522445442454534325332534442545455443335325525444244332,ABCADBCBACCDDADDCDADABDBCABBCABDDDCADADAADDBBBABCAACADDDCDDBBC,ABACBDBCACCDADDDCDADABBDACBBACBDDDACADADADBDBBABACACADDDCDBDBC,,,2,1070,,,,,L_T1_GTR___standard,,,,,L_T1_GTR03_33000001,,,
97495,66,,,,,,,,,43,32,32,533433464000535425522000252425400007325563400000424352200000443563332000,,00000736,,,,,,,,32,3,0,5,5,736,,53254323522445442454534325332534442545455443335325525444244332,ABCADBCBACCDDADDCDADABDBCABBCABDDDCADADAADDBBBABCAACADDDCDDBBC,ABACBDBCACCDADDDCDADABBDACBBACBDDDACADADADBDBBABACACADDDCDBDBC,,,1,736,,,,,L_T1_GTR___standard/L_T1_GTR___zabuton_,,,,,L_T1_GTR03_33000001,,,,,32,32,522445400000525455500000353550000007434325400000234433445400243344200000,,bb60ab19,,,,,,,,34,0,3,bb60ab19,1140,2210,,53254323522445442454534325332534442545455443335325525444244332,ABCADBCBACCDDADDCDADABDBCABBCABDDDCADADAADDBBBABCAACADDDCDDBBC,ABACBDBCACCDADDDCDADABBDACBBACBDDDACADADADBDBBABACACADDDCDBDBC,,,3,2210,,,,,L_T1_GTR___standard,,,,,L_T1_GTR03_33000001,,,
97530,67,,,,,,,,,32,32,35,533433464000535425522300252425440007325563400000424352200000443563332000,,00000740,,,,,,,,33,4,0,4,4,740,,5325432352244544245453432533253444254545544333532552544424433232,ABCADBCBACCDDADDCDADABDBCABBCABDDDCADADAADDBBBABCAACADDDCDDBBCBC,ABACBDBCACCDADDDCDADABBDACBBACBDDDACADADADBDBBABACACADDDCDBDBCBC,,,1,740,,,,,L_T1_GTR___standard/L_T1_GTR___zabuton_,,,,,L_T1_GTR03_33000001,,,,,32,32,522445400000525455500000353550000007434325400000234433445400243344200000,,bb60ab19,,,,,,,,34,0,3,bb60ab19,1140,2210,,53254323522445442454534325332534442545455443335325525444244332,ABCADBCBACCDDADDCDADABDBCABBCABDDDCADADAADDBBBABCAACADDDCDDBBC,ABACBDBCACCDADDDCDADABBDACBBACBDDDACADADADBDBBABACACADDDCDBDBC,,,3,2210,,,,,L_T1_GTR___standard,,,,,L_T1_GTR03_33000001,,,
97562,68,,,,,,,,,32,35,25,533433464000535425522332252425440007325563400000424352200000443563332000,,00000743,,,,,,,,34,5,0,3,3,743,,532543235224454424545343253325344425454554433353255254442443323235,ABCADBCBACCDDADDCDADABDBCABBCABDDDCADADAADDBBBABCAACADDDCDDBBCBCBA,ABACBDBCACCDADDDCDADABBDACBBACBDDDACADADADBDBBABACACADDDCDBDBCBCAB,,,1,743,,,,,L_T1_GTR___standard/L_T1_GTR___zabuton_,,,,,L_T1_GTR03_33000001,,,,,32,32,522445400000525455500000353550000007434325400000234433445400243344200000,,bb60ab19,,,,,,,,34,0,3,bb60ab19,1140,2210,,53254323522445442454534325332534442545455443335325525444244332,ABCADBCBACCDDADDCDADABDBCABBCABDDDCADADAADDBBBABCAACADDDCDDBBC,ABACBDBCACCDADDDCDADABBDACBBACBDDDACADADADBDBBABACACADDDCDBDBC,,,3,2210,,,,,L_T1_GTR___standard,,,,,L_T1_GTR03_33000001,,,
97575,69,,,,,,,,,32,35,25,533433464000535425522332252425440007325563400000424352200000443563332000,,00000743,,,,,,,,34,5,0,3,3,743,,532543235224454424545343253325344425454554433353255254442443323235,ABCADBCBACCDDADDCDADABDBCABBCABDDDCADADAADDBBBABCAACADDDCDDBBCBCBA,ABACBDBCACCDADDDCDADABBDACBBACBDDDACADADADBDBBABACACADDDCDBDBCBCAB,,,1,743,,,,,L_T1_GTR___standard/L_T1_GTR___zabuton_,,,,,L_T1_GTR03_33000001,,,,,32,32,522444000000525400000000353000000007434325400000234433445400243344200000,,bb40ab32,,,,,,,,35,0,4,bb40ab32,1280,3490,,53254323522445442454534325332534442545455443335325525444244332,ABCADBCBACCDDADDCDADABDBCABBCABDDDCADADAADDBBBABCAACADDDCDDBBC,ABACBDBCACCDADDDCDADABBDACBBACBDDDACADADADBDBBABACACADDDCDBDBC,,,4,3490,,,,,L_T1_GTR___standard,,,,,L_T1_GTR03_33000001,,,
97600,70,,,,,,,,,35,25,52,533433464000535425522332252425440007325563400000424352223000443563332000,,00000748,,,,,,,,35,6,0,5,5,748,,53254323522445442454534325332534442545455443335325525444244332323525,ABCADBCBACCDDADDCDADABDBCABBCABDDDCADADAADDBBBABCAACADDDCDDBBCBCBACA,ABACBDBCACCDADDDCDADABBDACBBACBDDDACADADADBDBBABACACADDDCDBDBCBCABAC,,,1,748,,,,,L_T1_GTR___standard/L_T1_GTR___zabuton_,,,,,L_T1_GTR03_33000001,,,,,32,32,522444000000525400000000353000000007434325400000234433445400243344200000,,bb40ab32,,,,,,,,35,0,4,bb40ab32,1280,3490,,53254323522445442454534325332534442545455443335325525444244332,ABCADBCBACCDDADDCDADABDBCABBCABDDDCADADAADDBBBABCAACADDDCDDBBC,ABACBDBCACCDADDDCDADABBDACBBACBDDDACADADADBDBBABACACADDDCDBDBC,,,4,3490,,,,,L_T1_GTR___standard,,,,,L_T1_GTR03_33000001,,,
97632,71,,,,,,,,,25,52,33,533433464000535425522332252425445307325563400000424352223000443563332000,,00000752,,,,,,,,36,7,0,4,4,752,,5325432352244544245453432533253444254545544333532552544424433232352552,ABCADBCBACCDDADDCDADABDBCABBCABDDDCADADAADDBBBABCAACADDDCDDBBCBCBACAAC,ABACBDBCACCDADDDCDADABBDACBBACBDDDACADADADBDBBABACACADDDCDBDBCBCABACAC,,,1,752,,,,,L_T1_GTR___standard/L_T1_GTR___zabuton_,,,,,L_T1_GTR03_33000001,,,,,32,32,522444000000525400000000353000000007434325400000234433445400243344200000,,bb40ab32,,,,,,,,35,0,4,bb40ab32,1280,3490,,53254323522445442454534325332534442545455443335325525444244332,ABCADBCBACCDDADDCDADABDBCABBCABDDDCADADAADDBBBABCAACADDDCDDBBC,ABACBDBCACCDADDDCDADABBDACBBACBDDDACADADADBDBBABACACADDDCDBDBC,,,4,3490,,,,,L_T1_GTR___standard,,,,,L_T1_GTR03_33000001,,,
97640,72,,,,,,,,,25,52,33,533433464000535425522332252425445307325563400000424352223000443563332000,,00000752,,,,,,,,36,7,0,4,4,752,,5325432352244544245453432533253444254545544333532552544424433232352552,ABCADBCBACCDDADDCDADABDBCABBCABDDDCADADAADDBBBABCAACADDDCDDBBCBCBACAAC,ABACBDBCACCDADDDCDADABBDACBBACBDDDACADADADBDBBABACACADDDCDBDBCBCABACAC,,,1,752,,,,,L_T1_GTR___standard/L_T1_GTR___zabuton_,,,,,L_T1_GTR03_33000001,,,,32,32,35,522000000000525000000000353000000007434325400000234433445400243344200000,,00003495,,,,,,,,36,1,0,5,5,3495,,5325432352244544245453432533253444254545544333532552544424433232,ABCADBCBACCDDADDCDADABDBCABBCABDDDCADADAADDBBBABCAACADDDCDDBBCBC,ABACBDBCACCDADDDCDADABBDACBBACBDDDACADADADBDBBABACACADDDCDBDBCBC,,,4,3495,,,,,L_T1_GTR___standard,,,,,L_T1_GTR03_33000001,,,
97708,73,,,,,,,,,25,52,33,533433464000535425522332252425445307325563400000424352223000443563332000,,00000752,,,,,,,,36,7,0,4,4,752,,5325432352244544245453432533253444254545544333532552544424433232352552,ABCADBCBACCDDADDCDADABDBCABBCABDDDCADADAADDBBBABCAACADDDCDDBBCBCBACAAC,ABACBDBCACCDADDDCDADABBDACBBACBDDDACADADADBDBBABACACADDDCDBDBCBCABACAC,,,1,752,,,,,L_T1_GTR___standard/L_T1_GTR___zabuton_,,,,,L_T1_GTR03_33000001,,,,32,35,25,522000000000525200000000353300000007434325400000234433445400243344200000,,00003504,,,,,,,,37,2,0,9,9,3504,,532543235224454424545343253325344425454554433353255254442443323235,ABCADBCBACCDDADDCDADABDBCABBCABDDDCADADAADDBBBABCAACADDDCDDBBCBCBA,ABACBDBCACCDADDDCDADABBDACBBACBDDDACADADADBDBBABACACADDDCDBDBCBCAB,,,4,3504,,,,,L_T1_GTR___standard/L_T1_GTR___mahara__,,,,,L_T1_GTR03_33000001,,,
97720,74,,,,,,,,,,52,33,533433464666535425522332252425425366325563466666424352223526443563332666,,00000755,,,,,lose,,,37,7,0,3,3,755,,5325432352244544245453432533253444254545544333532552544424433232352552,ABCADBCBACCDDADDCDADABDBCABBCABDDDCADADAADDBBBABCAACADDDCDDBBCBCBACAAC,ABACBDBCACCDADDDCDADABBDACBBACBDDDACADADADBDBBABACACADDDCDBDBCBCABACAC,,,1,755,,,,,L_T1_GTR___standard/L_T1_GTR___zabuton_,,,,,L_T1_GTR03_33000001,,,,32,35,25,522000000000525200000000353300000007434325400000234433445400243344200000,,00003504,,,,,,,,37,2,0,9,9,3504,,532543235224454424545343253325344425454554433353255254442443323235,ABCADBCBACCDDADDCDADABDBCABBCABDDDCADADAADDBBBABCAACADDDCDDBBCBCBA,ABACBDBCACCDADDDCDADABBDACBBACBDDDACADADADBDBBABACACADDDCDBDBCBCAB,,,4,3504,,,,,L_T1_GTR___standard/L_T1_GTR___mahara__,,,,,L_T1_GTR03_33000001,,,
97734,74,,,,,,,,,,52,33,533433464666535425522332252425425366325563466666424352223526443563332666,,00000755,,,,,lose,,,37,7,0,3,3,755,,5325432352244544245453432533253444254545544333532552544424433232352552,ABCADBCBACCDDADDCDADABDBCABBCABDDDCADADAADDBBBABCAACADDDCDDBBCBCBACAAC,ABACBDBCACCDADDDCDADABBDACBBACBDDDACADADADBDBBABACACADDDCDBDBCBCABACAC,,,1,755,,,,,L_T1_GTR___standard/L_T1_GTR___zabuton_,,,,,L_T1_GTR03_33000001,,,,,35,25,522000000000525200000000353300000007434325400000234433445400243344223000,,00003509,,,,,win,,,38,2,0,5,5,3509,,532543235224454424545343253325344425454554433353255254442443323235,ABCADBCBACCDDADDCDADABDBCABBCABDDDCADADAADDBBBABCAACADDDCDDBBCBCBA,ABACBDBCACCDADDDCDADABBDACBBACBDDDACADADADBDBBABACACADDDCDBDBCBCAB,,,4,3509,,,,,L_T1_GTR___standard/L_T1_GTR___mahara__,,,,,L_T1_GTR03_33000001,,,
