92714,0,,,,,,,,,,51,45,000000000000000000000000000000000007000000000000000000000000000000000000,000000,00000000,,,,,,,,0,0,0,0,0,0,,51,AB,AB,,,0,0,,,,,,,,,,,,,,,51,45,000000000000000000000000000000000007000000000000000000000000000000000000,000000,00000000,,,,,,,,0,0,0,0,0,0,,51,AB,AB,,,0,0,,,,,,,,,,,,,
92750,1,,,,,,,,,51,51,45,000000000000000000000000000000000007000000000000000000000000000000000000,,00000000,,,,,,,,1,1,0,0,0,0,,5151,ABAB,ABAB,,,0,0,,,,,,,,,,,,,,,51,45,000000000000000000000000000000000007000000000000000000000000000000000000,000000,00000000,,,,,,,,0,0,0,0,0,0,,51,AB,AB,,,0,0,,,,,,,,,,,,,
92864,3,,,,,,,,,51,45,55,000000000000000000000000000000000007000000000000000000000000000000000000,,00000000,,,,,,,,2,2,0,0,0,0,,515145,ABABCA,ABABAC,,,0,0,,,,,,,,,,,,,,51,45,55,000000000000000000000000000000000007000000000000000000000000000000000000,,00000000,,,,,,,,1,1,0,0,0,0,,5145,ABCA,ABAC,,,0,0,,,,,,,,,,,,,
92916,4,,,,,,,,,51,45,55,000000000000000000000000000000000007000000000000000000000000000000000000,,00000000,,,,,,,,2,2,0,0,0,0,,515145,ABABCA,ABABAC,,,0,0,,,,,,,,,,,,,,45,55,42,000000000000500000000000100000000007000000000000000000000000000000000000,,00000013,,,,,,,,2,2,0,13,13,13,,514555,ABCAAA,ABACAA,,,0,13,,,,,,,,,,,,,
92918,5,,,,,,,,,45,55,42,510000000000000000000000000000000007000000000000000000000000000000000000,,00000013,,,,,,,,3,3,0,13,13,13,,51514555,ABABCAAA,ABABACAA,,,0,13,,,,,,,,,,,,,,45,55,42,000000000000500000000000100000000007000000000000000000000000000000000000,,00000013,,,,,,,,2,2,0,13,13,13,,514555,ABCAAA,ABACAA,,,0,13,,,,,,,,,,,,,
92968,7,,,,,,,,,55,42,21,510000000000500000000000400000000007000000000000000000000000000000000000,,00000026,,,,,,,,4,4,0,13,13,26,,5151455542,ABABCAAACD,ABABACAACD,,,0,26,,,,,,,,,,,,,,55,42,21,540000000000500000000000100000000007000000000000000000000000000000000000,,00000025,,,,,,,,3,3,0,12,12,25,,51455542,ABCAAACD,ABACAACD,,,0,25,,,,,,,,,,,,,
93019,8,,,,,,,,,42,21,52,510000000000500000000000400000000007500000000000500000000000000000000000,,00000039,,,,,,,,5,5,0,13,13,39,,515145554221,ABABCAAACDDB,ABABACAACDBD,,,0,39,,,,,,,,,,L_T1_GTR03_41100002,,,,55,42,21,540000000000500000000000100000000007000000000000000000000000000000000000,,00000025,,,,,,,,3,3,0,12,12,25,,51455542,ABCAAACD,ABACAACD,,,0,25,,,,,,,,,,,,,
93036,9,,,,,,,,,42,21,52,510000000000500000000000400000000007500000000000500000000000000000000000,,00000039,,,,,,,,5,5,0,13,13,39,,515145554221,ABABCAAACDDB,ABABACAACDBD,,,0,39,,,,,,,,,,L_T1_GTR03_41100002,,,,42,21,52,540000000000500000000000150000000007500000000000000000000000000000000000,,00000037,,,,,,,,4,4,0,12,12,37,,5145554221,ABCAAACDDB,ABACAACDBD,,,0,37,,,,,,,,,,L_T1_GTR03_41100003,,,
93072,10,,,,,,,,,21,52,55,510000000000500000000000400000000007542000000000500000000000000000000000,,00000051,,,,,,,,6,6,0,12,12,51,,51514555422152,ABABCAAACDDBAD,ABABACAACDBDAD,,,0,51,,,,,,,,,,L_T1_GTR03_41100002,,,,42,21,52,540000000000500000000000150000000007500000000000000000000000000000000000,,00000037,,,,,,,,4,4,0,12,12,37,,5145554221,ABCAAACDDB,ABACAACDBD,,,0,37,,,,,,,,,,L_T1_GTR03_41100003,,,
93086,11,,,,,,,,,21,52,55,510000000000500000000000400000000007542000000000500000000000000000000000,,00000051,,,,,,,,6,6,0,12,12,51,,51514555422152,ABABCAAACDDBAD,ABABACAACDBDAD,,,0,51,,,,,,,,,,L_T1_GTR03_41100002,,,,21,52,55,544200000000500000000000150000000007500000000000000000000000000000000000,,00000048,,,,,,,,5,5,0,11,11,48,,514555422152,ABCAAACDDBAD,ABACAACDBDAD,,,0,48,,,,,,,,,,L_T1_GTR03_22110002,,,
93120,12,,,,,,,,,52,55,41,511200000000500000000000400000000007542000000000500000000000000000000000,,00000061,,,,,,,,7,7,0,10,10,61,,5151455542215255,ABABCAAACDDBADAA,ABABACAACDBDADAA,,,0,61,,,,,,,,,,L_T1_GTR03_22110002,,,,21,52,55,544200000000500000000000150000000007500000000000000000000000000000000000,,00000048,,,,,,,,5,5,0,11,11,48,,514555422152,ABCAAACDDBAD,ABACAACDBDAD,,,0,48,,,,,,,,,,L_T1_GTR03_22110002,,,
93129,13,,,,,,,,,52,55,41,511200000000500000000000400000000007542000000000500000000000000000000000,,00000061,,,,,,,,7,7,0,10,10,61,,5151455542215255,ABABCAAACDDBADAA,ABABACAACDBDADAA,,,0,61,,,,,,,,,,L_T1_GTR03_22110002,,,,52,55,41,544200000000500000000000151200000007500000000000000000000000000000000000,,00000058,,,,,,,,6,6,0,10,10,58,,51455542215255,ABCAAACDDBADAA,ABACAACDBDADAA,,,0,58,,,,,,,,,,L_T1_GTR03_22110002,,,
93176,14,,,,,,,,,55,41,44,511200000000500000000000400000000007542000000000500000000000520000000000,,00000074,,,,,,,,8,8,0,13,13,74,,515145554221525541,ABABCAAACDDBADAACB,ABABACAACDBDADAABC,,,0,74,,,,,,,,,,L_T1_GTR03_22110002,,,,52,55,41,544200000000500000000000151200000007500000000000000000000000000000000000,,00000058,,,,,,,,6,6,0,10,10,58,,51455542215255,ABCAAACDDBADAA,ABACAACDBDADAA,,,0,58,,,,,,,,,,L_T1_GTR03_22110002,,,
93183,15,,,,,,,,,55,41,44,511200000000500000000000400000000007542000000000500000000000520000000000,,00000074,,,,,,,,8,8,0,13,13,74,,515145554221525541,ABABCAAACDDBADAACB,ABABACAACDBDADAABC,,,0,74,,,,,,,,,,L_T1_GTR03_22110002,,,,55,41,44,544200000000500000000000151200000007500000000000500000000000200000000000,,00000071,,,,,,,,7,7,0,13,13,71,,5145554221525541,ABCAAACDDBADAACB,ABACAACDBDADAABC,,,0,71,,,,,,,,,,L_T1_GTR03_51000001/L_T1_GTR03_22110002,,,
93236,16,,,,,,,,,55,41,44,511200000000500000000000400000000007542000000000500000000000520000000000,,00000074,,,,,,,,8,8,0,13,13,74,,515145554221525541,ABABCAAACDDBADAACB,ABABACAACDBDADAABC,,,0,74,,,,,,,,,,L_T1_GTR03_22110002,,,,41,44,22,544200000000500000000000151200000007500000000000500000000000255000000000,,00000082,,,,,,,,8,8,0,11,11,82,,514555422152554144,ABCAAACDDBADAACBCC,ABACAACDBDADAABCCC,,,0,82,,,,,,,,,,L_T1_GTR03_51000001/L_T1_GTR03_22110002,,,
93244,17,,,,,,,,,41,44,22,511200000000500000000000450000000007542500000000500000000000520000000000,,00000085,,,,,,,,9,9,0,11,11,85,,51514555422152554144,ABABCAAACDDBADAACBCC,ABABACAACDBDADAABCCC,,,0,85,,,,,,,,,,L_T1_GTR03_22110002,,,,41,44,22,544200000000500000000000151200000007500000000000500000000000255000000000,,00000082,,,,,,,,8,8,0,11,11,82,,514555422152554144,ABCAAACDDBADAACBCC,ABACAACDBDADAABCCC,,,0,82,,,,,,,,,,L_T1_GTR03_51000001/L_T1_GTR03_22110002,,,
93284,18,,,,,,,,,41,44,22,511200000000500000000000450000000007542500000000500000000000520000000000,,00000085,,,,,,,,9,9,0,11,11,85,,51514555422152554144,ABABCAAACDDBADAACBCC,ABABACAACDBDADAABCCC,,,0,85,,,,,,,,,,L_T1_GTR03_22110002,,,,44,22,45,544200000000500000000000151200000007514000000000500000000000255000000000,,00000093,,,,,,,,9,9,0,11,11,93,,51455542215255414422,ABCAAACDDBADAACBCCDD,ABACAACDBDADAABCCCDD,,,0,93,,,,,,,,,,L_T1_GTR03_51000001/L_T1_GTR03_22110002,,,
93308,19,,,,,,,,,44,22,45,511200000000510000000000454000000007542500000000500000000000520000000000,,00000095,,,,,,,,10,10,0,10,10,95,,5151455542215255414422,ABABCAAACDDBADAACBCCDD,ABABACAACDBDADAABCCCDD,,,0,95,,,,,,,,,,,,,,44,22,45,544200000000500000000000151200000007514000000000500000000000255000000000,,00000093,,,,,,,,9,9,0,11,11,93,,51455542215255414422,ABCAAACDDBADAACBCCDD,ABACAACDBDADAABCCCDD,,,0,93,,,,,,,,,,L_T1_GTR03_51000001/L_T1_GTR03_22110002,,,
93356,20,,,,,,,,,44,22,45,511200000000510000000000454000000007542500000000500000000000520000000000,,00000095,,,,,,,,10,10,0,10,10,95,,5151455542215255414422,ABABCAAACDDBADAACBCCDD,ABABACAACDBDADAABCCCDD,,,0,95,,,,,,,,,,,,,,22,45,25,544240000000540000000000151200000007514000000000500000000000255000000000,,00000102,,,,,,,,10,10,0,9,9,102,,5145554221525541442245,ABCAAACDDBADAACBCCDDCA,ABACAACDBDADAABCCCDDAC,,,0,102,,,,,,,,,,L_T1_GTR03_51000001,,,
93360,21,,,,,,,,,22,45,25,511200000000510000000000454000000007542500000000544000000000520000000000,,00000106,,,,,,,,11,11,0,11,11,106,,515145554221525541442245,ABABCAAACDDBADAACBCCDDCA,ABABACAACDBDADAABCCCDDAC,,,0,106,,,,,,,,,,,,,,22,45,25,544240000000540000000000151200000007514000000000500000000000255000000000,,00000102,,,,,,,,10,10,0,9,9,102,,5145554221525541442245,ABCAAACDDBADAACBCCDDCA,ABACAACDBDADAABCCCDDAC,,,0,102,,,,,,,,,,L_T1_GTR03_51000001,,,
93404,22,,,,,,,,,22,45,25,511200000000510000000000454000000007542500000000544000000000520000000000,,00000106,,,,,,,,11,11,0,11,11,106,,515145554221525541442245,ABABCAAACDDBADAACBCCDDCA,ABABACAACDBDADAABCCCDDAC,,,0,106,,,,,,,,,,,,,,45,25,54,544240000000540000000000151200000007514000000000500000000000255220000000,,00000111,,,,,,,,11,11,0,9,9,111,,514555422152554144224525,ABCAAACDDBADAACBCCDDCADA,ABACAACDBDADAABCCCDDACAD,,,0,111,,,,,,,,,,L_T1_GTR03_51000001,,,
93429,23,,,,,,,,,45,25,54,511200000000510000000000454000000007542500000000544200000000522000000000,,00000116,,,,,,,,12,12,0,10,10,116,,51514555422152554144224525,ABABCAAACDDBADAACBCCDDCADA,ABABACAACDBDADAABCCCDDACAD,,,0,116,,,,,,,,,,,,,,45,25,54,544240000000540000000000151200000007514000000000500000000000255220000000,,00000111,,,,,,,,11,11,0,9,9,111,,514555422152554144224525,ABCAAACDDBADAACBCCDDCADA,ABACAACDBDADAABCCCDDACAD,,,0,111,,,,,,,,,,L_T1_GTR03_51000001,,,
93446,24,,,,,,,,,45,25,54,511200000000510000000000454000000007542500000000544200000000522000000000,,00000116,,,,,,,,12,12,0,10,10,116,,51514555422152554144224525,ABABCAAACDDBADAACBCCDDCADA,ABABACAACDBDADAABCCCDDACAD,,,0,116,,,,,,,,,,,,,,25,54,55,544240000000540000000000151245000007514000000000500000000000255220000000,,00000120,,,,,,,,12,12,0,9,9,120,,51455542215255414422452554,ABCAAACDDBADAACBCCDDCADAAC,ABACAACDBDADAABCCCDDACADAC,,,0,120,,,,,,,,,,L_T1_GTR03_51000001,,,
93478,25,,,,,,,,,25,54,55,511200000000510000000000454000000007542500000000544200000000522540000000,,00000125,,,,,,,,13,13,0,9,9,125,,5151455542215255414422452554,ABABCAAACDDBADAACBCCDDCADAAC,ABABACAACDBDADAABCCCDDACADAC,,,0,125,,,,,,,,,,R_T1_GTR03_22110002,,,,25,54,55,544240000000540000000000151245000007514000000000500000000000255220000000,,00000120,,,,,,,,12,12,0,9,9,120,,51455542215255414422452554,ABCAAACDDBADAACBCCDDCADAAC,ABACAACDBDADAABCCCDDACADAC,,,0,120,,,,,,,,,,L_T1_GTR03_51000001,,,
93492,26,,,,,,,,,25,54,55,511200000000510000000000454000000007542500000000544200000000522540000000,,00000125,,,,,,,,13,13,0,9,9,125,,5151455542215255414422452554,ABABCAAACDDBADAACBCCDDCADAAC,ABABACAACDBDADAABCCCDDACADAC,,,0,125,,,,,,,,,,R_T1_GTR03_22110002,,,,54,55,15,544240000000545200000000151245000007514000000000500000000000255220000000,,00000130,,,,,,,,13,13,0,10,10,130,,5145554221525541442245255455,ABCAAACDDBADAACBCCDDCADAACAA,ABACAACDBDADAABCCCDDACADACAA,,,0,130,,,,,L_T1_GTR___standard/L_T1_GTR___zabuton_,,,,,L_T1_GTR03_51000001/L_T1_GTR03_33000001,,,
93524,27,,,,,,,,,54,55,15,511200000000515200000000454000000007542500000000544200000000522540000000,,00000136,,,,,,,,14,14,0,11,11,136,,515145554221525541442245255455,ABABCAAACDDBADAACBCCDDCADAACAA,ABABACAACDBDADAABCCCDDACADACAA,,,0,136,,,,,L_T1_GTR___standard,,,,,L_T1_GTR03_33000001/R_T1_GTR03_22110002,,,,54,55,15,544240000000545200000000151245000007514000000000500000000000255220000000,,00000130,,,,,,,,13,13,0,10,10,130,,5145554221525541442245255455,ABCAAACDDBADAACBCCDDCADAACAA,ABACAACDBDADAABCCCDDACADACAA,,,0,130,,,,,L_T1_GTR___standard/L_T1_GTR___zabuton_,,,,,L_T1_GTR03_51000001/L_T1_GTR03_33000001,,,
93534,28,,,,,,,,,54,55,15,511200000000515200000000454000000007542500000000544200000000522540000000,,00000136,,,,,,,,14,14,0,11,11,136,,515145554221525541442245255455,ABABCAAACDDBADAACBCCDDCADAACAA,ABABACAACDBDADAABCCCDDACADACAA,,,0,136,,,,,L_T1_GTR___standard,,,,,L_T1_GTR03_33000001/R_T1_GTR03_22110002,,,,55,15,42,544240000000545245000000151245000007514000000000500000000000255220000000,,00000138,,,,,,,,14,14,0,8,8,138,,514555422152554144224525545515,ABCAAACDDBADAACBCCDDCADAACAABA,ABACAACDBDADAABCCCDDACADACAAAB,,,0,138,,,,,L_T1_GTR___standard/L_T1_GTR___zabuton_,,,,,L_T1_GTR03_51000001/L_T1_GTR03_33000001,,,
93568,29,,,,,,,,,55,15,42,511200000000515200000000454000000007542550000000544240000000522540000000,,00000144,,,,,,,,15,15,0,8,8,144,,51514555422152554144224525545515,ABABCAAACDDBADAACBCCDDCADAACAABA,ABABACAACDBDADAABCCCDDACADACAAAB,,,0,144,,,,,L_T1_GTR___standard,,,,,L_T1_GTR03_33000001/R_T1_GTR03_22110002,,,,55,15,42,544240000000545245000000151245000007514000000000500000000000255220000000,,00000138,,,,,,,,14,14,0,8,8,138,,514555422152554144224525545515,ABCAAACDDBADAACBCCDDCADAACAABA,ABACAACDBDADAABCCCDDACADACAAAB,,,0,138,,,,,L_T1_GTR___standard/L_T1_GTR___zabuton_,,,,,L_T1_GTR03_51000001/L_T1_GTR03_33000001,,,
93578,30,,,,,,,,,55,15,42,511200000000515200000000454000000007542550000000544240000000522540000000,,00000144,,,,,,,,15,15,0,8,8,144,,51514555422152554144224525545515,ABABCAAACDDBADAACBCCDDCADAACAABA,ABABACAACDBDADAABCCCDDACADACAAAB,,,0,144,,,,,L_T1_GTR___standard,,,,,L_T1_GTR03_33000001/R_T1_GTR03_22110002,,,,15,42,41,544240000000545245000000151245000007514550000000500000000000255220000000,,00000147,,,,,,,,15,15,0,9,9,147,,51455542215255414422452554551542,ABCAAACDDBADAACBCCDDCADAACAABACD,ABACAACDBDADAABCCCDDACADACAAABCD,,,0,147,,,,,L_T1_GTR___standard/L_T1_GTR___zabuton_,,,,,L_T1_GTR03_51000001/L_T1_GTR03_33000001,,,
93614,31,,,,,,,,,15,42,41,511200000000515200000000454000000007542550000000544245000000522545000000,,00000152,,,,,,,,16,16,0,8,8,152,,5151455542215255414422452554551542,ABABCAAACDDBADAACBCCDDCADAACAABACD,ABABACAACDBDADAABCCCDDACADACAAABCD,,,0,152,,,,,L_T1_GTR___standard,,,,,L_T1_GTR03_33000001/R_T1_GTR03_22110002,,,,15,42,41,544240000000545245000000151245000007514550000000500000000000255220000000,,00000147,,,,,,,,15,15,0,9,9,147,,51455542215255414422452554551542,ABCAAACDDBADAACBCCDDCADAACAABACD,ABACAACDBDADAABCCCDDACADACAAABCD,,,0,147,,,,,L_T1_GTR___standard/L_T1_GTR___zabuton_,,,,,L_T1_GTR03_51000001/L_T1_GTR03_33000001,,,
93632,32,,,,,,,,,15,42,41,511200000000515200000000454000000007542550000000544245000000522545000000,,00000152,,,,,,,,16,16,0,8,8,152,,5151455542215255414422452554551542,ABABCAAACDDBADAACBCCDDCADAACAABACD,ABABACAACDBDADAABCCCDDACADACAAABCD,,,0,152,,,,,L_T1_GTR___standard,,,,,L_T1_GTR03_33000001/R_T1_GTR03_22110002,,,,42,41,44,544240000000545245000000151245000007514550000000515000000000255220000000,,00000159,,,,,,,,16,16,0,12,12,159,,5145554221525541442245255455154241,ABCAAACDDBADAACBCCDDCADAACAABACDCB,ABACAACDBDADAABCCCDDACADACAAABCDBC,,,0,159,,,,,L_T1_GTR___standard/L_T1_GTR___zabuton_,,,,,L_T1_GTR03_51000001/L_T1_GTR03_33000001,,,
93656,33,,,,,,,,,42,41,44,511200000000515200000000454000000007542550000000544245000000522545510000,,00000158,,,,,,,,17,17,0,6,6,158,,515145554221525541442245255455154241,ABABCAAACDDBADAACBCCDDCADAACAABACDCB,ABABACAACDBDADAABCCCDDACADACAAABCDBC,,,0,158,,,,,L_T1_GTR___standard,,,,,L_T1_GTR03_33000001/R_T1_GTR03_22110002,,,,42,41,44,544240000000545245000000151245000007514550000000515000000000255220000000,,00000159,,,,,,,,16,16,0,12,12,159,,5145554221525541442245255455154241,ABCAAACDDBADAACBCCDDCADAACAABACDCB,ABACAACDBDADAABCCCDDACADACAAABCDBC,,,0,159,,,,,L_T1_GTR___standard/L_T1_GTR___zabuton_,,,,,L_T1_GTR03_51000001/L_T1_GTR03_33000001,,,
93682,34,,,,,,,,,42,41,44,511200000000515200000000454000000007542550000000544245000000522545510000,,00000158,,,,,,,,17,17,0,6,6,158,,515145554221525541442245255455154241,ABABCAAACDDBADAACBCCDDCADAACAABACDCB,ABABACAACDBDADAABCCCDDACADACAAABCDBC,,,0,158,,,,,L_T1_GTR___standard,,,,,L_T1_GTR03_33000001/R_T1_GTR03_22110002,,,,41,44,25,544240000000545245000000151245000007514550000000515420000000255220000000,,00000169,,,,,,,,17,17,0,10,10,169,,514555422152554144224525545515424144,ABCAAACDDBADAACBCCDDCADAACAABACDCBCC,ABACAACDBDADAABCCCDDACADACAAABCDBCCC,,,0,169,,,,,L_T1_GTR___standard/L_T1_GTR___zabuton_,,,,,L_T1_GTR03_51000001/L_T1_GTR03_33000001,,,
93722,35,,,,,,,,,41,44,25,511200000000515200000000454200000007542554000000544245000000522545510000,,00000166,,,,,,,,18,18,0,8,8,166,,51514555422152554144224525545515424144,ABABCAAACDDBADAACBCCDDCADAACAABACDCBCC,ABABACAACDBDADAABCCCDDACADACAAABCDBCCC,,,0,166,,,,,L_T1_GTR___standard/L_T1_GTR___zabuton_,,,,,L_T1_GTR03_33000001/R_T1_GTR03_22110002,,,,41,44,25,544240000000545245000000151245000007514550000000515420000000255220000000,,00000169,,,,,,,,17,17,0,10,10,169,,514555422152554144224525545515424144,ABCAAACDDBADAACBCCDDCADAACAABACDCBCC,ABACAACDBDADAABCCCDDACADACAAABCDBCCC,,,0,169,,,,,L_T1_GTR___standard/L_T1_GTR___zabuton_,,,,,L_T1_GTR03_51000001/L_T1_GTR03_33000001,,,
93730,36,,,,,,,,,41,44,25,511200000000515200000000454200000007542554000000544245000000522545510000,,00000166,,,,,,,,18,18,0,8,8,166,,51514555422152554144224525545515424144,ABABCAAACDDBADAACBCCDDCADAACAABACDCBCC,ABABACAACDBDADAABCCCDDACADACAAABCDBCCC,,,0,166,,,,,L_T1_GTR___standard/L_T1_GTR___zabuton_,,,,,L_T1_GTR03_33000001/R_T1_GTR03_22110002,,,,44,25,41,544240000000545245000000151245000007514551000000515424000000255220000000,,00000177,,,,,,,,18,18,0,8,8,177,,51455542215255414422452554551542414425,ABCAAACDDBADAACBCCDDCADAACAABACDCBCCDA,ABACAACDBDADAABCCCDDACADACAAABCDBCCCAD,,,0,177,,,,,L_T1_GTR___standard/L_T1_GTR___zabuton_,,,,,L_T1_GTR03_51000001/L_T1_GTR03_33000001,,,
93765,37,,,,,,,,,44,25,41,511200000000515200000000454200000007542554000000544245410000522545510000,,00000173,,,,,,,,19,19,0,7,7,173,,5151455542215255414422452554551542414425,ABABCAAACDDBADAACBCCDDCADAACAABACDCBCCDA,ABABACAACDBDADAABCCCDDACADACAAABCDBCCCAD,,,0,173,,,,,L_T1_GTR___standard/L_T1_GTR___zabuton_,,,,,L_T1_GTR03_33000001/R_T1_GTR03_22110002,,,,44,25,41,544240000000545245000000151245000007514551000000515424000000255220000000,,00000177,,,,,,,,18,18,0,8,8,177,,51455542215255414422452554551542414425,ABCAAACDDBADAACBCCDDCADAACAABACDCBCCDA,ABACAACDBDADAABCCCDDACADACAAABCDBCCCAD,,,0,177,,,,,L_T1_GTR___standard/L_T1_GTR___zabuton_,,,,,L_T1_GTR03_51000001/L_T1_GTR03_33000001,,,
93774,38,,,,,,,,,44,25,41,511200000000515200000000454200000007542554000000544245410000522545510000,,00000173,,,,,,,,19,19,0,7,7,173,,5151455542215255414422452554551542414425,ABABCAAACDDBADAACBCCDDCADAACAABACDCBCCDA,ABABACAACDBDADAABCCCDDACADACAAABCDBCCCAD,,,0,173,,,,,L_T1_GTR___standard/L_T1_GTR___zabuton_,,,,,L_T1_GTR03_33000001/R_T1_GTR03_22110002,,,,25,41,21,544240000000545245000000151245000007514551000000515424000000255224400000,,00000184,,,,,,,,19,19,0,7,7,184,,5145554221525541442245255455154241442541,ABCAAACDDBADAACBCCDDCADAACAABACDCBCCDACB,ABACAACDBDADAABCCCDDACADACAAABCDBCCCADBC,,,0,184,,,,,L_T1_GTR___standard/L_T1_GTR___zabuton_,,,,,L_T1_GTR03_51000001/L_T1_GTR03_33000001,,,
93808,39,,,,,,,,,25,41,21,511200000000515240000000454240000007542554000000544245410000522545510000,,00000182,,,,,,,,20,20,0,9,9,182,,515145554221525541442245255455154241442541,ABABCAAACDDBADAACBCCDDCADAACAABACDCBCCDACB,ABABACAACDBDADAABCCCDDACADACAAABCDBCCCADBC,,,0,182,,,,,L_T1_GTR___standard/L_T1_GTR___zabuton_,,,,,L_T1_GTR03_33000001/R_T1_GTR03_22110002,,,,25,41,21,544240000000545245000000151245000007514551000000515424000000255224400000,,00000184,,,,,,,,19,19,0,7,7,184,,5145554221525541442245255455154241442541,ABCAAACDDBADAACBCCDDCADAACAABACDCBCCDACB,ABACAACDBDADAABCCCDDACADACAAABCDBCCCADBC,,,0,184,,,,,L_T1_GTR___standard/L_T1_GTR___zabuton_,,,,,L_T1_GTR03_51000001/L_T1_GTR03_33000001,,,
93816,40,,,,,,,,,25,41,21,511200000000515240000000454240000007542554000000544245410000522545510000,,00000182,,,,,,,,20,20,0,9,9,182,,515145554221525541442245255455154241442541,ABABCAAACDDBADAACBCCDDCADAACAABACDCBCCDACB,ABABACAACDBDADAABCCCDDACADACAAABCDBCCCADBC,,,0,182,,,,,L_T1_GTR___standard/L_T1_GTR___zabuton_,,,,,L_T1_GTR03_33000001/R_T1_GTR03_22110002,,,,41,21,24,544245200000545245000000151245000007514551000000515424000000255224400000,,00000191,,,,,,,,20,20,0,7,7,191,,514555422152554144224525545515424144254121,ABCAAACDDBADAACBCCDDCADAACAABACDCBCCDACBDB,ABACAACDBDADAABCCCDDACADACAAABCDBCCCADBCBD,,,0,191,,,,,L_T1_GTR___standard/L_T1_GTR___zabuton_,,,,,L_T1_GTR03_51000001/L_T1_GTR03_33000001,,,
93850,41,,,,,,,,,41,21,24,511200000000515242000000454245000007542554000000544245410000522545510000,,00000190,,,,,,,,21,21,0,8,8,190,,51514555422152554144224525545515424144254121,ABABCAAACDDBADAACBCCDDCADAACAABACDCBCCDACBDB,ABABACAACDBDADAABCCCDDACADACAAABCDBCCCADBCBD,,,0,190,,,,,L_T1_GTR___standard/L_T1_GTR___zabuton_,,,,,L_T1_GTR03_33000001/R_T1_GTR03_22110002,,,,41,21,24,544245200000545245000000151245000007514551000000515424000000255224400000,,00000191,,,,,,,,20,20,0,7,7,191,,514555422152554144224525545515424144254121,ABCAAACDDBADAACBCCDDCADAACAABACDCBCCDACBDB,ABACAACDBDADAABCCCDDACADACAAABCDBCCCADBCBD,,,0,191,,,,,L_T1_GTR___standard/L_T1_GTR___zabuton_,,,,,L_T1_GTR03_51000001/L_T1_GTR03_33000001,,,
93856,42,,,,,,,,,41,21,24,511200000000515242000000454245000007542554000000544245410000522545510000,,00000190,,,,,,,,21,21,0,8,8,190,,51514555422152554144224525545515424144254121,ABABCAAACDDBADAACBCCDDCADAACAABACDCBCCDACBDB,ABABACAACDBDADAABCCCDDACADACAAABCDBCCCADBCBD,,,0,190,,,,,L_T1_GTR___standard/L_T1_GTR___zabuton_,,,,,L_T1_GTR03_33000001/R_T1_GTR03_22110002,,,,21,24,12,544245200000545245400000151245100007514551000000515424000000255224400000,,00000198,,,,,,,,21,21,0,7,7,198,,51455542215255414422452554551542414425412124,ABCAAACDDBADAACBCCDDCADAACAABACDCBCCDACBDBDC,ABACAACDBDADAABCCCDDACADACAAABCDBCCCADBCBDCD,,,0,198,,,,,L_T1_GTR___standard/L_T1_GTR___zabuton_,,,,,L_T1_GTR03_51000001/L_T1_GTR03_33000001,,,
93888,43,,,,,,,,,21,24,12,511200000000515242100000454245400007542554000000544245410000522545510000,,00000197,,,,,,,,22,22,0,7,7,197,,5151455542215255414422452554551542414425412124,ABABCAAACDDBADAACBCCDDCADAACAABACDCBCCDACBDBDC,ABABACAACDBDADAABCCCDDACADACAAABCDBCCCADBCBDCD,,,0,197,,,,,L_T1_GTR___standard/L_T1_GTR___zabuton_,,,,,L_T1_GTR03_33000001/R_T1_GTR03_22110002,,,,21,24,12,544245200000545245400000151245100007514551000000515424000000255224400000,,00000198,,,,,,,,21,21,0,7,7,198,,51455542215255414422452554551542414425412124,ABCAAACDDBADAACBCCDDCADAACAABACDCBCCDACBDBDC,ABACAACDBDADAABCCCDDACADACAAABCDBCCCADBCBDCD,,,0,198,,,,,L_T1_GTR___standard/L_T1_GTR___zabuton_,,,,,L_T1_GTR03_51000001/L_T1_GTR03_33000001,,,
93894,44,,,,,,,,,21,24,12,511200000000515242100000454245400007542554000000544245410000522545510000,,00000197,,,,,,,,22,22,0,7,7,197,,5151455542215255414422452554551542414425412124,ABABCAAACDDBADAACBCCDDCADAACAABACDCBCCDACBDBDC,ABABACAACDBDADAABCCCDDACADACAAABCDBCCCADBCBDCD,,,0,197,,,,,L_T1_GTR___standard/L_T1_GTR___zabuton_,,,,,L_T1_GTR03_33000001/R_T1_GTR03_22110002,,,,24,12,15,544245200000545245400000151245100007514551120000515424000000255224400000,,00000204,,,,,,,,22,22,0,6,6,204,,5145554221525541442245255455154241442541212412,ABCAAACDDBADAACBCCDDCADAACAABACDCBCCDACBDBDCBD,ABACAACDBDADAABCCCDDACADACAAABCDBCCCADBCBDCDBD,,,0,204,,,,,L_T1_GTR___standard/L_T1_GTR___zabuton_,,,,,L_T1_GTR03_51000001/L_T1_GTR03_33000001,,,
93932,46,,,,,,,,,24,12,15,511212000000515242100000454245400007542554000000544245410000522545510000,,00000205,,,,,,,,23,23,0,8,8,205,,515145554221525541442245255455154241442541212412,ABABCAAACDDBADAACBCCDDCADAACAABACDCBCCDACBDBDCBD,ABABACAACDBDADAABCCCDDACADACAAABCDBCCCADBCBDCDBD,,,0,205,,,,,L_T1_GTR___standard/L_T1_GTR___zabuton_,,,,,L_T1_GTR03_33000001/R_T1_GTR03_22110002,,,,12,15,12,544245240000545245420000151245100007514551120000515424000000255224400000,,00000210,,,,,,,,23,23,0,6,6,210,,514555422152554144224525545515424144254121241215,ABCAAACDDBADAACBCCDDCADAACAABACDCBCCDACBDBDCBDBA,ABACAACDBDADAABCCCDDACADACAAABCDBCCCADBCBDCDBDAB,,,0,210,,,,,L_T1_GTR___standard/L_T1_GTR___zabuton_,,,,,L_T1_GTR03_51000001/L_T1_GTR03_33000001,,,
93966,47,,,,,,,,,24,12,15,511212000000515242100000454245400007542554000000544245410000522545510000,,00000205,,,,,,,,23,23,0,8,8,205,,515145554221525541442245255455154241442541212412,ABABCAAACDDBADAACBCCDDCADAACAABACDCBCCDACBDBDCBD,ABABACAACDBDADAABCCCDDACADACAAABCDBCCCADBCBDCDBD,,,0,205,,,,,L_T1_GTR___standard/L_T1_GTR___zabuton_,,,,,L_T1_GTR03_33000001/R_T1_GTR03_22110002,,,,15,12,44,544245240000545245420000151245121007514551120000515424000000255224400000,,00000215,,,,,,,,24,24,0,5,5,215,,51455542215255414422452554551542414425412124121512,ABCAAACDDBADAACBCCDDCADAACAABACDCBCCDACBDBDCBDBABD,ABACAACDBDADAABCCCDDACADACAAABCDBCCCADBCBDCDBDABBD,,,0,215,,,,,L_T1_GTR___standard/L_T1_GTR___zabuton_,,,,,L_T1_GTR03_51000001/L_T1_GTR03_33000001,,,
93974,48,,,,,,,,,12,15,12,511212240000515242100000454245400007542554000000544245410000522545510000,,00000212,,,,,,,,24,24,0,7,7,212,,51514555422152554144224525545515424144254121241215,ABABCAAACDDBADAACBCCDDCADAACAABACDCBCCDACBDBDCBDBA,ABABACAACDBDADAABCCCDDACADACAAABCDBCCCADBCBDCDBDAB,,,0,212,,,,,L_T1_GTR___standard/L_T1_GTR___zabuton_,,,,,L_T1_GTR03_33000001/R_T1_GTR03_22110002,,,,15,12,44,544245240000545245420000151245121007514551120000515424000000255224400000,,00000215,,,,,,,,24,24,0,5,5,215,,51455542215255414422452554551542414425412124121512,ABCAAACDDBADAACBCCDDCADAACAABACDCBCCDACBDBDCBDBABD,ABACAACDBDADAABCCCDDACADACAAABCDBCCCADBCBDCDBDABBD,,,0,215,,,,,L_T1_GTR___standard/L_T1_GTR___zabuton_,,,,,L_T1_GTR03_51000001/L_T1_GTR03_33000001,,,
94012,49,,,,,,,,,15,12,44,511212240000515242112000454245400007542554000000544245410000522545510000,,00000218,,,,,,,,25,25,0,6,6,218,,5151455542215255414422452554551542414425412124121512,ABABCAAACDDBADAACBCCDDCADAACAABACDCBCCDACBDBDCBDBABD,ABABACAACDBDADAABCCCDDACADACAAABCDBCCCADBCBDCDBDABBD,,,0,218,,,,,L_T1_GTR___standard/L_T1_GTR___zabuton_,,,,,L_T1_GTR03_33000001/R_T1_GTR03_22110002,,,,15,12,44,544245240000545245420000151245121007514551120000515424000000255224400000,,00000215,,,,,,,,24,24,0,5,5,215,,51455542215255414422452554551542414425412124121512,ABCAAACDDBADAACBCCDDCADAACAABACDCBCCDACBDBDCBDBABD,ABACAACDBDADAABCCCDDACADACAAABCDBCCCADBCBDCDBDABBD,,,0,215,,,,,L_T1_GTR___standard/L_T1_GTR___zabuton_,,,,,L_T1_GTR03_51000001/L_T1_GTR03_33000001,,,
94026,50,,,,,,,,,15,12,44,511212240000515242112000454245400007542554000000544245410000522545510000,,00000218,,,,,,,,25,25,0,6,6,218,,5151455542215255414422452554551542414425412124121512,ABABCAAACDDBADAACBCCDDCADAACAABACDCBCCDACBDBDCBDBABD,ABABACAACDBDADAABCCCDDACADACAAABCDBCCCADBCBDCDBDABBD,,,0,218,,,,,L_T1_GTR___standard/L_T1_GTR___zabuton_,,,,,L_T1_GTR03_33000001/R_T1_GTR03_22110002,,,,12,44,24,544245240000545245420000151245121007514551121000515424500000255224400000,,00000220,,,,,,,,25,25,0,5,5,220,,5145554221525541442245255455154241442541212412151244,ABCAAACDDBADAACBCCDDCADAACAABACDCBCCDACBDBDCBDBABDCC,ABACAACDBDADAABCCCDDACADACAAABCDBCCCADBCBDCDBDABBDCC,,,0,220,,,,,L_T1_GTR___standard/L_T1_GTR___zabuton_,,,,,L_T1_GTR03_51000001/L_T1_GTR03_33000001,,,
94062,51,,,,,,,,,15,12,44,511212240000515242112000454245400007542554000000544245410000522545510000,,00000218,,,,,,,,25,25,0,6,6,218,,5151455542215255414422452554551542414425412124121512,ABABCAAACDDBADAACBCCDDCADAACAABACDCBCCDACBDBDCBDBABD,ABABACAACDBDADAABCCCDDACADACAAABCDBCCCADBCBDCDBDABBD,,,0,218,,,,,L_T1_GTR___standard/L_T1_GTR___zabuton_,,,,,L_T1_GTR03_33000001/R_T1_GTR03_22110002,,,,44,24,25,544245240000545245421200151245121007514551121000515424500000255224400000,,00000225,,,,,,,,26,26,0,5,5,225,,514555422152554144224525545515424144254121241215124424,ABCAAACDDBADAACBCCDDCADAACAABACDCBCCDACBDBDCBDBABDCCDC,ABACAACDBDADAABCCCDDACADACAAABCDBCCCADBCBDCDBDABBDCCCD,,,0,225,,,,,L_T1_GTR___standard/L_T1_GTR___zabuton_,,,,,L_T1_GTR03_51000001/L_T1_GTR03_33000001,,,
94068,52,,,,,,,,,12,44,24,511212240000515242112000454245410007542554500000544245410000522545510000,,00000224,,,,,,,,26,26,0,6,6,224,,515145554221525541442245255455154241442541212412151244,ABABCAAACDDBADAACBCCDDCADAACAABACDCBCCDACBDBDCBDBABDCC,ABABACAACDBDADAABCCCDDACADACAAABCDBCCCADBCBDCDBDABBDCC,,,0,224,,,,,L_T1_GTR___standard/L_T1_GTR___zabuton_,,,,,L_T1_GTR03_33000001/R_T1_GTR03_22110002,,,,44,24,25,544245240000545245421200151245121007514551121000515424500000255224400000,,00000225,,,,,,,,26,26,0,5,5,225,,514555422152554144224525545515424144254121241215124424,ABCAAACDDBADAACBCCDDCADAACAABACDCBCCDACBDBDCBDBABDCCDC,ABACAACDBDADAABCCCDDACADACAAABCDBCCCADBCBDCDBDABBDCCCD,,,0,225,,,,,L_T1_GTR___standard/L_T1_GTR___zabuton_,,,,,L_T1_GTR03_51000001/L_T1_GTR03_33000001,,,
94100,53,,,,,,,,,12,44,24,511212240000515242112000454245410007542554500000544245410000522545510000,,00000224,,,,,,,,26,26,0,6,6,224,,515145554221525541442245255455154241442541212412151244,ABABCAAACDDBADAACBCCDDCADAACAABACDCBCCDACBDBDCBDBABDCC,ABABACAACDBDADAABCCCDDACADACAAABCDBCCCADBCBDCDBDABBDCC,,,0,224,,,,,L_T1_GTR___standard/L_T1_GTR___zabuton_,,,,,L_T1_GTR03_33000001/R_T1_GTR03_22110002,,,,24,25,55,544245244400545245421200151245121007514551121000515424500000255224400000,,00000229,,,,,,,,27,27,0,4,4,229,,51455542215255414422452554551542414425412124121512442425,ABCAAACDDBADAACBCCDDCADAACAABACDCBCCDACBDBDCBDBABDCCDCDA,ABACAACDBDADAABCCCDDACADACAAABCDBCCCADBCBDCDBDABBDCCCDAD,,,0,229,,,,,L_T1_GTR___standard/L_T1_GTR___zabuton_,,,,,L_T1_GTR03_51000001/L_T1_GTR03_33000001,,,
94114,54,,,,,,,,,44,24,25,511212240000515242112210454245410007542554500000544245410000522545510000,,00000226,,,,,,,,27,27,0,2,2,226,,51514555422152554144224525545515424144254121241215124424,ABABCAAACDDBADAACBCCDDCADAACAABACDCBCCDACBDBDCBDBABDCCDC,ABABACAACDBDADAABCCCDDACADACAAABCDBCCCADBCBDCDBDABBDCCCD,,,0,226,,,,,L_T1_GTR___standard/L_T1_GTR___zabuton_,,,,,L_T1_GTR03_33000001/R_T1_GTR03_22110002,,,,24,25,55,544245244400545245421200151245121007514551121000515424500000255224400000,,00000229,,,,,,,,27,27,0,4,4,229,,51455542215255414422452554551542414425412124121512442425,ABCAAACDDBADAACBCCDDCADAACAABACDCBCCDACBDBDCBDBABDCCDCDA,ABACAACDBDADAABCCCDDACADACAAABCDBCCCADBCBDCDBDABBDCCCDAD,,,0,229,,,,,L_T1_GTR___standard/L_T1_GTR___zabuton_,,,,,L_T1_GTR03_51000001/L_T1_GTR03_33000001,,,
94118,55,,,,,,,,,44,24,25,511212240000515242112210454245410007542554500000544245410000522545510000,,00000226,,,,,,,,27,27,0,2,2,226,,51514555422152554144224525545515424144254121241215124424,ABABCAAACDDBADAACBCCDDCADAACAABACDCBCCDACBDBDCBDBABDCCDC,ABABACAACDBDADAABCCCDDACADACAAABCDBCCCADBCBDCDBDABBDCCCD,,,0,226,,,,,L_T1_GTR___standard/L_T1_GTR___zabuton_,,,,,L_T1_GTR03_33000001/R_T1_GTR03_22110002,,,,25,25,55,544245242400545245421240151245121207514551121000515424500000255224400000,,00000232,,,,,,,,28,28,0,3,3,232,,5145554221525541442245255455154241442541212412151244242525,ABCAAACDDBADAACBCCDDCADAACAABACDCBCCDACBDBDCBDBABDCCDCDADA,ABACAACDBDADAABCCCDDACADACAAABCDBCCCADBCBDCDBDABBDCCCDADAD,,,0,232,,,,,L_T1_GTR___standard/L_T1_GTR___zabuton_,,,,,L_T1_GTR03_51000001/L_T1_GTR03_33000001,,,
94154,57,,,,,,,,,24,25,55,511212244400515242112210454245410007542554500000544245410000522545510000,,00000231,,,,,,,,28,28,0,5,5,231,,5151455542215255414422452554551542414425412124121512442425,ABABCAAACDDBADAACBCCDDCADAACAABACDCBCCDACBDBDCBDBABDCCDCDA,ABABACAACDBDADAABCCCDDACADACAAABCDBCCCADBCBDCDBDABBDCCCDAD,,,0,231,,,,,L_T1_GTR___standard/L_T1_GTR___zabuton_,,,,,L_T1_GTR03_33000001/R_T1_GTR03_22110002,,,,25,55,54,544245244400545245421240151245121207514551121000515424500000255224400000,,00000232,,,,,,,,29,29,0,0,0,232,,514555422152554144224525545515424144254121241215124424252555,ABCAAACDDBADAACBCCDDCADAACAABACDCBCCDACBDBDCBDBABDCCDCDADAAA,ABACAACDBDADAABCCCDDACADACAAABCDBCCCADBCBDCDBDABBDCCCDADADAA,,,0,232,,,,,L_T1_GTR___standard/L_T1_GTR___zabuton_,,,,,L_T1_GTR03_51000001/L_T1_GTR03_33000001,,,
94196,58,,,,,,,,,24,25,55,511212244400515242112210454245410007542554500000544245410000522545510000,,00000231,,,,,,,,28,28,0,5,5,231,,5151455542215255414422452554551542414425412124121512442425,ABABCAAACDDBADAACBCCDDCADAACAABACDCBCCDACBDBDCBDBABDCCDCDA,ABABACAACDBDADAABCCCDDACADACAAABCDBCCCADBCBDCDBDABBDCCCDAD,,,0,231,,,,,L_T1_GTR___standard/L_T1_GTR___zabuton_,,,,,L_T1_GTR03_33000001/R_T1_GTR03_22110002,,,,55,54,52,544245244400545245421240151245121207514551121000515424550000255224420000,,00000238,,,,,,,,30,30,0,6,6,238,,51455542215255414422452554551542414425412124121512442425255554,ABCAAACDDBADAACBCCDDCADAACAABACDCBCCDACBDBDCBDBABDCCDCDADAAAAC,ABACAACDBDADAABCCCDDACADACAAABCDBCCCADBCBDCDBDABBDCCCDADADAAAC,,,0,238,,,,,L_T1_GTR___standard/L_T1_GTR___zabuton_,,,,,L_T1_GTR03_51000001/L_T1_GTR03_33000001,,,
94204,59,,,,,,,,,24,25,55,511212244400515242112210454245410007542554500000544245410000522545510000,,00000231,,,,,,,,28,28,0,5,5,231,,5151455542215255414422452554551542414425412124121512442425,ABABCAAACDDBADAACBCCDDCADAACAABACDCBCCDACBDBDCBDBABDCCDCDA,ABABACAACDBDADAABCCCDDACADACAAABCDBCCCADBCBDCDBDABBDCCCDAD,,,0,231,,,,,L_T1_GTR___standard/L_T1_GTR___zabuton_,,,,,L_T1_GTR03_33000001/R_T1_GTR03_22110002,,,,54,54,52,544245244400545245421240151245121207514551121000515424550000255224420000,,00000238,,,,,,,,31,31,0,0,0,238,,5145554221525541442245255455154241442541212412151244242525555454,ABCAAACDDBADAACBCCDDCADAACAABACDCBCCDACBDBDCBDBABDCCDCDADAAAACAC,ABACAACDBDADAABCCCDDACADACAAABCDBCCCADBCBDCDBDABBDCCCDADADAAACAC,,,0,238,,,,,L_T1_GTR___standard/L_T1_GTR___zabuton_,,,,,L_T1_GTR03_51000001/L_T1_GTR03_33000001,,,
94216,60,,,,,,,,,25,55,54,511212244400515242112214454245412007542554500000544245410000522545510000,,00000233,,,,,,,,29,29,0,2,2,233,,515145554221525541442245255455154241442541212412151244242555,ABABCAAACDDBADAACBCCDDCADAACAABACDCBCCDACBDBDCBDBABDCCDCDAAA,ABABACAACDBDADAABCCCDDACADACAAABCDBCCCADBCBDCDBDABBDCCCDADAA,,,0,233,,,,,L_T1_GTR___standard/L_T1_GTR___zabuton_,,,,,L_T1_GTR03_33000001/R_T1_GTR03_22110002,,,,54,54,52,544245244400545245421240151245121207514551121000515424550000255224420000,,00000238,,,,,,,,31,31,0,0,0,238,,5145554221525541442245255455154241442541212412151244242525555454,ABCAAACDDBADAACBCCDDCADAACAABACDCBCCDACBDBDCBDBABDCCDCDADAAAACAC,ABACAACDBDADAABCCCDDACADACAAABCDBCCCADBCBDCDBDABBDCCCDADADAAACAC,,,0,238,,,,,L_T1_GTR___standard/L_T1_GTR___zabuton_,,,,,L_T1_GTR03_51000001/L_T1_GTR03_33000001,,,
94248,61,,,,,,,,,25,55,54,511212244400515242112214454245412007542554500000544245410000522545510000,,00000233,,,,,,,,29,29,0,2,2,233,,515145554221525541442245255455154241442541212412151244242555,ABABCAAACDDBADAACBCCDDCADAACAABACDCBCCDACBDBDCBDBABDCCDCDAAA,ABABACAACDBDADAABCCCDDACADACAAABCDBCCCADBCBDCDBDABBDCCCDADAA,,,0,233,,,,,L_T1_GTR___standard/L_T1_GTR___zabuton_,,,,,L_T1_GTR03_33000001/R_T1_GTR03_22110002,,,,54,52,14,544245244455545245421240151245121207514551121000515424550000255224420000,,00000239,,,,,,,,32,32,0,1,1,239,,514555422152554144224525545515424144254121241215124424252555545452,ABCAAACDDBADAACBCCDDCADAACAABACDCBCCDACBDBDCBDBABDCCDCDADAAAACACAD,ABACAACDBDADAABCCCDDACADACAAABCDBCCCADBCBDCDBDABBDCCCDADADAAACACAD,,,0,239,,,,,L_T1_GTR___standard/L_T1_GTR___zabuton_,,,,,L_T1_GTR03_51000001/L_T1_GTR03_33000001,,,
94263,62,,,,,,,,,55,54,52,511212244400515242112214454245412007542554500000544245412000522545515000,,00000238,,,,,,,,30,30,0,5,5,238,,51514555422152554144224525545515424144254121241215124424255554,ABABCAAACDDBADAACBCCDDCADAACAABACDCBCCDACBDBDCBDBABDCCDCDAAAAC,ABABACAACDBDADAABCCCDDACADACAAABCDBCCCADBCBDCDBDABBDCCCDADAAAC,,,0,238,,,,,L_T1_GTR___standard/L_T1_GTR___zabuton_,,,,,L_T1_GTR03_33000001/R_T1_GTR03_22110002,,,,54,52,14,544245244455545245421240151245121207514551121000515424550000255224420000,,00000239,,,,,,,,32,32,0,1,1,239,,514555422152554144224525545515424144254121241215124424252555545452,ABCAAACDDBADAACBCCDDCADAACAABACDCBCCDACBDBDCBDBABDCCDCDADAAAACACAD,ABACAACDBDADAABCCCDDACADACAAABCDBCCCADBCBDCDBDABBDCCCDADADAAACACAD,,,0,239,,,,,L_T1_GTR___standard/L_T1_GTR___zabuton_,,,,,L_T1_GTR03_51000001/L_T1_GTR03_33000001,,,
94302,63,,,,,,,,,55,54,52,511212244400515242112214454245412007542554500000544245412000522545515000,,00000238,,,,,,,,30,30,0,5,5,238,,51514555422152554144224525545515424144254121241215124424255554,ABABCAAACDDBADAACBCCDDCADAACAABACDCBCCDACBDBDCBDBABDCCDCDAAAAC,ABABACAACDBDADAABCCCDDACADACAAABCDBCCCADBCBDCDBDABBDCCCDADAAAC,,,0,238,,,,,L_T1_GTR___standard/L_T1_GTR___zabuton_,,,,,L_T1_GTR03_33000001/R_T1_GTR03_22110002,,,,52,14,51,544245244455545245421244151245121257514551121000515424550000255224420000,,00000241,,,,,,,,33,33,0,2,2,241,,51455542215255414422452554551542414425412124121512442425255554545214,ABCAAACDDBADAACBCCDDCADAACAABACDCBCCDACBDBDCBDBABDCCDCDADAAAACACADBC,ABACAACDBDADAABCCCDDACADACAAABCDBCCCADBCBDCDBDABBDCCCDADADAAACACADBC,,,0,241,,,,,L_T1_GTR___standard/L_T1_GTR___zabuton_,,,,,L_T1_GTR03_51000001/L_T1_GTR03_33000001,,,
94306,64,,,,,,,,,54,52,14,511212244400515242112214454245412007542554500000544245412000522545515550,,00000242,,,,,,,,31,31,0,4,4,242,,5151455542215255414422452554551542414425412124121512442425555452,ABABCAAACDDBADAACBCCDDCADAACAABACDCBCCDACBDBDCBDBABDCCDCDAAAACAD,ABABACAACDBDADAABCCCDDACADACAAABCDBCCCADBCBDCDBDABBDCCCDADAAACAD,,,0,242,,,,,L_T1_GTR___standard/L_T1_GTR___zabuton_,,,,,L_T1_GTR03_33000001/R_T1_GTR03_22110002,,,,52,14,51,544245244455545245421244151245121257514551121000515424550000255224420000,,00000241,,,,,,,,33,33,0,2,2,241,,51455542215255414422452554551542414425412124121512442425255554545214,ABCAAACDDBADAACBCCDDCADAACAABACDCBCCDACBDBDCBDBABDCCDCDADAAAACACADBC,ABACAACDBDADAABCCCDDACADACAAABCDBCCCADBCBDCDBDABBDCCCDADADAAACACADBC,,,0,241,,,,,L_T1_GTR___standard/L_T1_GTR___zabuton_,,,,,L_T1_GTR03_51000001/L_T1_GTR03_33000001,,,
94348,66,,,,,,,,,52,14,51,511212244400515242112214454245412007542554500000544245412000522545515554,,00000243,,,,,,,,32,32,0,1,1,243,,515145554221525541442245255455154241442541212412151244242555545214,ABABCAAACDDBADAACBCCDDCADAACAABACDCBCCDACBDBDCBDBABDCCDCDAAAACADBC,ABABACAACDBDADAABCCCDDACADACAAABCDBCCCADBCBDCDBDABBDCCCDADAAACADBC,,,0,243,,,,,L_T1_GTR___standard/L_T1_GTR___zabuton_,,,,,L_T1_GTR03_33000001/R_T1_GTR03_22110002,,,,14,51,54,544245244455545245421244151245121257514551121000515424550000255224420000,,00000242,,,,,,,,34,34,0,1,1,242,,5145554221525541442245255455154241442541212412151244242525555454521451,ABCAAACDDBADAACBCCDDCADAACAABACDCBCCDACBDBDCBDBABDCCDCDADAAAACACADBCAB,ABACAACDBDADAABCCCDDACADACAAABCDBCCCADBCBDCDBDABBDCCCDADADAAACACADBCAB,,,0,242,,,,,L_T1_GTR___standard/L_T1_GTR___zabuton_,,,,,L_T1_GTR03_51000001/L_T1_GTR03_33000001,,,
94404,67,,,,,,,,,14,51,54,511212244400515242112214454245412527542554500000544245412000522545515554,,00000247,,,,,,,,33,33,0,4,4,247,,51514555422152554144224525545515424144254121241215124424255554521451,ABABCAAACDDBADAACBCCDDCADAACAABACDCBCCDACBDBDCBDBABDCCDCDAAAACADBCAB,ABABACAACDBDADAABCCCDDACADACAAABCDBCCCADBCBDCDBDABBDCCCDADAAACADBCAB,,,0,247,,,,,L_T1_GTR___standard/L_T1_GTR___zabuton_,,,,,L_T1_GTR03_33000001/R_T1_GTR03_22110002,,,,14,51,54,544245244455545245421244151245121257514551121000515424550000255224420000,,00000242,,,,,,,,34,34,0,1,1,242,,5145554221525541442245255455154241442541212412151244242525555454521451,ABCAAACDDBADAACBCCDDCADAACAABACDCBCCDACBDBDCBDBABDCCDCDADAAAACACADBCAB,ABACAACDBDADAABCCCDDACADACAAABCDBCCCADBCBDCDBDABBDCCCDADADAAACACADBCAB,,,0,242,,,,,L_T1_GTR___standard/L_T1_GTR___zabuton_,,,,,L_T1_GTR03_51000001/L_T1_GTR03_33000001,,,
94408,68,,,,,,,,,14,51,54,511212244400515242112214454245412527542554500000544245412000522545515554,,00000247,,,,,,,,33,33,0,4,4,247,,51514555422152554144224525545515424144254121241215124424255554521451,ABABCAAACDDBADAACBCCDDCADAACAABACDCBCCDACBDBDCBDBABDCCDCDAAAACADBCAB,ABABACAACDBDADAABCCCDDACADACAAABCDBCCCADBCBDCDBDABBDCCCDADAAACADBCAB,,,0,247,,,,,L_T1_GTR___standard/L_T1_GTR___zabuton_,,,,,L_T1_GTR03_33000001/R_T1_GTR03_22110002,,,,51,54,42,544245244455545245421244151245121257514551121410515424550000255224420000,,00000244,,,,,,,,35,35,0,2,2,244,,514555422152554144224525545515424144254121241215124424252555545452145154,ABCAAACDDBADAACBCCDDCADAACAABACDCBCCDACBDBDCBDBABDCCDCDADAAAACACADBCABAC,ABACAACDBDADAABCCCDDACADACAAABCDBCCCADBCBDCDBDABBDCCCDADADAAACACADBCABAC,,,0,244,,,,,L_T1_GTR___standard/L_T1_GTR___zabuton_,,,,,L_T1_GTR03_51000001/L_T1_GTR03_33000001,,,
94435,69,,,,,,,,,,51,54,511212244400515242112214454245412527542554514000544245412000522545515554,,bb60abb3,,,,,,,,34,0,1,bb60abb3,180,427,,51514555422152554144224525545515424144254121241215124424255554521451,ABABCAAACDDBADAACBCCDDCADAACAABACDCBCCDACBDBDCBDBABDCCDCDAAAACADBCAB,ABABACAACDBDADAABCCCDDACADACAAABCDBCCCADBCBDCDBDABBDCCCDADAAACADBCAB,,,1,427,,,,,L_T1_GTR___standard/L_T1_GTR___zabuton_,,,,,L_T1_GTR03_33000001/R_T1_GTR03_22110002,,,,51,54,42,544245244455545245421244151245121257514551121410515424550000255224420000,,00000244,,,,,,,,35,35,0,2,2,244,,514555422152554144224525545515424144254121241215124424252555545452145154,ABCAAACDDBADAACBCCDDCADAACAABACDCBCCDACBDBDCBDBABDCCDCDADAAAACACADBCABAC,ABACAACDBDADAABCCCDDACADACAAABCDBCCCADBCBDCDBDABBDCCCDADADAAACACADBCABAC,,,0,244,,,,,L_T1_GTR___standard/L_T1_GTR___zabuton_,,,,,L_T1_GTR03_51000001/L_T1_GTR03_33000001,,,
94438,70,,,,,,,,,,51,54,511212244400515242112214454245412527542554514000544245412000522545515554,,bb60abb3,,,,,,,,34,0,1,bb60abb3,180,427,,51514555422152554144224525545515424144254121241215124424255554521451,ABABCAAACDDBADAACBCCDDCADAACAABACDCBCCDACBDBDCBDBABDCCDCDAAAACADBCAB,ABABACAACDBDADAABCCCDDACADACAAABCDBCCCADBCBDCDBDABBDCCCDADAAACADBCAB,,,1,427,,,,,L_T1_GTR___standard/L_T1_GTR___zabuton_,,,,,L_T1_GTR03_33000001/R_T1_GTR03_22110002,,,,,54,42,544245244455545245421244151245121257514551121410515424551500255224420000,,bb40abb1,,,,,,,,36,0,1,bb40abb1,40,284,,514555422152554144224525545515424144254121241215124424252555545452145154,ABCAAACDDBADAACBCCDDCADAACAABACDCBCCDACBDBDCBDBABDCCDCDADAAAACACADBCABAC,ABACAACDBDADAABCCCDDACADACAAABCDBCCCADBCBDCDBDABBDCCCDADADAAACACADBCABAC,,,1,284,,,,,L_T1_GTR___standard/L_T1_GTR___zabuton_,,,,,L_T1_GTR03_51000001/L_T1_GTR03_33000001,,,
94517,71,,,,,,,,,,51,54,511212244400515242221400454245425207542554540000544245420000522545555545,,b160ab20,,,,,,,,35,0,2,b160ab20,3200,3627,,51514555422152554144224525545515424144254121241215124424255554521451,ABABCAAACDDBADAACBCCDDCADAACAABACDCBCCDACBDBDCBDBABDCCDCDAAAACADBCAB,ABABACAACDBDADAABCCCDDACADACAAABCDBCCCADBCBDCDBDABBDCCCDADAAACADBCAB,,,2,3627,,,,,L_T1_GTR___standard/L_T1_GTR___zabuton_,,,,,L_T1_GTR03_33000001/R_T1_GTR03_22110002,,,,,54,42,544245244455545245421244151245121257514551121410515424551500255224420000,,bb40abb1,,,,,,,,36,0,1,bb40abb1,40,284,,514555422152554144224525545515424144254121241215124424252555545452145154,ABCAAACDDBADAACBCCDDCADAACAABACDCBCCDACBDBDCBDBABDCCDCDADAAAACACADBCABAC,ABACAACDBDADAABCCCDDACADACAAABCDBCCCADBCBDCDBDABBDCCCDADADAAACACADBCABAC,,,1,284,,,,,L_T1_GTR___standard/L_T1_GTR___zabuton_,,,,,L_T1_GTR03_51000001/L_T1_GTR03_33000001,,,
94519,72,,,,,,,,,,51,54,511212244400515242221400454245425207542554540000544245420000522545555545,,b160ab20,,,,,,,,35,0,2,b160ab20,3200,3627,,51514555422152554144224525545515424144254121241215124424255554521451,ABABCAAACDDBADAACBCCDDCADAACAABACDCBCCDACBDBDCBDBABDCCDCDAAAACADBCAB,ABABACAACDBDADAABCCCDDACADACAAABCDBCCCADBCBDCDBDABBDCCCDADAAACADBCAB,,,2,3627,,,,,L_T1_GTR___standard/L_T1_GTR___zabuton_,,,,,L_T1_GTR03_33000001/R_T1_GTR03_22110002,,,,,54,42,544245244455545245422445151245122507514551124100515424555000255224420000,,b100ab15,,,,,,,,37,0,2,b100ab15,1500,1784,,514555422152554144224525545515424144254121241215124424252555545452145154,ABCAAACDDBADAACBCCDDCADAACAABACDCBCCDACBDBDCBDBABDCCDCDADAAAACACADBCABAC,ABACAACDBDADAABCCCDDACADACAAABCDBCCCADBCBDCDBDABBDCCCDADADAAACACADBCABAC,,,2,1784,,,,,L_T1_GTR___standard/L_T1_GTR___zabuton_,,,,,L_T1_GTR03_51000001/L_T1_GTR03_33000001,,,
94605,74,,,,,,,,,,51,54,511210000000515241000000454245452007542554540000544244200000522544500000,,bb50ab18,,,,,,,,36,0,3,bb50ab18,900,4527,,51514555422152554144224525545515424144254121241215124424255554521451,ABABCAAACDDBADAACBCCDDCADAACAABACDCBCCDACBDBDCBDBABDCCDCDAAAACADBCAB,ABABACAACDBDADAABCCCDDACADACAAABCDBCCCADBCBDCDBDABBDCCCDADAAACADBCAB,,,3,4527,,,,,L_T1_GTR___standard/L_T1_GTR___zabuton_,,,,,L_T1_GTR03_33000001/R_T1_GTR03_22110002,,,,,54,42,544245255200545245450000151245150007514551141000515424555000255224420000,,bb40ab16,,,,,,,,38,0,3,bb40ab16,640,2424,,514555422152554144224525545515424144254121241215124424252555545452145154,ABCAAACDDBADAACBCCDDCADAACAABACDCBCCDACBDBDCBDBABDCCDCDADAAAACACADBCABAC,ABACAACDBDADAABCCCDDACADACAAABCDBCCCADBCBDCDBDABBDCCCDADADAAACACADBCABAC,,,3,2424,,,,,L_T1_GTR___standard/L_T1_GTR___zabuton_,,,,,L_T1_GTR03_51000001/L_T1_GTR03_33000001,,,
94687,75,,,,,,,,,,51,54,511210000000515241000000454245452007542555400000544220000000522550000000,,bb40ab32,,,,,,,,37,0,4,bb40ab32,1280,5807,,51514555422152554144224525545515424144254121241215124424255554521451,ABABCAAACDDBADAACBCCDDCADAACAABACDCBCCDACBDBDCBDBABDCCDCDAAAACADBCAB,ABABACAACDBDADAABCCCDDACADACAAABCDBCCCADBCBDCDBDABBDCCCDADAAACADBCAB,,,4,5807,,,,,L_T1_GTR___standard/L_T1_GTR___zabuton_,,,,,L_T1_GTR03_33000001,,,,,54,42,544245255200545245450000151245150007514551141000515424555000255224420000,,bb40ab16,,,,,,,,38,0,3,bb40ab16,640,2424,,514555422152554144224525545515424144254121241215124424252555545452145154,ABCAAACDDBADAACBCCDDCADAACAABACDCBCCDACBDBDCBDBABDCCDCDADAAAACACADBCABAC,ABACAACDBDADAABCCCDDACADACAAABCDBCCCADBCBDCDBDABBDCCCDADADAAACACADBCABAC,,,3,2424,,,,,L_T1_GTR___standard/L_T1_GTR___zabuton_,,,,,L_T1_GTR03_51000001/L_T1_GTR03_33000001,,,
94698,76,,,,,,,,,,51,54,511210000000515241000000454245452007542555400000544220000000522550000000,,bb40ab32,,,,,,,,37,0,4,bb40ab32,1280,5807,,51514555422152554144224525545515424144254121241215124424255554521451,ABABCAAACDDBADAACBCCDDCADAACAABACDCBCCDACBDBDCBDBABDCCDCDAAAACADBCAB,ABABACAACDBDADAABCCCDDACADACAAABCDBCCCADBCBDCDBDABBDCCCDADAAACADBCAB,,,4,5807,,,,,L_T1_GTR___standard/L_T1_GTR___zabuton_,,,,,L_T1_GTR03_33000001,,,,54,42,11,544245220000545245400000151245100007514551141000515424555000255224420000,,00002428,,,,,,,,39,1,0,4,4,2428,,51455542215255414422452554551542414425412124121512442425255554545214515442,ABCAAACDDBADAACBCCDDCADAACAABACDCBCCDACBDBDCBDBABDCCDCDADAAAACACADBCABACCD,ABACAACDBDADAABCCCDDACADACAAABCDBCCCADBCBDCDBDABBDCCCDADADAAACACADBCABACCD,,,3,2428,,,,,L_T1_GTR___standard/L_T1_GTR___zabuton_,,,,,L_T1_GTR03_51000001/L_T1_GTR03_33000001,,,
94737,77,,,,,,,,,,51,54,511210000000515241000000454245452007542555400000544220000000522550000000,,bb40ab32,,,,,,,,37,0,4,bb40ab32,1280,5807,,51514555422152554144224525545515424144254121241215124424255554521451,ABABCAAACDDBADAACBCCDDCADAACAABACDCBCCDACBDBDCBDBABDCCDCDAAAACADBCAB,ABABACAACDBDADAABCCCDDACADACAAABCDBCCCADBCBDCDBDABBDCCCDADAAACADBCAB,,,4,5807,,,,,L_T1_GTR___standard/L_T1_GTR___zabuton_,,,,,L_T1_GTR03_33000001,,,,42,11,44,544245220000545245445000151245100007514551141000515424555000255224420000,,00002433,,,,,,,,40,2,0,5,5,2433,,5145554221525541442245255455154241442541212412151244242525555454521451544211,ABCAAACDDBADAACBCCDDCADAACAABACDCBCCDACBDBDCBDBABDCCDCDADAAAACACADBCABACCDBB,ABACAACDBDADAABCCCDDACADACAAABCDBCCCADBCBDCDBDABBDCCCDADADAAACACADBCABACCDBB,,,3,2433,,,,,L_T1_GTR___standard/L_T1_GTR___zabuton_,,,,,L_T1_GTR03_51000001/L_T1_GTR03_33000001,,,
94774,78,,,,,,,,,,51,54,511210000000515241000000454245452007542555400000544220000000522550000000,,bb40ab32,,,,,,,,37,0,4,bb40ab32,1280,5807,,51514555422152554144224525545515424144254121241215124424255554521451,ABABCAAACDDBADAACBCCDDCADAACAABACDCBCCDACBDBDCBDBABDCCDCDAAAACADBCAB,ABABACAACDBDADAABCCCDDACADACAAABCDBCCCADBCBDCDBDABBDCCCDADAAACADBCAB,,,4,5807,,,,,L_T1_GTR___standard/L_T1_GTR___zabuton_,,,,,L_T1_GTR03_33000001,,,,11,44,41,544245222400545245445000151245100007514551141000515424555000255224420000,,00002437,,,,,,,,41,3,0,4,4,2437,,514555422152554144224525545515424144254121241215124424252555545452145154421144,ABCAAACDDBADAACBCCDDCADAACAABACDCBCCDACBDBDCBDBABDCCDCDADAAAACACADBCABACCDBBCC,ABACAACDBDADAABCCCDDACADACAAABCDBCCCADBCBDCDBDABBDCCCDADADAAACACADBCABACCDBBCC,,,3,2437,,,,,L_T1_GTR___standard/L_T1_GTR___zabuton_,,,,,L_T1_GTR03_51000001/L_T1_GTR03_33000001,,,
94786,79,,,,,,,,,51,54,42,511210000000515241000000454244520007542400000000544220000000522550000000,,00005813,,,,,,,,38,1,0,6,6,5813,,5151455542215255414422452554551542414425412124121512442425555452145154,ABABCAAACDDBADAACBCCDDCADAACAABACDCBCCDACBDBDCBDBABDCCDCDAAAACADBCABAC,ABABACAACDBDADAABCCCDDACADACAAABCDBCCCADBCBDCDBDABBDCCCDADAAACADBCABAC,,,4,5813,,,,,L_T1_GTR___standard/L_T1_GTR___zabuton_,,,,,L_T1_GTR03_33000001,,,,11,44,41,544245222400545245445000151245100007514551141000515424555000255224420000,,00002437,,,,,,,,41,3,0,4,4,2437,,514555422152554144224525545515424144254121241215124424252555545452145154421144,ABCAAACDDBADAACBCCDDCADAACAABACDCBCCDACBDBDCBDBABDCCDCDADAAAACACADBCABACCDBBCC,ABACAACDBDADAABCCCDDACADACAAABCDBCCCADBCBDCDBDABBDCCCDADADAAACACADBCABACCDBBCC,,,3,2437,,,,,L_T1_GTR___standard/L_T1_GTR___zabuton_,,,,,L_T1_GTR03_51000001/L_T1_GTR03_33000001,,,
94825,80,,,,,,,,,51,54,42,511210000000515241000000454244520007542400000000544220000000522550000000,,00005813,,,,,,,,38,1,0,6,6,5813,,5151455542215255414422452554551542414425412124121512442425555452145154,ABABCAAACDDBADAACBCCDDCADAACAABACDCBCCDACBDBDCBDBABDCCDCDAAAACADBCABAC,ABABACAACDBDADAABCCCDDACADACAAABCDBCCCADBCBDCDBDABBDCCCDADAAACADBCABAC,,,4,5813,,,,,L_T1_GTR___standard/L_T1_GTR___zabuton_,,,,,L_T1_GTR03_33000001,,,,,44,41,544245222400545245445000151245110007514551141100515424555000255224420000,,bb40abb1,,,,,,,,42,0,1,bb40abb1,40,2477,,514555422152554144224525545515424144254121241215124424252555545452145154421144,ABCAAACDDBADAACBCCDDCADAACAABACDCBCCDACBDBDCBDBABDCCDCDADAAAACACADBCABACCDBBCC,ABACAACDBDADAABCCCDDACADACAAABCDBCCCADBCBDCDBDABBDCCCDADADAAACACADBCABACCDBBCC,,,3,2477,,,,,L_T1_GTR___standard/L_T1_GTR___zabuton_,,,,,L_T1_GTR03_51000001/L_T1_GTR03_33000001,,,
94828,81,,,,,,,,,54,42,11,511211500000515241000000454244520007542400000000544220000000522550000000,,00005821,,,,,,,,39,2,0,8,8,5821,,515145554221525541442245255455154241442541212412151244242555545214515442,ABABCAAACDDBADAACBCCDDCADAACAABACDCBCCDACBDBDCBDBABDCCDCDAAAACADBCABACCD,ABABACAACDBDADAABCCCDDACADACAAABCDBCCCADBCBDCDBDABBDCCCDADAAACADBCABACCD,,,4,5821,,,,,L_T1_GTR___standard/L_T1_GTR___zabuton_,,,,,L_T1_GTR03_33000001,,,,,44,41,544245222400545245445000151245110007514551141100515424555000255224420000,,bb40abb1,,,,,,,,42,0,1,bb40abb1,40,2477,,514555422152554144224525545515424144254121241215124424252555545452145154421144,ABCAAACDDBADAACBCCDDCADAACAABACDCBCCDACBDBDCBDBABDCCDCDADAAAACACADBCABACCDBBCC,ABACAACDBDADAABCCCDDACADACAAABCDBCCCADBCBDCDBDABBDCCCDADADAAACACADBCABACCDBBCC,,,3,2477,,,,,L_T1_GTR___standard/L_T1_GTR___zabuton_,,,,,L_T1_GTR03_51000001/L_T1_GTR03_33000001,,,
94885,82,,,,,,,,,42,11,44,511211540000515241500000454244520007542400000000544220000000522550000000,,00005826,,,,,,,,40,3,0,5,5,5826,,51514555422152554144224525545515424144254121241215124424255554521451544211,ABABCAAACDDBADAACBCCDDCADAACAABACDCBCCDACBDBDCBDBABDCCDCDAAAACADBCABACCDBB,ABABACAACDBDADAABCCCDDACADACAAABCDBCCCADBCBDCDBDABBDCCCDADAAACADBCABACCDBB,,,4,5826,,,,,L_T1_GTR___standard/L_T1_GTR___zabuton_,,,,,L_T1_GTR03_33000001,,,,,44,41,544245222400545245445000151245110007514551141100515424555000255224420000,,bb40abb1,,,,,,,,42,0,1,bb40abb1,40,2477,,514555422152554144224525545515424144254121241215124424252555545452145154421144,ABCAAACDDBADAACBCCDDCADAACAABACDCBCCDACBDBDCBDBABDCCDCDADAAAACACADBCABACCDBBCC,ABACAACDBDADAABCCCDDACADACAAABCDBCCCADBCBDCDBDABBDCCCDADADAAACACADBCABACCDBBCC,,,3,2477,,,,,L_T1_GTR___standard/L_T1_GTR___zabuton_,,,,,L_T1_GTR03_51000001/L_T1_GTR03_33000001,,,
94907,83,,,,,,,,,42,11,44,511211540000515241500000454244520007542400000000544220000000522550000000,,00005826,,,,,,,,40,3,0,5,5,5826,,51514555422152554144224525545515424144254121241215124424255554521451544211,ABABCAAACDDBADAACBCCDDCADAACAABACDCBCCDACBDBDCBDBABDCCDCDAAAACADBCABACCDBB,ABABACAACDBDADAABCCCDDACADACAAABCDBCCCADBCBDCDBDABBDCCCDADAAACADBCABACCDBB,,,4,5826,,,,,L_T1_GTR___standard/L_T1_GTR___zabuton_,,,,,L_T1_GTR03_33000001,,,,,44,41,544245222400545245445000151245000007514554110000515424555000255224420000,,bb40abb8,,,,,,,,43,0,2,bb40abb8,320,2797,,514555422152554144224525545515424144254121241215124424252555545452145154421144,ABCAAACDDBADAACBCCDDCADAACAABACDCBCCDACBDBDCBDBABDCCDCDADAAAACACADBCABACCDBBCC,ABACAACDBDADAABCCCDDACADACAAABCDBCCCADBCBDCDBDABBDCCCDADADAAACACADBCABACCDBBCC,,,3,2797,,,,,L_T1_GTR___standard/L_T1_GTR___zabuton_,,,,,L_T1_GTR03_51000001/L_T1_GTR03_33000001,,,
94932,84,,,,,,,,,11,44,41,511211540000515241500000454244520007542400000000544222000000522554000000,,00005834,,,,,,,,41,4,0,8,8,5834,,5151455542215255414422452554551542414425412124121512442425555452145154421144,ABABCAAACDDBADAACBCCDDCADAACAABACDCBCCDACBDBDCBDBABDCCDCDAAAACADBCABACCDBBCC,ABABACAACDBDADAABCCCDDACADACAAABCDBCCCADBCBDCDBDABBDCCCDADAAACADBCABACCDBBCC,,,4,5834,,,,,L_T1_GTR___standard/L_T1_GTR___zabuton_,,,,,L_T1_GTR03_33000001,,,,,44,41,544245222400545245445000151245000007514554110000515424555000255224420000,,bb40abb8,,,,,,,,43,0,2,bb40abb8,320,2797,,514555422152554144224525545515424144254121241215124424252555545452145154421144,ABCAAACDDBADAACBCCDDCADAACAABACDCBCCDACBDBDCBDBABDCCDCDADAAAACACADBCABACCDBBCC,ABACAACDBDADAABCCCDDACADACAAABCDBCCCADBCBDCDBDABBDCCCDADADAAACACADBCABACCDBBCC,,,3,2797,,,,,L_T1_GTR___standard/L_T1_GTR___zabuton_,,,,,L_T1_GTR03_51000001/L_T1_GTR03_33000001,,,
94968,85,,,,,,,,,44,41,22,511211540000515241511000454244520007542400000000544222000000522554000000,,00005839,,,,,,,,42,5,0,5,5,5839,,515145554221525541442245255455154241442541212412151244242555545214515442114441,ABABCAAACDDBADAACBCCDDCADAACAABACDCBCCDACBDBDCBDBABDCCDCDAAAACADBCABACCDBBCCCB,ABABACAACDBDADAABCCCDDACADACAAABCDBCCCADBCBDCDBDABBDCCCDADAAACADBCABACCDBBCCBC,,,4,5839,,,,,L_T1_GTR___standard/L_T1_GTR___zabuton_,,,,,L_T1_GTR03_33000001,,,,,44,41,544245222400545245445000151245000007514554110000515424555000255224420000,,bb40abb8,,,,,,,,43,0,2,bb40abb8,320,2797,,514555422152554144224525545515424144254121241215124424252555545452145154421144,ABCAAACDDBADAACBCCDDCADAACAABACDCBCCDACBDBDCBDBABDCCDCDADAAAACACADBCABACCDBBCC,ABACAACDBDADAABCCCDDACADACAAABCDBCCCADBCBDCDBDABBDCCCDADADAAACACADBCABACCDBBCC,,,3,2797,,,,,L_T1_GTR___standard/L_T1_GTR___zabuton_,,,,,L_T1_GTR03_51000001/L_T1_GTR03_33000001,,,
94989,86,,,,,,,,,44,41,22,511211540000515241511000454244520007542400000000544222000000522554000000,,00005839,,,,,,,,42,5,0,5,5,5839,,515145554221525541442245255455154241442541212412151244242555545214515442114441,ABABCAAACDDBADAACBCCDDCADAACAABACDCBCCDACBDBDCBDBABDCCDCDAAAACADBCABACCDBBCCCB,ABABACAACDBDADAABCCCDDACADACAAABCDBCCCADBCBDCDBDABBDCCCDADAAACADBCABACCDBBCCBC,,,4,5839,,,,,L_T1_GTR___standard/L_T1_GTR___zabuton_,,,,,L_T1_GTR03_33000001,,,,,44,41,544245222400545245445000151245000007514551100000515425550000255222000000,,bb40ab16,,,,,,,,44,0,3,bb40ab16,640,3437,,514555422152554144224525545515424144254121241215124424252555545452145154421144,ABCAAACDDBADAACBCCDDCADAACAABACDCBCCDACBDBDCBDBABDCCDCDADAAAACACADBCABACCDBBCC,ABACAACDBDADAABCCCDDACADACAAABCDBCCCADBCBDCDBDABBDCCCDADADAAACACADBCABACCDBBCC,,,3,3437,,,,,L_T1_GTR___standard/L_T1_GTR___zabuton_,,,,,L_T1_GTR03_51000001/L_T1_GTR03_33000001,,,
95004,87,,,,,,,,,41,22,22,511211544400515241511000454244520007542400000000544222000000522554000000,,00005843,,,,,,,,43,6,0,4,4,5843,,51514555422152554144224525545515424144254121241215124424255554521451544211444122,ABABCAAACDDBADAACBCCDDCADAACAABACDCBCCDACBDBDCBDBABDCCDCDAAAACADBCABACCDBBCCCBDD,ABABACAACDBDADAABCCCDDACADACAAABCDBCCCADBCBDCDBDABBDCCCDADAAACADBCABACCDBBCCBCDD,,,4,5843,,,,,L_T1_GTR___standard/L_T1_GTR___zabuton_,,,,,L_T1_GTR03_33000001,,,,,44,41,544245222400545245445000151245000007514551100000515425550000255222000000,,bb40ab16,,,,,,,,44,0,3,bb40ab16,640,3437,,514555422152554144224525545515424144254121241215124424252555545452145154421144,ABCAAACDDBADAACBCCDDCADAACAABACDCBCCDACBDBDCBDBABDCCDCDADAAAACACADBCABACCDBBCC,ABACAACDBDADAABCCCDDACADACAAABCDBCCCADBCBDCDBDABBDCCCDADADAAACACADBCABACCDBBCC,,,3,3437,,,,,L_T1_GTR___standard/L_T1_GTR___zabuton_,,,,,L_T1_GTR03_51000001/L_T1_GTR03_33000001,,,
95069,88,,,,,,,,,41,22,22,511211544400515241511000454244520007542400000000544222000000522554000000,,00005843,,,,,,,,43,6,0,4,4,5843,,51514555422152554144224525545515424144254121241215124424255554521451544211444122,ABABCAAACDDBADAACBCCDDCADAACAABACDCBCCDACBDBDCBDBABDCCDCDAAAACADBCABACCDBBCCCBDD,ABABACAACDBDADAABCCCDDACADACAAABCDBCCCADBCBDCDBDABBDCCCDADAAACADBCABACCDBBCCBCDD,,,4,5843,,,,,L_T1_GTR___standard/L_T1_GTR___zabuton_,,,,,L_T1_GTR03_33000001,,,,,44,41,544245222400545245445000151245000007514551100000515455500000255000000000,,bb50ab34,,,,,,,,45,0,4,bb50ab34,1700,5137,,514555422152554144224525545515424144254121241215124424252555545452145154421144,ABCAAACDDBADAACBCCDDCADAACAABACDCBCCDACBDBDCBDBABDCCDCDADAAAACACADBCABACCDBBCC,ABACAACDBDADAABCCCDDACADACAAABCDBCCCADBCBDCDBDABBDCCCDADADAAACACADBCABACCDBBCC,,,4,5137,,,,,L_T1_GTR___standard/L_T1_GTR___zabuton_,,,,,L_T1_GTR03_51000001/L_T1_GTR03_33000001,,,
95076,89,,,,,,,,,22,22,55,511211544400515241511000454244520007542410000000544222400000522554000000,,00005850,,,,,,,,44,7,0,7,7,5850,,5151455542215255414422452554551542414425412124121512442425555452145154421144412222,ABABCAAACDDBADAACBCCDDCADAACAABACDCBCCDACBDBDCBDBABDCCDCDAAAACADBCABACCDBBCCCBDDDD,ABABACAACDBDADAABCCCDDACADACAAABCDBCCCADBCBDCDBDABBDCCCDADAAACADBCABACCDBBCCBCDDDD,,,4,5850,,,,,L_T1_GTR___standard/L_T1_GTR___zabuton_,,,,,L_T1_GTR03_33000001,,,,,44,41,544245222400545245445000151245000007514551100000515455500000255000000000,,bb50ab34,,,,,,,,45,0,4,bb50ab34,1700,5137,,514555422152554144224525545515424144254121241215124424252555545452145154421144,ABCAAACDDBADAACBCCDDCADAACAABACDCBCCDACBDBDCBDBABDCCDCDADAAAACACADBCABACCDBBCC,ABACAACDBDADAABCCCDDACADACAAABCDBCCCADBCBDCDBDABBDCCCDADADAAACACADBCABACCDBBCC,,,4,5137,,,,,L_T1_GTR___standard/L_T1_GTR___zabuton_,,,,,L_T1_GTR03_51000001/L_T1_GTR03_33000001,,,
95109,90,,,,,,,,,22,55,25,511211544400515241511220454244520007542410000000544222400000522554000000,,00005854,,,,,,,,45,8,0,4,4,5854,,515145554221525541442245255455154241442541212412151244242555545214515442114441222255,ABABCAAACDDBADAACBCCDDCADAACAABACDCBCCDACBDBDCBDBABDCCDCDAAAACADBCABACCDBBCCCBDDDDAA,ABABACAACDBDADAABCCCDDACADACAAABCDBCCCADBCBDCDBDABBDCCCDADAAACADBCABACCDBBCCBCDDDDAA,,,4,5854,,,,,L_T1_GTR___standard/L_T1_GTR___zabuton_,,,,,L_T1_GTR03_33000001,,,,,44,41,544245222400545245445000151245000007514551100000515455500000255000000000,,bb50ab34,,,,,,,,45,0,4,bb50ab34,1700,5137,,514555422152554144224525545515424144254121241215124424252555545452145154421144,ABCAAACDDBADAACBCCDDCADAACAABACDCBCCDACBDBDCBDBABDCCDCDADAAAACACADBCABACCDBBCC,ABACAACDBDADAABCCCDDACADACAAABCDBCCCADBCBDCDBDABBDCCCDADADAAACACADBCABACCDBBCC,,,4,5137,,,,,L_T1_GTR___standard/L_T1_GTR___zabuton_,,,,,L_T1_GTR03_51000001/L_T1_GTR03_33000001,,,
95172,91,,,,,,,,,55,25,41,511211544400515241511222454244522007542410000000544222400000522554000000,,00005856,,,,,,,,46,9,0,2,2,5856,,51514555422152554144224525545515424144254121241215124424255554521451544211444122225525,ABABCAAACDDBADAACBCCDDCADAACAABACDCBCCDACBDBDCBDBABDCCDCDAAAACADBCABACCDBBCCCBDDDDAADA,ABABACAACDBDADAABCCCDDACADACAAABCDBCCCADBCBDCDBDABBDCCCDADAAACADBCABACCDBBCCBCDDDDAAAD,,,4,5856,,,,,L_T1_GTR___standard/L_T1_GTR___zabuton_,,,,,L_T1_GTR03_33000001,,,,,44,41,544245222400545245445000151245000007514551100000515455500000255000000000,,bb50ab34,,,,,,,,45,0,4,bb50ab34,1700,5137,,514555422152554144224525545515424144254121241215124424252555545452145154421144,ABCAAACDDBADAACBCCDDCADAACAABACDCBCCDACBDBDCBDBABDCCDCDADAAAACACADBCABACCDBBCC,ABACAACDBDADAABCCCDDACADACAAABCDBCCCADBCBDCDBDABBDCCCDADADAAACACADBCABACCDBBCC,,,4,5137,,,,,L_T1_GTR___standard/L_T1_GTR___zabuton_,,,,,L_T1_GTR03_51000001/L_T1_GTR03_33000001,,,
95202,92,,,,,,,,,,25,41,511211544400515241511222454244522007542415500000544222400000522554000000,,bb50abb2,,,,,,,,47,0,1,bb50abb2,100,5956,,51514555422152554144224525545515424144254121241215124424255554521451544211444122225525,ABABCAAACDDBADAACBCCDDCADAACAABACDCBCCDACBDBDCBDBABDCCDCDAAAACADBCABACCDBBCCCBDDDDAADA,ABABACAACDBDADAABCCCDDACADACAAABCDBCCCADBCBDCDBDABBDCCCDADAAACADBCABACCDBBCCBCDDDDAAAD,,,4,5956,,,,,L_T1_GTR___standard/L_T1_GTR___zabuton_,,,,,L_T1_GTR03_33000001,,,,,44,41,544245222400545245445000151245000007514551100000515455500000255000000000,,bb50ab34,,,,,,,,45,0,4,bb50ab34,1700,5137,,514555422152554144224525545515424144254121241215124424252555545452145154421144,ABCAAACDDBADAACBCCDDCADAACAABACDCBCCDACBDBDCBDBABDCCDCDADAAAACACADBCABACCDBBCC,ABACAACDBDADAABCCCDDACADACAAABCDBCCCADBCBDCDBDABBDCCCDADADAAACACADBCABACCDBBCC,,,4,5137,,,,,L_T1_GTR___standard/L_T1_GTR___zabuton_,,,,,L_T1_GTR03_51000001/L_T1_GTR03_33000001,,,
95220,93,,,,,,,,,,25,41,511211544400515241511222454244522007542415500000544222400000522554000000,,bb50abb2,,,,,,,,47,0,1,bb50abb2,100,5956,,51514555422152554144224525545515424144254121241215124424255554521451544211444122225525,ABABCAAACDDBADAACBCCDDCADAACAABACDCBCCDACBDBDCBDBABDCCDCDAAAACADBCABACCDBBCCCBDDDDAADA,ABABACAACDBDADAABCCCDDACADACAAABCDBCCCADBCBDCDBDABBDCCCDADAAACADBCABACCDBBCCBCDDDDAAAD,,,4,5956,,,,,L_T1_GTR___standard/L_T1_GTR___zabuton_,,,,,L_T1_GTR03_33000001,,,,44,41,22,544245222466545245445660151245600007514116000000515466000000255660000000,,00005141,,,,,,,,46,1,0,4,4,5141,,51455542215255414422452554551542414425412124121512442425255554545214515442114441,ABCAAACDDBADAACBCCDDCADAACAABACDCBCCDACBDBDCBDBABDCCDCDADAAAACACADBCABACCDBBCCCB,ABACAACDBDADAABCCCDDACADACAAABCDBCCCADBCBDCDBDABBDCCCDADADAAACACADBCABACCDBBCCBC,,,4,5141,,,,,L_T1_GTR___standard/L_T1_GTR___zabuton_,,,,,L_T1_GTR03_51000001/L_T1_GTR03_33000001,,,
95266,94,,,,,,,,,,25,41,511211544400515241511222454244522007542415500000544222400000522554000000,,bb50abb2,,,,,,,,47,0,1,bb50abb2,100,5956,,51514555422152554144224525545515424144254121241215124424255554521451544211444122225525,ABABCAAACDDBADAACBCCDDCADAACAABACDCBCCDACBDBDCBDBABDCCDCDAAAACADBCABACCDBBCCCBDDDDAADA,ABABACAACDBDADAABCCCDDACADACAAABCDBCCCADBCBDCDBDABBDCCCDADAAACADBCABACCDBBCCBCDDDDAAAD,,,4,5956,,,,,L_T1_GTR___standard/L_T1_GTR___zabuton_,,,,,L_T1_GTR03_33000001,,,,41,22,22,544245222466545245445660151245600007514116400000515466400000255660000000,,00005148,,,,,,,,47,2,0,7,7,5148,,5145554221525541442245255455154241442541212412151244242525555454521451544211444122,ABCAAACDDBADAACBCCDDCADAACAABACDCBCCDACBDBDCBDBABDCCDCDADAAAACACADBCABACCDBBCCCBDD,ABACAACDBDADAABCCCDDACADACAAABCDBCCCADBCBDCDBDABBDCCCDADADAAACACADBCABACCDBBCCBCDD,,,4,5148,,,,,L_T1_GTR___standard/L_T1_GTR___zabuton_,,,,,L_T1_GTR03_51000001/L_T1_GTR03_33000001,,,
95289,95,,,,,,,,,,25,41,511211444000515241112220454244220007542410000000544222400000522554000000,,bb50ab10,,,,,,,,48,0,2,bb50ab10,500,6456,,51514555422152554144224525545515424144254121241215124424255554521451544211444122225525,ABABCAAACDDBADAACBCCDDCADAACAABACDCBCCDACBDBDCBDBABDCCDCDAAAACADBCABACCDBBCCCBDDDDAADA,ABABACAACDBDADAABCCCDDACADACAAABCDBCCCADBCBDCDBDABBDCCCDADAAACADBCABACCDBBCCBCDDDDAAAD,,,4,6456,,,,,L_T1_GTR___standard/L_T1_GTR___zabuton_,,,,,L_T1_GTR03_33000001,,,,41,22,22,544245222466545245445660151245600007514116400000515466400000255660000000,,00005148,,,,,,,,47,2,0,7,7,5148,,5145554221525541442245255455154241442541212412151244242525555454521451544211444122,ABCAAACDDBADAACBCCDDCADAACAABACDCBCCDACBDBDCBDBABDCCDCDADAAAACACADBCABACCDBBCCCBDD,ABACAACDBDADAABCCCDDACADACAAABCDBCCCADBCBDCDBDABBDCCCDADADAAACACADBCABACCDBBCCBCDD,,,4,5148,,,,,L_T1_GTR___standard/L_T1_GTR___zabuton_,,,,,L_T1_GTR03_51000001/L_T1_GTR03_33000001,,,
95304,96,,,,,,,,,,25,41,511211444000515241112220454244220007542410000000544222400000522554000000,,bb50ab10,,,,,,,,48,0,2,bb50ab10,500,6456,,51514555422152554144224525545515424144254121241215124424255554521451544211444122225525,ABABCAAACDDBADAACBCCDDCADAACAABACDCBCCDACBDBDCBDBABDCCDCDAAAACADBCABACCDBBCCCBDDDDAADA,ABABACAACDBDADAABCCCDDACADACAAABCDBCCCADBCBDCDBDABBDCCCDADAAACADBCABACCDBBCCBCDDDDAAAD,,,4,6456,,,,,L_T1_GTR___standard/L_T1_GTR___zabuton_,,,,,L_T1_GTR03_33000001,,,,22,22,55,544245222466545245445660151245600007514116440000515466410000255660000000,,00005154,,,,,,,,48,3,0,6,6,5154,,514555422152554144224525545515424144254121241215124424252555545452145154421144412222,ABCAAACDDBADAACBCCDDCADAACAABACDCBCCDACBDBDCBDBABDCCDCDADAAAACACADBCABACCDBBCCCBDDDD,ABACAACDBDADAABCCCDDACADACAAABCDBCCCADBCBDCDBDABBDCCCDADADAAACACADBCABACCDBBCCBCDDDD,,,4,5154,,,,,L_T1_GTR___standard/L_T1_GTR___zabuton_,,,,,L_T1_GTR03_51000001/L_T1_GTR03_33000001,,,
95333,97,,,,,,,,,,25,41,511211444000515241112220454244220007542410000000544222400000522554000000,,bb50ab10,,,,,,,,48,0,2,bb50ab10,500,6456,,51514555422152554144224525545515424144254121241215124424255554521451544211444122225525,ABABCAAACDDBADAACBCCDDCADAACAABACDCBCCDACBDBDCBDBABDCCDCDAAAACADBCABACCDBBCCCBDDDDAADA,ABABACAACDBDADAABCCCDDACADACAAABCDBCCCADBCBDCDBDABBDCCCDADAAACADBCABACCDBBCCBCDDDDAAAD,,,4,6456,,,,,L_T1_GTR___standard/L_T1_GTR___zabuton_,,,,,L_T1_GTR03_33000001,,,,22,35,25,544245222466545245445662151245600007514116440000515466410000255660000000,,00005156,,,,,,,,49,4,0,2,2,5156,,51455542215255414422452554551542414425412124121512442425255554545214515442114441222235,ABCAAACDDBADAACBCCDDCADAACAABACDCBCCDACBDBDCBDBABDCCDCDADAAAACACADBCABACCDBBCCCBDDDDEA,ABACAACDBDADAABCCCDDACADACAAABCDBCCCADBCBDCDBDABBDCCCDADADAAACACADBCABACCDBBCCBCDDDDAE,,,4,5156,,,,,L_T1_GTR___standard/L_T1_GTR___zabuton_,,,,,L_T1_GTR03_51000001/L_T1_GTR03_33000001,,,
95372,98,,,,,,,,,,25,41,511211444000515241112220454244220007542410000000544222400000522554000000,,bb50ab10,,,,,,,,48,0,2,bb50ab10,500,6456,,51514555422152554144224525545515424144254121241215124424255554521451544211444122225525,ABABCAAACDDBADAACBCCDDCADAACAABACDCBCCDACBDBDCBDBABDCCDCDAAAACADBCABACCDBBCCCBDDDDAADA,ABABACAACDBDADAABCCCDDACADACAAABCDBCCCADBCBDCDBDABBDCCCDADAAACADBCABACCDBBCCBCDDDDAAAD,,,4,6456,,,,,L_T1_GTR___standard/L_T1_GTR___zabuton_,,,,,L_T1_GTR03_33000001,,,,35,25,41,544245222466545245445662151245600007514116440000515466412200255660000000,,00005160,,,,,,,,50,5,0,4,4,5160,,5145554221525541442245255455154241442541212412151244242525555454521451544211444122223525,ABCAAACDDBADAACBCCDDCADAACAABACDCBCCDACBDBDCBDBABDCCDCDADAAAACACADBCABACCDBBCCCBDDDDEADA,ABACAACDBDADAABCCCDDACADACAAABCDBCCCADBCBDCDBDABBDCCCDADADAAACACADBCABACCDBBCCBCDDDDAEAD,,,4,5160,,,,,L_T1_GTR___standard/L_T1_GTR___zabuton_,,,,,L_T1_GTR03_51000001/L_T1_GTR03_33000001,,,
95373,99,,,,,,,,,,25,41,511244400000515242220000454244220007542410000000544222400000522554000000,,b110ab24,,,,,,,,49,0,3,b110ab24,2640,9096,,51514555422152554144224525545515424144254121241215124424255554521451544211444122225525,ABABCAAACDDBADAACBCCDDCADAACAABACDCBCCDACBDBDCBDBABDCCDCDAAAACADBCABACCDBBCCCBDDDDAADA,ABABACAACDBDADAABCCCDDACADACAAABCDBCCCADBCBDCDBDABBDCCCDADAAACADBCABACCDBBCCBCDDDDAAAD,,,4,9096,,,,,L_T1_GTR___standard/L_T1_GTR___zabuton_,,,,,L_T1_GTR03_33000001,,,,35,25,41,544245222466545245445662151245600007514116440000515466412200255660000000,,00005160,,,,,,,,50,5,0,4,4,5160,,5145554221525541442245255455154241442541212412151244242525555454521451544211444122223525,ABCAAACDDBADAACBCCDDCADAACAABACDCBCCDACBDBDCBDBABDCCDCDADAAAACACADBCABACCDBBCCCBDDDDEADA,ABACAACDBDADAABCCCDDACADACAAABCDBCCCADBCBDCDBDABBDCCCDADADAAACACADBCABACCDBBCCBCDDDDAEAD,,,4,5160,,,,,L_T1_GTR___standard/L_T1_GTR___zabuton_,,,,,L_T1_GTR03_51000001/L_T1_GTR03_33000001,,,
95407,100,,,,,,,,,,25,41,511244400000515242220000454244220007542410000000544222400000522554000000,,b110ab24,,,,,,,,49,0,3,b110ab24,2640,9096,,51514555422152554144224525545515424144254121241215124424255554521451544211444122225525,ABABCAAACDDBADAACBCCDDCADAACAABACDCBCCDACBDBDCBDBABDCCDCDAAAACADBCABACCDBBCCCBDDDDAADA,ABABACAACDBDADAABCCCDDACADACAAABCDBCCCADBCBDCDBDABBDCCCDADAAACADBCABACCDBBCCBCDDDDAAAD,,,4,9096,,,,,L_T1_GTR___standard/L_T1_GTR___zabuton_,,,,,L_T1_GTR03_33000001,,,,25,41,11,544245222466545245445662151245600007514116445500515466412200255660000000,,00005165,,,,,,,,51,6,0,5,5,5165,,514555422152554144224525545515424144254121241215124424252555545452145154421144412222352541,ABCAAACDDBADAACBCCDDCADAACAABACDCBCCDACBDBDCBDBABDCCDCDADAAAACACADBCABACCDBBCCCBDDDDEADACB,ABACAACDBDADAABCCCDDACADACAAABCDBCCCADBCBDCDBDABBDCCCDADADAAACACADBCABACCDBBCCBCDDDDAEADBC,,,4,5165,,,,,L_T1_GTR___standard/L_T1_GTR___zabuton_,,,,,L_T1_GTR03_51000001/L_T1_GTR03_33000001,,,
95438,101,,,,,,,,,25,41,11,511200000000515200000000454200000007542410000000544222400000522554000000,,00009103,,,,,,,,50,1,0,7,7,9103,,5151455542215255414422452554551542414425412124121512442425555452145154421144412222552541,ABABCAAACDDBADAACBCCDDCADAACAABACDCBCCDACBDBDCBDBABDCCDCDAAAACADBCABACCDBBCCCBDDDDAADACB,ABABACAACDBDADAABCCCDDACADACAAABCDBCCCADBCBDCDBDABBDCCCDADAAACADBCABACCDBBCCBCDDDDAAADBC,,,4,9103,,,,,L_T1_GTR___standard/L_T1_GTR___zabuton_,,,,,L_T1_GTR03_33000001,,,,25,41,11,544245222466545245445662151245600007514116445500515466412200255660000000,,00005165,,,,,,,,51,6,0,5,5,5165,,514555422152554144224525545515424144254121241215124424252555545452145154421144412222352541,ABCAAACDDBADAACBCCDDCADAACAABACDCBCCDACBDBDCBDBABDCCDCDADAAAACACADBCABACCDBBCCCBDDDDEADACB,ABACAACDBDADAABCCCDDACADACAAABCDBCCCADBCBDCDBDABBDCCCDADADAAACACADBCABACCDBBCCBCDDDDAEADBC,,,4,5165,,,,,L_T1_GTR___standard/L_T1_GTR___zabuton_,,,,,L_T1_GTR03_51000001/L_T1_GTR03_33000001,,,
95484,102,,,,,,,,,41,11,24,511252000000515200000000454200000007542410000000544222400000522554000000,,00009111,,,,,,,,51,2,0,8,8,9111,,515145554221525541442245255455154241442541212412151244242555545214515442114441222255254111,ABABCAAACDDBADAACBCCDDCADAACAABACDCBCCDACBDBDCBDBABDCCDCDAAAACADBCABACCDBBCCCBDDDDAADACBBB,ABABACAACDBDADAABCCCDDACADACAAABCDBCCCADBCBDCDBDABBDCCCDADAAACADBCABACCDBBCCBCDDDDAAADBCBB,,,4,9111,,,,,L_T1_GTR___standard/L_T1_GTR___zabuton_,,,,,L_T1_GTR03_33000001,,,,25,41,11,544245222466545245445662151245600007514116445500515466412200255660000000,,00005165,,,,,,,,51,6,0,5,5,5165,,514555422152554144224525545515424144254121241215124424252555545452145154421144412222352541,ABCAAACDDBADAACBCCDDCADAACAABACDCBCCDACBDBDCBDBABDCCDCDADAAAACACADBCABACCDBBCCCBDDDDEADACB,ABACAACDBDADAABCCCDDACADACAAABCDBCCCADBCBDCDBDABBDCCCDADADAAACACADBCABACCDBBCCBCDDDDAEADBC,,,4,5165,,,,,L_T1_GTR___standard/L_T1_GTR___zabuton_,,,,,L_T1_GTR03_51000001/L_T1_GTR03_33000001,,,
95499,103,,,,,,,,,41,11,24,511252000000515200000000454200000007542410000000544222400000522554000000,,00009111,,,,,,,,51,2,0,8,8,9111,,515145554221525541442245255455154241442541212412151244242555545214515442114441222255254111,ABABCAAACDDBADAACBCCDDCADAACAABACDCBCCDACBDBDCBDBABDCCDCDAAAACADBCABACCDBBCCCBDDDDAADACBBB,ABABACAACDBDADAABCCCDDACADACAAABCDBCCCADBCBDCDBDABBDCCCDADAAACADBCABACCDBBCCBCDDDDAAADBCBB,,,4,9111,,,,,L_T1_GTR___standard/L_T1_GTR___zabuton_,,,,,L_T1_GTR03_33000001,,,,,41,11,544245222466545245445662151245666666514116445526515466412256255666666600,,00005168,,,,,lose,,,52,6,0,3,3,5168,,514555422152554144224525545515424144254121241215124424252555545452145154421144412222352541,ABCAAACDDBADAACBCCDDCADAACAABACDCBCCDACBDBDCBDBABDCCDCDADAAAACACADBCABACCDBBCCCBDDDDEADACB,ABACAACDBDADAABCCCDDACADACAAABCDBCCCADBCBDCDBDABBDCCCDADADAAACACADBCABACCDBBCCBCDDDDAEADBC,,,4,5168,,,,,L_T1_GTR___standard/L_T1_GTR___zabuton_,,,,,L_T1_GTR03_51000001/L_T1_GTR03_33000001,,,
95507,103,,,,,,,,,,11,24,511252000000515200000000454200000007542410000000544222400000522554410000,,00009118,,,,,win,,,52,2,0,7,7,9118,,515145554221525541442245255455154241442541212412151244242555545214515442114441222255254111,ABABCAAACDDBADAACBCCDDCADAACAABACDCBCCDACBDBDCBDBABDCCDCDAAAACADBCABACCDBBCCCBDDDDAADACBBB,ABABACAACDBDADAABCCCDDACADACAAABCDBCCCADBCBDCDBDABBDCCCDADAAACADBCABACCDBBCCBCDDDDAAADBCBB,,,4,9118,,,,,L_T1_GTR___standard/L_T1_GTR___zabuton_,,,,,L_T1_GTR03_33000001,,,,,41,11,544245222466545245445662151245666666514116445526515466412256255666666600,,00005168,,,,,lose,,,52,6,0,3,3,5168,,514555422152554144224525545515424144254121241215124424252555545452145154421144412222352541,ABCAAACDDBADAACBCCDDCADAACAABACDCBCCDACBDBDCBDBABDCCDCDADAAAACACADBCABACCDBBCCCBDDDDEADACB,ABACAACDBDADAABCCCDDACADACAAABCDBCCCADBCBDCDBDABBDCCCDADADAAACACADBCABACCDBBCCBCDDDDAEADBC,,,4,5168,,,,,L_T1_GTR___standard/L_T1_GTR___zabuton_,,,,,L_T1_GTR03_51000001/L_T1_GTR03_33000001,,,
