80091,0,,,,,,,,,,21,51,000000000000000000000000000000000007000000000000000000000000000000000000,000000,00000000,,,,,,,,0,0,0,0,0,0,,21,AB,AB,,,0,0,,,,,,,,,,,,,,,21,51,000000000000000000000000000000000007000000000000000000000000000000000000,000000,00000000,,,,,,,,0,0,0,0,0,0,,21,AB,AB,,,0,0,,,,,,,,,,,,,
80243,2,,,,,,,,,21,51,51,000000000000000000000000000000000007000000000000000000000000000000000000,,00000000,,,,,,,,1,1,0,0,0,0,,2151,BACA,ABAC,,,0,0,,,,,,,,,,,,,,21,51,51,000000000000000000000000000000000007000000000000000000000000000000000000,,00000000,,,,,,,,1,1,0,0,0,0,,2151,BACA,ABAC,,,0,0,,,,,,,,,,,,,
80292,4,,,,,,,,,51,51,52,120000000000000000000000000000000007000000000000000000000000000000000000,,00000012,,,,,,,,2,2,0,12,12,12,,215151,BACACA,ABACAC,,,0,12,,,,,,,,,,,,,,51,51,52,000000000000100000000000200000000007000000000000000000000000000000000000,,00000013,,,,,,,,2,2,0,13,13,13,,215151,BACACA,ABACAC,,,0,13,,,,,,,,,,,,,
80342,5,,,,,,,,,51,52,51,120000000000100000000000500000000007000000000000000000000000000000000000,,00000025,,,,,,,,3,3,0,13,13,25,,21515152,BACACACB,ABACACBC,,,0,25,,,,,,,,,,,,,,51,51,52,000000000000100000000000200000000007000000000000000000000000000000000000,,00000013,,,,,,,,2,2,0,13,13,13,,215151,BACACA,ABACAC,,,0,13,,,,,,,,,,,,,
80344,6,,,,,,,,,51,52,51,120000000000100000000000500000000007000000000000000000000000000000000000,,00000025,,,,,,,,3,3,0,13,13,25,,21515152,BACACACB,ABACACBC,,,0,25,,,,,,,,,,,,,,51,52,51,150000000000100000000000200000000007000000000000000000000000000000000000,,00000025,,,,,,,,3,3,0,12,12,25,,21515152,BACACACB,ABACACBC,,,0,25,,,,,,,,,,,,,
80390,7,,,,,,,,,52,51,25,120000000000100000000000515000000007000000000000000000000000000000000000,,00000036,,,,,,,,4,4,0,11,11,36,,2151515251,BACACACBCA,ABACACBCAC,,,0,36,,,,,,,,,,L_T1_GTR03_31110001,,,,51,52,51,150000000000100000000000200000000007000000000000000000000000000000000000,,00000025,,,,,,,,3,3,0,12,12,25,,21515152,BACACACB,ABACACBC,,,0,25,,,,,,,,,,,,,
80396,8,,,,,,,,,52,51,25,120000000000100000000000515000000007000000000000000000000000000000000000,,00000036,,,,,,,,4,4,0,11,11,36,,2151515251,BACACACBCA,ABACACBCAC,,,0,36,,,,,,,,,,L_T1_GTR03_31110001,,,,52,51,25,150000000000150000000000210000000007000000000000000000000000000000000000,,00000037,,,,,,,,4,4,0,12,12,37,,2151515251,BACACACBCA,ABACACBCAC,,,0,37,,,,,,,,,,,,,
80437,9,,,,,,,,,51,25,14,122500000000100000000000515000000007000000000000000000000000000000000000,,00000046,,,,,,,,5,5,0,10,10,46,,215151525125,BACACACBCABC,ABACACBCACBC,,,0,46,,,,,,,,,,L_T1_GTR03_22110002,,,,52,51,25,150000000000150000000000210000000007000000000000000000000000000000000000,,00000037,,,,,,,,4,4,0,12,12,37,,2151515251,BACACACBCA,ABACACBCAC,,,0,37,,,,,,,,,,,,,
80448,10,,,,,,,,,51,25,14,122500000000100000000000515000000007000000000000000000000000000000000000,,00000046,,,,,,,,5,5,0,10,10,46,,215151525125,BACACACBCABC,ABACACBCACBC,,,0,46,,,,,,,,,,L_T1_GTR03_22110002,,,,51,25,14,150000000000150000000000210000000007520000000000000000000000000000000000,,00000050,,,,,,,,5,5,0,13,13,50,,215151525125,BACACACBCABC,ABACACBCACBC,,,0,50,,,,,,,,,,L_T1_GTR03_32100001/L_T1_GTR03_22110001,,,
80488,11,,,,,,,,,25,14,54,122500000000100000000000515000000007150000000000000000000000000000000000,,00000058,,,,,,,,6,6,0,12,12,58,,21515152512514,BACACACBCABCAD,ABACACBCACBCAD,,,0,58,,,,,,,,,,L_T1_GTR03_32100001/L_T1_GTR03_22110002,,,,51,25,14,150000000000150000000000210000000007520000000000000000000000000000000000,,00000050,,,,,,,,5,5,0,13,13,50,,215151525125,BACACACBCABC,ABACACBCACBC,,,0,50,,,,,,,,,,L_T1_GTR03_32100001/L_T1_GTR03_22110001,,,
80498,12,,,,,,,,,25,14,54,122500000000100000000000515000000007150000000000000000000000000000000000,,00000058,,,,,,,,6,6,0,12,12,58,,21515152512514,BACACACBCABCAD,ABACACBCACBCAD,,,0,58,,,,,,,,,,L_T1_GTR03_32100001/L_T1_GTR03_22110002,,,,25,14,54,155000000000151000000000210000000007520000000000000000000000000000000000,,00000061,,,,,,,,6,6,0,11,11,61,,21515152512514,BACACACBCABCAD,ABACACBCACBCAD,,,0,61,,,,,L_T1_GTR___standard,,,,,L_T1_GTR03_33000001/L_T1_GTR03_32100001,,,
80550,13,,,,,,,,,25,14,54,122500000000100000000000515000000007150000000000000000000000000000000000,,00000058,,,,,,,,6,6,0,12,12,58,,21515152512514,BACACACBCABCAD,ABACACBCACBCAD,,,0,58,,,,,,,,,,L_T1_GTR03_32100001/L_T1_GTR03_22110002,,,,14,54,24,155000000000151000000000210000000007520000000000520000000000000000000000,,00000073,,,,,,,,7,7,0,12,12,73,,2151515251251454,BACACACBCABCADCD,ABACACBCACBCADCD,,,0,73,,,,,L_T1_GTR___standard,,,,,L_T1_GTR03_33000001,,,
80560,14,,,,,,,,,14,54,24,122550000000120000000000515000000007150000000000000000000000000000000000,,00000067,,,,,,,,7,7,0,9,9,67,,2151515251251454,BACACACBCABCADCD,ABACACBCACBCADCD,,,0,67,,,,,,,,,,L_T1_GTR03_32100001,,,,14,54,24,155000000000151000000000210000000007520000000000520000000000000000000000,,00000073,,,,,,,,7,7,0,12,12,73,,2151515251251454,BACACACBCABCADCD,ABACACBCACBCADCD,,,0,73,,,,,L_T1_GTR___standard,,,,,L_T1_GTR03_33000001,,,
80594,15,,,,,,,,,14,54,24,122550000000120000000000515000000007150000000000000000000000000000000000,,00000067,,,,,,,,7,7,0,9,9,67,,2151515251251454,BACACACBCABCADCD,ABACACBCACBCADCD,,,0,67,,,,,,,,,,L_T1_GTR03_32100001,,,,54,24,15,155000000000151410000000210000000007520000000000520000000000000000000000,,00000082,,,,,,,,8,8,0,9,9,82,,215151525125145424,BACACACBCABCADCDBD,ABACACBCACBCADCDBD,,,0,82,,,,,L_T1_GTR___standard,,,,,L_T1_GTR03_33000001,,,
80616,16,,,,,,,,,54,24,15,122550000000120000000000515000000007150000000000100000000000400000000000,,00000080,,,,,,,,8,8,0,13,13,80,,215151525125145424,BACACACBCABCADCDBD,ABACACBCACBCADCDBD,,,0,80,,,,,,,,,,L_T1_GTR03_51000001,,,,54,24,15,155000000000151410000000210000000007520000000000520000000000000000000000,,00000082,,,,,,,,8,8,0,9,9,82,,215151525125145424,BACACACBCABCADCDBD,ABACACBCACBCADCDBD,,,0,82,,,,,L_T1_GTR___standard,,,,,L_T1_GTR03_33000001,,,
80640,17,,,,,,,,,54,24,15,122550000000120000000000515000000007150000000000100000000000400000000000,,00000080,,,,,,,,8,8,0,13,13,80,,215151525125145424,BACACACBCABCADCDBD,ABACACBCACBCADCDBD,,,0,80,,,,,,,,,,L_T1_GTR03_51000001,,,,24,15,11,155450000000151410000000210000000007520000000000520000000000000000000000,,00000091,,,,,,,,9,9,0,9,9,91,,21515152512514542415,BACACACBCABCADCDBDAC,ABACACBCACBCADCDBDAC,,,0,91,,,,,L_T1_GTR___standard,,,,,L_T1_GTR03_33000001,,,
80670,18,,,,,,,,,24,15,11,122550000000120000000000515000000007150000000000150000000000440000000000,,00000092,,,,,,,,9,9,0,12,12,92,,21515152512514542415,BACACACBCABCADCDBDAC,ABACACBCACBCADCDBDAC,,,0,92,,,,,,,,,,L_T1_GTR03_51000001,,,,24,15,11,155450000000151410000000210000000007520000000000520000000000000000000000,,00000091,,,,,,,,9,9,0,9,9,91,,21515152512514542415,BACACACBCABCADCDBDAC,ABACACBCACBCADCDBDAC,,,0,91,,,,,L_T1_GTR___standard,,,,,L_T1_GTR03_33000001,,,
80686,19,,,,,,,,,24,15,11,122550000000120000000000515000000007150000000000150000000000440000000000,,00000092,,,,,,,,9,9,0,12,12,92,,21515152512514542415,BACACACBCABCADCDBDAC,ABACACBCACBCADCDBDAC,,,0,92,,,,,,,,,,L_T1_GTR03_51000001,,,,15,11,14,155450000000151410000000212400000007520000000000520000000000000000000000,,00000102,,,,,,,,10,10,0,11,11,102,,2151515251251454241511,BACACACBCABCADCDBDACAA,ABACACBCACBCADCDBDACAA,,,0,102,,,,,L_T1_GTR___standard/L_T1_GTR___zabuton_,,,,,L_T1_GTR03_33000001,,,
80716,20,,,,,,,,,15,11,14,122550000000120000000000515000000007154200000000150000000000440000000000,,00000102,,,,,,,,10,10,0,10,10,102,,2151515251251454241511,BACACACBCABCADCDBDACAA,ABACACBCACBCADCDBDACAA,,,0,102,,,,,,,,,,L_T1_GTR03_51000001,,,,15,11,14,155450000000151410000000212400000007520000000000520000000000000000000000,,00000102,,,,,,,,10,10,0,11,11,102,,2151515251251454241511,BACACACBCABCADCDBDACAA,ABACACBCACBCADCDBDACAA,,,0,102,,,,,L_T1_GTR___standard/L_T1_GTR___zabuton_,,,,,L_T1_GTR03_33000001,,,
80744,21,,,,,,,,,15,11,14,122550000000120000000000515000000007154200000000150000000000440000000000,,00000102,,,,,,,,10,10,0,10,10,102,,2151515251251454241511,BACACACBCABCADCDBDACAA,ABACACBCACBCADCDBDACAA,,,0,102,,,,,,,,,,L_T1_GTR03_51000001,,,,11,14,44,155450000000151410000000212400000007521000000000525000000000000000000000,,00000113,,,,,,,,11,11,0,11,11,113,,215151525125145424151114,BACACACBCABCADCDBDACAAAD,ABACACBCACBCADCDBDACAAAD,,,0,113,,,,,L_T1_GTR___standard/L_T1_GTR___zabuton_,,,,,L_T1_GTR03_33000001,,,
80764,22,,,,,,,,,11,14,44,122550000000121500000000515000000007154200000000150000000000440000000000,,00000113,,,,,,,,11,11,0,11,11,113,,215151525125145424151114,BACACACBCABCADCDBDACAAAD,ABACACBCACBCADCDBDACAAAD,,,0,113,,,,,L_T1_GTR___standard,,,,,L_T1_GTR03_51000001/L_T1_GTR03_33000001,,,,11,14,44,155450000000151410000000212400000007521000000000525000000000000000000000,,00000113,,,,,,,,11,11,0,11,11,113,,215151525125145424151114,BACACACBCABCADCDBDACAAAD,ABACACBCACBCADCDBDACAAAD,,,0,113,,,,,L_T1_GTR___standard/L_T1_GTR___zabuton_,,,,,L_T1_GTR03_33000001,,,
80786,23,,,,,,,,,11,14,44,122550000000121500000000515000000007154200000000150000000000440000000000,,00000113,,,,,,,,11,11,0,11,11,113,,215151525125145424151114,BACACACBCABCADCDBDACAAAD,ABACACBCACBCADCDBDACAAAD,,,0,113,,,,,L_T1_GTR___standard,,,,,L_T1_GTR03_51000001/L_T1_GTR03_33000001,,,,14,44,15,155451000000151411000000212400000007521000000000525000000000000000000000,,00000121,,,,,,,,12,12,0,8,8,121,,21515152512514542415111444,BACACACBCABCADCDBDACAAADDD,ABACACBCACBCADCDBDACAAADDD,,,0,121,,,,,L_T1_GTR___standard/L_T1_GTR___zabuton_,,,,,L_T1_GTR03_33000001,,,
80814,24,,,,,,,,,14,44,15,122550000000121500000000515000000007154200000000150000000000441100000000,,00000123,,,,,,,,12,12,0,10,10,123,,21515152512514542415111444,BACACACBCABCADCDBDACAAADDD,ABACACBCACBCADCDBDACAAADDD,,,0,123,,,,,L_T1_GTR___standard,,,,,L_T1_GTR03_51000001/L_T1_GTR03_33000001,,,,14,44,15,155451000000151411000000212400000007521000000000525000000000000000000000,,00000121,,,,,,,,12,12,0,8,8,121,,21515152512514542415111444,BACACACBCABCADCDBDACAAADDD,ABACACBCACBCADCDBDACAAADDD,,,0,121,,,,,L_T1_GTR___standard/L_T1_GTR___zabuton_,,,,,L_T1_GTR03_33000001,,,
80819,25,,,,,,,,,14,44,15,122550000000121500000000515000000007154200000000150000000000441100000000,,00000123,,,,,,,,12,12,0,10,10,123,,21515152512514542415111444,BACACACBCABCADCDBDACAAADDD,ABACACBCACBCADCDBDACAAADDD,,,0,123,,,,,L_T1_GTR___standard,,,,,L_T1_GTR03_51000001/L_T1_GTR03_33000001,,,,,44,15,155451000000151411000000212400000007521410000000525000000000000000000000,,bb40abb1,,,,,,,,13,0,1,bb40abb1,40,161,,21515152512514542415111444,BACACACBCABCADCDBDACAAADDD,ABACACBCACBCADCDBDACAAADDD,,,1,161,,,,,L_T1_GTR___standard,,,,,L_T1_GTR03_33000001,,,
80864,26,,,,,,,,,44,15,12,122550000000121500000000515000000007154200000000154100000000441100000000,,00000133,,,,,,,,13,13,0,10,10,133,,2151515251251454241511144415,BACACACBCABCADCDBDACAAADDDAC,ABACACBCACBCADCDBDACAAADDDAC,,,0,133,,,,,L_T1_GTR___standard,,,,,L_T1_GTR03_51000001/L_T1_GTR03_33000001,,,,,44,15,155451000000151411000000212400000007521410000000525000000000000000000000,,bb40abb1,,,,,,,,13,0,1,bb40abb1,40,161,,21515152512514542415111444,BACACACBCABCADCDBDACAAADDD,ABACACBCACBCADCDBDACAAADDD,,,1,161,,,,,L_T1_GTR___standard,,,,,L_T1_GTR03_33000001,,,
80899,27,,,,,,,,,44,15,12,122550000000121500000000515000000007154200000000154100000000441100000000,,00000133,,,,,,,,13,13,0,10,10,133,,2151515251251454241511144415,BACACACBCABCADCDBDACAAADDDAC,ABACACBCACBCADCDBDACAAADDDAC,,,0,133,,,,,L_T1_GTR___standard,,,,,L_T1_GTR03_51000001/L_T1_GTR03_33000001,,,,,44,15,155510000000151110000000212000000007521100000000525000000000000000000000,,bb80ab11,,,,,,,,14,0,2,bb80ab11,880,1041,,21515152512514542415111444,BACACACBCABCADCDBDACAAADDD,ABACACBCACBCADCDBDACAAADDD,,,2,1041,,,,,,,,,,,,,
80905,28,,,,,,,,,15,12,15,122554400000121500000000515000000007154200000000154100000000441100000000,,00000140,,,,,,,,14,14,0,7,7,140,,215151525125145424151114441512,BACACACBCABCADCDBDACAAADDDACAB,ABACACBCACBCADCDBDACAAADDDACAB,,,0,140,,,,,L_T1_GTR___standard,,,,,L_T1_GTR03_51000001/L_T1_GTR03_33000001,,,,,44,15,155510000000151110000000212000000007521100000000525000000000000000000000,,bb80ab11,,,,,,,,14,0,2,bb80ab11,880,1041,,21515152512514542415111444,BACACACBCABCADCDBDACAAADDD,ABACACBCACBCADCDBDACAAADDD,,,2,1041,,,,,,,,,,,,,
80952,29,,,,,,,,,12,15,44,122554451000121500000000515000000007154200000000154100000000441100000000,,00000145,,,,,,,,15,15,0,5,5,145,,21515152512514542415111444151215,BACACACBCABCADCDBDACAAADDDACABAC,ABACACBCACBCADCDBDACAAADDDACABAC,,,0,145,,,,,L_T1_GTR___standard,,,,,L_T1_GTR03_51000001/L_T1_GTR03_33000001,,,,,44,15,155510000000151110000000212000000007521100000000525000000000000000000000,,bb80ab11,,,,,,,,14,0,2,bb80ab11,880,1041,,21515152512514542415111444,BACACACBCABCADCDBDACAAADDD,ABACACBCACBCADCDBDACAAADDD,,,2,1041,,,,,,,,,,,,,
80964,30,,,,,,,,,12,15,44,122554451000121500000000515000000007154200000000154100000000441100000000,,00000145,,,,,,,,15,15,0,5,5,145,,21515152512514542415111444151215,BACACACBCABCADCDBDACAAADDDACABAC,ABACACBCACBCADCDBDACAAADDDACABAC,,,0,145,,,,,L_T1_GTR___standard,,,,,L_T1_GTR03_51000001/L_T1_GTR03_33000001,,,,44,15,12,100000000000100000000000212000000007521100000000525000000000000000000000,,00001050,,,,,,,,15,1,0,9,9,1050,,2151515251251454241511144415,BACACACBCABCADCDBDACAAADDDAC,ABACACBCACBCADCDBDACAAADDDAC,,,2,1050,,,,,,,,,,,,,
81014,31,,,,,,,,,12,15,44,122554451000121500000000515000000007154200000000154100000000441100000000,,00000145,,,,,,,,15,15,0,5,5,145,,21515152512514542415111444151215,BACACACBCABCADCDBDACAAADDDACABAC,ABACACBCACBCADCDBDACAAADDDACABAC,,,0,145,,,,,L_T1_GTR___standard,,,,,L_T1_GTR03_51000001/L_T1_GTR03_33000001,,,,15,12,15,140000000000140000000000212000000007521100000000525000000000000000000000,,00001062,,,,,,,,16,2,0,12,12,1062,,215151525125145424151114441512,BACACACBCABCADCDBDACAAADDDACAB,ABACACBCACBCADCDBDACAAADDDACAB,,,2,1062,,,,,,,,,,,,,
81058,32,,,,,,,,,15,44,45,122554451126121566600000515660000007154266600000154166000000441166600000,,00000149,,,,,,,,16,16,0,4,4,149,,2151515251251454241511144415121544,BACACACBCABCADCDBDACAAADDDACABACDD,ABACACBCACBCADCDBDACAAADDDACABACDD,,,0,149,,,,,L_T1_GTR___standard,,,,,L_T1_GTR03_51000001/L_T1_GTR03_33000001,,,,15,12,15,140000000000140000000000212000000007521100000000525000000000000000000000,,00001062,,,,,,,,16,2,0,12,12,1062,,215151525125145424151114441512,BACACACBCABCADCDBDACAAADDDACAB,ABACACBCACBCADCDBDACAAADDDACAB,,,2,1062,,,,,,,,,,,,,
81062,33,,,,,,,,,15,44,45,122554451126121566600000515660000007154266600000154166000000441166600000,,00000149,,,,,,,,16,16,0,4,4,149,,2151515251251454241511144415121544,BACACACBCABCADCDBDACAAADDDACABACDD,ABACACBCACBCADCDBDACAAADDDACABACDD,,,0,149,,,,,L_T1_GTR___standard,,,,,L_T1_GTR03_51000001/L_T1_GTR03_33000001,,,,12,15,44,140000000000140000000000212000000007521100000000525510000000000000000000,,00001071,,,,,,,,17,3,0,9,9,1071,,21515152512514542415111444151215,BACACACBCABCADCDBDACAAADDDACABAC,ABACACBCACBCADCDBDACAAADDDACABAC,,,2,1071,,,,,,,,,,,,,
81100,34,,,,,,,,,44,45,44,122554451126121566651000515660000007154266600000154166000000441166600000,,00000154,,,,,,,,17,17,0,5,5,154,,215151525125145424151114441512154445,BACACACBCABCADCDBDACAAADDDACABACDDDC,ABACACBCACBCADCDBDACAAADDDACABACDDCD,,,0,154,,,,,L_T1_GTR___standard,,,,,L_T1_GTR03_51000001/L_T1_GTR03_33000001,,,,12,15,44,140000000000140000000000212000000007521100000000525510000000000000000000,,00001071,,,,,,,,17,3,0,9,9,1071,,21515152512514542415111444151215,BACACACBCABCADCDBDACAAADDDACABAC,ABACACBCACBCADCDBDACAAADDDACABAC,,,2,1071,,,,,,,,,,,,,
81118,35,,,,,,,,,44,45,44,122554451126121566651000515660000007154266600000154166000000441166600000,,00000154,,,,,,,,17,17,0,5,5,154,,215151525125145424151114441512154445,BACACACBCABCADCDBDACAAADDDACABACDDDC,ABACACBCACBCADCDBDACAAADDDACABACDDCD,,,0,154,,,,,L_T1_GTR___standard,,,,,L_T1_GTR03_51000001/L_T1_GTR03_33000001,,,,15,44,45,140000000000140000000000212000000007521100000000525510000000120000000000,,00001084,,,,,,,,18,4,0,13,13,1084,,2151515251251454241511144415121544,BACACACBCABCADCDBDACAAADDDACABACDD,ABACACBCACBCADCDBDACAAADDDACABACDD,,,2,1084,,,,,,,,,,,,,
81138,36,,,,,,,,,45,44,41,122554451126121566651000515664400007154266600000154166000000441166600000,,00000161,,,,,,,,18,18,0,7,7,161,,21515152512514542415111444151215444544,BACACACBCABCADCDBDACAAADDDACABACDDDCDD,ABACACBCACBCADCDBDACAAADDDACABACDDCDDD,,,0,161,,,,,L_T1_GTR___standard,,,,,L_T1_GTR03_51000001/L_T1_GTR03_33000001,,,,15,44,45,140000000000140000000000212000000007521100000000525510000000120000000000,,00001084,,,,,,,,18,4,0,13,13,1084,,2151515251251454241511144415121544,BACACACBCABCADCDBDACAAADDDACABACDD,ABACACBCACBCADCDBDACAAADDDACABACDD,,,2,1084,,,,,,,,,,,,,
81168,37,,,,,,,,,45,44,41,122554451126121566651000515664400007154266600000154166000000441166600000,,00000161,,,,,,,,18,18,0,7,7,161,,21515152512514542415111444151215444544,BACACACBCABCADCDBDACAAADDDACABACDDDCDD,ABACACBCACBCADCDBDACAAADDDACABACDDCDDD,,,0,161,,,,,L_T1_GTR___standard,,,,,L_T1_GTR03_51000001/L_T1_GTR03_33000001,,,,44,45,44,140000000000140000000000212000000007521100000000525510000000125100000000,,00001094,,,,,,,,19,5,0,10,10,1094,,215151525125145424151114441512154445,BACACACBCABCADCDBDACAAADDDACABACDDDC,ABACACBCACBCADCDBDACAAADDDACABACDDCD,,,2,1094,,,,,,,,,,,,,
81172,38,,,,,,,,,44,41,52,122554451126121566651540515664400007154266600000154166000000441166600000,,00000164,,,,,,,,19,19,0,3,3,164,,2151515251251454241511144415121544454441,BACACACBCABCADCDBDACAAADDDACABACDDDCDDDA,ABACACBCACBCADCDBDACAAADDDACABACDDCDDDAD,,,0,164,,,,,L_T1_GTR___standard,,,,,L_T1_GTR03_51000001/L_T1_GTR03_33000001,,,,44,45,44,140000000000140000000000212000000007521100000000525510000000125100000000,,00001094,,,,,,,,19,5,0,10,10,1094,,215151525125145424151114441512154445,BACACACBCABCADCDBDACAAADDDACABACDDDC,ABACACBCACBCADCDBDACAAADDDACABACDDCD,,,2,1094,,,,,,,,,,,,,
81202,39,,,,,,,,,41,52,14,122554451126121566651544515664400007154266600000154166000000441166600000,,00000166,,,,,,,,20,20,0,2,2,166,,215151525125145424151114441512154445444152,BACACACBCABCADCDBDACAAADDDACABACDDDCDDDACB,ABACACBCACBCADCDBDACAAADDDACABACDDCDDDADBC,,,0,166,,,,,L_T1_GTR___standard,,,,,L_T1_GTR03_51000001/L_T1_GTR03_33000001,,,,44,45,44,140000000000140000000000212000000007521100000000525510000000125100000000,,00001094,,,,,,,,19,5,0,10,10,1094,,215151525125145424151114441512154445,BACACACBCABCADCDBDACAAADDDACABACDDDC,ABACACBCACBCADCDBDACAAADDDACABACDDCD,,,2,1094,,,,,,,,,,,,,
81210,40,,,,,,,,,41,52,14,122554451126121566651544515664400007154266600000154166000000441166600000,,00000166,,,,,,,,20,20,0,2,2,166,,215151525125145424151114441512154445444152,BACACACBCABCADCDBDACAAADDDACABACDDDCDDDACB,ABACACBCACBCADCDBDACAAADDDACABACDDCDDDADBC,,,0,166,,,,,L_T1_GTR___standard,,,,,L_T1_GTR03_51000001/L_T1_GTR03_33000001,,,,45,44,41,140000000000140000000000212000000007521144000000525510000000125100000000,,00001102,,,,,,,,20,6,0,8,8,1102,,21515152512514542415111444151215444544,BACACACBCABCADCDBDACAAADDDACABACDDDCDD,ABACACBCACBCADCDBDACAAADDDACABACDDCDDD,,,2,1102,,,,,,,,,,,,,
81235,41,,,,,,,,,,52,14,122554451126121566651544515664441007154266600000154166000000441166600000,,bb40abb1,,,,,,,,21,0,1,bb40abb1,40,206,,215151525125145424151114441512154445444152,BACACACBCABCADCDBDACAAADDDACABACDDDCDDDACB,ABACACBCACBCADCDBDACAAADDDACABACDDCDDDADBC,,,1,206,,,,,L_T1_GTR___standard,,,,,L_T1_GTR03_51000001/L_T1_GTR03_33000001,,,,45,44,41,140000000000140000000000212000000007521144000000525510000000125100000000,,00001102,,,,,,,,20,6,0,8,8,1102,,21515152512514542415111444151215444544,BACACACBCABCADCDBDACAAADDDACABACDDDCDD,ABACACBCACBCADCDBDACAAADDDACABACDDCDDD,,,2,1102,,,,,,,,,,,,,
81268,42,,,,,,,,,,52,14,122554451126121566651544515664441007154266600000154166000000441166600000,,bb40abb1,,,,,,,,21,0,1,bb40abb1,40,206,,215151525125145424151114441512154445444152,BACACACBCABCADCDBDACAAADDDACABACDDDCDDDACB,ABACACBCACBCADCDBDACAAADDDACABACDDCDDDADBC,,,1,206,,,,,L_T1_GTR___standard,,,,,L_T1_GTR03_51000001/L_T1_GTR03_33000001,,,,44,41,52,144500000000140000000000212000000007521144000000525510000000125100000000,,00001113,,,,,,,,21,7,0,11,11,1113,,2151515251251454241511144415121544454441,BACACACBCABCADCDBDACAAADDDACABACDDDCDDDA,ABACACBCACBCADCDBDACAAADDDACABACDDCDDDAD,,,2,1113,,,,,,,,,,,,,
81326,43,,,,,,,,,52,14,51,122554452660121566655444515664440007154266600000154166000000441166600000,,00000212,,,,,,,,22,1,0,6,6,212,,21515152512514542415111444151215444544415214,BACACACBCABCADCDBDACAAADDDACABACDDDCDDDACBAD,ABACACBCACBCADCDBDACAAADDDACABACDDCDDDADBCAD,,,1,212,,,,,L_T1_GTR___standard,,,,,L_T1_GTR03_51000001/L_T1_GTR03_33000001,,,,44,41,52,144500000000140000000000212000000007521144000000525510000000125100000000,,00001113,,,,,,,,21,7,0,11,11,1113,,2151515251251454241511144415121544454441,BACACACBCABCADCDBDACAAADDDACABACDDDCDDDA,ABACACBCACBCADCDBDACAAADDDACABACDDCDDDAD,,,2,1113,,,,,,,,,,,,,
81351,44,,,,,,,,,,14,51,122554452660121566655444515664445207154266600000154166000000441166600000,,bb40abb1,,,,,,,,23,0,1,bb40abb1,40,252,,21515152512514542415111444151215444544415214,BACACACBCABCADCDBDACAAADDDACABACDDDCDDDACBAD,ABACACBCACBCADCDBDACAAADDDACABACDDCDDDADBCAD,,,1,252,,,,,L_T1_GTR___standard,,,,,L_T1_GTR03_51000001/L_T1_GTR03_33000001,,,,44,41,52,144500000000140000000000212000000007521144000000525510000000125100000000,,00001113,,,,,,,,21,7,0,11,11,1113,,2151515251251454241511144415121544454441,BACACACBCABCADCDBDACAAADDDACABACDDDCDDDA,ABACACBCACBCADCDBDACAAADDDACABACDDCDDDAD,,,2,1113,,,,,,,,,,,,,
81368,45,,,,,,,,,,14,51,122554452660121566655444515664445207154266600000154166000000441166600000,,bb40abb1,,,,,,,,23,0,1,bb40abb1,40,252,,21515152512514542415111444151215444544415214,BACACACBCABCADCDBDACAAADDDACABACDDDCDDDACBAD,ABACACBCACBCADCDBDACAAADDDACABACDDCDDDADBCAD,,,1,252,,,,,L_T1_GTR___standard,,,,,L_T1_GTR03_51000001/L_T1_GTR03_33000001,,,,41,52,14,144500000000146000000000212000000007521144600000525510000000125144600000,,00001121,,,,,,,,22,8,0,8,8,1121,,215151525125145424151114441512154445444152,BACACACBCABCADCDBDACAAADDDACABACDDDCDDDACB,ABACACBCACBCADCDBDACAAADDDACABACDDCDDDADBC,,,2,1121,,,,,,,,,,,,,
81434,46,,,,,,,,,,14,51,122554452660121566655444515664445207154266600000154166000000441166600000,,bb40abb1,,,,,,,,23,0,1,bb40abb1,40,252,,21515152512514542415111444151215444544415214,BACACACBCABCADCDBDACAAADDDACABACDDDCDDDACBAD,ABACACBCACBCADCDBDACAAADDDACABACDDCDDDADBCAD,,,1,252,,,,,L_T1_GTR___standard,,,,,L_T1_GTR03_51000001/L_T1_GTR03_33000001,,,,52,14,51,144540000000146100000000212000000007521144600000525510000000125144600000,,00001130,,,,,,,,23,9,0,9,9,1130,,21515152512514542415111444151215444544415214,BACACACBCABCADCDBDACAAADDDACABACDDDCDDDACBAD,ABACACBCACBCADCDBDACAAADDDACABACDDCDDDADBCAD,,,2,1130,,,,,,,,,,,,,
81435,47,,,,,,,,,,14,51,122554426600121566444000515664442007154266600000154166000000441166600000,,bb80ab13,,,,,,,,24,0,2,bb80ab13,1040,1292,,21515152512514542415111444151215444544415214,BACACACBCABCADCDBDACAAADDDACABACDDDCDDDACBAD,ABACACBCACBCADCDBDACAAADDDACABACDDCDDDADBCAD,,,2,1292,,,,,L_T1_GTR___standard,,,,,L_T1_GTR03_51000001/L_T1_GTR03_33000001,,,,52,14,51,144540000000146100000000212000000007521144600000525510000000125144600000,,00001130,,,,,,,,23,9,0,9,9,1130,,21515152512514542415111444151215444544415214,BACACACBCABCADCDBDACAAADDDACABACDDDCDDDACBAD,ABACACBCACBCADCDBDACAAADDDACABACDDCDDDADBCAD,,,2,1130,,,,,,,,,,,,,
81480,48,,,,,,,,,,14,51,122554426600121566444000515664442007154266600000154166000000441166600000,,bb80ab13,,,,,,,,24,0,2,bb80ab13,1040,1292,,21515152512514542415111444151215444544415214,BACACACBCABCADCDBDACAAADDDACABACDDDCDDDACBAD,ABACACBCACBCADCDBDACAAADDDACABACDDCDDDADBCAD,,,2,1292,,,,,L_T1_GTR___standard,,,,,L_T1_GTR03_51000001/L_T1_GTR03_33000001,,,,14,51,24,144540000000146100000000212000000007521144600000525515200000125144600000,,00001138,,,,,,,,24,10,0,8,8,1138,,2151515251251454241511144415121544454441521451,BACACACBCABCADCDBDACAAADDDACABACDDDCDDDACBADCA,ABACACBCACBCADCDBDACAAADDDACABACDDCDDDADBCADAC,,,2,1138,,,,,,,,,,,,,
81513,49,,,,,,,,,,14,51,122554426600121566444000515664442007154266600000154166000000441166600000,,bb80ab13,,,,,,,,24,0,2,bb80ab13,1040,1292,,21515152512514542415111444151215444544415214,BACACACBCABCADCDBDACAAADDDACABACDDDCDDDACBAD,ABACACBCACBCADCDBDACAAADDDACABACDDCDDDADBCAD,,,2,1292,,,,,L_T1_GTR___standard,,,,,L_T1_GTR03_51000001/L_T1_GTR03_33000001,,,,,51,24,144540000000146100000000212140000007521144600000525515200000125144600000,,bb40abb1,,,,,,,,25,0,1,bb40abb1,40,1178,,2151515251251454241511144415121544454441521451,BACACACBCABCADCDBDACAAADDDACABACDDDCDDDACBADCA,ABACACBCACBCADCDBDACAAADDDACABACDDCDDDADBCADAC,,,2,1178,,,,,,,,,,,,,
81530,50,,,,,,,,,14,51,24,122552600000121560000000515620000007154260000000154166000000441166600000,,00001297,,,,,,,,25,1,0,5,5,1297,,2151515251251454241511144415121544454441521451,BACACACBCABCADCDBDACAAADDDACABACDDDCDDDACBADCA,ABACACBCACBCADCDBDACAAADDDACABACDDCDDDADBCADAC,,,2,1297,,,,,L_T1_GTR___standard,,,,,L_T1_GTR03_51000001/L_T1_GTR03_33000001,,,,,51,24,144540000000146100000000212140000007521144600000525515200000125144600000,,bb40abb1,,,,,,,,25,0,1,bb40abb1,40,1178,,2151515251251454241511144415121544454441521451,BACACACBCABCADCDBDACAAADDDACABACDDDCDDDACBADCA,ABACACBCACBCADCDBDACAAADDDACABACDDCDDDADBCADAC,,,2,1178,,,,,,,,,,,,,
81569,51,,,,,,,,,51,24,24,122552600000121560000000515621000007154264000000154166000000441166600000,,00001305,,,,,,,,26,2,0,8,8,1305,,215151525125145424151114441512154445444152145124,BACACACBCABCADCDBDACAAADDDACABACDDDCDDDACBADCABD,ABACACBCACBCADCDBDACAAADDDACABACDDCDDDADBCADACBD,,,2,1305,,,,,L_T1_GTR___standard,,,,,L_T1_GTR03_51000001/L_T1_GTR03_33000001,,,,,51,24,144540000000146100000000212140000007521144600000525515200000125144600000,,bb40abb1,,,,,,,,25,0,1,bb40abb1,40,1178,,2151515251251454241511144415121544454441521451,BACACACBCABCADCDBDACAAADDDACABACDDDCDDDACBADCA,ABACACBCACBCADCDBDACAAADDDACABACDDCDDDADBCADAC,,,2,1178,,,,,,,,,,,,,
81608,52,,,,,,,,,24,24,25,122552600000121561500000515621000007154264000000154166000000441166600000,,00001312,,,,,,,,27,3,0,7,7,1312,,21515152512514542415111444151215444544415214512424,BACACACBCABCADCDBDACAAADDDACABACDDDCDDDACBADCABDBD,ABACACBCACBCADCDBDACAAADDDACABACDDCDDDADBCADACBDBD,,,2,1312,,,,,L_T1_GTR___standard,,,,,L_T1_GTR03_51000001/L_T1_GTR03_33000001,,,,,51,24,144540000000146100000000212140000007521144600000525515200000125144600000,,bb40abb1,,,,,,,,25,0,1,bb40abb1,40,1178,,2151515251251454241511144415121544454441521451,BACACACBCABCADCDBDACAAADDDACABACDDDCDDDACBADCA,ABACACBCACBCADCDBDACAAADDDACABACDDCDDDADBCADAC,,,2,1178,,,,,,,,,,,,,
81647,53,,,,,,,,,24,25,42,122552640000121561520000515621000007154264000000154166000000441166600000,,00001318,,,,,,,,28,4,0,6,6,1318,,2151515251251454241511144415121544454441521451242425,BACACACBCABCADCDBDACAAADDDACABACDDDCDDDACBADCABDBDBC,ABACACBCACBCADCDBDACAAADDDACABACDDCDDDADBCADACBDBDBC,,,2,1318,,,,,L_T1_GTR___standard,,,,,L_T1_GTR03_51000001/L_T1_GTR03_33000001,,,,,51,24,144540000000146100000000212140000007521144600000525515200000125144600000,,bb40abb1,,,,,,,,25,0,1,bb40abb1,40,1178,,2151515251251454241511144415121544454441521451,BACACACBCABCADCDBDACAAADDDACABACDDDCDDDACBADCA,ABACACBCACBCADCDBDACAAADDDACABACDDCDDDADBCADAC,,,2,1178,,,,,,,,,,,,,
81671,54,,,,,,,,,24,25,42,122552640000121561520000515621000007154264000000154166000000441166600000,,00001318,,,,,,,,28,4,0,6,6,1318,,2151515251251454241511144415121544454441521451242425,BACACACBCABCADCDBDACAAADDDACABACDDDCDDDACBADCABDBDBC,ABACACBCACBCADCDBDACAAADDDACABACDDCDDDADBCADACBDBDBC,,,2,1318,,,,,L_T1_GTR___standard,,,,,L_T1_GTR03_51000001/L_T1_GTR03_33000001,,,,51,24,24,144546660000146600000000212466000007524466660000525515266000125144666000,,00001188,,,,,,,,26,1,0,10,10,1188,,215151525125145424151114441512154445444152145124,BACACACBCABCADCDBDACAAADDDACABACDDDCDDDACBADCABD,ABACACBCACBCADCDBDACAAADDDACABACDDCDDDADBCADACBD,,,2,1188,,,,,,,,,,,,,
81682,55,,,,,,,,,25,42,12,122552644000121561522000515621000007154264000000154166000000441166600000,,00001323,,,,,,,,29,5,0,5,5,1323,,215151525125145424151114441512154445444152145124242542,BACACACBCABCADCDBDACAAADDDACABACDDDCDDDACBADCABDBDBCDB,ABACACBCACBCADCDBDACAAADDDACABACDDCDDDADBCADACBDBDBCBD,,,2,1323,,,,,L_T1_GTR___standard,,,,,L_T1_GTR03_51000001/L_T1_GTR03_33000001,,,,51,24,24,144546660000146600000000212466000007524466660000525515266000125144666000,,00001188,,,,,,,,26,1,0,10,10,1188,,215151525125145424151114441512154445444152145124,BACACACBCABCADCDBDACAAADDDACABACDDDCDDDACBADCABD,ABACACBCACBCADCDBDACAAADDDACABACDDCDDDADBCADACBD,,,2,1188,,,,,,,,,,,,,
81706,56,,,,,,,,,25,42,12,122552644000121561522000515621000007154264000000154166000000441166600000,,00001323,,,,,,,,29,5,0,5,5,1323,,215151525125145424151114441512154445444152145124242542,BACACACBCABCADCDBDACAAADDDACABACDDDCDDDACBADCABDBDBCDB,ABACACBCACBCADCDBDACAAADDDACABACDDCDDDADBCADACBDBDBCBD,,,2,1323,,,,,L_T1_GTR___standard,,,,,L_T1_GTR03_51000001/L_T1_GTR03_33000001,,,,24,24,25,144546660000146600000000212466000007524466660000525515266500125144666100,,00001192,,,,,,,,27,2,0,4,4,1192,,21515152512514542415111444151215444544415214512424,BACACACBCABCADCDBDACAAADDDACABACDDDCDDDACBADCABDBD,ABACACBCACBCADCDBDACAAADDDACABACDDCDDDADBCADACBDBD,,,2,1192,,,,,,,,,,,,,
81718,57,,,,,,,,,42,12,15,122552644000121561522250515621000007154264000000154166000000441166600000,,00001327,,,,,,,,30,6,0,4,4,1327,,21515152512514542415111444151215444544415214512424254212,BACACACBCABCADCDBDACAAADDDACABACDDDCDDDACBADCABDBDBCDBAB,ABACACBCACBCADCDBDACAAADDDACABACDDCDDDADBCADACBDBDBCBDAB,,,2,1327,,,,,L_T1_GTR___standard,,,,,L_T1_GTR03_51000001/L_T1_GTR03_33000001,,,,24,24,25,144546660000146600000000212466000007524466660000525515266500125144666100,,00001192,,,,,,,,27,2,0,4,4,1192,,21515152512514542415111444151215444544415214512424,BACACACBCABCADCDBDACAAADDDACABACDDDCDDDACBADCABDBD,ABACACBCACBCADCDBDACAAADDDACABACDDCDDDADBCADACBDBD,,,2,1192,,,,,,,,,,,,,
81755,58,,,,,,,,,12,15,54,122552644420121561522250515621000007154264000000154166000000441166600000,,00001332,,,,,,,,31,7,0,5,5,1332,,2151515251251454241511144415121544454441521451242425421215,BACACACBCABCADCDBDACAAADDDACABACDDDCDDDACBADCABDBDBCDBABAC,ABACACBCACBCADCDBDACAAADDDACABACDDCDDDADBCADACBDBDBCBDABAC,,,2,1332,,,,,L_T1_GTR___standard,,,,,L_T1_GTR03_51000001/L_T1_GTR03_33000001,,,,24,24,25,144546660000146600000000212466000007524466660000525515266500125144666100,,00001192,,,,,,,,27,2,0,4,4,1192,,21515152512514542415111444151215444544415214512424,BACACACBCABCADCDBDACAAADDDACABACDDDCDDDACBADCABDBD,ABACACBCACBCADCDBDACAAADDDACABACDDCDDDADBCADACBDBD,,,2,1192,,,,,,,,,,,,,
81771,59,,,,,,,,,12,15,54,122552644420121561522250515621000007154264000000154166000000441166600000,,00001332,,,,,,,,31,7,0,5,5,1332,,2151515251251454241511144415121544454441521451242425421215,BACACACBCABCADCDBDACAAADDDACABACDDDCDDDACBADCABDBDBCDBABAC,ABACACBCACBCADCDBDACAAADDDACABACDDCDDDADBCADACBDBDBCBDABAC,,,2,1332,,,,,L_T1_GTR___standard,,,,,L_T1_GTR03_51000001/L_T1_GTR03_33000001,,,,24,25,42,144546660000146620000000212466400007524466660000525515266500125144666100,,00001199,,,,,,,,28,3,0,7,7,1199,,2151515251251454241511144415121544454441521451242425,BACACACBCABCADCDBDACAAADDDACABACDDDCDDDACBADCABDBDBC,ABACACBCACBCADCDBDACAAADDDACABACDDCDDDADBCADACBDBDBC,,,2,1199,,,,,,,,,,,,,
81792,60,,,,,,,,,15,54,55,122552644420121561522250515621100007154264200000154166000000441166600000,,00001338,,,,,,,,32,8,0,6,6,1338,,215151525125145424151114441512154445444152145124242542121554,BACACACBCABCADCDBDACAAADDDACABACDDDCDDDACBADCABDBDBCDBABACCD,ABACACBCACBCADCDBDACAAADDDACABACDDCDDDADBCADACBDBDBCBDABACCD,,,2,1338,,,,,L_T1_GTR___standard,,,,,L_T1_GTR03_51000001/L_T1_GTR03_33000001,,,,24,25,42,144546660000146620000000212466400007524466660000525515266500125144666100,,00001199,,,,,,,,28,3,0,7,7,1199,,2151515251251454241511144415121544454441521451242425,BACACACBCABCADCDBDACAAADDDACABACDDDCDDDACBADCABDBDBC,ABACACBCACBCADCDBDACAAADDDACABACDDCDDDADBCADACBDBDBC,,,2,1199,,,,,,,,,,,,,
81817,61,,,,,,,,,,54,55,122552644420121561522250515621115007154264200000154166000000441166600000,,bb40abb1,,,,,,,,33,0,1,bb40abb1,40,1378,,215151525125145424151114441512154445444152145124242542121554,BACACACBCABCADCDBDACAAADDDACABACDDDCDDDACBADCABDBDBCDBABACCD,ABACACBCACBCADCDBDACAAADDDACABACDDCDDDADBCADACBDBDBCBDABACCD,,,2,1378,,,,,L_T1_GTR___standard,,,,,L_T1_GTR03_51000001/L_T1_GTR03_33000001,,,,24,25,42,144546660000146620000000212466400007524466660000525515266500125144666100,,00001199,,,,,,,,28,3,0,7,7,1199,,2151515251251454241511144415121544454441521451242425,BACACACBCABCADCDBDACAAADDDACABACDDDCDDDACBADCABDBDBC,ABACACBCACBCADCDBDACAAADDDACABACDDCDDDADBCADACBDBDBC,,,2,1199,,,,,,,,,,,,,
81833,62,,,,,,,,,,54,55,122552644420121561522250515621115007154264200000154166000000441166600000,,bb40abb1,,,,,,,,33,0,1,bb40abb1,40,1378,,215151525125145424151114441512154445444152145124242542121554,BACACACBCABCADCDBDACAAADDDACABACDDDCDDDACBADCABDBDBCDBABACCD,ABACACBCACBCADCDBDACAAADDDACABACDDCDDDADBCADACBDBDBCBDABACCD,,,2,1378,,,,,L_T1_GTR___standard,,,,,L_T1_GTR03_51000001/L_T1_GTR03_33000001,,,,25,42,12,144546660000146622000000212466440007524466660000525515266500125144666100,,00001205,,,,,,,,29,4,0,6,6,1205,,215151525125145424151114441512154445444152145124242542,BACACACBCABCADCDBDACAAADDDACABACDDDCDDDACBADCABDBDBCDB,ABACACBCACBCADCDBDACAAADDDACABACDDCDDDADBCADACBDBDBCBD,,,2,1205,,,,,,,,,,,,,
81873,63,,,,,,,,,,54,55,122552644420121561522250515621115007154264200000154166000000441166600000,,bb40abb1,,,,,,,,33,0,1,bb40abb1,40,1378,,215151525125145424151114441512154445444152145124242542121554,BACACACBCABCADCDBDACAAADDDACABACDDDCDDDACBADCABDBDBCDBABACCD,ABACACBCACBCADCDBDACAAADDDACABACDDCDDDADBCADACBDBDBCBDABACCD,,,2,1378,,,,,L_T1_GTR___standard,,,,,L_T1_GTR03_51000001/L_T1_GTR03_33000001,,,,42,12,15,144546660000146622000000212466440007524466665200525515266500125144666100,,00001209,,,,,,,,30,5,0,4,4,1209,,21515152512514542415111444151215444544415214512424254212,BACACACBCABCADCDBDACAAADDDACABACDDDCDDDACBADCABDBDBCDBAB,ABACACBCACBCADCDBDACAAADDDACABACDDCDDDADBCADACBDBDBCBDAB,,,2,1209,,,,,,,,,,,,,
81910,64,,,,,,,,,,54,55,122552644420121552225000515625000007154264200000154166000000441166600000,,bb80ab11,,,,,,,,34,0,2,bb80ab11,880,2258,,215151525125145424151114441512154445444152145124242542121554,BACACACBCABCADCDBDACAAADDDACABACDDDCDDDACBADCABDBDBCDBABACCD,ABACACBCACBCADCDBDACAAADDDACABACDDCDDDADBCADACBDBDBCBDABACCD,,,2,2258,,,,,L_T1_GTR___standard,,,,,L_T1_GTR03_51000001/L_T1_GTR03_33000001,,,,42,12,15,144546660000146622000000212466440007524466665200525515266500125144666100,,00001209,,,,,,,,30,5,0,4,4,1209,,21515152512514542415111444151215444544415214512424254212,BACACACBCABCADCDBDACAAADDDACABACDDDCDDDACBADCABDBDBCDBAB,ABACACBCACBCADCDBDACAAADDDACABACDDCDDDADBCADACBDBDBCBDAB,,,2,1209,,,,,,,,,,,,,
81931,65,,,,,,,,,,54,55,122552644420121552225000515625000007154264200000154166000000441166600000,,bb80ab11,,,,,,,,34,0,2,bb80ab11,880,2258,,215151525125145424151114441512154445444152145124242542121554,BACACACBCABCADCDBDACAAADDDACABACDDDCDDDACBADCABDBDBCDBABACCD,ABACACBCACBCADCDBDACAAADDDACABACDDCDDDADBCADACBDBDBCBDABACCD,,,2,2258,,,,,L_T1_GTR___standard,,,,,L_T1_GTR03_51000001/L_T1_GTR03_33000001,,,,12,15,54,144546660000146622200000212466444007524466665200525515266500125144666100,,00001214,,,,,,,,31,6,0,5,5,1214,,2151515251251454241511144415121544454441521451242425421215,BACACACBCABCADCDBDACAAADDDACABACDDDCDDDACBADCABDBDBCDBABAC,ABACACBCACBCADCDBDACAAADDDACABACDDCDDDADBCADACBDBDBCBDABAC,,,2,1214,,,,,,,,,,,,,
81980,66,,,,,,,,,,54,55,122552644420121552225000515625000007154264200000154166000000441166600000,,bb80ab11,,,,,,,,34,0,2,bb80ab11,880,2258,,215151525125145424151114441512154445444152145124242542121554,BACACACBCABCADCDBDACAAADDDACABACDDDCDDDACBADCABDBDBCDBABACCD,ABACACBCACBCADCDBDACAAADDDACABACDDCDDDADBCADACBDBDBCBDABACCD,,,2,2258,,,,,L_T1_GTR___standard,,,,,L_T1_GTR03_51000001/L_T1_GTR03_33000001,,,,,15,54,144546660000146622220000212466444107524466665200525515266500125144666100,,bb40abb1,,,,,,,,32,0,1,bb40abb1,40,1254,,2151515251251454241511144415121544454441521451242425421215,BACACACBCABCADCDBDACAAADDDACABACDDDCDDDACBADCABDBDBCDBABAC,ABACACBCACBCADCDBDACAAADDDACABACDDCDDDADBCADACBDBDBCBDABAC,,,2,1254,,,,,,,,,,,,,
82008,67,,,,,,,,,54,55,22,122444200000121500000000515250000007154264200000154166000000441166600000,,00002264,,,,,,,,35,1,0,6,6,2264,,21515152512514542415111444151215444544415214512424254212155455,BACACACBCABCADCDBDACAAADDDACABACDDDCDDDACBADCABDBDBCDBABACCDCC,ABACACBCACBCADCDBDACAAADDDACABACDDCDDDADBCADACBDBDBCBDABACCDCC,,,2,2264,,,,,L_T1_GTR___standard,,,,,L_T1_GTR03_51000001/L_T1_GTR03_33000001,,,,,15,54,144546660000146622220000212466444107524466665200525515266500125144666100,,bb40abb1,,,,,,,,32,0,1,bb40abb1,40,1254,,2151515251251454241511144415121544454441521451242425421215,BACACACBCABCADCDBDACAAADDDACABACDDDCDDDACBADCABDBDBCDBABAC,ABACACBCACBCADCDBDACAAADDDACABACDDCDDDADBCADACBDBDBCBDABAC,,,2,1254,,,,,,,,,,,,,
82039,68,,,,,,,,,,55,22,122444200000121545000000515250000007154264200000154166000000441166600000,,bb40abb1,,,,,,,,36,0,1,bb40abb1,40,2304,,21515152512514542415111444151215444544415214512424254212155455,BACACACBCABCADCDBDACAAADDDACABACDDDCDDDACBADCABDBDBCDBABACCDCC,ABACACBCACBCADCDBDACAAADDDACABACDDCDDDADBCADACBDBDBCBDABACCDCC,,,2,2304,,,,,L_T1_GTR___standard,,,,,L_T1_GTR03_51000001/L_T1_GTR03_33000001,,,,,15,54,144546660000146622220000212466444107524466665200525515266500125144666100,,bb40abb1,,,,,,,,32,0,1,bb40abb1,40,1254,,2151515251251454241511144415121544454441521451242425421215,BACACACBCABCADCDBDACAAADDDACABACDDDCDDDACBADCABDBDBCDBABAC,ABACACBCACBCADCDBDACAAADDDACABACDDCDDDADBCADACBDBDBCBDABAC,,,2,1254,,,,,,,,,,,,,
82061,69,,,,,,,,,,55,22,122444200000121545000000515250000007154264200000154166000000441166600000,,bb40abb1,,,,,,,,36,0,1,bb40abb1,40,2304,,21515152512514542415111444151215444544415214512424254212155455,BACACACBCABCADCDBDACAAADDDACABACDDDCDDDACBADCABDBDBCDBABACCDCC,ABACACBCACBCADCDBDACAAADDDACABACDDCDDDADBCADACBDBDBCBDABACCDCC,,,2,2304,,,,,L_T1_GTR___standard,,,,,L_T1_GTR03_51000001/L_T1_GTR03_33000001,,,,,15,54,144540000000146000000000212444410007524466665200525515266500125144666100,,bb60ab11,,,,,,,,33,0,2,bb60ab11,660,1914,,2151515251251454241511144415121544454441521451242425421215,BACACACBCABCADCDBDACAAADDDACABACDDDCDDDACBADCABDBDBCDBABAC,ABACACBCACBCADCDBDACAAADDDACABACDDCDDDADBCADACBDBDBCBDABAC,,,2,1914,,,,,,,,,,,,,
82123,70,,,,,,,,,,55,22,122200000000121550000000515250000007154264200000154166000000441166600000,,bb40abb8,,,,,,,,37,0,2,bb40abb8,320,2624,,21515152512514542415111444151215444544415214512424254212155455,BACACACBCABCADCDBDACAAADDDACABACDDDCDDDACBADCABDBDBCDBABACCDCC,ABACACBCACBCADCDBDACAAADDDACABACDDCDDDADBCADACBDBDBCBDABACCDCC,,,2,2624,,,,,,,,,,L_T1_GTR03_51000001,,,,,15,54,144540000000146000000000212444410007524466665200525515266500125144666100,,bb60ab11,,,,,,,,33,0,2,bb60ab11,660,1914,,2151515251251454241511144415121544454441521451242425421215,BACACACBCABCADCDBDACAAADDDACABACDDDCDDDACBADCABDBDBCDBABAC,ABACACBCACBCADCDBDACAAADDDACABACDDCDDDADBCADACBDBDBCBDABAC,,,2,1914,,,,,,,,,,,,,
82149,71,,,,,,,,,,55,22,122200000000121550000000515250000007154264200000154166000000441166600000,,bb40abb8,,,,,,,,37,0,2,bb40abb8,320,2624,,21515152512514542415111444151215444544415214512424254212155455,BACACACBCABCADCDBDACAAADDDACABACDDDCDDDACBADCABDBDBCDBABACCDCC,ABACACBCACBCADCDBDACAAADDDACABACDDCDDDADBCADACBDBDBCBDABACCDCC,,,2,2624,,,,,,,,,,L_T1_GTR03_51000001,,,,,15,54,144540000000146000000000212100000007526520000000525515266500125144666100,,bb40ab16,,,,,,,,34,0,3,bb40ab16,640,2554,,2151515251251454241511144415121544454441521451242425421215,BACACACBCABCADCDBDACAAADDDACABACDDDCDDDACBADCABDBDBCDBABAC,ABACACBCACBCADCDBDACAAADDDACABACDDCDDDADBCADACBDBDBCBDABAC,,,3,2554,,,,,,,,,,,,,
82204,72,,,,,,,,,,55,22,100000000000115500000000515250000007154264200000154166000000441166600000,,bb40ab16,,,,,,,,38,0,3,bb40ab16,640,3264,,21515152512514542415111444151215444544415214512424254212155455,BACACACBCABCADCDBDACAAADDDACABACDDDCDDDACBADCABDBDBCDBABACCDCC,ABACACBCACBCADCDBDACAAADDDACABACDDCDDDADBCADACBDBDBCBDABACCDCC,,,3,3264,,,,,,,,,,,,,,,15,54,144540000000146000000000212100000007526520000000525515266500125144666100,,bb40ab16,,,,,,,,34,0,3,bb40ab16,640,2554,,2151515251251454241511144415121544454441521451242425421215,BACACACBCABCADCDBDACAAADDDACABACDDDCDDDACBADCABDBDBCDBABAC,ABACACBCACBCADCDBDACAAADDDACABACDDCDDDADBCADACBDBDBCBDABAC,,,3,2554,,,,,,,,,,,,,
82232,73,,,,,,,,,,55,22,100000000000115500000000515250000007154264200000154166000000441166600000,,bb40ab16,,,,,,,,38,0,3,bb40ab16,640,3264,,21515152512514542415111444151215444544415214512424254212155455,BACACACBCABCADCDBDACAAADDDACABACDDDCDDDACBADCABDBDBCDBABACCDCC,ABACACBCACBCADCDBDACAAADDDACABACDDCDDDADBCADACBDBDBCBDABACCDCC,,,3,3264,,,,,,,,,,,,,,,15,54,144540000000146000000000212100000007522000000000521526650000121446661000,,bb50ab34,,,,,,,,35,0,4,bb50ab34,1700,4254,,2151515251251454241511144415121544454441521451242425421215,BACACACBCABCADCDBDACAAADDDACABACDDDCDDDACBADCABDBDBCDBABAC,ABACACBCACBCADCDBDACAAADDDACABACDDCDDDADBCADACBDBDBCBDABAC,,,4,4254,,,,,,,,,,,,,
82286,74,,,,,,,,,,55,22,000000000000550000000000552500000007154264200000154166000000441166600000,,bb60ab35,,,,,,,,39,0,4,bb60ab35,2100,5364,,21515152512514542415111444151215444544415214512424254212155455,BACACACBCABCADCDBDACAAADDDACABACDDDCDDDACBADCABDBDBCDBABACCDCC,ABACACBCACBCADCDBDACAAADDDACABACDDCDDDADBCADACBDBDBCBDABACCDCC,,,4,5364,,,,,,,,,,,,,,,15,54,144540000000146000000000212100000007522000000000521526650000121446661000,,bb50ab34,,,,,,,,35,0,4,bb50ab34,1700,4254,,2151515251251454241511144415121544454441521451242425421215,BACACACBCABCADCDBDACAAADDDACABACDDDCDDDACBADCABDBDBCDBABAC,ABACACBCACBCADCDBDACAAADDDACABACDDCDDDADBCADACBDBDBCBDABAC,,,4,4254,,,,,,,,,,,,,
82322,75,,,,,,,,,,55,22,000000000000550000000000552500000007154264200000154166000000441166600000,,bb60ab35,,,,,,,,39,0,4,bb60ab35,2100,5364,,21515152512514542415111444151215444544415214512424254212155455,BACACACBCABCADCDBDACAAADDDACABACDDDCDDDACBADCABDBDBCDBABACCDCC,ABACACBCACBCADCDBDACAAADDDACABACDDCDDDADBCADACBDBDBCBDABACCDCC,,,4,5364,,,,,,,,,,,,,,15,54,55,144540000000140000000000211000000007500000000000515266500000114466610000,,00004258,,,,,,,,36,1,0,4,4,4258,,215151525125145424151114441512154445444152145124242542121554,BACACACBCABCADCDBDACAAADDDACABACDDDCDDDACBADCABDBDBCDBABACCD,ABACACBCACBCADCDBDACAAADDDACABACDDCDDDADBCADACBDBDBCBDABACCD,,,4,4258,,,,,,,,,,,,,
82373,76,,,,,,,,,,55,22,000000000000000000000000250000000007142642000000141660000000441166600000,,bb40ab64,,,,,,,,40,0,5,bb40ab64,2560,7924,,21515152512514542415111444151215444544415214512424254212155455,BACACACBCABCADCDBDACAAADDDACABACDDDCDDDACBADCABDBDBCDBABACCDCC,ABACACBCACBCADCDBDACAAADDDACABACDDCDDDADBCADACBDBDBCBDABACCDCC,,,5,7924,,,,,,,,,,,,,,15,54,55,144540000000140000000000211000000007500000000000515266500000114466610000,,00004258,,,,,,,,36,1,0,4,4,4258,,215151525125145424151114441512154445444152145124242542121554,BACACACBCABCADCDBDACAAADDDACABACDDDCDDDACBADCABDBDBCDBABACCD,ABACACBCACBCADCDBDACAAADDDACABACDDCDDDADBCADACBDBDBCBDABACCD,,,4,4258,,,,,,,,,,,,,
82374,77,,,,,,,,,,55,22,000000000000000000000000250000000007142642000000141660000000441166600000,,bb40ab64,,,,,,,,40,0,5,bb40ab64,2560,7924,,21515152512514542415111444151215444544415214512424254212155455,BACACACBCABCADCDBDACAAADDDACABACDDDCDDDACBADCABDBDBCDBABACCDCC,ABACACBCACBCADCDBDACAAADDDACABACDDCDDDADBCADACBDBDBCBDABACCDCC,,,5,7924,,,,,,,,,,,,,,54,55,22,144540000000141500000000211000000007500000000000515266500000114466610000,,00004269,,,,,,,,37,2,0,11,11,4269,,21515152512514542415111444151215444544415214512424254212155455,BACACACBCABCADCDBDACAAADDDACABACDDDCDDDACBADCABDBDBCDBABACCDCC,ABACACBCACBCADCDBDACAAADDDACABACDDCDDDADBCADACBDBDBCBDABACCDCC,,,4,4269,,,,,L_T1_GTR___misuken_,,,,,,,,
82437,78,,,,,,,,,,55,22,000000000000000000000000250000000007142642000000141660000000441166600000,,bb40ab64,,,,,,,,40,0,5,bb40ab64,2560,7924,,21515152512514542415111444151215444544415214512424254212155455,BACACACBCABCADCDBDACAAADDDACABACDDDCDDDACBADCABDBDBCDBABACCDCC,ABACACBCACBCADCDBDACAAADDDACABACDDCDDDADBCADACBDBDBCBDABACCDCC,,,5,7924,,,,,,,,,,,,,,55,22,21,144544000000141550000000211000000007500000000000515266500000114466610000,,00004277,,,,,,,,38,3,0,8,8,4277,,2151515251251454241511144415121544454441521451242425421215545522,BACACACBCABCADCDBDACAAADDDACABACDDDCDDDACBADCABDBDBCDBABACCDCCBB,ABACACBCACBCADCDBDACAAADDDACABACDDCDDDADBCADACBDBDBCBDABACCDCCBB,,,4,4277,,,,,L_T1_GTR___misuken_,,,,,,,,
82456,79,,,,,,,,,,55,22,000000000000000000000000250000000007126420000000116600000000116660000000,,bb50ab98,,,,,,,,41,0,6,bb50ab98,4900,12824,,21515152512514542415111444151215444544415214512424254212155455,BACACACBCABCADCDBDACAAADDDACABACDDDCDDDACBADCABDBDBCDBABACCDCC,ABACACBCACBCADCDBDACAAADDDACABACDDCDDDADBCADACBDBDBCBDABACCDCC,,,6,12824,,,,,,,,,,R_T1_GTR03_22110001,,,,55,22,21,144544000000141550000000211000000007500000000000515266500000114466610000,,00004277,,,,,,,,38,3,0,8,8,4277,,2151515251251454241511144415121544454441521451242425421215545522,BACACACBCABCADCDBDACAAADDDACABACDDDCDDDACBADCABDBDBCDBABACCDCCBB,ABACACBCACBCADCDBDACAAADDDACABACDDCDDDADBCADACBDBDBCBDABACCDCCBB,,,4,4277,,,,,L_T1_GTR___misuken_,,,,,,,,
82475,80,,,,,,,,,,55,22,000000000000000000000000250000000007126420000000116600000000116660000000,,bb50ab98,,,,,,,,41,0,6,bb50ab98,4900,12824,,21515152512514542415111444151215444544415214512424254212155455,BACACACBCABCADCDBDACAAADDDACABACDDDCDDDACBADCABDBDBCDBABACCDCC,ABACACBCACBCADCDBDACAAADDDACABACDDCDDDADBCADACBDBDBCBDABACCDCC,,,6,12824,,,,,,,,,,R_T1_GTR03_22110001,,,,22,21,51,144544000000141550000000211000000007500000000000515266555000114466610000,,00004282,,,,,,,,39,4,0,5,5,4282,,215151525125145424151114441512154445444152145124242542121554552221,BACACACBCABCADCDBDACAAADDDACABACDDDCDDDACBADCABDBDBCDBABACCDCCBBBA,ABACACBCACBCADCDBDACAAADDDACABACDDCDDDADBCADACBDBDBCBDABACCDCCBBAB,,,4,4282,,,,,L_T1_GTR___misuken_,,,,,,,,
82527,81,,,,,,,,,,55,22,000000000000000000000000250000000007126420000000116600000000116660000000,,bb50ab98,,,,,,,,41,0,6,bb50ab98,4900,12824,,21515152512514542415111444151215444544415214512424254212155455,BACACACBCABCADCDBDACAAADDDACABACDDDCDDDACBADCABDBDBCDBABACCDCC,ABACACBCACBCADCDBDACAAADDDACABACDDCDDDADBCADACBDBDBCBDABACCDCC,,,6,12824,,,,,,,,,,R_T1_GTR03_22110001,,,,21,51,24,144544000000141550000000211000000007522000000000515266555000114466610000,,00004294,,,,,,,,40,5,0,12,12,4294,,21515152512514542415111444151215444544415214512424254212155455222151,BACACACBCABCADCDBDACAAADDDACABACDDDCDDDACBADCABDBDBCDBABACCDCCBBBACA,ABACACBCACBCADCDBDACAAADDDACABACDDCDDDADBCADACBDBDBCBDABACCDCCBBABAC,,,4,4294,,,,,L_T1_GTR___misuken_,,,,,,,,
82548,82,,,,,,,,,55,22,21,000000000000000000000000250000000007264200000000600000000000660000000000,,00012832,,,,,,,,42,1,0,8,8,12832,,2151515251251454241511144415121544454441521451242425421215545522,BACACACBCABCADCDBDACAAADDDACABACDDDCDDDACBADCABDBDBCDBABACCDCCBB,ABACACBCACBCADCDBDACAAADDDACABACDDCDDDADBCADACBDBDBCBDABACCDCCBB,,,6,12832,,,,,,,,,,,,,,21,51,24,144544000000141550000000211000000007522000000000515266555000114466610000,,00004294,,,,,,,,40,5,0,12,12,4294,,21515152512514542415111444151215444544415214512424254212155455222151,BACACACBCABCADCDBDACAAADDDACABACDDDCDDDACBADCABDBDBCDBABACCDCCBBBACA,ABACACBCACBCADCDBDACAAADDDACABACDDCDDDADBCADACBDBDBCBDABACCDCCBBABAC,,,4,4294,,,,,L_T1_GTR___misuken_,,,,,,,,
82599,83,,,,,,,,,22,21,51,000000000000550000000000250000000007264200000000600000000000660000000000,,00012844,,,,,,,,43,2,0,12,12,12844,,215151525125145424151114441512154445444152145124242542121554552221,BACACACBCABCADCDBDACAAADDDACABACDDDCDDDACBADCABDBDBCDBABACCDCCBBBA,ABACACBCACBCADCDBDACAAADDDACABACDDCDDDADBCADACBDBDBCBDABACCDCCBBAB,,,6,12844,,,,,,,,,,,,,,21,51,24,144544000000141550000000211000000007522000000000515266555000114466610000,,00004294,,,,,,,,40,5,0,12,12,4294,,21515152512514542415111444151215444544415214512424254212155455222151,BACACACBCABCADCDBDACAAADDDACABACDDDCDDDACBADCABDBDBCDBABACCDCCBBBACA,ABACACBCACBCADCDBDACAAADDDACABACDDCDDDADBCADACBDBDBCBDABACCDCCBBABAC,,,4,4294,,,,,L_T1_GTR___misuken_,,,,,,,,
82647,84,,,,,,,,,21,51,24,000000000000552000000000252000000007264200000000600000000000660000000000,,00012855,,,,,,,,44,3,0,11,11,12855,,21515152512514542415111444151215444544415214512424254212155455222151,BACACACBCABCADCDBDACAAADDDACABACDDDCDDDACBADCABDBDBCDBABACCDCCBBBACA,ABACACBCACBCADCDBDACAAADDDACABACDDCDDDADBCADACBDBDBCBDABACCDCCBBABAC,,,6,12855,,,,,,,,,,,,,,21,51,24,144544000000141550000000211000000007522000000000515266555000114466610000,,00004294,,,,,,,,40,5,0,12,12,4294,,21515152512514542415111444151215444544415214512424254212155455222151,BACACACBCABCADCDBDACAAADDDACABACDDDCDDDACBADCABDBDBCDBABACCDCCBBBACA,ABACACBCACBCADCDBDACAAADDDACABACDDCDDDADBCADACBDBDBCBDABACCDCCBBABAC,,,4,4294,,,,,L_T1_GTR___misuken_,,,,,,,,
82651,85,,,,,,,,,21,51,24,000000000000552000000000252000000007264200000000600000000000660000000000,,00012855,,,,,,,,44,3,0,11,11,12855,,21515152512514542415111444151215444544415214512424254212155455222151,BACACACBCABCADCDBDACAAADDDACABACDDDCDDDACBADCABDBDBCDBABACCDCCBBBACA,ABACACBCACBCADCDBDACAAADDDACABACDDCDDDADBCADACBDBDBCBDABACCDCCBBABAC,,,6,12855,,,,,,,,,,,,,,51,24,12,144544666660141556666600211266666007522166666000515266555666114466616666,,00004303,,,,,,,,41,6,0,9,9,4303,,2151515251251454241511144415121544454441521451242425421215545522215124,BACACACBCABCADCDBDACAAADDDACABACDDDCDDDACBADCABDBDBCDBABACCDCCBBBACABD,ABACACBCACBCADCDBDACAAADDDACABACDDCDDDADBCADACBDBDBCBDABACCDCCBBABACBD,,,4,4303,,,,,L_T1_GTR___misuken_,,,,,,,,
82692,86,,,,,,,,,51,24,12,000000000000552200000000252100000007264200000000600000000000660000000000,,00012865,,,,,,,,45,4,0,10,10,12865,,2151515251251454241511144415121544454441521451242425421215545522215124,BACACACBCABCADCDBDACAAADDDACABACDDDCDDDACBADCABDBDBCDBABACCDCCBBBACABD,ABACACBCACBCADCDBDACAAADDDACABACDDCDDDADBCADACBDBDBCBDABACCDCCBBABACBD,,,6,12865,,,,,,,,,,,,,,51,24,12,144544666660141556666600211266666007522166666000515266555666114466616666,,00004303,,,,,,,,41,6,0,9,9,4303,,2151515251251454241511144415121544454441521451242425421215545522215124,BACACACBCABCADCDBDACAAADDDACABACDDDCDDDACBADCABDBDBCDBABACCDCCBBBACABD,ABACACBCACBCADCDBDACAAADDDACABACDDCDDDADBCADACBDBDBCBDABACCDCCBBABACBD,,,4,4303,,,,,L_T1_GTR___misuken_,,,,,,,,
82731,88,,,,,,,,,51,24,12,000000000000552200000000252100000007264200000000600000000000660000000000,,00012865,,,,,,,,45,4,0,10,10,12865,,2151515251251454241511144415121544454441521451242425421215545522215124,BACACACBCABCADCDBDACAAADDDACABACDDDCDDDACBADCABDBDBCDBABACCDCCBBBACABD,ABACACBCACBCADCDBDACAAADDDACABACDDCDDDADBCADACBDBDBCBDABACCDCCBBABACBD,,,6,12865,,,,,,,,,,,,,,,24,12,100004666666100056666666211266666516500166666666200000555666100000616666,,00004307,,,,,lose,,,42,6,0,4,4,4307,,2151515251251454241511144415121544454441521451242425421215545522215124,BACACACBCABCADCDBDACAAADDDACABACDDDCDDDACBADCABDBDBCDBABACCDCCBBBACABD,ABACACBCACBCADCDBDACAAADDDACABACDDCDDDADBCADACBDBDBCBDABACCDCCBBABACBD,,,4,4307,,,,,L_T1_GTR___misuken_,,,,,,,,
82736,87,,,,,,,,,24,12,54,000000000000552250000000252110000007264200000000600000000000660000000000,,00012874,,,,,,,,46,5,0,9,9,12874,,215151525125145424151114441512154445444152145124242542121554552221512412,BACACACBCABCADCDBDACAAADDDACABACDDDCDDDACBADCABDBDBCDBABACCDCCBBBACABDAB,ABACACBCACBCADCDBDACAAADDDACABACDDCDDDADBCADACBDBDBCBDABACCDCCBBABACBDAB,,,6,12874,,,,,,,,,,,,,,,24,12,100004666666100056666666211266666516500166666666200000555666100000616666,,00004307,,,,,lose,,,42,6,0,4,4,4307,,2151515251251454241511144415121544454441521451242425421215545522215124,BACACACBCABCADCDBDACAAADDDACABACDDDCDDDACBADCABDBDBCDBABACCDCCBBBACABD,ABACACBCACBCADCDBDACAAADDDACABACDDCDDDADBCADACBDBDBCBDABACCDCCBBABACBD,,,4,4307,,,,,L_T1_GTR___misuken_,,,,,,,,
82739,88,,,,,,,,,,12,54,000000000000552250000000252110000022264200000000600000000000660000000000,,00012875,,,,,win,,,47,5,0,1,1,12875,,215151525125145424151114441512154445444152145124242542121554552221512412,BACACACBCABCADCDBDACAAADDDACABACDDDCDDDACBADCABDBDBCDBABACCDCCBBBACABDAB,ABACACBCACBCADCDBDACAAADDDACABACDDCDDDADBCADACBDBDBCBDABACCDCCBBABACBDAB,,,6,12875,,,,,,,,,,,,,,,24,12,100004666666100056666666211266666516500166666666200000555666100000616666,,00004307,,,,,lose,,,42,6,0,4,4,4307,,2151515251251454241511144415121544454441521451242425421215545522215124,BACACACBCABCADCDBDACAAADDDACABACDDDCDDDACBADCABDBDBCDBABACCDCCBBBACABD,ABACACBCACBCADCDBDACAAADDDACABACDDCDDDADBCADACBDBDBCBDABACCDCCBBABACBD,,,4,4307,,,,,L_T1_GTR___misuken_,,,,,,,,
