101352,0,,,,,,,,,,43,53,000000000000000000000000000000000007000000000000000000000000000000000000,000000,00000000,,,,,,,,0,0,0,0,0,0,,43,AB,AB,,,0,0,,,,,,,,,,,,,,,43,53,000000000000000000000000000000000007000000000000000000000000000000000000,000000,00000000,,,,,,,,0,0,0,0,0,0,,43,AB,AB,,,0,0,,,,,,,,,,,,,
101502,2,,,,,,,,,43,53,43,000000000000000000000000000000000007000000000000000000000000000000000000,,00000000,,,,,,,,1,1,0,0,0,0,,4353,BACA,ABAC,,,0,0,,,,,,,,,,,,,,43,53,43,000000000000000000000000000000000007000000000000000000000000000000000000,,00000000,,,,,,,,1,1,0,0,0,0,,4353,BACA,ABAC,,,0,0,,,,,,,,,,,,,
101552,4,,,,,,,,,53,43,34,340000000000000000000000000000000007000000000000000000000000000000000000,,00000012,,,,,,,,2,2,0,12,12,12,,435343,BACABA,ABACAB,,,0,12,,,,,,,,,,,,,,53,43,34,000000000000300000000000400000000007000000000000000000000000000000000000,,00000013,,,,,,,,2,2,0,13,13,13,,435343,BACABA,ABACAB,,,0,13,,,,,,,,,,,,,
101602,5,,,,,,,,,43,34,25,340000000000300000000000500000000007000000000000000000000000000000000000,,00000025,,,,,,,,3,3,0,13,13,25,,43534334,BACABAAB,ABACABAB,,,0,25,,,,,,,,,,,,,,53,43,34,000000000000300000000000400000000007000000000000000000000000000000000000,,00000013,,,,,,,,2,2,0,13,13,13,,435343,BACABA,ABACAB,,,0,13,,,,,,,,,,,,,
101604,6,,,,,,,,,43,34,25,340000000000300000000000500000000007000000000000000000000000000000000000,,00000025,,,,,,,,3,3,0,13,13,25,,43534334,BACABAAB,ABACABAB,,,0,25,,,,,,,,,,,,,,43,34,25,350000000000300000000000400000000007000000000000000000000000000000000000,,00000025,,,,,,,,3,3,0,12,12,25,,43534334,BACABAAB,ABACABAB,,,0,25,,,,,,,,,,,,,
101650,7,,,,,,,,,43,34,25,340000000000300000000000500000000007000000000000000000000000000000000000,,00000025,,,,,,,,3,3,0,13,13,25,,43534334,BACABAAB,ABACABAB,,,0,25,,,,,,,,,,,,,,34,25,32,350000000000300000000000434000000007000000000000000000000000000000000000,,00000036,,,,,,,,4,4,0,11,11,36,,4353433425,BACABAABDC,ABACABABCD,,,0,36,,,,,,,,,,L_T1_GTR03_31110001,,,
101654,8,,,,,,,,,34,25,32,340000000000340000000000530000000007000000000000000000000000000000000000,,00000037,,,,,,,,4,4,0,12,12,37,,4353433425,BACABAABDC,ABACABABCD,,,0,37,,,,,,,,,,,,,,34,25,32,350000000000300000000000434000000007000000000000000000000000000000000000,,00000036,,,,,,,,4,4,0,11,11,36,,4353433425,BACABAABDC,ABACABABCD,,,0,36,,,,,,,,,,L_T1_GTR03_31110001,,,
101700,9,,,,,,,,,25,32,23,344000000000343000000000530000000007000000000000000000000000000000000000,,00000048,,,,,,,,5,5,0,11,11,48,,435343342532,BACABAABDCAD,ABACABABCDAD,,,0,48,,,,,L_T1_GTR___standard,,,,,L_T1_GTR03_33000001,,,,34,25,32,350000000000300000000000434000000007000000000000000000000000000000000000,,00000036,,,,,,,,4,4,0,11,11,36,,4353433425,BACABAABDC,ABACABABCD,,,0,36,,,,,,,,,,L_T1_GTR03_31110001,,,
101702,10,,,,,,,,,25,32,23,344000000000343000000000530000000007000000000000000000000000000000000000,,00000048,,,,,,,,5,5,0,11,11,48,,435343342532,BACABAABDCAD,ABACABABCDAD,,,0,48,,,,,L_T1_GTR___standard,,,,,L_T1_GTR03_33000001,,,,25,32,23,350000000000300000000000434000000007340000000000000000000000000000000000,,00000049,,,,,,,,5,5,0,13,13,49,,435343342532,BACABAABDCAD,ABACABABCDAD,,,0,49,,,,,,,,,,L_T1_GTR03_41100003/L_T1_GTR03_32100001/L_T1_GTR03_31110001,,,
101751,11,,,,,,,,,32,23,54,344000000000343000000000530000000007250000000000000000000000000000000000,,00000061,,,,,,,,6,6,0,13,13,61,,43534334253223,BACABAABDCADDA,ABACABABCDADAD,,,0,61,,,,,L_T1_GTR___standard,,,,,L_T1_GTR03_33000001/L_T1_GTR03_32100001,,,,25,32,23,350000000000300000000000434000000007340000000000000000000000000000000000,,00000049,,,,,,,,5,5,0,13,13,49,,435343342532,BACABAABDCAD,ABACABABCDAD,,,0,49,,,,,,,,,,L_T1_GTR03_41100003/L_T1_GTR03_32100001/L_T1_GTR03_31110001,,,
101770,12,,,,,,,,,32,23,54,344000000000343000000000530000000007250000000000000000000000000000000000,,00000061,,,,,,,,6,6,0,13,13,61,,43534334253223,BACABAABDCADDA,ABACABABCDADAD,,,0,61,,,,,L_T1_GTR___standard,,,,,L_T1_GTR03_33000001/L_T1_GTR03_32100001,,,,32,23,54,350000000000350000000000434200000007340000000000000000000000000000000000,,00000059,,,,,,,,6,6,0,10,10,59,,43534334253223,BACABAABDCADDA,ABACABABCDADAD,,,0,59,,,,,,,,,,L_T1_GTR03_32100001/L_T1_GTR03_22110001,,,
101808,13,,,,,,,,,23,54,32,344000000000343000000000530000000007250000000000200000000000300000000000,,00000074,,,,,,,,7,7,0,13,13,74,,4353433425322354,BACABAABDCADDACB,ABACABABCDADADBC,,,0,74,,,,,L_T1_GTR___standard,,,,,L_T1_GTR03_33000001,,,,32,23,54,350000000000350000000000434200000007340000000000000000000000000000000000,,00000059,,,,,,,,6,6,0,10,10,59,,43534334253223,BACABAABDCADDA,ABACABABCDADAD,,,0,59,,,,,,,,,,L_T1_GTR03_32100001/L_T1_GTR03_22110001,,,
101818,14,,,,,,,,,23,54,32,344000000000343000000000530000000007250000000000200000000000300000000000,,00000074,,,,,,,,7,7,0,13,13,74,,4353433425322354,BACABAABDCADDACB,ABACABABCDADADBC,,,0,74,,,,,L_T1_GTR___standard,,,,,L_T1_GTR03_33000001,,,,23,54,32,350000000000353200000000434200000007340000000000000000000000000000000000,,00000070,,,,,,,,7,7,0,11,11,70,,4353433425322354,BACABAABDCADDACB,ABACABABCDADADBC,,,0,70,,,,,L_T1_GTR___hekomi__,,,,,L_T1_GTR03_32100001/L_T1_GTR03_22110001,,,
101860,15,,,,,,,,,54,32,35,344000000000343000000000530000000007250000000000200000000000332000000000,,00000085,,,,,,,,8,8,0,11,11,85,,435343342532235432,BACABAABDCADDACBAD,ABACABABCDADADBCAD,,,0,85,,,,,L_T1_GTR___standard,,,,,L_T1_GTR03_33000001,,,,23,54,32,350000000000353200000000434200000007340000000000000000000000000000000000,,00000070,,,,,,,,7,7,0,11,11,70,,4353433425322354,BACABAABDCADDACB,ABACABABCDADADBC,,,0,70,,,,,L_T1_GTR___hekomi__,,,,,L_T1_GTR03_32100001/L_T1_GTR03_22110001,,,
101875,16,,,,,,,,,54,32,35,344000000000343000000000530000000007250000000000200000000000332000000000,,00000085,,,,,,,,8,8,0,11,11,85,,435343342532235432,BACABAABDCADDACBAD,ABACABABCDADADBCAD,,,0,85,,,,,L_T1_GTR___standard,,,,,L_T1_GTR03_33000001,,,,54,32,35,350000000000353200000000434200000007340000000000300000000000200000000000,,00000083,,,,,,,,8,8,0,13,13,83,,435343342532235432,BACABAABDCADDACBAD,ABACABABCDADADBCAD,,,0,83,,,,,L_T1_GTR___hekomi__,,,,,L_T1_GTR03_51000001,,,
101905,17,,,,,,,,,32,35,42,344000000000343000000000535400000007250000000000200000000000332000000000,,00000096,,,,,,,,9,9,0,11,11,96,,43534334253223543235,BACABAABDCADDACBADAC,ABACABABCDADADBCADAC,,,0,96,,,,,L_T1_GTR___standard,,,,,L_T1_GTR03_33000001,,,,54,32,35,350000000000353200000000434200000007340000000000300000000000200000000000,,00000083,,,,,,,,8,8,0,13,13,83,,435343342532235432,BACABAABDCADDACBAD,ABACABABCDADADBCAD,,,0,83,,,,,L_T1_GTR___hekomi__,,,,,L_T1_GTR03_51000001,,,
101924,18,,,,,,,,,32,35,42,344000000000343000000000535400000007250000000000200000000000332000000000,,00000096,,,,,,,,9,9,0,11,11,96,,43534334253223543235,BACABAABDCADDACBADAC,ABACABABCDADADBCADAC,,,0,96,,,,,L_T1_GTR___standard,,,,,L_T1_GTR03_33000001,,,,32,35,42,355400000000353200000000434200000007340000000000300000000000200000000000,,00000094,,,,,,,,9,9,0,11,11,94,,43534334253223543235,BACABAABDCADDACBADAC,ABACABABCDADADBCADAC,,,0,94,,,,,L_T1_GTR___standard,,,,,L_T1_GTR03_51000001/L_T1_GTR03_33000001,,,
101954,19,,,,,,,,,35,42,34,344000000000343000000000535400000007253200000000200000000000332000000000,,00000107,,,,,,,,10,10,0,11,11,107,,4353433425322354323542,BACABAABDCADDACBADACBD,ABACABABCDADADBCADACBD,,,0,107,,,,,L_T1_GTR___standard,,,,,L_T1_GTR03_33000001,,,,32,35,42,355400000000353200000000434200000007340000000000300000000000200000000000,,00000094,,,,,,,,9,9,0,11,11,94,,43534334253223543235,BACABAABDCADDACBADAC,ABACABABCDADADBCADAC,,,0,94,,,,,L_T1_GTR___standard,,,,,L_T1_GTR03_51000001/L_T1_GTR03_33000001,,,
101975,20,,,,,,,,,35,42,34,344000000000343000000000535400000007253200000000200000000000332000000000,,00000107,,,,,,,,10,10,0,11,11,107,,4353433425322354323542,BACABAABDCADDACBADACBD,ABACABABCDADADBCADACBD,,,0,107,,,,,L_T1_GTR___standard,,,,,L_T1_GTR03_33000001,,,,35,42,34,355400000000353200000000434200000007340000000000300000000000223000000000,,00000105,,,,,,,,10,10,0,11,11,105,,4353433425322354323542,BACABAABDCADDACBADACBD,ABACABABCDADADBCADACBD,,,0,105,,,,,L_T1_GTR___standard,,,,,L_T1_GTR03_51000001/L_T1_GTR03_33000001,,,
102004,21,,,,,,,,,42,34,32,344000000000343000000000535400000007253200000000253000000000332000000000,,00000118,,,,,,,,11,11,0,11,11,118,,435343342532235432354234,BACABAABDCADDACBADACBDAB,ABACABABCDADADBCADACBDAB,,,0,118,,,,,L_T1_GTR___standard,,,,,L_T1_GTR03_33000001,,,,35,42,34,355400000000353200000000434200000007340000000000300000000000223000000000,,00000105,,,,,,,,10,10,0,11,11,105,,4353433425322354323542,BACABAABDCADDACBADACBD,ABACABABCDADADBCADACBD,,,0,105,,,,,L_T1_GTR___standard,,,,,L_T1_GTR03_51000001/L_T1_GTR03_33000001,,,
102026,22,,,,,,,,,42,34,32,344000000000343000000000535400000007253200000000253000000000332000000000,,00000118,,,,,,,,11,11,0,11,11,118,,435343342532235432354234,BACABAABDCADDACBADACBDAB,ABACABABCDADADBCADACBDAB,,,0,118,,,,,L_T1_GTR___standard,,,,,L_T1_GTR03_33000001,,,,42,34,32,355400000000353200000000434200000007340000000000300000000000223350000000,,00000115,,,,,,,,11,11,0,10,10,115,,435343342532235432354234,BACABAABDCADDACBADACBDAB,ABACABABCDADADBCADACBDAB,,,0,115,,,,,L_T1_GTR___standard,,,,,L_T1_GTR03_51000001/L_T1_GTR03_33000001,,,
102053,23,,,,,,,,,34,32,33,344000000000343000000000535400000007253200000000253400000000332200000000,,00000128,,,,,,,,12,12,0,10,10,128,,43534334253223543235423432,BACABAABDCADDACBADACBDABAD,ABACABABCDADADBCADACBDABAD,,,0,128,,,,,L_T1_GTR___standard,,,,,L_T1_GTR03_33000001,,,,42,34,32,355400000000353200000000434200000007340000000000300000000000223350000000,,00000115,,,,,,,,11,11,0,10,10,115,,435343342532235432354234,BACABAABDCADDACBADACBDAB,ABACABABCDADADBCADACBDAB,,,0,115,,,,,L_T1_GTR___standard,,,,,L_T1_GTR03_51000001/L_T1_GTR03_33000001,,,
102080,24,,,,,,,,,34,32,33,344000000000343000000000535400000007253200000000253400000000332200000000,,00000128,,,,,,,,12,12,0,10,10,128,,43534334253223543235423432,BACABAABDCADDACBADACBDABAD,ABACABABCDADADBCADACBDABAD,,,0,128,,,,,L_T1_GTR___standard,,,,,L_T1_GTR03_33000001,,,,34,32,33,355400000000353200000000434200000007340000000000342000000000223350000000,,00000127,,,,,,,,12,12,0,12,12,127,,43534334253223543235423432,BACABAABDCADDACBADACBDABAD,ABACABABCDADADBCADACBDABAD,,,0,127,,,,,L_T1_GTR___standard,,,,,L_T1_GTR03_51000001/L_T1_GTR03_33000001,,,
102102,25,,,,,,,,,32,33,24,344000000000343000000000535400000007253200000000253440000000332230000000,,00000137,,,,,,,,13,13,0,9,9,137,,4353433425322354323542343233,BACABAABDCADDACBADACBDABADAA,ABACABABCDADADBCADACBDABADAA,,,0,137,,,,,L_T1_GTR___standard,,,,,L_T1_GTR03_33000001,,,,34,32,33,355400000000353200000000434200000007340000000000342000000000223350000000,,00000127,,,,,,,,12,12,0,12,12,127,,43534334253223543235423432,BACABAABDCADDACBADACBDABAD,ABACABABCDADADBCADACBDABAD,,,0,127,,,,,L_T1_GTR___standard,,,,,L_T1_GTR03_51000001/L_T1_GTR03_33000001,,,
102125,26,,,,,,,,,32,33,24,344000000000343000000000535400000007253200000000253440000000332230000000,,00000137,,,,,,,,13,13,0,9,9,137,,4353433425322354323542343233,BACABAABDCADDACBADACBDABADAA,ABACABABCDADADBCADACBDABADAA,,,0,137,,,,,L_T1_GTR___standard,,,,,L_T1_GTR03_33000001,,,,32,33,24,355400000000353243000000434200000007340000000000342000000000223350000000,,00000135,,,,,,,,13,13,0,8,8,135,,4353433425322354323542343233,BACABAABDCADDACBADACBDABADAA,ABACABABCDADADBCADACBDABADAA,,,0,135,,,,,L_T1_GTR___standard,,,,,L_T1_GTR03_51000001/L_T1_GTR03_33000001,,,
102148,27,,,,,,,,,33,24,25,344000000000343000000000535400000007253200000000253440000000332233200000,,00000145,,,,,,,,14,14,0,8,8,145,,435343342532235432354234323324,BACABAABDCADDACBADACBDABADAADB,ABACABABCDADADBCADACBDABADAABD,,,0,145,,,,,L_T1_GTR___standard,,,,,L_T1_GTR03_33000001,,,,32,33,24,355400000000353243000000434200000007340000000000342000000000223350000000,,00000135,,,,,,,,13,13,0,8,8,135,,4353433425322354323542343233,BACABAABDCADDACBADACBDABADAA,ABACABABCDADADBCADACBDABADAA,,,0,135,,,,,L_T1_GTR___standard,,,,,L_T1_GTR03_51000001/L_T1_GTR03_33000001,,,
102171,28,,,,,,,,,33,24,25,344000000000343000000000535400000007253200000000253440000000332233200000,,00000145,,,,,,,,14,14,0,8,8,145,,435343342532235432354234323324,BACABAABDCADDACBADACBDABADAADB,ABACABABCDADADBCADACBDABADAABD,,,0,145,,,,,L_T1_GTR___standard,,,,,L_T1_GTR03_33000001,,,,33,24,25,355400000000353243000000434200000007342300000000342000000000223350000000,,00000145,,,,,,,,14,14,0,10,10,145,,435343342532235432354234323324,BACABAABDCADDACBADACBDABADAADB,ABACABABCDADADBCADACBDABADAABD,,,0,145,,,,,L_T1_GTR___standard,,,,,L_T1_GTR03_51000001/L_T1_GTR03_33000001,,,
102188,29,,,,,,,,,24,25,44,344000000000343000000000535433000007253200000000253440000000332233200000,,00000153,,,,,,,,15,15,0,8,8,153,,43534334253223543235423432332425,BACABAABDCADDACBADACBDABADAADBDC,ABACABABCDADADBCADACBDABADAABDCD,,,0,153,,,,,L_T1_GTR___standard,,,,,L_T1_GTR03_33000001,,,,33,24,25,355400000000353243000000434200000007342300000000342000000000223350000000,,00000145,,,,,,,,14,14,0,10,10,145,,435343342532235432354234323324,BACABAABDCADDACBADACBDABADAADB,ABACABABCDADADBCADACBDABADAABD,,,0,145,,,,,L_T1_GTR___standard,,,,,L_T1_GTR03_51000001/L_T1_GTR03_33000001,,,
102214,30,,,,,,,,,24,25,44,344000000000343000000000535433000007253200000000253440000000332233200000,,00000153,,,,,,,,15,15,0,8,8,153,,43534334253223543235423432332425,BACABAABDCADDACBADACBDABADAADBDC,ABACABABCDADADBCADACBDABADAABDCD,,,0,153,,,,,L_T1_GTR___standard,,,,,L_T1_GTR03_33000001,,,,24,25,44,355433000000353243000000434200000007342300000000342000000000223350000000,,00000153,,,,,,,,15,15,0,8,8,153,,43534334253223543235423432332425,BACABAABDCADDACBADACBDABADAADBDC,ABACABABCDADADBCADACBDABADAABDCD,,,0,153,,,,,L_T1_GTR___standard,,,,,L_T1_GTR03_51000001/L_T1_GTR03_33000001,,,
102232,31,,,,,,,,,25,44,32,344000000000343000000000535433000007253224000000253440000000332233200000,,00000162,,,,,,,,16,16,0,9,9,162,,4353433425322354323542343233242544,BACABAABDCADDACBADACBDABADAADBDCBB,ABACABABCDADADBCADACBDABADAABDCDBB,,,0,162,,,,,L_T1_GTR___standard,,,,,L_T1_GTR03_33000001,,,,24,25,44,355433000000353243000000434200000007342300000000342000000000223350000000,,00000153,,,,,,,,15,15,0,8,8,153,,43534334253223543235423432332425,BACABAABDCADDACBADACBDABADAADBDC,ABACABABCDADADBCADACBDABADAABDCD,,,0,153,,,,,L_T1_GTR___standard,,,,,L_T1_GTR03_51000001/L_T1_GTR03_33000001,,,
102254,32,,,,,,,,,25,44,32,344000000000343000000000535433000007253224000000253440000000332233200000,,00000162,,,,,,,,16,16,0,9,9,162,,4353433425322354323542343233242544,BACABAABDCADDACBADACBDABADAADBDCBB,ABACABABCDADADBCADACBDABADAABDCDBB,,,0,162,,,,,L_T1_GTR___standard,,,,,L_T1_GTR03_33000001,,,,25,44,32,355433420000353243000000434200000007342300000000342000000000223350000000,,00000159,,,,,,,,16,16,0,6,6,159,,4353433425322354323542343233242544,BACABAABDCADDACBADACBDABADAADBDCBB,ABACABABCDADADBCADACBDABADAABDCDBB,,,0,159,,,,,L_T1_GTR___standard,,,,,L_T1_GTR03_51000001/L_T1_GTR03_33000001,,,
102275,33,,,,,,,,,44,32,25,344000000000343520000000535433000007253224000000253440000000332233200000,,00000171,,,,,,,,17,17,0,9,9,171,,435343342532235432354234323324254432,BACABAABDCADDACBADACBDABADAADBDCBBAD,ABACABABCDADADBCADACBDABADAABDCDBBAD,,,0,171,,,,,L_T1_GTR___standard,,,,,L_T1_GTR03_33000001,,,,25,44,32,355433420000353243000000434200000007342300000000342000000000223350000000,,00000159,,,,,,,,16,16,0,6,6,159,,4353433425322354323542343233242544,BACABAABDCADDACBADACBDABADAADBDCBB,ABACABABCDADADBCADACBDABADAABDCDBB,,,0,159,,,,,L_T1_GTR___standard,,,,,L_T1_GTR03_51000001/L_T1_GTR03_33000001,,,
102304,34,,,,,,,,,44,32,25,344000000000343520000000535433000007253224000000253440000000332233200000,,00000171,,,,,,,,17,17,0,9,9,171,,435343342532235432354234323324254432,BACABAABDCADDACBADACBDABADAADBDCBBAD,ABACABABCDADADBCADACBDABADAABDCDBBAD,,,0,171,,,,,L_T1_GTR___standard,,,,,L_T1_GTR03_33000001,,,,44,32,25,355433420000353243000000434200000007342300000000342250000000223350000000,,00000169,,,,,,,,17,17,0,10,10,169,,435343342532235432354234323324254432,BACABAABDCADDACBADACBDABADAADBDCBBAD,ABACABABCDADADBCADACBDABADAABDCDBBAD,,,0,169,,,,,L_T1_GTR___standard,,,,,L_T1_GTR03_51000001/L_T1_GTR03_33000001,,,
102316,35,,,,,,,,,32,25,52,344000000000343524400000535433000007253224000000253440000000332233200000,,00000178,,,,,,,,18,18,0,7,7,178,,43534334253223543235423432332425443225,BACABAABDCADDACBADACBDABADAADBDCBBADDC,ABACABABCDADADBCADACBDABADAABDCDBBADCD,,,0,178,,,,,L_T1_GTR___standard,,,,,L_T1_GTR03_33000001,,,,44,32,25,355433420000353243000000434200000007342300000000342250000000223350000000,,00000169,,,,,,,,17,17,0,10,10,169,,435343342532235432354234323324254432,BACABAABDCADDACBADACBDABADAADBDCBBAD,ABACABABCDADADBCADACBDABADAABDCDBBAD,,,0,169,,,,,L_T1_GTR___standard,,,,,L_T1_GTR03_51000001/L_T1_GTR03_33000001,,,
102346,36,,,,,,,,,32,25,52,344000000000343524400000535433000007253224000000253440000000332233200000,,00000178,,,,,,,,18,18,0,7,7,178,,43534334253223543235423432332425443225,BACABAABDCADDACBADACBDABADAADBDCBBADDC,ABACABABCDADADBCADACBDABADAABDCDBBADCD,,,0,178,,,,,L_T1_GTR___standard,,,,,L_T1_GTR03_33000001,,,,32,25,52,355433420000353243000000434240000007342340000000342250000000223350000000,,00000178,,,,,,,,18,18,0,9,9,178,,43534334253223543235423432332425443225,BACABAABDCADDACBADACBDABADAADBDCBBADDC,ABACABABCDADADBCADACBDABADAABDCDBBADCD,,,0,178,,,,,L_T1_GTR___standard,,,,,L_T1_GTR03_51000001/L_T1_GTR03_33000001,,,
102380,37,,,,,,,,,25,52,33,344000000000343524400000535433000007253224000000253443000000332233220000,,00000184,,,,,,,,19,19,0,6,6,184,,4353433425322354323542343233242544322552,BACABAABDCADDACBADACBDABADAADBDCBBADDCCD,ABACABABCDADADBCADACBDABADAABDCDBBADCDCD,,,0,184,,,,,L_T1_GTR___standard,,,,,L_T1_GTR03_33000001,,,,32,25,52,355433420000353243000000434240000007342340000000342250000000223350000000,,00000178,,,,,,,,18,18,0,9,9,178,,43534334253223543235423432332425443225,BACABAABDCADDACBADACBDABADAADBDCBBADDC,ABACABABCDADADBCADACBDABADAABDCDBBADCD,,,0,178,,,,,L_T1_GTR___standard,,,,,L_T1_GTR03_51000001/L_T1_GTR03_33000001,,,
102383,38,,,,,,,,,25,52,33,344000000000343524400000535433000007253224000000253443000000332233220000,,00000184,,,,,,,,19,19,0,6,6,184,,4353433425322354323542343233242544322552,BACABAABDCADDACBADACBDABADAADBDCBBADDCCD,ABACABABCDADADBCADACBDABADAABDCDBBADCDCD,,,0,184,,,,,L_T1_GTR___standard,,,,,L_T1_GTR03_33000001,,,,25,52,33,355433420000353243230000434240000007342340000000342250000000223350000000,,00000184,,,,,,,,19,19,0,6,6,184,,4353433425322354323542343233242544322552,BACABAABDCADDACBADACBDABADAADBDCBBADDCCD,ABACABABCDADADBCADACBDABADAABDCDBBADCDCD,,,0,184,,,,,L_T1_GTR___standard,,,,,L_T1_GTR03_51000001/L_T1_GTR03_33000001,,,
102423,39,,,,,,,,,25,52,33,344000000000343524400000535433000007253224000000253443000000332233220000,,00000184,,,,,,,,19,19,0,6,6,184,,4353433425322354323542343233242544322552,BACABAABDCADDACBADACBDABADAADBDCBBADDCCD,ABACABABCDADADBCADACBDABADAABDCDBBADCDCD,,,0,184,,,,,L_T1_GTR___standard,,,,,L_T1_GTR03_33000001,,,,52,33,53,355433420000353243230000434242000007342345000000342250000000223350000000,,00000192,,,,,,,,20,20,0,8,8,192,,435343342532235432354234323324254432255233,BACABAABDCADDACBADACBDABADAADBDCBBADDCCDAA,ABACABABCDADADBCADACBDABADAABDCDBBADCDCDAA,,,0,192,,,,,L_T1_GTR___standard,,,,,L_T1_GTR03_51000001/L_T1_GTR03_33000001,,,
102428,40,,,,,,,,,52,33,53,344520000000343524400000535433000007253224000000253443000000332233220000,,00000193,,,,,,,,20,20,0,9,9,193,,435343342532235432354234323324254432255233,BACABAABDCADDACBADACBDABADAADBDCBBADDCCDAA,ABACABABCDADADBCADACBDABADAABDCDBBADCDCDAA,,,0,193,,,,,L_T1_GTR___standard,,,,,L_T1_GTR03_33000001,,,,52,33,53,355433420000353243230000434242000007342345000000342250000000223350000000,,00000192,,,,,,,,20,20,0,8,8,192,,435343342532235432354234323324254432255233,BACABAABDCADDACBADACBDABADAADBDCBBADDCCDAA,ABACABABCDADADBCADACBDABADAABDCDBBADCDCDAA,,,0,192,,,,,L_T1_GTR___standard,,,,,L_T1_GTR03_51000001/L_T1_GTR03_33000001,,,
102466,41,,,,,,,,,52,33,53,344520000000343524400000535433000007253224000000253443000000332233220000,,00000193,,,,,,,,20,20,0,9,9,193,,435343342532235432354234323324254432255233,BACABAABDCADDACBADACBDABADAADBDCBBADDCCDAA,ABACABABCDADADBCADACBDABADAABDCDBBADCDCDAA,,,0,193,,,,,L_T1_GTR___standard,,,,,L_T1_GTR03_33000001,,,,33,53,35,355433420000353243230000434242200007342345500000342250000000223350000000,,00000198,,,,,,,,21,21,0,6,6,198,,43534334253223543235423432332425443225523353,BACABAABDCADDACBADACBDABADAADBDCBBADDCCDAACA,ABACABABCDADADBCADACBDABADAABDCDBBADCDCDAAAC,,,0,198,,,,,L_T1_GTR___standard,,,,,L_T1_GTR03_51000001/L_T1_GTR03_33000001,,,
102470,42,,,,,,,,,33,53,35,344522500000343524400000535433000007253224000000253443000000332233220000,,00000200,,,,,,,,21,21,0,7,7,200,,43534334253223543235423432332425443225523353,BACABAABDCADDACBADACBDABADAADBDCBBADDCCDAACA,ABACABABCDADADBCADACBDABADAABDCDBBADCDCDAAAC,,,0,200,,,,,L_T1_GTR___standard,,,,,L_T1_GTR03_33000001,,,,33,53,35,355433420000353243230000434242200007342345500000342250000000223350000000,,00000198,,,,,,,,21,21,0,6,6,198,,43534334253223543235423432332425443225523353,BACABAABDCADDACBADACBDABADAADBDCBBADDCCDAACA,ABACABABCDADADBCADACBDABADAABDCDBBADCDCDAAAC,,,0,198,,,,,L_T1_GTR___standard,,,,,L_T1_GTR03_51000001/L_T1_GTR03_33000001,,,
102508,43,,,,,,,,,53,35,43,344522500000343524400000535433000007253224330000253443000000332233220000,,00000206,,,,,,,,22,22,0,6,6,206,,4353433425322354323542343233242544322552335335,BACABAABDCADDACBADACBDABADAADBDCBBADDCCDAACAAC,ABACABABCDADADBCADACBDABADAABDCDBBADCDCDAAACAC,,,0,206,,,,,L_T1_GTR___standard,,,,,L_T1_GTR03_33000001,,,,33,53,35,355433420000353243230000434242200007342345500000342250000000223350000000,,00000198,,,,,,,,21,21,0,6,6,198,,43534334253223543235423432332425443225523353,BACABAABDCADDACBADACBDABADAADBDCBBADDCCDAACA,ABACABABCDADADBCADACBDABADAABDCDBBADCDCDAAAC,,,0,198,,,,,L_T1_GTR___standard,,,,,L_T1_GTR03_51000001/L_T1_GTR03_33000001,,,
102510,44,,,,,,,,,53,35,43,344522500000343524400000535433000007253224330000253443000000332233220000,,00000206,,,,,,,,22,22,0,6,6,206,,4353433425322354323542343233242544322552335335,BACABAABDCADDACBADACBDABADAADBDCBBADDCCDAACAAC,ABACABABCDADADBCADACBDABADAABDCDBBADCDCDAAACAC,,,0,206,,,,,L_T1_GTR___standard,,,,,L_T1_GTR03_33000001,,,,53,35,43,355433420000353243230000434242200007342345500000342253300000223350000000,,00000205,,,,,,,,22,22,0,7,7,205,,4353433425322354323542343233242544322552335335,BACABAABDCADDACBADACBDABADAADBDCBBADDCCDAACAAC,ABACABABCDADADBCADACBDABADAABDCDBBADCDCDAAACAC,,,0,205,,,,,L_T1_GTR___standard,,,,,L_T1_GTR03_51000001/L_T1_GTR03_33000001,,,
102549,45,,,,,,,,,35,43,42,344522550000343524430000535433000007253224330000253443000000332233220000,,00000212,,,,,,,,23,23,0,6,6,212,,435343342532235432354234323324254432255233533543,BACABAABDCADDACBADACBDABADAADBDCBBADDCCDAACAACBA,ABACABABCDADADBCADACBDABADAABDCDBBADCDCDAAACACAB,,,0,212,,,,,L_T1_GTR___standard,,,,,L_T1_GTR03_33000001,,,,53,35,43,355433420000353243230000434242200007342345500000342253300000223350000000,,00000205,,,,,,,,22,22,0,7,7,205,,4353433425322354323542343233242544322552335335,BACABAABDCADDACBADACBDABADAADBDCBBADDCCDAACAAC,ABACABABCDADADBCADACBDABADAABDCDBBADCDCDAAACAC,,,0,205,,,,,L_T1_GTR___standard,,,,,L_T1_GTR03_51000001/L_T1_GTR03_33000001,,,
102556,46,,,,,,,,,35,43,42,344522550000343524430000535433000007253224330000253443000000332233220000,,00000212,,,,,,,,23,23,0,6,6,212,,435343342532235432354234323324254432255233533543,BACABAABDCADDACBADACBDABADAADBDCBBADDCCDAACAACBA,ABACABABCDADADBCADACBDABADAABDCDBBADCDCDAAACACAB,,,0,212,,,,,L_T1_GTR___standard,,,,,L_T1_GTR03_33000001,,,,35,43,42,355433420000353243230000434242200007342345500000342253300000223355300000,,00000213,,,,,,,,23,23,0,8,8,213,,435343342532235432354234323324254432255233533543,BACABAABDCADDACBADACBDABADAADBDCBBADDCCDAACAACBA,ABACABABCDADADBCADACBDABADAABDCDBBADCDCDAAACACAB,,,0,213,,,,,L_T1_GTR___standard,,,,,L_T1_GTR03_51000001/L_T1_GTR03_33000001,,,
102585,47,,,,,,,,,43,42,53,344522555000343524433000535433000007253224330000253443000000332233220000,,00000217,,,,,,,,24,24,0,5,5,217,,43534334253223543235423432332425443225523353354342,BACABAABDCADDACBADACBDABADAADBDCBBADDCCDAACAACBABD,ABACABABCDADADBCADACBDABADAABDCDBBADCDCDAAACACABBD,,,0,217,,,,,L_T1_GTR___standard,,,,,L_T1_GTR03_33000001,,,,35,43,42,355433420000353243230000434242200007342345500000342253300000223355300000,,00000213,,,,,,,,23,23,0,8,8,213,,435343342532235432354234323324254432255233533543,BACABAABDCADDACBADACBDABADAADBDCBBADDCCDAACAACBA,ABACABABCDADADBCADACBDABADAABDCDBBADCDCDAAACACAB,,,0,213,,,,,L_T1_GTR___standard,,,,,L_T1_GTR03_51000001/L_T1_GTR03_33000001,,,
102602,48,,,,,,,,,43,42,53,344522555000343524433000535433000007253224330000253443000000332233220000,,00000217,,,,,,,,24,24,0,5,5,217,,43534334253223543235423432332425443225523353354342,BACABAABDCADDACBADACBDABADAADBDCBBADDCCDAACAACBABD,ABACABABCDADADBCADACBDABADAABDCDBBADCDCDAAACACABBD,,,0,217,,,,,L_T1_GTR___standard,,,,,L_T1_GTR03_33000001,,,,43,42,53,355433420000353243230000434242200007342345530000342253350000223355300000,,00000219,,,,,,,,24,24,0,6,6,219,,43534334253223543235423432332425443225523353354342,BACABAABDCADDACBADACBDABADAADBDCBBADDCCDAACAACBABD,ABACABABCDADADBCADACBDABADAABDCDBBADCDCDAAACACABBD,,,0,219,,,,,L_T1_GTR___standard,,,,,L_T1_GTR03_51000001/L_T1_GTR03_33000001,,,
102635,49,,,,,,,,,43,42,53,344522555000343524433000535433000007253224330000253443000000332233220000,,00000217,,,,,,,,24,24,0,5,5,217,,43534334253223543235423432332425443225523353354342,BACABAABDCADDACBADACBDABADAADBDCBBADDCCDAACAACBABD,ABACABABCDADADBCADACBDABADAABDCDBBADCDCDAAACACABBD,,,0,217,,,,,L_T1_GTR___standard,,,,,L_T1_GTR03_33000001,,,,42,53,53,355433420000353243233400434242200007342345530000342253350000223355300000,,00000223,,,,,,,,25,25,0,4,4,223,,4353433425322354323542343233242544322552335335434253,BACABAABDCADDACBADACBDABADAADBDCBBADDCCDAACAACBABDCA,ABACABABCDADADBCADACBDABADAABDCDBBADCDCDAAACACABBDAC,,,0,223,,,,,L_T1_GTR___standard,,,,,L_T1_GTR03_51000001/L_T1_GTR03_33000001,,,
102648,50,,,,,,,,,42,53,53,344522555000343524433000535433000007253224330000253443400000332233223000,,00000222,,,,,,,,25,25,0,5,5,222,,4353433425322354323542343233242544322552335335434253,BACABAABDCADDACBADACBDABADAADBDCBBADDCCDAACAACBABDCA,ABACABABCDADADBCADACBDABADAABDCDBBADCDCDAAACACABBDAC,,,0,222,,,,,L_T1_GTR___standard,,,,,L_T1_GTR03_33000001,,,,42,53,53,355433420000353243233400434242200007342345530000342253350000223355300000,,00000223,,,,,,,,25,25,0,4,4,223,,4353433425322354323542343233242544322552335335434253,BACABAABDCADDACBADACBDABADAADBDCBBADDCCDAACAACBABDCA,ABACABABCDADADBCADACBDABADAABDCDBBADCDCDAAACACABBDAC,,,0,223,,,,,L_T1_GTR___standard,,,,,L_T1_GTR03_51000001/L_T1_GTR03_33000001,,,
102684,51,,,,,,,,,53,53,35,344522555000343524433000535433240007253224330000253443400000332233223000,,00000228,,,,,,,,26,26,0,6,6,228,,435343342532235432354234323324254432255233533543425353,BACABAABDCADDACBADACBDABADAADBDCBBADDCCDAACAACBABDCACA,ABACABABCDADADBCADACBDABADAABDCDBBADCDCDAAACACABBDACAC,,,0,228,,,,,L_T1_GTR___standard,,,,,L_T1_GTR03_33000001,,,,42,53,53,355433420000353243233400434242200007342345530000342253350000223355300000,,00000223,,,,,,,,25,25,0,4,4,223,,4353433425322354323542343233242544322552335335434253,BACABAABDCADDACBADACBDABADAADBDCBBADDCCDAACAACBABDCA,ABACABABCDADADBCADACBDABADAABDCDBBADCDCDAAACACABBDAC,,,0,223,,,,,L_T1_GTR___standard,,,,,L_T1_GTR03_51000001/L_T1_GTR03_33000001,,,
102718,52,,,,,,,,,53,35,45,344522555000343524433350535433240007253224330000253443400000332233223000,,00000231,,,,,,,,27,27,0,3,3,231,,43534334253223543235423432332425443225523353354342535335,BACABAABDCADDACBADACBDABADAADBDCBBADDCCDAACAACBABDCACAAC,ABACABABCDADADBCADACBDABADAABDCDBBADCDCDAAACACABBDACACAC,,,0,231,,,,,L_T1_GTR___standard,,,,,L_T1_GTR03_33000001,,,,42,53,53,355433420000353243233400434242200007342345530000342253350000223355300000,,00000223,,,,,,,,25,25,0,4,4,223,,4353433425322354323542343233242544322552335335434253,BACABAABDCADDACBADACBDABADAADBDCBBADDCCDAACAACBABDCA,ABACABABCDADADBCADACBDABADAABDCDBBADCDCDAAACACABBDAC,,,0,223,,,,,L_T1_GTR___standard,,,,,L_T1_GTR03_51000001/L_T1_GTR03_33000001,,,
102724,53,,,,,,,,,53,35,45,344522555000343524433350535433240007253224330000253443400000332233223000,,00000231,,,,,,,,27,27,0,3,3,231,,43534334253223543235423432332425443225523353354342535335,BACABAABDCADDACBADACBDABADAADBDCBBADDCCDAACAACBABDCACAAC,ABACABABCDADADBCADACBDABADAABDCDBBADCDCDAAACACABBDACACAC,,,0,231,,,,,L_T1_GTR___standard,,,,,L_T1_GTR03_33000001,,,,53,53,35,355433422000353243233440434242200007342345530000342253350000223355300000,,00000224,,,,,,,,26,26,0,1,1,224,,435343342532235432354234323324254432255233533543425353,BACABAABDCADDACBADACBDABADAADBDCBBADDCCDAACAACBABDCACA,ABACABABCDADADBCADACBDABADAABDCDBBADCDCDAAACACABBDACAC,,,0,224,,,,,L_T1_GTR___standard,,,,,L_T1_GTR03_51000001/L_T1_GTR03_33000001,,,
102745,54,,,,,,,,,,35,45,344522555350343524433350535433240007253224330000253443400000332233223000,,bb40abb1,,,,,,,,28,0,1,bb40abb1,40,271,,43534334253223543235423432332425443225523353354342535335,BACABAABDCADDACBADACBDABADAADBDCBBADDCCDAACAACBABDCACAAC,ABACABABCDADADBCADACBDABADAABDCDBBADCDCDAAACACABBDACACAC,,,1,271,,,,,L_T1_GTR___standard,,,,,L_T1_GTR03_33000001,,,,53,53,35,355433422000353243233440434242200007342345530000342253350000223355300000,,00000224,,,,,,,,26,26,0,1,1,224,,435343342532235432354234323324254432255233533543425353,BACABAABDCADDACBADACBDABADAADBDCBBADDCCDAACAACBABDCACA,ABACABABCDADADBCADACBDABADAABDCDBBADCDCDAAACACABBDACAC,,,0,224,,,,,L_T1_GTR___standard,,,,,L_T1_GTR03_51000001/L_T1_GTR03_33000001,,,
102768,55,,,,,,,,,,35,45,344522555350343524433350535433240007253224330000253443400000332233223000,,bb40abb1,,,,,,,,28,0,1,bb40abb1,40,271,,43534334253223543235423432332425443225523353354342535335,BACABAABDCADDACBADACBDABADAADBDCBBADDCCDAACAACBABDCACAAC,ABACABABCDADADBCADACBDABADAABDCDBBADCDCDAAACACABBDACACAC,,,1,271,,,,,L_T1_GTR___standard,,,,,L_T1_GTR03_33000001,,,,53,35,45,355433422000353243233440434242200007342345530000342253355300223355300000,,00000229,,,,,,,,27,27,0,5,5,229,,43534334253223543235423432332425443225523353354342535335,BACABAABDCADDACBADACBDABADAADBDCBBADDCCDAACAACBABDCACAAC,ABACABABCDADADBCADACBDABADAABDCDBBADCDCDAAACACABBDACACAC,,,0,229,,,,,L_T1_GTR___standard,,,,,L_T1_GTR03_51000001/L_T1_GTR03_33000001,,,
102810,56,,,,,,,,,,35,45,344522555350343524433350535433240007253224330000253443400000332233223000,,bb40abb1,,,,,,,,28,0,1,bb40abb1,40,271,,43534334253223543235423432332425443225523353354342535335,BACABAABDCADDACBADACBDABADAADBDCBBADDCCDAACAACBABDCACAAC,ABACABABCDADADBCADACBDABADAABDCDBBADCDCDAAACACABBDACACAC,,,1,271,,,,,L_T1_GTR___standard,,,,,L_T1_GTR03_33000001,,,,35,45,34,355433422000353243233440434242200007342345530000342253355300223355353000,,00000235,,,,,,,,28,28,0,6,6,235,,4353433425322354323542343233242544322552335335434253533545,BACABAABDCADDACBADACBDABADAADBDCBBADDCCDAACAACBABDCACAACBC,ABACABABCDADADBCADACBDABADAABDCDBBADCDCDAAACACABBDACACACBC,,,0,235,,,,,L_T1_GTR___standard,,,,,L_T1_GTR03_51000001/L_T1_GTR03_33000001,,,
102829,57,,,,,,,,,,35,45,344522555500343524450000535433240007253224330000253443400000332233223000,,bb50ab10,,,,,,,,29,0,2,bb50ab10,500,771,,43534334253223543235423432332425443225523353354342535335,BACABAABDCADDACBADACBDABADAADBDCBBADDCCDAACAACBABDCACAAC,ABACABABCDADADBCADACBDABADAABDCDBBADCDCDAAACACABBDACACAC,,,2,771,,,,,L_T1_GTR___standard,,,,,L_T1_GTR03_33000001,,,,35,45,34,355433422000353243233440434242200007342345530000342253355300223355353000,,00000235,,,,,,,,28,28,0,6,6,235,,4353433425322354323542343233242544322552335335434253533545,BACABAABDCADDACBADACBDABADAADBDCBBADDCCDAACAACBABDCACAACBC,ABACABABCDADADBCADACBDABADAABDCDBBADCDCDAAACACABBDACACACBC,,,0,235,,,,,L_T1_GTR___standard,,,,,L_T1_GTR03_51000001/L_T1_GTR03_33000001,,,
102832,58,,,,,,,,,,35,45,344522555500343524450000535433240007253224330000253443400000332233223000,,bb50ab10,,,,,,,,29,0,2,bb50ab10,500,771,,43534334253223543235423432332425443225523353354342535335,BACABAABDCADDACBADACBDABADAADBDCBBADDCCDAACAACBABDCACAAC,ABACABABCDADADBCADACBDABADAABDCDBBADCDCDAAACACABBDACACAC,,,2,771,,,,,L_T1_GTR___standard,,,,,L_T1_GTR03_33000001,,,,,45,34,355433422000353243233440434242200007342345535300342253355300223355353000,,bb40abb1,,,,,,,,29,0,1,bb40abb1,40,275,,4353433425322354323542343233242544322552335335434253533545,BACABAABDCADDACBADACBDABADAADBDCBBADDCCDAACAACBABDCACAACBC,ABACABABCDADADBCADACBDABADAABDCDBBADCDCDAAACACABBDACACACBC,,,1,275,,,,,L_T1_GTR___standard,,,,,L_T1_GTR03_51000001/L_T1_GTR03_33000001,,,
102894,59,,,,,,,,,35,45,34,344522000000343524400000535433240007253224330000253443400000332233223000,,00000774,,,,,,,,30,1,0,3,3,774,,4353433425322354323542343233242544322552335335434253533545,BACABAABDCADDACBADACBDABADAADBDCBBADDCCDAACAACBABDCACAACBC,ABACABABCDADADBCADACBDABADAABDCDBBADCDCDAAACACABBDACACACBC,,,2,774,,,,,L_T1_GTR___standard,,,,,L_T1_GTR03_33000001,,,,,45,34,355433422000353243233440434242200007342345535300342253355300223355353000,,bb40abb1,,,,,,,,29,0,1,bb40abb1,40,275,,4353433425322354323542343233242544322552335335434253533545,BACABAABDCADDACBADACBDABADAADBDCBBADDCCDAACAACBABDCACAACBC,ABACABABCDADADBCADACBDABADAABDCDBBADCDCDAAACACABBDACACACBC,,,1,275,,,,,L_T1_GTR___standard,,,,,L_T1_GTR03_51000001/L_T1_GTR03_33000001,,,
102915,60,,,,,,,,,35,45,34,344522000000343524400000535433240007253224330000253443400000332233223000,,00000774,,,,,,,,30,1,0,3,3,774,,4353433425322354323542343233242544322552335335434253533545,BACABAABDCADDACBADACBDABADAADBDCBBADDCCDAACAACBABDCACAACBC,ABACABABCDADADBCADACBDABADAABDCDBBADCDCDAAACACABBDACACACBC,,,2,774,,,,,L_T1_GTR___standard,,,,,L_T1_GTR03_33000001,,,,,45,34,355433422000353243233440434242200007342345533000342253330000223355330000,,bb70ab12,,,,,,,,30,0,2,bb70ab12,840,1115,,4353433425322354323542343233242544322552335335434253533545,BACABAABDCADDACBADACBDABADAADBDCBBADDCCDAACAACBABDCACAACBC,ABACABABCDADADBCADACBDABADAABDCDBBADCDCDAAACACABBDACACACBC,,,2,1115,,,,,L_T1_GTR___standard,,,,,L_T1_GTR03_51000001/L_T1_GTR03_33000001,,,
102936,61,,,,,,,,,45,34,52,344522000000343524453000535433240007253224330000253443400000332233223000,,00000779,,,,,,,,31,2,0,5,5,779,,435343342532235432354234323324254432255233533543425353354534,BACABAABDCADDACBADACBDABADAADBDCBBADDCCDAACAACBABDCACAACBCAB,ABACABABCDADADBCADACBDABADAABDCDBBADCDCDAAACACABBDACACACBCAB,,,2,779,,,,,L_T1_GTR___standard,,,,,L_T1_GTR03_33000001,,,,,45,34,355433422000353243233440434242200007342345533000342253330000223355330000,,bb70ab12,,,,,,,,30,0,2,bb70ab12,840,1115,,4353433425322354323542343233242544322552335335434253533545,BACABAABDCADDACBADACBDABADAADBDCBBADDCCDAACAACBABDCACAACBC,ABACABABCDADADBCADACBDABADAABDCDBBADCDCDAAACACABBDACACACBC,,,2,1115,,,,,L_T1_GTR___standard,,,,,L_T1_GTR03_51000001/L_T1_GTR03_33000001,,,
102978,62,,,,,,,,,34,52,42,344522450000343524453000535433240007253224330000253443400000332233223000,,00000786,,,,,,,,32,3,0,7,7,786,,43534334253223543235423432332425443225523353354342535335453452,BACABAABDCADDACBADACBDABADAADBDCBBADDCCDAACAACBABDCACAACBCABCD,ABACABABCDADADBCADACBDABADAABDCDBBADCDCDAAACACABBDACACACBCABCD,,,2,786,,,,,L_T1_GTR___standard,,,,,L_T1_GTR03_33000001,,,,,45,34,355433422000353243233440434242200007342345533000342253330000223355330000,,bb70ab12,,,,,,,,30,0,2,bb70ab12,840,1115,,4353433425322354323542343233242544322552335335434253533545,BACABAABDCADDACBADACBDABADAADBDCBBADDCCDAACAACBABDCACAACBC,ABACABABCDADADBCADACBDABADAABDCDBBADCDCDAAACACABBDACACACBC,,,2,1115,,,,,L_T1_GTR___standard,,,,,L_T1_GTR03_51000001/L_T1_GTR03_33000001,,,
102980,63,,,,,,,,,34,52,42,344522450000343524453000535433240007253224330000253443400000332233223000,,00000786,,,,,,,,32,3,0,7,7,786,,43534334253223543235423432332425443225523353354342535335453452,BACABAABDCADDACBADACBDABADAADBDCBBADDCCDAACAACBABDCACAACBCABCD,ABACABABCDADADBCADACBDABADAABDCDBBADCDCDAAACACABBDACACACBCABCD,,,2,786,,,,,L_T1_GTR___standard,,,,,L_T1_GTR03_33000001,,,,45,34,52,355433422000353243233440434242200007342345500000342250000000223355000000,,00001119,,,,,,,,31,1,0,4,4,1119,,435343342532235432354234323324254432255233533543425353354534,BACABAABDCADDACBADACBDABADAADBDCBBADDCCDAACAACBABDCACAACBCAB,ABACABABCDADADBCADACBDABADAABDCDBBADCDCDAAACACABBDACACACBCAB,,,2,1119,,,,,L_T1_GTR___standard,,,,,L_T1_GTR03_51000001/L_T1_GTR03_33000001,,,
103048,64,,,,,,,,,34,52,42,344522450000343524453000535433240007253224330000253443400000332233223000,,00000786,,,,,,,,32,3,0,7,7,786,,43534334253223543235423432332425443225523353354342535335453452,BACABAABDCADDACBADACBDABADAADBDCBBADDCCDAACAACBABDCACAACBCABCD,ABACABABCDADADBCADACBDABADAABDCDBBADCDCDAAACACABBDACACACBCABCD,,,2,786,,,,,L_T1_GTR___standard,,,,,L_T1_GTR03_33000001,,,,34,52,42,355433422000353243233440434242200007342345550000342254000000223355000000,,00001125,,,,,,,,32,2,0,6,6,1125,,43534334253223543235423432332425443225523353354342535335453452,BACABAABDCADDACBADACBDABADAADBDCBBADDCCDAACAACBABDCACAACBCABCD,ABACABABCDADADBCADACBDABADAABDCDBBADCDCDAAACACABBDACACACBCABCD,,,2,1125,,,,,L_T1_GTR___standard,,,,,L_T1_GTR03_51000001/L_T1_GTR03_33000001,,,
103059,65,,,,,,,,,52,42,35,344522454300343524453600535433246007253224336000253443460000332233223000,,00000790,,,,,,,,33,4,0,4,4,790,,4353433425322354323542343233242544322552335335434253533545345242,BACABAABDCADDACBADACBDABADAADBDCBBADDCCDAACAACBABDCACAACBCABCDBD,ABACABABCDADADBCADACBDABADAABDCDBBADCDCDAAACACABBDACACACBCABCDBD,,,2,790,,,,,L_T1_GTR___standard,,,,,L_T1_GTR03_33000001,,,,34,52,42,355433422000353243233440434242200007342345550000342254000000223355000000,,00001125,,,,,,,,32,2,0,6,6,1125,,43534334253223543235423432332425443225523353354342535335453452,BACABAABDCADDACBADACBDABADAADBDCBBADDCCDAACAACBABDCACAACBCABCD,ABACABABCDADADBCADACBDABADAABDCDBBADCDCDAAACACABBDACACACBCABCD,,,2,1125,,,,,L_T1_GTR___standard,,,,,L_T1_GTR03_51000001/L_T1_GTR03_33000001,,,
103092,66,,,,,,,,,52,42,35,344522454300343524453600535433246007253224336000253443460000332233223000,,00000790,,,,,,,,33,4,0,4,4,790,,4353433425322354323542343233242544322552335335434253533545345242,BACABAABDCADDACBADACBDABADAADBDCBBADDCCDAACAACBABDCACAACBCABCDBD,ABACABABCDADADBCADACBDABADAABDCDBBADCDCDAAACACABBDACACACBCABCDBD,,,2,790,,,,,L_T1_GTR___standard,,,,,L_T1_GTR03_33000001,,,,52,42,35,355433422000353243233440434242200007342345550000342254400000223355300000,,00001132,,,,,,,,33,3,0,7,7,1132,,4353433425322354323542343233242544322552335335434253533545345242,BACABAABDCADDACBADACBDABADAADBDCBBADDCCDAACAACBABDCACAACBCABCDBD,ABACABABCDADADBCADACBDABADAABDCDBBADCDCDAAACACABBDACACACBCABCDBD,,,2,1132,,,,,L_T1_GTR___standard,,,,,L_T1_GTR03_51000001/L_T1_GTR03_33000001,,,
103108,67,,,,,,,,,42,35,42,344522454300343524453600535433246007253224336000253443465200332233223000,,00000795,,,,,,,,34,5,0,5,5,795,,435343342532235432354234323324254432255233533543425353354534524235,BACABAABDCADDACBADACBDABADAADBDCBBADDCCDAACAACBABDCACAACBCABCDBDAC,ABACABABCDADADBCADACBDABADAABDCDBBADCDCDAAACACABBDACACACBCABCDBDAC,,,2,795,,,,,L_T1_GTR___standard,,,,,L_T1_GTR03_33000001,,,,52,42,35,355433422000353243233440434242200007342345550000342254400000223355300000,,00001132,,,,,,,,33,3,0,7,7,1132,,4353433425322354323542343233242544322552335335434253533545345242,BACABAABDCADDACBADACBDABADAADBDCBBADDCCDAACAACBABDCACAACBCABCDBD,ABACABABCDADADBCADACBDABADAABDCDBBADCDCDAAACACABBDACACACBCABCDBD,,,2,1132,,,,,L_T1_GTR___standard,,,,,L_T1_GTR03_51000001/L_T1_GTR03_33000001,,,
103126,68,,,,,,,,,42,35,42,344522454300343524453600535433246007253224336000253443465200332233223000,,00000795,,,,,,,,34,5,0,5,5,795,,435343342532235432354234323324254432255233533543425353354534524235,BACABAABDCADDACBADACBDABADAADBDCBBADDCCDAACAACBABDCACAACBCABCDBDAC,ABACABABCDADADBCADACBDABADAABDCDBBADCDCDAAACACABBDACACACBCABCDBDAC,,,2,795,,,,,L_T1_GTR___standard,,,,,L_T1_GTR03_33000001,,,,42,35,42,355433422000353243233440434242200007342345552500342254400000223355300000,,00001136,,,,,,,,34,4,0,4,4,1136,,435343342532235432354234323324254432255233533543425353354534524235,BACABAABDCADDACBADACBDABADAADBDCBBADDCCDAACAACBABDCACAACBCABCDBDAC,ABACABABCDADADBCADACBDABADAABDCDBBADCDCDAAACACABBDACACACBCABCDBDAC,,,2,1136,,,,,L_T1_GTR___standard,,,,,L_T1_GTR03_51000001/L_T1_GTR03_33000001,,,
103164,69,,,,,,,,,35,42,55,344522454300343524453600535433246007253224336000253443465220332233223400,,00000798,,,,,,,,35,6,0,3,3,798,,43534334253223543235423432332425443225523353354342535335453452423542,BACABAABDCADDACBADACBDABADAADBDCBBADDCCDAACAACBABDCACAACBCABCDBDACBD,ABACABABCDADADBCADACBDABADAABDCDBBADCDCDAAACACABBDACACACBCABCDBDACBD,,,2,798,,,,,L_T1_GTR___standard,,,,,L_T1_GTR03_33000001,,,,42,35,42,355433422000353243233440434242200007342345552500342254400000223355300000,,00001136,,,,,,,,34,4,0,4,4,1136,,435343342532235432354234323324254432255233533543425353354534524235,BACABAABDCADDACBADACBDABADAADBDCBBADDCCDAACAACBABDCACAACBCABCDBDAC,ABACABABCDADADBCADACBDABADAABDCDBBADCDCDAAACACABBDACACACBCABCDBDAC,,,2,1136,,,,,L_T1_GTR___standard,,,,,L_T1_GTR03_51000001/L_T1_GTR03_33000001,,,
103168,70,,,,,,,,,35,42,55,344522454300343524453600535433246007253224336000253443465220332233223400,,00000798,,,,,,,,35,6,0,3,3,798,,43534334253223543235423432332425443225523353354342535335453452423542,BACABAABDCADDACBADACBDABADAADBDCBBADDCCDAACAACBABDCACAACBCABCDBDACBD,ABACABABCDADADBCADACBDABADAABDCDBBADCDCDAAACACABBDACACACBCABCDBDACBD,,,2,798,,,,,L_T1_GTR___standard,,,,,L_T1_GTR03_33000001,,,,35,42,55,355433422000353243233440434242200007342345552500342254442000223355300000,,00001142,,,,,,,,35,5,0,6,6,1142,,43534334253223543235423432332425443225523353354342535335453452423542,BACABAABDCADDACBADACBDABADAADBDCBBADDCCDAACAACBABDCACAACBCABCDBDACBD,ABACABABCDADADBCADACBDABADAABDCDBBADCDCDAAACACABBDACACACBCABCDBDACBD,,,2,1142,,,,,L_T1_GTR___standard,,,,,L_T1_GTR03_51000001/L_T1_GTR03_33000001,,,
103198,71,,,,,,,,,42,55,54,344522454300343524453600535433246007253224336350253443465220332233223400,,00000802,,,,,,,,36,7,0,4,4,802,,4353433425322354323542343233242544322552335335434253533545345242354255,BACABAABDCADDACBADACBDABADAADBDCBBADDCCDAACAACBABDCACAACBCABCDBDACBDCC,ABACABABCDADADBCADACBDABADAABDCDBBADCDCDAAACACABBDACACACBCABCDBDACBDCC,,,2,802,,,,,L_T1_GTR___standard,,,,,L_T1_GTR03_33000001,,,,35,42,55,355433422000353243233440434242200007342345552500342254442000223355300000,,00001142,,,,,,,,35,5,0,6,6,1142,,43534334253223543235423432332425443225523353354342535335453452423542,BACABAABDCADDACBADACBDABADAADBDCBBADDCCDAACAACBABDCACAACBCABCDBDACBD,ABACABABCDADADBCADACBDABADAABDCDBBADCDCDAAACACABBDACACACBCABCDBDACBD,,,2,1142,,,,,L_T1_GTR___standard,,,,,L_T1_GTR03_51000001/L_T1_GTR03_33000001,,,
103234,72,,,,,,,,,55,54,33,344522454300343524453600535433246007253224336355253443465220332233223442,,00000805,,,,,,,,37,8,0,3,3,805,,435343342532235432354234323324254432255233533543425353354534524235425554,BACABAABDCADDACBADACBDABADAADBDCBBADDCCDAACAACBABDCACAACBCABCDBDACBDCCCB,ABACABABCDADADBCADACBDABADAABDCDBBADCDCDAAACACABBDACACACBCABCDBDACBDCCBC,,,2,805,,,,,L_T1_GTR___standard,,,,,L_T1_GTR03_33000001,,,,35,42,55,355433422000353243233440434242200007342345552500342254442000223355300000,,00001142,,,,,,,,35,5,0,6,6,1142,,43534334253223543235423432332425443225523353354342535335453452423542,BACABAABDCADDACBADACBDABADAADBDCBBADDCCDAACAACBABDCACAACBCABCDBDACBD,ABACABABCDADADBCADACBDABADAABDCDBBADCDCDAAACACABBDACACACBCABCDBDACBD,,,2,1142,,,,,L_T1_GTR___standard,,,,,L_T1_GTR03_51000001/L_T1_GTR03_33000001,,,
103244,73,,,,,,,,,55,54,33,344522454300343524453600535433246007253224336355253443465220332233223442,,00000805,,,,,,,,37,8,0,3,3,805,,435343342532235432354234323324254432255233533543425353354534524235425554,BACABAABDCADDACBADACBDABADAADBDCBBADDCCDAACAACBABDCACAACBCABCDBDACBDCCCB,ABACABABCDADADBCADACBDABADAABDCDBBADCDCDAAACACABBDACACACBCABCDBDACBDCCBC,,,2,805,,,,,L_T1_GTR___standard,,,,,L_T1_GTR03_33000001,,,,42,55,54,355433422000353243233440434242230007342345552550342254442000223355300000,,00001145,,,,,,,,36,6,0,3,3,1145,,4353433425322354323542343233242544322552335335434253533545345242354255,BACABAABDCADDACBADACBDABADAADBDCBBADDCCDAACAACBABDCACAACBCABCDBDACBDCC,ABACABABCDADADBCADACBDABADAABDCDBBADCDCDAAACACABBDACACACBCABCDBDACBDCC,,,2,1145,,,,,L_T1_GTR___standard,,,,,L_T1_GTR03_51000001/L_T1_GTR03_33000001,,,
103264,74,,,,,,,,,54,33,35,344522454300343524453600535433246007253224336355253443465220332233223442,,00000807,,,,,,,,38,9,0,2,2,807,,43534334253223543235423432332425443225523353354342535335453452423542555433,BACABAABDCADDACBADACBDABADAADBDCBBADDCCDAACAACBABDCACAACBCABCDBDACBDCCCBAA,ABACABABCDADADBCADACBDABADAABDCDBBADCDCDAAACACABBDACACACBCABCDBDACBDCCBCAA,,,2,807,,,,,L_T1_GTR___standard,,,,,L_T1_GTR03_33000001,,,,42,55,54,355433422000353243233440434242230007342345552550342254442000223355300000,,00001145,,,,,,,,36,6,0,3,3,1145,,4353433425322354323542343233242544322552335335434253533545345242354255,BACABAABDCADDACBADACBDABADAADBDCBBADDCCDAACAACBABDCACAACBCABCDBDACBDCC,ABACABABCDADADBCADACBDABADAABDCDBBADCDCDAAACACABBDACACACBCABCDBDACBDCC,,,2,1145,,,,,L_T1_GTR___standard,,,,,L_T1_GTR03_51000001/L_T1_GTR03_33000001,,,
103286,75,,,,,,,,,54,33,35,344522454300343524453600535433246007253224336355253443465220332233223442,,00000807,,,,,,,,38,9,0,2,2,807,,43534334253223543235423432332425443225523353354342535335453452423542555433,BACABAABDCADDACBADACBDABADAADBDCBBADDCCDAACAACBABDCACAACBCABCDBDACBDCCCBAA,ABACABABCDADADBCADACBDABADAABDCDBBADCDCDAAACACABBDACACACBCABCDBDACBDCCBCAA,,,2,807,,,,,L_T1_GTR___standard,,,,,L_T1_GTR03_33000001,,,,55,54,33,355433422000353243233440434242230007342345552550342254442240223355300000,,00001148,,,,,,,,37,7,0,3,3,1148,,435343342532235432354234323324254432255233533543425353354534524235425554,BACABAABDCADDACBADACBDABADAADBDCBBADDCCDAACAACBABDCACAACBCABCDBDACBDCCCB,ABACABABCDADADBCADACBDABADAABDCDBBADCDCDAAACACABBDACACACBCABCDBDACBDCCBC,,,2,1148,,,,,L_T1_GTR___standard,,,,,L_T1_GTR03_51000001/L_T1_GTR03_33000001,,,
103298,76,,,,,,,,,33,35,32,344522454354343524453600535433246007253224336355253443465220332233223442,,00000810,,,,,,,,39,10,0,3,3,810,,4353433425322354323542343233242544322552335335434253533545345242354255543335,BACABAABDCADDACBADACBDABADAADBDCBBADDCCDAACAACBABDCACAACBCABCDBDACBDCCCBAAAC,ABACABABCDADADBCADACBDABADAABDCDBBADCDCDAAACACABBDACACACBCABCDBDACBDCCBCAAAC,,,2,810,,,,,L_T1_GTR___standard,,,,,L_T1_GTR03_33000001,,,,55,54,33,355433422000353243233440434242230007342345552550342254442240223355300000,,00001148,,,,,,,,37,7,0,3,3,1148,,435343342532235432354234323324254432255233533543425353354534524235425554,BACABAABDCADDACBADACBDABADAADBDCBBADDCCDAACAACBABDCACAACBCABCDBDACBDCCCB,ABACABABCDADADBCADACBDABADAABDCDBBADCDCDAAACACABBDACACACBCABCDBDACBDCCBC,,,2,1148,,,,,L_T1_GTR___standard,,,,,L_T1_GTR03_51000001/L_T1_GTR03_33000001,,,
103322,77,,,,,,,,,33,35,32,344522454354343524453600535433246007253224336355253443465220332233223442,,00000810,,,,,,,,39,10,0,3,3,810,,4353433425322354323542343233242544322552335335434253533545345242354255543335,BACABAABDCADDACBADACBDABADAADBDCBBADDCCDAACAACBABDCACAACBCABCDBDACBDCCCBAAAC,ABACABABCDADADBCADACBDABADAABDCDBBADCDCDAAACACABBDACACACBCABCDBDACBDCCBCAAAC,,,2,810,,,,,L_T1_GTR___standard,,,,,L_T1_GTR03_33000001,,,,54,33,35,355433422550353243233440434242230007342345552550342254442240223355300000,,00001152,,,,,,,,38,8,0,4,4,1152,,43534334253223543235423432332425443225523353354342535335453452423542555433,BACABAABDCADDACBADACBDABADAADBDCBBADDCCDAACAACBABDCACAACBCABCDBDACBDCCCBAA,ABACABABCDADADBCADACBDABADAABDCDBBADCDCDAAACACABBDACACACBCABCDBDACBDCCBCAA,,,2,1152,,,,,L_T1_GTR___standard,,,,,L_T1_GTR03_51000001/L_T1_GTR03_33000001,,,
103330,78,,,,,,,,,35,32,52,344522454354343524453600535433246337253224336355253443465220332233223442,,00000814,,,,,,,,40,11,0,4,4,814,,435343342532235432354234323324254432255233533543425353354534524235425554333532,BACABAABDCADDACBADACBDABADAADBDCBBADDCCDAACAACBABDCACAACBCABCDBDACBDCCCBAAACAD,ABACABABCDADADBCADACBDABADAABDCDBBADCDCDAAACACABBDACACACBCABCDBDACBDCCBCAAACAD,,,2,814,,,,,L_T1_GTR___standard,,,,,L_T1_GTR03_33000001,,,,54,33,35,355433422550353243233440434242230007342345552550342254442240223355300000,,00001152,,,,,,,,38,8,0,4,4,1152,,43534334253223543235423432332425443225523353354342535335453452423542555433,BACABAABDCADDACBADACBDABADAADBDCBBADDCCDAACAACBABDCACAACBCABCDBDACBDCCCBAA,ABACABABCDADADBCADACBDABADAABDCDBBADCDCDAAACACABBDACACACBCABCDBDACBDCCBCAA,,,2,1152,,,,,L_T1_GTR___standard,,,,,L_T1_GTR03_51000001/L_T1_GTR03_33000001,,,
103351,79,,,,,,,,,,32,52,344522454354343524453635535433246337253224336355253443465220332233223442,,bb40abb1,,,,,,,,41,0,1,bb40abb1,40,854,,435343342532235432354234323324254432255233533543425353354534524235425554333532,BACABAABDCADDACBADACBDABADAADBDCBBADDCCDAACAACBABDCACAACBCABCDBDACBDCCCBAAACAD,ABACABABCDADADBCADACBDABADAABDCDBBADCDCDAAACACABBDACACACBCABCDBDACBDCCBCAAACAD,,,2,854,,,,,L_T1_GTR___standard,,,,,L_T1_GTR03_33000001,,,,54,33,35,355433422550353243233440434242230007342345552550342254442240223355300000,,00001152,,,,,,,,38,8,0,4,4,1152,,43534334253223543235423432332425443225523353354342535335453452423542555433,BACABAABDCADDACBADACBDABADAADBDCBBADDCCDAACAACBABDCACAACBCABCDBDACBDCCCBAA,ABACABABCDADADBCADACBDABADAABDCDBBADCDCDAAACACABBDACACACBCABCDBDACBDCCBCAA,,,2,1152,,,,,L_T1_GTR___standard,,,,,L_T1_GTR03_51000001/L_T1_GTR03_33000001,,,
103354,80,,,,,,,,,,32,52,344522454354343524453635535433246337253224336355253443465220332233223442,,bb40abb1,,,,,,,,41,0,1,bb40abb1,40,854,,435343342532235432354234323324254432255233533543425353354534524235425554333532,BACABAABDCADDACBADACBDABADAADBDCBBADDCCDAACAACBABDCACAACBCABCDBDACBDCCCBAAACAD,ABACABABCDADADBCADACBDABADAABDCDBBADCDCDAAACACABBDACACACBCABCDBDACBDCCBCAAACAD,,,2,854,,,,,L_T1_GTR___standard,,,,,L_T1_GTR03_33000001,,,,33,35,32,355433422500353243233440434242230007342345552550342254442240223355300000,,00001154,,,,,,,,39,9,0,2,2,1154,,4353433425322354323542343233242544322552335335434253533545345242354255543335,BACABAABDCADDACBADACBDABADAADBDCBBADDCCDAACAACBABDCACAACBCABCDBDACBDCCCBAAAC,ABACABABCDADADBCADACBDABADAABDCDBBADCDCDAAACACABBDACACACBCABCDBDACBDCCBCAAAC,,,2,1154,,,,,L_T1_GTR___standard,,,,,L_T1_GTR03_51000001/L_T1_GTR03_33000001,,,
103398,81,,,,,,,,,,32,52,344522454354343524453635535433246337253224336355253443465220332233223442,,bb40abb1,,,,,,,,41,0,1,bb40abb1,40,854,,435343342532235432354234323324254432255233533543425353354534524235425554333532,BACABAABDCADDACBADACBDABADAADBDCBBADDCCDAACAACBABDCACAACBCABCDBDACBDCCCBAAACAD,ABACABABCDADADBCADACBDABADAABDCDBBADCDCDAAACACABBDACACACBCABCDBDACBDCCBCAAACAD,,,2,854,,,,,L_T1_GTR___standard,,,,,L_T1_GTR03_33000001,,,,35,32,52,355433422555353243233440434242230007342345552550342254442240223355333000,,00001160,,,,,,,,40,10,0,6,6,1160,,435343342532235432354234323324254432255233533543425353354534524235425554333532,BACABAABDCADDACBADACBDABADAADBDCBBADDCCDAACAACBABDCACAACBCABCDBDACBDCCCBAAACAD,ABACABABCDADADBCADACBDABADAABDCDBBADCDCDAAACACABBDACACACBCABCDBDACBDCCBCAAACAD,,,2,1160,,,,,L_T1_GTR___standard,,,,,L_T1_GTR03_51000001/L_T1_GTR03_33000001,,,
103435,82,,,,,,,,,,32,52,344522454354343524453635535433246337253224336355253443465220332233223442,,bb40abb1,,,,,,,,41,0,1,bb40abb1,40,854,,435343342532235432354234323324254432255233533543425353354534524235425554333532,BACABAABDCADDACBADACBDABADAADBDCBBADDCCDAACAACBABDCACAACBCABCDBDACBDCCCBAAACAD,ABACABABCDADADBCADACBDABADAABDCDBBADCDCDAAACACABBDACACACBCABCDBDACBDCCBCAAACAD,,,2,854,,,,,L_T1_GTR___standard,,,,,L_T1_GTR03_33000001,,,,32,52,42,355433422555353243233440434242230007342345552555342254442243223355333000,,00001162,,,,,,,,41,11,0,2,2,1162,,43534334253223543235423432332425443225523353354342535335453452423542555433353252,BACABAABDCADDACBADACBDABADAADBDCBBADDCCDAACAACBABDCACAACBCABCDBDACBDCCCBAAACADCD,ABACABABCDADADBCADACBDABADAABDCDBBADCDCDAAACACABBDACACACBCABCDBDACBDCCBCAAACADCD,,,2,1162,,,,,L_T1_GTR___standard,,,,,L_T1_GTR03_51000001/L_T1_GTR03_33000001,,,
103436,83,,,,,,,,,,32,52,344522454354343524453500535433240007253224335550253443465220332233223442,,bb40abb8,,,,,,,,42,0,2,bb40abb8,320,1174,,435343342532235432354234323324254432255233533543425353354534524235425554333532,BACABAABDCADDACBADACBDABADAADBDCBBADDCCDAACAACBABDCACAACBCABCDBDACBDCCCBAAACAD,ABACABABCDADADBCADACBDABADAABDCDBBADCDCDAAACACABBDACACACBCABCDBDACBDCCBCAAACAD,,,2,1174,,,,,L_T1_GTR___standard,,,,,L_T1_GTR03_33000001,,,,32,52,42,355433422555353243233440434242230007342345552555342254442243223355333000,,00001162,,,,,,,,41,11,0,2,2,1162,,43534334253223543235423432332425443225523353354342535335453452423542555433353252,BACABAABDCADDACBADACBDABADAADBDCBBADDCCDAACAACBABDCACAACBCABCDBDACBDCCCBAAACADCD,ABACABABCDADADBCADACBDABADAABDCDBBADCDCDAAACACABBDACACACBCABCDBDACBDCCBCAAACADCD,,,2,1162,,,,,L_T1_GTR___standard,,,,,L_T1_GTR03_51000001/L_T1_GTR03_33000001,,,
103523,84,,,,,,,,,,32,52,344522454354343524453500535433240007253224330000253443422000332233223442,,bb40ab16,,,,,,,,43,0,3,bb40ab16,640,1814,,435343342532235432354234323324254432255233533543425353354534524235425554333532,BACABAABDCADDACBADACBDABADAADBDCBBADDCCDAACAACBABDCACAACBCABCDBDACBDCCCBAAACAD,ABACABABCDADADBCADACBDABADAABDCDBBADCDCDAAACACABBDACACACBCABCDBDACBDCCBCAAACAD,,,3,1814,,,,,L_T1_GTR___standard,,,,,L_T1_GTR03_33000001,,,,32,52,42,355433422555353243233440434242230007342345552555342254442243223355333000,,00001162,,,,,,,,41,11,0,2,2,1162,,43534334253223543235423432332425443225523353354342535335453452423542555433353252,BACABAABDCADDACBADACBDABADAADBDCBBADDCCDAACAACBABDCACAACBCABCDBDACBDCCCBAAACADCD,ABACABABCDADADBCADACBDABADAABDCDBBADCDCDAAACACABBDACACACBCABCDBDACBDCCBCAAACADCD,,,2,1162,,,,,L_T1_GTR___standard,,,,,L_T1_GTR03_51000001/L_T1_GTR03_33000001,,,
103605,85,,,,,,,,,,32,52,344522454354343524453500535433240007253224330000253443400000332233344200,,bb40ab32,,,,,,,,44,0,4,bb40ab32,1280,3094,,435343342532235432354234323324254432255233533543425353354534524235425554333532,BACABAABDCADDACBADACBDABADAADBDCBBADDCCDAACAACBABDCACAACBCABCDBDACBDCCCBAAACAD,ABACABABCDADADBCADACBDABADAABDCDBBADCDCDAAACACABBDACACACBCABCDBDACBDCCBCAAACAD,,,4,3094,,,,,L_T1_GTR___standard,,,,,L_T1_GTR03_33000001,,,,32,52,42,355433422555353243233440434242230007342345552555342254442243223355333000,,00001162,,,,,,,,41,11,0,2,2,1162,,43534334253223543235423432332425443225523353354342535335453452423542555433353252,BACABAABDCADDACBADACBDABADAADBDCBBADDCCDAACAACBABDCACAACBCABCDBDACBDCCCBAAACADCD,ABACABABCDADADBCADACBDABADAABDCDBBADCDCDAAACACABBDACACACBCABCDBDACBDCCBCAAACADCD,,,2,1162,,,,,L_T1_GTR___standard,,,,,L_T1_GTR03_51000001/L_T1_GTR03_33000001,,,
103609,86,,,,,,,,,,32,52,344522454354343524453500535433240007253224330000253443400000332233344200,,bb40ab32,,,,,,,,44,0,4,bb40ab32,1280,3094,,435343342532235432354234323324254432255233533543425353354534524235425554333532,BACABAABDCADDACBADACBDABADAADBDCBBADDCCDAACAACBABDCACAACBCABCDBDACBDCCCBAAACAD,ABACABABCDADADBCADACBDABADAABDCDBBADCDCDAAACACABBDACACACBCABCDBDACBDCCBCAAACAD,,,4,3094,,,,,L_T1_GTR___standard,,,,,L_T1_GTR03_33000001,,,,,52,42,355433422555353243233440434242230007342345552555342254442243223355333320,,bb40abb1,,,,,,,,42,0,1,bb40abb1,40,1202,,43534334253223543235423432332425443225523353354342535335453452423542555433353252,BACABAABDCADDACBADACBDABADAADBDCBBADDCCDAACAACBABDCACAACBCABCDBDACBDCCCBAAACADCD,ABACABABCDADADBCADACBDABADAABDCDBBADCDCDAAACACABBDACACACBCABCDBDACBDCCBCAAACADCD,,,2,1202,,,,,L_T1_GTR___standard,,,,,L_T1_GTR03_51000001/L_T1_GTR03_33000001,,,
103689,87,,,,,,,,,,32,52,344522454354343524453500535433240007253224330000253444000000332244200000,,bb60ab67,,,,,,,,45,0,5,bb60ab67,4020,7114,,435343342532235432354234323324254432255233533543425353354534524235425554333532,BACABAABDCADDACBADACBDABADAADBDCBBADDCCDAACAACBABDCACAACBCABCDBDACBDCCCBAAACAD,ABACABABCDADADBCADACBDABADAABDCDBBADCDCDAAACACABBDACACACBCABCDBDACBDCCBCAAACAD,,,5,7114,,,,,L_T1_GTR___standard,,,,,L_T1_GTR03_33000001,,,,,52,42,355433422555353243233440434242230007342345552555342254442243223355333320,,bb40abb1,,,,,,,,42,0,1,bb40abb1,40,1202,,43534334253223543235423432332425443225523353354342535335453452423542555433353252,BACABAABDCADDACBADACBDABADAADBDCBBADDCCDAACAACBABDCACAACBCABCDBDACBDCCCBAAACADCD,ABACABABCDADADBCADACBDABADAABDCDBBADCDCDAAACACABBDACACACBCABCDBDACBDCCBCAAACADCD,,,2,1202,,,,,L_T1_GTR___standard,,,,,L_T1_GTR03_51000001/L_T1_GTR03_33000001,,,
103704,88,,,,,,,,,,32,52,344522454354343524453500535433240007253224330000253444000000332244200000,,bb60ab67,,,,,,,,45,0,5,bb60ab67,4020,7114,,435343342532235432354234323324254432255233533543425353354534524235425554333532,BACABAABDCADDACBADACBDABADAADBDCBBADDCCDAACAACBABDCACAACBCABCDBDACBDCCCBAAACAD,ABACABABCDADADBCADACBDABADAABDCDBBADCDCDAAACACABBDACACACBCABCDBDACBDCCBCAAACAD,,,5,7114,,,,,L_T1_GTR___standard,,,,,L_T1_GTR03_33000001,,,,52,42,24,355433422555353243233440434242230007342345552555342254442243223355200000,,00001203,,,,,,,,43,1,0,1,1,1203,,4353433425322354323542343233242544322552335335434253533545345242354255543335325242,BACABAABDCADDACBADACBDABADAADBDCBBADDCCDAACAACBABDCACAACBCABCDBDACBDCCCBAAACADCDBD,ABACABABCDADADBCADACBDABADAABDCDBBADCDCDAAACACABBDACACACBCABCDBDACBDCCBCAAACADCDBD,,,2,1203,,,,,L_T1_GTR___standard,,,,,L_T1_GTR03_51000001/L_T1_GTR03_33000001,,,
103771,89,,,,,,,,,,32,52,344522454354343524453500535433240007253223300000253000000000332220000000,,bb40ab96,,,,,,,,46,0,6,bb40ab96,3840,10954,,435343342532235432354234323324254432255233533543425353354534524235425554333532,BACABAABDCADDACBADACBDABADAADBDCBBADDCCDAACAACBABDCACAACBCABCDBDACBDCCCBAAACAD,ABACABABCDADADBCADACBDABADAABDCDBBADCDCDAAACACABBDACACACBCABCDBDACBDCCBCAAACAD,,,6,10954,,,,,L_T1_GTR___standard,,,,,L_T1_GTR03_33000001,,,,52,42,24,355433422555353243233440434242230007342345552555342254442243223355200000,,00001203,,,,,,,,43,1,0,1,1,1203,,4353433425322354323542343233242544322552335335434253533545345242354255543335325242,BACABAABDCADDACBADACBDABADAADBDCBBADDCCDAACAACBABDCACAACBCABCDBDACBDCCCBAAACADCDBD,ABACABABCDADADBCADACBDABADAABDCDBBADCDCDAAACACABBDACACACBCABCDBDACBDCCBCAAACADCDBD,,,2,1203,,,,,L_T1_GTR___standard,,,,,L_T1_GTR03_51000001/L_T1_GTR03_33000001,,,
103791,90,,,,,,,,,,32,52,344522454354343524453500535433240007253223300000253000000000332220000000,,bb40ab96,,,,,,,,46,0,6,bb40ab96,3840,10954,,435343342532235432354234323324254432255233533543425353354534524235425554333532,BACABAABDCADDACBADACBDABADAADBDCBBADDCCDAACAACBABDCACAACBCABCDBDACBDCCCBAAACAD,ABACABABCDADADBCADACBDABADAABDCDBBADCDCDAAACACABBDACACACBCABCDBDACBDCCBCAAACAD,,,6,10954,,,,,L_T1_GTR___standard,,,,,L_T1_GTR03_33000001,,,,,42,24,355433422555353243233440434242232507342345552555342254442243223355200000,,bb80abb3,,,,,,,,44,0,1,bb80abb3,240,1443,,4353433425322354323542343233242544322552335335434253533545345242354255543335325242,BACABAABDCADDACBADACBDABADAADBDCBBADDCCDAACAACBABDCACAACBCABCDBDACBDCCCBAAACADCDBD,ABACABABCDADADBCADACBDABADAABDCDBBADCDCDAAACACABBDACACACBCABCDBDACBDCCBCAAACADCDBD,,,2,1443,,,,,L_T1_GTR___standard,,,,,L_T1_GTR03_51000001/L_T1_GTR03_33000001,,,
103853,91,,,,,,,,,,32,52,344522454354343524453500535424000007253220000000253000000000332220000000,,b100a134,,,,,,,,47,0,7,b100a134,13400,24354,,435343342532235432354234323324254432255233533543425353354534524235425554333532,BACABAABDCADDACBADACBDABADAADBDCBBADDCCDAACAACBABDCACAACBCABCDBDACBDCCCBAAACAD,ABACABABCDADADBCADACBDABADAABDCDBBADCDCDAAACACABBDACACACBCABCDBDACBDCCBCAAACAD,,,7,24354,,,,,L_T1_GTR___standard,,,,,L_T1_GTR03_33000001,,,,,42,24,355433422555353243233440434242232507342345552555342254442243223355200000,,bb80abb3,,,,,,,,44,0,1,bb80abb3,240,1443,,4353433425322354323542343233242544322552335335434253533545345242354255543335325242,BACABAABDCADDACBADACBDABADAADBDCBBADDCCDAACAACBABDCACAACBCABCDBDACBDCCCBAAACADCDBD,ABACABABCDADADBCADACBDABADAABDCDBBADCDCDAAACACABBDACACACBCABCDBDACBDCCBCAAACADCDBD,,,2,1443,,,,,L_T1_GTR___standard,,,,,L_T1_GTR03_51000001/L_T1_GTR03_33000001,,,
103873,92,,,,,,,,,,32,52,344522454354343524453500535424000007253220000000253000000000332220000000,,b100a134,,,,,,,,47,0,7,b100a134,13400,24354,,435343342532235432354234323324254432255233533543425353354534524235425554333532,BACABAABDCADDACBADACBDABADAADBDCBBADDCCDAACAACBABDCACAACBCABCDBDACBDCCCBAAACAD,ABACABABCDADADBCADACBDABADAABDCDBBADCDCDAAACACABBDACACACBCABCDBDACBDCCBCAAACAD,,,7,24354,,,,,L_T1_GTR___standard,,,,,L_T1_GTR03_33000001,,,,,42,24,355433422555353243233440434242230007342345550000342254444300223355200000,,bb40abb8,,,,,,,,45,0,2,bb40abb8,320,1763,,4353433425322354323542343233242544322552335335434253533545345242354255543335325242,BACABAABDCADDACBADACBDABADAADBDCBBADDCCDAACAACBABDCACAACBCABCDBDACBDCCCBAAACADCDBD,ABACABABCDADADBCADACBDABADAABDCDBBADCDCDAAACACABBDACACACBCABCDBDACBDCCBCAAACADCDBD,,,2,1763,,,,,L_T1_GTR___standard,,,,,L_T1_GTR03_51000001/L_T1_GTR03_33000001,,,
103937,93,,,,,,,,,,32,52,344554354000343553500000535400000007253000000000253000000000332220000000,,bb40a160,,,,,,,,48,0,8,bb40a160,6400,30754,,435343342532235432354234323324254432255233533543425353354534524235425554333532,BACABAABDCADDACBADACBDABADAADBDCBBADDCCDAACAACBABDCACAACBCABCDBDACBDCCCBAAACAD,ABACABABCDADADBCADACBDABADAABDCDBBADCDCDAAACACABBDACACACBCABCDBDACBDCCBCAAACAD,,,8,30754,,,,,L_T1_GTR___standard,,,,,L_T1_GTR03_33000001,,,,,42,24,355433422555353243233440434242230007342345550000342254444300223355200000,,bb40abb8,,,,,,,,45,0,2,bb40abb8,320,1763,,4353433425322354323542343233242544322552335335434253533545345242354255543335325242,BACABAABDCADDACBADACBDABADAADBDCBBADDCCDAACAACBABDCACAACBCABCDBDACBDCCCBAAACADCDBD,ABACABABCDADADBCADACBDABADAABDCDBBADCDCDAAACACABBDACACACBCABCDBDACBDCCBCAAACADCDBD,,,2,1763,,,,,L_T1_GTR___standard,,,,,L_T1_GTR03_51000001/L_T1_GTR03_33000001,,,
103968,94,,,,,,,,,,32,52,344554354000343553500000535400000007253000000000253000000000332220000000,,bb40a160,,,,,,,,48,0,8,bb40a160,6400,30754,,435343342532235432354234323324254432255233533543425353354534524235425554333532,BACABAABDCADDACBADACBDABADAADBDCBBADDCCDAACAACBABDCACAACBCABCDBDACBDCCCBAAACAD,ABACABABCDADADBCADACBDABADAABDCDBBADCDCDAAACACABBDACACACBCABCDBDACBDCCBCAAACAD,,,8,30754,,,,,L_T1_GTR___standard,,,,,L_T1_GTR03_33000001,,,,42,24,44,355433422555353243233440434242230007342345550000342253000000223355200000,,00001767,,,,,,,,46,1,0,4,4,1767,,435343342532235432354234323324254432255233533543425353354534524235425554333532524224,BACABAABDCADDACBADACBDABADAADBDCBBADDCCDAACAACBABDCACAACBCABCDBDACBDCCCBAAACADCDBDDB,ABACABABCDADADBCADACBDABADAABDCDBBADCDCDAAACACABBDACACACBCABCDBDACBDCCBCAAACADCDBDBD,,,2,1767,,,,,L_T1_GTR___standard,,,,,L_T1_GTR03_51000001/L_T1_GTR03_33000001,,,
104012,95,,,,,,,,,,32,52,344554354000343553500000535400000007253000000000253000000000332220000000,,bb40a160,,,,,,,,48,0,8,bb40a160,6400,30754,,435343342532235432354234323324254432255233533543425353354534524235425554333532,BACABAABDCADDACBADACBDABADAADBDCBBADDCCDAACAACBABDCACAACBCABCDBDACBDCCCBAAACAD,ABACABABCDADADBCADACBDABADAABDCDBBADCDCDAAACACABBDACACACBCABCDBDACBDCCBCAAACAD,,,8,30754,,,,,L_T1_GTR___standard,,,,,L_T1_GTR03_33000001,,,,24,44,24,355433422555353243233440434242230007342345550000342253420000223355200000,,00001774,,,,,,,,47,2,0,7,7,1774,,43534334253223543235423432332425443225523353354342535335453452423542555433353252422444,BACABAABDCADDACBADACBDABADAADBDCBBADDCCDAACAACBABDCACAACBCABCDBDACBDCCCBAAACADCDBDDBBB,ABACABABCDADADBCADACBDABADAABDCDBBADCDCDAAACACABBDACACACBCABCDBDACBDCCBCAAACADCDBDBDBB,,,2,1774,,,,,L_T1_GTR___standard,,,,,L_T1_GTR03_51000001/L_T1_GTR03_33000001,,,
104019,96,,,,,,,,,,32,52,344435400000343350000000535400000007253000000000253000000000332220000000,,bb40a192,,,,,,,,49,0,9,bb40a192,7680,38434,,435343342532235432354234323324254432255233533543425353354534524235425554333532,BACABAABDCADDACBADACBDABADAADBDCBBADDCCDAACAACBABDCACAACBCABCDBDACBDCCCBAAACAD,ABACABABCDADADBCADACBDABADAABDCDBBADCDCDAAACACABBDACACACBCABCDBDACBDCCBCAAACAD,,,9,38434,,,,,,,,,,,,,,24,44,24,355433422555353243233440434242230007342345550000342253420000223355200000,,00001774,,,,,,,,47,2,0,7,7,1774,,43534334253223543235423432332425443225523353354342535335453452423542555433353252422444,BACABAABDCADDACBADACBDABADAADBDCBBADDCCDAACAACBABDCACAACBCABCDBDACBDCCCBAAACADCDBDDBBB,ABACABABCDADADBCADACBDABADAABDCDBBADCDCDAAACACABBDACACACBCABCDBDACBDCCBCAAACADCDBDBDBB,,,2,1774,,,,,L_T1_GTR___standard,,,,,L_T1_GTR03_51000001/L_T1_GTR03_33000001,,,
104054,97,,,,,,,,,,32,52,344435400000343350000000535400000007253000000000253000000000332220000000,,bb40a192,,,,,,,,49,0,9,bb40a192,7680,38434,,435343342532235432354234323324254432255233533543425353354534524235425554333532,BACABAABDCADDACBADACBDABADAADBDCBBADDCCDAACAACBABDCACAACBCABCDBDACBDCCCBAAACAD,ABACABABCDADADBCADACBDABADAABDCDBBADCDCDAAACACABBDACACACBCABCDBDACBDCCBCAAACAD,,,9,38434,,,,,,,,,,,,,,44,24,55,355433422555353243233440434242230007342345550000342253420000223355224000,,00001780,,,,,,,,48,3,0,6,6,1780,,4353433425322354323542343233242544322552335335434253533545345242354255543335325242244424,BACABAABDCADDACBADACBDABADAADBDCBBADDCCDAACAACBABDCACAACBCABCDBDACBDCCCBAAACADCDBDDBBBDB,ABACABABCDADADBCADACBDABADAABDCDBBADCDCDAAACACABBDACACACBCABCDBDACBDCCBCAAACADCDBDBDBBBD,,,2,1780,,,,,L_T1_GTR___standard,,,,,L_T1_GTR03_51000001/L_T1_GTR03_33000001,,,
104090,98,,,,,,,,,,32,52,344435400000343350000000535400000007253000000000253000000000332220000000,,bb40a192,,,,,,,,49,0,9,bb40a192,7680,38434,,435343342532235432354234323324254432255233533543425353354534524235425554333532,BACABAABDCADDACBADACBDABADAADBDCBBADDCCDAACAACBABDCACAACBCABCDBDACBDCCCBAAACAD,ABACABABCDADADBCADACBDABADAABDCDBBADCDCDAAACACABBDACACACBCABCDBDACBDCCBCAAACAD,,,9,38434,,,,,,,,,,,,,,24,55,43,355433422555353243233440434242230007342345550000342253420000223355224440,,00001783,,,,,,,,49,4,0,3,3,1783,,435343342532235432354234323324254432255233533543425353354534524235425554333532524224442455,BACABAABDCADDACBADACBDABADAADBDCBBADDCCDAACAACBABDCACAACBCABCDBDACBDCCCBAAACADCDBDDBBBDBCC,ABACABABCDADADBCADACBDABADAABDCDBBADCDCDAAACACABBDACACACBCABCDBDACBDCCBCAAACADCDBDBDBBBDCC,,,2,1783,,,,,L_T1_GTR___standard,,,,,L_T1_GTR03_51000001/L_T1_GTR03_33000001,,,
104103,99,,,,,,,,,,32,52,335400000000333500000000535400000007253000000000253000000000332220000000,,bb60a227,,,,,,,,50,0,10,bb60a227,13620,52054,,435343342532235432354234323324254432255233533543425353354534524235425554333532,BACABAABDCADDACBADACBDABADAADBDCBBADDCCDAACAACBABDCACAACBCABCDBDACBDCCCBAAACAD,ABACABABCDADADBCADACBDABADAABDCDBBADCDCDAAACACABBDACACACBCABCDBDACBDCCBCAAACAD,,,9,52054,,,,,L_T1_GTR___hekomi__/L_T1_Nkj___pat00001,,,,,,,,,24,55,43,355433422555353243233440434242230007342345550000342253420000223355224440,,00001783,,,,,,,,49,4,0,3,3,1783,,435343342532235432354234323324254432255233533543425353354534524235425554333532524224442455,BACABAABDCADDACBADACBDABADAADBDCBBADDCCDAACAACBABDCACAACBCABCDBDACBDCCCBAAACADCDBDDBBBDBCC,ABACABABCDADADBCADACBDABADAABDCDBBADCDCDAAACACABBDACACACBCABCDBDACBDCCBCAAACADCDBDBDBBBDCC,,,2,1783,,,,,L_T1_GTR___standard,,,,,L_T1_GTR03_51000001/L_T1_GTR03_33000001,,,
104126,100,,,,,,,,,,32,52,335400000000333500000000535400000007253000000000253000000000332220000000,,bb60a227,,,,,,,,50,0,10,bb60a227,13620,52054,,435343342532235432354234323324254432255233533543425353354534524235425554333532,BACABAABDCADDACBADACBDABADAADBDCBBADDCCDAACAACBABDCACAACBCABCDBDACBDCCCBAAACAD,ABACABABCDADADBCADACBDABADAABDCDBBADCDCDAAACACABBDACACACBCABCDBDACBDCCBCAAACAD,,,9,52054,,,,,L_T1_GTR___hekomi__/L_T1_Nkj___pat00001,,,,,,,,,55,43,35,355433422555353243233440434242234007342345552000342253420000223355224440,,00001788,,,,,,,,50,5,0,5,5,1788,,43534334253223543235423432332425443225523353354342535335453452423542555433353252422444245543,BACABAABDCADDACBADACBDABADAADBDCBBADDCCDAACAACBABDCACAACBCABCDBDACBDCCCBAAACADCDBDDBBBDBCCBA,ABACABABCDADADBCADACBDABADAABDCDBBADCDCDAAACACABBDACACACBCABCDBDACBDCCBCAAACADCDBDBDBBBDCCAB,,,2,1788,,,,,L_T1_GTR___standard,,,,,L_T1_GTR03_51000001/L_T1_GTR03_33000001,,,
104170,101,,,,,,,,,,32,52,335400000000333500000000535400000007253000000000253000000000332220000000,,bb60a227,,,,,,,,50,0,10,bb60a227,13620,52054,,435343342532235432354234323324254432255233533543425353354534524235425554333532,BACABAABDCADDACBADACBDABADAADBDCBBADDCCDAACAACBABDCACAACBCABCDBDACBDCCCBAAACAD,ABACABABCDADADBCADACBDABADAABDCDBBADCDCDAAACACABBDACACACBCABCDBDACBDCCBCAAACAD,,,9,52054,,,,,L_T1_GTR___hekomi__/L_T1_Nkj___pat00001,,,,,,,,,43,35,44,355433422555353243233440434242234007342345552000342253425500223355224440,,00001792,,,,,,,,51,6,0,4,4,1792,,4353433425322354323542343233242544322552335335434253533545345242354255543335325242244424554335,BACABAABDCADDACBADACBDABADAADBDCBBADDCCDAACAACBABDCACAACBCABCDBDACBDCCCBAAACADCDBDDBBBDBCCBAAC,ABACABABCDADADBCADACBDABADAABDCDBBADCDCDAAACACABBDACACACBCABCDBDACBDCCBCAAACADCDBDBDBBBDCCABAC,,,2,1792,,,,,L_T1_GTR___standard,,,,,L_T1_GTR03_51000001/L_T1_GTR03_33000001,,,
104186,102,,,,,,,,,,32,52,540000000000500000000000554000000007253000000000253000000000332220000000,,bb60a259,,,,,,,,51,0,11,bb60a259,15540,67594,,435343342532235432354234323324254432255233533543425353354534524235425554333532,BACABAABDCADDACBADACBDABADAADBDCBBADDCCDAACAACBABDCACAACBCABCDBDACBDCCCBAAACAD,ABACABABCDADADBCADACBDABADAABDCDBBADCDCDAAACACABBDACACACBCABCDBDACBDCCBCAAACAD,,,9,67594,,,,,,,,,,,,,,43,35,44,355433422555353243233440434242234007342345552000342253425500223355224440,,00001792,,,,,,,,51,6,0,4,4,1792,,4353433425322354323542343233242544322552335335434253533545345242354255543335325242244424554335,BACABAABDCADDACBADACBDABADAADBDCBBADDCCDAACAACBABDCACAACBCABCDBDACBDCCCBAAACADCDBDDBBBDBCCBAAC,ABACABABCDADADBCADACBDABADAABDCDBBADCDCDAAACACABBDACACACBCABCDBDACBDCCBCAAACADCDBDBDBBBDCCABAC,,,2,1792,,,,,L_T1_GTR___standard,,,,,L_T1_GTR03_51000001/L_T1_GTR03_33000001,,,
104210,103,,,,,,,,,,32,52,540000000000500000000000554000000007253000000000253000000000332220000000,,bb60a259,,,,,,,,51,0,11,bb60a259,15540,67594,,435343342532235432354234323324254432255233533543425353354534524235425554333532,BACABAABDCADDACBADACBDABADAADBDCBBADDCCDAACAACBABDCACAACBCABCDBDACBDCCCBAAACAD,ABACABABCDADADBCADACBDABADAABDCDBBADCDCDAAACACABBDACACACBCABCDBDACBDCCBCAAACAD,,,9,67594,,,,,,,,,,,,,,35,44,24,355433422555353243233440434242234007342345552000342253425534223355224440,,00001794,,,,,,,,52,7,0,2,2,1794,,435343342532235432354234323324254432255233533543425353354534524235425554333532524224442455433544,BACABAABDCADDACBADACBDABADAADBDCBBADDCCDAACAACBABDCACAACBCABCDBDACBDCCCBAAACADCDBDDBBBDBCCBAACBB,ABACABABCDADADBCADACBDABADAABDCDBBADCDCDAAACACABBDACACACBCABCDBDACBDCCBCAAACADCDBDBDBBBDCCABACBB,,,2,1794,,,,,L_T1_GTR___standard,,,,,L_T1_GTR03_51000001/L_T1_GTR03_33000001,,,
104243,104,,,,,,,,,,32,52,540000000000500000000000554000000007253000000000253000000000332220000000,,bb60a259,,,,,,,,51,0,11,bb60a259,15540,67594,,435343342532235432354234323324254432255233533543425353354534524235425554333532,BACABAABDCADDACBADACBDABADAADBDCBBADDCCDAACAACBABDCACAACBCABCDBDACBDCCCBAAACAD,ABACABABCDADADBCADACBDABADAABDCDBBADCDCDAAACACABBDACACACBCABCDBDACBDCCBCAAACAD,,,9,67594,,,,,,,,,,,,,,44,24,22,355433422555353243233440434242234007342345552535342253425534223355224440,,00001797,,,,,,,,53,8,0,3,3,1797,,43534334253223543235423432332425443225523353354342535335453452423542555433353252422444245543354424,BACABAABDCADDACBADACBDABADAADBDCBBADDCCDAACAACBABDCACAACBCABCDBDACBDCCCBAAACADCDBDDBBBDBCCBAACBBDB,ABACABABCDADADBCADACBDABADAABDCDBBADCDCDAAACACABBDACACACBCABCDBDACBDCCBCAAACADCDBDBDBBBDCCABACBBBD,,,2,1797,,,,,L_T1_GTR___standard,,,,,L_T1_GTR03_51000001/L_T1_GTR03_33000001,,,
104269,105,,,,,,,,,,32,52,400000000000000000000000400000000007230000000000230000000000332220000000,,bb40a288,,,,,,,,52,0,12,bb40a288,11520,79114,,435343342532235432354234323324254432255233533543425353354534524235425554333532,BACABAABDCADDACBADACBDABADAADBDCBBADDCCDAACAACBABDCACAACBCABCDBDACBDCCCBAAACAD,ABACABABCDADADBCADACBDABADAABDCDBBADCDCDAAACACABBDACACACBCABCDBDACBDCCBCAAACAD,,,9,79114,,,,,,,,,,,,,,44,24,22,355433422555353243233440434242234007342345552535342253425534223355224440,,00001797,,,,,,,,53,8,0,3,3,1797,,43534334253223543235423432332425443225523353354342535335453452423542555433353252422444245543354424,BACABAABDCADDACBADACBDABADAADBDCBBADDCCDAACAACBABDCACAACBCABCDBDACBDCCCBAAACADCDBDDBBBDBCCBAACBBDB,ABACABABCDADADBCADACBDABADAABDCDBBADCDCDAAACACABBDACACACBCABCDBDACBDCCBCAAACADCDBDBDBBBDCCABACBBBD,,,2,1797,,,,,L_T1_GTR___standard,,,,,L_T1_GTR03_51000001/L_T1_GTR03_33000001,,,
104274,106,,,,,,,,,,32,52,400000000000000000000000400000000007230000000000230000000000332220000000,,bb40a288,,,,,,,,52,0,12,bb40a288,11520,79114,,435343342532235432354234323324254432255233533543425353354534524235425554333532,BACABAABDCADDACBADACBDABADAADBDCBBADDCCDAACAACBABDCACAACBCABCDBDACBDCCCBAAACAD,ABACABABCDADADBCADACBDABADAABDCDBBADCDCDAAACACABBDACACACBCABCDBDACBDCCBCAAACAD,,,9,79114,,,,,,,,,,,,,,24,22,54,355433422555353243233444434242234007342345552530342253425534223355224440,,00001799,,,,,,,,54,9,0,2,2,1799,,4353433425322354323542343233242544322552335335434253533545345242354255543335325242244424554335442422,BACABAABDCADDACBADACBDABADAADBDCBBADDCCDAACAACBABDCACAACBCABCDBDACBDCCCBAAACADCDBDDBBBDBCCBAACBBDBDD,ABACABABCDADADBCADACBDABADAABDCDBBADCDCDAAACACABBDACACACBCABCDBDACBDCCBCAAACADCDBDBDBBBDCCABACBBBDDD,,,2,1799,,,,,L_T1_GTR___standard,,,,,L_T1_GTR03_51000001/L_T1_GTR03_33000001,,,
104331,107,,,,,,,,,32,32,52,400000000000000000000000400000000007200000000000200000000000422000000000,,00079117,,,,,,,,53,1,0,3,3,79117,,43534334253223543235423432332425443225523353354342535335453452423542555433353232,BACABAABDCADDACBADACBDABADAADBDCBBADDCCDAACAACBABDCACAACBCABCDBDACBDCCCBAAACADAD,ABACABABCDADADBCADACBDABADAABDCDBBADCDCDAAACACABBDACACACBCABCDBDACBDCCBCAAACADAD,,,9,79117,,,,,,,,,,,,,,24,22,54,355433422555353243233444434242234007342345552530342253425534223355224440,,00001799,,,,,,,,54,9,0,2,2,1799,,4353433425322354323542343233242544322552335335434253533545345242354255543335325242244424554335442422,BACABAABDCADDACBADACBDABADAADBDCBBADDCCDAACAACBABDCACAACBCABCDBDACBDCCCBAAACADCDBDDBBBDBCCBAACBBDBDD,ABACABABCDADADBCADACBDABADAABDCDBBADCDCDAAACACABBDACACACBCABCDBDACBDCCBCAAACADCDBDBDBBBDCCABACBBBDDD,,,2,1799,,,,,L_T1_GTR___standard,,,,,L_T1_GTR03_51000001/L_T1_GTR03_33000001,,,
104334,108,,,,,,,,,32,32,52,400000000000000000000000400000000007200000000000200000000000422000000000,,00079117,,,,,,,,53,1,0,3,3,79117,,43534334253223543235423432332425443225523353354342535335453452423542555433353232,BACABAABDCADDACBADACBDABADAADBDCBBADDCCDAACAACBABDCACAACBCABCDBDACBDCCCBAAACADAD,ABACABABCDADADBCADACBDABADAABDCDBBADCDCDAAACACABBDACACACBCABCDBDACBDCCBCAAACADAD,,,9,79117,,,,,,,,,,,,,,22,54,34,355433422555353243233444434242234007342345552530342253425534223355224442,,00001801,,,,,,,,55,10,0,2,2,1801,,435343342532235432354234323324254432255233533543425353354534524235425554333532524224442455433544242254,BACABAABDCADDACBADACBDABADAADBDCBBADDCCDAACAACBABDCACAACBCABCDBDACBDCCCBAAACADCDBDDBBBDBCCBAACBBDBDDCB,ABACABABCDADADBCADACBDABADAABDCDBBADCDCDAAACACABBDACACACBCABCDBDACBDCCBCAAACADCDBDBDBBBDCCABACBBBDDDBC,,,2,1801,,,,,L_T1_GTR___standard,,,,,L_T1_GTR03_51000001/L_T1_GTR03_33000001,,,
104351,109,,,,,,,,,,32,52,400000000000000000000000400000000007200000000000200000000000222000000000,,bb50a322,,,,,,,,54,0,1,bb50a322,16100,95217,,43534334253223543235423432332425443225523353354342535335453452423542555433353232,BACABAABDCADDACBADACBDABADAADBDCBBADDCCDAACAACBABDCACAACBCABCDBDACBDCCCBAAACADAD,ABACABABCDADADBCADACBDABADAABDCDBBADCDCDAAACACABBDACACACBCABCDBDACBDCCBCAAACADAD,,,9,95217,,,,,,,,,,,,,,22,54,34,355433422555353243233444434242234007342345552530342253425534223355224442,,00001801,,,,,,,,55,10,0,2,2,1801,,435343342532235432354234323324254432255233533543425353354534524235425554333532524224442455433544242254,BACABAABDCADDACBADACBDABADAADBDCBBADDCCDAACAACBABDCACAACBCABCDBDACBDCCCBAAACADCDBDDBBBDBCCBAACBBDBDDCB,ABACABABCDADADBCADACBDABADAABDCDBBADCDCDAAACACABBDACACACBCABCDBDACBDCCBCAAACADCDBDBDBBBDCCABACBBBDDDBC,,,2,1801,,,,,L_T1_GTR___standard,,,,,L_T1_GTR03_51000001/L_T1_GTR03_33000001,,,
104366,110,,,,,,,,,,32,52,400000000000000000000000400000000007200000000000200000000000222000000000,,bb50a322,,,,,,,,54,0,1,bb50a322,16100,95217,,43534334253223543235423432332425443225523353354342535335453452423542555433353232,BACABAABDCADDACBADACBDABADAADBDCBBADDCCDAACAACBABDCACAACBCABCDBDACBDCCCBAAACADAD,ABACABABCDADADBCADACBDABADAABDCDBBADCDCDAAACACABBDACACACBCABCDBDACBDCCBCAAACADAD,,,9,95217,,,,,,,,,,,,,,54,34,43,355433422555353243233444434242234227342345552330342253425534223355224442,,00001805,,,,,,,,56,11,0,4,4,1805,,43534334253223543235423432332425443225523353354342535335453452423542555433353252422444245543354424225434,BACABAABDCADDACBADACBDABADAADBDCBBADDCCDAACAACBABDCACAACBCABCDBDACBDCCCBAAACADCDBDDBBBDBCCBAACBBDBDDCBAB,ABACABABCDADADBCADACBDABADAABDCDBBADCDCDAAACACABBDACACACBCABCDBDACBDCCBCAAACADCDBDBDBBBDCCABACBBBDDDBCAB,,,2,1805,,,,,L_T1_GTR___standard,,,,,L_T1_GTR03_51000001/L_T1_GTR03_33000001,,,
104414,111,,,,,,,,,,32,52,400000000000000000000000400000000007200000000000200000000000222000000000,,bb50a322,,,,,,,,54,0,1,bb50a322,16100,95217,,43534334253223543235423432332425443225523353354342535335453452423542555433353232,BACABAABDCADDACBADACBDABADAADBDCBBADDCCDAACAACBABDCACAACBCABCDBDACBDCCCBAAACADAD,ABACABABCDADADBCADACBDABADAABDCDBBADCDCDAAACACABBDACACACBCABCDBDACBDCCBCAAACADAD,,,9,95217,,,,,,,,,,,,,,34,43,54,355433422555353243233444434242234220342345552530342253425534223355224442,,00001806,,,,,,,,57,12,0,1,1,1806,,4353433425322354323542343233242544322552335335434253533545345242354255543335325242244424554335442422543443,BACABAABDCADDACBADACBDABADAADBDCBBADDCCDAACAACBABDCACAACBCABCDBDACBDCCCBAAACADCDBDDBBBDBCCBAACBBDBDDCBABBA,ABACABABCDADADBCADACBDABADAABDCDBBADCDCDAAACACABBDACACACBCABCDBDACBDCCBCAAACADCDBDBDBBBDCCABACBBBDDDBCABAB,,,2,1806,,,,,L_T1_GTR___standard,,,,,L_T1_GTR03_51000001/L_T1_GTR03_33000001,,,
104416,112,,,,,,,,,32,52,42,400000000000000000000000400000000007000000000000000000000000000000000000,,00095217,,,,,,,,55,1,0,0,0,95217,,4353433425322354323542343233242544322552335335434253533545345242354255543335323252,BACABAABDCADDACBADACBDABADAADBDCBBADDCCDAACAACBABDCACAACBCABCDBDACBDCCCBAAACADADCD,ABACABABCDADADBCADACBDABADAABDCDBBADCDCDAAACACABBDACACACBCABCDBDACBDCCBCAAACADADCD,,,9,95217,,,,,,,,,,,,,,34,43,54,355433422555353243233444434242234220342345552530342253425534223355224442,,00001806,,,,,,,,57,12,0,1,1,1806,,4353433425322354323542343233242544322552335335434253533545345242354255543335325242244424554335442422543443,BACABAABDCADDACBADACBDABADAADBDCBBADDCCDAACAACBABDCACAACBCABCDBDACBDCCCBAAACADCDBDDBBBDBCCBAACBBDBDDCBABBA,ABACABABCDADADBCADACBDABADAABDCDBBADCDCDAAACACABBDACACACBCABCDBDACBDCCBCAAACADCDBDBDBBBDCCABACBBBDDDBCABAB,,,2,1806,,,,,L_T1_GTR___standard,,,,,L_T1_GTR03_51000001/L_T1_GTR03_33000001,,,
104476,113,,,,,,,,,52,42,24,432000000000000000000000400000000007000000000000000000000000000000000000,,00095229,,,,,,,,56,2,0,12,12,95229,,435343342532235432354234323324254432255233533543425353354534524235425554333532325242,BACABAABDCADDACBADACBDABADAADBDCBBADDCCDAACAACBABDCACAACBCABCDBDACBDCCCBAAACADADCDBD,ABACABABCDADADBCADACBDABADAABDCDBBADCDCDAAACACABBDACACACBCABCDBDACBDCCBCAAACADADCDBD,,,9,95229,,,,,,,,,,,,,,34,43,54,355433422555353243233444434242234220342345552530342253425534223355224442,,00001806,,,,,,,,57,12,0,1,1,1806,,4353433425322354323542343233242544322552335335434253533545345242354255543335325242244424554335442422543443,BACABAABDCADDACBADACBDABADAADBDCBBADDCCDAACAACBABDCACAACBCABCDBDACBDCCCBAAACADCDBDDBBBDBCCBAACBBDBDDCBABBA,ABACABABCDADADBCADACBDABADAABDCDBBADCDCDAAACACABBDACACACBCABCDBDACBDCCBCAAACADCDBDBDBBBDCCABACBBBDDDBCABAB,,,2,1806,,,,,L_T1_GTR___standard,,,,,L_T1_GTR03_51000001/L_T1_GTR03_33000001,,,
104491,114,,,,,,,,,52,42,24,432000000000000000000000400000000007000000000000000000000000000000000000,,00095229,,,,,,,,56,2,0,12,12,95229,,435343342532235432354234323324254432255233533543425353354534524235425554333532325242,BACABAABDCADDACBADACBDABADAADBDCBBADDCCDAACAACBABDCACAACBCABCDBDACBDCCCBAAACADADCDBD,ABACABABCDADADBCADACBDABADAABDCDBBADCDCDAAACACABBDACACACBCABCDBDACBDCCBCAAACADADCDBD,,,9,95229,,,,,,,,,,,,,,,43,54,300003422555300043233444434242234226300345552533300003425534200000224442,,00001808,,,,,lose,,,58,12,0,2,2,1808,,4353433425322354323542343233242544322552335335434253533545345242354255543335325242244424554335442422543443,BACABAABDCADDACBADACBDABADAADBDCBBADDCCDAACAACBABDCACAACBCABCDBDACBDCCCBAAACADCDBDDBBBDBCCBAACBBDBDDCBABBA,ABACABABCDADADBCADACBDABADAABDCDBBADCDCDAAACACABBDACACACBCABCDBDACBDCCBCAAACADCDBDBDBBBDCCABACBBBDDDBCABAB,,,2,1808,,,,,L_T1_GTR___standard,,,,,L_T1_GTR03_51000001/L_T1_GTR03_33000001,,,
104499,114,,,,,,,,,,42,24,432250000000000000000000400000000007000000000000000000000000000000000000,,00095238,,,,,win,,,57,2,0,9,9,95238,,435343342532235432354234323324254432255233533543425353354534524235425554333532325242,BACABAABDCADDACBADACBDABADAADBDCBBADDCCDAACAACBABDCACAACBCABCDBDACBDCCCBAAACADADCDBD,ABACABABCDADADBCADACBDABADAABDCDBBADCDCDAAACACABBDACACACBCABCDBDACBDCCBCAAACADADCDBD,,,9,95238,,,,,,,,,,,,,,,43,54,300003422555300043233444434242234226300345552533300003425534200000224442,,00001808,,,,,lose,,,58,12,0,2,2,1808,,4353433425322354323542343233242544322552335335434253533545345242354255543335325242244424554335442422543443,BACABAABDCADDACBADACBDABADAADBDCBBADDCCDAACAACBABDCACAACBCABCDBDACBDCCCBAAACADCDBDDBBBDBCCBAACBBDBDDCBABBA,ABACABABCDADADBCADACBDABADAABDCDBBADCDCDAAACACABBDACACACBCABCDBDACBDCCBCAAACADCDBDBDBBBDCCABACBBBDDDBCABAB,,,2,1808,,,,,L_T1_GTR___standard,,,,,L_T1_GTR03_51000001/L_T1_GTR03_33000001,,,
