97954,0,,,,,,,,,,21,12,000000000000000000000000000000000007000000000000000000000000000000000000,000000,00000000,,,,,,,,0,0,0,0,0,0,,21,AB,AB,,,0,0,,,,,,,,,,,,,,,21,12,000000000000000000000000000000000007000000000000000000000000000000000000,000000,00000000,,,,,,,,0,0,0,0,0,0,,21,AB,AB,,,0,0,,,,,,,,,,,,,
98108,2,,,,,,,,,21,12,14,000000000000000000000000000000000007000000000000000000000000000000000000,,00000000,,,,,,,,1,1,0,0,0,0,,2112,ABBA,ABAB,,,0,0,,,,,,,,,,,,,,21,12,14,000000000000000000000000000000000007000000000000000000000000000000000000,,00000000,,,,,,,,1,1,0,0,0,0,,2112,ABBA,ABAB,,,0,0,,,,,,,,,,,,,
98160,3,,,,,,,,,12,14,34,000000000000120000000000000000000007000000000000000000000000000000000000,,00000012,,,,,,,,2,2,0,12,12,12,,211214,BAABAC,ABABAC,,,0,12,,,,,,,,,,,,,,21,12,14,000000000000000000000000000000000007000000000000000000000000000000000000,,00000000,,,,,,,,1,1,0,0,0,0,,2112,ABBA,ABAB,,,0,0,,,,,,,,,,,,,
98162,4,,,,,,,,,12,14,34,000000000000120000000000000000000007000000000000000000000000000000000000,,00000012,,,,,,,,2,2,0,12,12,12,,211214,BAABAC,ABABAC,,,0,12,,,,,,,,,,,,,,12,14,34,210000000000000000000000000000000007000000000000000000000000000000000000,,00000013,,,,,,,,2,2,0,13,13,13,,211214,BAABAC,ABABAC,,,0,13,,,,,,,,,,,,,
98212,5,,,,,,,,,12,14,34,000000000000120000000000000000000007000000000000000000000000000000000000,,00000012,,,,,,,,2,2,0,12,12,12,,211214,BAABAC,ABABAC,,,0,12,,,,,,,,,,,,,,14,34,24,210000000000210000000000000000000007000000000000000000000000000000000000,,00000025,,,,,,,,3,3,0,12,12,25,,21121434,BAABACDC,ABABACCD,,,0,25,,,,,,,,,,,,,
98213,6,,,,,,,,,14,34,24,120000000000120000000000000000000007000000000000000000000000000000000000,,00000025,,,,,,,,3,3,0,13,13,25,,21121434,BAABACDC,ABABACCD,,,0,25,,,,,,,,,,,,,,14,34,24,210000000000210000000000000000000007000000000000000000000000000000000000,,00000025,,,,,,,,3,3,0,12,12,25,,21121434,BAABACDC,ABABACCD,,,0,25,,,,,,,,,,,,,
98262,8,,,,,,,,,34,24,43,120000000000120000000000410000000007000000000000000000000000000000000000,,00000037,,,,,,,,4,4,0,12,12,37,,2112143424,BAABACDCBC,ABABACCDBC,,,0,37,,,,,,,,,,,,,,34,24,43,210000000000210000000000100000000007400000000000000000000000000000000000,,00000038,,,,,,,,4,4,0,13,13,38,,2112143424,BAABACDCBC,ABABACCDBC,,,0,38,,,,,,,,,,L_T1_GTR03_22110001,,,
98314,9,,,,,,,,,24,43,23,120000000000120000000000410000000007340000000000000000000000000000000000,,00000050,,,,,,,,5,5,0,13,13,50,,211214342443,BAABACDCBCCD,ABABACCDBCCD,,,0,50,,,,,,,,,,L_T1_GTR03_32100001/L_T1_GTR03_22110001,,,,34,24,43,210000000000210000000000100000000007400000000000000000000000000000000000,,00000038,,,,,,,,4,4,0,13,13,38,,2112143424,BAABACDCBC,ABABACCDBC,,,0,38,,,,,,,,,,L_T1_GTR03_22110001,,,
98318,10,,,,,,,,,24,43,23,120000000000120000000000410000000007340000000000000000000000000000000000,,00000050,,,,,,,,5,5,0,13,13,50,,211214342443,BAABACDCBCCD,ABABACCDBCCD,,,0,50,,,,,,,,,,L_T1_GTR03_32100001/L_T1_GTR03_22110001,,,,24,43,23,210000000000210000000000100000000007400000000000400000000000300000000000,,00000051,,,,,,,,5,5,0,13,13,51,,211214342443,BAABACDCBCCD,ABABACCDBCCD,,,0,51,,,,,,,,,,,,,
98364,11,,,,,,,,,43,23,24,122400000000120000000000410000000007340000000000000000000000000000000000,,00000061,,,,,,,,6,6,0,11,11,61,,21121434244323,BAABACDCBCCDBD,ABABACCDBCCDBD,,,0,61,,,,,,,,,,L_T1_GTR03_32100001,,,,24,43,23,210000000000210000000000100000000007400000000000400000000000300000000000,,00000051,,,,,,,,5,5,0,13,13,51,,211214342443,BAABACDCBCCD,ABABACCDBCCD,,,0,51,,,,,,,,,,,,,
98366,12,,,,,,,,,43,23,24,122400000000120000000000410000000007340000000000000000000000000000000000,,00000061,,,,,,,,6,6,0,11,11,61,,21121434244323,BAABACDCBCCDBD,ABABACCDBCCDBD,,,0,61,,,,,,,,,,L_T1_GTR03_32100001,,,,43,23,24,210000000000212400000000100000000007400000000000400000000000300000000000,,00000062,,,,,,,,6,6,0,11,11,62,,21121434244323,BAABACDCBCCDBD,ABABACCDBCCDBD,,,0,62,,,,,,,,,,,,,
98418,14,,,,,,,,,23,24,22,122400000000120000000000410000000007340000000000340000000000000000000000,,00000073,,,,,,,,7,7,0,12,12,73,,2112143424432324,BAABACDCBCCDBDBC,ABABACCDBCCDBDBC,,,0,73,,,,,,,,,,,,,,23,24,22,210000000000212400000000100000000007400000000000400000000000334000000000,,00000073,,,,,,,,7,7,0,11,11,73,,2112143424432324,BAABACDCBCCDBDBC,ABABACCDBCCDBDBC,,,0,73,,,,,,,,,,,,,
98468,15,,,,,,,,,23,24,22,122400000000120000000000410000000007340000000000340000000000000000000000,,00000073,,,,,,,,7,7,0,12,12,73,,2112143424432324,BAABACDCBCCDBDBC,ABABACCDBCCDBDBC,,,0,73,,,,,,,,,,,,,,24,22,13,210000000000212400000000100000000007400000000000432000000000334000000000,,00000084,,,,,,,,8,8,0,11,11,84,,211214342443232422,BAABACDCBCCDBDBCBB,ABABACCDBCCDBDBCBB,,,0,84,,,,,,,,,,,,,
98472,16,,,,,,,,,24,22,13,122400000000120000000000410000000007340000000000340000000000320000000000,,00000085,,,,,,,,8,8,0,12,12,85,,211214342443232422,BAABACDCBCCDBDBCBB,ABABACCDBCCDBDBCBB,,,0,85,,,,,,,,,,,,,,24,22,13,210000000000212400000000100000000007400000000000432000000000334000000000,,00000084,,,,,,,,8,8,0,11,11,84,,211214342443232422,BAABACDCBCCDBDBCBB,ABABACCDBCCDBDBCBB,,,0,84,,,,,,,,,,,,,
98516,17,,,,,,,,,24,22,13,122400000000120000000000410000000007340000000000340000000000320000000000,,00000085,,,,,,,,8,8,0,12,12,85,,211214342443232422,BAABACDCBCCDBDBCBB,ABABACCDBCCDBDBCBB,,,0,85,,,,,,,,,,,,,,22,13,23,210000000000212400000000100000000007400000000000432200000000334400000000,,00000094,,,,,,,,9,9,0,10,10,94,,21121434244323242213,BAABACDCBCCDBDBCBBAD,ABABACCDBCCDBDBCBBAD,,,0,94,,,,,,,,,,,,,
98517,18,,,,,,,,,22,13,23,122400000000120000000000414000000007342000000000340000000000320000000000,,00000096,,,,,,,,9,9,0,11,11,96,,21121434244323242213,BAABACDCBCCDBDBCBBAD,ABABACCDBCCDBDBCBBAD,,,0,96,,,,,,,,,,,,,,22,13,23,210000000000212400000000100000000007400000000000432200000000334400000000,,00000094,,,,,,,,9,9,0,10,10,94,,21121434244323242213,BAABACDCBCCDBDBCBBAD,ABABACCDBCCDBDBCBBAD,,,0,94,,,,,,,,,,,,,
98564,19,,,,,,,,,22,13,23,122400000000120000000000414000000007342000000000340000000000320000000000,,00000096,,,,,,,,9,9,0,11,11,96,,21121434244323242213,BAABACDCBCCDBDBCBBAD,ABABACCDBCCDBDBCBBAD,,,0,96,,,,,,,,,,,,,,13,23,31,210000000000212400000000120000000007420000000000432200000000334400000000,,00000106,,,,,,,,10,10,0,12,12,106,,2112143424432324221323,BAABACDCBCCDBDBCBBADBD,ABABACCDBCCDBDBCBBADBD,,,0,106,,,,,,,,,,,,,
98568,20,,,,,,,,,13,23,31,122400000000120000000000414000000007342000000000342200000000320000000000,,00000106,,,,,,,,10,10,0,10,10,106,,2112143424432324221323,BAABACDCBCCDBDBCBBADBD,ABABACCDBCCDBDBCBBADBD,,,0,106,,,,,,,,,,,,,,13,23,31,210000000000212400000000120000000007420000000000432200000000334400000000,,00000106,,,,,,,,10,10,0,12,12,106,,2112143424432324221323,BAABACDCBCCDBDBCBBADBD,ABABACCDBCCDBDBCBBADBD,,,0,106,,,,,,,,,,,,,
98610,21,,,,,,,,,13,23,31,122400000000120000000000414000000007342000000000342200000000320000000000,,00000106,,,,,,,,10,10,0,10,10,106,,2112143424432324221323,BAABACDCBCCDBDBCBBADBD,ABABACCDBCCDBDBCBBADBD,,,0,106,,,,,,,,,,,,,,23,31,24,210000000000212400000000121000000007423000000000432200000000334400000000,,00000117,,,,,,,,11,11,0,11,11,117,,211214342443232422132331,BAABACDCBCCDBDBCBBADBDDA,ABABACCDBCCDBDBCBBADBDAD,,,0,117,,,,,,,,,,,,,
98616,22,,,,,,,,,23,31,24,122400000000121300000000414000000007342000000000342200000000320000000000,,00000117,,,,,,,,11,11,0,11,11,117,,211214342443232422132331,BAABACDCBCCDBDBCBBADBDDA,ABABACCDBCCDBDBCBBADBDAD,,,0,117,,,,,L_T1_GTR___standard,,,,,L_T1_GTR03_33000001,,,,23,31,24,210000000000212400000000121000000007423000000000432200000000334400000000,,00000117,,,,,,,,11,11,0,11,11,117,,211214342443232422132331,BAABACDCBCCDBDBCBBADBDDA,ABABACCDBCCDBDBCBBADBDAD,,,0,117,,,,,,,,,,,,,
98656,23,,,,,,,,,23,31,24,122400000000121300000000414000000007342000000000342200000000320000000000,,00000117,,,,,,,,11,11,0,11,11,117,,211214342443232422132331,BAABACDCBCCDBDBCBBADBDDA,ABABACCDBCCDBDBCBBADBDAD,,,0,117,,,,,L_T1_GTR___standard,,,,,L_T1_GTR03_33000001,,,,31,24,12,210000000000212400000000121000000007423230000000432200000000334400000000,,00000127,,,,,,,,12,12,0,10,10,127,,21121434244323242213233124,BAABACDCBCCDBDBCBBADBDDABC,ABABACCDBCCDBDBCBBADBDADBC,,,0,127,,,,,,,,,,,,,
98658,24,,,,,,,,,31,24,12,122400000000121300000000414320000007342000000000342200000000320000000000,,00000126,,,,,,,,12,12,0,9,9,126,,21121434244323242213233124,BAABACDCBCCDBDBCBBADBDDABC,ABABACCDBCCDBDBCBBADBDADBC,,,0,126,,,,,L_T1_GTR___standard,,,,,L_T1_GTR03_33000001,,,,31,24,12,210000000000212400000000121000000007423230000000432200000000334400000000,,00000127,,,,,,,,12,12,0,10,10,127,,21121434244323242213233124,BAABACDCBCCDBDBCBBADBDDABC,ABABACCDBCCDBDBCBBADBDADBC,,,0,127,,,,,,,,,,,,,
98698,25,,,,,,,,,31,24,12,122400000000121300000000414320000007342000000000342200000000320000000000,,00000126,,,,,,,,12,12,0,9,9,126,,21121434244323242213233124,BAABACDCBCCDBDBCBBADBDDABC,ABABACCDBCCDBDBCBBADBDADBC,,,0,126,,,,,L_T1_GTR___standard,,,,,L_T1_GTR03_33000001,,,,24,12,33,210000000000212400000000121130000007423230000000432200000000334400000000,,00000136,,,,,,,,13,13,0,9,9,136,,2112143424432324221323312412,BAABACDCBCCDBDBCBBADBDDABCAB,ABABACCDBCCDBDBCBBADBDADBCAB,,,0,136,,,,,,,,,,,,,
98710,26,,,,,,,,,24,12,33,122400000000121300000000414320000007342000000000342200000000323100000000,,00000137,,,,,,,,13,13,0,11,11,137,,2112143424432324221323312412,BAABACDCBCCDBDBCBBADBDDABCAB,ABABACCDBCCDBDBCBBADBDADBCAB,,,0,137,,,,,L_T1_GTR___standard,,,,,L_T1_GTR03_33000001,,,,24,12,33,210000000000212400000000121130000007423230000000432200000000334400000000,,00000136,,,,,,,,13,13,0,9,9,136,,2112143424432324221323312412,BAABACDCBCCDBDBCBBADBDDABCAB,ABABACCDBCCDBDBCBBADBDADBCAB,,,0,136,,,,,,,,,,,,,
98744,27,,,,,,,,,24,12,33,122400000000121300000000414320000007342000000000342200000000323100000000,,00000137,,,,,,,,13,13,0,11,11,137,,2112143424432324221323312412,BAABACDCBCCDBDBCBBADBDDABCAB,ABABACCDBCCDBDBCBBADBDADBCAB,,,0,137,,,,,L_T1_GTR___standard,,,,,L_T1_GTR03_33000001,,,,12,33,21,210000000000212400000000121130000007423230000000432200000000334442000000,,00000144,,,,,,,,14,14,0,8,8,144,,211214342443232422132331241233,BAABACDCBCCDBDBCBBADBDDABCABDD,ABABACCDBCCDBDBCBBADBDADBCABDD,,,0,144,,,,,,,,,,,,,
98754,28,,,,,,,,,12,33,21,122440000000121320000000414320000007342000000000342200000000323100000000,,00000146,,,,,,,,14,14,0,9,9,146,,211214342443232422132331241233,BAABACDCBCCDBDBCBBADBDDABCABDD,ABABACCDBCCDBDBCBBADBDADBCABDD,,,0,146,,,,,L_T1_GTR___standard,,,,,L_T1_GTR03_33000001,,,,12,33,21,210000000000212400000000121130000007423230000000432200000000334442000000,,00000144,,,,,,,,14,14,0,8,8,144,,211214342443232422132331241233,BAABACDCBCCDBDBCBBADBDDABCABDD,ABABACCDBCCDBDBCBBADBDADBCABDD,,,0,144,,,,,,,,,,,,,
98800,29,,,,,,,,,33,21,33,122440000000121320000000414320000007342120000000342200000000323100000000,,00000156,,,,,,,,15,15,0,10,10,156,,21121434244323242213233124123321,BAABACDCBCCDBDBCBBADBDDABCABDDBA,ABABACCDBCCDBDBCBBADBDADBCABDDAB,,,0,156,,,,,L_T1_GTR___standard,,,,,L_T1_GTR03_33000001,,,,12,33,21,210000000000212400000000121130000007423230000000432200000000334442000000,,00000144,,,,,,,,14,14,0,8,8,144,,211214342443232422132331241233,BAABACDCBCCDBDBCBBADBDDABCABDD,ABABACCDBCCDBDBCBBADBDADBCABDD,,,0,144,,,,,,,,,,,,,
98813,30,,,,,,,,,33,21,33,122440000000121320000000414320000007342120000000342200000000323100000000,,00000156,,,,,,,,15,15,0,10,10,156,,21121434244323242213233124123321,BAABACDCBCCDBDBCBBADBDDABCABDDBA,ABABACCDBCCDBDBCBBADBDADBCABDDAB,,,0,156,,,,,L_T1_GTR___standard,,,,,L_T1_GTR03_33000001,,,,33,21,33,211000000000212420000000121130000007423230000000432200000000334442000000,,00000153,,,,,,,,15,15,0,9,9,153,,21121434244323242213233124123321,BAABACDCBCCDBDBCBBADBDDABCABDDBA,ABABACCDBCCDBDBCBBADBDADBCABDDAB,,,0,153,,,,,,,,,,L_T1_GTR03_33000001,,,
98842,31,,,,,,,,,21,33,14,122443300000121320000000414320000007342120000000342200000000323100000000,,00000163,,,,,,,,16,16,0,7,7,163,,2112143424432324221323312412332133,BAABACDCBCCDBDBCBBADBDDABCABDDBADD,ABABACCDBCCDBDBCBBADBDADBCABDDABDD,,,0,163,,,,,L_T1_GTR___standard,,,,,L_T1_GTR03_33000001,,,,33,21,33,211000000000212420000000121130000007423230000000432200000000334442000000,,00000153,,,,,,,,15,15,0,9,9,153,,21121434244323242213233124123321,BAABACDCBCCDBDBCBBADBDDABCABDDBA,ABABACCDBCCDBDBCBBADBDADBCABDDAB,,,0,153,,,,,,,,,,L_T1_GTR03_33000001,,,
98860,32,,,,,,,,,21,33,14,122443300000121320000000414320000007342120000000342200000000323100000000,,00000163,,,,,,,,16,16,0,7,7,163,,2112143424432324221323312412332133,BAABACDCBCCDBDBCBBADBDDABCABDDBADD,ABABACCDBCCDBDBCBBADBDADBCABDDABDD,,,0,163,,,,,L_T1_GTR___standard,,,,,L_T1_GTR03_33000001,,,,21,33,14,211330000000212420000000121130000007423230000000432200000000334442000000,,00000162,,,,,,,,16,16,0,9,9,162,,2112143424432324221323312412332133,BAABACDCBCCDBDBCBBADBDDABCABDDBADD,ABABACCDBCCDBDBCBBADBDADBCABDDABDD,,,0,162,,,,,,,,,,L_T1_GTR03_33000001,,,
98888,33,,,,,,,,,33,14,24,122443300000121320000000414320000007342120000000342200000000323112000000,,00000171,,,,,,,,17,17,0,8,8,171,,211214342443232422132331241233213314,BAABACDCBCCDBDBCBBADBDDABCABDDBADDAC,ABABACCDBCCDBDBCBBADBDADBCABDDABDDAC,,,0,171,,,,,L_T1_GTR___standard,,,,,L_T1_GTR03_33000001,,,,21,33,14,211330000000212420000000121130000007423230000000432200000000334442000000,,00000162,,,,,,,,16,16,0,9,9,162,,2112143424432324221323312412332133,BAABACDCBCCDBDBCBBADBDDABCABDDBADD,ABABACCDBCCDBDBCBBADBDADBCABDDABDD,,,0,162,,,,,,,,,,L_T1_GTR03_33000001,,,
98904,34,,,,,,,,,33,14,24,122443300000121320000000414320000007342120000000342200000000323112000000,,00000171,,,,,,,,17,17,0,8,8,171,,211214342443232422132331241233213314,BAABACDCBCCDBDBCBBADBDDABCABDDBADDAC,ABABACCDBCCDBDBCBBADBDADBCABDDABDDAC,,,0,171,,,,,L_T1_GTR___standard,,,,,L_T1_GTR03_33000001,,,,33,14,24,211332000000212421000000121130000007423230000000432200000000334442000000,,00000170,,,,,,,,17,17,0,8,8,170,,211214342443232422132331241233213314,BAABACDCBCCDBDBCBBADBDDABCABDDBADDAC,ABABACCDBCCDBDBCBBADBDADBCABDDABDDAC,,,0,170,,,,,,,,,,L_T1_GTR03_33000001,,,
98928,35,,,,,,,,,14,24,14,122443300000121320000000414323000007342123000000342200000000323112000000,,00000179,,,,,,,,18,18,0,8,8,179,,21121434244323242213233124123321331424,BAABACDCBCCDBDBCBBADBDDABCABDDBADDACBC,ABABACCDBCCDBDBCBBADBDADBCABDDABDDACBC,,,0,179,,,,,L_T1_GTR___standard,,,,,L_T1_GTR03_33000001,,,,33,14,24,211332000000212421000000121130000007423230000000432200000000334442000000,,00000170,,,,,,,,17,17,0,8,8,170,,211214342443232422132331241233213314,BAABACDCBCCDBDBCBBADBDDABCABDDBADDAC,ABABACCDBCCDBDBCBBADBDADBCABDDABDDAC,,,0,170,,,,,,,,,,L_T1_GTR03_33000001,,,
98943,36,,,,,,,,,14,24,14,122443300000121320000000414323000007342123000000342200000000323112000000,,00000179,,,,,,,,18,18,0,8,8,179,,21121434244323242213233124123321331424,BAABACDCBCCDBDBCBBADBDDABCABDDBADDACBC,ABABACCDBCCDBDBCBBADBDADBCABDDABDDACBC,,,0,179,,,,,L_T1_GTR___standard,,,,,L_T1_GTR03_33000001,,,,14,24,14,211332330000212421000000121130000007423230000000432200000000334442000000,,00000176,,,,,,,,18,18,0,6,6,176,,21121434244323242213233124123321331424,BAABACDCBCCDBDBCBBADBDDABCABDDBADDACBC,ABABACCDBCCDBDBCBBADBDADBCABDDABDDACBC,,,0,176,,,,,,,,,,L_T1_GTR03_33000001,,,
98976,37,,,,,,,,,24,14,13,122443300000121320000000414323000007342123000000342214000000323112000000,,00000188,,,,,,,,19,19,0,9,9,188,,2112143424432324221323312412332133142414,BAABACDCBCCDBDBCBBADBDDABCABDDBADDACBCAC,ABABACCDBCCDBDBCBBADBDADBCABDDABDDACBCAC,,,0,188,,,,,L_T1_GTR___standard,,,,,L_T1_GTR03_33000001,,,,14,24,14,211332330000212421000000121130000007423230000000432200000000334442000000,,00000176,,,,,,,,18,18,0,6,6,176,,21121434244323242213233124123321331424,BAABACDCBCCDBDBCBBADBDDABCABDDBADDACBC,ABABACCDBCCDBDBCBBADBDADBCABDDABDDACBC,,,0,176,,,,,,,,,,L_T1_GTR03_33000001,,,
99004,38,,,,,,,,,24,14,13,122443300000121320000000414323000007342123000000342214000000323112000000,,00000188,,,,,,,,19,19,0,9,9,188,,2112143424432324221323312412332133142414,BAABACDCBCCDBDBCBBADBDDABCABDDBADDACBCAC,ABABACCDBCCDBDBCBBADBDADBCABDDABDDACBCAC,,,0,188,,,,,L_T1_GTR___standard,,,,,L_T1_GTR03_33000001,,,,24,14,13,211332334000212421100000121130000007423230000000432200000000334442000000,,00000181,,,,,,,,19,19,0,5,5,181,,2112143424432324221323312412332133142414,BAABACDCBCCDBDBCBBADBDDABCABDDBADDACBCAC,ABABACCDBCCDBDBCBBADBDADBCABDDABDDACBCAC,,,0,181,,,,,,,,,,L_T1_GTR03_33000001,,,
99019,39,,,,,,,,,14,13,24,122443300000121320000000414323000007342123000000342214400000323112200000,,00000195,,,,,,,,20,20,0,7,7,195,,211214342443232422132331241233213314241413,BAABACDCBCCDBDBCBBADBDDABCABDDBADDACBCACAD,ABABACCDBCCDBDBCBBADBDADBCABDDABDDACBCACAD,,,0,195,,,,,L_T1_GTR___standard,,,,,L_T1_GTR03_33000001,,,,24,14,13,211332334000212421100000121130000007423230000000432200000000334442000000,,00000181,,,,,,,,19,19,0,5,5,181,,2112143424432324221323312412332133142414,BAABACDCBCCDBDBCBBADBDDABCABDDBADDACBCAC,ABABACCDBCCDBDBCBBADBDADBCABDDABDDACBCAC,,,0,181,,,,,,,,,,L_T1_GTR03_33000001,,,
99062,40,,,,,,,,,14,13,24,122443300000121320000000414323000007342123000000342214400000323112200000,,00000195,,,,,,,,20,20,0,7,7,195,,211214342443232422132331241233213314241413,BAABACDCBCCDBDBCBBADBDDABCABDDBADDACBCACAD,ABABACCDBCCDBDBCBBADBDADBCABDDABDDACBCACAD,,,0,195,,,,,L_T1_GTR___standard,,,,,L_T1_GTR03_33000001,,,,14,13,24,211332334400212421120000121130000007423230000000432200000000334442000000,,00000185,,,,,,,,20,20,0,4,4,185,,211214342443232422132331241233213314241413,BAABACDCBCCDBDBCBBADBDDABCABDDBADDACBCACAD,ABABACCDBCCDBDBCBBADBDADBCABDDABDDACBCACAD,,,0,185,,,,,,,,,,L_T1_GTR03_33000001,,,
99082,41,,,,,,,,,13,24,12,122443300000121320000000414323000007342123400000342214410000323112200000,,00000201,,,,,,,,21,21,0,6,6,201,,21121434244323242213233124123321331424141324,BAABACDCBCCDBDBCBBADBDDABCABDDBADDACBCACADBC,ABABACCDBCCDBDBCBBADBDADBCABDDABDDACBCACADBC,,,0,201,,,,,L_T1_GTR___standard,,,,,L_T1_GTR03_33000001,,,,14,13,24,211332334400212421120000121130000007423230000000432200000000334442000000,,00000185,,,,,,,,20,20,0,4,4,185,,211214342443232422132331241233213314241413,BAABACDCBCCDBDBCBBADBDDABCABDDBADDACBCACAD,ABABACCDBCCDBDBCBBADBDADBCABDDABDDACBCACAD,,,0,185,,,,,,,,,,L_T1_GTR03_33000001,,,
99101,42,,,,,,,,,13,24,12,122443300000121320000000414323000007342123400000342214410000323112200000,,00000201,,,,,,,,21,21,0,6,6,201,,21121434244323242213233124123321331424141324,BAABACDCBCCDBDBCBBADBDDABCABDDBADDACBCACADBC,ABABACCDBCCDBDBCBBADBDADBCABDDABDDACBCACADBC,,,0,201,,,,,L_T1_GTR___standard,,,,,L_T1_GTR03_33000001,,,,13,24,12,211332334400212421120000121131000007423234000000432200000000334442000000,,00000193,,,,,,,,21,21,0,8,8,193,,21121434244323242213233124123321331424141324,BAABACDCBCCDBDBCBBADBDDABCABDDBADDACBCACADBC,ABABACCDBCCDBDBCBBADBDADBCABDDABDDACBCACADBC,,,0,193,,,,,,,,,,L_T1_GTR03_33000001,,,
99140,43,,,,,,,,,24,12,14,122443300000121320000000414323300007342123410000342214410000323112200000,,00000207,,,,,,,,22,22,0,6,6,207,,2112143424432324221323312412332133142414132412,BAABACDCBCCDBDBCBBADBDDABCABDDBADDACBCACADBCAB,ABABACCDBCCDBDBCBBADBDADBCABDDABDDACBCACADBCAB,,,0,207,,,,,L_T1_GTR___standard,,,,,L_T1_GTR03_33000001,,,,13,24,12,211332334400212421120000121131000007423234000000432200000000334442000000,,00000193,,,,,,,,21,21,0,8,8,193,,21121434244323242213233124123321331424141324,BAABACDCBCCDBDBCBBADBDDABCABDDBADDACBCACADBC,ABABACCDBCCDBDBCBBADBDADBCABDDABDDACBCACADBC,,,0,193,,,,,,,,,,L_T1_GTR03_33000001,,,
99146,44,,,,,,,,,24,12,14,122443300000121320000000414323300007342123410000342214410000323112200000,,00000207,,,,,,,,22,22,0,6,6,207,,2112143424432324221323312412332133142414132412,BAABACDCBCCDBDBCBBADBDDABCABDDBADDACBCACADBCAB,ABABACCDBCCDBDBCBBADBDADBCABDDABDDACBCACADBCAB,,,0,207,,,,,L_T1_GTR___standard,,,,,L_T1_GTR03_33000001,,,,24,12,14,211332334400212421120000121131000007423234000000432231000000334442000000,,00000201,,,,,,,,22,22,0,8,8,201,,2112143424432324221323312412332133142414132412,BAABACDCBCCDBDBCBBADBDDABCABDDBADDACBCACADBCAB,ABABACCDBCCDBDBCBBADBDADBCABDDABDDACBCACADBCAB,,,0,201,,,,,,,,,,L_T1_GTR03_33000001,,,
99200,45,,,,,,,,,12,14,31,122443300000121324000000414323320007342123410000342214410000323112200000,,00000213,,,,,,,,23,23,0,6,6,213,,211214342443232422132331241233213314241413241214,BAABACDCBCCDBDBCBBADBDDABCABDDBADDACBCACADBCABAC,ABABACCDBCCDBDBCBBADBDADBCABDDABDDACBCACADBCABAC,,,0,213,,,,,L_T1_GTR___standard,,,,,L_T1_GTR03_33000001,,,,24,12,14,211332334400212421120000121131000007423234000000432231000000334442000000,,00000201,,,,,,,,22,22,0,8,8,201,,2112143424432324221323312412332133142414132412,BAABACDCBCCDBDBCBBADBDDABCABDDBADDACBCACADBCAB,ABABACCDBCCDBDBCBBADBDADBCABDDABDDACBCACADBCAB,,,0,201,,,,,,,,,,L_T1_GTR03_33000001,,,
99204,46,,,,,,,,,12,14,31,122443300000121324000000414323320007342123410000342214410000323112200000,,00000213,,,,,,,,23,23,0,6,6,213,,211214342443232422132331241233213314241413241214,BAABACDCBCCDBDBCBBADBDDABCABDDBADDACBCACADBCABAC,ABABACCDBCCDBDBCBBADBDADBCABDDABDDACBCACADBCABAC,,,0,213,,,,,L_T1_GTR___standard,,,,,L_T1_GTR03_33000001,,,,12,14,31,211332334440212421122000121131000007423234000000432231000000334442000000,,00000204,,,,,,,,23,23,0,3,3,204,,211214342443232422132331241233213314241413241214,BAABACDCBCCDBDBCBBADBDDABCABDDBADDACBCACADBCABAC,ABABACCDBCCDBDBCBBADBDADBCABDDABDDACBCACADBCABAC,,,0,204,,,,,,,,,,L_T1_GTR03_33000001,,,
99240,47,,,,,,,,,14,31,21,122443300000121324000000414323320007342123410000342214410000323112221000,,00000218,,,,,,,,24,24,0,5,5,218,,21121434244323242213233124123321331424141324121431,BAABACDCBCCDBDBCBBADBDDABCABDDBADDACBCACADBCABACDA,ABABACCDBCCDBDBCBBADBDADBCABDDABDDACBCACADBCABACAD,,,0,218,,,,,L_T1_GTR___standard,,,,,L_T1_GTR03_33000001,,,,12,14,31,211332334440212421122000121131000007423234000000432231000000334442000000,,00000204,,,,,,,,23,23,0,3,3,204,,211214342443232422132331241233213314241413241214,BAABACDCBCCDBDBCBBADBDDABCABDDBADDACBCACADBCABAC,ABABACCDBCCDBDBCBBADBDADBCABDDABDDACBCACADBCABAC,,,0,204,,,,,,,,,,L_T1_GTR03_33000001,,,
99249,48,,,,,,,,,14,31,21,122443300000121324000000414323320007342123410000342214410000323112221000,,00000218,,,,,,,,24,24,0,5,5,218,,21121434244323242213233124123321331424141324121431,BAABACDCBCCDBDBCBBADBDDABCABDDBADDACBCACADBCABACDA,ABABACCDBCCDBDBCBBADBDADBCABDDABDDACBCACADBCABACAD,,,0,218,,,,,L_T1_GTR___standard,,,,,L_T1_GTR03_33000001,,,,14,31,21,211332334440212421122000121131000007423234000000432231000000334442120000,,00000211,,,,,,,,24,24,0,7,7,211,,21121434244323242213233124123321331424141324121431,BAABACDCBCCDBDBCBBADBDDABCABDDBADDACBCACADBCABACDA,ABABACCDBCCDBDBCBBADBDADBCABDDABDDACBCACADBCABACAD,,,0,211,,,,,,,,,,L_T1_GTR03_33000001,,,
99278,49,,,,,,,,,31,21,33,122443300000121324410000414323320007342123410000342214410000323112221000,,00000224,,,,,,,,25,25,0,6,6,224,,2112143424432324221323312412332133142414132412143121,BAABACDCBCCDBDBCBBADBDDABCABDDBADDACBCACADBCABACDABA,ABABACCDBCCDBDBCBBADBDADBCABDDABDDACBCACADBCABACADAB,,,0,224,,,,,L_T1_GTR___standard,,,,,L_T1_GTR03_33000001,,,,14,31,21,211332334440212421122000121131000007423234000000432231000000334442120000,,00000211,,,,,,,,24,24,0,7,7,211,,21121434244323242213233124123321331424141324121431,BAABACDCBCCDBDBCBBADBDDABCABDDBADDACBCACADBCABACDA,ABABACCDBCCDBDBCBBADBDADBCABDDABDDACBCACADBCABACAD,,,0,211,,,,,,,,,,L_T1_GTR03_33000001,,,
99295,50,,,,,,,,,31,21,33,122443300000121324410000414323320007342123410000342214410000323112221000,,00000224,,,,,,,,25,25,0,6,6,224,,2112143424432324221323312412332133142414132412143121,BAABACDCBCCDBDBCBBADBDDABCABDDBADDACBCACADBCABACDABA,ABABACCDBCCDBDBCBBADBDADBCABDDABDDACBCACADBCABACADAB,,,0,224,,,,,L_T1_GTR___standard,,,,,L_T1_GTR03_33000001,,,,31,21,33,211332334440212421122000121131000007423234400000432231100000334442120000,,00000218,,,,,,,,25,25,0,7,7,218,,2112143424432324221323312412332133142414132412143121,BAABACDCBCCDBDBCBBADBDDABCABDDBADDACBCACADBCABACDABA,ABABACCDBCCDBDBCBBADBDADBCABDDABDDACBCACADBCABACADAB,,,0,218,,,,,,,,,,L_T1_GTR03_33000001,,,
99316,51,,,,,,,,,21,33,24,122443300000121324410000414323320007342123410000342214413100323112221000,,00000229,,,,,,,,26,26,0,5,5,229,,211214342443232422132331241233213314241413241214312133,BAABACDCBCCDBDBCBBADBDDABCABDDBADDACBCACADBCABACDABADD,ABABACCDBCCDBDBCBBADBDADBCABDDABDDACBCACADBCABACADABDD,,,0,229,,,,,L_T1_GTR___standard,,,,,L_T1_GTR03_33000001,,,,31,21,33,211332334440212421122000121131000007423234400000432231100000334442120000,,00000218,,,,,,,,25,25,0,7,7,218,,2112143424432324221323312412332133142414132412143121,BAABACDCBCCDBDBCBBADBDDABCABDDBADDACBCACADBCABACDABA,ABABACCDBCCDBDBCBBADBDADBCABDDABDDACBCACADBCABACADAB,,,0,218,,,,,,,,,,L_T1_GTR03_33000001,,,
99338,52,,,,,,,,,21,33,24,122443300000121324410000414323320007342123410000342214413100323112221000,,00000229,,,,,,,,26,26,0,5,5,229,,211214342443232422132331241233213314241413241214312133,BAABACDCBCCDBDBCBBADBDDABCABDDBADDACBCACADBCABACDABADD,ABABACCDBCCDBDBCBBADBDADBCABDDABDDACBCACADBCABACADABDD,,,0,229,,,,,L_T1_GTR___standard,,,,,L_T1_GTR03_33000001,,,,21,33,24,211332334440212421122000121131000007423234431000432231100000334442120000,,00000224,,,,,,,,26,26,0,6,6,224,,211214342443232422132331241233213314241413241214312133,BAABACDCBCCDBDBCBBADBDDABCABDDBADDACBCACADBCABACDABADD,ABABACCDBCCDBDBCBBADBDADBCABDDABDDACBCACADBCABACADABDD,,,0,224,,,,,,,,,,L_T1_GTR03_33000001,,,
99352,53,,,,,,,,,33,24,42,122443300000121324410000414323320007342123410000342214413100323112221120,,00000232,,,,,,,,27,27,0,3,3,232,,21121434244323242213233124123321331424141324121431213324,BAABACDCBCCDBDBCBBADBDDABCABDDBADDACBCACADBCABACDABADDBC,ABABACCDBCCDBDBCBBADBDADBCABDDABDDACBCACADBCABACADABDDBC,,,0,232,,,,,L_T1_GTR___standard,,,,,L_T1_GTR03_33000001,,,,21,33,24,211332334440212421122000121131000007423234431000432231100000334442120000,,00000224,,,,,,,,26,26,0,6,6,224,,211214342443232422132331241233213314241413241214312133,BAABACDCBCCDBDBCBBADBDDABCABDDBADDACBCACADBCABACDABADD,ABABACCDBCCDBDBCBBADBDADBCABDDABDDACBCACADBCABACADABDD,,,0,224,,,,,,,,,,L_T1_GTR03_33000001,,,
99377,54,,,,,,,,,33,24,42,122443300000121324410000414323320007342123410000342214413100323112221120,,00000232,,,,,,,,27,27,0,3,3,232,,21121434244323242213233124123321331424141324121431213324,BAABACDCBCCDBDBCBBADBDDABCABDDBADDACBCACADBCABACDABADDBC,ABABACCDBCCDBDBCBBADBDADBCABDDABDDACBCACADBCABACADABDDBC,,,0,232,,,,,L_T1_GTR___standard,,,,,L_T1_GTR03_33000001,,,,33,24,42,211332334440212421122000121131000007423234431000432231100000334442122100,,00000229,,,,,,,,27,27,0,5,5,229,,21121434244323242213233124123321331424141324121431213324,BAABACDCBCCDBDBCBBADBDDABCABDDBADDACBCACADBCABACDABADDBC,ABABACCDBCCDBDBCBBADBDADBCABDDABDDACBCACADBCABACADABDDBC,,,0,229,,,,,,,,,,L_T1_GTR03_33000001,,,
99386,55,,,,,,,,,24,42,31,122443300000121324410000414323323007342123413000342214413100323112221120,,00000237,,,,,,,,28,28,0,5,5,237,,2112143424432324221323312412332133142414132412143121332442,BAABACDCBCCDBDBCBBADBDDABCABDDBADDACBCACADBCABACDABADDBCCB,ABABACCDBCCDBDBCBBADBDADBCABDDABDDACBCACADBCABACADABDDBCBC,,,0,237,,,,,L_T1_GTR___standard,,,,,L_T1_GTR03_33000001,,,,33,24,42,211332334440212421122000121131000007423234431000432231100000334442122100,,00000229,,,,,,,,27,27,0,5,5,229,,21121434244323242213233124123321331424141324121431213324,BAABACDCBCCDBDBCBBADBDDABCABDDBADDACBCACADBCABACDABADDBC,ABABACCDBCCDBDBCBBADBDADBCABDDABDDACBCACADBCABACADABDDBC,,,0,229,,,,,,,,,,L_T1_GTR03_33000001,,,
99413,56,,,,,,,,,24,42,31,122443300000121324410000414323323007342123413000342214413100323112221120,,00000237,,,,,,,,28,28,0,5,5,237,,2112143424432324221323312412332133142414132412143121332442,BAABACDCBCCDBDBCBBADBDDABCABDDBADDACBCACADBCABACDABADDBCCB,ABABACCDBCCDBDBCBBADBDADBCABDDABDDACBCACADBCABACADABDDBCBC,,,0,237,,,,,L_T1_GTR___standard,,,,,L_T1_GTR03_33000001,,,,24,42,31,211332334440212421122000121131330007423234431000432231100000334442122100,,00000235,,,,,,,,28,28,0,6,6,235,,2112143424432324221323312412332133142414132412143121332442,BAABACDCBCCDBDBCBBADBDDABCABDDBADDACBCACADBCABACDABADDBCCB,ABABACCDBCCDBDBCBBADBDADBCABDDABDDACBCACADBCABACADABDDBCBC,,,0,235,,,,,,,,,,L_T1_GTR03_33000001,,,
99420,57,,,,,,,,,42,31,34,122443300000121324410000414323323007342123413000342214413100323112221122,,00000239,,,,,,,,29,29,0,2,2,239,,211214342443232422132331241233213314241413241214312133244231,BAABACDCBCCDBDBCBBADBDDABCABDDBADDACBCACADBCABACDABADDBCCBDA,ABABACCDBCCDBDBCBBADBDADBCABDDABDDACBCACADBCABACADABDDBCBCAD,,,0,239,,,,,L_T1_GTR___standard,,,,,L_T1_GTR03_33000001,,,,24,42,31,211332334440212421122000121131330007423234431000432231100000334442122100,,00000235,,,,,,,,28,28,0,6,6,235,,2112143424432324221323312412332133142414132412143121332442,BAABACDCBCCDBDBCBBADBDDABCABDDBADDACBCACADBCABACDABADDBCCB,ABABACCDBCCDBDBCBBADBDADBCABDDABDDACBCACADBCABACADABDDBCBC,,,0,235,,,,,,,,,,L_T1_GTR03_33000001,,,
99456,58,,,,,,,,,42,31,34,122443300000121324410000414323323007342123413000342214413100323112221122,,00000239,,,,,,,,29,29,0,2,2,239,,211214342443232422132331241233213314241413241214312133244231,BAABACDCBCCDBDBCBBADBDDABCABDDBADDACBCACADBCABACDABADDBCCBDA,ABABACCDBCCDBDBCBBADBDADBCABDDABDDACBCACADBCABACADABDDBCBCAD,,,0,239,,,,,L_T1_GTR___standard,,,,,L_T1_GTR03_33000001,,,,42,31,34,211332334440212421122000121131330007423234431000432231142000334442122100,,00000240,,,,,,,,29,29,0,5,5,240,,211214342443232422132331241233213314241413241214312133244231,BAABACDCBCCDBDBCBBADBDDABCABDDBADDACBCACADBCABACDABADDBCCBDA,ABABACCDBCCDBDBCBBADBDADBCABDDABDDACBCACADBCABACADABDDBCBCAD,,,0,240,,,,,,,,,,L_T1_GTR03_33000001,,,
99460,59,,,,,,,,,31,34,23,122443324000121324410000414323323007342123413000342214413100323112221122,,00000244,,,,,,,,30,30,0,5,5,244,,21121434244323242213233124123321331424141324121431213324423134,BAABACDCBCCDBDBCBBADBDDABCABDDBADDACBCACADBCABACDABADDBCCBDADC,ABABACCDBCCDBDBCBBADBDADBCABDDABDDACBCACADBCABACADABDDBCBCADCD,,,0,244,,,,,L_T1_GTR___standard,,,,,L_T1_GTR03_33000001,,,,42,31,34,211332334440212421122000121131330007423234431000432231142000334442122100,,00000240,,,,,,,,29,29,0,5,5,240,,211214342443232422132331241233213314241413241214312133244231,BAABACDCBCCDBDBCBBADBDDABCABDDBADDACBCACADBCABACDABADDBCCBDA,ABABACCDBCCDBDBCBBADBDADBCABDDABDDACBCACADBCABACADABDDBCBCAD,,,0,240,,,,,,,,,,L_T1_GTR03_33000001,,,
99496,60,,,,,,,,,34,23,41,122443324000121324410000414323323007342123413000342214413131323112221122,,00000247,,,,,,,,31,31,0,3,3,247,,2112143424432324221323312412332133142414132412143121332442313423,BAABACDCBCCDBDBCBBADBDDABCABDDBADDACBCACADBCABACDABADDBCCBDADCBD,ABABACCDBCCDBDBCBBADBDADBCABDDABDDACBCACADBCABACADABDDBCBCADCDBD,,,0,247,,,,,L_T1_GTR___standard,,,,,L_T1_GTR03_33000001,,,,42,31,34,211332334440212421122000121131330007423234431000432231142000334442122100,,00000240,,,,,,,,29,29,0,5,5,240,,211214342443232422132331241233213314241413241214312133244231,BAABACDCBCCDBDBCBBADBDDABCABDDBADDACBCACADBCABACDABADDBCCBDA,ABABACCDBCCDBDBCBBADBDADBCABDDABDDACBCACADBCABACADABDDBCBCAD,,,0,240,,,,,,,,,,L_T1_GTR03_33000001,,,
99500,61,,,,,,,,,34,23,41,122443324000121324410000414323323007342123413000342214413131323112221122,,00000247,,,,,,,,31,31,0,3,3,247,,2112143424432324221323312412332133142414132412143121332442313423,BAABACDCBCCDBDBCBBADBDDABCABDDBADDACBCACADBCABACDABADDBCCBDADCBD,ABABACCDBCCDBDBCBBADBDADBCABDDABDDACBCACADBCABACADABDDBCBCADCDBD,,,0,247,,,,,L_T1_GTR___standard,,,,,L_T1_GTR03_33000001,,,,31,34,23,211332334440212421122000121131330007423234431200432231142400334442122100,,00000244,,,,,,,,30,30,0,4,4,244,,21121434244323242213233124123321331424141324121431213324423134,BAABACDCBCCDBDBCBBADBDDABCABDDBADDACBCACADBCABACDABADDBCCBDADC,ABABACCDBCCDBDBCBBADBDADBCABDDABDDACBCACADBCABACADABDDBCBCADCD,,,0,244,,,,,,,,,,L_T1_GTR03_33000001,,,
99554,62,,,,,,,,,34,23,41,122443324000121324410000414323323007342123413000342214413131323112221122,,00000247,,,,,,,,31,31,0,3,3,247,,2112143424432324221323312412332133142414132412143121332442313423,BAABACDCBCCDBDBCBBADBDDABCABDDBADDACBCACADBCABACDABADDBCCBDADCBD,ABABACCDBCCDBDBCBBADBDADBCABDDABDDACBCACADBCABACADABDDBCBCADCDBD,,,0,247,,,,,L_T1_GTR___standard,,,,,L_T1_GTR03_33000001,,,,34,23,41,211332334441212421122000121131330007423234431200432231142400334442122100,,00000245,,,,,,,,31,31,0,1,1,245,,2112143424432324221323312412332133142414132412143121332442313423,BAABACDCBCCDBDBCBBADBDDABCABDDBADDACBCACADBCABACDABADDBCCBDADCBD,ABABACCDBCCDBDBCBBADBDADBCABDDABDDACBCACADBCABACADABDDBCBCADCDBD,,,0,245,,,,,,,,,,L_T1_GTR03_33000001,,,
99558,63,,,,,,,,,23,41,14,122443324000121324414300414323323007342123413000342214413131323112201122,,00000250,,,,,,,,32,32,0,3,3,250,,211214342443232422132331241233213314241413241214312133244231342341,BAABACDCBCCDBDBCBBADBDDABCABDDBADDACBCACADBCABACDABADDBCCBDADCBDCA,ABABACCDBCCDBDBCBBADBDADBCABDDABDDACBCACADBCABACADABDDBCBCADCDBDAC,,,0,250,,,,,L_T1_GTR___standard,,,,,L_T1_GTR03_33000001,,,,34,23,41,211332334441212421122000121131330007423234431200432231142400334442122100,,00000245,,,,,,,,31,31,0,1,1,245,,2112143424432324221323312412332133142414132412143121332442313423,BAABACDCBCCDBDBCBBADBDDABCABDDBADDACBCACADBCABACDABADDBCCBDADCBD,ABABACCDBCCDBDBCBBADBDADBCABDDABDDACBCACADBCABACADABDDBCBCADCDBD,,,0,245,,,,,,,,,,L_T1_GTR03_33000001,,,
99606,64,,,,,,,,,23,41,14,122443324000121324414300414323323007342123413000342214413131323112201122,,00000250,,,,,,,,32,32,0,3,3,250,,211214342443232422132331241233213314241413241214312133244231342341,BAABACDCBCCDBDBCBBADBDDABCABDDBADDACBCACADBCABACDABADDBCCBDADCBDCA,ABABACCDBCCDBDBCBBADBDADBCABDDABDDACBCACADBCABACADABDDBCBCADCDBDAC,,,0,250,,,,,L_T1_GTR___standard,,,,,L_T1_GTR03_33000001,,,,23,41,14,211332334441212421122000121131330007423234431200432231142440334442122130,,00000248,,,,,,,,32,32,0,3,3,248,,211214342443232422132331241233213314241413241214312133244231342341,BAABACDCBCCDBDBCBBADBDDABCABDDBADDACBCACADBCABACDABADDBCCBDADCBDCA,ABABACCDBCCDBDBCBBADBDADBCABDDABDDACBCACADBCABACADABDDBCBCADCDBDAC,,,0,248,,,,,,,,,,L_T1_GTR03_33000001,,,
99608,65,,,,,,,,,41,14,43,122443324000121324414300414323323007342123413230342214413131323112221122,,00000254,,,,,,,,33,33,0,4,4,254,,21121434244323242213233124123321331424141324121431213324423134234114,BAABACDCBCCDBDBCBBADBDDABCABDDBADDACBCACADBCABACDABADDBCCBDADCBDCAAC,ABABACCDBCCDBDBCBBADBDADBCABDDABDDACBCACADBCABACADABDDBCBCADCDBDACAC,,,0,254,,,,,L_T1_GTR___standard,,,,,L_T1_GTR03_33000001,,,,23,41,14,211332334441212421122000121131330007423234431200432231142440334442122130,,00000248,,,,,,,,32,32,0,3,3,248,,211214342443232422132331241233213314241413241214312133244231342341,BAABACDCBCCDBDBCBBADBDDABCABDDBADDACBCACADBCABACDABADDBCCBDADCBDCA,ABABACCDBCCDBDBCBBADBDADBCABDDABDDACBCACADBCABACADABDDBCBCADCDBDAC,,,0,248,,,,,,,,,,L_T1_GTR03_33000001,,,
99688,66,,,,,,,,,14,43,31,122443324410121324414300414323323007342123413230342214413131323112221122,,00000257,,,,,,,,34,34,0,3,3,257,,2112143424432324221323312412332133142414132412143121332442313423411443,BAABACDCBCCDBDBCBBADBDDABCABDDBADDACBCACADBCABACDABADDBCCBDADCBDCAACCD,ABABACCDBCCDBDBCBBADBDADBCABDDABDDACBCACADBCABACADABDDBCBCADCDBDACACCD,,,0,257,,,,,L_T1_GTR___standard,,,,,L_T1_GTR03_33000001,,,,23,41,14,211332334441212421122000121131330007423234431200432231142440334442122130,,00000248,,,,,,,,32,32,0,3,3,248,,211214342443232422132331241233213314241413241214312133244231342341,BAABACDCBCCDBDBCBBADBDDABCABDDBADDACBCACADBCABACDABADDBCCBDADCBDCA,ABABACCDBCCDBDBCBBADBDADBCABDDABDDACBCACADBCABACADABDDBCBCADCDBDAC,,,0,248,,,,,,,,,,L_T1_GTR03_33000001,,,
99705,67,,,,,,,,,14,43,31,122443324410121324414300414323323007342123413230342214413131323112221122,,00000257,,,,,,,,34,34,0,3,3,257,,2112143424432324221323312412332133142414132412143121332442313423411443,BAABACDCBCCDBDBCBBADBDDABCABDDBADDACBCACADBCABACDABADDBCCBDADCBDCAACCD,ABABACCDBCCDBDBCBBADBDADBCABDDABDDACBCACADBCABACADABDDBCBCADCDBDACACCD,,,0,257,,,,,L_T1_GTR___standard,,,,,L_T1_GTR03_33000001,,,,,41,14,211332334441212421122000121131333007423234431220432231142440334442122130,,bb40abb1,,,,,,,,33,0,1,bb40abb1,40,288,,211214342443232422132331241233213314241413241214312133244231342341,BAABACDCBCCDBDBCBBADBDDABCABDDBADDACBCACADBCABACDABADDBCCBDADCBDCA,ABABACCDBCCDBDBCBBADBDADBCABDDABDDACBCACADBCABACADABDDBCBCADCDBDAC,,,1,288,,,,,,,,,,L_T1_GTR03_33000001,,,
99724,68,,,,,,,,,43,31,42,122443324411121324414300414323323007342123413230342214413131323112221122,,00000259,,,,,,,,35,35,0,2,2,259,,211214342443232422132331241233213314241413241214312133244231342341144331,BAABACDCBCCDBDBCBBADBDDABCABDDBADDACBCACADBCABACDABADDBCCBDADCBDCAACCDDA,ABABACCDBCCDBDBCBBADBDADBCABDDABDDACBCACADBCABACADABDDBCBCADCDBDACACCDAD,,,0,259,,,,,L_T1_GTR___standard,,,,,L_T1_GTR03_33000001,,,,,41,14,211332334441212421122000121131333007423234431220432231142440334442122130,,bb40abb1,,,,,,,,33,0,1,bb40abb1,40,288,,211214342443232422132331241233213314241413241214312133244231342341,BAABACDCBCCDBDBCBBADBDDABCABDDBADDACBCACADBCABACDABADDBCCBDADCBDCA,ABABACCDBCCDBDBCBBADBDADBCABDDABDDACBCACADBCABACADABDDBCBCADCDBDAC,,,1,288,,,,,,,,,,L_T1_GTR03_33000001,,,
99785,69,,,,,,,,,43,31,42,122443324411121324414300414323323007342123413230342214413131323112221122,,00000259,,,,,,,,35,35,0,2,2,259,,211214342443232422132331241233213314241413241214312133244231342341144331,BAABACDCBCCDBDBCBBADBDDABCABDDBADDACBCACADBCABACDABADDBCCBDADCBDCAACCDDA,ABABACCDBCCDBDBCBBADBDADBCABDDABDDACBCACADBCABACADABDDBCBCADCDBDACACCDAD,,,0,259,,,,,L_T1_GTR___standard,,,,,L_T1_GTR03_33000001,,,,,41,14,211332334441212421122000121131000007423234412200432231142440334442122130,,bb50ab10,,,,,,,,34,0,2,bb50ab10,500,788,,211214342443232422132331241233213314241413241214312133244231342341,BAABACDCBCCDBDBCBBADBDDABCABDDBADDACBCACADBCABACDABADDBCCBDADCBDCA,ABABACCDBCCDBDBCBBADBDADBCABDDABDDACBCACADBCABACADABDDBCBCADCDBDAC,,,2,788,,,,,,,,,,L_T1_GTR03_33000001,,,
99804,70,,,,,,,,,31,42,21,122443324411121324414300414323323407342123413233342214413131323112221122,,00000260,,,,,,,,36,36,0,1,1,260,,21121434244323242213233124123321331424141324121431213324423134234114433142,BAABACDCBCCDBDBCBBADBDDABCABDDBADDACBCACADBCABACDABADDBCCBDADCBDCAACCDDACB,ABABACCDBCCDBDBCBBADBDADBCABDDABDDACBCACADBCABACADABDDBCBCADCDBDACACCDADBC,,,0,260,,,,,L_T1_GTR___standard,,,,,L_T1_GTR03_33000001,,,,,41,14,211332334441212421122000121131000007423234412200432231142440334442122130,,bb50ab10,,,,,,,,34,0,2,bb50ab10,500,788,,211214342443232422132331241233213314241413241214312133244231342341,BAABACDCBCCDBDBCBBADBDDABCABDDBADDACBCACADBCABACDABADDBCCBDADCBDCA,ABABACCDBCCDBDBCBBADBDADBCABDDABDDACBCACADBCABACADABDDBCBCADCDBDAC,,,2,788,,,,,,,,,,L_T1_GTR03_33000001,,,
99838,71,,,,,,,,,42,21,32,122443324411121324414331414323323407342123413233342214413131323112221122,,00000263,,,,,,,,37,37,0,3,3,263,,2112143424432324221323312412332133142414132412143121332442313423411443314221,BAABACDCBCCDBDBCBBADBDDABCABDDBADDACBCACADBCABACDABADDBCCBDADCBDCAACCDDACBBA,ABABACCDBCCDBDBCBBADBDADBCABDDABDDACBCACADBCABACADABDDBCBCADCDBDACACCDADBCAB,,,0,263,,,,,L_T1_GTR___standard,,,,,L_T1_GTR03_33000001,,,,,41,14,211332334441212421122000121131000007423234412200432231142440334442122130,,bb50ab10,,,,,,,,34,0,2,bb50ab10,500,788,,211214342443232422132331241233213314241413241214312133244231342341,BAABACDCBCCDBDBCBBADBDDABCABDDBADDACBCACADBCABACDABADDBCCBDADCBDCA,ABABACCDBCCDBDBCBBADBDADBCABDDABDDACBCACADBCABACADABDDBCBCADCDBDAC,,,2,788,,,,,,,,,,L_T1_GTR03_33000001,,,
99867,72,,,,,,,,,42,21,32,122443324411121324414331414323323407342123413233342214413131323112221122,,00000263,,,,,,,,37,37,0,3,3,263,,2112143424432324221323312412332133142414132412143121332442313423411443314221,BAABACDCBCCDBDBCBBADBDDABCABDDBADDACBCACADBCABACDABADDBCCBDADCBDCAACCDDACBBA,ABABACCDBCCDBDBCBBADBDADBCABDDABDDACBCACADBCABACADABDDBCBCADCDBDACACCDADBCAB,,,0,263,,,,,L_T1_GTR___standard,,,,,L_T1_GTR03_33000001,,,,,41,14,211332334441212421122000121131000007423234410000432231144400334442113000,,bb40ab16,,,,,,,,35,0,3,bb40ab16,640,1428,,211214342443232422132331241233213314241413241214312133244231342341,BAABACDCBCCDBDBCBBADBDDABCABDDBADDACBCACADBCABACDABADDBCCBDADCBDCA,ABABACCDBCCDBDBCBBADBDADBCABDDABDDACBCACADBCABACADABDDBCBCADCDBDAC,,,3,1428,,,,,,,,,,L_T1_GTR03_33000001,,,
99888,73,,,,,,,,,21,32,22,122443324411121324414331414323323407342123413233342214413131323112221122,,00000264,,,,,,,,38,38,0,1,1,264,,211214342443232422132331241233213314241413241214312133244231342341144331422132,BAABACDCBCCDBDBCBBADBDDABCABDDBADDACBCACADBCABACDABADDBCCBDADCBDCAACCDDACBBADB,ABABACCDBCCDBDBCBBADBDADBCABDDABDDACBCACADBCABACADABDDBCBCADCDBDACACCDADBCABBD,,,0,264,,,,,L_T1_GTR___standard,,,,,L_T1_GTR03_33000001,,,,,41,14,211332334441212421122000121131000007423234410000432231144400334442113000,,bb40ab16,,,,,,,,35,0,3,bb40ab16,640,1428,,211214342443232422132331241233213314241413241214312133244231342341,BAABACDCBCCDBDBCBBADBDDABCABDDBADDACBCACADBCABACDABADDBCCBDADCBDCA,ABABACCDBCCDBDBCBBADBDADBCABDDABDDACBCACADBCABACADABDDBCBCADCDBDAC,,,3,1428,,,,,,,,,,L_T1_GTR03_33000001,,,
99909,74,,,,,,,,,,32,22,122443324411121324414331414323323421342123413233342214413131323112221122,,bb40abb1,,,,,,,,39,0,1,bb40abb1,40,304,,211214342443232422132331241233213314241413241214312133244231342341144331422132,BAABACDCBCCDBDBCBBADBDDABCABDDBADDACBCACADBCABACDABADDBCCBDADCBDCAACCDDACBBADB,ABABACCDBCCDBDBCBBADBDADBCABDDABDDACBCACADBCABACADABDDBCBCADCDBDACACCDADBCABBD,,,1,304,,,,,L_T1_GTR___standard,,,,,L_T1_GTR03_33000001,,,,,41,14,211332334441212421122000121131000007423234410000432231144400334442113000,,bb40ab16,,,,,,,,35,0,3,bb40ab16,640,1428,,211214342443232422132331241233213314241413241214312133244231342341,BAABACDCBCCDBDBCBBADBDDABCABDDBADDACBCACADBCABACDABADDBCCBDADCBDCA,ABABACCDBCCDBDBCBBADBDADBCABDDABDDACBCACADBCABACADABDDBCBCADCDBDAC,,,3,1428,,,,,,,,,,L_T1_GTR03_33000001,,,
99948,75,,,,,,,,,,32,22,122443324411121324414331414323323421342123413233342214413131323112221122,,bb40abb1,,,,,,,,39,0,1,bb40abb1,40,304,,211214342443232422132331241233213314241413241214312133244231342341144331422132,BAABACDCBCCDBDBCBBADBDDABCABDDBADDACBCACADBCABACDABADDBCCBDADCBDCAACCDDACBBADB,ABABACCDBCCDBDBCBBADBDADBCABDDABDDACBCACADBCABACADABDDBCBCADCDBDACACCDADBCABBD,,,1,304,,,,,L_T1_GTR___standard,,,,,L_T1_GTR03_33000001,,,,,41,14,211332334441212421122000121131000007423234410000432234440000334442300000,,bb50ab34,,,,,,,,36,0,4,bb50ab34,1700,3128,,211214342443232422132331241233213314241413241214312133244231342341,BAABACDCBCCDBDBCBBADBDDABCABDDBADDACBCACADBCABACDABADDBCCBDADCBDCA,ABABACCDBCCDBDBCBBADBDADBCABDDABDDACBCACADBCABACADABDDBCBCADCDBDAC,,,4,3128,,,,,,,,,,L_T1_GTR03_33000001,,,
99991,76,,,,,,,,,,32,22,122443324440121324414330414323323427342123413233342214413131323112221122,,bb40abb8,,,,,,,,40,0,2,bb40abb8,320,624,,211214342443232422132331241233213314241413241214312133244231342341144331422132,BAABACDCBCCDBDBCBBADBDDABCABDDBADDACBCACADBCABACDABADDBCCBDADCBDCAACCDDACBBADB,ABABACCDBCCDBDBCBBADBDADBCABDDABDDACBCACADBCABACADABDDBCBCADCDBDACACCDADBCABBD,,,2,624,,,,,L_T1_GTR___standard,,,,,L_T1_GTR03_33000001,,,,,41,14,211332334441212421122000121131000007423234410000432234440000334442300000,,bb50ab34,,,,,,,,36,0,4,bb50ab34,1700,3128,,211214342443232422132331241233213314241413241214312133244231342341,BAABACDCBCCDBDBCBBADBDDABCABDDBADDACBCACADBCABACDABADDBCCBDADCBDCA,ABABACCDBCCDBDBCBBADBDADBCABDDABDDACBCACADBCABACADABDDBCBCADCDBDAC,,,4,3128,,,,,,,,,,L_T1_GTR03_33000001,,,
100031,77,,,,,,,,,,32,22,122443324440121324414330414323323427342123413233342214413131323112221122,,bb40abb8,,,,,,,,40,0,2,bb40abb8,320,624,,211214342443232422132331241233213314241413241214312133244231342341144331422132,BAABACDCBCCDBDBCBBADBDDABCABDDBADDACBCACADBCABACDABADDBCCBDADCBDCAACCDDACBBADB,ABABACCDBCCDBDBCBBADBDADBCABDDABDDACBCACADBCABACADABDDBCBCADCDBDACACCDADBCABBD,,,2,624,,,,,L_T1_GTR___standard,,,,,L_T1_GTR03_33000001,,,,,41,14,211332334441212421122000121131000007423231000000432230000000334442300000,,bb40ab64,,,,,,,,37,0,5,bb40ab64,2560,5688,,211214342443232422132331241233213314241413241214312133244231342341,BAABACDCBCCDBDBCBBADBDDABCABDDBADDACBCACADBCABACDABADDBCCBDADCBDCA,ABABACCDBCCDBDBCBBADBDADBCABDDABDDACBCACADBCABACADABDDBCBCADCDBDAC,,,5,5688,,,,,,,,,,L_T1_GTR03_33000001,,,
100071,78,,,,,,,,,,32,22,122443320000121324413300414323323427342123413233342214413131323112221122,,bb50ab18,,,,,,,,41,0,3,bb50ab18,900,1524,,211214342443232422132331241233213314241413241214312133244231342341144331422132,BAABACDCBCCDBDBCBBADBDDABCABDDBADDACBCACADBCABACDABADDBCCBDADCBDCAACCDDACBBADB,ABABACCDBCCDBDBCBBADBDADBCABDDABDDACBCACADBCABACADABDDBCBCADCDBDACACCDADBCABBD,,,3,1524,,,,,L_T1_GTR___standard,,,,,L_T1_GTR03_33000001,,,,,41,14,211332334441212421122000121131000007423231000000432230000000334442300000,,bb40ab64,,,,,,,,37,0,5,bb40ab64,2560,5688,,211214342443232422132331241233213314241413241214312133244231342341,BAABACDCBCCDBDBCBBADBDDABCABDDBADDACBCACADBCABACDABADDBCCBDADCBDCA,ABABACCDBCCDBDBCBBADBDADBCABDDABDDACBCACADBCABACADABDDBCBCADCDBDAC,,,5,5688,,,,,,,,,,L_T1_GTR03_33000001,,,
100113,79,,,,,,,,,,32,22,122443320000121324413300414323323427342123413233342214413131323112221122,,bb50ab18,,,,,,,,41,0,3,bb50ab18,900,1524,,211214342443232422132331241233213314241413241214312133244231342341144331422132,BAABACDCBCCDBDBCBBADBDDABCABDDBADDACBCACADBCABACDABADDBCCBDADCBDCAACCDDACBBADB,ABABACCDBCCDBDBCBBADBDADBCABDDABDDACBCACADBCABACADABDDBCBCADCDBDACACCDADBCABBD,,,3,1524,,,,,L_T1_GTR___standard,,,,,L_T1_GTR03_33000001,,,,,41,14,211332334441212422200000121130000007423230000000432230000000334442300000,,bb40ab96,,,,,,,,38,0,6,bb40ab96,3840,9528,,211214342443232422132331241233213314241413241214312133244231342341,BAABACDCBCCDBDBCBBADBDDABCABDDBADDACBCACADBCABACDABADDBCCBDADCBDCA,ABABACCDBCCDBDBCBBADBDADBCABDDABDDACBCACADBCABACADABDDBCBCADCDBDAC,,,6,9528,,,,,,,,,,L_T1_GTR03_33000001,,,
100151,80,,,,,,,,,,32,22,122443320000121324410000414323324207342123412330342214411314323112221122,,bb50ab34,,,,,,,,42,0,4,bb50ab34,1700,3224,,211214342443232422132331241233213314241413241214312133244231342341144331422132,BAABACDCBCCDBDBCBBADBDDABCABDDBADDACBCACADBCABACDABADDBCCBDADCBDCAACCDDACBBADB,ABABACCDBCCDBDBCBBADBDADBCABDDABDDACBCACADBCABACADABDDBCBCADCDBDACACCDADBCABBD,,,4,3224,,,,,L_T1_GTR___standard,,,,,L_T1_GTR03_33000001,,,,,41,14,211332334441212422200000121130000007423230000000432230000000334442300000,,bb40ab96,,,,,,,,38,0,6,bb40ab96,3840,9528,,211214342443232422132331241233213314241413241214312133244231342341,BAABACDCBCCDBDBCBBADBDDABCABDDBADDACBCACADBCABACDABADDBCCBDADCBDCA,ABABACCDBCCDBDBCBBADBDADBCABDDABDDACBCACADBCABACADABDDBCBCADCDBDAC,,,6,9528,,,,,,,,,,L_T1_GTR03_33000001,,,
100193,81,,,,,,,,,,32,22,122443320000121324410000414323324207342123412330342214411314323112221122,,bb50ab34,,,,,,,,42,0,4,bb50ab34,1700,3224,,211214342443232422132331241233213314241413241214312133244231342341144331422132,BAABACDCBCCDBDBCBBADBDDABCABDDBADDACBCACADBCABACDABADDBCCBDADCBDCAACCDDACBBADB,ABABACCDBCCDBDBCBBADBDADBCABDDABDDACBCACADBCABACADABDDBCBCADCDBDACACCDADBCABBD,,,4,3224,,,,,L_T1_GTR___standard,,,,,L_T1_GTR03_33000001,,,,,41,14,211333344413212400000000121130000007423230000000432230000000334442300000,,bb40a128,,,,,,,,39,0,7,bb40a128,5120,14648,,211214342443232422132331241233213314241413241214312133244231342341,BAABACDCBCCDBDBCBBADBDDABCABDDBADDACBCACADBCABACDABADDBCCBDADCBDCA,ABABACCDBCCDBDBCBBADBDADBCABDDABDDACBCACADBCABACADABDDBCBCADCDBDAC,,,7,14648,,,,,,,,,,L_T1_GTR03_33000001,,,
100233,82,,,,,,,,,,32,22,122443320000121324410000414323324207342123423300342214231400323112222240,,bb50ab66,,,,,,,,43,0,5,bb50ab66,3300,6524,,211214342443232422132331241233213314241413241214312133244231342341144331422132,BAABACDCBCCDBDBCBBADBDDABCABDDBADDACBCACADBCABACDABADDBCCBDADCBDCAACCDDACBBADB,ABABACCDBCCDBDBCBBADBDADBCABDDABDDACBCACADBCABACADABDDBCBCADCDBDACACCDADBCABBD,,,5,6524,,,,,L_T1_GTR___standard,,,,,L_T1_GTR03_33000001,,,,,41,14,211333344413212400000000121130000007423230000000432230000000334442300000,,bb40a128,,,,,,,,39,0,7,bb40a128,5120,14648,,211214342443232422132331241233213314241413241214312133244231342341,BAABACDCBCCDBDBCBBADBDDABCABDDBADDACBCACADBCABACDABADDBCCBDADCBDCA,ABABACCDBCCDBDBCBBADBDADBCABDDABDDACBCACADBCABACADABDDBCBCADCDBDAC,,,7,14648,,,,,,,,,,L_T1_GTR03_33000001,,,
100279,83,,,,,,,,,,32,22,122443320000121324410000414323324207342123423300342214231400323112222240,,bb50ab66,,,,,,,,43,0,5,bb50ab66,3300,6524,,211214342443232422132331241233213314241413241214312133244231342341144331422132,BAABACDCBCCDBDBCBBADBDDABCABDDBADDACBCACADBCABACDABADDBCCBDADCBDCAACCDDACBBADB,ABABACCDBCCDBDBCBBADBDADBCABDDABDDACBCACADBCABACADABDDBCBCADCDBDACACCDADBCABBD,,,5,6524,,,,,L_T1_GTR___standard,,,,,L_T1_GTR03_33000001,,,,,41,14,211444130000212400000000121130000007423230000000432230000000334442300000,,bb40a160,,,,,,,,40,0,8,bb40a160,6400,21048,,211214342443232422132331241233213314241413241214312133244231342341,BAABACDCBCCDBDBCBBADBDDABCABDDBADDACBCACADBCABACDABADDBCCBDADCBDCA,ABABACCDBCCDBDBCBBADBDADBCABDDABDDACBCACADBCABACADABDDBCBCADCDBDAC,,,8,21048,,,,,,,,,,L_T1_GTR03_33000001,,,
100320,84,,,,,,,,,,32,22,122443320000121324410000414323324207342123423300342214431400323114000000,,bb40ab96,,,,,,,,44,0,6,bb40ab96,3840,10364,,211214342443232422132331241233213314241413241214312133244231342341144331422132,BAABACDCBCCDBDBCBBADBDDABCABDDBADDACBCACADBCABACDABADDBCCBDADCBDCAACCDDACBBADB,ABABACCDBCCDBDBCBBADBDADBCABDDABDDACBCACADBCABACADABDDBCBCADCDBDACACCDADBCABBD,,,6,10364,,,,,L_T1_GTR___standard,,,,,L_T1_GTR03_33000001,,,,,41,14,211444130000212400000000121130000007423230000000432230000000334442300000,,bb40a160,,,,,,,,40,0,8,bb40a160,6400,21048,,211214342443232422132331241233213314241413241214312133244231342341,BAABACDCBCCDBDBCBBADBDDABCABDDBADDACBCACADBCABACDABADDBCCBDADCBDCA,ABABACCDBCCDBDBCBBADBDADBCABDDABDDACBCACADBCABACADABDDBCBCADCDBDAC,,,8,21048,,,,,,,,,,L_T1_GTR03_33000001,,,
100363,85,,,,,,,,,,32,22,122443320000121324410000414323324207342123423300342214431400323114000000,,bb40ab96,,,,,,,,44,0,6,bb40ab96,3840,10364,,211214342443232422132331241233213314241413241214312133244231342341144331422132,BAABACDCBCCDBDBCBBADBDDABCABDDBADDACBCACADBCABACDABADDBCCBDADCBDCAACCDDACBBADB,ABABACCDBCCDBDBCBBADBDADBCABDDABDDACBCACADBCABACADABDDBCBCADCDBDACACCDADBCABBD,,,6,10364,,,,,L_T1_GTR___standard,,,,,L_T1_GTR03_33000001,,,,,41,14,211130000000212000000000121130000007423230000000432230000000334442300000,,bb40a192,,,,,,,,41,0,9,bb40a192,7680,28728,,211214342443232422132331241233213314241413241214312133244231342341,BAABACDCBCCDBDBCBBADBDDABCABDDBADDACBCACADBCABACDABADDBCCBDADCBDCA,ABABACCDBCCDBDBCBBADBDADBCABDDABDDACBCACADBCABACADABDDBCBCADCDBDAC,,,9,28728,,,,,,,,,,,,,
100403,86,,,,,,,,,,32,22,122443320000121324410000414323324207342123233000342213140000323110000000,,bb40a128,,,,,,,,45,0,7,bb40a128,5120,15484,,211214342443232422132331241233213314241413241214312133244231342341144331422132,BAABACDCBCCDBDBCBBADBDDABCABDDBADDACBCACADBCABACDABADDBCCBDADCBDCAACCDDACBBADB,ABABACCDBCCDBDBCBBADBDADBCABDDABDDACBCACADBCABACADABDDBCBCADCDBDACACCDADBCABBD,,,7,15484,,,,,L_T1_GTR___standard,,,,,L_T1_GTR03_33000001,,,,,41,14,211130000000212000000000121130000007423230000000432230000000334442300000,,bb40a192,,,,,,,,41,0,9,bb40a192,7680,28728,,211214342443232422132331241233213314241413241214312133244231342341,BAABACDCBCCDBDBCBBADBDDABCABDDBADDACBCACADBCABACDABADDBCCBDADCBDCA,ABABACCDBCCDBDBCBBADBDADBCABDDABDDACBCACADBCABACADABDDBCBCADCDBDAC,,,9,28728,,,,,,,,,,,,,
100447,87,,,,,,,,,,32,22,122443320000121324410000414323324207342123233000342213140000323110000000,,bb40a128,,,,,,,,45,0,7,bb40a128,5120,15484,,211214342443232422132331241233213314241413241214312133244231342341144331422132,BAABACDCBCCDBDBCBBADBDDABCABDDBADDACBCACADBCABACDABADDBCCBDADCBDCAACCDDACBBADB,ABABACCDBCCDBDBCBBADBDADBCABDDABDDACBCACADBCABACADABDDBCBCADCDBDACACCDADBCABBD,,,7,15484,,,,,L_T1_GTR___standard,,,,,L_T1_GTR03_33000001,,,,,41,14,230000000000220000000000121130000007423230000000432230000000334442300000,,bb50a226,,,,,,,,42,0,10,bb50a226,11300,40028,,211214342443232422132331241233213314241413241214312133244231342341,BAABACDCBCCDBDBCBBADBDDABCABDDBADDACBCACADBCABACDABADDBCCBDADCBDCA,ABABACCDBCCDBDBCBBADBDADBCABDDABDDACBCACADBCABACADABDDBCBCADCDBDAC,,,9,40028,,,,,,,,,,,,,
100485,88,,,,,,,,,,32,22,122443320000121324410000414322420007342122330000342211400000323110000000,,bb90a165,,,,,,,,46,0,8,bb90a165,14850,30334,,211214342443232422132331241233213314241413241214312133244231342341144331422132,BAABACDCBCCDBDBCBBADBDDABCABDDBADDACBCACADBCABACDABADDBCCBDADCBDCAACCDDACBBADB,ABABACCDBCCDBDBCBBADBDADBCABDDABDDACBCACADBCABACADABDDBCBCADCDBDACACCDADBCABBD,,,8,30334,,,,,L_T1_GTR___standard,,,,,L_T1_GTR03_33000001,,,,,41,14,230000000000220000000000121130000007423230000000432230000000334442300000,,bb50a226,,,,,,,,42,0,10,bb50a226,11300,40028,,211214342443232422132331241233213314241413241214312133244231342341,BAABACDCBCCDBDBCBBADBDDABCABDDBADDACBCACADBCABACDABADDBCCBDADCBDCA,ABABACCDBCCDBDBCBBADBDADBCABDDABDDACBCACADBCABACADABDDBCBCADCDBDAC,,,9,40028,,,,,,,,,,,,,
100527,89,,,,,,,,,,32,22,122443320000121324410000414322420007342122330000342211400000323110000000,,bb90a165,,,,,,,,46,0,8,bb90a165,14850,30334,,211214342443232422132331241233213314241413241214312133244231342341144331422132,BAABACDCBCCDBDBCBBADBDDABCABDDBADDACBCACADBCABACDABADDBCCBDADCBDCAACCDDACBBADB,ABABACCDBCCDBDBCBBADBDADBCABDDABDDACBCACADBCABACADABDDBCBCADCDBDACACCDADBCABBD,,,8,30334,,,,,L_T1_GTR___standard,,,,,L_T1_GTR03_33000001,,,,,41,14,300000000000000000000000111300000007432300000000432230000000334442300000,,bb40a256,,,,,,,,43,0,11,bb40a256,10240,50268,,211214342443232422132331241233213314241413241214312133244231342341,BAABACDCBCCDBDBCBBADBDDABCABDDBADDACBCACADBCABACDABADDBCCBDADCBDCA,ABABACCDBCCDBDBCBBADBDADBCABDDABDDACBCACADBCABACADABDDBCBCADCDBDAC,,,9,50268,,,,,,,,,,,,,
100567,90,,,,,,,,,,32,22,122443320000121344100000414342000007342133000000342240000000323000000000,,bb50a194,,,,,,,,47,0,9,bb50a194,9700,40034,,211214342443232422132331241233213314241413241214312133244231342341144331422132,BAABACDCBCCDBDBCBBADBDDABCABDDBADDACBCACADBCABACDABADDBCCBDADCBDCAACCDDACBBADB,ABABACCDBCCDBDBCBBADBDADBCABDDABDDACBCACADBCABACADABDDBCBCADCDBDACACCDADBCABBD,,,9,40034,,,,,L_T1_GTR___standard,,,,,L_T1_GTR03_33000001,,,,,41,14,300000000000000000000000111300000007432300000000432230000000334442300000,,bb40a256,,,,,,,,43,0,11,bb40a256,10240,50268,,211214342443232422132331241233213314241413241214312133244231342341,BAABACDCBCCDBDBCBBADBDDABCABDDBADDACBCACADBCABACDABADDBCCBDADCBDCA,ABABACCDBCCDBDBCBBADBDADBCABDDABDDACBCACADBCABACADABDDBCBCADCDBDAC,,,9,50268,,,,,,,,,,,,,
100609,91,,,,,,,,,,32,22,122443320000121344100000414342000007342133000000342240000000323000000000,,bb50a194,,,,,,,,47,0,9,bb50a194,9700,40034,,211214342443232422132331241233213314241413241214312133244231342341144331422132,BAABACDCBCCDBDBCBBADBDDABCABDDBADDACBCACADBCABACDABADDBCCBDADCBDCAACCDDACBBADB,ABABACCDBCCDBDBCBBADBDADBCABDDABDDACBCACADBCABACADABDDBCBCADCDBDACACCDADBCABBD,,,9,40034,,,,,L_T1_GTR___standard,,,,,L_T1_GTR03_33000001,,,,,41,14,300000000000000000000000111300000007423000000000422300000000444230000000,,bb50a290,,,,,,,,44,0,12,bb50a290,14500,64768,,211214342443232422132331241233213314241413241214312133244231342341,BAABACDCBCCDBDBCBBADBDDABCABDDBADDACBCACADBCABACDABADDBCCBDADCBDCA,ABABACCDBCCDBDBCBBADBDADBCABDDABDDACBCACADBCABACADABDDBCBCADCDBDAC,,,9,64768,,,,,,,,,,R_T1_GTR03_22110002,,,
100649,92,,,,,,,,,,32,22,122332000000121310000000414320000007342133000000342240000000323000000000,,bb40a224,,,,,,,,48,0,10,bb40a224,8960,48994,,211214342443232422132331241233213314241413241214312133244231342341144331422132,BAABACDCBCCDBDBCBBADBDDABCABDDBADDACBCACADBCABACDABADDBCCBDADCBDCAACCDDACBBADB,ABABACCDBCCDBDBCBBADBDADBCABDDABDDACBCACADBCABACADABDDBCBCADCDBDACACCDADBCABBD,,,9,48994,,,,,L_T1_GTR___standard,,,,,L_T1_GTR03_33000001,,,,,41,14,300000000000000000000000111300000007423000000000422300000000444230000000,,bb50a290,,,,,,,,44,0,12,bb50a290,14500,64768,,211214342443232422132331241233213314241413241214312133244231342341,BAABACDCBCCDBDBCBBADBDDABCABDDBADDACBCACADBCABACDABADDBCCBDADCBDCA,ABABACCDBCCDBDBCBBADBDADBCABDDABDDACBCACADBCABACADABDDBCBCADCDBDAC,,,9,64768,,,,,,,,,,R_T1_GTR03_22110002,,,
100692,93,,,,,,,,,,32,22,122332000000121310000000414320000007342133000000342240000000323000000000,,bb40a224,,,,,,,,48,0,10,bb40a224,8960,48994,,211214342443232422132331241233213314241413241214312133244231342341144331422132,BAABACDCBCCDBDBCBBADBDDABCABDDBADDACBCACADBCABACDABADDBCCBDADCBDCAACCDDACBBADB,ABABACCDBCCDBDBCBBADBDADBCABDDABDDACBCACADBCABACADABDDBCBCADCDBDACACCDADBCABBD,,,9,48994,,,,,L_T1_GTR___standard,,,,,L_T1_GTR03_33000001,,,,,41,14,300000000000000000000000111300000007230000000000223000000000230000000000,,bb40a320,,,,,,,,45,0,13,bb40a320,12800,77568,,211214342443232422132331241233213314241413241214312133244231342341,BAABACDCBCCDBDBCBBADBDDABCABDDBADDACBCACADBCABACDABADDBCCBDADCBDCA,ABABACCDBCCDBDBCBBADBDADBCABDDABDDACBCACADBCABACADABDDBCBCADCDBDAC,,,9,77568,,,,,,,,,,,,,
100730,94,,,,,,,,,,32,22,122200000000121100000000414200000007342133000000342240000000323000000000,,bb40a256,,,,,,,,49,0,11,bb40a256,10240,59234,,211214342443232422132331241233213314241413241214312133244231342341144331422132,BAABACDCBCCDBDBCBBADBDDABCABDDBADDACBCACADBCABACDABADDBCCBDADCBDCAACCDDACBBADB,ABABACCDBCCDBDBCBBADBDADBCABDDABDDACBCACADBCABACADABDDBCBCADCDBDACACCDADBCABBD,,,9,59234,,,,,,,,,,,,,,,41,14,300000000000000000000000111300000007230000000000223000000000230000000000,,bb40a320,,,,,,,,45,0,13,bb40a320,12800,77568,,211214342443232422132331241233213314241413241214312133244231342341,BAABACDCBCCDBDBCBBADBDDABCABDDBADDACBCACADBCABACDABADDBCCBDADCBDCA,ABABACCDBCCDBDBCBBADBDADBCABDDABDDACBCACADBCABACADABDDBCBCADCDBDAC,,,9,77568,,,,,,,,,,,,,
100786,95,,,,,,,,,,32,22,122200000000121100000000414200000007342133000000342240000000323000000000,,bb40a256,,,,,,,,49,0,11,bb40a256,10240,59234,,211214342443232422132331241233213314241413241214312133244231342341144331422132,BAABACDCBCCDBDBCBBADBDDABCABDDBADDACBCACADBCABACDABADDBCCBDADCBDCAACCDDACBBADB,ABABACCDBCCDBDBCBBADBDADBCABDDABDDACBCACADBCABACADABDDBCBCADCDBDACACCDADBCABBD,,,9,59234,,,,,,,,,,,,,,41,14,43,300000000000000000000000111300000007300000000000300000000000300000000000,,00077571,,,,,,,,46,1,0,3,3,77571,,21121434244323242213233124123321331424141324121431213324423134234114,BAABACDCBCCDBDBCBBADBDDABCABDDBADDACBCACADBCABACDABADDBCCBDADCBDCAAC,ABABACCDBCCDBDBCBBADBDADBCABDDABDDACBCACADBCABACADABDDBCBCADCDBDACAC,,,9,77571,,,,,,,,,,,,,
100817,96,,,,,,,,,,32,22,100000000000111000000000414200000007342133000000342240000000323000000000,,bb50a290,,,,,,,,50,0,12,bb50a290,14500,73734,,211214342443232422132331241233213314241413241214312133244231342341144331422132,BAABACDCBCCDBDBCBBADBDDABCABDDBADDACBCACADBCABACDABADDBCCBDADCBDCAACCDDACBBADB,ABABACCDBCCDBDBCBBADBDADBCABDDABDDACBCACADBCABACADABDDBCBCADCDBDACACCDADBCABBD,,,9,73734,,,,,,,,,,L_T1_GTR03_41100001,,,,41,14,43,300000000000000000000000111300000007300000000000300000000000300000000000,,00077571,,,,,,,,46,1,0,3,3,77571,,21121434244323242213233124123321331424141324121431213324423134234114,BAABACDCBCCDBDBCBBADBDDABCABDDBADDACBCACADBCABACDABADDBCCBDADCBDCAAC,ABABACCDBCCDBDBCBBADBDADBCABDDABDDACBCACADBCABACADABDDBCBCADCDBDACAC,,,9,77571,,,,,,,,,,,,,
100842,97,,,,,,,,,,32,22,100000000000111000000000414200000007342133000000342240000000323000000000,,bb50a290,,,,,,,,50,0,12,bb50a290,14500,73734,,211214342443232422132331241233213314241413241214312133244231342341144331422132,BAABACDCBCCDBDBCBBADBDDABCABDDBADDACBCACADBCABACDABADDBCCBDADCBDCAACCDDACBBADB,ABABACCDBCCDBDBCBBADBDADBCABDDABDDACBCACADBCABACADABDDBCBCADCDBDACACCDADBCABBD,,,9,73734,,,,,,,,,,L_T1_GTR03_41100001,,,,14,43,31,300000000000000000000000111300000007340000000000310000000000300000000000,,00077583,,,,,,,,47,2,0,12,12,77583,,2112143424432324221323312412332133142414132412143121332442313423411443,BAABACDCBCCDBDBCBBADBDDABCABDDBADDACBCACADBCABACDABADDBCCBDADCBDCAACCD,ABABACCDBCCDBDBCBBADBDADBCABDDABDDACBCACADBCABACADABDDBCBCADCDBDACACCD,,,9,77583,,,,,,,,,,,,,
100888,98,,,,,,,,,,32,22,100000000000111000000000414200000007342133000000342240000000323000000000,,bb50a290,,,,,,,,50,0,12,bb50a290,14500,73734,,211214342443232422132331241233213314241413241214312133244231342341144331422132,BAABACDCBCCDBDBCBBADBDDABCABDDBADDACBCACADBCABACDABADDBCCBDADCBDCAACCDDACBBADB,ABABACCDBCCDBDBCBBADBDADBCABDDABDDACBCACADBCABACADABDDBCBCADCDBDACACCDADBCABBD,,,9,73734,,,,,,,,,,L_T1_GTR03_41100001,,,,43,31,42,300000000000000000000000111300000007344100000000310000000000300000000000,,00077593,,,,,,,,48,3,0,10,10,77593,,211214342443232422132331241233213314241413241214312133244231342341144331,BAABACDCBCCDBDBCBBADBDDABCABDDBADDACBCACADBCABACDABADDBCCBDADCBDCAACCDDA,ABABACCDBCCDBDBCBBADBDADBCABDDABDDACBCACADBCABACADABDDBCBCADCDBDACACCDAD,,,9,77593,,,,,,,,,,,,,
100899,99,,,,,,,,,,32,22,000000000000000000000000442000000007342133000000342240000000323000000000,,bb80a323,,,,,,,,51,0,13,bb80a323,25840,99574,,211214342443232422132331241233213314241413241214312133244231342341144331422132,BAABACDCBCCDBDBCBBADBDDABCABDDBADDACBCACADBCABACDABADDBCCBDADCBDCAACCDDACBBADB,ABABACCDBCCDBDBCBBADBDADBCABDDABDDACBCACADBCABACADABDDBCBCADCDBDACACCDADBCABBD,,,9,99574,,,,,,,,,,,,,,43,31,42,300000000000000000000000111300000007344100000000310000000000300000000000,,00077593,,,,,,,,48,3,0,10,10,77593,,211214342443232422132331241233213314241413241214312133244231342341144331,BAABACDCBCCDBDBCBBADBDDABCABDDBADDACBCACADBCABACDABADDBCCBDADCBDCAACCDDA,ABABACCDBCCDBDBCBBADBDADBCABDDABDDACBCACADBCABACADABDDBCBCADCDBDACACCDAD,,,9,77593,,,,,,,,,,,,,
100941,100,,,,,,,,,,32,22,000000000000000000000000442000000007342133000000342240000000323000000000,,bb80a323,,,,,,,,51,0,13,bb80a323,25840,99574,,211214342443232422132331241233213314241413241214312133244231342341144331422132,BAABACDCBCCDBDBCBBADBDDABCABDDBADDACBCACADBCABACDABADDBCCBDADCBDCAACCDDACBBADB,ABABACCDBCCDBDBCBBADBDADBCABDDABDDACBCACADBCABACADABDDBCBCADCDBDACACCDADBCABBD,,,9,99574,,,,,,,,,,,,,,31,42,21,300000000000000000000000111300000007344100000000314300000000300000000000,,00077604,,,,,,,,49,4,0,11,11,77604,,21121434244323242213233124123321331424141324121431213324423134234114433142,BAABACDCBCCDBDBCBBADBDDABCABDDBADDACBCACADBCABACDABADDBCCBDADCBDCAACCDDACB,ABABACCDBCCDBDBCBBADBDADBCABDDABDDACBCACADBCABACADABDDBCBCADCDBDACACCDADBC,,,9,77604,,,,,,,,,,,,,
100984,101,,,,,,,,,,32,22,000000000000000000000000442000000007342133000000342240000000323000000000,,bb80a323,,,,,,,,51,0,13,bb80a323,25840,99574,,211214342443232422132331241233213314241413241214312133244231342341144331422132,BAABACDCBCCDBDBCBBADBDDABCABDDBADDACBCACADBCABACDABADDBCCBDADCBDCAACCDDACBBADB,ABABACCDBCCDBDBCBBADBDADBCABDDABDDACBCACADBCABACADABDDBCBCADCDBDACACCDADBCABBD,,,9,99574,,,,,,,,,,,,,,42,21,32,300000000000000000000000111330000007344110000000314300000000300000000000,,00077613,,,,,,,,50,5,0,9,9,77613,,2112143424432324221323312412332133142414132412143121332442313423411443314221,BAABACDCBCCDBDBCBBADBDDABCABDDBADDACBCACADBCABACDABADDBCCBDADCBDCAACCDDACBBA,ABABACCDBCCDBDBCBBADBDADBCABDDABDDACBCACADBCABACADABDDBCBCADCDBDACACCDADBCAB,,,9,77613,,,,,,,,,,,,,
100992,102,,,,,,,,,32,22,32,000000000000000000000000000000000007313300000000340000000000323000000000,,00099577,,,,,,,,52,1,0,3,3,99577,,21121434244323242213233124123321331424141324121431213324423134234114433142213222,BAABACDCBCCDBDBCBBADBDDABCABDDBADDACBCACADBCABACDABADDBCCBDADCBDCAACCDDACBBADBBB,ABABACCDBCCDBDBCBBADBDADBCABDDABDDACBCACADBCABACADABDDBCBCADCDBDACACCDADBCABBDBB,,,9,99577,,,,,,,,,,,,,,42,21,32,300000000000000000000000111330000007344110000000314300000000300000000000,,00077613,,,,,,,,50,5,0,9,9,77613,,2112143424432324221323312412332133142414132412143121332442313423411443314221,BAABACDCBCCDBDBCBBADBDDABCABDDBADDACBCACADBCABACDABADDBCCBDADCBDCAACCDDACBBA,ABABACCDBCCDBDBCBBADBDADBCABDDABDDACBCACADBCABACADABDDBCBCADCDBDACACCDADBCAB,,,9,77613,,,,,,,,,,,,,
101042,103,,,,,,,,,22,32,42,000000000000000000000000000000000007313300000000340000000000323320000000,,00099587,,,,,,,,53,2,0,10,10,99587,,2112143424432324221323312412332133142414132412143121332442313423411443314221322232,BAABACDCBCCDBDBCBBADBDDABCABDDBADDACBCACADBCABACDABADDBCCBDADCBDCAACCDDACBBADBBBDB,ABABACCDBCCDBDBCBBADBDADBCABDDABDDACBCACADBCABACADABDDBCBCADCDBDACACCDADBCABBDBBBD,,,9,99587,,,,,,,,,,,,,,42,21,32,300000000000000000000000111330000007344110000000314300000000300000000000,,00077613,,,,,,,,50,5,0,9,9,77613,,2112143424432324221323312412332133142414132412143121332442313423411443314221,BAABACDCBCCDBDBCBBADBDDABCABDDBADDACBCACADBCABACDABADDBCCBDADCBDCAACCDDACBBA,ABABACCDBCCDBDBCBBADBDADBCABDDABDDACBCACADBCABACADABDDBCBCADCDBDACACCDADBCAB,,,9,77613,,,,,,,,,,,,,
101086,104,,,,,,,,,32,42,43,000000000000000000000000000000000007313300000000340000000000323322200000,,00099594,,,,,,,,54,3,0,7,7,99594,,211214342443232422132331241233213314241413241214312133244231342341144331422132223242,BAABACDCBCCDBDBCBBADBDDABCABDDBADDACBCACADBCABACDABADDBCCBDADCBDCAACCDDACBBADBBBDBCB,ABABACCDBCCDBDBCBBADBDADBCABDDABDDACBCACADBCABACADABDDBCBCADCDBDACACCDADBCABBDBBBDBC,,,9,99594,,,,,,,,,,,,,,42,21,32,300000000000000000000000111330000007344110000000314300000000300000000000,,00077613,,,,,,,,50,5,0,9,9,77613,,2112143424432324221323312412332133142414132412143121332442313423411443314221,BAABACDCBCCDBDBCBBADBDDABCABDDBADDACBCACADBCABACDABADDBCCBDADCBDCAACCDDACBBA,ABABACCDBCCDBDBCBBADBDADBCABDDABDDACBCACADBCABACADABDDBCBCADCDBDACACCDADBCAB,,,9,77613,,,,,,,,,,,,,
101095,105,,,,,,,,,32,42,43,000000000000000000000000000000000007313300000000340000000000323322200000,,00099594,,,,,,,,54,3,0,7,7,99594,,211214342443232422132331241233213314241413241214312133244231342341144331422132223242,BAABACDCBCCDBDBCBBADBDDABCABDDBADDACBCACADBCABACDABADDBCCBDADCBDCAACCDDACBBADBBBDBCB,ABABACCDBCCDBDBCBBADBDADBCABDDABDDACBCACADBCABACADABDDBCBCADCDBDACACCDADBCABBDBBBDBC,,,9,99594,,,,,,,,,,,,,,,21,32,366666000000666660000000111334266666344116666600314366666000366666000000,,00077621,,,,,lose,,,51,5,0,8,8,77621,,2112143424432324221323312412332133142414132412143121332442313423411443314221,BAABACDCBCCDBDBCBBADBDDABCABDDBADDACBCACADBCABACDABADDBCCBDADCBDCAACCDDACBBA,ABABACCDBCCDBDBCBBADBDADBCABDDABDDACBCACADBCABACADABDDBCBCADCDBDACACCDADBCAB,,,9,77621,,,,,,,,,,,,,
101103,105,,,,,,,,,,42,43,000000000000000000000000000000000007313300000000340000000000323322203200,,00099597,,,,,win,,,55,3,0,3,3,99597,,211214342443232422132331241233213314241413241214312133244231342341144331422132223242,BAABACDCBCCDBDBCBBADBDDABCABDDBADDACBCACADBCABACDABADDBCCBDADCBDCAACCDDACBBADBBBDBCB,ABABACCDBCCDBDBCBBADBDADBCABDDABDDACBCACADBCABACADABDDBCBCADCDBDACACCDADBCABBDBBBDBC,,,9,99597,,,,,,,,,,,,,,,21,32,366666000000666660000000111334266666344116666600314366666000366666000000,,00077621,,,,,lose,,,51,5,0,8,8,77621,,2112143424432324221323312412332133142414132412143121332442313423411443314221,BAABACDCBCCDBDBCBBADBDDABCABDDBADDACBCACADBCABACDABADDBCCBDADCBDCAACCDDACBBA,ABABACCDBCCDBDBCBBADBDADBCABDDABDDACBCACADBCABACADABDDBCBCADCDBDACACCDADBCAB,,,9,77621,,,,,,,,,,,,,
