90013,0,,,,,,,,,,32,22,000000000000000000000000000000000007000000000000000000000000000000000000,000000,00000000,,,,,,,,0,0,0,0,0,0,,32,AB,AB,,,0,0,,,,,,,,,,,,,,,32,22,000000000000000000000000000000000007000000000000000000000000000000000000,000000,00000000,,,,,,,,0,0,0,0,0,0,,32,AB,AB,,,0,0,,,,,,,,,,,,,
90164,2,,,,,,,,,32,22,54,000000000000000000000000000000000007000000000000000000000000000000000000,,00000000,,,,,,,,1,1,0,0,0,0,,3222,BAAA,ABAA,,,0,0,,,,,,,,,,,,,,32,22,54,000000000000000000000000000000000007000000000000000000000000000000000000,,00000000,,,,,,,,1,1,0,0,0,0,,3222,BAAA,ABAA,,,0,0,,,,,,,,,,,,,
90214,4,,,,,,,,,22,54,34,000000000000000000000000320000000007000000000000000000000000000000000000,,00000013,,,,,,,,2,2,0,13,13,13,,322254,BAAACD,ABAACD,,,0,13,,,,,,,,,,,,,,22,54,34,000000000000000000000000320000000007000000000000000000000000000000000000,,00000013,,,,,,,,2,2,0,13,13,13,,322254,BAAACD,ABAACD,,,0,13,,,,,,,,,,,,,
90265,6,,,,,,,,,54,34,55,200000000000200000000000320000000007000000000000000000000000000000000000,,00000026,,,,,,,,3,3,0,13,13,26,,32225434,BAAADCBC,ABAACDBC,,,0,26,,,,,,,,,,,,,,54,34,55,200000000000200000000000320000000007000000000000000000000000000000000000,,00000026,,,,,,,,3,3,0,13,13,26,,32225434,BAAADCBC,ABAACDBC,,,0,26,,,,,,,,,,,,,
90321,8,,,,,,,,,34,55,53,200000000000200000000000320000000007000000000000400000000000500000000000,,00000039,,,,,,,,4,4,0,13,13,39,,3222543455,BAAADCBCDD,ABAACDBCDD,,,0,39,,,,,,,,,,,,,,34,55,53,200000000000200000000000320000000007000000000000400000000000500000000000,,00000039,,,,,,,,4,4,0,13,13,39,,3222543455,BAAADCBCDD,ABAACDBCDD,,,0,39,,,,,,,,,,,,,
90372,10,,,,,,,,,55,53,32,200000000000200000000000320000000007430000000000400000000000500000000000,,00000051,,,,,,,,5,5,0,12,12,51,,322254345553,BAAADCBCDDDB,ABAACDBCDDBD,,,0,51,,,,,,,,,,,,,,55,53,32,200000000000200000000000320000000007430000000000400000000000500000000000,,00000051,,,,,,,,5,5,0,12,12,51,,322254345553,BAAADCBCDDDB,ABAACDBCDDBD,,,0,51,,,,,,,,,,,,,
90422,12,,,,,,,,,53,32,43,250000000000250000000000320000000007430000000000400000000000500000000000,,00000063,,,,,,,,6,6,0,12,12,63,,32225434555332,BAAADCBCDDDBBA,ABAACDBCDDBDAB,,,0,63,,,,,,,,,,,,,,53,32,43,250000000000250000000000320000000007430000000000400000000000500000000000,,00000063,,,,,,,,6,6,0,12,12,63,,32225434555332,BAAADCBCDDDBBA,ABAACDBCDDBDAB,,,0,63,,,,,,,,,,,,,
90476,14,,,,,,,,,32,43,42,250000000000250000000000320000000007430000000000430000000000550000000000,,00000075,,,,,,,,7,7,0,12,12,75,,3222543455533243,BAAADCBCDDDBBACB,ABAACDBCDDBDABBC,,,0,75,,,,,,,,,,,,,,32,43,42,250000000000250000000000320000000007430000000000430000000000550000000000,,00000075,,,,,,,,7,7,0,12,12,75,,3222543455533243,BAAADCBCDDDBBACB,ABAACDBCDDBDABBC,,,0,75,,,,,,,,,,,,,
90522,16,,,,,,,,,43,42,34,250000000000252000000000323000000007430000000000430000000000550000000000,,00000086,,,,,,,,8,8,0,11,11,86,,322254345553324342,BAAADCBCDDDBBACBCA,ABAACDBCDDBDABBCAC,,,0,86,,,,,L_T1_GTR___hekomi__,,,,,,,,,43,42,34,250000000000252000000000323000000007430000000000430000000000550000000000,,00000086,,,,,,,,8,8,0,11,11,86,,322254345553324342,BAAADCBCDDDBBACBCA,ABAACDBCDDBDABBCAC,,,0,86,,,,,L_T1_GTR___hekomi__,,,,,,,,
90566,17,,,,,,,,,42,34,25,250000000000252430000000323000000007430000000000430000000000550000000000,,00000096,,,,,,,,9,9,0,10,10,96,,32225434555332434234,BAAADCBCDDDBBACBCABC,ABAACDBCDDBDABBCACBC,,,0,96,,,,,L_T1_GTR___hekomi__,,,,,,,,,43,42,34,250000000000252000000000323000000007430000000000430000000000550000000000,,00000086,,,,,,,,8,8,0,11,11,86,,322254345553324342,BAAADCBCDDDBBACBCA,ABAACDBCDDBDABBCAC,,,0,86,,,,,L_T1_GTR___hekomi__,,,,,,,,
90574,18,,,,,,,,,42,34,25,250000000000252430000000323000000007430000000000430000000000550000000000,,00000096,,,,,,,,9,9,0,10,10,96,,32225434555332434234,BAAADCBCDDDBBACBCABC,ABAACDBCDDBDABBCACBC,,,0,96,,,,,L_T1_GTR___hekomi__,,,,,,,,,42,34,25,250000000000252000000000323000000007430000000000433000000000554000000000,,00000097,,,,,,,,9,9,0,11,11,97,,32225434555332434234,BAAADCBCDDDBBACBCABC,ABAACDBCDDBDABBCACBC,,,0,97,,,,,L_T1_GTR___hekomi__,,,,,,,,
90618,19,,,,,,,,,34,25,25,250000000000252430000000323000000007430000000000430000000000554200000000,,00000107,,,,,,,,10,10,0,11,11,107,,3222543455533243423425,BAAADCBCDDDBBACBCABCAD,ABAACDBCDDBDABBCACBCAD,,,0,107,,,,,L_T1_GTR___hekomi__,,,,,,,,,42,34,25,250000000000252000000000323000000007430000000000433000000000554000000000,,00000097,,,,,,,,9,9,0,11,11,97,,32225434555332434234,BAAADCBCDDDBBACBCABC,ABAACDBCDDBDABBCACBC,,,0,97,,,,,L_T1_GTR___hekomi__,,,,,,,,
90624,20,,,,,,,,,34,25,25,250000000000252430000000323000000007430000000000430000000000554200000000,,00000107,,,,,,,,10,10,0,11,11,107,,3222543455533243423425,BAAADCBCDDDBBACBCABCAD,ABAACDBCDDBDABBCACBCAD,,,0,107,,,,,L_T1_GTR___hekomi__,,,,,,,,,34,25,25,250000000000252000000000323000000007430000000000433000000000554420000000,,00000107,,,,,,,,10,10,0,10,10,107,,3222543455533243423425,BAAADCBCDDDBBACBCABCAD,ABAACDBCDDBDABBCACBCAD,,,0,107,,,,,L_T1_GTR___hekomi__,,,,,,,,
90660,21,,,,,,,,,25,25,35,250000000000252430000000323430000007430000000000430000000000554200000000,,00000116,,,,,,,,11,11,0,9,9,116,,322254345553324342342525,BAAADCBCDDDBBACBCABCADAD,ABAACDBCDDBDABBCACBCADAD,,,0,116,,,,,L_T1_GTR___hekomi__,,,,,,,,,34,25,25,250000000000252000000000323000000007430000000000433000000000554420000000,,00000107,,,,,,,,10,10,0,10,10,107,,3222543455533243423425,BAAADCBCDDDBBACBCABCAD,ABAACDBCDDBDABBCACBCAD,,,0,107,,,,,L_T1_GTR___hekomi__,,,,,,,,
90668,22,,,,,,,,,25,25,35,250000000000252430000000323430000007430000000000430000000000554200000000,,00000116,,,,,,,,11,11,0,9,9,116,,322254345553324342342525,BAAADCBCDDDBBACBCABCADAD,ABAACDBCDDBDABBCACBCADAD,,,0,116,,,,,L_T1_GTR___hekomi__,,,,,,,,,25,25,35,250000000000252430000000323000000007430000000000433000000000554420000000,,00000116,,,,,,,,11,11,0,9,9,116,,322254345553324342342525,BAAADCBCDDDBBACBCABCADAD,ABAACDBCDDBDABBCACBCADAD,,,0,116,,,,,L_T1_GTR___hekomi__,,,,,,,,
90706,23,,,,,,,,,25,35,24,250000000000252430000000323430000007435200000000430000000000554200000000,,00000126,,,,,,,,12,12,0,10,10,126,,32225434555332434234252535,BAAADCBCDDDBBACBCABCADADBD,ABAACDBCDDBDABBCACBCADADBD,,,0,126,,,,,L_T1_GTR___hekomi__,,,,,,,,,25,25,35,250000000000252430000000323000000007430000000000433000000000554420000000,,00000116,,,,,,,,11,11,0,9,9,116,,322254345553324342342525,BAAADCBCDDDBBACBCABCADAD,ABAACDBCDDBDABBCACBCADAD,,,0,116,,,,,L_T1_GTR___hekomi__,,,,,,,,
90714,24,,,,,,,,,25,35,24,250000000000252430000000323430000007435200000000430000000000554200000000,,00000126,,,,,,,,12,12,0,10,10,126,,32225434555332434234252535,BAAADCBCDDDBBACBCABCADADBD,ABAACDBCDDBDABBCACBCADADBD,,,0,126,,,,,L_T1_GTR___hekomi__,,,,,,,,,25,35,24,250000000000252430000000323000000007435200000000433000000000554420000000,,00000126,,,,,,,,12,12,0,10,10,126,,32225434555332434234252535,BAAADCBCDDDBBACBCABCADADBD,ABAACDBCDDBDABBCACBCADADBD,,,0,126,,,,,L_T1_GTR___hekomi__,,,,,,,,
90760,25,,,,,,,,,25,35,24,250000000000252430000000323430000007435200000000430000000000554200000000,,00000126,,,,,,,,12,12,0,10,10,126,,32225434555332434234252535,BAAADCBCDDDBBACBCABCADADBD,ABAACDBCDDBDABBCACBCADADBD,,,0,126,,,,,L_T1_GTR___hekomi__,,,,,,,,,35,24,34,250000000000252430000000323000000007435200000000433520000000554420000000,,00000135,,,,,,,,13,13,0,9,9,135,,3222543455533243423425253524,BAAADCBCDDDBBACBCABCADADBDAC,ABAACDBCDDBDABBCACBCADADBDAC,,,0,135,,,,,L_T1_GTR___hekomi__,,,,,,,,
90778,26,,,,,,,,,35,24,34,250000000000252430000000323430000007435200000000435000000000554220000000,,00000135,,,,,,,,13,13,0,9,9,135,,3222543455533243423425253524,BAAADCBCDDDBBACBCABCADADBDAC,ABAACDBCDDBDABBCACBCADADBDAC,,,0,135,,,,,L_T1_GTR___hekomi__,,,,,,,,,35,24,34,250000000000252430000000323000000007435200000000433520000000554420000000,,00000135,,,,,,,,13,13,0,9,9,135,,3222543455533243423425253524,BAAADCBCDDDBBACBCABCADADBDAC,ABAACDBCDDBDABBCACBCADADBDAC,,,0,135,,,,,L_T1_GTR___hekomi__,,,,,,,,
90808,27,,,,,,,,,35,24,34,250000000000252430000000323430000007435200000000435000000000554220000000,,00000135,,,,,,,,13,13,0,9,9,135,,3222543455533243423425253524,BAAADCBCDDDBBACBCABCADADBDAC,ABAACDBCDDBDABBCACBCADADBDAC,,,0,135,,,,,L_T1_GTR___hekomi__,,,,,,,,,24,34,24,255300000000252430000000323000000007435200000000433520000000554420000000,,00000145,,,,,,,,14,14,0,10,10,145,,322254345553324342342525352434,BAAADCBCDDDBBACBCABCADADBDACBC,ABAACDBCDDBDABBCACBCADADBDACBC,,,0,145,,,,,L_T1_GTR___standard,,,,,L_T1_GTR03_33000001,,,
90848,28,,,,,,,,,24,34,24,255000000000252433000000323430000007435200000000435000000000554220000000,,00000143,,,,,,,,14,14,0,8,8,143,,322254345553324342342525352434,BAAADCBCDDDBBACBCABCADADBDACBC,ABAACDBCDDBDABBCACBCADADBDACBC,,,0,143,,,,,L_T1_GTR___standard,,,,,L_T1_GTR03_33000001,,,,24,34,24,255300000000252430000000323000000007435200000000433520000000554420000000,,00000145,,,,,,,,14,14,0,10,10,145,,322254345553324342342525352434,BAAADCBCDDDBBACBCABCADADBDACBC,ABAACDBCDDBDABBCACBCADADBDACBC,,,0,145,,,,,L_T1_GTR___standard,,,,,L_T1_GTR03_33000001,,,
90874,29,,,,,,,,,24,34,24,255000000000252433000000323430000007435200000000435000000000554220000000,,00000143,,,,,,,,14,14,0,8,8,143,,322254345553324342342525352434,BAAADCBCDDDBBACBCABCADADBDACBC,ABAACDBCDDBDABBCACBCADADBDACBC,,,0,143,,,,,L_T1_GTR___standard,,,,,L_T1_GTR03_33000001,,,,34,24,35,255300000000252432000000323400000007435200000000433520000000554420000000,,00000153,,,,,,,,15,15,0,8,8,153,,32225434555332434234252535243424,BAAADCBCDDDBBACBCABCADADBDACBCAC,ABAACDBCDDBDABBCACBCADADBDACBCAC,,,0,153,,,,,L_T1_GTR___standard,,,,,L_T1_GTR03_33000001,,,
90896,30,,,,,,,,,34,24,35,255000000000252433000000323430000007435200000000435420000000554220000000,,00000152,,,,,,,,15,15,0,9,9,152,,32225434555332434234252535243424,BAAADCBCDDDBBACBCABCADADBDACBCAC,ABAACDBCDDBDABBCACBCADADBDACBCAC,,,0,152,,,,,L_T1_GTR___standard,,,,,L_T1_GTR03_33000001,,,,34,24,35,255300000000252432000000323400000007435200000000433520000000554420000000,,00000153,,,,,,,,15,15,0,8,8,153,,32225434555332434234252535243424,BAAADCBCDDDBBACBCABCADADBDACBCAC,ABAACDBCDDBDABBCACBCADADBDACBCAC,,,0,153,,,,,L_T1_GTR___standard,,,,,L_T1_GTR03_33000001,,,
90919,31,,,,,,,,,34,24,35,255000000000252433000000323430000007435200000000435420000000554220000000,,00000152,,,,,,,,15,15,0,9,9,152,,32225434555332434234252535243424,BAAADCBCDDDBBACBCABCADADBDACBCAC,ABAACDBCDDBDABBCACBCADADBDACBCAC,,,0,152,,,,,L_T1_GTR___standard,,,,,L_T1_GTR03_33000001,,,,24,35,34,255334000000252432000000323400000007435200000000433520000000554420000000,,00000162,,,,,,,,16,16,0,9,9,162,,3222543455533243423425253524342435,BAAADCBCDDDBBACBCABCADADBDACBCACBD,ABAACDBCDDBDABBCACBCADADBDACBCACBD,,,0,162,,,,,L_T1_GTR___standard,,,,,L_T1_GTR03_33000001,,,
90934,32,,,,,,,,,24,35,34,255000000000252433000000323434300007435200000000435420000000554220000000,,00000159,,,,,,,,16,16,0,7,7,159,,3222543455533243423425253524342435,BAAADCBCDDDBBACBCABCADADBDACBCACBD,ABAACDBCDDBDABBCACBCADADBDACBCACBD,,,0,159,,,,,L_T1_GTR___standard,,,,,L_T1_GTR03_33000001,,,,24,35,34,255334000000252432000000323400000007435200000000433520000000554420000000,,00000162,,,,,,,,16,16,0,9,9,162,,3222543455533243423425253524342435,BAAADCBCDDDBBACBCABCADADBDACBCACBD,ABAACDBCDDBDABBCACBCADADBDACBCACBD,,,0,162,,,,,L_T1_GTR___standard,,,,,L_T1_GTR03_33000001,,,
90960,33,,,,,,,,,24,35,34,255000000000252433000000323434300007435200000000435420000000554220000000,,00000159,,,,,,,,16,16,0,7,7,159,,3222543455533243423425253524342435,BAAADCBCDDDBBACBCABCADADBDACBCACBD,ABAACDBCDDBDABBCACBCADADBDACBCACBD,,,0,159,,,,,L_T1_GTR___standard,,,,,L_T1_GTR03_33000001,,,,35,34,34,255334000000252432000000323442000007435200000000433520000000554420000000,,00000170,,,,,,,,17,17,0,8,8,170,,322254345553324342342525352434243534,BAAADCBCDDDBBACBCABCADADBDACBCACBDBC,ABAACDBCDDBDABBCACBCADADBDACBCACBDBC,,,0,170,,,,,L_T1_GTR___standard,,,,,L_T1_GTR03_33000001,,,
90980,34,,,,,,,,,35,34,34,255420000000252433000000323434300007435200000000435420000000554220000000,,00000168,,,,,,,,17,17,0,9,9,168,,322254345553324342342525352434243534,BAAADCBCDDDBBACBCABCADADBDACBCACBDBC,ABAACDBCDDBDABBCACBCADADBDACBCACBDBC,,,0,168,,,,,L_T1_GTR___standard/L_T1_GTR___zabuton_,,,,,L_T1_GTR03_33000001,,,,35,34,34,255334000000252432000000323442000007435200000000433520000000554420000000,,00000170,,,,,,,,17,17,0,8,8,170,,322254345553324342342525352434243534,BAAADCBCDDDBBACBCABCADADBDACBCACBDBC,ABAACDBCDDBDABBCACBCADADBDACBCACBDBC,,,0,170,,,,,L_T1_GTR___standard,,,,,L_T1_GTR03_33000001,,,
91004,35,,,,,,,,,35,34,34,255420000000252433000000323434300007435200000000435420000000554220000000,,00000168,,,,,,,,17,17,0,9,9,168,,322254345553324342342525352434243534,BAAADCBCDDDBBACBCABCADADBDACBCACBDBC,ABAACDBCDDBDABBCACBCADADBDACBCACBDBC,,,0,168,,,,,L_T1_GTR___standard/L_T1_GTR___zabuton_,,,,,L_T1_GTR03_33000001,,,,34,34,42,255334000000252432000000323442000007435235000000433520000000554420000000,,00000179,,,,,,,,18,18,0,9,9,179,,32225434555332434234252535243424353434,BAAADCBCDDDBBACBCABCADADBDACBCACBDBCBC,ABAACDBCDDBDABBCACBCADADBDACBCACBDBCBC,,,0,179,,,,,L_T1_GTR___standard,,,,,L_T1_GTR03_33000001,,,
91026,36,,,,,,,,,34,34,42,255420000000252433000000323434300007435200000000435420000000554223500000,,00000176,,,,,,,,18,18,0,8,8,176,,32225434555332434234252535243424353434,BAAADCBCDDDBBACBCABCADADBDACBCACBDBCBC,ABAACDBCDDBDABBCACBCADADBDACBCACBDBCBC,,,0,176,,,,,L_T1_GTR___standard/L_T1_GTR___zabuton_,,,,,L_T1_GTR03_33000001,,,,34,34,42,255334000000252432000000323442000007435235000000433520000000554420000000,,00000179,,,,,,,,18,18,0,9,9,179,,32225434555332434234252535243424353434,BAAADCBCDDDBBACBCABCADADBDACBCACBDBCBC,ABAACDBCDDBDABBCACBCADADBDACBCACBDBCBC,,,0,179,,,,,L_T1_GTR___standard,,,,,L_T1_GTR03_33000001,,,
91044,37,,,,,,,,,34,34,42,255420000000252433000000323434300007435200000000435420000000554223500000,,00000176,,,,,,,,18,18,0,8,8,176,,32225434555332434234252535243424353434,BAAADCBCDDDBBACBCABCADADBDACBCACBDBCBC,ABAACDBCDDBDABBCACBCADADBDACBCACBDBCBC,,,0,176,,,,,L_T1_GTR___standard/L_T1_GTR___zabuton_,,,,,L_T1_GTR03_33000001,,,,34,42,52,255334400000252432300000323442000007435235000000433520000000554420000000,,00000186,,,,,,,,19,19,0,7,7,186,,3222543455533243423425253524342435343442,BAAADCBCDDDBBACBCABCADADBDACBCACBDBCBCCA,ABAACDBCDDBDABBCACBCADADBDACBCACBDBCBCAC,,,0,186,,,,,L_T1_GTR___standard,,,,,L_T1_GTR03_33000001,,,
91068,38,,,,,,,,,34,42,52,255420000000252433000000323434300007435243000000435420000000554223500000,,00000184,,,,,,,,19,19,0,8,8,184,,3222543455533243423425253524342435343442,BAAADCBCDDDBBACBCABCADADBDACBCACBDBCBCCA,ABAACDBCDDBDABBCACBCADADBDACBCACBDBCBCAC,,,0,184,,,,,L_T1_GTR___standard/L_T1_GTR___zabuton_,,,,,L_T1_GTR03_33000001,,,,34,42,52,255334400000252432300000323442000007435235000000433520000000554420000000,,00000186,,,,,,,,19,19,0,7,7,186,,3222543455533243423425253524342435343442,BAAADCBCDDDBBACBCABCADADBDACBCACBDBCBCCA,ABAACDBCDDBDABBCACBCADADBDACBCACBDBCBCAC,,,0,186,,,,,L_T1_GTR___standard,,,,,L_T1_GTR03_33000001,,,
91082,39,,,,,,,,,34,42,52,255420000000252433000000323434300007435243000000435420000000554223500000,,00000184,,,,,,,,19,19,0,8,8,184,,3222543455533243423425253524342435343442,BAAADCBCDDDBBACBCABCADADBDACBCACBDBCBCCA,ABAACDBCDDBDABBCACBCADADBDACBCACBDBCBCAC,,,0,184,,,,,L_T1_GTR___standard/L_T1_GTR___zabuton_,,,,,L_T1_GTR03_33000001,,,,42,52,45,255334440000252432330000323442000007435235000000433520000000554420000000,,00000192,,,,,,,,20,20,0,6,6,192,,322254345553324342342525352434243534344252,BAAADCBCDDDBBACBCABCADADBDACBCACBDBCBCCADA,ABAACDBCDDBDABBCACBCADADBDACBCACBDBCBCACAD,,,0,192,,,,,L_T1_GTR___standard,,,,,L_T1_GTR03_33000001,,,
91118,40,,,,,,,,,34,42,52,255420000000252433000000323434300007435243000000435420000000554223500000,,00000184,,,,,,,,19,19,0,8,8,184,,3222543455533243423425253524342435343442,BAAADCBCDDDBBACBCABCADADBDACBCACBDBCBCCA,ABAACDBCDDBDABBCACBCADADBDACBCACBDBCBCAC,,,0,184,,,,,L_T1_GTR___standard/L_T1_GTR___zabuton_,,,,,L_T1_GTR03_33000001,,,,52,45,25,255334442000252432334000323442000007435235000000433520000000554420000000,,00000197,,,,,,,,21,21,0,5,5,197,,32225434555332434234252535243424353434425245,BAAADCBCDDDBBACBCABCADADBDACBCACBDBCBCCADACD,ABAACDBCDDBDABBCACBCADADBDACBCACBDBCBCACADCD,,,0,197,,,,,L_T1_GTR___standard,,,,,L_T1_GTR03_33000001,,,
91134,41,,,,,,,,,42,52,45,255420000000252433000000323434300007435243400000435423000000554223500000,,00000191,,,,,,,,20,20,0,7,7,191,,322254345553324342342525352434243534344252,BAAADCBCDDDBBACBCABCADADBDACBCACBDBCBCCADA,ABAACDBCDDBDABBCACBCADADBDACBCACBDBCBCACAD,,,0,191,,,,,L_T1_GTR___standard/L_T1_GTR___zabuton_,,,,,L_T1_GTR03_33000001,,,,52,45,25,255334442000252432334000323442000007435235000000433520000000554420000000,,00000197,,,,,,,,21,21,0,5,5,197,,32225434555332434234252535243424353434425245,BAAADCBCDDDBBACBCABCADADBDACBCACBDBCBCCADACD,ABAACDBCDDBDABBCACBCADADBDACBCACBDBCBCACADCD,,,0,197,,,,,L_T1_GTR___standard,,,,,L_T1_GTR03_33000001,,,
91158,42,,,,,,,,,42,52,45,255420000000252433000000323434300007435243400000435423000000554223500000,,00000191,,,,,,,,20,20,0,7,7,191,,322254345553324342342525352434243534344252,BAAADCBCDDDBBACBCABCADADBDACBCACBDBCBCCADA,ABAACDBCDDBDABBCACBCADADBDACBCACBDBCBCACAD,,,0,191,,,,,L_T1_GTR___standard/L_T1_GTR___zabuton_,,,,,L_T1_GTR03_33000001,,,,45,25,24,255334442000252432334000323442200007435235500000433520000000554420000000,,00000204,,,,,,,,22,22,0,7,7,204,,3222543455533243423425253524342435343442524525,BAAADCBCDDDBBACBCABCADADBDACBCACBDBCBCCADACDAD,ABAACDBCDDBDABBCACBCADADBDACBCACBDBCBCACADCDAD,,,0,204,,,,,L_T1_GTR___standard,,,,,L_T1_GTR03_33000001,,,
91176,43,,,,,,,,,52,45,25,255422400000252433000000323434300007435243400000435423000000554223500000,,00000198,,,,,,,,21,21,0,7,7,198,,32225434555332434234252535243424353434425245,BAAADCBCDDDBBACBCABCADADBDACBCACBDBCBCCADACD,ABAACDBCDDBDABBCACBCADADBDACBCACBDBCBCACADCD,,,0,198,,,,,L_T1_GTR___standard/L_T1_GTR___zabuton_,,,,,L_T1_GTR03_33000001,,,,45,25,24,255334442000252432334000323442200007435235500000433520000000554420000000,,00000204,,,,,,,,22,22,0,7,7,204,,3222543455533243423425253524342435343442524525,BAAADCBCDDDBBACBCABCADADBDACBCACBDBCBCCADACDAD,ABAACDBCDDBDABBCACBCADADBDACBCACBDBCBCACADCDAD,,,0,204,,,,,L_T1_GTR___standard,,,,,L_T1_GTR03_33000001,,,
91195,44,,,,,,,,,52,45,25,255422400000252433000000323434300007435243400000435423000000554223500000,,00000198,,,,,,,,21,21,0,7,7,198,,32225434555332434234252535243424353434425245,BAAADCBCDDDBBACBCABCADADBDACBCACBDBCBCCADACD,ABAACDBCDDBDABBCACBCADADBDACBCACBDBCBCACADCD,,,0,198,,,,,L_T1_GTR___standard/L_T1_GTR___zabuton_,,,,,L_T1_GTR03_33000001,,,,25,24,24,255334442000252432334000323442200007435235545000433520000000554420000000,,00000210,,,,,,,,23,23,0,6,6,210,,322254345553324342342525352434243534344252452524,BAAADCBCDDDBBACBCABCADADBDACBCACBDBCBCCADACDADAC,ABAACDBCDDBDABBCACBCADADBDACBCACBDBCBCACADCDADAC,,,0,210,,,,,L_T1_GTR___standard,,,,,L_T1_GTR03_33000001,,,
91218,45,,,,,,,,,45,25,24,255422400000252433000000323434300007435243400000435423000000554223552000,,00000204,,,,,,,,22,22,0,6,6,204,,3222543455533243423425253524342435343442524525,BAAADCBCDDDBBACBCABCADADBDACBCACBDBCBCCADACDAD,ABAACDBCDDBDABBCACBCADADBDACBCACBDBCBCACADCDAD,,,0,204,,,,,L_T1_GTR___standard/L_T1_GTR___zabuton_,,,,,L_T1_GTR03_33000001,,,,25,24,24,255334442000252432334000323442200007435235545000433520000000554420000000,,00000210,,,,,,,,23,23,0,6,6,210,,322254345553324342342525352434243534344252452524,BAAADCBCDDDBBACBCABCADADBDACBCACBDBCBCCADACDADAC,ABAACDBCDDBDABBCACBCADADBDACBCACBDBCBCACADCDADAC,,,0,210,,,,,L_T1_GTR___standard,,,,,L_T1_GTR03_33000001,,,
91242,46,,,,,,,,,45,25,24,255422400000252433000000323434300007435243400000435423000000554223552000,,00000204,,,,,,,,22,22,0,6,6,204,,3222543455533243423425253524342435343442524525,BAAADCBCDDDBBACBCABCADADBDACBCACBDBCBCCADACDAD,ABAACDBCDDBDABBCACBCADADBDACBCACBDBCBCACADCDAD,,,0,204,,,,,L_T1_GTR___standard/L_T1_GTR___zabuton_,,,,,L_T1_GTR03_33000001,,,,24,24,22,255334442000252432334000323442200007435235545000433520000000554422500000,,00000218,,,,,,,,24,24,0,8,8,218,,32225434555332434234252535243424353434425245252424,BAAADCBCDDDBBACBCABCADADBDACBCACBDBCBCCADACDADACAC,ABAACDBCDDBDABBCACBCADADBDACBCACBDBCBCACADCDADACAC,,,0,218,,,,,L_T1_GTR___standard,,,,,L_T1_GTR03_33000001,,,
91284,47,,,,,,,,,25,24,24,255422400000252433000000323434300007435243400000435423450000554223552000,,00000210,,,,,,,,23,23,0,6,6,210,,322254345553324342342525352434243534344252452524,BAAADCBCDDDBBACBCABCADADBDACBCACBDBCBCCADACDADAC,ABAACDBCDDBDABBCACBCADADBDACBCACBDBCBCACADCDADAC,,,0,210,,,,,L_T1_GTR___standard/L_T1_GTR___zabuton_,,,,,L_T1_GTR03_33000001,,,,24,24,22,255334442000252432334000323442200007435235545000433520000000554422500000,,00000218,,,,,,,,24,24,0,8,8,218,,32225434555332434234252535243424353434425245252424,BAAADCBCDDDBBACBCABCADADBDACBCACBDBCBCCADACDADACAC,ABAACDBCDDBDABBCACBCADADBDACBCACBDBCBCACADCDADACAC,,,0,218,,,,,L_T1_GTR___standard,,,,,L_T1_GTR03_33000001,,,
91307,48,,,,,,,,,25,24,24,255422400000252433000000323434300007435243400000435423450000554223552000,,00000210,,,,,,,,23,23,0,6,6,210,,322254345553324342342525352434243534344252452524,BAAADCBCDDDBBACBCABCADADBDACBCACBDBCBCCADACDADAC,ABAACDBCDDBDABBCACBCADADBDACBCACBDBCBCACADCDADAC,,,0,210,,,,,L_T1_GTR___standard/L_T1_GTR___zabuton_,,,,,L_T1_GTR03_33000001,,,,24,22,34,255334442000252432334000323442200007435235545000433524000000554422520000,,00000224,,,,,,,,25,25,0,6,6,224,,3222543455533243423425253524342435343442524525242422,BAAADCBCDDDBBACBCABCADADBDACBCACBDBCBCCADACDADACACAA,ABAACDBCDDBDABBCACBCADADBDACBCACBDBCBCACADCDADACACAA,,,0,224,,,,,L_T1_GTR___standard,,,,,L_T1_GTR03_33000001,,,
91322,49,,,,,,,,,24,24,22,255422400000252433000000323434300007435243400000435423450000554223552250,,00000215,,,,,,,,24,24,0,5,5,215,,32225434555332434234252535243424353434425245252424,BAAADCBCDDDBBACBCABCADADBDACBCACBDBCBCCADACDADACAC,ABAACDBCDDBDABBCACBCADADBDACBCACBDBCBCACADCDADACAC,,,0,215,,,,,L_T1_GTR___standard/L_T1_GTR___zabuton_,,,,,L_T1_GTR03_33000001,,,,24,22,34,255334442000252432334000323442200007435235545000433524000000554422520000,,00000224,,,,,,,,25,25,0,6,6,224,,3222543455533243423425253524342435343442524525242422,BAAADCBCDDDBBACBCABCADADBDACBCACBDBCBCCADACDADACACAA,ABAACDBCDDBDABBCACBCADADBDACBCACBDBCBCACADCDADACACAA,,,0,224,,,,,L_T1_GTR___standard,,,,,L_T1_GTR03_33000001,,,
91348,50,,,,,,,,,24,24,22,255422400000252433000000323434300007435243400000435423450000554223552250,,00000215,,,,,,,,24,24,0,5,5,215,,32225434555332434234252535243424353434425245252424,BAAADCBCDDDBBACBCABCADADBDACBCACBDBCBCCADACDADACAC,ABAACDBCDDBDABBCACBCADADBDACBCACBDBCBCACADCDADACAC,,,0,215,,,,,L_T1_GTR___standard/L_T1_GTR___zabuton_,,,,,L_T1_GTR03_33000001,,,,22,34,23,255334442000252432334000323442200007435235545000433524420000554422520000,,00000230,,,,,,,,26,26,0,6,6,230,,322254345553324342342525352434243534344252452524242234,BAAADCBCDDDBBACBCABCADADBDACBCACBDBCBCCADACDADACACAABC,ABAACDBCDDBDABBCACBCADADBDACBCACBDBCBCACADCDADACACAABC,,,0,230,,,,,L_T1_GTR___standard,,,,,L_T1_GTR03_33000001,,,
91361,51,,,,,,,,,24,22,34,255422400000252433240000323434300007435243400000435423450000554223552250,,00000221,,,,,,,,25,25,0,6,6,221,,3222543455533243423425253524342435343442524525242422,BAAADCBCDDDBBACBCABCADADBDACBCACBDBCBCCADACDADACACAA,ABAACDBCDDBDABBCACBCADADBDACBCACBDBCBCACADCDADACACAA,,,0,221,,,,,L_T1_GTR___standard/L_T1_GTR___zabuton_,,,,,L_T1_GTR03_33000001,,,,22,34,23,255334442000252432334000323442200007435235545000433524420000554422520000,,00000230,,,,,,,,26,26,0,6,6,230,,322254345553324342342525352434243534344252452524242234,BAAADCBCDDDBBACBCABCADADBDACBCACBDBCBCCADACDADACACAABC,ABAACDBCDDBDABBCACBCADADBDACBCACBDBCBCACADCDADACACAABC,,,0,230,,,,,L_T1_GTR___standard,,,,,L_T1_GTR03_33000001,,,
91377,52,,,,,,,,,24,22,34,255422400000252433240000323434300007435243400000435423450000554223552250,,00000221,,,,,,,,25,25,0,6,6,221,,3222543455533243423425253524342435343442524525242422,BAAADCBCDDDBBACBCABCADADBDACBCACBDBCBCCADACDADACACAA,ABAACDBCDDBDABBCACBCADADBDACBCACBDBCBCACADCDADACACAA,,,0,221,,,,,L_T1_GTR___standard/L_T1_GTR___zabuton_,,,,,L_T1_GTR03_33000001,,,,,34,23,255334442000252432334000323442200007435235545000433524422000554422522000,,bb40abb1,,,,,,,,27,0,1,bb40abb1,40,270,,322254345553324342342525352434243534344252452524242234,BAAADCBCDDDBBACBCABCADADBDACBCACBDBCBCCADACDADACACAABC,ABAACDBCDDBDABBCACBCADADBDACBCACBDBCBCACADCDADACACAABC,,,1,270,,,,,L_T1_GTR___standard,,,,,L_T1_GTR03_33000001,,,
91398,53,,,,,,,,,22,34,23,255422400000252433240000323434320007435243440000435423450000554223552250,,00000227,,,,,,,,26,26,0,6,6,227,,322254345553324342342525352434243534344252452524242234,BAAADCBCDDDBBACBCABCADADBDACBCACBDBCBCCADACDADACACAABC,ABAACDBCDDBDABBCACBCADADBDACBCACBDBCBCACADCDADACACAABC,,,0,227,,,,,L_T1_GTR___standard/L_T1_GTR___zabuton_,,,,,L_T1_GTR03_33000001,,,,,34,23,255334442000252432334000323442200007435235545000433524422000554422522000,,bb40abb1,,,,,,,,27,0,1,bb40abb1,40,270,,322254345553324342342525352434243534344252452524242234,BAAADCBCDDDBBACBCABCADADBDACBCACBDBCBCCADACDADACACAABC,ABAACDBCDDBDABBCACBCADADBDACBCACBDBCBCACADCDADACACAABC,,,1,270,,,,,L_T1_GTR___standard,,,,,L_T1_GTR03_33000001,,,
91425,54,,,,,,,,,,34,23,255422400000252433240000323434320007435243442000435423452000554223552250,,bb40abb1,,,,,,,,27,0,1,bb40abb1,40,267,,322254345553324342342525352434243534344252452524242234,BAAADCBCDDDBBACBCABCADADBDACBCACBDBCBCCADACDADACACAABC,ABAACDBCDDBDABBCACBCADADBDACBCACBDBCBCACADCDADACACAABC,,,1,267,,,,,L_T1_GTR___standard/L_T1_GTR___zabuton_,,,,,L_T1_GTR03_33000001,,,,,34,23,255334442000252432334000323442200007435235545000433524422000554422522000,,bb40abb1,,,,,,,,27,0,1,bb40abb1,40,270,,322254345553324342342525352434243534344252452524242234,BAAADCBCDDDBBACBCABCADADBDACBCACBDBCBCCADACDADACACAABC,ABAACDBCDDBDABBCACBCADADBDACBCACBDBCBCACADCDADACACAABC,,,1,270,,,,,L_T1_GTR___standard,,,,,L_T1_GTR03_33000001,,,
91442,55,,,,,,,,,,34,23,255422400000252433240000323434320007435243442000435423452000554223552250,,bb40abb1,,,,,,,,27,0,1,bb40abb1,40,267,,322254345553324342342525352434243534344252452524242234,BAAADCBCDDDBBACBCABCADADBDACBCACBDBCBCCADACDADACACAABC,ABAACDBCDDBDABBCACBCADADBDACBCACBDBCBCACADCDADACACAABC,,,1,267,,,,,L_T1_GTR___standard/L_T1_GTR___zabuton_,,,,,L_T1_GTR03_33000001,,,,34,23,45,255334442000252432334000323442200007435235545000433524400000554422500000,,00000275,,,,,,,,28,1,0,5,5,275,,32225434555332434234252535243424353434425245252424223423,BAAADCBCDDDBBACBCABCADADBDACBCACBDBCBCCADACDADACACAABCAB,ABAACDBCDDBDABBCACBCADADBDACBCACBDBCBCACADCDADACACAABCAB,,,1,275,,,,,L_T1_GTR___standard,,,,,L_T1_GTR03_33000001,,,
91484,56,,,,,,,,,,34,23,255422400000252433240000323434320007435243442000435423452000554223552250,,bb40abb1,,,,,,,,27,0,1,bb40abb1,40,267,,322254345553324342342525352434243534344252452524242234,BAAADCBCDDDBBACBCABCADADBDACBCACBDBCBCCADACDADACACAABC,ABAACDBCDDBDABBCACBCADADBDACBCACBDBCBCACADCDADACACAABC,,,1,267,,,,,L_T1_GTR___standard/L_T1_GTR___zabuton_,,,,,L_T1_GTR03_33000001,,,,23,45,45,255334442340252432334000323442200007435235545000433524400000554422500000,,00000279,,,,,,,,29,2,0,4,4,279,,3222543455533243423425253524342435343442524525242422342345,BAAADCBCDDDBBACBCABCADADBDACBCACBDBCBCCADACDADACACAABCABCD,ABAACDBCDDBDABBCACBCADADBDACBCACBDBCBCACADCDADACACAABCABCD,,,1,279,,,,,L_T1_GTR___standard,,,,,L_T1_GTR03_33000001,,,
91513,57,,,,,,,,,,34,23,255422400000252433240000323434320007435243440000435423450000554223555000,,bb40abb8,,,,,,,,28,0,2,bb40abb8,320,587,,322254345553324342342525352434243534344252452524242234,BAAADCBCDDDBBACBCABCADADBDACBCACBDBCBCCADACDADACACAABC,ABAACDBCDDBDABBCACBCADADBDACBCACBDBCBCACADCDADACACAABC,,,2,587,,,,,L_T1_GTR___standard/L_T1_GTR___zabuton_,,,,,L_T1_GTR03_33000001,,,,23,45,45,255334442340252432334000323442200007435235545000433524400000554422500000,,00000279,,,,,,,,29,2,0,4,4,279,,3222543455533243423425253524342435343442524525242422342345,BAAADCBCDDDBBACBCABCADADBDACBCACBDBCBCCADACDADACACAABCABCD,ABAACDBCDDBDABBCACBCADADBDACBCACBDBCBCACADCDADACACAABCABCD,,,1,279,,,,,L_T1_GTR___standard,,,,,L_T1_GTR03_33000001,,,
91526,58,,,,,,,,,,34,23,255422400000252433240000323434320007435243440000435423450000554223555000,,bb40abb8,,,,,,,,28,0,2,bb40abb8,320,587,,322254345553324342342525352434243534344252452524242234,BAAADCBCDDDBBACBCABCADADBDACBCACBDBCBCCADACDADACACAABC,ABAACDBCDDBDABBCACBCADADBDACBCACBDBCBCACADCDADACACAABC,,,2,587,,,,,L_T1_GTR___standard/L_T1_GTR___zabuton_,,,,,L_T1_GTR03_33000001,,,,45,45,35,255334442340252432334000323442200007435235545000433524400000554422523000,,00000285,,,,,,,,30,3,0,6,6,285,,322254345553324342342525352434243534344252452524242234234545,BAAADCBCDDDBBACBCABCADADBDACBCACBDBCBCCADACDADACACAABCABCDCD,ABAACDBCDDBDABBCACBCADADBDACBCACBDBCBCACADCDADACACAABCABCDCD,,,1,285,,,,,L_T1_GTR___standard,,,,,L_T1_GTR03_33000001,,,
91559,59,,,,,,,,,,34,23,255422400000252433240000323434320007435243440000435423450000554223555000,,bb40abb8,,,,,,,,28,0,2,bb40abb8,320,587,,322254345553324342342525352434243534344252452524242234,BAAADCBCDDDBBACBCABCADADBDACBCACBDBCBCCADACDADACACAABC,ABAACDBCDDBDABBCACBCADADBDACBCACBDBCBCACADCDADACACAABC,,,2,587,,,,,L_T1_GTR___standard/L_T1_GTR___zabuton_,,,,,L_T1_GTR03_33000001,,,,,45,35,255334442340252432334000323442200007435235545000433524445000554422523000,,bb40abb1,,,,,,,,31,0,1,bb40abb1,40,325,,322254345553324342342525352434243534344252452524242234234545,BAAADCBCDDDBBACBCABCADADBDACBCACBDBCBCCADACDADACACAABCABCDCD,ABAACDBCDDBDABBCACBCADADBDACBCACBDBCBCACADCDADACACAABCABCDCD,,,1,325,,,,,L_T1_GTR___standard,,,,,L_T1_GTR03_33000001,,,
91578,60,,,,,,,,,34,23,45,255422400000252433240000323434320007435243440000435423400000554223000000,,00000592,,,,,,,,29,1,0,5,5,592,,32225434555332434234252535243424353434425245252424223423,BAAADCBCDDDBBACBCABCADADBDACBCACBDBCBCCADACDADACACAABCAB,ABAACDBCDDBDABBCACBCADADBDACBCACBDBCBCACADCDADACACAABCAB,,,2,592,,,,,L_T1_GTR___standard/L_T1_GTR___zabuton_,,,,,L_T1_GTR03_33000001,,,,,45,35,255334442340252432334000323442200007435235545000433524445000554422523000,,bb40abb1,,,,,,,,31,0,1,bb40abb1,40,325,,322254345553324342342525352434243534344252452524242234234545,BAAADCBCDDDBBACBCABCADADBDACBCACBDBCBCCADACDADACACAABCABCDCD,ABAACDBCDDBDABBCACBCADADBDACBCACBDBCBCACADCDADACACAABCABCDCD,,,1,325,,,,,L_T1_GTR___standard,,,,,L_T1_GTR03_33000001,,,
91638,61,,,,,,,,,23,45,45,255422440000252433243000323434320007435243440000435423400000554223000000,,00000597,,,,,,,,30,2,0,5,5,597,,3222543455533243423425253524342435343442524525242422342345,BAAADCBCDDDBBACBCABCADADBDACBCACBDBCBCCADACDADACACAABCABCD,ABAACDBCDDBDABBCACBCADADBDACBCACBDBCBCACADCDADACACAABCABCD,,,2,597,,,,,L_T1_GTR___standard/L_T1_GTR___zabuton_,,,,,L_T1_GTR03_33000001,,,,,45,35,255334442340252432334000323442200007435235545000433524445000554422523000,,bb40abb1,,,,,,,,31,0,1,bb40abb1,40,325,,322254345553324342342525352434243534344252452524242234234545,BAAADCBCDDDBBACBCABCADADBDACBCACBDBCBCCADACDADACACAABCABCDCD,ABAACDBCDDBDABBCACBCADADBDACBCACBDBCBCACADCDADACACAABCABCDCD,,,1,325,,,,,L_T1_GTR___standard,,,,,L_T1_GTR03_33000001,,,
91643,62,,,,,,,,,23,45,45,255422440000252433243000323434320007435243440000435423400000554223000000,,00000597,,,,,,,,30,2,0,5,5,597,,3222543455533243423425253524342435343442524525242422342345,BAAADCBCDDDBBACBCABCADADBDACBCACBDBCBCCADACDADACACAABCABCD,ABAACDBCDDBDABBCACBCADADBDACBCACBDBCBCACADCDADACACAABCABCD,,,2,597,,,,,L_T1_GTR___standard/L_T1_GTR___zabuton_,,,,,L_T1_GTR03_33000001,,,,,45,35,255334442340252432334000323442200007435235550000433525000000554422523000,,bb40abb8,,,,,,,,32,0,2,bb40abb8,320,645,,322254345553324342342525352434243534344252452524242234234545,BAAADCBCDDDBBACBCABCADADBDACBCACBDBCBCCADACDADACACAABCABCDCD,ABAACDBCDDBDABBCACBCADADBDACBCACBDBCBCACADCDADACACAABCABCDCD,,,2,645,,,,,L_T1_GTR___standard,,,,,L_T1_GTR03_33000001,,,
91690,63,,,,,,,,,45,45,35,255422440000252433243300323434322007435243440000435423400000554223000000,,00000601,,,,,,,,31,3,0,4,4,601,,322254345553324342342525352434243534344252452524242234234545,BAAADCBCDDDBBACBCABCADADBDACBCACBDBCBCCADACDADACACAABCABCDCD,ABAACDBCDDBDABBCACBCADADBDACBCACBDBCBCACADCDADACACAABCABCDCD,,,2,601,,,,,L_T1_GTR___standard/L_T1_GTR___zabuton_,,,,,L_T1_GTR03_33000001,,,,,45,35,255334442340252432334000323442200007435235550000433525000000554422523000,,bb40abb8,,,,,,,,32,0,2,bb40abb8,320,645,,322254345553324342342525352434243534344252452524242234234545,BAAADCBCDDDBBACBCABCADADBDACBCACBDBCBCCADACDADACACAABCABCDCD,ABAACDBCDDBDABBCACBCADADBDACBCACBDBCBCACADCDADACACAABCABCDCD,,,2,645,,,,,L_T1_GTR___standard,,,,,L_T1_GTR03_33000001,,,
91703,64,,,,,,,,,45,45,35,255422440000252433243300323434322007435243440000435423400000554223000000,,00000601,,,,,,,,31,3,0,4,4,601,,322254345553324342342525352434243534344252452524242234234545,BAAADCBCDDDBBACBCABCADADBDACBCACBDBCBCCADACDADACACAABCABCDCD,ABAACDBCDDBDABBCACBCADADBDACBCACBDBCBCACADCDADACACAABCABCDCD,,,2,601,,,,,L_T1_GTR___standard/L_T1_GTR___zabuton_,,,,,L_T1_GTR03_33000001,,,,45,35,03,255334442340252432334000323442200007435230000000433520000000554422523000,,00000651,,,,,,,,33,1,0,6,6,651,,32225434555332434234252535243424353434425245252424223423454535,BAAADCBCDDDBBACBCABCADADBDACBCACBDBCBCCADACDADACACAABCABCDCDBD,ABAACDBCDDBDABBCACBCADADBDACBCACBDBCBCACADCDADACACAABCABCDCDBD,,,2,651,,,,,L_T1_GTR___standard,,,,,L_T1_GTR03_33000001,,,
91706,65,,,,,,,,,45,45,35,255422440000252433243300323434322007435243440000435423400000554223000000,,00000601,,,,,,,,31,3,0,4,4,601,,322254345553324342342525352434243534344252452524242234234545,BAAADCBCDDDBBACBCABCADADBDACBCACBDBCBCCADACDADACACAABCABCDCD,ABAACDBCDDBDABBCACBCADADBDACBCACBDBCBCACADCDADACACAABCABCDCD,,,2,601,,,,,L_T1_GTR___standard/L_T1_GTR___zabuton_,,,,,L_T1_GTR03_33000001,,,,35,35,53,255334442340252432334000323442200007435230000000433520000000554422523000,,00000651,,,,,,,,34,2,0,0,0,651,,3222543455533243423425253524342435343442524525242422342345453535,BAAADCBCDDDBBACBCABCADADBDACBCACBDBCBCCADACDADACACAABCABCDCDBDBD,ABAACDBCDDBDABBCACBCADADBDACBCACBDBCBCACADCDADACACAABCABCDCDBDBD,,,2,651,,,,,L_T1_GTR___standard,,,,,L_T1_GTR03_33000001,,,
91740,66,,,,,,,,,45,45,35,255422440000252433243300323434322007435243440000435423400000554223000000,,00000601,,,,,,,,31,3,0,4,4,601,,322254345553324342342525352434243534344252452524242234234545,BAAADCBCDDDBBACBCABCADADBDACBCACBDBCBCCADACDADACACAABCABCDCD,ABAACDBCDDBDABBCACBCADADBDACBCACBDBCBCACADCDADACACAABCABCDCD,,,2,601,,,,,L_T1_GTR___standard/L_T1_GTR___zabuton_,,,,,L_T1_GTR03_33000001,,,,35,53,55,255334442344252432334000323442200007435230000000433520000000554422523000,,00000653,,,,,,,,35,3,0,2,2,653,,322254345553324342342525352434243534344252452524242234234545353553,BAAADCBCDDDBBACBCABCADADBDACBCACBDBCBCCADACDADACACAABCABCDCDBDBDDB,ABAACDBCDDBDABBCACBCADADBDACBCACBDBCBCACADCDADACACAABCABCDCDBDBDBD,,,2,653,,,,,L_T1_GTR___standard,,,,,L_T1_GTR03_33000001,,,
91770,67,,,,,,,,,45,35,53,255422446000252433243300323434322007435243440000435423454000554223000000,,00000606,,,,,,,,32,4,0,5,5,606,,32225434555332434234252535243424353434425245252424223423454535,BAAADCBCDDDBBACBCABCADADBDACBCACBDBCBCCADACDADACACAABCABCDCDBD,ABAACDBCDDBDABBCACBCADADBDACBCACBDBCBCACADCDADACACAABCABCDCDBD,,,2,606,,,,,L_T1_GTR___standard/L_T1_GTR___zabuton_,,,,,L_T1_GTR03_33000001,,,,35,53,55,255334442344252432334000323442200007435230000000433520000000554422523000,,00000653,,,,,,,,35,3,0,2,2,653,,322254345553324342342525352434243534344252452524242234234545353553,BAAADCBCDDDBBACBCABCADADBDACBCACBDBCBCCADACDADACACAABCABCDCDBDBDDB,ABAACDBCDDBDABBCACBCADADBDACBCACBDBCBCACADCDADACACAABCABCDCDBDBDBD,,,2,653,,,,,L_T1_GTR___standard,,,,,L_T1_GTR03_33000001,,,
91781,68,,,,,,,,,45,35,53,255422446000252433243300323434322007435243440000435423454000554223000000,,00000606,,,,,,,,32,4,0,5,5,606,,32225434555332434234252535243424353434425245252424223423454535,BAAADCBCDDDBBACBCABCADADBDACBCACBDBCBCCADACDADACACAABCABCDCDBD,ABAACDBCDDBDABBCACBCADADBDACBCACBDBCBCACADCDADACACAABCABCDCDBD,,,2,606,,,,,L_T1_GTR___standard/L_T1_GTR___zabuton_,,,,,L_T1_GTR03_33000001,,,,53,55,24,255334442344252432334000323442200007435233000000433525000000554422523000,,00000661,,,,,,,,36,4,0,8,8,661,,32225434555332434234252535243424353434425245252424223423454535355355,BAAADCBCDDDBBACBCABCADADBDACBCACBDBCBCCADACDADACACAABCABCDCDBDBDDBDD,ABAACDBCDDBDABBCACBCADADBDACBCACBDBCBCACADCDADACACAABCABCDCDBDBDBDDD,,,2,661,,,,,L_T1_GTR___standard,,,,,L_T1_GTR03_33000001,,,
91828,69,,,,,,,,,45,35,53,255422446000252433243300323434322007435243440000435423454000554223000000,,00000606,,,,,,,,32,4,0,5,5,606,,32225434555332434234252535243424353434425245252424223423454535,BAAADCBCDDDBBACBCABCADADBDACBCACBDBCBCCADACDADACACAABCABCDCDBD,ABAACDBCDDBDABBCACBCADADBDACBCACBDBCBCACADCDADACACAABCABCDCDBD,,,2,606,,,,,L_T1_GTR___standard/L_T1_GTR___zabuton_,,,,,L_T1_GTR03_33000001,,,,55,24,32,255334442344252432334000323442200007435233300000433525500000554422523000,,00000668,,,,,,,,37,5,0,7,7,668,,3222543455533243423425253524342435343442524525242422342345453535535524,BAAADCBCDDDBBACBCABCADADBDACBCACBDBCBCCADACDADACACAABCABCDCDBDBDDBDDAC,ABAACDBCDDBDABBCACBCADADBDACBCACBDBCBCACADCDADACACAABCABCDCDBDBDBDDDAC,,,2,668,,,,,L_T1_GTR___standard,,,,,L_T1_GTR03_33000001,,,
91836,70,,,,,,,,,35,53,55,255422446000252433243300323434322007435243440000435423454400554223500000,,00000610,,,,,,,,33,5,0,4,4,610,,3222543455533243423425253524342435343442524525242422342345453553,BAAADCBCDDDBBACBCABCADADBDACBCACBDBCBCCADACDADACACAABCABCDCDBDDB,ABAACDBCDDBDABBCACBCADADBDACBCACBDBCBCACADCDADACACAABCABCDCDBDBD,,,2,610,,,,,L_T1_GTR___standard/L_T1_GTR___zabuton_,,,,,L_T1_GTR03_33000001,,,,55,24,32,255334442344252432334000323442200007435233300000433525500000554422523000,,00000668,,,,,,,,37,5,0,7,7,668,,3222543455533243423425253524342435343442524525242422342345453535535524,BAAADCBCDDDBBACBCABCADADBDACBCACBDBCBCCADACDADACACAABCABCDCDBDBDDBDDAC,ABAACDBCDDBDABBCACBCADADBDACBCACBDBCBCACADCDADACACAABCABCDCDBDBDBDDDAC,,,2,668,,,,,L_T1_GTR___standard,,,,,L_T1_GTR03_33000001,,,
91864,71,,,,,,,,,35,53,55,255422446000252433243300323434322007435243440000435423454400554223500000,,00000610,,,,,,,,33,5,0,4,4,610,,3222543455533243423425253524342435343442524525242422342345453553,BAAADCBCDDDBBACBCABCADADBDACBCACBDBCBCCADACDADACACAABCABCDCDBDDB,ABAACDBCDDBDABBCACBCADADBDACBCACBDBCBCACADCDADACACAABCABCDCDBDBD,,,2,610,,,,,L_T1_GTR___standard/L_T1_GTR___zabuton_,,,,,L_T1_GTR03_33000001,,,,24,32,33,255334442344252432334000323442200007435233355000433525500000554422523000,,00000673,,,,,,,,38,6,0,5,5,673,,322254345553324342342525352434243534344252452524242234234545353553552432,BAAADCBCDDDBBACBCABCADADBDACBCACBDBCBCCADACDADACACAABCABCDCDBDBDDBDDACBA,ABAACDBCDDBDABBCACBCADADBDACBCACBDBCBCACADCDADACACAABCABCDCDBDBDBDDDACAB,,,2,673,,,,,L_T1_GTR___standard,,,,,L_T1_GTR03_33000001,,,
91875,72,,,,,,,,,53,55,24,255422446000252433243300323434322007435243440000435423454400554223553000,,00000615,,,,,,,,34,6,0,5,5,615,,322254345553324342342525352434243534344252452524242234234545355355,BAAADCBCDDDBBACBCABCADADBDACBCACBDBCBCCADACDADACACAABCABCDCDBDDBDD,ABAACDBCDDBDABBCACBCADADBDACBCACBDBCBCACADCDADACACAABCABCDCDBDBDDD,,,2,615,,,,,L_T1_GTR___standard/L_T1_GTR___zabuton_,,,,,L_T1_GTR03_33000001,,,,24,32,33,255334442344252432334000323442200007435233355000433525500000554422523000,,00000673,,,,,,,,38,6,0,5,5,673,,322254345553324342342525352434243534344252452524242234234545353553552432,BAAADCBCDDDBBACBCABCADADBDACBCACBDBCBCCADACDADACACAABCABCDCDBDBDDBDDACBA,ABAACDBCDDBDABBCACBCADADBDACBCACBDBCBCACADCDADACACAABCABCDCDBDBDBDDDACAB,,,2,673,,,,,L_T1_GTR___standard,,,,,L_T1_GTR03_33000001,,,
91902,73,,,,,,,,,53,55,24,255422446000252433243300323434322007435243440000435423454400554223553000,,00000615,,,,,,,,34,6,0,5,5,615,,322254345553324342342525352434243534344252452524242234234545355355,BAAADCBCDDDBBACBCABCADADBDACBCACBDBCBCCADACDADACACAABCABCDCDBDDBDD,ABAACDBCDDBDABBCACBCADADBDACBCACBDBCBCACADCDADACACAABCABCDCDBDBDDD,,,2,615,,,,,L_T1_GTR___standard/L_T1_GTR___zabuton_,,,,,L_T1_GTR03_33000001,,,,32,33,53,255334442344252432334000323442200007435233355000433525500000554422523240,,00000677,,,,,,,,39,7,0,4,4,677,,32225434555332434234252535243424353434425245252424223423454535355355243233,BAAADCBCDDDBBACBCABCADADBDACBCACBDBCBCCADACDADACACAABCABCDCDBDBDDBDDACBABB,ABAACDBCDDBDABBCACBCADADBDACBCACBDBCBCACADCDADACACAABCABCDCDBDBDBDDDACABBB,,,2,677,,,,,L_T1_GTR___standard,,,,,L_T1_GTR03_33000001,,,
91930,74,,,,,,,,,55,24,32,255422446000252433243300323434322007435243440000435423454450554223553300,,00000618,,,,,,,,35,7,0,3,3,618,,32225434555332434234252535243424353434425245252424223423454535535524,BAAADCBCDDDBBACBCABCADADBDACBCACBDBCBCCADACDADACACAABCABCDCDBDDBDDAC,ABAACDBCDDBDABBCACBCADADBDACBCACBDBCBCACADCDADACACAABCABCDCDBDBDDDAC,,,2,618,,,,,L_T1_GTR___standard/L_T1_GTR___zabuton_,,,,,L_T1_GTR03_33000001,,,,32,33,53,255334442344252432334000323442200007435233355000433525500000554422523240,,00000677,,,,,,,,39,7,0,4,4,677,,32225434555332434234252535243424353434425245252424223423454535355355243233,BAAADCBCDDDBBACBCABCADADBDACBCACBDBCBCCADACDADACACAABCABCDCDBDBDDBDDACBABB,ABAACDBCDDBDABBCACBCADADBDACBCACBDBCBCACADCDADACACAABCABCDCDBDBDBDDDACABBB,,,2,677,,,,,L_T1_GTR___standard,,,,,L_T1_GTR03_33000001,,,
91948,75,,,,,,,,,55,24,32,255422446000252433243300323434322007435243440000435423454450554223553300,,00000618,,,,,,,,35,7,0,3,3,618,,32225434555332434234252535243424353434425245252424223423454535535524,BAAADCBCDDDBBACBCABCADADBDACBCACBDBCBCCADACDADACACAABCABCDCDBDDBDDAC,ABAACDBCDDBDABBCACBCADADBDACBCACBDBCBCACADCDADACACAABCABCDCDBDBDDDAC,,,2,618,,,,,L_T1_GTR___standard/L_T1_GTR___zabuton_,,,,,L_T1_GTR03_33000001,,,,33,53,25,255334442344252432334000323442200007435233355000433525532000554422523240,,00000683,,,,,,,,40,8,0,6,6,683,,3222543455533243423425253524342435343442524525242422342345453535535524323353,BAAADCBCDDDBBACBCABCADADBDACBCACBDBCBCCADACDADACACAABCABCDCDBDBDDBDDACBABBDB,ABAACDBCDDBDABBCACBCADADBDACBCACBDBCBCACADCDADACACAABCABCDCDBDBDBDDDACABBBBD,,,2,683,,,,,L_T1_GTR___standard,,,,,L_T1_GTR03_33000001,,,
91966,76,,,,,,,,,24,32,33,255422446550252433243300323434322007435243440000435423454450554223553300,,00000621,,,,,,,,36,8,0,3,3,621,,3222543455533243423425253524342435343442524525242422342345453553552432,BAAADCBCDDDBBACBCABCADADBDACBCACBDBCBCCADACDADACACAABCABCDCDBDDBDDACBA,ABAACDBCDDBDABBCACBCADADBDACBCACBDBCBCACADCDADACACAABCABCDCDBDBDDDACAB,,,2,621,,,,,L_T1_GTR___standard/L_T1_GTR___zabuton_,,,,,L_T1_GTR03_33000001,,,,33,53,25,255334442344252432334000323442200007435233355000433525532000554422523240,,00000683,,,,,,,,40,8,0,6,6,683,,3222543455533243423425253524342435343442524525242422342345453535535524323353,BAAADCBCDDDBBACBCABCADADBDACBCACBDBCBCCADACDADACACAABCABCDCDBDBDDBDDACBABBDB,ABAACDBCDDBDABBCACBCADADBDACBCACBDBCBCACADCDADACACAABCABCDCDBDBDBDDDACABBBBD,,,2,683,,,,,L_T1_GTR___standard,,,,,L_T1_GTR03_33000001,,,
91990,77,,,,,,,,,24,32,33,255422446550252433243300323434322007435243440000435423454450554223553300,,00000621,,,,,,,,36,8,0,3,3,621,,3222543455533243423425253524342435343442524525242422342345453553552432,BAAADCBCDDDBBACBCABCADADBDACBCACBDBCBCCADACDADACACAABCABCDCDBDDBDDACBA,ABAACDBCDDBDABBCACBCADADBDACBCACBDBCBCACADCDADACACAABCABCDCDBDBDDDACAB,,,2,621,,,,,L_T1_GTR___standard/L_T1_GTR___zabuton_,,,,,L_T1_GTR03_33000001,,,,53,25,54,255334442344252432334000323442200007435233353000433525532330554422523240,,00000686,,,,,,,,41,9,0,3,3,686,,322254345553324342342525352434243534344252452524242234234545353553552432335325,BAAADCBCDDDBBACBCABCADADBDACBCACBDBCBCCADACDADACACAABCABCDCDBDBDDBDDACBABBDBAD,ABAACDBCDDBDABBCACBCADADBDACBCACBDBCBCACADCDADACACAABCABCDCDBDBDBDDDACABBBBDAD,,,2,686,,,,,L_T1_GTR___standard,,,,,L_T1_GTR03_33000001,,,
92048,78,,,,,,,,,24,32,33,255422446550252433243300323434322007435243440000435423454450554223553300,,00000621,,,,,,,,36,8,0,3,3,621,,3222543455533243423425253524342435343442524525242422342345453553552432,BAAADCBCDDDBBACBCABCADADBDACBCACBDBCBCCADACDADACACAABCABCDCDBDDBDDACBA,ABAACDBCDDBDABBCACBCADADBDACBCACBDBCBCACADCDADACACAABCABCDCDBDBDDDACAB,,,2,621,,,,,L_T1_GTR___standard/L_T1_GTR___zabuton_,,,,,L_T1_GTR03_33000001,,,,25,54,24,255334442344252432334000323442230007435233355500433525532330554422523240,,00000690,,,,,,,,42,10,0,4,4,690,,32225434555332434234252535243424353434425245252424223423454535355355243233532554,BAAADCBCDDDBBACBCABCADADBDACBCACBDBCBCCADACDADACACAABCABCDCDBDBDDBDDACBABBDBADDC,ABAACDBCDDBDABBCACBCADADBDACBCACBDBCBCACADCDADACACAABCABCDCDBDBDBDDDACABBBBDADCD,,,2,690,,,,,L_T1_GTR___standard,,,,,L_T1_GTR03_33000001,,,
92057,79,,,,,,,,,32,32,33,255422446550252433243300323434322007435243440000435423454450554223553300,,00000621,,,,,,,,37,9,0,0,0,621,,322254345553324342342525352434243534344252452524242234234545355355243232,BAAADCBCDDDBBACBCABCADADBDACBCACBDBCBCCADACDADACACAABCABCDCDBDDBDDACBABA,ABAACDBCDDBDABBCACBCADADBDACBCACBDBCBCACADCDADACACAABCABCDCDBDBDDDACABAB,,,2,621,,,,,L_T1_GTR___standard/L_T1_GTR___zabuton_,,,,,L_T1_GTR03_33000001,,,,25,54,24,255334442344252432334000323442230007435233355500433525532330554422523240,,00000690,,,,,,,,42,10,0,4,4,690,,32225434555332434234252535243424353434425245252424223423454535355355243233532554,BAAADCBCDDDBBACBCABCADADBDACBCACBDBCBCCADACDADACACAABCABCDCDBDBDDBDDACBABBDBADDC,ABAACDBCDDBDABBCACBCADADBDACBCACBDBCBCACADCDADACACAABCABCDCDBDBDBDDDACABBBBDADCD,,,2,690,,,,,L_T1_GTR___standard,,,,,L_T1_GTR03_33000001,,,
92086,80,,,,,,,,,32,33,53,255422446550252433243342323434322007435243440000435423454450554223553300,,00000623,,,,,,,,38,10,0,2,2,623,,32225434555332434234252535243424353434425245252424223423454535535524323233,BAAADCBCDDDBBACBCABCADADBDACBCACBDBCBCCADACDADACACAABCABCDCDBDDBDDACBABABB,ABAACDBCDDBDABBCACBCADADBDACBCACBDBCBCACADCDADACACAABCABCDCDBDBDDDACABABBB,,,2,623,,,,,L_T1_GTR___standard/L_T1_GTR___zabuton_,,,,,L_T1_GTR03_33000001,,,,25,54,24,255334442344252432334000323442230007435233355500433525532330554422523240,,00000690,,,,,,,,42,10,0,4,4,690,,32225434555332434234252535243424353434425245252424223423454535355355243233532554,BAAADCBCDDDBBACBCABCADADBDACBCACBDBCBCCADACDADACACAABCABCDCDBDBDDBDDACBABBDBADDC,ABAACDBCDDBDABBCACBCADADBDACBCACBDBCBCACADCDADACACAABCABCDCDBDBDBDDDACABBBBDADCD,,,2,690,,,,,L_T1_GTR___standard,,,,,L_T1_GTR03_33000001,,,
92088,81,,,,,,,,,32,33,53,255422446550252433243342323434322007435243440000435423454450554223553300,,00000623,,,,,,,,38,10,0,2,2,623,,32225434555332434234252535243424353434425245252424223423454535535524323233,BAAADCBCDDDBBACBCABCADADBDACBCACBDBCBCCADACDADACACAABCABCDCDBDDBDDACBABABB,ABAACDBCDDBDABBCACBCADADBDACBCACBDBCBCACADCDADACACAABCABCDCDBDBDDDACABABBB,,,2,623,,,,,L_T1_GTR___standard/L_T1_GTR___zabuton_,,,,,L_T1_GTR03_33000001,,,,54,24,24,255334442344252432334000323442230007435233355500433525532330554422523242,,00000692,,,,,,,,43,11,0,2,2,692,,3222543455533243423425253524342435343442524525242422342345453535535524323353255424,BAAADCBCDDDBBACBCABCADADBDACBCACBDBCBCCADACDADACACAABCABCDCDBDBDDBDDACBABBDBADDCAC,ABAACDBCDDBDABBCACBCADADBDACBCACBDBCBCACADCDADACACAABCABCDCDBDBDBDDDACABBBBDADCDAC,,,2,692,,,,,L_T1_GTR___standard,,,,,L_T1_GTR03_33000001,,,
92118,82,,,,,,,,,33,53,25,255422446550252433243342323434322327435243440000435423454450554223553300,,00000627,,,,,,,,39,11,0,4,4,627,,3222543455533243423425253524342435343442524525242422342345453553552432323353,BAAADCBCDDDBBACBCABCADADBDACBCACBDBCBCCADACDADACACAABCABCDCDBDDBDDACBABABBDB,ABAACDBCDDBDABBCACBCADADBDACBCACBDBCBCACADCDADACACAABCABCDCDBDBDDDACABABBBBD,,,2,627,,,,,L_T1_GTR___standard/L_T1_GTR___zabuton_,,,,,L_T1_GTR03_33000001,,,,54,24,24,255334442344252432334000323442230007435233355500433525532330554422523242,,00000692,,,,,,,,43,11,0,2,2,692,,3222543455533243423425253524342435343442524525242422342345453535535524323353255424,BAAADCBCDDDBBACBCABCADADBDACBCACBDBCBCCADACDADACACAABCABCDCDBDBDDBDDACBABBDBADDCAC,ABAACDBCDDBDABBCACBCADADBDACBCACBDBCBCACADCDADACACAABCABCDCDBDBDBDDDACABBBBDADCDAC,,,2,692,,,,,L_T1_GTR___standard,,,,,L_T1_GTR03_33000001,,,
92125,83,,,,,,,,,33,53,25,255422446550252433243342323434322327435243440000435423454450554223553300,,00000627,,,,,,,,39,11,0,4,4,627,,3222543455533243423425253524342435343442524525242422342345453553552432323353,BAAADCBCDDDBBACBCABCADADBDACBCACBDBCBCCADACDADACACAABCABCDCDBDDBDDACBABABBDB,ABAACDBCDDBDABBCACBCADADBDACBCACBDBCBCACADCDADACACAABCABCDCDBDBDDDACABABBBBD,,,2,627,,,,,L_T1_GTR___standard/L_T1_GTR___zabuton_,,,,,L_T1_GTR03_33000001,,,,,24,24,255334442344252432334000323442230007435233355554433525532330554422523242,,bb40abb1,,,,,,,,44,0,1,bb40abb1,40,732,,3222543455533243423425253524342435343442524525242422342345453535535524323353255424,BAAADCBCDDDBBACBCABCADADBDACBCACBDBCBCCADACDADACACAABCABCDCDBDBDDBDDACBABBDBADDCAC,ABAACDBCDDBDABBCACBCADADBDACBCACBDBCBCACADCDADACACAABCABCDCDBDBDBDDDACABBBBDADCDAC,,,2,732,,,,,L_T1_GTR___standard,,,,,L_T1_GTR03_33000001,,,
92145,84,,,,,,,,,,53,25,255422446550252433243342323434322327435243443300435423454450554223553300,,bb50abb2,,,,,,,,40,0,1,bb50abb2,100,727,,3222543455533243423425253524342435343442524525242422342345453553552432323353,BAAADCBCDDDBBACBCABCADADBDACBCACBDBCBCCADACDADACACAABCABCDCDBDDBDDACBABABBDB,ABAACDBCDDBDABBCACBCADADBDACBCACBDBCBCACADCDADACACAABCABCDCDBDBDDDACABABBBBD,,,2,727,,,,,L_T1_GTR___standard/L_T1_GTR___zabuton_,,,,,L_T1_GTR03_33000001,,,,,24,24,255334442344252432334000323442230007435233355554433525532330554422523242,,bb40abb1,,,,,,,,44,0,1,bb40abb1,40,732,,3222543455533243423425253524342435343442524525242422342345453535535524323353255424,BAAADCBCDDDBBACBCABCADADBDACBCACBDBCBCCADACDADACACAABCABCDCDBDBDDBDDACBABBDBADDCAC,ABAACDBCDDBDABBCACBCADADBDACBCACBDBCBCACADCDADACACAABCABCDCDBDBDBDDDACABBBBDADCDAC,,,2,732,,,,,L_T1_GTR___standard,,,,,L_T1_GTR03_33000001,,,
92219,85,,,,,,,,,,53,25,255422446550252433243342323434322327435243443300435423454450554223553300,,bb50abb2,,,,,,,,40,0,1,bb50abb2,100,727,,3222543455533243423425253524342435343442524525242422342345453553552432323353,BAAADCBCDDDBBACBCABCADADBDACBCACBDBCBCCADACDADACACAABCABCDCDBDDBDDACBABABBDB,ABAACDBCDDBDABBCACBCADADBDACBCACBDBCBCACADCDADACACAABCABCDCDBDBDDDACABABBBBD,,,2,727,,,,,L_T1_GTR___standard/L_T1_GTR___zabuton_,,,,,L_T1_GTR03_33000001,,,,24,24,25,255334442344252432334000323442230007435233340000433525532330554422523242,,00000735,,,,,,,,45,1,0,3,3,735,,322254345553324342342525352434243534344252452524242234234545353553552432335325542424,BAAADCBCDDDBBACBCABCADADBDACBCACBDBCBCCADACDADACACAABCABCDCDBDBDDBDDACBABBDBADDCACAC,ABAACDBCDDBDABBCACBCADADBDACBCACBDBCBCACADCDADACACAABCABCDCDBDBDBDDDACABBBBDADCDACAC,,,2,735,,,,,L_T1_GTR___standard,,,,,L_T1_GTR03_33000001,,,
92235,86,,,,,,,,,,53,25,255422445500252433244200323434322207435243440000435423454450554223553300,,bb80ab11,,,,,,,,41,0,2,bb80ab11,880,1607,,3222543455533243423425253524342435343442524525242422342345453553552432323353,BAAADCBCDDDBBACBCABCADADBDACBCACBDBCBCCADACDADACACAABCABCDCDBDDBDDACBABABBDB,ABAACDBCDDBDABBCACBCADADBDACBCACBDBCBCACADCDADACACAABCABCDCDBDBDDDACABABBBBD,,,2,1607,,,,,L_T1_GTR___standard/L_T1_GTR___zabuton_,,,,,L_T1_GTR03_33000001,,,,24,24,25,255334442344252432334000323442230007435233340000433525532330554422523242,,00000735,,,,,,,,45,1,0,3,3,735,,322254345553324342342525352434243534344252452524242234234545353553552432335325542424,BAAADCBCDDDBBACBCABCADADBDACBCACBDBCBCCADACDADACACAABCABCDCDBDBDDBDDACBABBDBADDCACAC,ABAACDBCDDBDABBCACBCADADBDACBCACBDBCBCACADCDADACACAABCABCDCDBDBDBDDDACABBBBDADCDACAC,,,2,735,,,,,L_T1_GTR___standard,,,,,L_T1_GTR03_33000001,,,
92259,87,,,,,,,,,,53,25,255422445500252433244200323434322207435243440000435423454450554223553300,,bb80ab11,,,,,,,,41,0,2,bb80ab11,880,1607,,3222543455533243423425253524342435343442524525242422342345453553552432323353,BAAADCBCDDDBBACBCABCADADBDACBCACBDBCBCCADACDADACACAABCABCDCDBDDBDDACBABABBDB,ABAACDBCDDBDABBCACBCADADBDACBCACBDBCBCACADCDADACACAABCABCDCDBDBDDDACABABBBBD,,,2,1607,,,,,L_T1_GTR___standard/L_T1_GTR___zabuton_,,,,,L_T1_GTR03_33000001,,,,24,25,54,255334442344252432334420323442230007435233340000433525532330554422523242,,00000738,,,,,,,,46,2,0,3,3,738,,32225434555332434234252535243424353434425245252424223423454535355355243233532554242425,BAAADCBCDDDBBACBCABCADADBDACBCACBDBCBCCADACDADACACAABCABCDCDBDBDDBDDACBABBDBADDCACACAD,ABAACDBCDDBDABBCACBCADADBDACBCACBDBCBCACADCDADACACAABCABCDCDBDBDBDDDACABBBBDADCDACACAD,,,2,738,,,,,L_T1_GTR___standard,,,,,L_T1_GTR03_33000001,,,
92290,88,,,,,,,,,,53,25,255422445500252433244200323434322207435243440000435423454450554223553300,,bb80ab11,,,,,,,,41,0,2,bb80ab11,880,1607,,3222543455533243423425253524342435343442524525242422342345453553552432323353,BAAADCBCDDDBBACBCABCADADBDACBCACBDBCBCCADACDADACACAABCABCDCDBDDBDDACBABABBDB,ABAACDBCDDBDABBCACBCADADBDACBCACBDBCBCACADCDADACACAABCABCDCDBDBDDDACABABBBBD,,,2,1607,,,,,L_T1_GTR___standard/L_T1_GTR___zabuton_,,,,,L_T1_GTR03_33000001,,,,25,54,33,255334442344252432334422323442230007435233340000433525532330554422523242,,00000740,,,,,,,,47,3,0,2,2,740,,3222543455533243423425253524342435343442524525242422342345453535535524323353255424242554,BAAADCBCDDDBBACBCABCADADBDACBCACBDBCBCCADACDADACACAABCABCDCDBDBDDBDDACBABBDBADDCACACADDC,ABAACDBCDDBDABBCACBCADADBDACBCACBDBCBCACADCDADACACAABCABCDCDBDBDBDDDACABBBBDADCDACACADCD,,,2,740,,,,,L_T1_GTR___standard,,,,,L_T1_GTR03_33000001,,,
92322,89,,,,,,,,,,53,25,255422445500252433244200323434322207435243440000435423454450554223553300,,bb80ab11,,,,,,,,41,0,2,bb80ab11,880,1607,,3222543455533243423425253524342435343442524525242422342345453553552432323353,BAAADCBCDDDBBACBCABCADADBDACBCACBDBCBCCADACDADACACAABCABCDCDBDDBDDACBABABBDB,ABAACDBCDDBDABBCACBCADADBDACBCACBDBCBCACADCDADACACAABCABCDCDBDBDDDACABABBBBD,,,2,1607,,,,,L_T1_GTR___standard/L_T1_GTR___zabuton_,,,,,L_T1_GTR03_33000001,,,,54,33,33,255334442344252432334422323442230007435233340000433525532332554422523242,,00000742,,,,,,,,48,4,0,2,2,742,,322254345553324342342525352434243534344252452524242234234545353553552432335325542424255433,BAAADCBCDDDBBACBCABCADADBDACBCACBDBCBCCADACDADACACAABCABCDCDBDBDDBDDACBABBDBADDCACACADDCBB,ABAACDBCDDBDABBCACBCADADBDACBCACBDBCBCACADCDADACACAABCABCDCDBDBDBDDDACABBBBDADCDACACADCDBB,,,2,742,,,,,L_T1_GTR___standard,,,,,L_T1_GTR03_33000001,,,
92326,90,,,,,,,,,53,25,54,255422550000252433200000323434300007435243440000435423454450554223553300,,00001612,,,,,,,,42,1,0,5,5,1612,,322254345553324342342525352434243534344252452524242234234545355355243232335325,BAAADCBCDDDBBACBCABCADADBDACBCACBDBCBCCADACDADACACAABCABCDCDBDDBDDACBABABBDBAD,ABAACDBCDDBDABBCACBCADADBDACBCACBDBCBCACADCDADACACAABCABCDCDBDBDDDACABABBBBDAD,,,2,1612,,,,,L_T1_GTR___standard/L_T1_GTR___zabuton_,,,,,L_T1_GTR03_33000001,,,,54,33,33,255334442344252432334422323442230007435233340000433525532332554422523242,,00000742,,,,,,,,48,4,0,2,2,742,,322254345553324342342525352434243534344252452524242234234545353553552432335325542424255433,BAAADCBCDDDBBACBCABCADADBDACBCACBDBCBCCADACDADACACAABCABCDCDBDBDDBDDACBABBDBADDCACACADDCBB,ABAACDBCDDBDABBCACBCADADBDACBCACBDBCBCACADCDADACACAABCABCDCDBDBDBDDDACABBBBDADCDACACADCDBB,,,2,742,,,,,L_T1_GTR___standard,,,,,L_T1_GTR03_33000001,,,
92362,91,,,,,,,,,25,54,24,255422550000252433200000323434353007435243440000435423454450554223553300,,00001618,,,,,,,,43,2,0,6,6,1618,,32225434555332434234252535243424353434425245252424223423454535535524323233532554,BAAADCBCDDDBBACBCABCADADBDACBCACBDBCBCCADACDADACACAABCABCDCDBDDBDDACBABABBDBADDC,ABAACDBCDDBDABBCACBCADADBDACBCACBDBCBCACADCDADACACAABCABCDCDBDBDDDACABABBBBDADCD,,,2,1618,,,,,L_T1_GTR___standard/L_T1_GTR___zabuton_,,,,,L_T1_GTR03_33000001,,,,54,33,33,255334442344252432334422323442230007435233340000433525532332554422523242,,00000742,,,,,,,,48,4,0,2,2,742,,322254345553324342342525352434243534344252452524242234234545353553552432335325542424255433,BAAADCBCDDDBBACBCABCADADBDACBCACBDBCBCCADACDADACACAABCABCDCDBDBDDBDDACBABBDBADDCACACADDCBB,ABAACDBCDDBDABBCACBCADADBDACBCACBDBCBCACADCDADACACAABCABCDCDBDBDBDDDACABBBBDADCDACACADCDBB,,,2,742,,,,,L_T1_GTR___standard,,,,,L_T1_GTR03_33000001,,,
92402,92,,,,,,,,,54,24,24,255422550000252433225000323434353007435243440000435423454450554223553300,,00001624,,,,,,,,44,3,0,6,6,1624,,3222543455533243423425253524342435343442524525242422342345453553552432323353255424,BAAADCBCDDDBBACBCABCADADBDACBCACBDBCBCCADACDADACACAABCABCDCDBDDBDDACBABABBDBADDCAC,ABAACDBCDDBDABBCACBCADADBDACBCACBDBCBCACADCDADACACAABCABCDCDBDBDDDACABABBBBDADCDAC,,,2,1624,,,,,L_T1_GTR___standard/L_T1_GTR___zabuton_,,,,,L_T1_GTR03_33000001,,,,54,33,33,255334442344252432334422323442230007435233340000433525532332554422523242,,00000742,,,,,,,,48,4,0,2,2,742,,322254345553324342342525352434243534344252452524242234234545353553552432335325542424255433,BAAADCBCDDDBBACBCABCADADBDACBCACBDBCBCCADACDADACACAABCABCDCDBDBDDBDDACBABBDBADDCACACADDCBB,ABAACDBCDDBDABBCACBCADADBDACBCACBDBCBCACADCDADACACAABCABCDCDBDBDBDDDACABBBBDADCDACACADCDBB,,,2,742,,,,,L_T1_GTR___standard,,,,,L_T1_GTR03_33000001,,,
92432,93,,,,,,,,,54,24,24,255422550000252433225000323434353007435243440000435423454450554223553300,,00001624,,,,,,,,44,3,0,6,6,1624,,3222543455533243423425253524342435343442524525242422342345453553552432323353255424,BAAADCBCDDDBBACBCABCADADBDACBCACBDBCBCCADACDADACACAABCABCDCDBDDBDDACBABABBDBADDCAC,ABAACDBCDDBDABBCACBCADADBDACBCACBDBCBCACADCDADACACAABCABCDCDBDBDDDACABABBBBDADCDAC,,,2,1624,,,,,L_T1_GTR___standard/L_T1_GTR___zabuton_,,,,,L_T1_GTR03_33000001,,,,33,33,33,255334442344252432334422323442236607435233344566433525532332554422523242,,00000746,,,,,,,,49,5,0,4,4,746,,32225434555332434234252535243424353434425245252424223423454535355355243233532554242425543333,BAAADCBCDDDBBACBCABCADADBDACBCACBDBCBCCADACDADACACAABCABCDCDBDBDDBDDACBABBDBADDCACACADDCBBBB,ABAACDBCDDBDABBCACBCADADBDACBCACBDBCBCACADCDADACACAABCABCDCDBDBDBDDDACABBBBDADCDACACADCDBBBB,,,2,746,,,,,L_T1_GTR___standard,,,,,L_T1_GTR03_33000001,,,
92440,95,,,,,,,,,24,24,25,255422554500252433225000323434353007435243440000435423454450554223553300,,00001628,,,,,,,,45,4,0,4,4,1628,,322254345553324342342525352434243534344252452524242234234545355355243232335325542424,BAAADCBCDDDBBACBCABCADADBDACBCACBDBCBCCADACDADACACAABCABCDCDBDDBDDACBABABBDBADDCACAC,ABAACDBCDDBDABBCACBCADADBDACBCACBDBCBCACADCDADACACAABCABCDCDBDBDDDACABABBBBDADCDACAC,,,2,1628,,,,,L_T1_GTR___standard/L_T1_GTR___zabuton_,,,,,L_T1_GTR03_33000001,,,,33,33,33,255334442344252432334422323442236607435233344566433525532332554422523242,,00000746,,,,,,,,50,6,0,0,0,746,,3222543455533243423425253524342435343442524525242422342345453535535524323353255424242554333333,BAAADCBCDDDBBACBCABCADADBDACBCACBDBCBCCADACDADACACAABCABCDCDBDBDDBDDACBABBDBADDCACACADDCBBBBBB,ABAACDBCDDBDABBCACBCADADBDACBCACBDBCBCACADCDADACACAABCABCDCDBDBDBDDDACABBBBDADCDACACADCDBBBBBB,,,2,746,,,,,L_T1_GTR___standard,,,,,L_T1_GTR03_33000001,,,
92455,96,,,,,,,,,24,24,25,255422554500252433225000323434353007435243440000435423454450554223553300,,00001628,,,,,,,,45,4,0,4,4,1628,,322254345553324342342525352434243534344252452524242234234545355355243232335325542424,BAAADCBCDDDBBACBCABCADADBDACBCACBDBCBCCADACDADACACAABCABCDCDBDDBDDACBABABBDBADDCACAC,ABAACDBCDDBDABBCACBCADADBDACBCACBDBCBCACADCDADACACAABCABCDCDBDBDDDACABABBBBDADCDACAC,,,2,1628,,,,,L_T1_GTR___standard/L_T1_GTR___zabuton_,,,,,L_T1_GTR03_33000001,,,,,33,33,255334442344252432334422323442236633435233344566433525532332554422523242,,00000748,,,,,lose,,,51,6,0,2,2,748,,3222543455533243423425253524342435343442524525242422342345453535535524323353255424242554333333,BAAADCBCDDDBBACBCABCADADBDACBCACBDBCBCCADACDADACACAABCABCDCDBDBDDBDDACBABBDBADDCACACADDCBBBBBB,ABAACDBCDDBDABBCACBCADADBDACBCACBDBCBCACADCDADACACAABCABCDCDBDBDBDDDACABBBBDADCDACACADCDBBBBBB,,,2,748,,,,,L_T1_GTR___standard,,,,,L_T1_GTR03_33000001,,,
92464,96,,,,,,,,,,24,25,255422554500252433225000323434353007435243440000435423454452554223553304,,00001628,,,,,win,,,46,4,0,0,0,1628,,322254345553324342342525352434243534344252452524242234234545355355243232335325542424,BAAADCBCDDDBBACBCABCADADBDACBCACBDBCBCCADACDADACACAABCABCDCDBDDBDDACBABABBDBADDCACAC,ABAACDBCDDBDABBCACBCADADBDACBCACBDBCBCACADCDADACACAABCABCDCDBDBDDDACABABBBBDADCDACAC,,,2,1628,,,,,L_T1_GTR___standard/L_T1_GTR___zabuton_,,,,,L_T1_GTR03_33000001,,,,,33,33,255334442344252432334422323442236633435233344566433525532332554422523242,,00000748,,,,,lose,,,51,6,0,2,2,748,,3222543455533243423425253524342435343442524525242422342345453535535524323353255424242554333333,BAAADCBCDDDBBACBCABCADADBDACBCACBDBCBCCADACDADACACAABCABCDCDBDBDDBDDACBABBDBADDCACACADDCBBBBBB,ABAACDBCDDBDABBCACBCADADBDACBCACBDBCBCACADCDADACACAABCABCDCDBDBDBDDDACABBBBDADCDACACADCDBBBBBB,,,2,748,,,,,L_T1_GTR___standard,,,,,L_T1_GTR03_33000001,,,
