82991,0,,,,,,,,,,55,25,000000000000000000000000000000000007000000000000000000000000000000000000,000000,00000000,,,,,,,,0,0,0,0,0,0,,55,AA,AA,,,0,0,,,,,,,,,,,,,,,55,25,000000000000000000000000000000000007000000000000000000000000000000000000,000000,00000000,,,,,,,,0,0,0,0,0,0,,55,AA,AA,,,0,0,,,,,,,,,,,,,
83141,2,,,,,,,,,55,25,55,000000000000000000000000000000000007000000000000000000000000000000000000,,00000000,,,,,,,,1,1,0,0,0,0,,5525,AABA,AAAB,,,0,0,,,,,,,,,,,,,,55,25,55,000000000000000000000000000000000007000000000000000000000000000000000000,,00000000,,,,,,,,1,1,0,0,0,0,,5525,AABA,AAAB,,,0,0,,,,,,,,,,,,,
83191,3,,,,,,,,,25,55,12,500000000000500000000000000000000007000000000000000000000000000000000000,,00000013,,,,,,,,2,2,0,13,13,13,,552555,AABAAA,AAABAA,,,0,13,,,,,,,,,,,,,,55,25,55,000000000000000000000000000000000007000000000000000000000000000000000000,,00000000,,,,,,,,1,1,0,0,0,0,,5525,AABA,AAAB,,,0,0,,,,,,,,,,,,,
83193,4,,,,,,,,,25,55,12,500000000000500000000000000000000007000000000000000000000000000000000000,,00000013,,,,,,,,2,2,0,13,13,13,,552555,AABAAA,AAABAA,,,0,13,,,,,,,,,,,,,,25,55,12,500000000000500000000000000000000007000000000000000000000000000000000000,,00000013,,,,,,,,2,2,0,13,13,13,,552555,AABAAA,AAABAA,,,0,13,,,,,,,,,,,,,
83241,5,,,,,,,,,55,12,41,500000000000500000000000250000000007000000000000000000000000000000000000,,00000026,,,,,,,,3,3,0,13,13,26,,55255512,AABAAACB,AAABAABC,,,0,26,,,,,,,,,,,,,,25,55,12,500000000000500000000000000000000007000000000000000000000000000000000000,,00000013,,,,,,,,2,2,0,13,13,13,,552555,AABAAA,AAABAA,,,0,13,,,,,,,,,,,,,
83242,6,,,,,,,,,55,12,41,500000000000500000000000250000000007000000000000000000000000000000000000,,00000026,,,,,,,,3,3,0,13,13,26,,55255512,AABAAACB,AAABAABC,,,0,26,,,,,,,,,,,,,,55,12,41,500000000000500000000000250000000007000000000000000000000000000000000000,,00000026,,,,,,,,3,3,0,13,13,26,,55255512,AABAAACB,AAABAABC,,,0,26,,,,,,,,,,,,,
83293,7,,,,,,,,,12,41,45,500000000000500000000000250000000007500000000000500000000000000000000000,,00000039,,,,,,,,4,4,0,13,13,39,,5525551241,AABAAACBDC,AAABAABCCD,,,0,39,,,,,,,,,,L_T1_GTR03_51000001,,,,55,12,41,500000000000500000000000250000000007000000000000000000000000000000000000,,00000026,,,,,,,,3,3,0,13,13,26,,55255512,AABAAACB,AAABAABC,,,0,26,,,,,,,,,,,,,
83295,8,,,,,,,,,12,41,45,500000000000500000000000250000000007500000000000500000000000000000000000,,00000039,,,,,,,,4,4,0,13,13,39,,5525551241,AABAAACBDC,AAABAABCCD,,,0,39,,,,,,,,,,L_T1_GTR03_51000001,,,,12,41,45,500000000000500000000000250000000007500000000000500000000000000000000000,,00000039,,,,,,,,4,4,0,13,13,39,,5525551241,AABAAACBDC,AAABAABCCD,,,0,39,,,,,,,,,,L_T1_GTR03_51000001,,,
83341,9,,,,,,,,,41,45,42,500000000000500000000000250000000007521000000000500000000000000000000000,,00000050,,,,,,,,5,5,0,11,11,50,,552555124145,AABAAACBDCDA,AAABAABCCDAD,,,0,50,,,,,,,,,,L_T1_GTR03_51000001,,,,12,41,45,500000000000500000000000250000000007500000000000500000000000000000000000,,00000039,,,,,,,,4,4,0,13,13,39,,5525551241,AABAAACBDC,AAABAABCCD,,,0,39,,,,,,,,,,L_T1_GTR03_51000001,,,
83348,10,,,,,,,,,41,45,42,500000000000500000000000250000000007521000000000500000000000000000000000,,00000050,,,,,,,,5,5,0,11,11,50,,552555124145,AABAAACBDCDA,AAABAABCCDAD,,,0,50,,,,,,,,,,L_T1_GTR03_51000001,,,,41,45,42,500000000000500000000000250000000007521000000000500000000000000000000000,,00000050,,,,,,,,5,5,0,11,11,50,,552555124145,AABAAACBDCDA,AAABAABCCDAD,,,0,50,,,,,,,,,,L_T1_GTR03_51000001,,,
83384,11,,,,,,,,,45,42,15,500000000000500000000000250000000007521140000000500000000000000000000000,,00000059,,,,,,,,6,6,0,9,9,59,,55255512414542,AABAAACBDCDADB,AAABAABCCDADBD,,,0,59,,,,,,,,,,L_T1_GTR03_51000001,,,,41,45,42,500000000000500000000000250000000007521000000000500000000000000000000000,,00000050,,,,,,,,5,5,0,11,11,50,,552555124145,AABAAACBDCDA,AAABAABCCDAD,,,0,50,,,,,,,,,,L_T1_GTR03_51000001,,,
83393,12,,,,,,,,,45,42,15,500000000000500000000000250000000007521140000000500000000000000000000000,,00000059,,,,,,,,6,6,0,9,9,59,,55255512414542,AABAAACBDCDADB,AAABAABCCDADBD,,,0,59,,,,,,,,,,L_T1_GTR03_51000001,,,,45,42,15,500000000000500000000000250000000007521140000000500000000000000000000000,,00000059,,,,,,,,6,6,0,9,9,59,,55255512414542,AABAAACBDCDADB,AAABAABCCDADBD,,,0,59,,,,,,,,,,L_T1_GTR03_51000001,,,
83440,13,,,,,,,,,42,15,22,500000000000500000000000250000000007521140000000500000000000540000000000,,00000071,,,,,,,,7,7,0,12,12,71,,5525551241454215,AABAAACBDCDADBCA,AAABAABCCDADBDAC,,,0,71,,,,,,,,,,,,,,45,42,15,500000000000500000000000250000000007521140000000500000000000000000000000,,00000059,,,,,,,,6,6,0,9,9,59,,55255512414542,AABAAACBDCDADB,AAABAABCCDADBD,,,0,59,,,,,,,,,,L_T1_GTR03_51000001,,,
83448,14,,,,,,,,,42,15,22,500000000000500000000000250000000007521140000000500000000000540000000000,,00000071,,,,,,,,7,7,0,12,12,71,,5525551241454215,AABAAACBDCDADBCA,AAABAABCCDADBDAC,,,0,71,,,,,,,,,,,,,,42,15,22,500000000000500000000000250000000007521140000000500000000000540000000000,,00000071,,,,,,,,7,7,0,12,12,71,,5525551241454215,AABAAACBDCDADBCA,AAABAABCCDADBDAC,,,0,71,,,,,,,,,,,,,
83492,15,,,,,,,,,15,22,54,500000000000500000000000250000000007521140000000524000000000540000000000,,00000082,,,,,,,,8,8,0,11,11,82,,552555124145421522,AABAAACBDCDADBCABB,AAABAABCCDADBDACBB,,,0,82,,,,,,,,,,,,,,42,15,22,500000000000500000000000250000000007521140000000500000000000540000000000,,00000071,,,,,,,,7,7,0,12,12,71,,5525551241454215,AABAAACBDCDADBCA,AAABAABCCDADBDAC,,,0,71,,,,,,,,,,,,,
83520,16,,,,,,,,,15,22,54,500000000000500000000000250000000007521140000000524000000000540000000000,,00000082,,,,,,,,8,8,0,11,11,82,,552555124145421522,AABAAACBDCDADBCABB,AAABAABCCDADBDACBB,,,0,82,,,,,,,,,,,,,,15,22,54,500000000000500000000000250000000007521140000000520000000000544000000000,,00000082,,,,,,,,8,8,0,11,11,82,,552555124145421522,AABAAACBDCDADBCABB,AAABAABCCDADBDACBB,,,0,82,,,,,,,,,,,,,
83545,17,,,,,,,,,22,54,12,500000000000500000000000250000000007521140000000524000000000541500000000,,00000093,,,,,,,,9,9,0,11,11,93,,55255512414542152254,AABAAACBDCDADBCABBAD,AAABAABCCDADBDACBBAD,,,0,93,,,,,,,,,,,,,,15,22,54,500000000000500000000000250000000007521140000000520000000000544000000000,,00000082,,,,,,,,8,8,0,11,11,82,,552555124145421522,AABAAACBDCDADBCABB,AAABAABCCDADBDACBB,,,0,82,,,,,,,,,,,,,
83568,18,,,,,,,,,22,54,12,500000000000500000000000250000000007521140000000524000000000541500000000,,00000093,,,,,,,,9,9,0,11,11,93,,55255512414542152254,AABAAACBDCDADBCABBAD,AAABAABCCDADBDACBBAD,,,0,93,,,,,,,,,,,,,,22,54,12,500000000000500000000000250000000007521140000000520000000000544510000000,,00000091,,,,,,,,9,9,0,9,9,91,,55255512414542152254,AABAAACBDCDADBCABBAD,AAABAABCCDADBDACBBAD,,,0,91,,,,,,,,,,R_T1_GTR03_22110002,,,
83594,19,,,,,,,,,54,12,11,520000000000520000000000250000000007521140000000524000000000541500000000,,00000105,,,,,,,,10,10,0,12,12,105,,5525551241454215225412,AABAAACBDCDADBCABBADCB,AAABAABCCDADBDACBBADBC,,,0,105,,,,,,,,,,L_T1_GTR03_33000003,,,,22,54,12,500000000000500000000000250000000007521140000000520000000000544510000000,,00000091,,,,,,,,9,9,0,9,9,91,,55255512414542152254,AABAAACBDCDADBCABBAD,AAABAABCCDADBDACBBAD,,,0,91,,,,,,,,,,R_T1_GTR03_22110002,,,
83617,20,,,,,,,,,54,12,11,520000000000520000000000250000000007521140000000524000000000541500000000,,00000105,,,,,,,,10,10,0,12,12,105,,5525551241454215225412,AABAAACBDCDADBCABBADCB,AAABAABCCDADBDACBBADBC,,,0,105,,,,,,,,,,L_T1_GTR03_33000003,,,,54,12,11,520000000000520000000000250000000007521140000000520000000000544510000000,,00000103,,,,,,,,10,10,0,12,12,103,,5525551241454215225412,AABAAACBDCDADBCABBADCB,AAABAABCCDADBDACBBADBC,,,0,103,,,,,,,,,,L_T1_GTR03_33000003/R_T1_GTR03_22110002,,,
83642,21,,,,,,,,,12,11,45,520000000000525400000000250000000007521140000000524000000000541500000000,,00000116,,,,,,,,11,11,0,11,11,116,,552555124145421522541211,AABAAACBDCDADBCABBADCBCC,AAABAABCCDADBDACBBADBCCC,,,0,116,,,,,L_T1_GTR___hekomi__,,,,,L_T1_GTR03_33000003,,,,54,12,11,520000000000520000000000250000000007521140000000520000000000544510000000,,00000103,,,,,,,,10,10,0,12,12,103,,5525551241454215225412,AABAAACBDCDADBCABBADCB,AAABAABCCDADBDACBBADBC,,,0,103,,,,,,,,,,L_T1_GTR03_33000003/R_T1_GTR03_22110002,,,
83666,22,,,,,,,,,12,11,45,520000000000525400000000250000000007521140000000524000000000541500000000,,00000116,,,,,,,,11,11,0,11,11,116,,552555124145421522541211,AABAAACBDCDADBCABBADCBCC,AAABAABCCDADBDACBBADBCCC,,,0,116,,,,,L_T1_GTR___hekomi__,,,,,L_T1_GTR03_33000003,,,,12,11,45,520000000000525400000000250000000007521140000000520000000000544510000000,,00000114,,,,,,,,11,11,0,11,11,114,,552555124145421522541211,AABAAACBDCDADBCABBADCBCC,AAABAABCCDADBDACBBADBCCC,,,0,114,,,,,L_T1_GTR___hekomi__,,,,,L_T1_GTR03_33000003/R_T1_GTR03_22110002,,,
83710,23,,,,,,,,,11,45,12,520000000000525410000000252000000007521140000000524000000000541500000000,,00000125,,,,,,,,12,12,0,9,9,125,,55255512414542152254121145,AABAAACBDCDADBCABBADCBCCDA,AAABAABCCDADBDACBBADBCCCAD,,,0,125,,,,,L_T1_GTR___hekomi__,,,,,L_T1_GTR03_33000003,,,,12,11,45,520000000000525400000000250000000007521140000000520000000000544510000000,,00000114,,,,,,,,11,11,0,11,11,114,,552555124145421522541211,AABAAACBDCDADBCABBADCBCC,AAABAABCCDADBDACBBADBCCC,,,0,114,,,,,L_T1_GTR___hekomi__,,,,,L_T1_GTR03_33000003/R_T1_GTR03_22110002,,,
83714,24,,,,,,,,,11,45,12,520000000000525410000000252000000007521140000000524000000000541500000000,,00000125,,,,,,,,12,12,0,9,9,125,,55255512414542152254121145,AABAAACBDCDADBCABBADCBCCDA,AAABAABCCDADBDACBBADBCCCAD,,,0,125,,,,,L_T1_GTR___hekomi__,,,,,L_T1_GTR03_33000003,,,,11,45,12,522100000000525400000000250000000007521140000000520000000000544510000000,,00000124,,,,,,,,12,12,0,10,10,124,,55255512414542152254121145,AABAAACBDCDADBCABBADCBCCDA,AAABAABCCDADBDACBBADBCCCAD,,,0,124,,,,,L_T1_GTR___standard,,,,,L_T1_GTR03_33000001/R_T1_GTR03_22110002,,,
83757,25,,,,,,,,,11,45,12,520000000000525410000000252000000007521140000000524000000000541500000000,,00000125,,,,,,,,12,12,0,9,9,125,,55255512414542152254121145,AABAAACBDCDADBCABBADCBCCDA,AAABAABCCDADBDACBBADBCCCAD,,,0,125,,,,,L_T1_GTR___hekomi__,,,,,L_T1_GTR03_33000003,,,,45,12,25,522111000000525400000000250000000007521140000000520000000000544510000000,,00000132,,,,,,,,13,13,0,8,8,132,,5525551241454215225412114512,AABAAACBDCDADBCABBADCBCCDACB,AAABAABCCDADBDACBBADBCCCADBC,,,0,132,,,,,L_T1_GTR___standard,,,,,L_T1_GTR03_33000001/R_T1_GTR03_22110002,,,
83776,26,,,,,,,,,45,12,25,520000000000525410000000252000000007521141000000524100000000541500000000,,00000133,,,,,,,,13,13,0,8,8,133,,5525551241454215225412114512,AABAAACBDCDADBCABBADCBCCDACB,AAABAABCCDADBDACBBADBCCCADBC,,,0,133,,,,,L_T1_GTR___hekomi__,,,,,L_T1_GTR03_33000003,,,,45,12,25,522111000000525400000000250000000007521140000000520000000000544510000000,,00000132,,,,,,,,13,13,0,8,8,132,,5525551241454215225412114512,AABAAACBDCDADBCABBADCBCCDACB,AAABAABCCDADBDACBBADBCCCADBC,,,0,132,,,,,L_T1_GTR___standard,,,,,L_T1_GTR03_33000001/R_T1_GTR03_22110002,,,
83802,27,,,,,,,,,45,12,25,520000000000525410000000252000000007521141000000524100000000541500000000,,00000133,,,,,,,,13,13,0,8,8,133,,5525551241454215225412114512,AABAAACBDCDADBCABBADCBCCDACB,AAABAABCCDADBDACBBADBCCCADBC,,,0,133,,,,,L_T1_GTR___hekomi__,,,,,L_T1_GTR03_33000003,,,,12,25,42,522111000000525445000000250000000007521140000000520000000000544510000000,,00000141,,,,,,,,14,14,0,9,9,141,,552555124145421522541211451225,AABAAACBDCDADBCABBADCBCCDACBBA,AAABAABCCDADBDACBBADBCCCADBCAB,,,0,141,,,,,L_T1_GTR___standard,,,,,L_T1_GTR03_33000001/R_T1_GTR03_22110002,,,
83824,28,,,,,,,,,12,25,42,520000000000525410000000252000000007521141000000524140000000541550000000,,00000142,,,,,,,,14,14,0,9,9,142,,552555124145421522541211451225,AABAAACBDCDADBCABBADCBCCDACBBA,AAABAABCCDADBDACBBADBCCCADBCAB,,,0,142,,,,,L_T1_GTR___hekomi__,,,,,L_T1_GTR03_33000003,,,,12,25,42,522111000000525445000000250000000007521140000000520000000000544510000000,,00000141,,,,,,,,14,14,0,9,9,141,,552555124145421522541211451225,AABAAACBDCDADBCABBADCBCCDACBBA,AAABAABCCDADBDACBBADBCCCADBCAB,,,0,141,,,,,L_T1_GTR___standard,,,,,L_T1_GTR03_33000001/R_T1_GTR03_22110002,,,
83846,29,,,,,,,,,12,25,42,520000000000525410000000252000000007521141000000524140000000541550000000,,00000142,,,,,,,,14,14,0,9,9,142,,552555124145421522541211451225,AABAAACBDCDADBCABBADCBCCDACBBA,AAABAABCCDADBDACBBADBCCCADBCAB,,,0,142,,,,,L_T1_GTR___hekomi__,,,,,L_T1_GTR03_33000003,,,,25,42,15,522111000000525445000000252100000007521140000000520000000000544510000000,,00000151,,,,,,,,15,15,0,10,10,151,,55255512414542152254121145122542,AABAAACBDCDADBCABBADCBCCDACBBADB,AAABAABCCDADBDACBBADBCCCADBCABBD,,,0,151,,,,,L_T1_GTR___standard,,,,,L_T1_GTR03_33000001/R_T1_GTR03_22110002,,,
83872,30,,,,,,,,,25,42,15,522100000000525410000000252000000007521141000000524140000000541550000000,,00000152,,,,,,,,15,15,0,10,10,152,,55255512414542152254121145122542,AABAAACBDCDADBCABBADCBCCDACBBADB,AAABAABCCDADBDACBBADBCCCADBCABBD,,,0,152,,,,,L_T1_GTR___standard,,,,,L_T1_GTR03_33000001,,,,25,42,15,522111000000525445000000252100000007521140000000520000000000544510000000,,00000151,,,,,,,,15,15,0,10,10,151,,55255512414542152254121145122542,AABAAACBDCDADBCABBADCBCCDACBBADB,AAABAABCCDADBDACBBADBCCCADBCABBD,,,0,151,,,,,L_T1_GTR___standard,,,,,L_T1_GTR03_33000001/R_T1_GTR03_22110002,,,
83889,31,,,,,,,,,25,42,15,522100000000525410000000252000000007521141000000524140000000541550000000,,00000152,,,,,,,,15,15,0,10,10,152,,55255512414542152254121145122542,AABAAACBDCDADBCABBADCBCCDACBBADB,AAABAABCCDADBDACBBADBCCCADBCABBD,,,0,152,,,,,L_T1_GTR___standard,,,,,L_T1_GTR03_33000001,,,,42,15,15,522111200000525445500000252100000007521140000000520000000000544510000000,,00000158,,,,,,,,16,16,0,7,7,158,,5525551241454215225412114512254215,AABAAACBDCDADBCABBADCBCCDACBBADBCA,AAABAABCCDADBDACBBADBCCCADBCABBDAC,,,0,158,,,,,L_T1_GTR___standard,,,,,L_T1_GTR03_33000001/R_T1_GTR03_22110002,,,
83918,32,,,,,,,,,42,15,15,522100000000525410000000252000000007521141000000524142000000541555000000,,00000160,,,,,,,,16,16,0,8,8,160,,5525551241454215225412114512254215,AABAAACBDCDADBCABBADCBCCDACBBADBCA,AAABAABCCDADBDACBBADBCCCADBCABBDAC,,,0,160,,,,,L_T1_GTR___standard,,,,,L_T1_GTR03_33000001,,,,42,15,15,522111200000525445500000252100000007521140000000520000000000544510000000,,00000158,,,,,,,,16,16,0,7,7,158,,5525551241454215225412114512254215,AABAAACBDCDADBCABBADCBCCDACBBADBCA,AAABAABCCDADBDACBBADBCCCADBCABBDAC,,,0,158,,,,,L_T1_GTR___standard,,,,,L_T1_GTR03_33000001/R_T1_GTR03_22110002,,,
83936,33,,,,,,,,,42,15,15,522100000000525410000000252000000007521141000000524142000000541555000000,,00000160,,,,,,,,16,16,0,8,8,160,,5525551241454215225412114512254215,AABAAACBDCDADBCABBADCBCCDACBBADBCA,AAABAABCCDADBDACBBADBCCCADBCABBDAC,,,0,160,,,,,L_T1_GTR___standard,,,,,L_T1_GTR03_33000001,,,,15,15,24,522111200000525445500000252100000007521140000000522400000000544510000000,,00000168,,,,,,,,17,17,0,10,10,168,,552555124145421522541211451225421515,AABAAACBDCDADBCABBADCBCCDACBBADBCACA,AAABAABCCDADBDACBBADBCCCADBCABBDACAC,,,0,168,,,,,L_T1_GTR___standard,,,,,L_T1_GTR03_33000001/R_T1_GTR03_22110002,,,
83962,34,,,,,,,,,15,15,24,522100000000525410000000252420000007521141000000524142000000541555000000,,00000170,,,,,,,,17,17,0,10,10,170,,552555124145421522541211451225421515,AABAAACBDCDADBCABBADCBCCDACBBADBCACA,AAABAABCCDADBDACBBADBCCCADBCABBDACAC,,,0,170,,,,,L_T1_GTR___standard,,,,,L_T1_GTR03_33000001,,,,15,15,24,522111200000525445500000252100000007521140000000522400000000544510000000,,00000168,,,,,,,,17,17,0,10,10,168,,552555124145421522541211451225421515,AABAAACBDCDADBCABBADCBCCDACBBADBCACA,AAABAABCCDADBDACBBADBCCCADBCABBDACAC,,,0,168,,,,,L_T1_GTR___standard,,,,,L_T1_GTR03_33000001/R_T1_GTR03_22110002,,,
83976,35,,,,,,,,,15,15,24,522100000000525410000000252420000007521141000000524142000000541555000000,,00000170,,,,,,,,17,17,0,10,10,170,,552555124145421522541211451225421515,AABAAACBDCDADBCABBADCBCCDACBBADBCACA,AAABAABCCDADBDACBBADBCCCADBCABBDACAC,,,0,170,,,,,L_T1_GTR___standard,,,,,L_T1_GTR03_33000001,,,,15,24,24,522111200000525445500000252151000007521140000000522400000000544510000000,,00000176,,,,,,,,18,18,0,8,8,176,,55255512414542152254121145122542151524,AABAAACBDCDADBCABBADCBCCDACBBADBCACABD,AAABAABCCDADBDACBBADBCCCADBCABBDACACBD,,,0,176,,,,,L_T1_GTR___standard,,,,,L_T1_GTR03_33000001/R_T1_GTR03_22110002,,,
84008,36,,,,,,,,,15,24,24,522115000000525410000000252420000007521141000000524142000000541555000000,,00000179,,,,,,,,18,18,0,9,9,179,,55255512414542152254121145122542151524,AABAAACBDCDADBCABBADCBCCDACBBADBCACABD,AAABAABCCDADBDACBBADBCCCADBCABBDACACBD,,,0,179,,,,,L_T1_GTR___standard,,,,,L_T1_GTR03_33000001,,,,15,24,24,522111200000525445500000252151000007521140000000522400000000544510000000,,00000176,,,,,,,,18,18,0,8,8,176,,55255512414542152254121145122542151524,AABAAACBDCDADBCABBADCBCCDACBBADBCACABD,AAABAABCCDADBDACBBADBCCCADBCABBDACACBD,,,0,176,,,,,L_T1_GTR___standard,,,,,L_T1_GTR03_33000001/R_T1_GTR03_22110002,,,
84014,37,,,,,,,,,15,24,24,522115000000525410000000252420000007521141000000524142000000541555000000,,00000179,,,,,,,,18,18,0,9,9,179,,55255512414542152254121145122542151524,AABAAACBDCDADBCABBADCBCCDACBBADBCACABD,AAABAABCCDADBDACBBADBCCCADBCABBDACACBD,,,0,179,,,,,L_T1_GTR___standard,,,,,L_T1_GTR03_33000001,,,,24,24,24,522111200000525445500000252151150007521140000000522400000000544510000000,,00000183,,,,,,,,19,19,0,7,7,183,,5525551241454215225412114512254215152424,AABAAACBDCDADBCABBADCBCCDACBBADBCACABDBD,AAABAABCCDADBDACBBADBCCCADBCABBDACACBDBD,,,0,183,,,,,L_T1_GTR___standard,,,,,L_T1_GTR03_33000001/R_T1_GTR03_22110002,,,
84048,38,,,,,,,,,24,24,24,522115510000525410000000252420000007521141000000524142000000541555000000,,00000185,,,,,,,,19,19,0,6,6,185,,5525551241454215225412114512254215152424,AABAAACBDCDADBCABBADCBCCDACBBADBCACABDBD,AAABAABCCDADBDACBBADBCCCADBCABBDACACBDBD,,,0,185,,,,,L_T1_GTR___standard,,,,,L_T1_GTR03_33000001,,,,24,24,24,522111200000525445500000252151150007521140000000522400000000544510000000,,00000183,,,,,,,,19,19,0,7,7,183,,5525551241454215225412114512254215152424,AABAAACBDCDADBCABBADCBCCDACBBADBCACABDBD,AAABAABCCDADBDACBBADBCCCADBCABBDACACBDBD,,,0,183,,,,,L_T1_GTR___standard,,,,,L_T1_GTR03_33000001/R_T1_GTR03_22110002,,,
84054,39,,,,,,,,,24,24,24,522115510000525410000000252420000007521141000000524142000000541555000000,,00000185,,,,,,,,19,19,0,6,6,185,,5525551241454215225412114512254215152424,AABAAACBDCDADBCABBADCBCCDACBBADBCACABDBD,AAABAABCCDADBDACBBADBCCCADBCABBDACACBDBD,,,0,185,,,,,L_T1_GTR___standard,,,,,L_T1_GTR03_33000001,,,,24,24,21,522111220000525445540000252151150007521140000000522400000000544510000000,,00000189,,,,,,,,20,20,0,6,6,189,,552555124145421522541211451225421515242424,AABAAACBDCDADBCABBADCBCCDACBBADBCACABDBDBD,AAABAABCCDADBDACBBADBCCCADBCABBDACACBDBDBD,,,0,189,,,,,L_T1_GTR___standard,,,,,L_T1_GTR03_33000001/R_T1_GTR03_22110002,,,
84092,40,,,,,,,,,24,24,24,522115510000525410000000252420000007521141000000524142000000541555000000,,00000185,,,,,,,,19,19,0,6,6,185,,5525551241454215225412114512254215152424,AABAAACBDCDADBCABBADCBCCDACBBADBCACABDBD,AAABAABCCDADBDACBBADBCCCADBCABBDACACBDBD,,,0,185,,,,,L_T1_GTR___standard,,,,,L_T1_GTR03_33000001,,,,24,21,54,522111222000525445544000252151150007521140000000522400000000544510000000,,00000194,,,,,,,,21,21,0,5,5,194,,55255512414542152254121145122542151524242421,AABAAACBDCDADBCABBADCBCCDACBBADBCACABDBDBDBC,AAABAABCCDADBDACBBADBCCCADBCABBDACACBDBDBDBC,,,0,194,,,,,L_T1_GTR___standard,,,,,L_T1_GTR03_33000001/R_T1_GTR03_22110002,,,
84106,41,,,,,,,,,24,24,21,522115512400525410000000252420000007521141000000524142000000541555000000,,00000190,,,,,,,,20,20,0,5,5,190,,552555124145421522541211451225421515242424,AABAAACBDCDADBCABBADCBCCDACBBADBCACABDBDBD,AAABAABCCDADBDACBBADBCCCADBCABBDACACBDBDBD,,,0,190,,,,,L_T1_GTR___standard,,,,,L_T1_GTR03_33000001,,,,24,21,54,522111222000525445544000252151150007521140000000522400000000544510000000,,00000194,,,,,,,,21,21,0,5,5,194,,55255512414542152254121145122542151524242421,AABAAACBDCDADBCABBADCBCCDACBBADBCACABDBDBDBC,AAABAABCCDADBDACBBADBCCCADBCABBDACACBDBDBDBC,,,0,194,,,,,L_T1_GTR___standard,,,,,L_T1_GTR03_33000001/R_T1_GTR03_22110002,,,
84152,42,,,,,,,,,24,24,21,522115512400525410000000252420000007521141000000524142000000541555000000,,00000190,,,,,,,,20,20,0,5,5,190,,552555124145421522541211451225421515242424,AABAAACBDCDADBCABBADCBCCDACBBADBCACABDBDBD,AAABAABCCDADBDACBBADBCCCADBCABBDACACBDBDBD,,,0,190,,,,,L_T1_GTR___standard,,,,,L_T1_GTR03_33000001,,,,21,54,44,522111222000525445544000252151150007521142000000522440000000544510000000,,00000202,,,,,,,,22,22,0,8,8,202,,5525551241454215225412114512254215152424242154,AABAAACBDCDADBCABBADCBCCDACBBADBCACABDBDBDBCAD,AAABAABCCDADBDACBBADBCCCADBCABBDACACBDBDBDBCAD,,,0,202,,,,,L_T1_GTR___standard,,,,,L_T1_GTR03_33000001/R_T1_GTR03_22110002,,,
84162,43,,,,,,,,,24,21,54,522115512400525412400000252420000007521141000000524142000000541555000000,,00000198,,,,,,,,21,21,0,8,8,198,,55255512414542152254121145122542151524242421,AABAAACBDCDADBCABBADCBCCDACBBADBCACABDBDBDBC,AAABAABCCDADBDACBBADBCCCADBCABBDACACBDBDBDBC,,,0,198,,,,,L_T1_GTR___standard,,,,,L_T1_GTR03_33000001,,,,21,54,44,522111222000525445544000252151150007521142000000522440000000544510000000,,00000202,,,,,,,,22,22,0,8,8,202,,5525551241454215225412114512254215152424242154,AABAAACBDCDADBCABBADCBCCDACBBADBCACABDBDBDBCAD,AAABAABCCDADBDACBBADBCCCADBCABBDACACBDBDBDBCAD,,,0,202,,,,,L_T1_GTR___standard,,,,,L_T1_GTR03_33000001/R_T1_GTR03_22110002,,,
84194,44,,,,,,,,,24,21,54,522115512400525412400000252420000007521141000000524142000000541555000000,,00000198,,,,,,,,21,21,0,8,8,198,,55255512414542152254121145122542151524242421,AABAAACBDCDADBCABBADCBCCDACBBADBCACABDBDBDBC,AAABAABCCDADBDACBBADBCCCADBCABBDACACBDBDBDBC,,,0,198,,,,,L_T1_GTR___standard,,,,,L_T1_GTR03_33000001,,,,54,44,14,522111222000525445544000252151150007521142000000522441200000544510000000,,00000209,,,,,,,,23,23,0,7,7,209,,552555124145421522541211451225421515242424215444,AABAAACBDCDADBCABBADCBCCDACBBADBCACABDBDBDBCADDD,AAABAABCCDADBDACBBADBCCCADBCABBDACACBDBDBDBCADDD,,,0,209,,,,,L_T1_GTR___standard,,,,,L_T1_GTR03_33000001/R_T1_GTR03_22110002,,,
84202,45,,,,,,,,,21,54,44,522115512400525412400000252422400007521141000000524142000000541555000000,,00000206,,,,,,,,22,22,0,8,8,206,,5525551241454215225412114512254215152424242154,AABAAACBDCDADBCABBADCBCCDACBBADBCACABDBDBDBCAD,AAABAABCCDADBDACBBADBCCCADBCABBDACACBDBDBDBCAD,,,0,206,,,,,L_T1_GTR___standard,,,,,L_T1_GTR03_33000001,,,,54,44,14,522111222000525445544000252151150007521142000000522441200000544510000000,,00000209,,,,,,,,23,23,0,7,7,209,,552555124145421522541211451225421515242424215444,AABAAACBDCDADBCABBADCBCCDACBBADBCACABDBDBDBCADDD,AAABAABCCDADBDACBBADBCCCADBCABBDACACBDBDBDBCADDD,,,0,209,,,,,L_T1_GTR___standard,,,,,L_T1_GTR03_33000001/R_T1_GTR03_22110002,,,
84240,46,,,,,,,,,54,44,14,522115512400525412420000252422410007521141000000524142000000541555000000,,00000212,,,,,,,,23,23,0,6,6,212,,552555124145421522541211451225421515242424215444,AABAAACBDCDADBCABBADCBCCDACBBADBCACABDBDBDBCADDD,AAABAABCCDADBDACBBADBCCCADBCABBDACACBDBDBDBCADDD,,,0,212,,,,,L_T1_GTR___standard,,,,,L_T1_GTR03_33000001,,,,54,44,14,522111222000525445544000252151150007521142000000522441200000544510000000,,00000209,,,,,,,,23,23,0,7,7,209,,552555124145421522541211451225421515242424215444,AABAAACBDCDADBCABBADCBCCDACBBADBCACABDBDBDBCADDD,AAABAABCCDADBDACBBADBCCCADBCABBDACACBDBDBDBCADDD,,,0,209,,,,,L_T1_GTR___standard,,,,,L_T1_GTR03_33000001/R_T1_GTR03_22110002,,,
84248,47,,,,,,,,,54,44,14,522115512400525412420000252422410007521141000000524142000000541555000000,,00000212,,,,,,,,23,23,0,6,6,212,,552555124145421522541211451225421515242424215444,AABAAACBDCDADBCABBADCBCCDACBBADBCACABDBDBDBCADDD,AAABAABCCDADBDACBBADBCCCADBCABBDACACBDBDBDBCADDD,,,0,212,,,,,L_T1_GTR___standard,,,,,L_T1_GTR03_33000001,,,,44,14,24,522111222000525445544400252151155007521142000000522441200000544510000000,,00000213,,,,,,,,24,24,0,4,4,213,,55255512414542152254121145122542151524242421544414,AABAAACBDCDADBCABBADCBCCDACBBADBCACABDBDBDBCADDDCD,AAABAABCCDADBDACBBADBCCCADBCABBDACACBDBDBDBCADDDCD,,,0,213,,,,,L_T1_GTR___standard,,,,,L_T1_GTR03_33000001/R_T1_GTR03_22110002,,,
84288,49,,,,,,,,,44,14,24,522115512400525412420000252422410007521141400000524142500000541555000000,,00000219,,,,,,,,24,24,0,7,7,219,,55255512414542152254121145122542151524242421544414,AABAAACBDCDADBCABBADCBCCDACBBADBCACABDBDBDBCADDDCD,AAABAABCCDADBDACBBADBCCCADBCABBDACACBDBDBDBCADDDCD,,,0,219,,,,,L_T1_GTR___standard,,,,,L_T1_GTR03_33000001,,,,14,24,11,522111222000525445544400252151155007521142000000522441244000544510000000,,00000218,,,,,,,,25,25,0,5,5,218,,5525551241454215225412114512254215152424242154441424,AABAAACBDCDADBCABBADCBCCDACBBADBCACABDBDBDBCADDDCDBD,AAABAABCCDADBDACBBADBCCCADBCABBDACACBDBDBDBCADDDCDBD,,,0,218,,,,,L_T1_GTR___standard,,,,,L_T1_GTR03_33000001/R_T1_GTR03_22110002,,,
84328,50,,,,,,,,,44,14,24,522115512400525412420000252422410007521141400000524142500000541555000000,,00000219,,,,,,,,24,24,0,7,7,219,,55255512414542152254121145122542151524242421544414,AABAAACBDCDADBCABBADCBCCDACBBADBCACABDBDBDBCADDDCD,AAABAABCCDADBDACBBADBCCCADBCABBDACACBDBDBDBCADDDCD,,,0,219,,,,,L_T1_GTR___standard,,,,,L_T1_GTR03_33000001,,,,24,11,21,522111222000525445544400252151155007521142140000522441244000544510000000,,00000225,,,,,,,,26,26,0,7,7,225,,552555124145421522541211451225421515242424215444142411,AABAAACBDCDADBCABBADCBCCDACBBADBCACABDBDBDBCADDDCDBDCC,AAABAABCCDADBDACBBADBCCCADBCABBDACACBDBDBDBCADDDCDBDCC,,,0,225,,,,,L_T1_GTR___standard,,,,,L_T1_GTR03_33000001/R_T1_GTR03_22110002,,,
84329,51,,,,,,,,,14,24,11,522115512400525412420000252422410007521141400000524142500000541555440000,,00000225,,,,,,,,25,25,0,6,6,225,,5525551241454215225412114512254215152424242154441424,AABAAACBDCDADBCABBADCBCCDACBBADBCACABDBDBDBCADDDCDBD,AAABAABCCDADBDACBBADBCCCADBCABBDACACBDBDBDBCADDDCDBD,,,0,225,,,,,L_T1_GTR___standard,,,,,L_T1_GTR03_33000001,,,,24,11,21,522111222000525445544400252151155007521142140000522441244000544510000000,,00000225,,,,,,,,26,26,0,7,7,225,,552555124145421522541211451225421515242424215444142411,AABAAACBDCDADBCABBADCBCCDACBBADBCACABDBDBDBCADDDCDBDCC,AAABAABCCDADBDACBBADBCCCADBCABBDACACBDBDBDBCADDDCDBDCC,,,0,225,,,,,L_T1_GTR___standard,,,,,L_T1_GTR03_33000001/R_T1_GTR03_22110002,,,
84368,52,,,,,,,,,24,11,21,522115512400525412420000252422410007521141410000524142540000541555440000,,00000231,,,,,,,,26,26,0,6,6,231,,552555124145421522541211451225421515242424215444142411,AABAAACBDCDADBCABBADCBCCDACBBADBCACABDBDBDBCADDDCDBDCC,AAABAABCCDADBDACBBADBCCCADBCABBDACACBDBDBDBCADDDCDBDCC,,,0,231,,,,,L_T1_GTR___standard,,,,,L_T1_GTR03_33000001,,,,24,11,21,522111222000525445544400252151155007521142140000522441244000544510000000,,00000225,,,,,,,,26,26,0,7,7,225,,552555124145421522541211451225421515242424215444142411,AABAAACBDCDADBCABBADCBCCDACBBADBCACABDBDBDBCADDDCDBDCC,AAABAABCCDADBDACBBADBCCCADBCABBDACACBDBDBDBCADDDCDBDCC,,,0,225,,,,,L_T1_GTR___standard,,,,,L_T1_GTR03_33000001/R_T1_GTR03_22110002,,,
84371,53,,,,,,,,,24,11,21,522115512400525412420000252422410007521141410000524142540000541555440000,,00000231,,,,,,,,26,26,0,6,6,231,,552555124145421522541211451225421515242424215444142411,AABAAACBDCDADBCABBADCBCCDACBBADBCACABDBDBDBCADDDCDBDCC,AAABAABCCDADBDACBBADBCCCADBCABBDACACBDBDBDBCADDDCDBDCC,,,0,231,,,,,L_T1_GTR___standard,,,,,L_T1_GTR03_33000001,,,,,11,21,522111222200525445544440252151155007521142140000522441244000544510000000,,bb80abb3,,,,,,,,27,0,1,bb80abb3,240,465,,552555124145421522541211451225421515242424215444142411,AABAAACBDCDADBCABBADCBCCDACBBADBCACABDBDBDBCADDDCDBDCC,AAABAABCCDADBDACBBADBCCCADBCABBDACACBDBDBDBCADDDCDBDCC,,,1,465,,,,,L_T1_GTR___standard,,,,,L_T1_GTR03_33000001/R_T1_GTR03_22110002,,,
84406,54,,,,,,,,,11,21,45,522115512400525412422000252422414007521141410000524142540000541555440000,,00000236,,,,,,,,27,27,0,5,5,236,,55255512414542152254121145122542151524242421544414241121,AABAAACBDCDADBCABBADCBCCDACBBADBCACABDBDBDBCADDDCDBDCCBC,AAABAABCCDADBDACBBADBCCCADBCABBDACACBDBDBDBCADDDCDBDCCBC,,,0,236,,,,,L_T1_GTR___standard,,,,,L_T1_GTR03_33000001,,,,,11,21,522111222200525445544440252151155007521142140000522441244000544510000000,,bb80abb3,,,,,,,,27,0,1,bb80abb3,240,465,,552555124145421522541211451225421515242424215444142411,AABAAACBDCDADBCABBADCBCCDACBBADBCACABDBDBDBCADDDCDBDCC,AAABAABCCDADBDACBBADBCCCADBCABBDACACBDBDBDBCADDDCDBDCC,,,1,465,,,,,L_T1_GTR___standard,,,,,L_T1_GTR03_33000001/R_T1_GTR03_22110002,,,
84433,55,,,,,,,,,,21,45,522115512400525412422000252422414007521141411000524142541000541555440000,,bb40abb1,,,,,,,,28,0,1,bb40abb1,40,276,,55255512414542152254121145122542151524242421544414241121,AABAAACBDCDADBCABBADCBCCDACBBADBCACABDBDBDBCADDDCDBDCCBC,AAABAABCCDADBDACBBADBCCCADBCABBDACACBDBDBDBCADDDCDBDCCBC,,,1,276,,,,,L_T1_GTR___standard,,,,,L_T1_GTR03_33000001,,,,,11,21,522111222200525445544440252151155007521142140000522441244000544510000000,,bb80abb3,,,,,,,,27,0,1,bb80abb3,240,465,,552555124145421522541211451225421515242424215444142411,AABAAACBDCDADBCABBADCBCCDACBBADBCACABDBDBDBCADDDCDBDCC,AAABAABCCDADBDACBBADBCCCADBCABBDACACBDBDBDBCADDDCDBDCC,,,1,465,,,,,L_T1_GTR___standard,,,,,L_T1_GTR03_33000001/R_T1_GTR03_22110002,,,
84436,56,,,,,,,,,,21,45,522115512400525412422000252422414007521141411000524142541000541555440000,,bb40abb1,,,,,,,,28,0,1,bb40abb1,40,276,,55255512414542152254121145122542151524242421544414241121,AABAAACBDCDADBCABBADCBCCDACBBADBCACABDBDBDBCADDDCDBDCCBC,AAABAABCCDADBDACBBADBCCCADBCABBDACACBDBDBDBCADDDCDBDCCBC,,,1,276,,,,,L_T1_GTR___standard,,,,,L_T1_GTR03_33000001,,,,11,21,45,522111000000525445500000252151155007521142140000522441244000544510000000,,00000468,,,,,,,,28,1,0,3,3,468,,55255512414542152254121145122542151524242421544414241121,AABAAACBDCDADBCABBADCBCCDACBBADBCACABDBDBDBCADDDCDBDCCBC,AAABAABCCDADBDACBBADBCCCADBCABBDACACBDBDBDBCADDDCDBDCCBC,,,1,468,,,,,L_T1_GTR___standard,,,,,L_T1_GTR03_33000001/R_T1_GTR03_22110002,,,
84475,57,,,,,,,,,,21,45,522115512400525412422000252422414007521141411000524142541000541555440000,,bb40abb1,,,,,,,,28,0,1,bb40abb1,40,276,,55255512414542152254121145122542151524242421544414241121,AABAAACBDCDADBCABBADCBCCDACBBADBCACABDBDBDBCADDDCDBDCCBC,AAABAABCCDADBDACBBADBCCCADBCABBDACACBDBDBDBCADDDCDBDCCBC,,,1,276,,,,,L_T1_GTR___standard,,,,,L_T1_GTR03_33000001,,,,21,45,55,522111000000525445511000252151155007521142140000522441244000544510000000,,00000474,,,,,,,,29,2,0,6,6,474,,5525551241454215225412114512254215152424242154441424112145,AABAAACBDCDADBCABBADCBCCDACBBADBCACABDBDBDBCADDDCDBDCCBCDA,AAABAABCCDADBDACBBADBCCCADBCABBDACACBDBDBDBCADDDCDBDCCBCAD,,,1,474,,,,,L_T1_GTR___standard,,,,,L_T1_GTR03_33000001/R_T1_GTR03_22110002,,,
84515,58,,,,,,,,,,21,45,522115512400525412422000252422414007521141411000524142541000541555440000,,bb40abb1,,,,,,,,28,0,1,bb40abb1,40,276,,55255512414542152254121145122542151524242421544414241121,AABAAACBDCDADBCABBADCBCCDACBBADBCACABDBDBDBCADDDCDBDCCBC,AAABAABCCDADBDACBBADBCCCADBCABBDACACBDBDBDBCADDDCDBDCCBC,,,1,276,,,,,L_T1_GTR___standard,,,,,L_T1_GTR03_33000001,,,,45,55,44,522111000000525445511000252151155007521142141200522441244000544510000000,,00000478,,,,,,,,30,3,0,4,4,478,,552555124145421522541211451225421515242424215444142411214555,AABAAACBDCDADBCABBADCBCCDACBBADBCACABDBDBDBCADDDCDBDCCBCDAAA,AAABAABCCDADBDACBBADBCCCADBCABBDACACBDBDBDBCADDDCDBDCCBCADAA,,,1,478,,,,,L_T1_GTR___standard,,,,,L_T1_GTR03_33000001/R_T1_GTR03_22110002,,,
84521,59,,,,,,,,,,21,45,522115512400525412422000252422440007521141400000524142540000541555440000,,bb40abb8,,,,,,,,29,0,2,bb40abb8,320,596,,55255512414542152254121145122542151524242421544414241121,AABAAACBDCDADBCABBADCBCCDACBBADBCACABDBDBDBCADDDCDBDCCBC,AAABAABCCDADBDACBBADBCCCADBCABBDACACBDBDBDBCADDDCDBDCCBC,,,2,596,,,,,L_T1_GTR___standard,,,,,L_T1_GTR03_33000001,,,,45,55,44,522111000000525445511000252151155007521142141200522441244000544510000000,,00000478,,,,,,,,30,3,0,4,4,478,,552555124145421522541211451225421515242424215444142411214555,AABAAACBDCDADBCABBADCBCCDACBBADBCACABDBDBDBCADDDCDBDCCBCDAAA,AAABAABCCDADBDACBBADBCCCADBCABBDACACBDBDBDBCADDDCDBDCCBCADAA,,,1,478,,,,,L_T1_GTR___standard,,,,,L_T1_GTR03_33000001/R_T1_GTR03_22110002,,,
84568,60,,,,,,,,,,21,45,522115512400525412422000252422440007521141400000524142540000541555440000,,bb40abb8,,,,,,,,29,0,2,bb40abb8,320,596,,55255512414542152254121145122542151524242421544414241121,AABAAACBDCDADBCABBADCBCCDACBBADBCACABDBDBDBCADDDCDBDCCBC,AAABAABCCDADBDACBBADBCCCADBCABBDACACBDBDBDBCADDDCDBDCCBC,,,2,596,,,,,L_T1_GTR___standard,,,,,L_T1_GTR03_33000001,,,,,55,44,522111000000525445511000252151155007521142141200522441244450544510000000,,bb40abb1,,,,,,,,31,0,1,bb40abb1,40,518,,552555124145421522541211451225421515242424215444142411214555,AABAAACBDCDADBCABBADCBCCDACBBADBCACABDBDBDBCADDDCDBDCCBCDAAA,AAABAABCCDADBDACBBADBCCCADBCABBDACACBDBDBDBCADDDCDBDCCBCADAA,,,1,518,,,,,L_T1_GTR___standard,,,,,L_T1_GTR03_33000001/R_T1_GTR03_22110002,,,
84601,61,,,,,,,,,,21,45,522115512400525412220000252422000007521141000000524142540000541555440000,,bb50ab18,,,,,,,,30,0,3,bb50ab18,900,1496,,55255512414542152254121145122542151524242421544414241121,AABAAACBDCDADBCABBADCBCCDACBBADBCACABDBDBDBCADDDCDBDCCBC,AAABAABCCDADBDACBBADBCCCADBCABBDACACBDBDBDBCADDDCDBDCCBC,,,3,1496,,,,,L_T1_GTR___standard,,,,,L_T1_GTR03_33000001,,,,,55,44,522111000000525445511000252151155007521142141200522441244450544510000000,,bb40abb1,,,,,,,,31,0,1,bb40abb1,40,518,,552555124145421522541211451225421515242424215444142411214555,AABAAACBDCDADBCABBADCBCCDACBBADBCACABDBDBDBCADDDCDBDCCBCDAAA,AAABAABCCDADBDACBBADBCCCADBCABBDACACBDBDBDBCADDDCDBDCCBCADAA,,,1,518,,,,,L_T1_GTR___standard,,,,,L_T1_GTR03_33000001/R_T1_GTR03_22110002,,,
84653,62,,,,,,,,,,21,45,522115512400525412220000252422000007521141000000524142540000541555440000,,bb50ab18,,,,,,,,30,0,3,bb50ab18,900,1496,,55255512414542152254121145122542151524242421544414241121,AABAAACBDCDADBCABBADCBCCDACBBADBCACABDBDBDBCADDDCDBDCCBC,AAABAABCCDADBDACBBADBCCCADBCABBDACACBDBDBDBCADDDCDBDCCBC,,,3,1496,,,,,L_T1_GTR___standard,,,,,L_T1_GTR03_33000001,,,,,55,44,522111000000525445511000252151155007521142112000522441250000544510000000,,bb40abb8,,,,,,,,32,0,2,bb40abb8,320,838,,552555124145421522541211451225421515242424215444142411214555,AABAAACBDCDADBCABBADCBCCDACBBADBCACABDBDBDBCADDDCDBDCCBCDAAA,AAABAABCCDADBDACBBADBCCCADBCABBDACACBDBDBDBCADDDCDBDCCBCADAA,,,2,838,,,,,L_T1_GTR___standard,,,,,L_T1_GTR03_33000001/R_T1_GTR03_22110002,,,
84666,63,,,,,,,,,21,45,55,522115512400525410000000252400000007521141000000524142540000541555440000,,00001501,,,,,,,,31,1,0,5,5,1501,,5525551241454215225412114512254215152424242154441424112145,AABAAACBDCDADBCABBADCBCCDACBBADBCACABDBDBDBCADDDCDBDCCBCDA,AAABAABCCDADBDACBBADBCCCADBCABBDACACBDBDBDBCADDDCDBDCCBCAD,,,3,1501,,,,,L_T1_GTR___standard,,,,,L_T1_GTR03_33000001,,,,,55,44,522111000000525445511000252151155007521142112000522441250000544510000000,,bb40abb8,,,,,,,,32,0,2,bb40abb8,320,838,,552555124145421522541211451225421515242424215444142411214555,AABAAACBDCDADBCABBADCBCCDACBBADBCACABDBDBDBCADDDCDBDCCBCDAAA,AAABAABCCDADBDACBBADBCCCADBCABBDACACBDBDBDBCADDDCDBDCCBCADAA,,,2,838,,,,,L_T1_GTR___standard,,,,,L_T1_GTR03_33000001/R_T1_GTR03_22110002,,,
84708,64,,,,,,,,,45,55,44,522115512400525410000000252400000007521141120000524142540000541555440000,,00001507,,,,,,,,32,2,0,6,6,1507,,552555124145421522541211451225421515242424215444142411214555,AABAAACBDCDADBCABBADCBCCDACBBADBCACABDBDBDBCADDDCDBDCCBCDAAA,AAABAABCCDADBDACBBADBCCCADBCABBDACACBDBDBDBCADDDCDBDCCBCADAA,,,3,1507,,,,,L_T1_GTR___standard,,,,,L_T1_GTR03_33000001,,,,,55,44,522111000000525445511000252151155007521142112000522441250000544510000000,,bb40abb8,,,,,,,,32,0,2,bb40abb8,320,838,,552555124145421522541211451225421515242424215444142411214555,AABAAACBDCDADBCABBADCBCCDACBBADBCACABDBDBDBCADDDCDBDCCBCDAAA,AAABAABCCDADBDACBBADBCCCADBCABBDACACBDBDBDBCADDDCDBDCCBCADAA,,,2,838,,,,,L_T1_GTR___standard,,,,,L_T1_GTR03_33000001/R_T1_GTR03_22110002,,,
84735,65,,,,,,,,,45,55,44,522115512400525410000000252400000007521141120000524142540000541555440000,,00001507,,,,,,,,32,2,0,6,6,1507,,552555124145421522541211451225421515242424215444142411214555,AABAAACBDCDADBCABBADCBCCDACBBADBCACABDBDBDBCADDDCDBDCCBCDAAA,AAABAABCCDADBDACBBADBCCCADBCABBDACACBDBDBDBCADDDCDBDCCBCADAA,,,3,1507,,,,,L_T1_GTR___standard,,,,,L_T1_GTR03_33000001,,,,,55,44,522111000000525445511000252155500007521142200000522441250000544510000000,,bb50ab18,,,,,,,,33,0,3,bb50ab18,900,1738,,552555124145421522541211451225421515242424215444142411214555,AABAAACBDCDADBCABBADCBCCDACBBADBCACABDBDBDBCADDDCDBDCCBCDAAA,AAABAABCCDADBDACBBADBCCCADBCABBDACACBDBDBDBCADDDCDBDCCBCADAA,,,3,1738,,,,,L_T1_GTR___standard,,,,,L_T1_GTR03_33000001/R_T1_GTR03_22110002,,,
84739,66,,,,,,,,,,55,44,522115512400525410000000252445000007521141120000524142540000541555440000,,bb50abb2,,,,,,,,33,0,1,bb50abb2,100,1607,,552555124145421522541211451225421515242424215444142411214555,AABAAACBDCDADBCABBADCBCCDACBBADBCACABDBDBDBCADDDCDBDCCBCDAAA,AAABAABCCDADBDACBBADBCCCADBCABBDACACBDBDBDBCADDDCDBDCCBCADAA,,,3,1607,,,,,L_T1_GTR___standard,,,,,L_T1_GTR03_33000001,,,,,55,44,522111000000525445511000252155500007521142200000522441250000544510000000,,bb50ab18,,,,,,,,33,0,3,bb50ab18,900,1738,,552555124145421522541211451225421515242424215444142411214555,AABAAACBDCDADBCABBADCBCCDACBBADBCACABDBDBDBCADDDCDBDCCBCDAAA,AAABAABCCDADBDACBBADBCCCADBCABBDACACBDBDBDBCADDDCDBDCCBCADAA,,,3,1738,,,,,L_T1_GTR___standard,,,,,L_T1_GTR03_33000001/R_T1_GTR03_22110002,,,
84817,67,,,,,,,,,,55,44,522115512400525410000000252445000007521141120000524142540000541555440000,,bb50abb2,,,,,,,,33,0,1,bb50abb2,100,1607,,552555124145421522541211451225421515242424215444142411214555,AABAAACBDCDADBCABBADCBCCDACBBADBCACABDBDBDBCADDDCDBDCCBCDAAA,AAABAABCCDADBDACBBADBCCCADBCABBDACACBDBDBDBCADDDCDBDCCBCADAA,,,3,1607,,,,,L_T1_GTR___standard,,,,,L_T1_GTR03_33000001,,,,,55,44,522111000000525441100000252100000007521142200000522441250000544510000000,,bb50ab34,,,,,,,,34,0,4,bb50ab34,1700,3438,,552555124145421522541211451225421515242424215444142411214555,AABAAACBDCDADBCABBADCBCCDACBBADBCACABDBDBDBCADDDCDBDCCBCDAAA,AAABAABCCDADBDACBBADBCCCADBCABBDACACBDBDBDBCADDDCDBDCCBCADAA,,,4,3438,,,,,L_T1_GTR___standard,,,,,L_T1_GTR03_33000001/R_T1_GTR03_22110002,,,
84821,68,,,,,,,,,,55,44,522115512400525100000000252500000007521111200000524125400000541520440000,,bb90ab13,,,,,,,,34,0,2,bb90ab13,1170,2777,,552555124145421522541211451225421515242424215444142411214555,AABAAACBDCDADBCABBADCBCCDACBBADBCACABDBDBDBCADDDCDBDCCBCDAAA,AAABAABCCDADBDACBBADBCCCADBCABBDACACBDBDBDBCADDDCDBDCCBCADAA,,,3,2777,,,,,L_T1_GTR___standard,,,,,L_T1_GTR03_33000001,,,,,55,44,522111000000525441100000252100000007521142200000522441250000544510000000,,bb50ab34,,,,,,,,34,0,4,bb50ab34,1700,3438,,552555124145421522541211451225421515242424215444142411214555,AABAAACBDCDADBCABBADCBCCDACBBADBCACABDBDBDBCADDDCDBDCCBCDAAA,AAABAABCCDADBDACBBADBCCCADBCABBDACACBDBDBDBCADDDCDBDCCBCADAA,,,4,3438,,,,,L_T1_GTR___standard,,,,,L_T1_GTR03_33000001/R_T1_GTR03_22110002,,,
84882,69,,,,,,,,,,55,44,522115512400525100000000252500000007521111200000524125400000541520440000,,bb90ab13,,,,,,,,34,0,2,bb90ab13,1170,2777,,552555124145421522541211451225421515242424215444142411214555,AABAAACBDCDADBCABBADCBCCDACBBADBCACABDBDBDBCADDDCDBDCCBCDAAA,AAABAABCCDADBDACBBADBCCCADBCABBDACACBDBDBDBCADDDCDBDCCBCADAA,,,3,2777,,,,,L_T1_GTR___standard,,,,,L_T1_GTR03_33000001,,,,55,44,22,522000000000525440000000252100000007521142200000522441250000544510000000,,00003441,,,,,,,,35,1,0,3,3,3441,,55255512414542152254121145122542151524242421544414241121455544,AABAAACBDCDADBCABBADCBCCDACBBADBCACABDBDBDBCADDDCDBDCCBCDAAADD,AAABAABCCDADBDACBBADBCCCADBCABBDACACBDBDBDBCADDDCDBDCCBCADAADD,,,4,3441,,,,,L_T1_GTR___standard,,,,,L_T1_GTR03_33000001/R_T1_GTR03_22110002,,,
84909,70,,,,,,,,,,55,44,522115512400525100000000252500000007522000000000524240000000541440000000,,bb40ab16,,,,,,,,35,0,3,bb40ab16,640,3417,,552555124145421522541211451225421515242424215444142411214555,AABAAACBDCDADBCABBADCBCCDACBBADBCACABDBDBDBCADDDCDBDCCBCDAAA,AAABAABCCDADBDACBBADBCCCADBCABBDACACBDBDBDBCADDDCDBDCCBCADAA,,,3,3417,,,,,L_T1_GTR___standard,,,,,L_T1_GTR03_33000001,,,,55,44,22,522000000000525440000000252100000007521142200000522441250000544510000000,,00003441,,,,,,,,35,1,0,3,3,3441,,55255512414542152254121145122542151524242421544414241121455544,AABAAACBDCDADBCABBADCBCCDACBBADBCACABDBDBDBCADDDCDBDCCBCDAAADD,AAABAABCCDADBDACBBADBCCCADBCABBDACACBDBDBDBCADDDCDBDCCBCADAADD,,,4,3441,,,,,L_T1_GTR___standard,,,,,L_T1_GTR03_33000001/R_T1_GTR03_22110002,,,
84922,71,,,,,,,,,,55,44,522115512400525100000000252500000007522000000000524240000000541440000000,,bb40ab16,,,,,,,,35,0,3,bb40ab16,640,3417,,552555124145421522541211451225421515242424215444142411214555,AABAAACBDCDADBCABBADCBCCDACBBADBCACABDBDBDBCADDDCDBDCCBCDAAA,AAABAABCCDADBDACBBADBCCCADBCABBDACACBDBDBDBCADDDCDBDCCBCADAA,,,3,3417,,,,,L_T1_GTR___standard,,,,,L_T1_GTR03_33000001,,,,44,22,42,522000000000525440000000252100000007521142200000522441255500544510000000,,00003446,,,,,,,,36,2,0,5,5,3446,,5525551241454215225412114512254215152424242154441424112145554422,AABAAACBDCDADBCABBADCBCCDACBBADBCACABDBDBDBCADDDCDBDCCBCDAAADDBB,AAABAABCCDADBDACBBADBCCCADBCABBDACACBDBDBDBCADDDCDBDCCBCADAADDBB,,,4,3446,,,,,L_T1_GTR___standard,,,,,L_T1_GTR03_33000001/R_T1_GTR03_22110002,,,
84959,72,,,,,,,,,,55,44,522115512400525100000000252500000007522000000000524240000000541440000000,,bb40ab16,,,,,,,,35,0,3,bb40ab16,640,3417,,552555124145421522541211451225421515242424215444142411214555,AABAAACBDCDADBCABBADCBCCDACBBADBCACABDBDBDBCADDDCDBDCCBCDAAA,AAABAABCCDADBDACBBADBCCCADBCABBDACACBDBDBDBCADDDCDBDCCBCADAA,,,3,3417,,,,,L_T1_GTR___standard,,,,,L_T1_GTR03_33000001,,,,,22,42,522000000000525440000000252144000007521142200000522441255500544510000000,,bb70abb4,,,,,,,,37,0,1,bb70abb4,280,3726,,5525551241454215225412114512254215152424242154441424112145554422,AABAAACBDCDADBCABBADCBCCDACBBADBCACABDBDBDBCADDDCDBDCCBCDAAADDBB,AAABAABCCDADBDACBBADBCCCADBCABBDACACBDBDBDBCADDDCDBDCCBCADAADDBB,,,4,3726,,,,,L_T1_GTR___standard,,,,,L_T1_GTR03_33000001/R_T1_GTR03_22110002,,,
85042,73,,,,,,,,,,55,44,522115512400525100000000252500000007522000000000524240000000541440000000,,bb40ab16,,,,,,,,35,0,3,bb40ab16,640,3417,,552555124145421522541211451225421515242424215444142411214555,AABAAACBDCDADBCABBADCBCCDACBBADBCACABDBDBDBCADDDCDBDCCBCDAAA,AAABAABCCDADBDACBBADBCCCADBCABBDACACBDBDBDBCADDDCDBDCCBCADAA,,,3,3417,,,,,L_T1_GTR___standard,,,,,L_T1_GTR03_33000001,,,,,22,42,522000000000525000000000252100000007521122000000522125550000544510000000,,bb40abb8,,,,,,,,38,0,2,bb40abb8,320,4046,,5525551241454215225412114512254215152424242154441424112145554422,AABAAACBDCDADBCABBADCBCCDACBBADBCACABDBDBDBCADDDCDBDCCBCDAAADDBB,AAABAABCCDADBDACBBADBCCCADBCABBDACACBDBDBDBCADDDCDBDCCBCADAADDBB,,,4,4046,,,,,L_T1_GTR___standard,,,,,L_T1_GTR03_33000001/R_T1_GTR03_22110002,,,
85056,74,,,,,,,,,55,44,22,522115512400525100000000255000000007500000000000542460000000541440000000,,00003426,,,,,,,,36,1,0,9,9,3426,,55255512414542152254121145122542151524242421544414241121455544,AABAAACBDCDADBCABBADCBCCDACBBADBCACABDBDBDBCADDDCDBDCCBCDAAADD,AAABAABCCDADBDACBBADBCCCADBCABBDACACBDBDBDBCADDDCDBDCCBCADAADD,,,3,3426,,,,,L_T1_GTR___misuken_,,,,,R_T1_GTR03_22110001,,,,,22,42,522000000000525000000000252100000007521122000000522125550000544510000000,,bb40abb8,,,,,,,,38,0,2,bb40abb8,320,4046,,5525551241454215225412114512254215152424242154441424112145554422,AABAAACBDCDADBCABBADCBCCDACBBADBCACABDBDBDBCADDDCDBDCCBCDAAADDBB,AAABAABCCDADBDACBBADBCCCADBCABBDACACBDBDBDBCADDDCDBDCCBCADAADDBB,,,4,4046,,,,,L_T1_GTR___standard,,,,,L_T1_GTR03_33000001/R_T1_GTR03_22110002,,,
85123,75,,,,,,,,,55,44,22,522115512400525100000000255000000007500000000000542460000000541440000000,,00003426,,,,,,,,36,1,0,9,9,3426,,55255512414542152254121145122542151524242421544414241121455544,AABAAACBDCDADBCABBADCBCCDACBBADBCACABDBDBDBCADDDCDBDCCBCDAAADD,AAABAABCCDADBDACBBADBCCCADBCABBDACACBDBDBDBCADDDCDBDCCBCADAADD,,,3,3426,,,,,L_T1_GTR___misuken_,,,,,R_T1_GTR03_22110001,,,,,22,42,522000000000525000000000252000000007522200000000522255500000544510000000,,bb70ab20,,,,,,,,39,0,3,bb70ab20,1400,5446,,5525551241454215225412114512254215152424242154441424112145554422,AABAAACBDCDADBCABBADCBCCDACBBADBCACABDBDBDBCADDDCDBDCCBCDAAADDBB,AAABAABCCDADBDACBBADBCCCADBCABBDACACBDBDBDBCADDDCDBDCCBCADAADDBB,,,4,5446,,,,,L_T1_GTR___standard,,,,,L_T1_GTR03_33000001/R_T1_GTR03_22110002,,,
85132,76,,,,,,,,,44,22,42,522115512450525150000000255000000007500000000000542460000000541440000000,,00003429,,,,,,,,37,2,0,3,3,3429,,5525551241454215225412114512254215152424242154441424112145554422,AABAAACBDCDADBCABBADCBCCDACBBADBCACABDBDBDBCADDDCDBDCCBCDAAADDBB,AAABAABCCDADBDACBBADBCCCADBCABBDACACBDBDBDBCADDDCDBDCCBCADAADDBB,,,3,3429,,,,,L_T1_GTR___misuken_,,,,,R_T1_GTR03_22110001,,,,,22,42,522000000000525000000000252000000007522200000000522255500000544510000000,,bb70ab20,,,,,,,,39,0,3,bb70ab20,1400,5446,,5525551241454215225412114512254215152424242154441424112145554422,AABAAACBDCDADBCABBADCBCCDACBBADBCACABDBDBDBCADDDCDBDCCBCDAAADDBB,AAABAABCCDADBDACBBADBCCCADBCABBDACACBDBDBDBCADDDCDBDCCBCADAADDBB,,,4,5446,,,,,L_T1_GTR___standard,,,,,L_T1_GTR03_33000001/R_T1_GTR03_22110002,,,
85200,77,,,,,,,,,22,42,11,522115512450525150000000255400000007540000000000542460000000541440000000,,00003439,,,,,,,,38,3,0,10,10,3439,,552555124145421522541211451225421515242424215444142411214555442242,AABAAACBDCDADBCABBADCBCCDACBBADBCACABDBDBDBCADDDCDBDCCBCDAAADDBBDB,AAABAABCCDADBDACBBADBCCCADBCABBDACACBDBDBDBCADDDCDBDCCBCADAADDBBBD,,,3,3439,,,,,L_T1_GTR___misuken_,,,,,,,,,,22,42,522000000000525000000000252000000007522200000000522255500000544510000000,,bb70ab20,,,,,,,,39,0,3,bb70ab20,1400,5446,,5525551241454215225412114512254215152424242154441424112145554422,AABAAACBDCDADBCABBADCBCCDACBBADBCACABDBDBDBCADDDCDBDCCBCDAAADDBB,AAABAABCCDADBDACBBADBCCCADBCABBDACACBDBDBDBCADDDCDBDCCBCADAADDBB,,,4,5446,,,,,L_T1_GTR___standard,,,,,L_T1_GTR03_33000001/R_T1_GTR03_22110002,,,
85207,78,,,,,,,,,22,42,11,522115512450525150000000255400000007540000000000542460000000541440000000,,00003439,,,,,,,,38,3,0,10,10,3439,,552555124145421522541211451225421515242424215444142411214555442242,AABAAACBDCDADBCABBADCBCCDACBBADBCACABDBDBDBCADDDCDBDCCBCDAAADDBBDB,AAABAABCCDADBDACBBADBCCCADBCABBDACACBDBDBDBCADDDCDBDCCBCADAADDBBBD,,,3,3439,,,,,L_T1_GTR___misuken_,,,,,,,,,,22,42,522000000000525000000000250000000007500000000000555500000000544510000000,,bb70ab36,,,,,,,,40,0,4,bb70ab36,2520,7966,,5525551241454215225412114512254215152424242154441424112145554422,AABAAACBDCDADBCABBADCBCCDACBBADBCACABDBDBDBCADDDCDBDCCBCDAAADDBB,AAABAABCCDADBDACBBADBCCCADBCABBDACACBDBDBDBCADDDCDBDCCBCADAADDBB,,,4,7966,,,,,L_T1_GTR___standard,,,,,L_T1_GTR03_33000001,,,
85246,79,,,,,,,,,42,11,21,522115512450525150000000255400000007542200000000542460000000541000000000,,00003449,,,,,,,,39,4,0,10,10,3449,,55255512414542152254121145122542151524242421544414241121455544224211,AABAAACBDCDADBCABBADCBCCDACBBADBCACABDBDBDBCADDDCDBDCCBCDAAADDBBDBCC,AAABAABCCDADBDACBBADBCCCADBCABBDACACBDBDBDBCADDDCDBDCCBCADAADDBBBDCC,,,3,3449,,,,,L_T1_GTR___misuken_,,,,,,,,,,22,42,522000000000525000000000250000000007500000000000555500000000544510000000,,bb70ab36,,,,,,,,40,0,4,bb70ab36,2520,7966,,5525551241454215225412114512254215152424242154441424112145554422,AABAAACBDCDADBCABBADCBCCDACBBADBCACABDBDBDBCADDDCDBDCCBCDAAADDBB,AAABAABCCDADBDACBBADBCCCADBCABBDACACBDBDBDBCADDDCDBDCCBCADAADDBB,,,4,7966,,,,,L_T1_GTR___standard,,,,,L_T1_GTR03_33000001,,,
85288,80,,,,,,,,,11,21,42,522115512450525150000000255442000007542200000000542460000000541440000000,,00003458,,,,,,,,40,5,0,9,9,3458,,5525551241454215225412114512254215152424242154441424112145554422421121,AABAAACBDCDADBCABBADCBCCDACBBADBCACABDBDBDBCADDDCDBDCCBCDAAADDBBDBCCBC,AAABAABCCDADBDACBBADBCCCADBCABBDACACBDBDBDBCADDDCDBDCCBCADAADDBBBDCCBC,,,3,3458,,,,,L_T1_GTR___misuken_,,,,,,,,,,22,42,522000000000525000000000250000000007500000000000555500000000544510000000,,bb70ab36,,,,,,,,40,0,4,bb70ab36,2520,7966,,5525551241454215225412114512254215152424242154441424112145554422,AABAAACBDCDADBCABBADCBCCDACBBADBCACABDBDBDBCADDDCDBDCCBCDAAADDBB,AAABAABCCDADBDACBBADBCCCADBCABBDACACBDBDBDBCADDDCDBDCCBCADAADDBB,,,4,7966,,,,,L_T1_GTR___standard,,,,,L_T1_GTR03_33000001,,,
85300,81,,,,,,,,,11,21,42,522115512450525150000000255442000007542200000000542460000000541440000000,,00003458,,,,,,,,40,5,0,9,9,3458,,5525551241454215225412114512254215152424242154441424112145554422421121,AABAAACBDCDADBCABBADCBCCDACBBADBCACABDBDBDBCADDDCDBDCCBCDAAADDBBDBCCBC,AAABAABCCDADBDACBBADBCCCADBCABBDACACBDBDBDBCADDDCDBDCCBCADAADDBBBDCCBC,,,3,3458,,,,,L_T1_GTR___misuken_,,,,,,,,,22,42,11,522000000000525000000000250000000007000000000000000000000000441000000000,,00007975,,,,,,,,41,1,0,9,9,7975,,552555124145421522541211451225421515242424215444142411214555442242,AABAAACBDCDADBCABBADCBCCDACBBADBCACABDBDBDBCADDDCDBDCCBCDAAADDBBDB,AAABAABCCDADBDACBBADBCCCADBCABBDACACBDBDBDBCADDDCDBDCCBCADAADDBBBD,,,4,7975,,,,,L_T1_GTR___standard,,,,,L_T1_GTR03_33000001,,,
85343,82,,,,,,,,,11,21,42,522115512450525150000000255442000007542200000000542460000000541440000000,,00003458,,,,,,,,40,5,0,9,9,3458,,5525551241454215225412114512254215152424242154441424112145554422421121,AABAAACBDCDADBCABBADCBCCDACBBADBCACABDBDBDBCADDDCDBDCCBCDAAADDBBDBCCBC,AAABAABCCDADBDACBBADBCCCADBCABBDACACBDBDBDBCADDDCDBDCCBCADAADDBBBDCCBC,,,3,3458,,,,,L_T1_GTR___misuken_,,,,,,,,,42,11,21,522000000000525000000000252200000007000000000000000000000000441000000000,,00007985,,,,,,,,42,2,0,10,10,7985,,55255512414542152254121145122542151524242421544414241121455544224211,AABAAACBDCDADBCABBADCBCCDACBBADBCACABDBDBDBCADDDCDBDCCBCDAAADDBBDBCC,AAABAABCCDADBDACBBADBCCCADBCABBDACACBDBDBDBCADDDCDBDCCBCADAADDBBBDCC,,,4,7985,,,,,L_T1_GTR___standard,,,,,L_T1_GTR03_33000001,,,
85388,84,,,,,,,,,,21,42,522115512456525156666600255442116666542266666000542466666600541446666600,,00003464,,,,,lose,,,41,5,0,6,6,3464,,5525551241454215225412114512254215152424242154441424112145554422421121,AABAAACBDCDADBCABBADCBCCDACBBADBCACABDBDBDBCADDDCDBDCCBCDAAADDBBDBCCBC,AAABAABCCDADBDACBBADBCCCADBCABBDACACBDBDBDBCADDDCDBDCCBCADAADDBBBDCCBC,,,3,3464,,,,,L_T1_GTR___misuken_,,,,,,,,,42,11,21,522000000000525000000000252200000007000000000000000000000000441000000000,,00007985,,,,,,,,42,2,0,10,10,7985,,55255512414542152254121145122542151524242421544414241121455544224211,AABAAACBDCDADBCABBADCBCCDACBBADBCACABDBDBDBCADDDCDBDCCBCDAAADDBBDBCC,AAABAABCCDADBDACBBADBCCCADBCABBDACACBDBDBDBCADDDCDBDCCBCADAADDBBBDCC,,,4,7985,,,,,L_T1_GTR___standard,,,,,L_T1_GTR03_33000001,,,
85398,83,,,,,,,,,,21,42,522115512456525156666600255442116666542266666000542466666600541446666600,,00003464,,,,,lose,,,41,5,0,6,6,3464,,5525551241454215225412114512254215152424242154441424112145554422421121,AABAAACBDCDADBCABBADCBCCDACBBADBCACABDBDBDBCADDDCDBDCCBCDAAADDBBDBCCBC,AAABAABCCDADBDACBBADBCCCADBCABBDACACBDBDBDBCADDDCDBDCCBCADAADDBBBDCCBC,,,3,3464,,,,,L_T1_GTR___misuken_,,,,,,,,,11,21,42,522000000000525000000000252200000007200000000000400000000000441000000000,,00007998,,,,,,,,43,3,0,13,13,7998,,5525551241454215225412114512254215152424242154441424112145554422421121,AABAAACBDCDADBCABBADCBCCDACBBADBCACABDBDBDBCADDDCDBDCCBCDAAADDBBDBCCBC,AAABAABCCDADBDACBBADBCCCADBCABBDACACBDBDBDBCADDDCDBDCCBCADAADDBBBDCCBC,,,4,7998,,,,,L_T1_GTR___standard,,,,,L_T1_GTR03_33000001,,,
85405,84,,,,,,,,,,21,42,522115512456525156666600255442116666542266666000542466666600541446666600,,00003464,,,,,lose,,,41,5,0,6,6,3464,,5525551241454215225412114512254215152424242154441424112145554422421121,AABAAACBDCDADBCABBADCBCCDACBBADBCACABDBDBDBCADDDCDBDCCBCDAAADDBBDBCCBC,AAABAABCCDADBDACBBADBCCCADBCABBDACACBDBDBDBCADDDCDBDCCBCADAADDBBBDCCBC,,,3,3464,,,,,L_T1_GTR___misuken_,,,,,,,,,,21,42,522000000000525000000000252200000007200000000000400000000000441000000000,,00007998,,,,,win,,,44,3,0,0,0,7998,,5525551241454215225412114512254215152424242154441424112145554422421121,AABAAACBDCDADBCABBADCBCCDACBBADBCACABDBDBDBCADDDCDBDCCBCDAAADDBBDBCCBC,AAABAABCCDADBDACBBADBCCCADBCABBDACACBDBDBDBCADDDCDBDCCBCADAADDBBBDCCBC,,,4,7998,,,,,L_T1_GTR___standard,,,,,L_T1_GTR03_33000001,,,
