127306,0,,,,,,,,,,31,11,000000000000000000000000000000000007000000000000000000000000000000000000,000000,00000000,,,,,,,,0,0,0,0,0,0,,31,AB,AB,,,0,0,,,,,,,,,,,,,,,31,11,000000000000000000000000000000000007000000000000000000000000000000000000,000000,00000000,,,,,,,,0,0,0,0,0,0,,31,AB,AB,,,0,0,,,,,,,,,,,,,
127455,2,,,,,,,,,31,11,43,000000000000000000000000000000000007000000000000000000000000000000000000,,00000000,,,,,,,,1,1,0,0,0,0,,3111,BAAA,ABAA,,,0,0,,,,,,,,,,,,,,31,11,43,000000000000000000000000000000000007000000000000000000000000000000000000,,00000000,,,,,,,,1,1,0,0,0,0,,3111,BAAA,ABAA,,,0,0,,,,,,,,,,,,,
127505,4,,,,,,,,,11,43,23,000000000000000000000000310000000007000000000000000000000000000000000000,,00000013,,,,,,,,2,2,0,13,13,13,,311143,BAAACB,ABAABC,,,0,13,,,,,,,,,,,,,,11,43,23,000000000000000000000000310000000007000000000000000000000000000000000000,,00000013,,,,,,,,2,2,0,13,13,13,,311143,BAAACB,ABAABC,,,0,13,,,,,,,,,,,,,
127558,6,,,,,,,,,43,23,14,100000000000100000000000310000000007000000000000000000000000000000000000,,00000027,,,,,,,,3,3,0,14,14,27,,31114323,BAAACBDB,ABAABCBD,,,0,27,,,,,,,,,,,,,,43,23,14,100000000000100000000000310000000007000000000000000000000000000000000000,,00000026,,,,,,,,3,3,0,13,13,26,,31114323,BAAACBDB,ABAABCBD,,,0,26,,,,,,,,,,,,,
127610,8,,,,,,,,,23,14,22,100000000000100000000000310000000007430000000000000000000000000000000000,,00000039,,,,,,,,4,4,0,12,12,39,,3111432314,BAAACBDBAC,ABAABCBDAC,,,0,39,,,,,,,,,,L_T1_GTR03_32100001,,,,23,14,22,100000000000100000000000310000000007430000000000000000000000000000000000,,00000039,,,,,,,,4,4,0,13,13,39,,3111432314,BAAACBDBAC,ABAABCBDAC,,,0,39,,,,,,,,,,L_T1_GTR03_32100001,,,
127653,9,,,,,,,,,14,22,22,100000000000100000000000313200000007430000000000000000000000000000000000,,00000049,,,,,,,,5,5,0,10,10,49,,311143231422,BAAACBDBACDD,ABAABCBDACDD,,,0,49,,,,,,,,,,L_T1_GTR03_32100001,,,,23,14,22,100000000000100000000000310000000007430000000000000000000000000000000000,,00000039,,,,,,,,4,4,0,13,13,39,,3111432314,BAAACBDBAC,ABAABCBDAC,,,0,39,,,,,,,,,,L_T1_GTR03_32100001,,,
127657,10,,,,,,,,,14,22,22,100000000000100000000000313200000007430000000000000000000000000000000000,,00000049,,,,,,,,5,5,0,10,10,49,,311143231422,BAAACBDBACDD,ABAABCBDACDD,,,0,49,,,,,,,,,,L_T1_GTR03_32100001,,,,14,22,22,100000000000100000000000313000000007432000000000000000000000000000000000,,00000050,,,,,,,,5,5,0,11,11,50,,311143231422,BAAACBDBACDD,ABAABCBDACDD,,,0,50,,,,,,,,,,L_T1_GTR03_32100001,,,
127709,11,,,,,,,,,22,22,42,100000000000100000000000313200000007430000000000400000000000100000000000,,00000062,,,,,,,,6,6,0,13,13,62,,31114323142222,BAAACBDBACDDDD,ABAABCBDACDDDD,,,0,62,,,,,,,,,,,,,,14,22,22,100000000000100000000000313000000007432000000000000000000000000000000000,,00000050,,,,,,,,5,5,0,11,11,50,,311143231422,BAAACBDBACDD,ABAABCBDACDD,,,0,50,,,,,,,,,,L_T1_GTR03_32100001,,,
127713,12,,,,,,,,,22,22,42,100000000000100000000000313200000007430000000000400000000000100000000000,,00000062,,,,,,,,6,6,0,13,13,62,,31114323142222,BAAACBDBACDDDD,ABAABCBDACDDDD,,,0,62,,,,,,,,,,,,,,22,22,42,100000000000100000000000313000000007432000000000400000000000100000000000,,00000063,,,,,,,,6,6,0,13,13,63,,31114323142222,BAAACBDBACDDDD,ABAABCBDACDDDD,,,0,63,,,,,,,,,,,,,
127761,13,,,,,,,,,22,42,33,122000000000100000000000313200000007430000000000400000000000100000000000,,00000074,,,,,,,,7,7,0,12,12,74,,3111432314222242,BAAACBDBACDDDDCD,ABAABCBDACDDDDCD,,,0,74,,,,,,,,,,,,,,22,22,42,100000000000100000000000313000000007432000000000400000000000100000000000,,00000063,,,,,,,,6,6,0,13,13,63,,31114323142222,BAAACBDBACDDDD,ABAABCBDACDDDD,,,0,63,,,,,,,,,,,,,
127765,14,,,,,,,,,22,42,33,122000000000100000000000313200000007430000000000400000000000100000000000,,00000074,,,,,,,,7,7,0,12,12,74,,3111432314222242,BAAACBDBACDDDDCD,ABAABCBDACDDDDCD,,,0,74,,,,,,,,,,,,,,22,42,33,100000000000100000000000313000000007432000000000420000000000120000000000,,00000075,,,,,,,,7,7,0,12,12,75,,3111432314222242,BAAACBDBACDDDDCD,ABAABCBDACDDDDCD,,,0,75,,,,,,,,,,,,,
127815,16,,,,,,,,,42,33,24,122000000000100000000000313200000007430000000000400000000000122000000000,,00000086,,,,,,,,8,8,0,12,12,86,,311143231422224233,BAAACBDBACDDDDCDBB,ABAABCBDACDDDDCDBB,,,0,86,,,,,,,,,,,,,,42,33,24,120000000000120000000000313000000007432000000000420000000000120000000000,,00000087,,,,,,,,8,8,0,12,12,87,,311143231422224233,BAAACBDBACDDDDCDBB,ABAABCBDACDDDDCDBB,,,0,87,,,,,,,,,,,,,
127861,17,,,,,,,,,33,24,14,122000000000100000000000313200000007432400000000400000000000122000000000,,00000096,,,,,,,,9,9,0,10,10,96,,31114323142222423324,BAAACBDBACDDDDCDBBDC,ABAABCBDACDDDDCDBBCD,,,0,96,,,,,,,,,,,,,,42,33,24,120000000000120000000000313000000007432000000000420000000000120000000000,,00000087,,,,,,,,8,8,0,12,12,87,,311143231422224233,BAAACBDBACDDDDCDBB,ABAABCBDACDDDDCDBB,,,0,87,,,,,,,,,,,,,
127866,18,,,,,,,,,33,24,14,122000000000100000000000313200000007432400000000400000000000122000000000,,00000096,,,,,,,,9,9,0,10,10,96,,31114323142222423324,BAAACBDBACDDDDCDBBDC,ABAABCBDACDDDDCDBBCD,,,0,96,,,,,,,,,,,,,,33,24,14,120000000000120000000000313000000007432000000000424000000000122000000000,,00000098,,,,,,,,9,9,0,11,11,98,,31114323142222423324,BAAACBDBACDDDDCDBBDC,ABAABCBDACDDDDCDBBCD,,,0,98,,,,,,,,,,,,,
127911,20,,,,,,,,,24,14,42,122000000000100000000000313200000007432400000000433000000000122000000000,,00000107,,,,,,,,10,10,0,11,11,107,,3111432314222242332414,BAAACBDBACDDDDCDBBDCAC,ABAABCBDACDDDDCDBBCDAC,,,0,107,,,,,,,,,,,,,,24,14,42,120000000000120000000000313000000007432000000000424330000000122000000000,,00000107,,,,,,,,10,10,0,9,9,107,,3111432314222242332414,BAAACBDBACDDDDCDBBDCAC,ABAABCBDACDDDDCDBBCDAC,,,0,107,,,,,,,,,,,,,
127961,22,,,,,,,,,14,42,13,122000000000100000000000313200000007432400000000433200000000122400000000,,00000117,,,,,,,,11,11,0,10,10,117,,311143231422224233241442,BAAACBDBACDDDDCDBBDCACCD,ABAABCBDACDDDDCDBBCDACCD,,,0,117,,,,,,,,,,,,,,14,42,13,122400000000120000000000313000000007432000000000424330000000122000000000,,00000118,,,,,,,,11,11,0,11,11,118,,311143231422224233241442,BAAACBDBACDDDDCDBBDCACCD,ABAABCBDACDDDDCDBBCDACCD,,,0,118,,,,,,,,,,,,,
128010,24,,,,,,,,,42,13,32,122000000000100000000000313200000007432400000000433240000000122410000000,,00000126,,,,,,,,12,12,0,9,9,126,,31114323142222423324144213,BAAACBDBACDDDDCDBBDCACCDAB,ABAABCBDACDDDDCDBBCDACCDAB,,,0,126,,,,,,,,,,,,,,42,13,32,122400000000121400000000313000000007432000000000424330000000122000000000,,00000129,,,,,,,,12,12,0,11,11,129,,31114323142222423324144213,BAAACBDBACDDDDCDBBDCACCDAB,ABAABCBDACDDDDCDBBCDACCDAB,,,0,129,,,,,L_T1_GTR___standard,,,,,L_T1_GTR03_33000001,,,
128055,25,,,,,,,,,42,13,32,122000000000100000000000313200000007432400000000433240000000122410000000,,00000126,,,,,,,,12,12,0,9,9,126,,31114323142222423324144213,BAAACBDBACDDDDCDBBDCACCDAB,ABAABCBDACDDDDCDBBCDACCDAB,,,0,126,,,,,,,,,,,,,,13,32,41,122442000000121400000000313000000007432000000000424330000000122000000000,,00000138,,,,,,,,13,13,0,9,9,138,,3111432314222242332414421332,BAAACBDBACDDDDCDBBDCACCDABBD,ABAABCBDACDDDDCDBBCDACCDABBD,,,0,138,,,,,L_T1_GTR___standard,,,,,L_T1_GTR03_33000001,,,
128081,26,,,,,,,,,13,32,41,122400000000120000000000313200000007432400000000433240000000122410000000,,00000136,,,,,,,,13,13,0,10,10,136,,3111432314222242332414421332,BAAACBDBACDDDDCDBBDCACCDABBD,ABAABCBDACDDDDCDBBCDACCDABBD,,,0,136,,,,,,,,,,,,,,13,32,41,122442000000121400000000313000000007432000000000424330000000122000000000,,00000138,,,,,,,,13,13,0,9,9,138,,3111432314222242332414421332,BAAACBDBACDDDDCDBBDCACCDABBD,ABAABCBDACDDDDCDBBCDACCDABBD,,,0,138,,,,,L_T1_GTR___standard,,,,,L_T1_GTR03_33000001,,,
128097,27,,,,,,,,,13,32,41,122400000000120000000000313200000007432400000000433240000000122410000000,,00000136,,,,,,,,13,13,0,10,10,136,,3111432314222242332414421332,BAAACBDBACDDDDCDBBDCACCDABBD,ABAABCBDACDDDDCDBBCDACCDABBD,,,0,136,,,,,,,,,,,,,,32,41,33,122442000000121400000000313310000007432000000000424330000000122000000000,,00000147,,,,,,,,14,14,0,9,9,147,,311143231422224233241442133241,BAAACBDBACDDDDCDBBDCACCDABBDCA,ABAABCBDACDDDDCDBBCDACCDABBDAC,,,0,147,,,,,L_T1_GTR___standard,,,,,L_T1_GTR03_33000001,,,
128129,28,,,,,,,,,32,41,33,122400000000121300000000313200000007432400000000433240000000122410000000,,00000147,,,,,,,,14,14,0,11,11,147,,311143231422224233241442133241,BAAACBDBACDDDDCDBBDCACCDABBDCA,ABAABCBDACDDDDCDBBCDACCDABBDAC,,,0,147,,,,,L_T1_GTR___standard,,,,,L_T1_GTR03_33000001,,,,32,41,33,122442000000121400000000313310000007432000000000424330000000122000000000,,00000147,,,,,,,,14,14,0,9,9,147,,311143231422224233241442133241,BAAACBDBACDDDDCDBBDCACCDABBDCA,ABAABCBDACDDDDCDBBCDACCDABBDAC,,,0,147,,,,,L_T1_GTR___standard,,,,,L_T1_GTR03_33000001,,,
128142,29,,,,,,,,,32,41,33,122400000000121300000000313200000007432400000000433240000000122410000000,,00000147,,,,,,,,14,14,0,11,11,147,,311143231422224233241442133241,BAAACBDBACDDDDCDBBDCACCDABBDCA,ABAABCBDACDDDDCDBBCDACCDABBDAC,,,0,147,,,,,L_T1_GTR___standard,,,,,L_T1_GTR03_33000001,,,,41,33,33,122442000000121400000000313310000007432230000000424330000000122000000000,,00000156,,,,,,,,15,15,0,9,9,156,,31114323142222423324144213324133,BAAACBDBACDDDDCDBBDCACCDABBDCABB,ABAABCBDACDDDDCDBBCDACCDABBDACBB,,,0,156,,,,,L_T1_GTR___standard,,,,,L_T1_GTR03_33000001,,,
128173,30,,,,,,,,,41,33,33,122400000000121330000000313220000007432400000000433240000000122410000000,,00000156,,,,,,,,15,15,0,9,9,156,,31114323142222423324144213324133,BAAACBDBACDDDDCDBBDCACCDABBDCABB,ABAABCBDACDDDDCDBBCDACCDABBDACBB,,,0,156,,,,,L_T1_GTR___standard,,,,,L_T1_GTR03_33000001,,,,41,33,33,122442000000121400000000313310000007432230000000424330000000122000000000,,00000156,,,,,,,,15,15,0,9,9,156,,31114323142222423324144213324133,BAAACBDBACDDDDCDBBDCACCDABBDCABB,ABAABCBDACDDDDCDBBCDACCDABBDACBB,,,0,156,,,,,L_T1_GTR___standard,,,,,L_T1_GTR03_33000001,,,
128191,31,,,,,,,,,41,33,33,122400000000121330000000313220000007432400000000433240000000122410000000,,00000156,,,,,,,,15,15,0,9,9,156,,31114323142222423324144213324133,BAAACBDBACDDDDCDBBDCACCDABBDCABB,ABAABCBDACDDDDCDBBCDACCDABBDACBB,,,0,156,,,,,L_T1_GTR___standard,,,,,L_T1_GTR03_33000001,,,,33,33,42,122442000000121400000000313310000007432230000000424330000000122410000000,,00000166,,,,,,,,16,16,0,10,10,166,,3111432314222242332414421332413333,BAAACBDBACDDDDCDBBDCACCDABBDCABBBB,ABAABCBDACDDDDCDBBCDACCDABBDACBBBB,,,0,166,,,,,L_T1_GTR___standard,,,,,L_T1_GTR03_33000001,,,
128216,32,,,,,,,,,33,33,42,122400000000121330000000313220000007432414000000433240000000122410000000,,00000164,,,,,,,,16,16,0,8,8,164,,3111432314222242332414421332413333,BAAACBDBACDDDDCDBBDCACCDABBDCABBBB,ABAABCBDACDDDDCDBBCDACCDABBDACBBBB,,,0,164,,,,,L_T1_GTR___standard,,,,,L_T1_GTR03_33000001,,,,33,33,42,122442000000121400000000313310000007432230000000424330000000122410000000,,00000166,,,,,,,,16,16,0,10,10,166,,3111432314222242332414421332413333,BAAACBDBACDDDDCDBBDCACCDABBDCABBBB,ABAABCBDACDDDDCDBBCDACCDABBDACBBBB,,,0,166,,,,,L_T1_GTR___standard,,,,,L_T1_GTR03_33000001,,,
128234,33,,,,,,,,,33,33,42,122400000000121330000000313220000007432414000000433240000000122410000000,,00000164,,,,,,,,16,16,0,8,8,164,,3111432314222242332414421332413333,BAAACBDBACDDDDCDBBDCACCDABBDCABBBB,ABAABCBDACDDDDCDBBCDACCDABBDACBBBB,,,0,164,,,,,L_T1_GTR___standard,,,,,L_T1_GTR03_33000001,,,,33,42,13,122442000000121433000000313310000007432230000000424330000000122410000000,,00000174,,,,,,,,17,17,0,8,8,174,,311143231422224233241442133241333342,BAAACBDBACDDDDCDBBDCACCDABBDCABBBBCD,ABAABCBDACDDDDCDBBCDACCDABBDACBBBBCD,,,0,174,,,,,L_T1_GTR___standard,,,,,L_T1_GTR03_33000001,,,
128254,34,,,,,,,,,33,42,13,122400000000121330000000313223300007432414000000433240000000122410000000,,00000171,,,,,,,,17,17,0,7,7,171,,311143231422224233241442133241333342,BAAACBDBACDDDDCDBBDCACCDABBDCABBBBCD,ABAABCBDACDDDDCDBBCDACCDABBDACBBBBCD,,,0,171,,,,,L_T1_GTR___standard,,,,,L_T1_GTR03_33000001,,,,33,42,13,122442000000121433000000313310000007432230000000424330000000122410000000,,00000174,,,,,,,,17,17,0,8,8,174,,311143231422224233241442133241333342,BAAACBDBACDDDDCDBBDCACCDABBDCABBBBCD,ABAABCBDACDDDDCDBBCDACCDABBDACBBBBCD,,,0,174,,,,,L_T1_GTR___standard,,,,,L_T1_GTR03_33000001,,,
128262,35,,,,,,,,,33,42,13,122400000000121330000000313223300007432414000000433240000000122410000000,,00000171,,,,,,,,17,17,0,7,7,171,,311143231422224233241442133241333342,BAAACBDBACDDDDCDBBDCACCDABBDCABBBBCD,ABAABCBDACDDDDCDBBCDACCDABBDACBBBBCD,,,0,171,,,,,L_T1_GTR___standard,,,,,L_T1_GTR03_33000001,,,,,42,13,122442000000121433000000313313000007432233000000424330000000122410000000,,bb70abb4,,,,,,,,18,0,1,bb70abb4,280,454,,311143231422224233241442133241333342,BAAACBDBACDDDDCDBBDCACCDABBDCABBBBCD,ABAABCBDACDDDDCDBBCDACCDABBDACBBBBCD,,,1,454,,,,,L_T1_GTR___standard,,,,,L_T1_GTR03_33000001,,,
128282,36,,,,,,,,,,42,13,122400000000121333300000313223300007432414000000433240000000122410000000,,bb60abb3,,,,,,,,18,0,1,bb60abb3,180,351,,311143231422224233241442133241333342,BAAACBDBACDDDDCDBBDCACCDABBDCABBBBCD,ABAABCBDACDDDDCDBBCDACCDABBDACBBBBCD,,,1,351,,,,,L_T1_GTR___standard,,,,,L_T1_GTR03_33000001,,,,,42,13,122442000000121433000000313313000007432233000000424330000000122410000000,,bb70abb4,,,,,,,,18,0,1,bb70abb4,280,454,,311143231422224233241442133241333342,BAAACBDBACDDDDCDBBDCACCDABBDCABBBBCD,ABAABCBDACDDDDCDBBCDACCDABBDACBBBBCD,,,1,454,,,,,L_T1_GTR___standard,,,,,L_T1_GTR03_33000001,,,
128327,37,,,,,,,,,,42,13,122400000000121333300000313223300007432414000000433240000000122410000000,,bb60abb3,,,,,,,,18,0,1,bb60abb3,180,351,,311143231422224233241442133241333342,BAAACBDBACDDDDCDBBDCACCDABBDCABBBBCD,ABAABCBDACDDDDCDBBCDACCDABBDACBBBBCD,,,1,351,,,,,L_T1_GTR___standard,,,,,L_T1_GTR03_33000001,,,,42,13,13,122442000000121400000000313310000007432200000000424000000000122410000000,,00000462,,,,,,,,19,1,0,8,8,462,,31114323142222423324144213324133334213,BAAACBDBACDDDDCDBBDCACCDABBDCABBBBCDAB,ABAABCBDACDDDDCDBBCDACCDABBDACBBBBCDAB,,,1,462,,,,,L_T1_GTR___standard,,,,,L_T1_GTR03_33000001,,,
128376,38,,,,,,,,,,42,13,122400000000121333300000313223300007432414000000433240000000122410000000,,bb60abb3,,,,,,,,18,0,1,bb60abb3,180,351,,311143231422224233241442133241333342,BAAACBDBACDDDDCDBBDCACCDABBDCABBBBCD,ABAABCBDACDDDDCDBBCDACCDABBDACBBBBCD,,,1,351,,,,,L_T1_GTR___standard,,,,,L_T1_GTR03_33000001,,,,13,13,42,122442240000121400000000313310000007432200000000424000000000122410000000,,00000468,,,,,,,,20,2,0,6,6,468,,3111432314222242332414421332413333421313,BAAACBDBACDDDDCDBBDCACCDABBDCABBBBCDABAB,ABAABCBDACDDDDCDBBCDACCDABBDACBBBBCDABAB,,,1,468,,,,,L_T1_GTR___standard,,,,,L_T1_GTR03_33000001,,,
128410,39,,,,,,,,,42,13,13,122400000000121600000000313220000007432414000000433240000000122410000000,,00000358,,,,,,,,19,1,0,7,7,358,,31114323142222423324144213324133334213,BAAACBDBACDDDDCDBBDCACCDABBDCABBBBCDAB,ABAABCBDACDDDDCDBBCDACCDABBDACBBBBCDAB,,,1,358,,,,,L_T1_GTR___standard,,,,,L_T1_GTR03_33000001,,,,13,13,42,122442240000121400000000313310000007432200000000424000000000122410000000,,00000468,,,,,,,,20,2,0,6,6,468,,3111432314222242332414421332413333421313,BAAACBDBACDDDDCDBBDCACCDABBDCABBBBCDABAB,ABAABCBDACDDDDCDBBCDACCDABBDACBBBBCDABAB,,,1,468,,,,,L_T1_GTR___standard,,,,,L_T1_GTR03_33000001,,,
128426,40,,,,,,,,,42,13,13,122400000000121600000000313220000007432414000000433240000000122410000000,,00000358,,,,,,,,19,1,0,7,7,358,,31114323142222423324144213324133334213,BAAACBDBACDDDDCDBBDCACCDABBDCABBBBCDAB,ABAABCBDACDDDDCDBBCDACCDABBDACBBBBCDAB,,,1,358,,,,,L_T1_GTR___standard,,,,,L_T1_GTR03_33000001,,,,13,42,31,122442240000121400000000313310000007432200000000424130000000122410000000,,00000478,,,,,,,,21,3,0,10,10,478,,311143231422224233241442133241333342131342,BAAACBDBACDDDDCDBBDCACCDABBDCABBBBCDABABCD,ABAABCBDACDDDDCDBBCDACCDABBDACBBBBCDABABCD,,,1,478,,,,,L_T1_GTR___standard,,,,,L_T1_GTR03_33000001,,,
128472,41,,,,,,,,,42,13,13,122400000000121600000000313220000007432414000000433240000000122410000000,,00000358,,,,,,,,19,1,0,7,7,358,,31114323142222423324144213324133334213,BAAACBDBACDDDDCDBBDCACCDABBDCABBBBCDAB,ABAABCBDACDDDDCDBBCDACCDABBDACBBBBCDAB,,,1,358,,,,,L_T1_GTR___standard,,,,,L_T1_GTR03_33000001,,,,42,31,12,122442240000121400000000313310000007432200000000424133000000122411000000,,00000486,,,,,,,,22,4,0,8,8,486,,31114323142222423324144213324133334213134231,BAAACBDBACDDDDCDBBDCACCDABBDCABBBBCDABABCDBA,ABAABCBDACDDDDCDBBCDACCDABBDACBBBBCDABABCDAB,,,1,486,,,,,L_T1_GTR___standard,,,,,L_T1_GTR03_33000001,,,
128478,42,,,,,,,,,13,13,42,122400000000121640000000313222000007432414000000433240000000122410000000,,00000366,,,,,,,,20,2,0,8,8,366,,3111432314222242332414421332413333421313,BAAACBDBACDDDDCDBBDCACCDABBDCABBBBCDABAB,ABAABCBDACDDDDCDBBCDACCDABBDACBBBBCDABAB,,,1,366,,,,,L_T1_GTR___standard,,,,,L_T1_GTR03_33000001,,,,42,31,12,122442240000121400000000313310000007432200000000424133000000122411000000,,00000486,,,,,,,,22,4,0,8,8,486,,31114323142222423324144213324133334213134231,BAAACBDBACDDDDCDBBDCACCDABBDCABBBBCDABABCDBA,ABAABCBDACDDDDCDBBCDACCDABBDACBBBBCDABABCDAB,,,1,486,,,,,L_T1_GTR___standard,,,,,L_T1_GTR03_33000001,,,
128524,43,,,,,,,,,13,42,31,122400000000121640000000313222000007432414000000433241300000122410000000,,00000374,,,,,,,,21,3,0,8,8,374,,311143231422224233241442133241333342131342,BAAACBDBACDDDDCDBBDCACCDABBDCABBBBCDABABCD,ABAABCBDACDDDDCDBBCDACCDABBDACBBBBCDABABCD,,,1,374,,,,,L_T1_GTR___standard,,,,,L_T1_GTR03_33000001,,,,42,31,12,122442240000121400000000313310000007432200000000424133000000122411000000,,00000486,,,,,,,,22,4,0,8,8,486,,31114323142222423324144213324133334213134231,BAAACBDBACDDDDCDBBDCACCDABBDCABBBBCDABABCDBA,ABAABCBDACDDDDCDBBCDACCDABBDACBBBBCDABABCDAB,,,1,486,,,,,L_T1_GTR___standard,,,,,L_T1_GTR03_33000001,,,
128542,44,,,,,,,,,13,42,31,122400000000121640000000313222000007432414000000433241300000122410000000,,00000374,,,,,,,,21,3,0,8,8,374,,311143231422224233241442133241333342131342,BAAACBDBACDDDDCDBBDCACCDABBDCABBBBCDABABCD,ABAABCBDACDDDDCDBBCDACCDABBDACBBBBCDABABCD,,,1,374,,,,,L_T1_GTR___standard,,,,,L_T1_GTR03_33000001,,,,31,12,11,122442244000121420000000313310000007432200000000424133000000122411000000,,00000491,,,,,,,,23,5,0,5,5,491,,3111432314222242332414421332413333421313423112,BAAACBDBACDDDDCDBBDCACCDABBDCABBBBCDABABCDBAAD,ABAABCBDACDDDDCDBBCDACCDABBDACBBBBCDABABCDABAD,,,1,491,,,,,L_T1_GTR___standard,,,,,L_T1_GTR03_33000001,,,
128569,45,,,,,,,,,42,31,12,122400000000121640000000313222000007432414000000433241300000122411300000,,00000382,,,,,,,,22,4,0,8,8,382,,31114323142222423324144213324133334213134231,BAAACBDBACDDDDCDBBDCACCDABBDCABBBBCDABABCDBA,ABAABCBDACDDDDCDBBCDACCDABBDACBBBBCDABABCDAB,,,1,382,,,,,L_T1_GTR___standard,,,,,L_T1_GTR03_33000001,,,,31,12,11,122442244000121420000000313310000007432200000000424133000000122411000000,,00000491,,,,,,,,23,5,0,5,5,491,,3111432314222242332414421332413333421313423112,BAAACBDBACDDDDCDBBDCACCDABBDCABBBBCDABABCDBAAD,ABAABCBDACDDDDCDBBCDACCDABBDACBBBBCDABABCDABAD,,,1,491,,,,,L_T1_GTR___standard,,,,,L_T1_GTR03_33000001,,,
128602,46,,,,,,,,,42,31,12,122400000000121640000000313222000007432414000000433241300000122411300000,,00000382,,,,,,,,22,4,0,8,8,382,,31114323142222423324144213324133334213134231,BAAACBDBACDDDDCDBBDCACCDABBDCABBBBCDABABCDBA,ABAABCBDACDDDDCDBBCDACCDABBDACBBBBCDABABCDAB,,,1,382,,,,,L_T1_GTR___standard,,,,,L_T1_GTR03_33000001,,,,12,11,43,122442244000121420000000313311000007432230000000424133000000122411000000,,00000499,,,,,,,,24,6,0,8,8,499,,311143231422224233241442133241333342131342311211,BAAACBDBACDDDDCDBBDCACCDABBDCABBBBCDABABCDBAADAA,ABAABCBDACDDDDCDBBCDACCDABBDACBBBBCDABABCDABADAA,,,1,499,,,,,L_T1_GTR___standard,,,,,L_T1_GTR03_33000001,,,
128616,47,,,,,,,,,31,12,11,122442000000121640000000313222000007432414000000433241300000122411300000,,00000391,,,,,,,,23,5,0,9,9,391,,3111432314222242332414421332413333421313423112,BAAACBDBACDDDDCDBBDCACCDABBDCABBBBCDABABCDBAAD,ABAABCBDACDDDDCDBBCDACCDABBDACBBBBCDABABCDABAD,,,1,391,,,,,L_T1_GTR___standard,,,,,L_T1_GTR03_33000001,,,,12,11,43,122442244000121420000000313311000007432230000000424133000000122411000000,,00000499,,,,,,,,24,6,0,8,8,499,,311143231422224233241442133241333342131342311211,BAAACBDBACDDDDCDBBDCACCDABBDCABBBBCDABABCDBAADAA,ABAABCBDACDDDDCDBBCDACCDABBDACBBBBCDABABCDABADAA,,,1,499,,,,,L_T1_GTR___standard,,,,,L_T1_GTR03_33000001,,,
128643,48,,,,,,,,,31,12,11,122442000000121640000000313222000007432414000000433241300000122411300000,,00000391,,,,,,,,23,5,0,9,9,391,,3111432314222242332414421332413333421313423112,BAAACBDBACDDDDCDBBDCACCDABBDCABBBBCDABABCDBAAD,ABAABCBDACDDDDCDBBCDACCDABBDACBBBBCDABABCDABAD,,,1,391,,,,,L_T1_GTR___standard,,,,,L_T1_GTR03_33000001,,,,11,43,21,122442244000121421200000313311000007432230000000424133000000122411000000,,00000507,,,,,,,,25,7,0,8,8,507,,31114323142222423324144213324133334213134231121143,BAAACBDBACDDDDCDBBDCACCDABBDCABBBBCDABABCDBAADAACB,ABAABCBDACDDDDCDBBCDACCDABBDACBBBBCDABABCDABADAABC,,,1,507,,,,,L_T1_GTR___standard,,,,,L_T1_GTR03_33000001,,,
128656,49,,,,,,,,,12,11,43,122442000000121640000000313222100007432414300000433241300000122411300000,,00000399,,,,,,,,24,6,0,8,8,399,,311143231422224233241442133241333342131342311211,BAAACBDBACDDDDCDBBDCACCDABBDCABBBBCDABABCDBAADAA,ABAABCBDACDDDDCDBBCDACCDABBDACBBBBCDABABCDABADAA,,,1,399,,,,,L_T1_GTR___standard,,,,,L_T1_GTR03_33000001,,,,11,43,21,122442244000121421200000313311000007432230000000424133000000122411000000,,00000507,,,,,,,,25,7,0,8,8,507,,31114323142222423324144213324133334213134231121143,BAAACBDBACDDDDCDBBDCACCDABBDCABBBBCDABABCDBAADAACB,ABAABCBDACDDDDCDBBCDACCDABBDACBBBBCDABABCDABADAABC,,,1,507,,,,,L_T1_GTR___standard,,,,,L_T1_GTR03_33000001,,,
128679,50,,,,,,,,,12,11,43,122442000000121640000000313222100007432414300000433241300000122411300000,,00000399,,,,,,,,24,6,0,8,8,399,,311143231422224233241442133241333342131342311211,BAAACBDBACDDDDCDBBDCACCDABBDCABBBBCDABABCDBAADAA,ABAABCBDACDDDDCDBBCDACCDABBDACBBBBCDABABCDABADAA,,,1,399,,,,,L_T1_GTR___standard,,,,,L_T1_GTR03_33000001,,,,43,21,44,122442244110121421200000313311000007432230000000424133000000122411000000,,00000511,,,,,,,,26,8,0,4,4,511,,3111432314222242332414421332413333421313423112114321,BAAACBDBACDDDDCDBBDCACCDABBDCABBBBCDABABCDBAADAACBDA,ABAABCBDACDDDDCDBBCDACCDABBDACBBBBCDABABCDABADAABCAD,,,1,511,,,,,L_T1_GTR___standard,,,,,L_T1_GTR03_33000001,,,
128704,51,,,,,,,,,11,43,21,122442210000121640000000313222100007432414300000433241300000122411300000,,00000404,,,,,,,,25,7,0,5,5,404,,31114323142222423324144213324133334213134231121143,BAAACBDBACDDDDCDBBDCACCDABBDCABBBBCDABABCDBAADAACB,ABAABCBDACDDDDCDBBCDACCDABBDACBBBBCDABABCDABADAABC,,,1,404,,,,,L_T1_GTR___standard,,,,,L_T1_GTR03_33000001,,,,43,21,44,122442244110121421200000313311000007432230000000424133000000122411000000,,00000511,,,,,,,,26,8,0,4,4,511,,3111432314222242332414421332413333421313423112114321,BAAACBDBACDDDDCDBBDCACCDABBDCABBBBCDABABCDBAADAACBDA,ABAABCBDACDDDDCDBBCDACCDABBDACBBBBCDABABCDABADAABCAD,,,1,511,,,,,L_T1_GTR___standard,,,,,L_T1_GTR03_33000001,,,
128721,52,,,,,,,,,11,43,21,122442210000121640000000313222100007432414300000433241300000122411300000,,00000404,,,,,,,,25,7,0,5,5,404,,31114323142222423324144213324133334213134231121143,BAAACBDBACDDDDCDBBDCACCDABBDCABBBBCDABABCDBAADAACB,ABAABCBDACDDDDCDBBCDACCDABBDACBBBBCDABABCDABADAABC,,,1,404,,,,,L_T1_GTR___standard,,,,,L_T1_GTR03_33000001,,,,21,44,42,122442244110121421200000313311000007432230000000424133400000122411300000,,00000518,,,,,,,,27,9,0,7,7,518,,311143231422224233241442133241333342131342311211432144,BAAACBDBACDDDDCDBBDCACCDABBDCABBBBCDABABCDBAADAACBDACC,ABAABCBDACDDDDCDBBCDACCDABBDACBBBBCDABABCDABADAABCADCC,,,1,518,,,,,L_T1_GTR___standard,,,,,L_T1_GTR03_33000001,,,
128744,53,,,,,,,,,43,21,44,122442210000121641100000313222100007432414300000433241300000122411300000,,00000411,,,,,,,,26,8,0,7,7,411,,3111432314222242332414421332413333421313423112114321,BAAACBDBACDDDDCDBBDCACCDABBDCABBBBCDABABCDBAADAACBDA,ABAABCBDACDDDDCDBBCDACCDABBDACBBBBCDABABCDABADAABCAD,,,1,411,,,,,L_T1_GTR___standard,,,,,L_T1_GTR03_33000001,,,,21,44,42,122442244110121421200000313311000007432230000000424133400000122411300000,,00000518,,,,,,,,27,9,0,7,7,518,,311143231422224233241442133241333342131342311211432144,BAAACBDBACDDDDCDBBDCACCDABBDCABBBBCDABABCDBAADAACBDACC,ABAABCBDACDDDDCDBBCDACCDABBDACBBBBCDABABCDABADAABCADCC,,,1,518,,,,,L_T1_GTR___standard,,,,,L_T1_GTR03_33000001,,,
128764,54,,,,,,,,,43,21,44,122442210000121641100000313222100007432414300000433241300000122411300000,,00000411,,,,,,,,26,8,0,7,7,411,,3111432314222242332414421332413333421313423112114321,BAAACBDBACDDDDCDBBDCACCDABBDCABBBBCDABABCDBAADAACBDA,ABAABCBDACDDDDCDBBCDACCDABBDACBBBBCDABABCDABADAABCAD,,,1,411,,,,,L_T1_GTR___standard,,,,,L_T1_GTR03_33000001,,,,44,42,22,122442244111121421200000313311000007432230000000424133400000122411300000,,00000519,,,,,,,,28,10,0,1,1,519,,31114323142222423324144213324133334213134231121143214442,BAAACBDBACDDDDCDBBDCACCDABBDCABBBBCDABABCDBAADAACBDACCCD,ABAABCBDACDDDDCDBBCDACCDABBDACBBBBCDABABCDABADAABCADCCCD,,,1,519,,,,,L_T1_GTR___standard,,,,,L_T1_GTR03_33000001,,,
128786,55,,,,,,,,,21,44,42,122442210000121641100000313222100007432414300000433241300000122411343000,,00000417,,,,,,,,27,9,0,6,6,417,,311143231422224233241442133241333342131342311211432144,BAAACBDBACDDDDCDBBDCACCDABBDCABBBBCDABABCDBAADAACBDACC,ABAABCBDACDDDDCDBBCDACCDABBDACBBBBCDABABCDABADAABCADCC,,,1,417,,,,,L_T1_GTR___standard,,,,,L_T1_GTR03_33000001,,,,44,42,22,122442244111121421200000313311000007432230000000424133400000122411300000,,00000519,,,,,,,,28,10,0,1,1,519,,31114323142222423324144213324133334213134231121143214442,BAAACBDBACDDDDCDBBDCACCDABBDCABBBBCDABABCDBAADAACBDACCCD,ABAABCBDACDDDDCDBBCDACCDABBDACBBBBCDABABCDABADAABCADCCCD,,,1,519,,,,,L_T1_GTR___standard,,,,,L_T1_GTR03_33000001,,,
128804,56,,,,,,,,,21,44,42,122442210000121641100000313222100007432414300000433241300000122411343000,,00000417,,,,,,,,27,9,0,6,6,417,,311143231422224233241442133241333342131342311211432144,BAAACBDBACDDDDCDBBDCACCDABBDCABBBBCDABABCDBAADAACBDACC,ABAABCBDACDDDDCDBBCDACCDABBDACBBBBCDABABCDABADAABCADCC,,,1,417,,,,,L_T1_GTR___standard,,,,,L_T1_GTR03_33000001,,,,42,22,24,122442244111121421200000313311000007432234400000424133400000122411300000,,00000526,,,,,,,,29,11,0,7,7,526,,3111432314222242332414421332413333421313423112114321444222,BAAACBDBACDDDDCDBBDCACCDABBDCABBBBCDABABCDBAADAACBDACCCDDD,ABAABCBDACDDDDCDBBCDACCDABBDACBBBBCDABABCDABADAABCADCCCDDD,,,1,526,,,,,L_T1_GTR___standard,,,,,L_T1_GTR03_33000001,,,
128824,57,,,,,,,,,44,42,22,122442210000121641121000313222100007432414300000433241300000122411343000,,00000423,,,,,,,,28,10,0,6,6,423,,31114323142222423324144213324133334213134231121143214442,BAAACBDBACDDDDCDBBDCACCDABBDCABBBBCDABABCDBAADAACBDACCCD,ABAABCBDACDDDDCDBBCDACCDABBDACBBBBCDABABCDABADAABCADCCCD,,,1,423,,,,,L_T1_GTR___standard,,,,,L_T1_GTR03_33000001,,,,42,22,24,122442244111121421200000313311000007432234400000424133400000122411300000,,00000526,,,,,,,,29,11,0,7,7,526,,3111432314222242332414421332413333421313423112114321444222,BAAACBDBACDDDDCDBBDCACCDABBDCABBBBCDABABCDBAADAACBDACCCDDD,ABAABCBDACDDDDCDBBCDACCDABBDACBBBBCDABABCDABADAABCADCCCDDD,,,1,526,,,,,L_T1_GTR___standard,,,,,L_T1_GTR03_33000001,,,
128842,58,,,,,,,,,44,42,22,122442210000121641121000313222100007432414300000433241300000122411343000,,00000423,,,,,,,,28,10,0,6,6,423,,31114323142222423324144213324133334213134231121143214442,BAAACBDBACDDDDCDBBDCACCDABBDCABBBBCDABABCDBAADAACBDACCCD,ABAABCBDACDDDDCDBBCDACCDABBDACBBBBCDABABCDABADAABCADCCCD,,,1,423,,,,,L_T1_GTR___standard,,,,,L_T1_GTR03_33000001,,,,22,24,11,122442244111121421200000313311000007432234400000424133424000122411300000,,00000531,,,,,,,,30,12,0,5,5,531,,311143231422224233241442133241333342131342311211432144422224,BAAACBDBACDDDDCDBBDCACCDABBDCABBBBCDABABCDBAADAACBDACCCDDDDC,ABAABCBDACDDDDCDBBCDACCDABBDACBBBBCDABABCDABADAABCADCCCDDDCD,,,1,531,,,,,L_T1_GTR___standard,,,,,L_T1_GTR03_33000001,,,
128867,59,,,,,,,,,42,22,24,122442210000121641121000313222100007432414300000433241344000122411343000,,00000428,,,,,,,,29,11,0,5,5,428,,3111432314222242332414421332413333421313423112114321444222,BAAACBDBACDDDDCDBBDCACCDABBDCABBBBCDABABCDBAADAACBDACCCDDD,ABAABCBDACDDDDCDBBCDACCDABBDACBBBBCDABABCDABADAABCADCCCDDD,,,1,428,,,,,L_T1_GTR___standard,,,,,L_T1_GTR03_33000001,,,,22,24,11,122442244111121421200000313311000007432234400000424133424000122411300000,,00000531,,,,,,,,30,12,0,5,5,531,,311143231422224233241442133241333342131342311211432144422224,BAAACBDBACDDDDCDBBDCACCDABBDCABBBBCDABABCDBAADAACBDACCCDDDDC,ABAABCBDACDDDDCDBBCDACCDABBDACBBBBCDABABCDABADAABCADCCCDDDCD,,,1,531,,,,,L_T1_GTR___standard,,,,,L_T1_GTR03_33000001,,,
128881,60,,,,,,,,,42,22,24,122442210000121641121000313222100007432414300000433241344000122411343000,,00000428,,,,,,,,29,11,0,5,5,428,,3111432314222242332414421332413333421313423112114321444222,BAAACBDBACDDDDCDBBDCACCDABBDCABBBBCDABABCDBAADAACBDACCCDDD,ABAABCBDACDDDDCDBBCDACCDABBDACBBBBCDABABCDABADAABCADCCCDDD,,,1,428,,,,,L_T1_GTR___standard,,,,,L_T1_GTR03_33000001,,,,24,11,33,122442244111121421200000313311000007432234400000424133424000122411322000,,00000536,,,,,,,,31,13,0,5,5,536,,31114323142222423324144213324133334213134231121143214442222411,BAAACBDBACDDDDCDBBDCACCDABBDCABBBBCDABABCDBAADAACBDACCCDDDDCAA,ABAABCBDACDDDDCDBBCDACCDABBDACBBBBCDABABCDABADAABCADCCCDDDCDAA,,,1,536,,,,,L_T1_GTR___standard,,,,,L_T1_GTR03_33000001,,,
128905,61,,,,,,,,,22,24,11,122442214200121641121000313222100007432414300000433241344000122411343000,,00000433,,,,,,,,30,12,0,5,5,433,,311143231422224233241442133241333342131342311211432144422224,BAAACBDBACDDDDCDBBDCACCDABBDCABBBBCDABABCDBAADAACBDACCCDDDDC,ABAABCBDACDDDDCDBBCDACCDABBDACBBBBCDABABCDABADAABCADCCCDDDCD,,,1,433,,,,,L_T1_GTR___standard,,,,,L_T1_GTR03_33000001,,,,24,11,33,122442244111121421200000313311000007432234400000424133424000122411322000,,00000536,,,,,,,,31,13,0,5,5,536,,31114323142222423324144213324133334213134231121143214442222411,BAAACBDBACDDDDCDBBDCACCDABBDCABBBBCDABABCDBAADAACBDACCCDDDDCAA,ABAABCBDACDDDDCDBBCDACCDABBDACBBBBCDABABCDABADAABCADCCCDDDCDAA,,,1,536,,,,,L_T1_GTR___standard,,,,,L_T1_GTR03_33000001,,,
128921,62,,,,,,,,,22,24,11,122442214200121641121000313222100007432414300000433241344000122411343000,,00000433,,,,,,,,30,12,0,5,5,433,,311143231422224233241442133241333342131342311211432144422224,BAAACBDBACDDDDCDBBDCACCDABBDCABBBBCDABABCDBAADAACBDACCCDDDDC,ABAABCBDACDDDDCDBBCDACCDABBDACBBBBCDABABCDABADAABCADCCCDDDCD,,,1,433,,,,,L_T1_GTR___standard,,,,,L_T1_GTR03_33000001,,,,11,33,42,122442244111121421200000313311000007432234400000424133424240122411322000,,00000540,,,,,,,,32,14,0,4,4,540,,3111432314222242332414421332413333421313423112114321444222241133,BAAACBDBACDDDDCDBBDCACCDABBDCABBBBCDABABCDBAADAACBDACCCDDDDCAABB,ABAABCBDACDDDDCDBBCDACCDABBDACBBBBCDABABCDABADAABCADCCCDDDCDAABB,,,1,540,,,,,L_T1_GTR___standard,,,,,L_T1_GTR03_33000001,,,
128941,63,,,,,,,,,24,11,33,122442214200121641121000313222100007432414300000433241344200122411343200,,00000437,,,,,,,,31,13,0,4,4,437,,31114323142222423324144213324133334213134231121143214442222411,BAAACBDBACDDDDCDBBDCACCDABBDCABBBBCDABABCDBAADAACBDACCCDDDDCAA,ABAABCBDACDDDDCDBBCDACCDABBDACBBBBCDABABCDABADAABCADCCCDDDCDAA,,,1,437,,,,,L_T1_GTR___standard,,,,,L_T1_GTR03_33000001,,,,11,33,42,122442244111121421200000313311000007432234400000424133424240122411322000,,00000540,,,,,,,,32,14,0,4,4,540,,3111432314222242332414421332413333421313423112114321444222241133,BAAACBDBACDDDDCDBBDCACCDABBDCABBBBCDABABCDBAADAACBDACCCDDDDCAABB,ABAABCBDACDDDDCDBBCDACCDABBDACBBBBCDABABCDABADAABCADCCCDDDCDAABB,,,1,540,,,,,L_T1_GTR___standard,,,,,L_T1_GTR03_33000001,,,
128959,64,,,,,,,,,24,11,33,122442214200121641121000313222100007432414300000433241344200122411343200,,00000437,,,,,,,,31,13,0,4,4,437,,31114323142222423324144213324133334213134231121143214442222411,BAAACBDBACDDDDCDBBDCACCDABBDCABBBBCDABABCDBAADAACBDACCCDDDDCAA,ABAABCBDACDDDDCDBBCDACCDABBDACBBBBCDABABCDABADAABCADCCCDDDCDAA,,,1,437,,,,,L_T1_GTR___standard,,,,,L_T1_GTR03_33000001,,,,33,42,32,122442244211121421200000313311000007432234411000424133424240122411322000,,00000546,,,,,,,,33,15,0,6,6,546,,311143231422224233241442133241333342131342311211432144422224113342,BAAACBDBACDDDDCDBBDCACCDABBDCABBBBCDABABCDBAADAACBDACCCDDDDCAABBCD,ABAABCBDACDDDDCDBBCDACCDABBDACBBBBCDABABCDABADAABCADCCCDDDCDAABBCD,,,1,546,,,,,L_T1_GTR___standard,,,,,L_T1_GTR03_33000001,,,
128980,65,,,,,,,,,11,33,42,122442214200121641121000313222100007432414300000433241344240122411343220,,00000440,,,,,,,,32,14,0,3,3,440,,3111432314222242332414421332413333421313423112114321444222241133,BAAACBDBACDDDDCDBBDCACCDABBDCABBBBCDABABCDBAADAACBDACCCDDDDCAABB,ABAABCBDACDDDDCDBBCDACCDABBDACBBBBCDABABCDABADAABCADCCCDDDCDAABB,,,1,440,,,,,L_T1_GTR___standard,,,,,L_T1_GTR03_33000001,,,,33,42,32,122442244211121421200000313311000007432234411000424133424240122411322000,,00000546,,,,,,,,33,15,0,6,6,546,,311143231422224233241442133241333342131342311211432144422224113342,BAAACBDBACDDDDCDBBDCACCDABBDCABBBBCDABABCDBAADAACBDACCCDDDDCAABBCD,ABAABCBDACDDDDCDBBCDACCDABBDACBBBBCDABABCDABADAABCADCCCDDDCDAABBCD,,,1,546,,,,,L_T1_GTR___standard,,,,,L_T1_GTR03_33000001,,,
129018,66,,,,,,,,,33,42,32,122442214200121641121000313222100007432414311000433241344240122411343220,,00000445,,,,,,,,33,15,0,5,5,445,,311143231422224233241442133241333342131342311211432144422224113342,BAAACBDBACDDDDCDBBDCACCDABBDCABBBBCDABABCDBAADAACBDACCCDDDDCAABBCD,ABAABCBDACDDDDCDBBCDACCDABBDACBBBBCDABABCDABADAABCADCCCDDDCDAABBCD,,,1,445,,,,,L_T1_GTR___standard,,,,,L_T1_GTR03_33000001,,,,33,42,32,122442244211121421200000313311000007432234411000424133424240122411322000,,00000546,,,,,,,,33,15,0,6,6,546,,311143231422224233241442133241333342131342311211432144422224113342,BAAACBDBACDDDDCDBBDCACCDABBDCABBBBCDABABCDBAADAACBDACCCDDDDCAABBCD,ABAABCBDACDDDDCDBBCDACCDABBDACBBBBCDABABCDABADAABCADCCCDDDCDAABBCD,,,1,546,,,,,L_T1_GTR___standard,,,,,L_T1_GTR03_33000001,,,
129045,67,,,,,,,,,33,42,32,122442214200121641121000313222100007432414311000433241344240122411343220,,00000445,,,,,,,,33,15,0,5,5,445,,311143231422224233241442133241333342131342311211432144422224113342,BAAACBDBACDDDDCDBBDCACCDABBDCABBBBCDABABCDBAADAACBDACCCDDDDCAABBCD,ABAABCBDACDDDDCDBBCDACCDABBDACBBBBCDABABCDABADAABCADCCCDDDCDAABBCD,,,1,445,,,,,L_T1_GTR___standard,,,,,L_T1_GTR03_33000001,,,,42,32,41,122442244111121421200000313311000007432234411330424133424240122411322000,,00000548,,,,,,,,34,16,0,2,2,548,,31114323142222423324144213324133334213134231121143214442222411334232,BAAACBDBACDDDDCDBBDCACCDABBDCABBBBCDABABCDBAADAACBDACCCDDDDCAABBCDBD,ABAABCBDACDDDDCDBBCDACCDABBDACBBBBCDABABCDABADAABCADCCCDDDCDAABBCDBD,,,1,548,,,,,L_T1_GTR___standard,,,,,L_T1_GTR03_33000001,,,
129072,68,,,,,,,,,33,42,32,122442214200121641121000313222100007432414311000433241344240122411343220,,00000445,,,,,,,,33,15,0,5,5,445,,311143231422224233241442133241333342131342311211432144422224113342,BAAACBDBACDDDDCDBBDCACCDABBDCABBBBCDABABCDBAADAACBDACCCDDDDCAABBCD,ABAABCBDACDDDDCDBBCDACCDABBDACBBBBCDABABCDABADAABCADCCCDDDCDAABBCD,,,1,445,,,,,L_T1_GTR___standard,,,,,L_T1_GTR03_33000001,,,,,32,41,122442244111121421224000313311000007432234411330424133424240122411322000,,bb40abb1,,,,,,,,35,0,1,bb40abb1,40,588,,31114323142222423324144213324133334213134231121143214442222411334232,BAAACBDBACDDDDCDBBDCACCDABBDCABBBBCDABABCDBAADAACBDACCCDDDDCAABBCDBD,ABAABCBDACDDDDCDBBCDACCDABBDACBBBBCDABABCDABADAABCADCCCDDDCDAABBCDBD,,,1,588,,,,,L_T1_GTR___standard,,,,,L_T1_GTR03_33000001,,,
129081,69,,,,,,,,,42,32,41,122442214200121641121000313222130007432414311300433241344240122411343220,,00000449,,,,,,,,34,16,0,4,4,449,,31114323142222423324144213324133334213134231121143214442222411334232,BAAACBDBACDDDDCDBBDCACCDABBDCABBBBCDABABCDBAADAACBDACCCDDDDCAABBCDBD,ABAABCBDACDDDDCDBBCDACCDABBDACBBBBCDABABCDABADAABCADCCCDDDCDAABBCDBD,,,1,449,,,,,L_T1_GTR___standard,,,,,L_T1_GTR03_33000001,,,,,32,41,122442244111121421224000313311000007432234411330424133424240122411322000,,bb40abb1,,,,,,,,35,0,1,bb40abb1,40,588,,31114323142222423324144213324133334213134231121143214442222411334232,BAAACBDBACDDDDCDBBDCACCDABBDCABBBBCDABABCDBAADAACBDACCCDDDDCAABBCDBD,ABAABCBDACDDDDCDBBCDACCDABBDACBBBBCDABABCDABADAABCADCCCDDDCDAABBCDBD,,,1,588,,,,,L_T1_GTR___standard,,,,,L_T1_GTR03_33000001,,,
129117,70,,,,,,,,,32,41,21,122442214200121641121000313222130007432414311300433241344240122411343224,,00000451,,,,,,,,35,17,0,2,2,451,,3111432314222242332414421332413333421313423112114321444222241133423241,BAAACBDBACDDDDCDBBDCACCDABBDCABBBBCDABABCDBAADAACBDACCCDDDDCAABBCDBDCA,ABAABCBDACDDDDCDBBCDACCDABBDACBBBBCDABABCDABADAABCADCCCDDDCDAABBCDBDAC,,,1,451,,,,,L_T1_GTR___standard,,,,,L_T1_GTR03_33000001,,,,,32,41,122442244111121421224000313311000007432234411330424133424240122411322000,,bb40abb1,,,,,,,,35,0,1,bb40abb1,40,588,,31114323142222423324144213324133334213134231121143214442222411334232,BAAACBDBACDDDDCDBBDCACCDABBDCABBBBCDABABCDBAADAACBDACCCDDDDCAABBCDBD,ABAABCBDACDDDDCDBBCDACCDABBDACBBBBCDABABCDABADAABCADCCCDDDCDAABBCDBD,,,1,588,,,,,L_T1_GTR___standard,,,,,L_T1_GTR03_33000001,,,
129154,71,,,,,,,,,32,41,21,122442214200121641121000313222130007432414311300433241344240122411343224,,00000451,,,,,,,,35,17,0,2,2,451,,3111432314222242332414421332413333421313423112114321444222241133423241,BAAACBDBACDDDDCDBBDCACCDABBDCABBBBCDABABCDBAADAACBDACCCDDDDCAABBCDBDCA,ABAABCBDACDDDDCDBBCDACCDABBDACBBBBCDABABCDABADAABCADCCCDDDCDAABBCDBDAC,,,1,451,,,,,L_T1_GTR___standard,,,,,L_T1_GTR03_33000001,,,,,32,41,122444411120121421400000313311000007432234411330424133424240122411322000,,bb60ab11,,,,,,,,36,0,2,bb60ab11,660,1248,,31114323142222423324144213324133334213134231121143214442222411334232,BAAACBDBACDDDDCDBBDCACCDABBDCABBBBCDABABCDBAADAACBDACCCDDDDCAABBCDBD,ABAABCBDACDDDDCDBBCDACCDABBDACBBBBCDABABCDABADAABCADCCCDDDCDAABBCDBD,,,2,1248,,,,,L_T1_GTR___standard,,,,,L_T1_GTR03_33000001,,,
129182,72,,,,,,,,,41,21,12,122442214200121641121000313222133007432414311320433241344240122411343224,,00000454,,,,,,,,36,18,0,3,3,454,,311143231422224233241442133241333342131342311211432144422224113342324121,BAAACBDBACDDDDCDBBDCACCDABBDCABBBBCDABABCDBAADAACBDACCCDDDDCAABBCDBDCADA,ABAABCBDACDDDDCDBBCDACCDABBDACBBBBCDABABCDABADAABCADCCCDDDCDAABBCDBDACAD,,,1,454,,,,,L_T1_GTR___standard,,,,,L_T1_GTR03_33000001,,,,,32,41,122444411120121421400000313311000007432234411330424133424240122411322000,,bb60ab11,,,,,,,,36,0,2,bb60ab11,660,1248,,31114323142222423324144213324133334213134231121143214442222411334232,BAAACBDBACDDDDCDBBDCACCDABBDCABBBBCDABABCDBAADAACBDACCCDDDDCAABBCDBD,ABAABCBDACDDDDCDBBCDACCDABBDACBBBBCDABABCDABADAABCADCCCDDDCDAABBCDBD,,,2,1248,,,,,L_T1_GTR___standard,,,,,L_T1_GTR03_33000001,,,
129234,73,,,,,,,,,21,12,12,122442214240121641121100313222133007432414311320433241344240122411343224,,00000457,,,,,,,,37,19,0,3,3,457,,31114323142222423324144213324133334213134231121143214442222411334232412112,BAAACBDBACDDDDCDBBDCACCDABBDCABBBBCDABABCDBAADAACBDACCCDDDDCAABBCDBDCADAAD,ABAABCBDACDDDDCDBBCDACCDABBDACBBBBCDABABCDABADAABCADCCCDDDCDAABBCDBDACADAD,,,1,457,,,,,L_T1_GTR___standard,,,,,L_T1_GTR03_33000001,,,,,32,41,122444411120121421400000313311000007432234411330424133424240122411322000,,bb60ab11,,,,,,,,36,0,2,bb60ab11,660,1248,,31114323142222423324144213324133334213134231121143214442222411334232,BAAACBDBACDDDDCDBBDCACCDABBDCABBBBCDABABCDBAADAACBDACCCDDDDCAABBCDBD,ABAABCBDACDDDDCDBBCDACCDABBDACBBBBCDABABCDABADAABCADCCCDDDCDAABBCDBD,,,2,1248,,,,,L_T1_GTR___standard,,,,,L_T1_GTR03_33000001,,,
129240,74,,,,,,,,,21,12,12,122442214240121641121100313222133007432414311320433241344240122411343224,,00000457,,,,,,,,37,19,0,3,3,457,,31114323142222423324144213324133334213134231121143214442222411334232412112,BAAACBDBACDDDDCDBBDCACCDABBDCABBBBCDABABCDBAADAACBDACCCDDDDCAABBCDBDCADAAD,ABAABCBDACDDDDCDBBCDACCDABBDACBBBBCDABABCDABADAABCADCCCDDDCDAABBCDBDACADAD,,,1,457,,,,,L_T1_GTR___standard,,,,,L_T1_GTR03_33000001,,,,,32,41,122111200000121210000000313311000007432234411330424133424240122411322000,,bb60ab19,,,,,,,,37,0,3,bb60ab19,1140,2388,,31114323142222423324144213324133334213134231121143214442222411334232,BAAACBDBACDDDDCDBBDCACCDABBDCABBBBCDABABCDBAADAACBDACCCDDDDCAABBCDBD,ABAABCBDACDDDDCDBBCDACCDABBDACBBBBCDABABCDABADAABCADCCCDDDCDAABBCDBD,,,3,2388,,,,,L_T1_GTR___standard/L_T1_GTR___mahara__,,,,,L_T1_GTR03_33000001,,,
129295,75,,,,,,,,,12,12,12,122442214240121641121100313222133007432414311320433241344241122411343224,,00000458,,,,,,,,38,20,0,1,1,458,,3111432314222242332414421332413333421313423112114321444222241133423241211212,BAAACBDBACDDDDCDBBDCACCDABBDCABBBBCDABABCDBAADAACBDACCCDDDDCAABBCDBDCADAADAD,ABAABCBDACDDDDCDBBCDACCDABBDACBBBBCDABABCDABADAABCADCCCDDDCDAABBCDBDACADADAD,,,1,458,,,,,L_T1_GTR___standard,,,,,L_T1_GTR03_33000001,,,,,32,41,122111200000121210000000313311000007432234411330424133424240122411322000,,bb60ab19,,,,,,,,37,0,3,bb60ab19,1140,2388,,31114323142222423324144213324133334213134231121143214442222411334232,BAAACBDBACDDDDCDBBDCACCDABBDCABBBBCDABABCDBAADAACBDACCCDDDDCAABBCDBD,ABAABCBDACDDDDCDBBCDACCDABBDACBBBBCDABABCDABADAABCADCCCDDDCDAABBCDBD,,,3,2388,,,,,L_T1_GTR___standard/L_T1_GTR___mahara__,,,,,L_T1_GTR03_33000001,,,
129325,76,,,,,,,,,12,12,12,122442214240121641121100313222133007432414311320433241344241122411343224,,00000458,,,,,,,,38,20,0,1,1,458,,3111432314222242332414421332413333421313423112114321444222241133423241211212,BAAACBDBACDDDDCDBBDCACCDABBDCABBBBCDABABCDBAADAACBDACCCDDDDCAABBCDBDCADAADAD,ABAABCBDACDDDDCDBBCDACCDABBDACBBBBCDABABCDABADAABCADCCCDDDCDAABBCDBDACADADAD,,,1,458,,,,,L_T1_GTR___standard,,,,,L_T1_GTR03_33000001,,,,,32,41,122200000000121200000000313300000007432234411330424133424240122411322000,,bb50ab34,,,,,,,,38,0,4,bb50ab34,1700,4088,,31114323142222423324144213324133334213134231121143214442222411334232,BAAACBDBACDDDDCDBBDCACCDABBDCABBBBCDABABCDBAADAACBDACCCDDDDCAABBCDBD,ABAABCBDACDDDDCDBBCDACCDABBDACBBBBCDABABCDABADAABCADCCCDDDCDAABBCDBD,,,4,4088,,,,,,,,,,,,,
129388,77,,,,,,,,,12,12,42,122442214240121641121112313222133007432414311320433241344241122411343224,,00000459,,,,,,,,39,21,0,1,1,459,,311143231422224233241442133241333342131342311211432144422224113342324121121212,BAAACBDBACDDDDCDBBDCACCDABBDCABBBBCDABABCDBAADAACBDACCCDDDDCAABBCDBDCADAADADAD,ABAABCBDACDDDDCDBBCDACCDABBDACBBBBCDABABCDABADAABCADCCCDDDCDAABBCDBDACADADADAD,,,1,459,,,,,L_T1_GTR___standard,,,,,L_T1_GTR03_33000001,,,,,32,41,122200000000121200000000313300000007432234411330424133424240122411322000,,bb50ab34,,,,,,,,38,0,4,bb50ab34,1700,4088,,31114323142222423324144213324133334213134231121143214442222411334232,BAAACBDBACDDDDCDBBDCACCDABBDCABBBBCDABABCDBAADAACBDACCCDDDDCAABBCDBD,ABAABCBDACDDDDCDBBCDACCDABBDACBBBBCDABABCDABADAABCADCCCDDDCDAABBCDBD,,,4,4088,,,,,,,,,,,,,
129405,78,,,,,,,,,12,12,42,122442214240121641121112313222133007432414311320433241344241122411343224,,00000459,,,,,,,,39,21,0,1,1,459,,311143231422224233241442133241333342131342311211432144422224113342324121121212,BAAACBDBACDDDDCDBBDCACCDABBDCABBBBCDABABCDBAADAACBDACCCDDDDCAABBCDBDCADAADADAD,ABAABCBDACDDDDCDBBCDACCDABBDACBBBBCDABABCDABADAABCADCCCDDDCDAABBCDBDACADADADAD,,,1,459,,,,,L_T1_GTR___standard,,,,,L_T1_GTR03_33000001,,,,,32,41,100000000000110000000000313300000007432234411330424133424240122411322000,,bb40ab64,,,,,,,,39,0,5,bb40ab64,2560,6648,,31114323142222423324144213324133334213134231121143214442222411334232,BAAACBDBACDDDDCDBBDCACCDABBDCABBBBCDABABCDBAADAACBDACCCDDDDCAABBCDBD,ABAABCBDACDDDDCDBBCDACCDABBDACBBBBCDABABCDABADAABCADCCCDDDCDAABBCDBD,,,5,6648,,,,,,,,,,,,,
129443,79,,,,,,,,,12,42,34,122442214241121641121112313222133007432414311320433241344241122411343224,,00000461,,,,,,,,40,22,0,2,2,461,,31114323142222423324144213324133334213134231121143214442222411334232412112121242,BAAACBDBACDDDDCDBBDCACCDABBDCABBBBCDABABCDBAADAACBDACCCDDDDCAABBCDBDCADAADADADCD,ABAABCBDACDDDDCDBBCDACCDABBDACBBBBCDABABCDABADAABCADCCCDDDCDAABBCDBDACADADADADCD,,,1,461,,,,,L_T1_GTR___standard,,,,,L_T1_GTR03_33000001,,,,,32,41,100000000000110000000000313300000007432234411330424133424240122411322000,,bb40ab64,,,,,,,,39,0,5,bb40ab64,2560,6648,,31114323142222423324144213324133334213134231121143214442222411334232,BAAACBDBACDDDDCDBBDCACCDABBDCABBBBCDABABCDBAADAACBDACCCDDDDCAABBCDBD,ABAABCBDACDDDDCDBBCDACCDABBDACBBBBCDABABCDABADAABCADCCCDDDCDAABBCDBD,,,5,6648,,,,,,,,,,,,,
129484,80,,,,,,,,,12,42,34,122442214241121641121112313222133007432414311320433241344241122411343224,,00000461,,,,,,,,40,22,0,2,2,461,,31114323142222423324144213324133334213134231121143214442222411334232412112121242,BAAACBDBACDDDDCDBBDCACCDABBDCABBBBCDABABCDBAADAACBDACCCDDDDCAABBCDBDCADAADADADCD,ABAABCBDACDDDDCDBBCDACCDABBDACBBBBCDABABCDABADAABCADCCCDDDCDAABBCDBDACADADADADCD,,,1,461,,,,,L_T1_GTR___standard,,,,,L_T1_GTR03_33000001,,,,,32,41,000000000000000000000000333000000007432234411330424133424240122411322000,,bb40ab96,,,,,,,,40,0,6,bb40ab96,3840,10488,,31114323142222423324144213324133334213134231121143214442222411334232,BAAACBDBACDDDDCDBBDCACCDABBDCABBBBCDABABCDBAADAACBDACCCDDDDCAABBCDBD,ABAABCBDACDDDDCDBBCDACCDABBDACBBBBCDABABCDABADAABCADCCCDDDCDAABBCDBD,,,6,10488,,,,,,,,,,,,,
129494,81,,,,,,,,,42,34,21,122442214241121641121112313222133007432414311320433241344241122411343224,,00000462,,,,,,,,41,23,0,1,1,462,,3111432314222242332414421332413333421313423112114321444222241133423241211212124234,BAAACBDBACDDDDCDBBDCACCDABBDCABBBBCDABABCDBAADAACBDACCCDDDDCAABBCDBDCADAADADADCDBC,ABAABCBDACDDDDCDBBCDACCDABBDACBBBBCDABABCDABADAABCADCCCDDDCDAABBCDBDACADADADADCDBC,,,1,462,,,,,L_T1_GTR___standard,,,,,L_T1_GTR03_33000001,,,,,32,41,000000000000000000000000333000000007432234411330424133424240122411322000,,bb40ab96,,,,,,,,40,0,6,bb40ab96,3840,10488,,31114323142222423324144213324133334213134231121143214442222411334232,BAAACBDBACDDDDCDBBDCACCDABBDCABBBBCDABABCDBAADAACBDACCCDDDDCAABBCDBD,ABAABCBDACDDDDCDBBCDACCDABBDACBBBBCDABABCDABADAABCADCCCDDDCDAABBCDBD,,,6,10488,,,,,,,,,,,,,
129541,82,,,,,,,,,34,21,21,122442214241121641121112313222133007432414311322433241344241122411343224,,00000463,,,,,,,,42,24,0,1,1,463,,311143231422224233241442133241333342131342311211432144422224113342324121121212423421,BAAACBDBACDDDDCDBBDCACCDABBDCABBBBCDABABCDBAADAACBDACCCDDDDCAABBCDBDCADAADADADCDBCDA,ABAABCBDACDDDDCDBBCDACCDABBDACBBBBCDABABCDABADAABCADCCCDDDCDAABBCDBDACADADADADCDBCAD,,,1,463,,,,,L_T1_GTR___standard,,,,,L_T1_GTR03_33000001,,,,,32,41,000000000000000000000000333000000007432234411330424133424240122411322000,,bb40ab96,,,,,,,,40,0,6,bb40ab96,3840,10488,,31114323142222423324144213324133334213134231121143214442222411334232,BAAACBDBACDDDDCDBBDCACCDABBDCABBBBCDABABCDBAADAACBDACCCDDDDCAABBCDBD,ABAABCBDACDDDDCDBBCDACCDABBDACBBBBCDABABCDABADAABCADCCCDDDCDAABBCDBD,,,6,10488,,,,,,,,,,,,,
129563,83,,,,,,,,,,21,21,122442214241121641121112313222133347432414311322433241344241122411343224,,bb40abb1,,,,,,,,43,0,1,bb40abb1,40,503,,311143231422224233241442133241333342131342311211432144422224113342324121121212423421,BAAACBDBACDDDDCDBBDCACCDABBDCABBBBCDABABCDBAADAACBDACCCDDDDCAABBCDBDCADAADADADCDBCDA,ABAABCBDACDDDDCDBBCDACCDABBDACBBBBCDABABCDABADAABCADCCCDDDCDAABBCDBDACADADADADCDBCAD,,,1,503,,,,,L_T1_GTR___standard,,,,,L_T1_GTR03_33000001,,,,,32,41,000000000000000000000000333000000007432234411330424133424240122411322000,,bb40ab96,,,,,,,,40,0,6,bb40ab96,3840,10488,,31114323142222423324144213324133334213134231121143214442222411334232,BAAACBDBACDDDDCDBBDCACCDABBDCABBBBCDABABCDBAADAACBDACCCDDDDCAABBCDBD,ABAABCBDACDDDDCDBBCDACCDABBDACBBBBCDABABCDABADAABCADCCCDDDCDAABBCDBD,,,6,10488,,,,,,,,,,,,,
129565,84,,,,,,,,,,21,21,122442214241121641121112313222133347432414311322433241344241122411343224,,bb40abb1,,,,,,,,43,0,1,bb40abb1,40,503,,311143231422224233241442133241333342131342311211432144422224113342324121121212423421,BAAACBDBACDDDDCDBBDCACCDABBDCABBBBCDABABCDBAADAACBDACCCDDDDCAABBCDBDCADAADADADCDBCDA,ABAABCBDACDDDDCDBBCDACCDABBDACBBBBCDABABCDABADAABCADCCCDDDCDAABBCDBDACADADADADCDBCAD,,,1,503,,,,,L_T1_GTR___standard,,,,,L_T1_GTR03_33000001,,,,,32,41,000000000000000000000000000000000007422344113300424133424240122411322000,,bb50a130,,,,,,,,41,0,7,bb50a130,6500,16988,,31114323142222423324144213324133334213134231121143214442222411334232,BAAACBDBACDDDDCDBBDCACCDABBDCABBBBCDABABCDBAADAACBDACCCDDDDCAABBCDBD,ABAABCBDACDDDDCDBBCDACCDABBDACBBBBCDABABCDABADAABCADCCCDDDCDAABBCDBD,,,7,16988,,,,,,,,,,,,,
129646,86,,,,,,,,,,21,21,122442214241121641121112313222140007432414311224433241344241122411343224,,bb50ab10,,,,,,,,44,0,2,bb50ab10,500,1003,,311143231422224233241442133241333342131342311211432144422224113342324121121212423421,BAAACBDBACDDDDCDBBDCACCDABBDCABBBBCDABABCDBAADAACBDACCCDDDDCAABBCDBDCADAADADADCDBCDA,ABAABCBDACDDDDCDBBCDACCDABBDACBBBBCDABABCDABADAABCADCCCDDDCDAABBCDBDACADADADADCDBCAD,,,2,1003,,,,,L_T1_GTR___standard,,,,,L_T1_GTR03_33000001,,,,,32,41,000000000000000000000000000000000007434411330000441334242400141132200000,,bb40a160,,,,,,,,42,0,8,bb40a160,6400,23388,,31114323142222423324144213324133334213134231121143214442222411334232,BAAACBDBACDDDDCDBBDCACCDABBDCABBBBCDABABCDBAADAACBDACCCDDDDCAABBCDBD,ABAABCBDACDDDDCDBBCDACCDABBDACBBBBCDABABCDABADAABCADCCCDDDCDAABBCDBD,,,8,23388,,,,,,,,,,,,,
129729,88,,,,,,,,,,21,21,122442214241121641121112313222140007432414311400433241344412122411343420,,bb60ab19,,,,,,,,45,0,3,bb60ab19,1140,2143,,311143231422224233241442133241333342131342311211432144422224113342324121121212423421,BAAACBDBACDDDDCDBBDCACCDABBDCABBBBCDABABCDBAADAACBDACCCDDDDCAABBCDBDCADAADADADCDBCDA,ABAABCBDACDDDDCDBBCDACCDABBDACBBBBCDABABCDABADAABCADCCCDDDCDAABBCDBDACADADADADCDBCAD,,,3,2143,,,,,L_T1_GTR___standard,,,,,L_T1_GTR03_33000001,,,,,32,41,000000000000000000000000000000000007344113300000133424240000111322000000,,bb40a192,,,,,,,,43,0,9,bb40a192,7680,31068,,31114323142222423324144213324133334213134231121143214442222411334232,BAAACBDBACDDDDCDBBDCACCDABBDCABBBBCDABABCDBAADAACBDACCCDDDDCAABBCDBD,ABAABCBDACDDDDCDBBCDACCDABBDACBBBBCDABABCDABADAABCADCCCDDDCDAABBCDBD,,,9,31068,,,,,,,,,,R_T1_GTR03_22110002,,,
129812,90,,,,,,,,,,21,21,122442214241121641121112313222140007432414311000433241312000122411332000,,bb40ab32,,,,,,,,46,0,4,bb40ab32,1280,3423,,311143231422224233241442133241333342131342311211432144422224113342324121121212423421,BAAACBDBACDDDDCDBBDCACCDABBDCABBBBCDABABCDBAADAACBDACCCDDDDCAABBCDBDCADAADADADCDBCDA,ABAABCBDACDDDDCDBBCDACCDABBDACBBBBCDABABCDABADAABCADCCCDDDCDAABBCDBDACADADADADCDBCAD,,,4,3423,,,,,L_T1_GTR___standard,,,,,L_T1_GTR03_33000001,,,,,32,41,000000000000000000000000000000000007344113300000334242400000322000000000,,bb40a224,,,,,,,,44,0,10,bb40a224,8960,40028,,31114323142222423324144213324133334213134231121143214442222411334232,BAAACBDBACDDDDCDBBDCACCDABBDCABBBBCDABABCDBAADAACBDACCCDDDDCAABBCDBD,ABAABCBDACDDDDCDBBCDACCDABBDACBBBBCDABABCDABADAABCADCCCDDDCDAABBCDBD,,,9,40028,,,,,,,,,,,,,
129895,91,,,,,,,,,,21,21,122442214241121641121112313222140007432414110000433241120000122411200000,,bb90ab70,,,,,,,,47,0,5,bb90ab70,6300,9723,,311143231422224233241442133241333342131342311211432144422224113342324121121212423421,BAAACBDBACDDDDCDBBDCACCDABBDCABBBBCDABABCDBAADAACBDACCCDDDDCAABBCDBDCADAADADADCDBCDA,ABAABCBDACDDDDCDBBCDACCDABBDACBBBBCDABABCDABADAABCADCCCDDDCDAABBCDBDACADADADADCDBCAD,,,5,9723,,,,,L_T1_GTR___standard,,,,,L_T1_GTR03_33000001,,,,,32,41,000000000000000000000000000000000007344113300000334242400000322000000000,,bb40a224,,,,,,,,44,0,10,bb40a224,8960,40028,,31114323142222423324144213324133334213134231121143214442222411334232,BAAACBDBACDDDDCDBBDCACCDABBDCABBBBCDABABCDBAADAACBDACCCDDDDCAABBCDBD,ABAABCBDACDDDDCDBBCDACCDABBDACBBBBCDABABCDABADAABCADCCCDDDCDAABBCDBD,,,9,40028,,,,,,,,,,,,,
129905,92,,,,,,,,,,21,21,122442214241121641121112313222140007432414110000433241120000122411200000,,bb90ab70,,,,,,,,47,0,5,bb90ab70,6300,9723,,311143231422224233241442133241333342131342311211432144422224113342324121121212423421,BAAACBDBACDDDDCDBBDCACCDABBDCABBBBCDABABCDBAADAACBDACCCDDDDCAABBCDBDCADAADADADCDBCDA,ABAABCBDACDDDDCDBBCDACCDABBDACBBBBCDABABCDABADAABCADCCCDDDCDAABBCDBDACADADADADCDBCAD,,,5,9723,,,,,L_T1_GTR___standard,,,,,L_T1_GTR03_33000001,,,,32,41,21,000000000000000000000000000000000007441133000000424240000000220000000000,,00040033,,,,,,,,45,1,0,5,5,40033,,3111432314222242332414421332413333421313423112114321444222241133423241,BAAACBDBACDDDDCDBBDCACCDABBDCABBBBCDABABCDBAADAACBDACCCDDDDCAABBCDBDCA,ABAABCBDACDDDDCDBBCDACCDABBDACBBBBCDABABCDABADAABCADCCCDDDCDAABBCDBDAC,,,9,40033,,,,,,,,,,,,,
129984,93,,,,,,,,,,21,21,122442214241121642111210313222400007432414000000433242000000122420000000,,b100a102,,,,,,,,48,0,6,b100a102,10200,19923,,311143231422224233241442133241333342131342311211432144422224113342324121121212423421,BAAACBDBACDDDDCDBBDCACCDABBDCABBBBCDABABCDBAADAACBDACCCDDDDCAABBCDBDCADAADADADCDBCDA,ABAABCBDACDDDDCDBBCDACCDABBDACBBBBCDABABCDABADAABCADCCCDDDCDAABBCDBDACADADADADCDBCAD,,,6,19923,,,,,L_T1_GTR___standard,,,,,L_T1_GTR03_33000001,,,,32,41,21,000000000000000000000000000000000007441133000000424240000000220000000000,,00040033,,,,,,,,45,1,0,5,5,40033,,3111432314222242332414421332413333421313423112114321444222241133423241,BAAACBDBACDDDDCDBBDCACCDABBDCABBBBCDABABCDBAADAACBDACCCDDDDCAABBCDBDCA,ABAABCBDACDDDDCDBBCDACCDABBDACBBBBCDABABCDABADAABCADCCCDDDCDAABBCDBDAC,,,9,40033,,,,,,,,,,,,,
129999,94,,,,,,,,,,21,21,122442214241121642111210313222400007432414000000433242000000122420000000,,b100a102,,,,,,,,48,0,6,b100a102,10200,19923,,311143231422224233241442133241333342131342311211432144422224113342324121121212423421,BAAACBDBACDDDDCDBBDCACCDABBDCABBBBCDABABCDBAADAACBDACCCDDDDCAABBCDBDCADAADADADCDBCDA,ABAABCBDACDDDDCDBBCDACCDABBDACBBBBCDABABCDABADAABCADCCCDDDCDAABBCDBDACADADADADCDBCAD,,,6,19923,,,,,L_T1_GTR___standard,,,,,L_T1_GTR03_33000001,,,,41,21,12,000000000000000000000000200000000007441133300000424240000000220000000000,,00040040,,,,,,,,46,2,0,7,7,40040,,311143231422224233241442133241333342131342311211432144422224113342324121,BAAACBDBACDDDDCDBBDCACCDABBDCABBBBCDABABCDBAADAACBDACCCDDDDCAABBCDBDCADA,ABAABCBDACDDDDCDBBCDACCDABBDACBBBBCDABABCDABADAABCADCCCDDDCDAABBCDBDACAD,,,9,40040,,,,,,,,,,,,,
130035,95,,,,,,,,,,21,21,122442214241121642111210313222400007432414000000433242000000122420000000,,b100a102,,,,,,,,48,0,6,b100a102,10200,19923,,311143231422224233241442133241333342131342311211432144422224113342324121121212423421,BAAACBDBACDDDDCDBBDCACCDABBDCABBBBCDABABCDBAADAACBDACCCDDDDCAABBCDBDCADAADADADCDBCDA,ABAABCBDACDDDDCDBBCDACCDABBDACBBBBCDABABCDABADAABCADCCCDDDCDAABBCDBDACADADADADCDBCAD,,,6,19923,,,,,L_T1_GTR___standard,,,,,L_T1_GTR03_33000001,,,,21,12,12,000000000000000000000000200000000007441133314000424240000000220000000000,,00040045,,,,,,,,47,3,0,5,5,40045,,31114323142222423324144213324133334213134231121143214442222411334232412112,BAAACBDBACDDDDCDBBDCACCDABBDCABBBBCDABABCDBAADAACBDACCCDDDDCAABBCDBDCADAAD,ABAABCBDACDDDDCDBBCDACCDABBDACBBBBCDABABCDABADAABCADCCCDDDCDAABBCDBDACADAD,,,9,40045,,,,,,,,,,,,,
130072,96,,,,,,,,,,21,21,122444241200121421000000313400000007432414000000433242000000122420000000,,bb60a131,,,,,,,,49,0,7,bb60a131,7860,27783,,311143231422224233241442133241333342131342311211432144422224113342324121121212423421,BAAACBDBACDDDDCDBBDCACCDABBDCABBBBCDABABCDBAADAACBDACCCDDDDCAABBCDBDCADAADADADCDBCDA,ABAABCBDACDDDDCDBBCDACCDABBDACBBBBCDABABCDABADAABCADCCCDDDCDAABBCDBDACADADADADCDBCAD,,,7,27783,,,,,L_T1_GTR___standard,,,,,L_T1_GTR03_33000001,,,,21,12,12,000000000000000000000000200000000007441133314000424240000000220000000000,,00040045,,,,,,,,47,3,0,5,5,40045,,31114323142222423324144213324133334213134231121143214442222411334232412112,BAAACBDBACDDDDCDBBDCACCDABBDCABBBBCDABABCDBAADAACBDACCCDDDDCAABBCDBDCADAAD,ABAABCBDACDDDDCDBBCDACCDABBDACBBBBCDABABCDABADAABCADCCCDDDCDAABBCDBDACADAD,,,9,40045,,,,,,,,,,,,,
130083,97,,,,,,,,,,21,21,122444241200121421000000313400000007432414000000433242000000122420000000,,bb60a131,,,,,,,,49,0,7,bb60a131,7860,27783,,311143231422224233241442133241333342131342311211432144422224113342324121121212423421,BAAACBDBACDDDDCDBBDCACCDABBDCABBBBCDABABCDBAADAACBDACCCDDDDCAABBCDBDCADAADADADCDBCDA,ABAABCBDACDDDDCDBBCDACCDABBDACBBBBCDABABCDABADAABCADCCCDDDCDAABBCDBDACADADADADCDBCAD,,,7,27783,,,,,L_T1_GTR___standard,,,,,L_T1_GTR03_33000001,,,,12,12,12,000000000000000000000000221000000007441133314000424240000000220000000000,,00040057,,,,,,,,48,4,0,12,12,40057,,3111432314222242332414421332413333421313423112114321444222241133423241211212,BAAACBDBACDDDDCDBBDCACCDABBDCABBBBCDABABCDBAADAACBDACCCDDDDCAABBCDBDCADAADAD,ABAABCBDACDDDDCDBBCDACCDABBDACBBBBCDABABCDABADAABCADCCCDDDCDAABBCDBDACADADAD,,,9,40057,,,,,,,,,,,,,
130138,98,,,,,,,,,,21,21,122444241200121421000000313400000007432414000000433242000000122420000000,,bb60a131,,,,,,,,49,0,7,bb60a131,7860,27783,,311143231422224233241442133241333342131342311211432144422224113342324121121212423421,BAAACBDBACDDDDCDBBDCACCDABBDCABBBBCDABABCDBAADAACBDACCCDDDDCAABBCDBDCADAADADADCDBCDA,ABAABCBDACDDDDCDBBCDACCDABBDACBBBBCDABABCDABADAABCADCCCDDDCDAABBCDBDACADADADADCDBCAD,,,7,27783,,,,,L_T1_GTR___standard,,,,,L_T1_GTR03_33000001,,,,12,12,42,100000000000200000000000221000000007441133314000424240000000220000000000,,00040070,,,,,,,,49,5,0,13,13,40070,,311143231422224233241442133241333342131342311211432144422224113342324121121212,BAAACBDBACDDDDCDBBDCACCDABBDCABBBBCDABABCDBAADAACBDACCCDDDDCAABBCDBDCADAADADAD,ABAABCBDACDDDDCDBBCDACCDABBDACBBBBCDABABCDABADAABCADCCCDDDCDAABBCDBDACADADADAD,,,9,40070,,,,,,,,,,,,,
130157,99,,,,,,,,,,21,21,122241200000121210000000313000000007432140000000433242000000122420000000,,bb50a162,,,,,,,,50,0,8,bb50a162,8100,35883,,311143231422224233241442133241333342131342311211432144422224113342324121121212423421,BAAACBDBACDDDDCDBBDCACCDABBDCABBBBCDABABCDBAADAACBDACCCDDDDCAABBCDBDCADAADADADCDBCDA,ABAABCBDACDDDDCDBBCDACCDABBDACBBBBCDABABCDABADAABCADCCCDDDCDAABBCDBDACADADADADCDBCAD,,,8,35883,,,,,,,,,,,,,,12,12,42,100000000000200000000000221000000007441133314000424240000000220000000000,,00040070,,,,,,,,49,5,0,13,13,40070,,311143231422224233241442133241333342131342311211432144422224113342324121121212,BAAACBDBACDDDDCDBBDCACCDABBDCABBBBCDABABCDBAADAACBDACCCDDDDCAABBCDBDCADAADADAD,ABAABCBDACDDDDCDBBCDACCDABBDACBBBBCDABABCDABADAABCADCCCDDDCDAABBCDBDACADADADAD,,,9,40070,,,,,,,,,,,,,
130189,100,,,,,,,,,,21,21,122241200000121210000000313000000007432140000000433242000000122420000000,,bb50a162,,,,,,,,50,0,8,bb50a162,8100,35883,,311143231422224233241442133241333342131342311211432144422224113342324121121212423421,BAAACBDBACDDDDCDBBDCACCDABBDCABBBBCDABABCDBAADAACBDACCCDDDDCAABBCDBDCADAADADADCDBCDA,ABAABCBDACDDDDCDBBCDACCDABBDACBBBBCDABABCDABADAABCADCCCDDDCDAABBCDBDACADADADADCDBCAD,,,8,35883,,,,,,,,,,,,,,12,42,34,120000000000210000000000221000000007441133314000424240000000220000000000,,00040082,,,,,,,,50,6,0,12,12,40082,,31114323142222423324144213324133334213134231121143214442222411334232412112121242,BAAACBDBACDDDDCDBBDCACCDABBDCABBBBCDABABCDBAADAACBDACCCDDDDCAABBCDBDCADAADADADCD,ABAABCBDACDDDDCDBBCDACCDABBDACBBBBCDABABCDABADAABCADCCCDDDCDAABBCDBDACADADADADCD,,,9,40082,,,,,,,,,,,,,
130236,101,,,,,,,,,,21,21,122241200000121210000000313000000007432140000000433242000000122420000000,,bb50a162,,,,,,,,50,0,8,bb50a162,8100,35883,,311143231422224233241442133241333342131342311211432144422224113342324121121212423421,BAAACBDBACDDDDCDBBDCACCDABBDCABBBBCDABABCDBAADAACBDACCCDDDDCAABBCDBDCADAADADADCDBCDA,ABAABCBDACDDDDCDBBCDACCDABBDACBBBBCDABABCDABADAABCADCCCDDDCDAABBCDBDACADADADADCDBCAD,,,8,35883,,,,,,,,,,,,,,42,34,21,120000000000212100000000221000000007441133314000424240000000220000000000,,00040092,,,,,,,,51,7,0,10,10,40092,,3111432314222242332414421332413333421313423112114321444222241133423241211212124234,BAAACBDBACDDDDCDBBDCACCDABBDCABBBBCDABABCDBAADAACBDACCCDDDDCAABBCDBDCADAADADADCDBC,ABAABCBDACDDDDCDBBCDACCDABBDACBBBBCDABABCDABADAABCADCCCDDDCDAABBCDBDACADADADADCDBC,,,9,40092,,,,,,,,,,,,,
130242,102,,,,,,,,,,21,21,141200000000111000000000313000000007432140000000433242000000122420000000,,bb60a195,,,,,,,,51,0,9,bb60a195,11700,47583,,311143231422224233241442133241333342131342311211432144422224113342324121121212423421,BAAACBDBACDDDDCDBBDCACCDABBDCABBBBCDABABCDBAADAACBDACCCDDDDCAABBCDBDCADAADADADCDBCDA,ABAABCBDACDDDDCDBBCDACCDABBDACBBBBCDABABCDABADAABCADCCCDDDCDAABBCDBDACADADADADCDBCAD,,,9,47583,,,,,,,,,,,,,,42,34,21,120000000000212100000000221000000007441133314000424240000000220000000000,,00040092,,,,,,,,51,7,0,10,10,40092,,3111432314222242332414421332413333421313423112114321444222241133423241211212124234,BAAACBDBACDDDDCDBBDCACCDABBDCABBBBCDABABCDBAADAACBDACCCDDDDCAABBCDBDCADAADADADCDBC,ABAABCBDACDDDDCDBBCDACCDABBDACBBBBCDABABCDABADAABCADCCCDDDCDAABBCDBDACADADADADCDBC,,,9,40092,,,,,,,,,,,,,
130279,103,,,,,,,,,,21,21,141200000000111000000000313000000007432140000000433242000000122420000000,,bb60a195,,,,,,,,51,0,9,bb60a195,11700,47583,,311143231422224233241442133241333342131342311211432144422224113342324121121212423421,BAAACBDBACDDDDCDBBDCACCDABBDCABBBBCDABABCDBAADAACBDACCCDDDDCAABBCDBDCADAADADADCDBCDA,ABAABCBDACDDDDCDBBCDACCDABBDACBBBBCDABABCDABADAABCADCCCDDDCDAABBCDBDACADADADADCDBCAD,,,9,47583,,,,,,,,,,,,,,34,21,21,120000000000212100000000221240000007441133314000424240000000220000000000,,00040101,,,,,,,,52,8,0,9,9,40101,,311143231422224233241442133241333342131342311211432144422224113342324121121212423421,BAAACBDBACDDDDCDBBDCACCDABBDCABBBBCDABABCDBAADAACBDACCCDDDDCAABBCDBDCADAADADADCDBCDA,ABAABCBDACDDDDCDBBCDACCDABBDACBBBBCDABABCDABADAABCADCCCDDDCDAABBCDBDACADADADADCDBCAD,,,9,40101,,,,,,,,,,,,,
130324,104,,,,,,,,,,21,21,420000000000000000000000330000000007432140000000433242000000122420000000,,bb50a226,,,,,,,,52,0,10,bb50a226,11300,58883,,311143231422224233241442133241333342131342311211432144422224113342324121121212423421,BAAACBDBACDDDDCDBBDCACCDABBDCABBBBCDABABCDBAADAACBDACCCDDDDCAABBCDBDCADAADADADCDBCDA,ABAABCBDACDDDDCDBBCDACCDABBDACBBBBCDABABCDABADAABCADCCCDDDCDAABBCDBDACADADADADCDBCAD,,,9,58883,,,,,,,,,,,,,,34,21,21,120000000000212100000000221240000007441133314000424240000000220000000000,,00040101,,,,,,,,52,8,0,9,9,40101,,311143231422224233241442133241333342131342311211432144422224113342324121121212423421,BAAACBDBACDDDDCDBBDCACCDABBDCABBBBCDABABCDBAADAACBDACCCDDDDCAABBCDBDCADAADADADCDBCDA,ABAABCBDACDDDDCDBBCDACCDABBDACBBBBCDABABCDABADAABCADCCCDDDCDAABBCDBDACADADADADCDBCAD,,,9,40101,,,,,,,,,,,,,
130340,105,,,,,,,,,,21,21,420000000000000000000000330000000007432140000000433242000000122420000000,,bb50a226,,,,,,,,52,0,10,bb50a226,11300,58883,,311143231422224233241442133241333342131342311211432144422224113342324121121212423421,BAAACBDBACDDDDCDBBDCACCDABBDCABBBBCDABABCDBAADAACBDACCCDDDDCAABBCDBDCADAADADADCDBCDA,ABAABCBDACDDDDCDBBCDACCDABBDACBBBBCDABABCDABADAABCADCCCDDDCDAABBCDBDACADADADADCDBCAD,,,9,58883,,,,,,,,,,,,,,21,21,24,120000000000212130000000221244000007441133314000424240000000220000000000,,00040109,,,,,,,,53,9,0,8,8,40109,,31114323142222423324144213324133334213134231121143214442222411334232412112121242342121,BAAACBDBACDDDDCDBBDCACCDABBDCABBBBCDABABCDBAADAACBDACCCDDDDCAABBCDBDCADAADADADCDBCDADA,ABAABCBDACDDDDCDBBCDACCDABBDACBBBBCDABABCDABADAABCADCCCDDDCDAABBCDBDACADADADADCDBCADAD,,,9,40109,,,,,,,,,,,,,
130390,106,,,,,,,,,,21,21,420000000000000000000000330000000007432140000000433242000000122420000000,,bb50a226,,,,,,,,52,0,10,bb50a226,11300,58883,,311143231422224233241442133241333342131342311211432144422224113342324121121212423421,BAAACBDBACDDDDCDBBDCACCDABBDCABBBBCDABABCDBAADAACBDACCCDDDDCAABBCDBDCADAADADADCDBCDA,ABAABCBDACDDDDCDBBCDACCDABBDACBBBBCDABABCDABADAABCADCCCDDDCDAABBCDBDACADADADADCDBCAD,,,9,58883,,,,,,,,,,,,,,21,24,23,122100000000212130000000221244000007441133314000424240000000220000000000,,00040120,,,,,,,,54,10,0,11,11,40120,,3111432314222242332414421332413333421313423112114321444222241133423241211212124234212124,BAAACBDBACDDDDCDBBDCACCDABBDCABBBBCDABABCDBAADAACBDACCCDDDDCAABBCDBDCADAADADADCDBCDADADC,ABAABCBDACDDDDCDBBCDACCDABBDACBBBBCDABABCDABADAABCADCCCDDDCDAABBCDBDACADADADADCDBCADADCD,,,9,40120,,,,,,,,,,,,,
130407,107,,,,,,,,,,21,21,420000000000000000000000000000000007421400000000424200000000122420000000,,bb40a256,,,,,,,,53,0,11,bb40a256,10240,69123,,311143231422224233241442133241333342131342311211432144422224113342324121121212423421,BAAACBDBACDDDDCDBBDCACCDABBDCABBBBCDABABCDBAADAACBDACCCDDDDCAABBCDBDCADAADADADCDBCDA,ABAABCBDACDDDDCDBBCDACCDABBDACBBBBCDABABCDABADAABCADCCCDDDCDAABBCDBDACADADADADCDBCAD,,,9,69123,,,,,,,,,,,,,,21,24,23,122100000000212130000000221244000007441133314000424240000000220000000000,,00040120,,,,,,,,54,10,0,11,11,40120,,3111432314222242332414421332413333421313423112114321444222241133423241211212124234212124,BAAACBDBACDDDDCDBBDCACCDABBDCABBBBCDABABCDBAADAACBDACCCDDDDCAABBCDBDCADAADADADCDBCDADADC,ABAABCBDACDDDDCDBBCDACCDABBDACBBBBCDABABCDABADAABCADCCCDDDCDAABBCDBDACADADADADCDBCADADCD,,,9,40120,,,,,,,,,,,,,
130434,108,,,,,,,,,,21,21,420000000000000000000000000000000007421400000000424200000000122420000000,,bb40a256,,,,,,,,53,0,11,bb40a256,10240,69123,,311143231422224233241442133241333342131342311211432144422224113342324121121212423421,BAAACBDBACDDDDCDBBDCACCDABBDCABBBBCDABABCDBAADAACBDACCCDDDDCAABBCDBDCADAADADADCDBCDA,ABAABCBDACDDDDCDBBCDACCDABBDACBBBBCDABABCDABADAABCADCCCDDDCDAABBCDBDACADADADADCDBCAD,,,9,69123,,,,,,,,,,,,,,24,23,43,122112000000212130000000221244000007441133314000424240000000220000000000,,00040128,,,,,,,,55,11,0,8,8,40128,,311143231422224233241442133241333342131342311211432144422224113342324121121212423421212423,BAAACBDBACDDDDCDBBDCACCDABBDCABBBBCDABABCDBAADAACBDACCCDDDDCAABBCDBDCADAADADADCDBCDADADCDB,ABAABCBDACDDDDCDBBCDACCDABBDACBBBBCDABABCDABADAABCADCCCDDDCDAABBCDBDACADADADADCDBCADADCDBD,,,9,40128,,,,,,,,,,,,,
130470,109,,,,,,,,,,21,21,420000000000000000000000000000000007421400000000424200000000122420000000,,bb40a256,,,,,,,,53,0,11,bb40a256,10240,69123,,311143231422224233241442133241333342131342311211432144422224113342324121121212423421,BAAACBDBACDDDDCDBBDCACCDABBDCABBBBCDABABCDBAADAACBDACCCDDDDCAABBCDBDCADAADADADCDBCDA,ABAABCBDACDDDDCDBBCDACCDABBDACBBBBCDABABCDABADAABCADCCCDDDCDAABBCDBDACADADADADCDBCAD,,,9,69123,,,,,,,,,,,,,,23,43,41,122112000000212130000000221244420007441133314000424240000000220000000000,,00040134,,,,,,,,56,12,0,6,6,40134,,31114323142222423324144213324133334213134231121143214442222411334232412112121242342121242343,BAAACBDBACDDDDCDBBDCACCDABBDCABBBBCDABABCDBAADAACBDACCCDDDDCAABBCDBDCADAADADADCDBCDADADCDBCB,ABAABCBDACDDDDCDBBCDACCDABBDACBBBBCDABABCDABADAABCADCCCDDDCDAABBCDBDACADADADADCDBCADADCDBDBC,,,9,40134,,,,,,,,,,,,,
130489,110,,,,,,,,,,21,21,420000000000000000000000000000000007414000000000442000000000142000000000,,bb40a288,,,,,,,,54,0,12,bb40a288,11520,80643,,311143231422224233241442133241333342131342311211432144422224113342324121121212423421,BAAACBDBACDDDDCDBBDCACCDABBDCABBBBCDABABCDBAADAACBDACCCDDDDCAABBCDBDCADAADADADCDBCDA,ABAABCBDACDDDDCDBBCDACCDABBDACBBBBCDABABCDABADAABCADCCCDDDCDAABBCDBDACADADADADCDBCAD,,,9,80643,,,,,,,,,,,,,,23,43,41,122112000000212130000000221244420007441133314000424240000000220000000000,,00040134,,,,,,,,56,12,0,6,6,40134,,31114323142222423324144213324133334213134231121143214442222411334232412112121242342121242343,BAAACBDBACDDDDCDBBDCACCDABBDCABBBBCDABABCDBAADAACBDACCCDDDDCAABBCDBDCADAADADADCDBCDADADCDBCB,ABAABCBDACDDDDCDBBCDACCDABBDACBBBBCDABABCDABADAABCADCCCDDDCDAABBCDBDACADADADADCDBCADADCDBDBC,,,9,40134,,,,,,,,,,,,,
130509,111,,,,,,,,,,21,21,420000000000000000000000000000000007414000000000442000000000142000000000,,bb40a288,,,,,,,,54,0,12,bb40a288,11520,80643,,311143231422224233241442133241333342131342311211432144422224113342324121121212423421,BAAACBDBACDDDDCDBBDCACCDABBDCABBBBCDABABCDBAADAACBDACCCDDDDCAABBCDBDCADAADADADCDBCDA,ABAABCBDACDDDDCDBBCDACCDABBDACBBBBCDABABCDABADAABCADCCCDDDCDAABBCDBDACADADADADCDBCAD,,,9,80643,,,,,,,,,,,,,,43,41,42,122112000000212133200000221244420007441133314000424240000000220000000000,,00040141,,,,,,,,57,13,0,7,7,40141,,3111432314222242332414421332413333421313423112114321444222241133423241211212124234212124234341,BAAACBDBACDDDDCDBBDCACCDABBDCABBBBCDABABCDBAADAACBDACCCDDDDCAABBCDBDCADAADADADCDBCDADADCDBCBCA,ABAABCBDACDDDDCDBBCDACCDABBDACBBBBCDABABCDABADAABCADCCCDDDCDAABBCDBDACADADADADCDBCADADCDBDBCAC,,,9,40141,,,,,,,,,,,,,
130544,112,,,,,,,,,,21,21,420000000000000000000000000000000007414000000000442000000000142000000000,,bb40a288,,,,,,,,54,0,12,bb40a288,11520,80643,,311143231422224233241442133241333342131342311211432144422224113342324121121212423421,BAAACBDBACDDDDCDBBDCACCDABBDCABBBBCDABABCDBAADAACBDACCCDDDDCAABBCDBDCADAADADADCDBCDA,ABAABCBDACDDDDCDBBCDACCDABBDACBBBBCDABABCDABADAABCADCCCDDDCDAABBCDBDACADADADADCDBCAD,,,9,80643,,,,,,,,,,,,,,41,42,12,122112000000212133200000221244424307441133314000424240000000220000000000,,00040146,,,,,,,,58,14,0,5,5,40146,,311143231422224233241442133241333342131342311211432144422224113342324121121212423421212423434142,BAAACBDBACDDDDCDBBDCACCDABBDCABBBBCDABABCDBAADAACBDACCCDDDDCAABBCDBDCADAADADADCDBCDADADCDBCBCACD,ABAABCBDACDDDDCDBBCDACCDABBDACBBBBCDABABCDABADAABCADCCCDDDCDAABBCDBDACADADADADCDBCADADCDBDBCACCD,,,9,40146,,,,,,,,,,,,,
130578,113,,,,,,,,,,21,21,420000000000000000000000000000000007414000000000442000000000142000000000,,bb40a288,,,,,,,,54,0,12,bb40a288,11520,80643,,311143231422224233241442133241333342131342311211432144422224113342324121121212423421,BAAACBDBACDDDDCDBBDCACCDABBDCABBBBCDABABCDBAADAACBDACCCDDDDCAABBCDBDCADAADADADCDBCDA,ABAABCBDACDDDDCDBBCDACCDABBDACBBBBCDABABCDABADAABCADCCCDDDCDAABBCDBDACADADADADCDBCAD,,,9,80643,,,,,,,,,,,,,,42,12,33,122112000000212133200000221244424307441133314410424240000000220000000000,,00040150,,,,,,,,59,15,0,4,4,40150,,31114323142222423324144213324133334213134231121143214442222411334232412112121242342121242343414212,BAAACBDBACDDDDCDBBDCACCDABBDCABBBBCDABABCDBAADAACBDACCCDDDDCAABBCDBDCADAADADADCDBCDADADCDBCBCACDAD,ABAABCBDACDDDDCDBBCDACCDABBDACBBBBCDABABCDABADAABCADCCCDDDCDAABBCDBDACADADADADCDBCADADCDBDBCACCDAD,,,9,40150,,,,,,,,,,,,,
130580,114,,,,,,,,,21,21,24,420000000000000000000000000000000007140000000000200000000000120000000000,,00080647,,,,,,,,55,1,0,4,4,80647,,31114323142222423324144213324133334213134231121143214442222411334232412112121242342121,BAAACBDBACDDDDCDBBDCACCDABBDCABBBBCDABABCDBAADAACBDACCCDDDDCAABBCDBDCADAADADADCDBCDADA,ABAABCBDACDDDDCDBBCDACCDABBDACBBBBCDABABCDABADAABCADCCCDDDCDAABBCDBDACADADADADCDBCADAD,,,9,80647,,,,,,,,,,,,,,42,12,33,122112000000212133200000221244424307441133314410424240000000220000000000,,00040150,,,,,,,,59,15,0,4,4,40150,,31114323142222423324144213324133334213134231121143214442222411334232412112121242342121242343414212,BAAACBDBACDDDDCDBBDCACCDABBDCABBBBCDABABCDBAADAACBDACCCDDDDCAABBCDBDCADAADADADCDBCDADADCDBCBCACDAD,ABAABCBDACDDDDCDBBCDACCDABBDACBBBBCDABABCDABADAABCADCCCDDDCDAABBCDBDACADADADADCDBCADADCDBDBCACCDAD,,,9,40150,,,,,,,,,,,,,
130636,115,,,,,,,,,21,24,23,420000000000000000000000000000000007140000000000221000000000120000000000,,00080659,,,,,,,,56,2,0,12,12,80659,,3111432314222242332414421332413333421313423112114321444222241133423241211212124234212124,BAAACBDBACDDDDCDBBDCACCDABBDCABBBBCDABABCDBAADAACBDACCCDDDDCAABBCDBDCADAADADADCDBCDADADC,ABAABCBDACDDDDCDBBCDACCDABBDACBBBBCDABABCDABADAABCADCCCDDDCDAABBCDBDACADADADADCDBCADADCD,,,9,80659,,,,,,,,,,,,,,42,12,33,122112000000212133200000221244424307441133314410424240000000220000000000,,00040150,,,,,,,,59,15,0,4,4,40150,,31114323142222423324144213324133334213134231121143214442222411334232412112121242342121242343414212,BAAACBDBACDDDDCDBBDCACCDABBDCABBBBCDABABCDBAADAACBDACCCDDDDCAABBCDBDCADAADADADCDBCDADADCDBCBCACDAD,ABAABCBDACDDDDCDBBCDACCDABBDACBBBBCDABABCDABADAABCADCCCDDDCDAABBCDBDACADADADADCDBCADADCDBDBCACCDAD,,,9,40150,,,,,,,,,,,,,
130684,117,,,,,,,,,21,24,23,420000000000000000000000000000000007140000000000221000000000120000000000,,00080659,,,,,,,,56,2,0,12,12,80659,,3111432314222242332414421332413333421313423112114321444222241133423241211212124234212124,BAAACBDBACDDDDCDBBDCACCDABBDCABBBBCDABABCDBAADAACBDACCCDDDDCAABBCDBDCADAADADADCDBCDADADC,ABAABCBDACDDDDCDBBCDACCDABBDACBBBBCDABABCDABADAABCADCCCDDDCDAABBCDBDACADADADADCDBCADADCD,,,9,80659,,,,,,,,,,,,,,,12,33,122112246666212133266666221244424366441133314416424246666600226666600000,,00040156,,,,,lose,,,60,15,0,6,6,40156,,31114323142222423324144213324133334213134231121143214442222411334232412112121242342121242343414212,BAAACBDBACDDDDCDBBDCACCDABBDCABBBBCDABABCDBAADAACBDACCCDDDDCAABBCDBDCADAADADADCDBCDADADCDBCBCACDAD,ABAABCBDACDDDDCDBBCDACCDABBDACBBBBCDABABCDABADAABCADCCCDDDCDAABBCDBDACADADADADCDBCADADCDBDBCACCDAD,,,9,40156,,,,,,,,,,,,,
130688,116,,,,,,,,,24,23,43,420000000000200000000000100000000007140000000000221000000000120000000000,,00080672,,,,,,,,57,3,0,13,13,80672,,311143231422224233241442133241333342131342311211432144422224113342324121121212423421212423,BAAACBDBACDDDDCDBBDCACCDABBDCABBBBCDABABCDBAADAACBDACCCDDDDCAABBCDBDCADAADADADCDBCDADADCDB,ABAABCBDACDDDDCDBBCDACCDABBDACBBBBCDABABCDABADAABCADCCCDDDCDAABBCDBDACADADADADCDBCADADCDBD,,,9,80672,,,,,,,,,,,,,,,12,33,122112246666212133266666221244424366441133314416424246666600226666600000,,00040156,,,,,lose,,,60,15,0,6,6,40156,,31114323142222423324144213324133334213134231121143214442222411334232412112121242342121242343414212,BAAACBDBACDDDDCDBBDCACCDABBDCABBBBCDABABCDBAADAACBDACCCDDDDCAABBCDBDCADAADADADCDBCDADADCDBCBCACDAD,ABAABCBDACDDDDCDBBCDACCDABBDACBBBBCDABABCDABADAABCADCCCDDDCDAABBCDBDACADADADADCDBCADADCDBDBCACCDAD,,,9,40156,,,,,,,,,,,,,
130692,117,,,,,,,,,,23,43,420000000000200000000000100000000004140000000000221000000000120000000000,,00080673,,,,,win,,,58,3,0,1,1,80673,,311143231422224233241442133241333342131342311211432144422224113342324121121212423421212423,BAAACBDBACDDDDCDBBDCACCDABBDCABBBBCDABABCDBAADAACBDACCCDDDDCAABBCDBDCADAADADADCDBCDADADCDB,ABAABCBDACDDDDCDBBCDACCDABBDACBBBBCDABABCDABADAABCADCCCDDDCDAABBCDBDACADADADADCDBCADADCDBD,,,9,80673,,,,,,,,,,,,,,,12,33,122112246666212133266666221244424366441133314416424246666600226666600000,,00040156,,,,,lose,,,60,15,0,6,6,40156,,31114323142222423324144213324133334213134231121143214442222411334232412112121242342121242343414212,BAAACBDBACDDDDCDBBDCACCDABBDCABBBBCDABABCDBAADAACBDACCCDDDDCAABBCDBDCADAADADADCDBCDADADCDBCBCACDAD,ABAABCBDACDDDDCDBBCDACCDABBDACBBBBCDABABCDABADAABCADCCCDDDCDAABBCDBDACADADADADCDBCADADCDBDBCACCDAD,,,9,40156,,,,,,,,,,,,,
