114230,0,,,,,,,,,,54,41,000000000000000000000000000000000007000000000000000000000000000000000000,000000,00000000,,,,,,,,0,0,0,0,0,0,,54,AB,AB,,,0,0,,,,,,,,,,,,,,,54,41,000000000000000000000000000000000007000000000000000000000000000000000000,000000,00000000,,,,,,,,0,0,0,0,0,0,,54,AB,AB,,,0,0,,,,,,,,,,,,,
114379,2,,,,,,,,,54,41,52,000000000000000000000000000000000007000000000000000000000000000000000000,,00000000,,,,,,,,1,1,0,0,0,0,,5441,BAAC,ABAC,,,0,0,,,,,,,,,,,,,,54,41,52,000000000000000000000000000000000007000000000000000000000000000000000000,,00000000,,,,,,,,1,1,0,0,0,0,,5441,BAAC,ABAC,,,0,0,,,,,,,,,,,,,
114430,4,,,,,,,,,41,52,24,450000000000000000000000000000000007000000000000000000000000000000000000,,00000012,,,,,,,,2,2,0,12,12,12,,544152,BAACBD,ABACBD,,,0,12,,,,,,,,,,,,,,41,52,24,000000000000400000000000500000000007000000000000000000000000000000000000,,00000013,,,,,,,,2,2,0,13,13,13,,544152,BAACBD,ABACBD,,,0,13,,,,,,,,,,,,,
114480,5,,,,,,,,,52,24,44,450000000000400000000000100000000007000000000000000000000000000000000000,,00000025,,,,,,,,3,3,0,13,13,25,,54415224,BAACBDDA,ABACBDAD,,,0,25,,,,,,,,,,,,,,41,52,24,000000000000400000000000500000000007000000000000000000000000000000000000,,00000013,,,,,,,,2,2,0,13,13,13,,544152,BAACBD,ABACBD,,,0,13,,,,,,,,,,,,,
114484,6,,,,,,,,,52,24,44,450000000000400000000000100000000007000000000000000000000000000000000000,,00000025,,,,,,,,3,3,0,13,13,25,,54415224,BAACBDDA,ABACBDAD,,,0,25,,,,,,,,,,,,,,52,24,44,410000000000400000000000500000000007000000000000000000000000000000000000,,00000026,,,,,,,,3,3,0,13,13,26,,54415224,BAACBDDA,ABACBDAD,,,0,26,,,,,,,,,,,,,
114532,7,,,,,,,,,24,44,42,455200000000400000000000100000000007000000000000000000000000000000000000,,00000036,,,,,,,,4,4,0,11,11,36,,5441522444,BAACBDDAAA,ABACBDADAA,,,0,36,,,,,,,,,,L_T1_GTR03_22110002,,,,52,24,44,410000000000400000000000500000000007000000000000000000000000000000000000,,00000026,,,,,,,,3,3,0,13,13,26,,54415224,BAACBDDA,ABACBDAD,,,0,26,,,,,,,,,,,,,
114534,8,,,,,,,,,24,44,42,455200000000400000000000100000000007000000000000000000000000000000000000,,00000036,,,,,,,,4,4,0,11,11,36,,5441522444,BAACBDDAAA,ABACBDADAA,,,0,36,,,,,,,,,,L_T1_GTR03_22110002,,,,24,44,42,410000000000400000000000500000000007250000000000000000000000000000000000,,00000038,,,,,,,,4,4,0,12,12,38,,5441522444,BAACBDDAAA,ABACBDADAA,,,0,38,,,,,,,,,,,,,
114586,9,,,,,,,,,44,42,22,455200000000400000000000100000000007000000000000000000000000420000000000,,00000048,,,,,,,,5,5,0,12,12,48,,544152244442,BAACBDDAAAAD,ABACBDADAAAD,,,0,48,,,,,,,,,,L_T1_GTR03_22110002,,,,24,44,42,410000000000400000000000500000000007250000000000000000000000000000000000,,00000038,,,,,,,,4,4,0,12,12,38,,5441522444,BAACBDDAAA,ABACBDADAA,,,0,38,,,,,,,,,,,,,
114587,10,,,,,,,,,44,42,22,455200000000400000000000100000000007000000000000000000000000420000000000,,00000048,,,,,,,,5,5,0,12,12,48,,544152244442,BAACBDDAAAAD,ABACBDADAAAD,,,0,48,,,,,,,,,,L_T1_GTR03_22110002,,,,44,42,22,410000000000400000000000500000000007250000000000200000000000400000000000,,00000051,,,,,,,,5,5,0,13,13,51,,544152244442,BAACBDDAAAAD,ABACBDADAAAD,,,0,51,,,,,,,,,,,,,
114637,11,,,,,,,,,42,22,55,455200000000400000000000100000000007400000000000400000000000420000000000,,00000061,,,,,,,,6,6,0,13,13,61,,54415224444222,BAACBDDAAAADDD,ABACBDADAAADDD,,,0,61,,,,,,,,,,L_T1_GTR03_22110002,,,,44,42,22,410000000000400000000000500000000007250000000000200000000000400000000000,,00000051,,,,,,,,5,5,0,13,13,51,,544152244442,BAACBDDAAAAD,ABACBDADAAAD,,,0,51,,,,,,,,,,,,,
114654,12,,,,,,,,,42,22,55,455200000000400000000000100000000007400000000000400000000000420000000000,,00000061,,,,,,,,6,6,0,13,13,61,,54415224444222,BAACBDDAAAADDD,ABACBDADAAADDD,,,0,61,,,,,,,,,,L_T1_GTR03_22110002,,,,42,22,55,410000000000400000000000540000000007254000000000200000000000400000000000,,00000062,,,,,,,,6,6,0,11,11,62,,54415224444222,BAACBDDAAAADDD,ABACBDADAAADDD,,,0,62,,,,,,,,,,,,,
114686,13,,,,,,,,,22,55,24,455200000000400000000000142000000007400000000000400000000000420000000000,,00000073,,,,,,,,7,7,0,12,12,73,,5441522444422255,BAACBDDAAAADDDBB,ABACBDADAAADDDBB,,,0,73,,,,,,,,,,L_T1_GTR03_22110002,,,,42,22,55,410000000000400000000000540000000007254000000000200000000000400000000000,,00000062,,,,,,,,6,6,0,11,11,62,,54415224444222,BAACBDDAAAADDD,ABACBDADAAADDD,,,0,62,,,,,,,,,,,,,
114708,14,,,,,,,,,22,55,24,455200000000400000000000142000000007400000000000400000000000420000000000,,00000073,,,,,,,,7,7,0,12,12,73,,5441522444422255,BAACBDDAAAADDDBB,ABACBDADAAADDDBB,,,0,73,,,,,,,,,,L_T1_GTR03_22110002,,,,22,55,24,410000000000400000000000540000000007254000000000200000000000442000000000,,00000074,,,,,,,,7,7,0,12,12,74,,5441522444422255,BAACBDDAAAADDDBB,ABACBDADAAADDDBB,,,0,74,,,,,,,,,,,,,
114735,15,,,,,,,,,55,24,11,455200000000400000000000142000000007420000000000420000000000420000000000,,00000085,,,,,,,,8,8,0,12,12,85,,544152244442225524,BAACBDDAAAADDDBBDA,ABACBDADAAADDDBBAD,,,0,85,,,,,,,,,,L_T1_GTR03_22110002,,,,22,55,24,410000000000400000000000540000000007254000000000200000000000442000000000,,00000074,,,,,,,,7,7,0,12,12,74,,5441522444422255,BAACBDDAAAADDDBB,ABACBDADAAADDDBB,,,0,74,,,,,,,,,,,,,
114755,16,,,,,,,,,55,24,11,455200000000400000000000142000000007420000000000420000000000420000000000,,00000085,,,,,,,,8,8,0,12,12,85,,544152244442225524,BAACBDDAAAADDDBBDA,ABACBDADAAADDDBBAD,,,0,85,,,,,,,,,,L_T1_GTR03_22110002,,,,55,24,11,410000000000400000000000540000000007254000000000200000000000442220000000,,00000083,,,,,,,,8,8,0,9,9,83,,544152244442225524,BAACBDDAAAADDDBBDA,ABACBDADAAADDDBBAD,,,0,83,,,,,,,,,,,,,
114805,17,,,,,,,,,55,24,11,455200000000400000000000142000000007420000000000420000000000420000000000,,00000085,,,,,,,,8,8,0,12,12,85,,544152244442225524,BAACBDDAAAADDDBBDA,ABACBDADAAADDDBBAD,,,0,85,,,,,,,,,,L_T1_GTR03_22110002,,,,24,11,55,410000000000400000000000540000000007254000000000255000000000442220000000,,00000094,,,,,,,,9,9,0,11,11,94,,54415224444222552411,BAACBDDAAAADDDBBDACC,ABACBDADAAADDDBBADCC,,,0,94,,,,,,,,,,,,,
114807,18,,,,,,,,,24,11,55,455250000000450000000000142000000007420000000000420000000000420000000000,,00000094,,,,,,,,9,9,0,9,9,94,,54415224444222552411,BAACBDDAAAADDDBBDACC,ABACBDADAAADDDBBADCC,,,0,94,,,,,,,,,,,,,,24,11,55,410000000000400000000000540000000007254000000000255000000000442220000000,,00000094,,,,,,,,9,9,0,11,11,94,,54415224444222552411,BAACBDDAAAADDDBBDACC,ABACBDADAAADDDBBADCC,,,0,94,,,,,,,,,,,,,
114852,19,,,,,,,,,24,11,55,455250000000450000000000142000000007420000000000420000000000420000000000,,00000094,,,,,,,,9,9,0,9,9,94,,54415224444222552411,BAACBDDAAAADDDBBDACC,ABACBDADAAADDDBBADCC,,,0,94,,,,,,,,,,,,,,11,55,42,410000000000400000000000540000000007254200000000255400000000442220000000,,00000104,,,,,,,,10,10,0,10,10,104,,5441522444422255241155,BAACBDDAAAADDDBBDACCBB,ABACBDADAAADDDBBADCCBB,,,0,104,,,,,,,,,,,,,
114854,20,,,,,,,,,11,55,42,455250000000454200000000142000000007420000000000420000000000420000000000,,00000104,,,,,,,,10,10,0,10,10,104,,5441522444422255241155,BAACBDDAAAADDDBBDACCBB,ABACBDADAAADDDBBADCCBB,,,0,104,,,,,L_T1_GTR___standard,,,,,L_T1_GTR03_33000001,,,,11,55,42,410000000000400000000000540000000007254200000000255400000000442220000000,,00000104,,,,,,,,10,10,0,10,10,104,,5441522444422255241155,BAACBDDAAAADDDBBDACCBB,ABACBDADAAADDDBBADCCBB,,,0,104,,,,,,,,,,,,,
114901,21,,,,,,,,,55,42,14,455250000000454200000000142000000007421000000000421000000000420000000000,,00000115,,,,,,,,11,11,0,11,11,115,,544152244442225524115542,BAACBDDAAAADDDBBDACCBBAD,ABACBDADAAADDDBBADCCBBAD,,,0,115,,,,,L_T1_GTR___standard,,,,,L_T1_GTR03_33000001,,,,11,55,42,410000000000400000000000540000000007254200000000255400000000442220000000,,00000104,,,,,,,,10,10,0,10,10,104,,5441522444422255241155,BAACBDDAAAADDDBBDACCBB,ABACBDADAAADDDBBADCCBB,,,0,104,,,,,,,,,,,,,
114918,22,,,,,,,,,55,42,14,455250000000454200000000142000000007421000000000421000000000420000000000,,00000115,,,,,,,,11,11,0,11,11,115,,544152244442225524115542,BAACBDDAAAADDDBBDACCBBAD,ABACBDADAAADDDBBADCCBBAD,,,0,115,,,,,L_T1_GTR___standard,,,,,L_T1_GTR03_33000001,,,,55,42,14,411000000000410000000000540000000007254200000000255400000000442220000000,,00000115,,,,,,,,11,11,0,11,11,115,,544152244442225524115542,BAACBDDAAAADDDBBDACCBBAD,ABACBDADAAADDDBBADCCBBAD,,,0,115,,,,,,,,,,,,,
114945,23,,,,,,,,,42,14,41,455255500000454200000000142000000007421000000000421000000000420000000000,,00000122,,,,,,,,12,12,0,7,7,122,,54415224444222552411554214,BAACBDDAAAADDDBBDACCBBADCA,ABACBDADAAADDDBBADCCBBADAC,,,0,122,,,,,L_T1_GTR___standard,,,,,L_T1_GTR03_33000001,,,,55,42,14,411000000000410000000000540000000007254200000000255400000000442220000000,,00000115,,,,,,,,11,11,0,11,11,115,,544152244442225524115542,BAACBDDAAAADDDBBDACCBBAD,ABACBDADAAADDDBBADCCBBAD,,,0,115,,,,,,,,,,,,,
114962,24,,,,,,,,,42,14,41,455255500000454200000000142000000007421000000000421000000000420000000000,,00000122,,,,,,,,12,12,0,7,7,122,,54415224444222552411554214,BAACBDDAAAADDDBBDACCBBADCA,ABACBDADAAADDDBBADCCBBADAC,,,0,122,,,,,L_T1_GTR___standard,,,,,L_T1_GTR03_33000001,,,,42,14,41,411000000000410000000000545500000007254200000000255400000000442220000000,,00000125,,,,,,,,12,12,0,10,10,125,,54415224444222552411554214,BAACBDDAAAADDDBBDACCBBADCA,ABACBDADAAADDDBBADCCBBADAC,,,0,125,,,,,,,,,,,,,
114988,25,,,,,,,,,14,41,24,455255500000454224000000142000000007421000000000421000000000420000000000,,00000130,,,,,,,,13,13,0,8,8,130,,5441522444422255241155421441,BAACBDDAAAADDDBBDACCBBADCAAC,ABACBDADAAADDDBBADCCBBADACAC,,,0,130,,,,,L_T1_GTR___standard,,,,,L_T1_GTR03_33000001,,,,42,14,41,411000000000410000000000545500000007254200000000255400000000442220000000,,00000125,,,,,,,,12,12,0,10,10,125,,54415224444222552411554214,BAACBDDAAAADDDBBDACCBBADCA,ABACBDADAAADDDBBADCCBBADAC,,,0,125,,,,,,,,,,,,,
115010,26,,,,,,,,,14,41,24,455255500000454224000000142000000007421000000000421000000000420000000000,,00000130,,,,,,,,13,13,0,8,8,130,,5441522444422255241155421441,BAACBDDAAAADDDBBDACCBBADCAAC,ABACBDADAAADDDBBADCCBBADACAC,,,0,130,,,,,L_T1_GTR___standard,,,,,L_T1_GTR03_33000001,,,,14,41,24,411000000000414200000000545500000007254200000000255400000000442220000000,,00000136,,,,,,,,13,13,0,11,11,136,,5441522444422255241155421441,BAACBDDAAAADDDBBDACCBBADCAAC,ABACBDADAAADDDBBADCCBBADACAC,,,0,136,,,,,L_T1_GTR___standard,,,,,L_T1_GTR03_33000001,,,
115038,27,,,,,,,,,41,24,12,455255500000454224000000142000000007421000000000421000000000424100000000,,00000141,,,,,,,,14,14,0,11,11,141,,544152244442225524115542144124,BAACBDDAAAADDDBBDACCBBADCAACDA,ABACBDADAAADDDBBADCCBBADACACAD,,,0,141,,,,,L_T1_GTR___standard,,,,,L_T1_GTR03_33000001,,,,14,41,24,411000000000414200000000545500000007254200000000255400000000442220000000,,00000136,,,,,,,,13,13,0,11,11,136,,5441522444422255241155421441,BAACBDDAAAADDDBBDACCBBADCAAC,ABACBDADAAADDDBBADCCBBADACAC,,,0,136,,,,,L_T1_GTR___standard,,,,,L_T1_GTR03_33000001,,,
115051,28,,,,,,,,,41,24,12,455255500000454224000000142000000007421000000000421000000000424100000000,,00000141,,,,,,,,14,14,0,11,11,141,,544152244442225524115542144124,BAACBDDAAAADDDBBDACCBBADCAACDA,ABACBDADAAADDDBBADCCBBADACACAD,,,0,141,,,,,L_T1_GTR___standard,,,,,L_T1_GTR03_33000001,,,,41,24,12,411000000000414240000000545510000007254200000000255400000000442220000000,,00000145,,,,,,,,14,14,0,9,9,145,,544152244442225524115542144124,BAACBDDAAAADDDBBDACCBBADCAACDA,ABACBDADAAADDDBBADCCBBADACACAD,,,0,145,,,,,L_T1_GTR___standard,,,,,L_T1_GTR03_33000001,,,
115082,29,,,,,,,,,24,12,44,455255500000454224000000142410000007421000000000421000000000424100000000,,00000150,,,,,,,,15,15,0,9,9,150,,54415224444222552411554214412412,BAACBDDAAAADDDBBDACCBBADCAACDACD,ABACBDADAAADDDBBADCCBBADACACADCD,,,0,150,,,,,L_T1_GTR___standard,,,,,L_T1_GTR03_33000001,,,,41,24,12,411000000000414240000000545510000007254200000000255400000000442220000000,,00000145,,,,,,,,14,14,0,9,9,145,,544152244442225524115542144124,BAACBDDAAAADDDBBDACCBBADCAACDA,ABACBDADAAADDDBBADCCBBADACACAD,,,0,145,,,,,L_T1_GTR___standard,,,,,L_T1_GTR03_33000001,,,
115093,30,,,,,,,,,24,12,44,455255500000454224000000142410000007421000000000421000000000424100000000,,00000150,,,,,,,,15,15,0,9,9,150,,54415224444222552411554214412412,BAACBDDAAAADDDBBDACCBBADCAACDACD,ABACBDADAAADDDBBADCCBBADACACADCD,,,0,150,,,,,L_T1_GTR___standard,,,,,L_T1_GTR03_33000001,,,,24,12,44,411000000000414244000000545511000007254200000000255400000000442220000000,,00000153,,,,,,,,15,15,0,8,8,153,,54415224444222552411554214412412,BAACBDDAAAADDDBBDACCBBADCAACDACD,ABACBDADAAADDDBBADCCBBADACACADCD,,,0,153,,,,,L_T1_GTR___standard,,,,,L_T1_GTR03_33000001,,,
115142,31,,,,,,,,,24,12,44,455255500000454224000000142410000007421000000000421000000000424100000000,,00000150,,,,,,,,15,15,0,9,9,150,,54415224444222552411554214412412,BAACBDDAAAADDDBBDACCBBADCAACDACD,ABACBDADAAADDDBBADCCBBADACACADCD,,,0,150,,,,,L_T1_GTR___standard,,,,,L_T1_GTR03_33000001,,,,12,44,52,411240000000414244000000545511000007254200000000255400000000442220000000,,00000163,,,,,,,,16,16,0,10,10,163,,5441522444422255241155421441241244,BAACBDDAAAADDDBBDACCBBADCAACDACDAA,ABACBDADAAADDDBBADCCBBADACACADCDAA,,,0,163,,,,,L_T1_GTR___standard,,,,,L_T1_GTR03_33000001,,,
115152,32,,,,,,,,,12,44,52,455255500000454224000000142414000007421200000000421000000000424100000000,,00000158,,,,,,,,16,16,0,8,8,158,,5441522444422255241155421441241244,BAACBDDAAAADDDBBDACCBBADCAACDACDAA,ABACBDADAAADDDBBADCCBBADACACADCDAA,,,0,158,,,,,L_T1_GTR___standard,,,,,L_T1_GTR03_33000001,,,,12,44,52,411240000000414244000000545511000007254200000000255400000000442220000000,,00000163,,,,,,,,16,16,0,10,10,163,,5441522444422255241155421441241244,BAACBDDAAAADDDBBDACCBBADCAACDACDAA,ABACBDADAAADDDBBADCCBBADACACADCDAA,,,0,163,,,,,L_T1_GTR___standard,,,,,L_T1_GTR03_33000001,,,
115200,33,,,,,,,,,44,52,55,455255500000454224000000142414000007421200000000421210000000424100000000,,00000167,,,,,,,,17,17,0,9,9,167,,544152244442225524115542144124124452,BAACBDDAAAADDDBBDACCBBADCAACDACDAABD,ABACBDADAAADDDBBADCCBBADACACADCDAABD,,,0,167,,,,,L_T1_GTR___standard,,,,,L_T1_GTR03_33000001,,,,12,44,52,411240000000414244000000545511000007254200000000255400000000442220000000,,00000163,,,,,,,,16,16,0,10,10,163,,5441522444422255241155421441241244,BAACBDDAAAADDDBBDACCBBADCAACDACDAA,ABACBDADAAADDDBBADCCBBADACACADCDAA,,,0,163,,,,,L_T1_GTR___standard,,,,,L_T1_GTR03_33000001,,,
115202,34,,,,,,,,,44,52,55,455255500000454224000000142414000007421200000000421210000000424100000000,,00000167,,,,,,,,17,17,0,9,9,167,,544152244442225524115542144124124452,BAACBDDAAAADDDBBDACCBBADCAACDACDAABD,ABACBDADAAADDDBBADCCBBADACACADCDAABD,,,0,167,,,,,L_T1_GTR___standard,,,,,L_T1_GTR03_33000001,,,,44,52,55,411242000000414244100000545511000007254200000000255400000000442220000000,,00000170,,,,,,,,17,17,0,7,7,170,,544152244442225524115542144124124452,BAACBDDAAAADDDBBDACCBBADCAACDACDAABD,ABACBDADAAADDDBBADCCBBADACACADCDAABD,,,0,170,,,,,L_T1_GTR___standard,,,,,L_T1_GTR03_33000001,,,
115238,35,,,,,,,,,44,52,55,455255500000454224000000142414000007421200000000421210000000424100000000,,00000167,,,,,,,,17,17,0,9,9,167,,544152244442225524115542144124124452,BAACBDDAAAADDDBBDACCBBADCAACDACDAABD,ABACBDADAAADDDBBADCCBBADACACADCDAABD,,,0,167,,,,,L_T1_GTR___standard,,,,,L_T1_GTR03_33000001,,,,52,55,12,411242000000414244144000545511000007254200000000255400000000442220000000,,00000175,,,,,,,,18,18,0,5,5,175,,54415224444222552411554214412412445255,BAACBDDAAAADDDBBDACCBBADCAACDACDAABDBB,ABACBDADAAADDDBBADCCBBADACACADCDAABDBB,,,0,175,,,,,L_T1_GTR___standard,,,,,L_T1_GTR03_33000001,,,
115241,36,,,,,,,,,52,55,12,455255500000454224000000142414000007421200000000421214400000424100000000,,00000174,,,,,,,,18,18,0,7,7,174,,54415224444222552411554214412412445255,BAACBDDAAAADDDBBDACCBBADCAACDACDAABDBB,ABACBDADAAADDDBBADCCBBADACACADCDAABDBB,,,0,174,,,,,L_T1_GTR___standard,,,,,L_T1_GTR03_33000001,,,,52,55,12,411242000000414244144000545511000007254200000000255400000000442220000000,,00000175,,,,,,,,18,18,0,5,5,175,,54415224444222552411554214412412445255,BAACBDDAAAADDDBBDACCBBADCAACDACDAABDBB,ABACBDADAAADDDBBADCCBBADACACADCDAABDBB,,,0,175,,,,,L_T1_GTR___standard,,,,,L_T1_GTR03_33000001,,,
115281,38,,,,,,,,,55,12,12,455255500000454224250000142414000007421200000000421214400000424100000000,,00000180,,,,,,,,19,19,0,6,6,180,,5441522444422255241155421441241244525512,BAACBDDAAAADDDBBDACCBBADCAACDACDAABDBBCD,ABACBDADAAADDDBBADCCBBADACACADCDAABDBBCD,,,0,180,,,,,L_T1_GTR___standard,,,,,L_T1_GTR03_33000001,,,,55,12,12,411242000000414244144000545511000007254252000000255400000000442220000000,,00000184,,,,,,,,19,19,0,9,9,184,,5441522444422255241155421441241244525512,BAACBDDAAAADDDBBDACCBBADCAACDACDAABDBBCD,ABACBDADAAADDDBBADCCBBADACACADCDAABDBBCD,,,0,184,,,,,L_T1_GTR___standard,,,,,L_T1_GTR03_33000001,,,
115315,39,,,,,,,,,12,12,22,455255500000454224255500142414000007421200000000421214400000424100000000,,00000184,,,,,,,,20,20,0,4,4,184,,544152244442225524115542144124124452551212,BAACBDDAAAADDDBBDACCBBADCAACDACDAABDBBCDCD,ABACBDADAAADDDBBADCCBBADACACADCDAABDBBCDCD,,,0,184,,,,,L_T1_GTR___standard,,,,,L_T1_GTR03_33000001,,,,55,12,12,411242000000414244144000545511000007254252000000255400000000442220000000,,00000184,,,,,,,,19,19,0,9,9,184,,5441522444422255241155421441241244525512,BAACBDDAAAADDDBBDACCBBADCAACDACDAABDBBCD,ABACBDADAAADDDBBADCCBBADACACADCDAABDBBCD,,,0,184,,,,,L_T1_GTR___standard,,,,,L_T1_GTR03_33000001,,,
115320,40,,,,,,,,,12,12,22,455255500000454224255500142414000007421200000000421214400000424100000000,,00000184,,,,,,,,20,20,0,4,4,184,,544152244442225524115542144124124452551212,BAACBDDAAAADDDBBDACCBBADCAACDACDAABDBBCDCD,ABACBDADAAADDDBBADCCBBADACACADCDAABDBBCDCD,,,0,184,,,,,L_T1_GTR___standard,,,,,L_T1_GTR03_33000001,,,,12,12,22,411242000000414244144000545511500007254252500000255400000000442220000000,,00000191,,,,,,,,20,20,0,7,7,191,,544152244442225524115542144124124452551212,BAACBDDAAAADDDBBDACCBBADCAACDACDAABDBBCDCD,ABACBDADAAADDDBBADCCBBADACACADCDAABDBBCDCD,,,0,191,,,,,L_T1_GTR___standard,,,,,L_T1_GTR03_33000001,,,
115359,41,,,,,,,,,12,22,51,455255500000454224255500142414000007421212000000421214400000424100000000,,00000193,,,,,,,,21,21,0,9,9,193,,54415224444222552411554214412412445255121222,BAACBDDAAAADDDBBDACCBBADCAACDACDAABDBBCDCDDD,ABACBDADAAADDDBBADCCBBADACACADCDAABDBBCDCDDD,,,0,193,,,,,L_T1_GTR___standard,,,,,L_T1_GTR03_33000001,,,,12,12,22,411242000000414244144000545511500007254252500000255400000000442220000000,,00000191,,,,,,,,20,20,0,7,7,191,,544152244442225524115542144124124452551212,BAACBDDAAAADDDBBDACCBBADCAACDACDAABDBBCDCD,ABACBDADAAADDDBBADCCBBADACACADCDAABDBBCDCD,,,0,191,,,,,L_T1_GTR___standard,,,,,L_T1_GTR03_33000001,,,
115369,42,,,,,,,,,12,22,51,455255500000454224255500142414000007421212000000421214400000424100000000,,00000193,,,,,,,,21,21,0,9,9,193,,54415224444222552411554214412412445255121222,BAACBDDAAAADDDBBDACCBBADCAACDACDAABDBBCDCDDD,ABACBDADAAADDDBBADCCBBADACACADCDAABDBBCDCDDD,,,0,193,,,,,L_T1_GTR___standard,,,,,L_T1_GTR03_33000001,,,,12,22,51,411242000000414244144000545511500007254252500000255412000000442220000000,,00000200,,,,,,,,21,21,0,9,9,200,,54415224444222552411554214412412445255121222,BAACBDDAAAADDDBBDACCBBADCAACDACDAABDBBCDCDDD,ABACBDADAAADDDBBADCCBBADACACADCDAABDBBCDCDDD,,,0,200,,,,,L_T1_GTR___standard,,,,,L_T1_GTR03_33000001,,,
115406,43,,,,,,,,,22,51,45,455255500000454224255500142414000007421212000000421214400000424121000000,,00000201,,,,,,,,22,22,0,8,8,201,,5441522444422255241155421441241244525512122251,BAACBDDAAAADDDBBDACCBBADCAACDACDAABDBBCDCDDDBC,ABACBDADAAADDDBBADCCBBADACACADCDAABDBBCDCDDDBC,,,0,201,,,,,L_T1_GTR___standard,,,,,L_T1_GTR03_33000001,,,,12,22,51,411242000000414244144000545511500007254252500000255412000000442220000000,,00000200,,,,,,,,21,21,0,9,9,200,,54415224444222552411554214412412445255121222,BAACBDDAAAADDDBBDACCBBADCAACDACDAABDBBCDCDDD,ABACBDADAAADDDBBADCCBBADACACADCDAABDBBCDCDDD,,,0,200,,,,,L_T1_GTR___standard,,,,,L_T1_GTR03_33000001,,,
115408,44,,,,,,,,,22,51,45,455255500000454224255500142414000007421212000000421214400000424121000000,,00000201,,,,,,,,22,22,0,8,8,201,,5441522444422255241155421441241244525512122251,BAACBDDAAAADDDBBDACCBBADCAACDACDAABDBBCDCDDDBC,ABACBDADAAADDDBBADCCBBADACACADCDAABDBBCDCDDDBC,,,0,201,,,,,L_T1_GTR___standard,,,,,L_T1_GTR03_33000001,,,,22,51,45,411242000000414244144000545511500007254252500000255412210000442220000000,,00000206,,,,,,,,22,22,0,6,6,206,,5441522444422255241155421441241244525512122251,BAACBDDAAAADDDBBDACCBBADCAACDACDAABDBBCDCDDDBC,ABACBDADAAADDDBBADCCBBADACACADCDAABDBBCDCDDDBC,,,0,206,,,,,L_T1_GTR___standard,,,,,L_T1_GTR03_33000001,,,
115444,45,,,,,,,,,51,45,15,455255500000454224255500142414000007421212220000421214400000424121000000,,00000207,,,,,,,,23,23,0,6,6,207,,544152244442225524115542144124124452551212225145,BAACBDDAAAADDDBBDACCBBADCAACDACDAABDBBCDCDDDBCAB,ABACBDADAAADDDBBADCCBBADACACADCDAABDBBCDCDDDBCAB,,,0,207,,,,,L_T1_GTR___standard,,,,,L_T1_GTR03_33000001,,,,22,51,45,411242000000414244144000545511500007254252500000255412210000442220000000,,00000206,,,,,,,,22,22,0,6,6,206,,5441522444422255241155421441241244525512122251,BAACBDDAAAADDDBBDACCBBADCAACDACDAABDBBCDCDDDBC,ABACBDADAAADDDBBADCCBBADACACADCDAABDBBCDCDDDBC,,,0,206,,,,,L_T1_GTR___standard,,,,,L_T1_GTR03_33000001,,,
115448,46,,,,,,,,,51,45,15,455255500000454224255500142414000007421212220000421214400000424121000000,,00000207,,,,,,,,23,23,0,6,6,207,,544152244442225524115542144124124452551212225145,BAACBDDAAAADDDBBDACCBBADCAACDACDAABDBBCDCDDDBCAB,ABACBDADAAADDDBBADCCBBADACACADCDAABDBBCDCDDDBCAB,,,0,207,,,,,L_T1_GTR___standard,,,,,L_T1_GTR03_33000001,,,,51,45,15,411242220000414244144000545511500007254252500000255412210000442220000000,,00000212,,,,,,,,23,23,0,6,6,212,,544152244442225524115542144124124452551212225145,BAACBDDAAAADDDBBDACCBBADCAACDACDAABDBBCDCDDDBCAB,ABACBDADAAADDDBBADCCBBADACACADCDAABDBBCDCDDDBCAB,,,0,212,,,,,L_T1_GTR___standard,,,,,L_T1_GTR03_33000001,,,
115486,48,,,,,,,,,45,15,22,455255500000454224255500142414000007421212220000421214400000424121150000,,00000213,,,,,,,,24,24,0,6,6,213,,54415224444222552411554214412412445255121222514515,BAACBDDAAAADDDBBDACCBBADCAACDACDAABDBBCDCDDDBCABCB,ABACBDADAAADDDBBADCCBBADACACADCDAABDBBCDCDDDBCABBC,,,0,213,,,,,L_T1_GTR___standard,,,,,L_T1_GTR03_33000001,,,,45,15,22,411242220000414244144000545511510007254252550000255412210000442220000000,,00000218,,,,,,,,24,24,0,6,6,218,,54415224444222552411554214412412445255121222514515,BAACBDDAAAADDDBBDACCBBADCAACDACDAABDBBCDCDDDBCABCB,ABACBDADAAADDDBBADCCBBADACACADCDAABDBBCDCDDDBCABBC,,,0,218,,,,,L_T1_GTR___standard,,,,,L_T1_GTR03_33000001,,,
115525,49,,,,,,,,,15,22,12,455255500000454224255500142414000007421212220000421214445000424121150000,,00000219,,,,,,,,25,25,0,6,6,219,,5441522444422255241155421441241244525512122251451522,BAACBDDAAAADDDBBDACCBBADCAACDACDAABDBBCDCDDDBCABCBDD,ABACBDADAAADDDBBADCCBBADACACADCDAABDBBCDCDDDBCABBCDD,,,0,219,,,,,L_T1_GTR___standard,,,,,L_T1_GTR03_33000001,,,,45,15,22,411242220000414244144000545511510007254252550000255412210000442220000000,,00000218,,,,,,,,24,24,0,6,6,218,,54415224444222552411554214412412445255121222514515,BAACBDDAAAADDDBBDACCBBADCAACDACDAABDBBCDCDDDBCABCB,ABACBDADAAADDDBBADCCBBADACACADCDAABDBBCDCDDDBCABBC,,,0,218,,,,,L_T1_GTR___standard,,,,,L_T1_GTR03_33000001,,,
115538,50,,,,,,,,,15,22,12,455255500000454224255500142414000007421212220000421214445000424121150000,,00000219,,,,,,,,25,25,0,6,6,219,,5441522444422255241155421441241244525512122251451522,BAACBDDAAAADDDBBDACCBBADCAACDACDAABDBBCDCDDDBCABCBDD,ABACBDADAAADDDBBADCCBBADACACADCDAABDBBCDCDDDBCABBCDD,,,0,219,,,,,L_T1_GTR___standard,,,,,L_T1_GTR03_33000001,,,,15,22,12,411242225000414244144400545511510007254252550000255412210000442220000000,,00000222,,,,,,,,25,25,0,4,4,222,,5441522444422255241155421441241244525512122251451522,BAACBDDAAAADDDBBDACCBBADCAACDACDAABDBBCDCDDDBCABCBDD,ABACBDADAAADDDBBADCCBBADACACADCDAABDBBCDCDDDBCABBCDD,,,0,222,,,,,L_T1_GTR___standard,,,,,L_T1_GTR03_33000001,,,
115576,51,,,,,,,,,15,22,12,455255500000454224255500142414000007421212220000421214445000424121150000,,00000219,,,,,,,,25,25,0,6,6,219,,5441522444422255241155421441241244525512122251451522,BAACBDDAAAADDDBBDACCBBADCAACDACDAABDBBCDCDDDBCABCBDD,ABACBDADAAADDDBBADCCBBADACACADCDAABDBBCDCDDDBCABBCDD,,,0,219,,,,,L_T1_GTR___standard,,,,,L_T1_GTR03_33000001,,,,22,12,45,411242225510414244144400545511510007254252550000255412210000442220000000,,00000225,,,,,,,,26,26,0,3,3,225,,544152244442225524115542144124124452551212225145152212,BAACBDDAAAADDDBBDACCBBADCAACDACDAABDBBCDCDDDBCABCBDDCD,ABACBDADAAADDDBBADCCBBADACACADCDAABDBBCDCDDDBCABBCDDCD,,,0,225,,,,,L_T1_GTR___standard,,,,,L_T1_GTR03_33000001,,,
115579,52,,,,,,,,,22,12,45,455255500000454224255500142414000007421212220000421214445100424121155000,,00000223,,,,,,,,26,26,0,4,4,223,,544152244442225524115542144124124452551212225145152212,BAACBDDAAAADDDBBDACCBBADCAACDACDAABDBBCDCDDDBCABCBDDCD,ABACBDADAAADDDBBADCCBBADACACADCDAABDBBCDCDDDBCABBCDDCD,,,0,223,,,,,L_T1_GTR___standard,,,,,L_T1_GTR03_33000001,,,,22,12,45,411242225510414244144400545511510007254252550000255412210000442220000000,,00000225,,,,,,,,26,26,0,3,3,225,,544152244442225524115542144124124452551212225145152212,BAACBDDAAAADDDBBDACCBBADCAACDACDAABDBBCDCDDDBCABCBDDCD,ABACBDADAAADDDBBADCCBBADACACADCDAABDBBCDCDDDBCABBCDDCD,,,0,225,,,,,L_T1_GTR___standard,,,,,L_T1_GTR03_33000001,,,
115609,53,,,,,,,,,,12,45,455255500000454224255500142414220007421212220000421214445100424121155000,,bb60abb3,,,,,,,,27,0,1,bb60abb3,180,403,,544152244442225524115542144124124452551212225145152212,BAACBDDAAAADDDBBDACCBBADCAACDACDAABDBBCDCDDDBCABCBDDCD,ABACBDADAAADDDBBADCCBBADACACADCDAABDBBCDCDDDBCABBCDDCD,,,1,403,,,,,L_T1_GTR___standard,,,,,L_T1_GTR03_33000001,,,,22,12,45,411242225510414244144400545511510007254252550000255412210000442220000000,,00000225,,,,,,,,26,26,0,3,3,225,,544152244442225524115542144124124452551212225145152212,BAACBDDAAAADDDBBDACCBBADCAACDACDAABDBBCDCDDDBCABCBDDCD,ABACBDADAAADDDBBADCCBBADACACADCDAABDBBCDCDDDBCABBCDDCD,,,0,225,,,,,L_T1_GTR___standard,,,,,L_T1_GTR03_33000001,,,
115619,54,,,,,,,,,,12,45,455255500000454224255500142414220007421212220000421214445100424121155000,,bb60abb3,,,,,,,,27,0,1,bb60abb3,180,403,,544152244442225524115542144124124452551212225145152212,BAACBDDAAAADDDBBDACCBBADCAACDACDAABDBBCDCDDDBCABCBDDCD,ABACBDADAAADDDBBADCCBBADACACADCDAABDBBCDCDDDBCABBCDDCD,,,1,403,,,,,L_T1_GTR___standard,,,,,L_T1_GTR03_33000001,,,,12,45,55,411242225510414244144400545511510007254252552200255412210000442220000000,,00000228,,,,,,,,27,27,0,3,3,228,,54415224444222552411554214412412445255121222514515221245,BAACBDDAAAADDDBBDACCBBADCAACDACDAABDBBCDCDDDBCABCBDDCDAB,ABACBDADAAADDDBBADCCBBADACACADCDAABDBBCDCDDDBCABBCDDCDAB,,,0,228,,,,,L_T1_GTR___standard,,,,,L_T1_GTR03_33000001,,,
115661,55,,,,,,,,,,12,45,455255500000454224255500142414220007421212220000421214445100424121155000,,bb60abb3,,,,,,,,27,0,1,bb60abb3,180,403,,544152244442225524115542144124124452551212225145152212,BAACBDDAAAADDDBBDACCBBADCAACDACDAABDBBCDCDDDBCABCBDDCD,ABACBDADAAADDDBBADCCBBADACACADCDAABDBBCDCDDDBCABBCDDCD,,,1,403,,,,,L_T1_GTR___standard,,,,,L_T1_GTR03_33000001,,,,,45,55,411242225510414244144400545511510007254252552200255412210000442221200000,,bb40abb1,,,,,,,,28,0,1,bb40abb1,40,268,,54415224444222552411554214412412445255121222514515221245,BAACBDDAAAADDDBBDACCBBADCAACDACDAABDBBCDCDDDBCABCBDDCDAB,ABACBDADAAADDDBBADCCBBADACACADCDAABDBBCDCDDDBCABBCDDCDAB,,,1,268,,,,,L_T1_GTR___standard,,,,,L_T1_GTR03_33000001,,,
115692,56,,,,,,,,,,12,45,455255500000454224555000142414000007421210000000421214445100424121155000,,bb60ab11,,,,,,,,28,0,2,bb60ab11,660,1063,,544152244442225524115542144124124452551212225145152212,BAACBDDAAAADDDBBDACCBBADCAACDACDAABDBBCDCDDDBCABCBDDCD,ABACBDADAAADDDBBADCCBBADACACADCDAABDBBCDCDDDBCABBCDDCD,,,2,1063,,,,,L_T1_GTR___standard,,,,,L_T1_GTR03_33000001,,,,,45,55,411242225510414244144400545511510007254252552200255412210000442221200000,,bb40abb1,,,,,,,,28,0,1,bb40abb1,40,268,,54415224444222552411554214412412445255121222514515221245,BAACBDDAAAADDDBBDACCBBADCAACDACDAABDBBCDCDDDBCABCBDDCDAB,ABACBDADAAADDDBBADCCBBADACACADCDAABDBBCDCDDDBCABBCDDCDAB,,,1,268,,,,,L_T1_GTR___standard,,,,,L_T1_GTR03_33000001,,,
115743,57,,,,,,,,,,12,45,455255500000454224555000142414000007421210000000421214445100424121155000,,bb60ab11,,,,,,,,28,0,2,bb60ab11,660,1063,,544152244442225524115542144124124452551212225145152212,BAACBDDAAAADDDBBDACCBBADCAACDACDAABDBBCDCDDDBCABCBDDCD,ABACBDADAAADDDBBADCCBBADACACADCDAABDBBCDCDDDBCABBCDDCD,,,2,1063,,,,,L_T1_GTR___standard,,,,,L_T1_GTR03_33000001,,,,,45,55,411242225510414244144400545511510007254255522000255411000000442221000000,,bb40abb8,,,,,,,,29,0,2,bb40abb8,320,588,,54415224444222552411554214412412445255121222514515221245,BAACBDDAAAADDDBBDACCBBADCAACDACDAABDBBCDCDDDBCABCBDDCDAB,ABACBDADAAADDDBBADCCBBADACACADCDAABDBBCDCDDDBCABBCDDCDAB,,,2,588,,,,,L_T1_GTR___standard,,,,,L_T1_GTR03_33000001,,,
115757,58,,,,,,,,,12,45,55,455200000000454224000000142414000007421210000000421214445100424121155000,,00001070,,,,,,,,29,1,0,7,7,1070,,54415224444222552411554214412412445255121222514515221245,BAACBDDAAAADDDBBDACCBBADCAACDACDAABDBBCDCDDDBCABCBDDCDAB,ABACBDADAAADDDBBADCCBBADACACADCDAABDBBCDCDDDBCABBCDDCDAB,,,2,1070,,,,,L_T1_GTR___standard,,,,,L_T1_GTR03_33000001,,,,,45,55,411242225510414244144400545511510007254255522000255411000000442221000000,,bb40abb8,,,,,,,,29,0,2,bb40abb8,320,588,,54415224444222552411554214412412445255121222514515221245,BAACBDDAAAADDDBBDACCBBADCAACDACDAABDBBCDCDDDBCABCBDDCDAB,ABACBDADAAADDDBBADCCBBADACACADCDAABDBBCDCDDDBCABBCDDCDAB,,,2,588,,,,,L_T1_GTR___standard,,,,,L_T1_GTR03_33000001,,,
115798,59,,,,,,,,,45,55,41,455200000000454224210000142414000007421210000000421214445100424121155000,,00001076,,,,,,,,30,2,0,6,6,1076,,5441522444422255241155421441241244525512122251451522124555,BAACBDDAAAADDDBBDACCBBADCAACDACDAABDBBCDCDDDBCABCBDDCDABBB,ABACBDADAAADDDBBADCCBBADACACADCDAABDBBCDCDDDBCABBCDDCDABBB,,,2,1076,,,,,L_T1_GTR___standard,,,,,L_T1_GTR03_33000001,,,,,45,55,411242225510414244144400545511510007254255522000255411000000442221000000,,bb40abb8,,,,,,,,29,0,2,bb40abb8,320,588,,54415224444222552411554214412412445255121222514515221245,BAACBDDAAAADDDBBDACCBBADCAACDACDAABDBBCDCDDDBCABCBDDCDAB,ABACBDADAAADDDBBADCCBBADACACADCDAABDBBCDCDDDBCABBCDDCDAB,,,2,588,,,,,L_T1_GTR___standard,,,,,L_T1_GTR03_33000001,,,
115826,60,,,,,,,,,45,55,41,455200000000454224210000142414000007421210000000421214445100424121155000,,00001076,,,,,,,,30,2,0,6,6,1076,,5441522444422255241155421441241244525512122251451522124555,BAACBDDAAAADDDBBDACCBBADCAACDACDAABDBBCDCDDDBCABCBDDCDABBB,ABACBDADAAADDDBBADCCBBADACACADCDAABDBBCDCDDDBCABBCDDCDABBB,,,2,1076,,,,,L_T1_GTR___standard,,,,,L_T1_GTR03_33000001,,,,,45,55,411242225510414244144400545511100007254222000000255411000000442221000000,,bb40ab16,,,,,,,,30,0,3,bb40ab16,640,1228,,54415224444222552411554214412412445255121222514515221245,BAACBDDAAAADDDBBDACCBBADCAACDACDAABDBBCDCDDDBCABCBDDCDAB,ABACBDADAAADDDBBADCCBBADACACADCDAABDBBCDCDDDBCABBCDDCDAB,,,3,1228,,,,,L_T1_GTR___standard,,,,,L_T1_GTR03_33000001,,,
115854,61,,,,,,,,,55,41,12,455200000000454224210000142414400007421215000000421214445100424121155000,,00001083,,,,,,,,31,3,0,7,7,1083,,544152244442225524115542144124124452551212225145152212455541,BAACBDDAAAADDDBBDACCBBADCAACDACDAABDBBCDCDDDBCABCBDDCDABBBAC,ABACBDADAAADDDBBADCCBBADACACADCDAABDBBCDCDDDBCABBCDDCDABBBAC,,,2,1083,,,,,L_T1_GTR___standard,,,,,L_T1_GTR03_33000001,,,,,45,55,411242225510414244144400545511100007254222000000255411000000442221000000,,bb40ab16,,,,,,,,30,0,3,bb40ab16,640,1228,,54415224444222552411554214412412445255121222514515221245,BAACBDDAAAADDDBBDACCBBADCAACDACDAABDBBCDCDDDBCABCBDDCDAB,ABACBDADAAADDDBBADCCBBADACACADCDAABDBBCDCDDDBCABBCDDCDAB,,,3,1228,,,,,L_T1_GTR___standard,,,,,L_T1_GTR03_33000001,,,
115900,62,,,,,,,,,41,12,51,455255000000454224210000142414400007421215000000421214445100424121155000,,00001091,,,,,,,,32,4,0,8,8,1091,,54415224444222552411554214412412445255121222514515221245554112,BAACBDDAAAADDDBBDACCBBADCAACDACDAABDBBCDCDDDBCABCBDDCDABBBACCD,ABACBDADAAADDDBBADCCBBADACACADCDAABDBBCDCDDDBCABBCDDCDABBBACCD,,,2,1091,,,,,L_T1_GTR___standard,,,,,L_T1_GTR03_33000001,,,,,45,55,411242225510414244144400545511100007254222000000255411000000442221000000,,bb40ab16,,,,,,,,30,0,3,bb40ab16,640,1228,,54415224444222552411554214412412445255121222514515221245,BAACBDDAAAADDDBBDACCBBADCAACDACDAABDBBCDCDDDBCABCBDDCDAB,ABACBDADAAADDDBBADCCBBADACACADCDAABDBBCDCDDDBCABBCDDCDAB,,,3,1228,,,,,L_T1_GTR___standard,,,,,L_T1_GTR03_33000001,,,
115906,63,,,,,,,,,41,12,51,455255000000454224210000142414400007421215000000421214445100424121155000,,00001091,,,,,,,,32,4,0,8,8,1091,,54415224444222552411554214412412445255121222514515221245554112,BAACBDDAAAADDDBBDACCBBADCAACDACDAABDBBCDCDDDBCABCBDDCDABBBACCD,ABACBDADAAADDDBBADCCBBADACACADCDAABDBBCDCDDDBCABBCDDCDABBBACCD,,,2,1091,,,,,L_T1_GTR___standard,,,,,L_T1_GTR03_33000001,,,,,45,55,411242225510414244444000545500000007254222000000255411000000442221000000,,bb60ab35,,,,,,,,31,0,4,bb60ab35,2100,3328,,54415224444222552411554214412412445255121222514515221245,BAACBDDAAAADDDBBDACCBBADCAACDACDAABDBBCDCDDDBCABCBDDCDAB,ABACBDADAAADDDBBADCCBBADACACADCDAABDBBCDCDDDBCABBCDDCDAB,,,4,3328,,,,,L_T1_GTR___standard,,,,,L_T1_GTR03_33000001,,,
115938,64,,,,,,,,,12,51,55,455255000000454224210000142414400007421215000000421214445100424121155410,,00001095,,,,,,,,33,5,0,4,4,1095,,5441522444422255241155421441241244525512122251451522124555411251,BAACBDDAAAADDDBBDACCBBADCAACDACDAABDBBCDCDDDBCABCBDDCDABBBACCDBC,ABACBDADAAADDDBBADCCBBADACACADCDAABDBBCDCDDDBCABBCDDCDABBBACCDBC,,,2,1095,,,,,L_T1_GTR___standard,,,,,L_T1_GTR03_33000001,,,,,45,55,411242225510414244444000545500000007254222000000255411000000442221000000,,bb60ab35,,,,,,,,31,0,4,bb60ab35,2100,3328,,54415224444222552411554214412412445255121222514515221245,BAACBDDAAAADDDBBDACCBBADCAACDACDAABDBBCDCDDDBCABCBDDCDAB,ABACBDADAAADDDBBADCCBBADACACADCDAABDBBCDCDDDBCABBCDDCDAB,,,4,3328,,,,,L_T1_GTR___standard,,,,,L_T1_GTR03_33000001,,,
115976,65,,,,,,,,,51,55,42,455255000000454224210000142414400007421215210000421214445100424121155410,,00001101,,,,,,,,34,6,0,6,6,1101,,544152244442225524115542144124124452551212225145152212455541125155,BAACBDDAAAADDDBBDACCBBADCAACDACDAABDBBCDCDDDBCABCBDDCDABBBACCDBCBB,ABACBDADAAADDDBBADCCBBADACACADCDAABDBBCDCDDDBCABBCDDCDABBBACCDBCBB,,,2,1101,,,,,L_T1_GTR___standard,,,,,L_T1_GTR03_33000001,,,,,45,55,411242225510414244444000545500000007254222000000255411000000442221000000,,bb60ab35,,,,,,,,31,0,4,bb60ab35,2100,3328,,54415224444222552411554214412412445255121222514515221245,BAACBDDAAAADDDBBDACCBBADCAACDACDAABDBBCDCDDDBCABCBDDCDAB,ABACBDADAAADDDBBADCCBBADACACADCDAABDBBCDCDDDBCABBCDDCDAB,,,4,3328,,,,,L_T1_GTR___standard,,,,,L_T1_GTR03_33000001,,,
115986,66,,,,,,,,,51,55,42,455255000000454224210000142414400007421215210000421214445100424121155410,,00001101,,,,,,,,34,6,0,6,6,1101,,544152244442225524115542144124124452551212225145152212455541125155,BAACBDDAAAADDDBBDACCBBADCAACDACDAABDBBCDCDDDBCABCBDDCDABBBACCDBCBB,ABACBDADAAADDDBBADCCBBADACACADCDAABDBBCDCDDDBCABBCDDCDABBBACCDBCBB,,,2,1101,,,,,L_T1_GTR___standard,,,,,L_T1_GTR03_33000001,,,,,45,55,411222255100414200000000545500000007254222000000255411000000442221000000,,bb50ab66,,,,,,,,32,0,5,bb50ab66,3300,6628,,54415224444222552411554214412412445255121222514515221245,BAACBDDAAAADDDBBDACCBBADCAACDACDAABDBBCDCDDDBCABCBDDCDAB,ABACBDADAAADDDBBADCCBBADACACADCDAABDBBCDCDDDBCABBCDDCDAB,,,5,6628,,,,,L_T1_GTR___standard,,,,,L_T1_GTR03_33000001,,,
116016,67,,,,,,,,,55,42,11,455255000000454224215100142414400007421215210000421214445100424121155410,,00001106,,,,,,,,35,7,0,5,5,1106,,54415224444222552411554214412412445255121222514515221245554112515542,BAACBDDAAAADDDBBDACCBBADCAACDACDAABDBBCDCDDDBCABCBDDCDABBBACCDBCBBAD,ABACBDADAAADDDBBADCCBBADACACADCDAABDBBCDCDDDBCABBCDDCDABBBACCDBCBBAD,,,2,1106,,,,,L_T1_GTR___standard,,,,,L_T1_GTR03_33000001,,,,,45,55,411222255100414200000000545500000007254222000000255411000000442221000000,,bb50ab66,,,,,,,,32,0,5,bb50ab66,3300,6628,,54415224444222552411554214412412445255121222514515221245,BAACBDDAAAADDDBBDACCBBADCAACDACDAABDBBCDCDDDBCABCBDDCDAB,ABACBDADAAADDDBBADCCBBADACACADCDAABDBBCDCDDDBCABBCDDCDAB,,,5,6628,,,,,L_T1_GTR___standard,,,,,L_T1_GTR03_33000001,,,
116040,68,,,,,,,,,,42,11,455255000000454224215100142414400007421215215500421214445100424121155410,,bb50abb2,,,,,,,,36,0,1,bb50abb2,100,1206,,54415224444222552411554214412412445255121222514515221245554112515542,BAACBDDAAAADDDBBDACCBBADCAACDACDAABDBBCDCDDDBCABCBDDCDABBBACCDBCBBAD,ABACBDADAAADDDBBADCCBBADACACADCDAABDBBCDCDDDBCABBCDDCDABBBACCDBCBBAD,,,2,1206,,,,,L_T1_GTR___standard,,,,,L_T1_GTR03_33000001,,,,,45,55,411222255100414200000000545500000007254222000000255411000000442221000000,,bb50ab66,,,,,,,,32,0,5,bb50ab66,3300,6628,,54415224444222552411554214412412445255121222514515221245,BAACBDDAAAADDDBBDACCBBADCAACDACDAABDBBCDCDDDBCABCBDDCDAB,ABACBDADAAADDDBBADCCBBADACACADCDAABDBBCDCDDDBCABBCDDCDAB,,,5,6628,,,,,L_T1_GTR___standard,,,,,L_T1_GTR03_33000001,,,
116081,69,,,,,,,,,,42,11,455255000000454224215100142414400007421215215500421214445100424121155410,,bb50abb2,,,,,,,,36,0,1,bb50abb2,100,1206,,54415224444222552411554214412412445255121222514515221245554112515542,BAACBDDAAAADDDBBDACCBBADCAACDACDAABDBBCDCDDDBCABCBDDCDABBBACCDBCBBAD,ABACBDADAAADDDBBADCCBBADACACADCDAABDBBCDCDDDBCABBCDDCDABBBACCDBCBBAD,,,2,1206,,,,,L_T1_GTR___standard,,,,,L_T1_GTR03_33000001,,,,45,55,41,411551000000414000000000545500000007254222000000255411000000442221000000,,00006636,,,,,,,,33,1,0,8,8,6636,,5441522444422255241155421441241244525512122251451522124555,BAACBDDAAAADDDBBDACCBBADCAACDACDAABDBBCDCDDDBCABCBDDCDABBB,ABACBDADAAADDDBBADCCBBADACACADCDAABDBBCDCDDDBCABBCDDCDABBB,,,5,6636,,,,,L_T1_GTR___standard,,,,,L_T1_GTR03_33000001,,,
116131,70,,,,,,,,,,42,11,455255000000454224215100142414400007421215210000421214441000424121141000,,bb40abb8,,,,,,,,37,0,2,bb40abb8,320,1526,,54415224444222552411554214412412445255121222514515221245554112515542,BAACBDDAAAADDDBBDACCBBADCAACDACDAABDBBCDCDDDBCABCBDDCDABBBACCDBCBBAD,ABACBDADAAADDDBBADCCBBADACACADCDAABDBBCDCDDDBCABBCDDCDABBBACCDBCBBAD,,,2,1526,,,,,L_T1_GTR___standard,,,,,L_T1_GTR03_33000001,,,,45,55,41,411551000000414000000000545500000007254222000000255411000000442221000000,,00006636,,,,,,,,33,1,0,8,8,6636,,5441522444422255241155421441241244525512122251451522124555,BAACBDDAAAADDDBBDACCBBADCAACDACDAABDBBCDCDDDBCABCBDDCDABBB,ABACBDADAAADDDBBADCCBBADACACADCDAABDBBCDCDDDBCABBCDDCDABBB,,,5,6636,,,,,L_T1_GTR___standard,,,,,L_T1_GTR03_33000001,,,
116136,71,,,,,,,,,,42,11,455255000000454224215100142414400007421215210000421214441000424121141000,,bb40abb8,,,,,,,,37,0,2,bb40abb8,320,1526,,54415224444222552411554214412412445255121222514515221245554112515542,BAACBDDAAAADDDBBDACCBBADCAACDACDAABDBBCDCDDDBCABCBDDCDABBBACCDBCBBAD,ABACBDADAAADDDBBADCCBBADACACADCDAABDBBCDCDDDBCABBCDDCDABBBACCDBCBBAD,,,2,1526,,,,,L_T1_GTR___standard,,,,,L_T1_GTR03_33000001,,,,55,41,12,411551000000414450000000545500000007254222000000255411000000442221000000,,00006646,,,,,,,,34,2,0,10,10,6646,,544152244442225524115542144124124452551212225145152212455541,BAACBDDAAAADDDBBDACCBBADCAACDACDAABDBBCDCDDDBCABCBDDCDABBBAC,ABACBDADAAADDDBBADCCBBADACACADCDAABDBBCDCDDDBCABBCDDCDABBBAC,,,5,6646,,,,,,,,,,,,,
116176,72,,,,,,,,,,42,11,455255000000454224215100142414400007421215210000421214441000424121141000,,bb40abb8,,,,,,,,37,0,2,bb40abb8,320,1526,,54415224444222552411554214412412445255121222514515221245554112515542,BAACBDDAAAADDDBBDACCBBADCAACDACDAABDBBCDCDDDBCABCBDDCDABBBACCDBCBBAD,ABACBDADAAADDDBBADCCBBADACACADCDAABDBBCDCDDDBCABBCDDCDABBBACCDBCBBAD,,,2,1526,,,,,L_T1_GTR___standard,,,,,L_T1_GTR03_33000001,,,,41,12,51,411551550000414450000000545500000007254222000000255411000000442221000000,,00006652,,,,,,,,35,3,0,6,6,6652,,54415224444222552411554214412412445255121222514515221245554112,BAACBDDAAAADDDBBDACCBBADCAACDACDAABDBBCDCDDDBCABCBDDCDABBBACCD,ABACBDADAAADDDBBADCCBBADACACADCDAABDBBCDCDDDBCABBCDDCDABBBACCD,,,5,6652,,,,,,,,,,,,,
116215,73,,,,,,,,,,42,11,455255000000454224215100142414400007421215210000421211000000424121110000,,bb70ab20,,,,,,,,38,0,3,bb70ab20,1400,2926,,54415224444222552411554214412412445255121222514515221245554112515542,BAACBDDAAAADDDBBDACCBBADCAACDACDAABDBBCDCDDDBCABCBDDCDABBBACCDBCBBAD,ABACBDADAAADDDBBADCCBBADACACADCDAABDBBCDCDDDBCABBCDDCDABBBACCDBCBBAD,,,3,2926,,,,,L_T1_GTR___standard,,,,,L_T1_GTR03_33000001,,,,41,12,51,411551550000414450000000545500000007254222000000255411000000442221000000,,00006652,,,,,,,,35,3,0,6,6,6652,,54415224444222552411554214412412445255121222514515221245554112,BAACBDDAAAADDDBBDACCBBADCAACDACDAABDBBCDCDDDBCABCBDDCDABBBACCD,ABACBDADAAADDDBBADCCBBADACACADCDAABDBBCDCDDDBCABBCDDCDABBBACCD,,,5,6652,,,,,,,,,,,,,
116236,74,,,,,,,,,,42,11,455255000000454224215100142414400007421215210000421211000000424121110000,,bb70ab20,,,,,,,,38,0,3,bb70ab20,1400,2926,,54415224444222552411554214412412445255121222514515221245554112515542,BAACBDDAAAADDDBBDACCBBADCAACDACDAABDBBCDCDDDBCABCBDDCDABBBACCDBCBBAD,ABACBDADAAADDDBBADCCBBADACACADCDAABDBBCDCDDDBCABBCDDCDABBBACCDBCBBAD,,,3,2926,,,,,L_T1_GTR___standard,,,,,L_T1_GTR03_33000001,,,,12,51,55,411551550000414451000000545540000007254222000000255411000000442221000000,,00006660,,,,,,,,36,4,0,8,8,6660,,5441522444422255241155421441241244525512122251451522124555411251,BAACBDDAAAADDDBBDACCBBADCAACDACDAABDBBCDCDDDBCABCBDDCDABBBACCDBC,ABACBDADAAADDDBBADCCBBADACACADCDAABDBBCDCDDDBCABBCDDCDABBBACCDBC,,,5,6660,,,,,,,,,,,,,
116294,76,,,,,,,,,,42,11,455255000000454224215100142444000007421252100000421200000000424120000000,,bb40ab32,,,,,,,,39,0,4,bb40ab32,1280,4206,,54415224444222552411554214412412445255121222514515221245554112515542,BAACBDDAAAADDDBBDACCBBADCAACDACDAABDBBCDCDDDBCABCBDDCDABBBACCDBCBBAD,ABACBDADAAADDDBBADCCBBADACACADCDAABDBBCDCDDDBCABBCDDCDABBBACCDBCBBAD,,,4,4206,,,,,L_T1_GTR___standard,,,,,L_T1_GTR03_33000001,,,,51,55,42,411551550000414451200000545541000007254222000000255411000000442221000000,,00006667,,,,,,,,37,5,0,7,7,6667,,544152244442225524115542144124124452551212225145152212455541125155,BAACBDDAAAADDDBBDACCBBADCAACDACDAABDBBCDCDDDBCABCBDDCDABBBACCDBCBB,ABACBDADAAADDDBBADCCBBADACACADCDAABDBBCDCDDDBCABBCDDCDABBBACCDBCBB,,,5,6667,,,,,,,,,,,,,
116329,77,,,,,,,,,,42,11,455255000000454224215100142444000007421252100000421200000000424120000000,,bb40ab32,,,,,,,,39,0,4,bb40ab32,1280,4206,,54415224444222552411554214412412445255121222514515221245554112515542,BAACBDDAAAADDDBBDACCBBADCAACDACDAABDBBCDCDDDBCABCBDDCDABBBACCDBCBBAD,ABACBDADAAADDDBBADCCBBADACACADCDAABDBBCDCDDDBCABBCDDCDABBBACCDBCBBAD,,,4,4206,,,,,L_T1_GTR___standard,,,,,L_T1_GTR03_33000001,,,,55,42,11,411551551500414451200000545541000007254222000000255411000000442221000000,,00006671,,,,,,,,38,6,0,4,4,6671,,54415224444222552411554214412412445255121222514515221245554112515542,BAACBDDAAAADDDBBDACCBBADCAACDACDAABDBBCDCDDDBCABCBDDCDABBBACCDBCBBAD,ABACBDADAAADDDBBADCCBBADACACADCDAABDBBCDCDDDBCABBCDDCDABBBACCDBCBBAD,,,5,6671,,,,,,,,,,,,,
116375,78,,,,,,,,,,42,11,455255000000454222151000142000000007421252100000421200000000424120000000,,bb40ab64,,,,,,,,40,0,5,bb40ab64,2560,6766,,54415224444222552411554214412412445255121222514515221245554112515542,BAACBDDAAAADDDBBDACCBBADCAACDACDAABDBBCDCDDDBCABCBDDCDABBBACCDBCBBAD,ABACBDADAAADDDBBADCCBBADACACADCDAABDBBCDCDDDBCABBCDDCDABBBACCDBCBBAD,,,5,6766,,,,,L_T1_GTR___standard,,,,,L_T1_GTR03_33000001,,,,55,42,11,411551551500414451200000545541000007254222000000255411000000442221000000,,00006671,,,,,,,,38,6,0,4,4,6671,,54415224444222552411554214412412445255121222514515221245554112515542,BAACBDDAAAADDDBBDACCBBADCAACDACDAABDBBCDCDDDBCABCBDDCDABBBACCDBCBBAD,ABACBDADAAADDDBBADCCBBADACACADCDAABDBBCDCDDDBCABBCDDCDABBBACCDBCBBAD,,,5,6671,,,,,,,,,,,,,
116384,79,,,,,,,,,,42,11,455255000000454222151000142000000007421252100000421200000000424120000000,,bb40ab64,,,,,,,,40,0,5,bb40ab64,2560,6766,,54415224444222552411554214412412445255121222514515221245554112515542,BAACBDDAAAADDDBBDACCBBADCAACDACDAABDBBCDCDDDBCABCBDDCDABBBACCDBCBBAD,ABACBDADAAADDDBBADCCBBADACACADCDAABDBBCDCDDDBCABBCDDCDABBBACCDBCBBAD,,,5,6766,,,,,L_T1_GTR___standard,,,,,L_T1_GTR03_33000001,,,,42,11,15,411551551500414451250000545541500007254222000000255411000000442221000000,,00006677,,,,,,,,39,7,0,6,6,6677,,5441522444422255241155421441241244525512122251451522124555411251554211,BAACBDDAAAADDDBBDACCBBADCAACDACDAABDBBCDCDDDBCABCBDDCDABBBACCDBCBBADCC,ABACBDADAAADDDBBADCCBBADACACADCDAABDBBCDCDDDBCABBCDDCDABBBACCDBCBBADCC,,,5,6677,,,,,,,,,,,,,
116424,80,,,,,,,,,,42,11,455255000000454222151000142000000007421252100000421200000000424120000000,,bb40ab64,,,,,,,,40,0,5,bb40ab64,2560,6766,,54415224444222552411554214412412445255121222514515221245554112515542,BAACBDDAAAADDDBBDACCBBADCAACDACDAABDBBCDCDDDBCABCBDDCDABBBACCDBCBBAD,ABACBDADAAADDDBBADCCBBADACACADCDAABDBBCDCDDDBCABBCDDCDABBBACCDBCBBAD,,,5,6766,,,,,L_T1_GTR___standard,,,,,L_T1_GTR03_33000001,,,,11,15,54,411551551500414451250000545541500007254222400000255411200000442221000000,,00006684,,,,,,,,40,8,0,7,7,6684,,544152244442225524115542144124124452551212225145152212455541125155421115,BAACBDDAAAADDDBBDACCBBADCAACDACDAABDBBCDCDDDBCABCBDDCDABBBACCDBCBBADCCCB,ABACBDADAAADDDBBADCCBBADACACADCDAABDBBCDCDDDBCABBCDDCDABBBACCDBCBBADCCBC,,,5,6684,,,,,,,,,,,,,
116459,81,,,,,,,,,,42,11,455550000000454151000000142000000007421252100000421200000000424120000000,,bb60ab99,,,,,,,,41,0,6,bb60ab99,5940,12706,,54415224444222552411554214412412445255121222514515221245554112515542,BAACBDDAAAADDDBBDACCBBADCAACDACDAABDBBCDCDDDBCABCBDDCDABBBACCDBCBBAD,ABACBDADAAADDDBBADCCBBADACACADCDAABDBBCDCDDDBCABBCDDCDABBBACCDBCBBAD,,,6,12706,,,,,,,,,,,,,,11,15,54,411551551500414451250000545541500007254222400000255411200000442221000000,,00006684,,,,,,,,40,8,0,7,7,6684,,544152244442225524115542144124124452551212225145152212455541125155421115,BAACBDDAAAADDDBBDACCBBADCAACDACDAABDBBCDCDDDBCABCBDDCDABBBACCDBCBBADCCCB,ABACBDADAAADDDBBADCCBBADACACADCDAABDBBCDCDDDBCABBCDDCDABBBACCDBCBBADCCBC,,,5,6684,,,,,,,,,,,,,
116461,82,,,,,,,,,,42,11,455550000000454151000000142000000007421252100000421200000000424120000000,,bb60ab99,,,,,,,,41,0,6,bb60ab99,5940,12706,,54415224444222552411554214412412445255121222514515221245554112515542,BAACBDDAAAADDDBBDACCBBADCAACDACDAABDBBCDCDDDBCABCBDDCDABBBACCDBCBBAD,ABACBDADAAADDDBBADCCBBADACACADCDAABDBBCDCDDDBCABBCDDCDABBBACCDBCBBAD,,,6,12706,,,,,,,,,,,,,,15,54,21,411551551511414451250000545541500007254222400000255411200000442221000000,,00006687,,,,,,,,41,9,0,3,3,6687,,54415224444222552411554214412412445255121222514515221245554112515542111554,BAACBDDAAAADDDBBDACCBBADCAACDACDAABDBBCDCDDDBCABCBDDCDABBBACCDBCBBADCCCBBA,ABACBDADAAADDDBBADCCBBADACACADCDAABDBBCDCDDDBCABBCDDCDABBBACCDBCBBADCCBCAB,,,5,6687,,,,,,,,,,,,,
116520,83,,,,,,,,,,42,11,455550000000454151000000142000000007421252100000421200000000424120000000,,bb60ab99,,,,,,,,41,0,6,bb60ab99,5940,12706,,54415224444222552411554214412412445255121222514515221245554112515542,BAACBDDAAAADDDBBDACCBBADCAACDACDAABDBBCDCDDDBCABCBDDCDABBBACCDBCBBAD,ABACBDADAAADDDBBADCCBBADACACADCDAABDBBCDCDDDBCABBCDDCDABBBACCDBCBBAD,,,6,12706,,,,,,,,,,,,,,54,21,45,411551551511414451250000545541500007254222400000255411210000442221500000,,00006693,,,,,,,,42,10,0,6,6,6693,,5441522444422255241155421441241244525512122251451522124555411251554211155421,BAACBDDAAAADDDBBDACCBBADCAACDACDAABDBBCDCDDDBCABCBDDCDABBBACCDBCBBADCCCBBADC,ABACBDADAAADDDBBADCCBBADACACADCDAABDBBCDCDDDBCABBCDDCDABBBACCDBCBBADCCBCABCD,,,5,6693,,,,,,,,,,,,,
116541,84,,,,,,,,,,42,11,400000000000441100000000142000000007421252100000421200000000424120000000,,bb40a128,,,,,,,,42,0,7,bb40a128,5120,17826,,54415224444222552411554214412412445255121222514515221245554112515542,BAACBDDAAAADDDBBDACCBBADCAACDACDAABDBBCDCDDDBCABCBDDCDABBBACCDBCBBAD,ABACBDADAAADDDBBADCCBBADACACADCDAABDBBCDCDDDBCABBCDDCDABBBACCDBCBBAD,,,7,17826,,,,,,,,,,,,,,54,21,45,411551551511414451250000545541500007254222400000255411210000442221500000,,00006693,,,,,,,,42,10,0,6,6,6693,,5441522444422255241155421441241244525512122251451522124555411251554211155421,BAACBDDAAAADDDBBDACCBBADCAACDACDAABDBBCDCDDDBCABCBDDCDABBBACCDBCBBADCCCBBADC,ABACBDADAAADDDBBADCCBBADACACADCDAABDBBCDCDDDBCABBCDDCDABBBACCDBCBBADCCBCABCD,,,5,6693,,,,,,,,,,,,,
116564,85,,,,,,,,,,42,11,400000000000441100000000142000000007421252100000421200000000424120000000,,bb40a128,,,,,,,,42,0,7,bb40a128,5120,17826,,54415224444222552411554214412412445255121222514515221245554112515542,BAACBDDAAAADDDBBDACCBBADCAACDACDAABDBBCDCDDDBCABCBDDCDABBBACCDBCBBAD,ABACBDADAAADDDBBADCCBBADACACADCDAABDBBCDCDDDBCABBCDDCDABBBACCDBCBBAD,,,7,17826,,,,,,,,,,,,,,21,45,24,411551551511414451250000545541545007254222400000255411210000442221500000,,00006699,,,,,,,,43,11,0,6,6,6699,,544152244442225524115542144124124452551212225145152212455541125155421115542145,BAACBDDAAAADDDBBDACCBBADCAACDACDAABDBBCDCDDDBCABCBDDCDABBBACCDBCBBADCCCBBADCAB,ABACBDADAAADDDBBADCCBBADACACADCDAABDBBCDCDDDBCABBCDDCDABBBACCDBCBBADCCBCABCDAB,,,5,6699,,,,,,,,,,,,,
116622,86,,,,,,,,,,42,11,000000000000110000000000120000000007421252100000421200000000424120000000,,bb40a160,,,,,,,,43,0,8,bb40a160,6400,24226,,54415224444222552411554214412412445255121222514515221245554112515542,BAACBDDAAAADDDBBDACCBBADCAACDACDAABDBBCDCDDDBCABCBDDCDABBBACCDBCBBAD,ABACBDADAAADDDBBADCCBBADACACADCDAABDBBCDCDDDBCABBCDDCDABBBACCDBCBBAD,,,8,24226,,,,,,,,,,,,,,21,45,24,411551551511414451250000545541545007254222400000255411210000442221500000,,00006699,,,,,,,,43,11,0,6,6,6699,,544152244442225524115542144124124452551212225145152212455541125155421115542145,BAACBDDAAAADDDBBDACCBBADCAACDACDAABDBBCDCDDDBCABCBDDCDABBBACCDBCBBADCCCBBADCAB,ABACBDADAAADDDBBADCCBBADACACADCDAABDBBCDCDDDBCABBCDDCDABBBACCDBCBBADCCBCABCDAB,,,5,6699,,,,,,,,,,,,,
116623,87,,,,,,,,,,42,11,000000000000110000000000120000000007421252100000421200000000424120000000,,bb40a160,,,,,,,,43,0,8,bb40a160,6400,24226,,54415224444222552411554214412412445255121222514515221245554112515542,BAACBDDAAAADDDBBDACCBBADCAACDACDAABDBBCDCDDDBCABCBDDCDABBBACCDBCBBAD,ABACBDADAAADDDBBADCCBBADACACADCDAABDBBCDCDDDBCABBCDDCDABBBACCDBCBBAD,,,8,24226,,,,,,,,,,,,,,45,24,11,411551551511414451250000545541545007254222400000255411211000442221520000,,00006704,,,,,,,,44,12,0,5,5,6704,,54415224444222552411554214412412445255121222514515221245554112515542111554214524,BAACBDDAAAADDDBBDACCBBADCAACDACDAABDBBCDCDDDBCABCBDDCDABBBACCDBCBBADCCCBBADCABDA,ABACBDADAAADDDBBADCCBBADACACADCDAABDBBCDCDDDBCABBCDDCDABBBACCDBCBBADCCBCABCDABAD,,,5,6704,,,,,,,,,,,,,
116681,88,,,,,,,,,,42,11,000000000000110000000000120000000007421252100000421200000000424120000000,,bb40a160,,,,,,,,43,0,8,bb40a160,6400,24226,,54415224444222552411554214412412445255121222514515221245554112515542,BAACBDDAAAADDDBBDACCBBADCAACDACDAABDBBCDCDDDBCABCBDDCDABBBACCDBCBBAD,ABACBDADAAADDDBBADCCBBADACACADCDAABDBBCDCDDDBCABBCDDCDABBBACCDBCBBAD,,,8,24226,,,,,,,,,,,,,,24,11,11,411551551511414451250000545541545007254222440000255411211500442221520000,,00006708,,,,,,,,45,13,0,4,4,6708,,5441522444422255241155421441241244525512122251451522124555411251554211155421452411,BAACBDDAAAADDDBBDACCBBADCAACDACDAABDBBCDCDDDBCABCBDDCDABBBACCDBCBBADCCCBBADCABDACC,ABACBDADAAADDDBBADCCBBADACACADCDAABDBBCDCDDDBCABBCDDCDABBBACCDBCBBADCCBCABCDABADCC,,,5,6708,,,,,,,,,,,,,
116702,89,,,,,,,,,,42,11,000000000000110000000000100000000007412521000000412000000000441200000000,,bb40a192,,,,,,,,44,0,9,bb40a192,7680,31906,,54415224444222552411554214412412445255121222514515221245554112515542,BAACBDDAAAADDDBBDACCBBADCAACDACDAABDBBCDCDDDBCABCBDDCDABBBACCDBCBBAD,ABACBDADAAADDDBBADCCBBADACACADCDAABDBBCDCDDDBCABBCDDCDABBBACCDBCBBAD,,,9,31906,,,,,,,,,,,,,,24,11,11,411551551511414451250000545541545007254222440000255411211500442221520000,,00006708,,,,,,,,45,13,0,4,4,6708,,5441522444422255241155421441241244525512122251451522124555411251554211155421452411,BAACBDDAAAADDDBBDACCBBADCAACDACDAABDBBCDCDDDBCABCBDDCDABBBACCDBCBBADCCCBBADCABDACC,ABACBDADAAADDDBBADCCBBADACACADCDAABDBBCDCDDDBCABBCDDCDABBBACCDBCBBADCCBCABCDABADCC,,,5,6708,,,,,,,,,,,,,
116736,90,,,,,,,,,,42,11,000000000000110000000000100000000007412521000000412000000000441200000000,,bb40a192,,,,,,,,44,0,9,bb40a192,7680,31906,,54415224444222552411554214412412445255121222514515221245554112515542,BAACBDDAAAADDDBBDACCBBADCAACDACDAABDBBCDCDDDBCABCBDDCDABBBACCDBCBBAD,ABACBDADAAADDDBBADCCBBADACACADCDAABDBBCDCDDDBCABBCDDCDABBBACCDBCBBAD,,,9,31906,,,,,,,,,,,,,,,11,11,411551551511414451250000545541545007254222444000255411211520442221520000,,bb40abb1,,,,,,,,46,0,1,bb40abb1,40,6748,,5441522444422255241155421441241244525512122251451522124555411251554211155421452411,BAACBDDAAAADDDBBDACCBBADCAACDACDAABDBBCDCDDDBCABCBDDCDABBBACCDBCBBADCCCBBADCABDACC,ABACBDADAAADDDBBADCCBBADACACADCDAABDBBCDCDDDBCABBCDDCDABBBACCDBCBBADCCBCABCDABADCC,,,5,6748,,,,,,,,,,,,,
116785,91,,,,,,,,,,42,11,000000000000110000000000100000000007125210000000120000000000120000000000,,bb60a227,,,,,,,,45,0,10,bb60a227,13620,45526,,54415224444222552411554214412412445255121222514515221245554112515542,BAACBDDAAAADDDBBDACCBBADCAACDACDAABDBBCDCDDDBCABCBDDCDABBBACCDBCBBAD,ABACBDADAAADDDBBADCCBBADACACADCDAABDBBCDCDDDBCABBCDDCDABBBACCDBCBBAD,,,9,45526,,,,,,,,,,,,,,,11,11,411551551511414451250000545541545007254222444000255411211520442221520000,,bb40abb1,,,,,,,,46,0,1,bb40abb1,40,6748,,5441522444422255241155421441241244525512122251451522124555411251554211155421452411,BAACBDDAAAADDDBBDACCBBADCAACDACDAABDBBCDCDDDBCABCBDDCDABBBACCDBCBBADCCCBBADCABDACC,ABACBDADAAADDDBBADCCBBADACACADCDAABDBBCDCDDDBCABBCDDCDABBBACCDBCBBADCCBCABCDABADCC,,,5,6748,,,,,,,,,,,,,
116817,92,,,,,,,,,,42,11,000000000000110000000000100000000007125210000000120000000000120000000000,,bb60a227,,,,,,,,45,0,10,bb60a227,13620,45526,,54415224444222552411554214412412445255121222514515221245554112515542,BAACBDDAAAADDDBBDACCBBADCAACDACDAABDBBCDCDDDBCABCBDDCDABBBACCDBCBBAD,ABACBDADAAADDDBBADCCBBADACACADCDAABDBBCDCDDDBCABBCDDCDABBBACCDBCBBAD,,,9,45526,,,,,,,,,,,,,,,11,11,411551551511414451250000545541550007254222000000255411211520442221520000,,bb50ab10,,,,,,,,47,0,2,bb50ab10,500,7248,,5441522444422255241155421441241244525512122251451522124555411251554211155421452411,BAACBDDAAAADDDBBDACCBBADCAACDACDAABDBBCDCDDDBCABCBDDCDABBBACCDBCBBADCCCBBADCABDACC,ABACBDADAAADDDBBADCCBBADACACADCDAABDBBCDCDDDBCABBCDDCDABBBACCDBCBBADCCBCABCDABADCC,,,5,7248,,,,,,,,,,,,,
116876,93,,,,,,,,,42,11,15,000000000000000000000000000000000007252100000000200000000000200000000000,,00045531,,,,,,,,46,1,0,5,5,45531,,5441522444422255241155421441241244525512122251451522124555411251554211,BAACBDDAAAADDDBBDACCBBADCAACDACDAABDBBCDCDDDBCABCBDDCDABBBACCDBCBBADCC,ABACBDADAAADDDBBADCCBBADACACADCDAABDBBCDCDDDBCABBCDDCDABBBACCDBCBBADCC,,,9,45531,,,,,,,,,,,,,,,11,11,411551551511414451250000545541550007254222000000255411211520442221520000,,bb50ab10,,,,,,,,47,0,2,bb50ab10,500,7248,,5441522444422255241155421441241244525512122251451522124555411251554211155421452411,BAACBDDAAAADDDBBDACCBBADCAACDACDAABDBBCDCDDDBCABCBDDCDABBBACCDBCBBADCCCBBADCABDACC,ABACBDADAAADDDBBADCCBBADACACADCDAABDBBCDCDDDBCABBCDDCDABBBACCDBCBBADCCBCABCDABADCC,,,5,7248,,,,,,,,,,,,,
116899,94,,,,,,,,,42,11,15,000000000000000000000000000000000007252100000000200000000000200000000000,,00045531,,,,,,,,46,1,0,5,5,45531,,5441522444422255241155421441241244525512122251451522124555411251554211,BAACBDDAAAADDDBBDACCBBADCAACDACDAABDBBCDCDDDBCABCBDDCDABBBACCDBCBBADCC,ABACBDADAAADDDBBADCCBBADACACADCDAABDBBCDCDDDBCABBCDDCDABBBACCDBCBBADCC,,,9,45531,,,,,,,,,,,,,,,11,11,411551151100414451200000545541000007254222000000255411211520442221520000,,bb40ab16,,,,,,,,48,0,3,bb40ab16,640,7888,,5441522444422255241155421441241244525512122251451522124555411251554211155421452411,BAACBDDAAAADDDBBDACCBBADCAACDACDAABDBBCDCDDDBCABCBDDCDABBBACCDBCBBADCCCBBADCABDACC,ABACBDADAAADDDBBADCCBBADACACADCDAABDBBCDCDDDBCABBCDDCDABBBACCDBCBBADCCBCABCDABADCC,,,5,7888,,,,,,,,,,,,,
116925,95,,,,,,,,,11,15,54,000000000000000000000000420000000007252100000000200000000000200000000000,,00045544,,,,,,,,47,2,0,13,13,45544,,544152244442225524115542144124124452551212225145152212455541125155421115,BAACBDDAAAADDDBBDACCBBADCAACDACDAABDBBCDCDDDBCABCBDDCDABBBACCDBCBBADCCCB,ABACBDADAAADDDBBADCCBBADACACADCDAABDBBCDCDDDBCABBCDDCDABBBACCDBCBBADCCBC,,,9,45544,,,,,,,,,,,,,,,11,11,411551151100414451200000545541000007254222000000255411211520442221520000,,bb40ab16,,,,,,,,48,0,3,bb40ab16,640,7888,,5441522444422255241155421441241244525512122251451522124555411251554211155421452411,BAACBDDAAAADDDBBDACCBBADCAACDACDAABDBBCDCDDDBCABCBDDCDABBBACCDBCBBADCCCBBADCABDACC,ABACBDADAAADDDBBADCCBBADACACADCDAABDBBCDCDDDBCABBCDDCDABBBACCDBCBBADCCBCABCDABADCC,,,5,7888,,,,,,,,,,,,,
116977,96,,,,,,,,,15,54,21,000000000000000000000000420000000007252100000000200000000000211000000000,,00045555,,,,,,,,48,3,0,11,11,45555,,54415224444222552411554214412412445255121222514515221245554112515542111554,BAACBDDAAAADDDBBDACCBBADCAACDACDAABDBBCDCDDDBCABCBDDCDABBBACCDBCBBADCCCBBA,ABACBDADAAADDDBBADCCBBADACACADCDAABDBBCDCDDDBCABBCDDCDABBBACCDBCBBADCCBCAB,,,9,45555,,,,,,,,,,,,,,,11,11,411551151100414451200000545541000007254222000000255411211520442221520000,,bb40ab16,,,,,,,,48,0,3,bb40ab16,640,7888,,5441522444422255241155421441241244525512122251451522124555411251554211155421452411,BAACBDDAAAADDDBBDACCBBADCAACDACDAABDBBCDCDDDBCABCBDDCDABBBACCDBCBBADCCCBBADCABDACC,ABACBDADAAADDDBBADCCBBADACACADCDAABDBBCDCDDDBCABBCDDCDABBBACCDBCBBADCCBCABCDABADCC,,,5,7888,,,,,,,,,,,,,
116981,97,,,,,,,,,15,54,21,000000000000000000000000420000000007252100000000200000000000211000000000,,00045555,,,,,,,,48,3,0,11,11,45555,,54415224444222552411554214412412445255121222514515221245554112515542111554,BAACBDDAAAADDDBBDACCBBADCAACDACDAABDBBCDCDDDBCABCBDDCDABBBACCDBCBBADCCCBBA,ABACBDADAAADDDBBADCCBBADACACADCDAABDBBCDCDDDBCABBCDDCDABBBACCDBCBBADCCBCAB,,,9,45555,,,,,,,,,,,,,,,11,11,411555110000414452000000545540000007254222000000255411211520442221520000,,bb40ab32,,,,,,,,49,0,4,bb40ab32,1280,9168,,5441522444422255241155421441241244525512122251451522124555411251554211155421452411,BAACBDDAAAADDDBBDACCBBADCAACDACDAABDBBCDCDDDBCABCBDDCDABBBACCDBCBBADCCCBBADCABDACC,ABACBDADAAADDDBBADCCBBADACACADCDAABDBBCDCDDDBCABBCDDCDABBBACCDBCBBADCCBCABCDABADCC,,,5,9168,,,,,,,,,,,,,
117027,98,,,,,,,,,54,21,45,000000000000000000000000420000000007252100000000200000000000211150000000,,00045565,,,,,,,,49,4,0,10,10,45565,,5441522444422255241155421441241244525512122251451522124555411251554211155421,BAACBDDAAAADDDBBDACCBBADCAACDACDAABDBBCDCDDDBCABCBDDCDABBBACCDBCBBADCCCBBADC,ABACBDADAAADDDBBADCCBBADACACADCDAABDBBCDCDDDBCABBCDDCDABBBACCDBCBBADCCBCABCD,,,9,45565,,,,,,,,,,R_T1_GTR03_22110002,,,,,11,11,411555110000414452000000545540000007254222000000255411211520442221520000,,bb40ab32,,,,,,,,49,0,4,bb40ab32,1280,9168,,5441522444422255241155421441241244525512122251451522124555411251554211155421452411,BAACBDDAAAADDDBBDACCBBADCAACDACDAABDBBCDCDDDBCABCBDDCDABBBACCDBCBBADCCCBBADCABDACC,ABACBDADAAADDDBBADCCBBADACACADCDAABDBBCDCDDDBCABBCDDCDABBBACCDBCBBADCCBCABCDABADCC,,,5,9168,,,,,,,,,,,,,
117064,99,,,,,,,,,54,21,45,000000000000000000000000420000000007252100000000200000000000211150000000,,00045565,,,,,,,,49,4,0,10,10,45565,,5441522444422255241155421441241244525512122251451522124555411251554211155421,BAACBDDAAAADDDBBDACCBBADCAACDACDAABDBBCDCDDDBCABCBDDCDABBBACCDBCBBADCCCBBADC,ABACBDADAAADDDBBADCCBBADACACADCDAABDBBCDCDDDBCABBCDDCDABBBACCDBCBBADCCBCABCD,,,9,45565,,,,,,,,,,R_T1_GTR03_22110002,,,,,11,11,411110000000414420000000545540000007254222000000255411211520442221520000,,bb50ab66,,,,,,,,50,0,5,bb50ab66,3300,12468,,5441522444422255241155421441241244525512122251451522124555411251554211155421452411,BAACBDDAAAADDDBBDACCBBADCAACDACDAABDBBCDCDDDBCABCBDDCDABBBACCDBCBBADCCCBBADCABDACC,ABACBDADAAADDDBBADCCBBADACACADCDAABDBBCDCDDDBCABBCDDCDABBBACCDBCBBADCCBCABCDABADCC,,,5,12468,,,,,,,,,,,,,
117078,100,,,,,,,,,21,45,24,000000000000000000000000420000000007252100000000245000000000211150000000,,00045576,,,,,,,,50,5,0,11,11,45576,,544152244442225524115542144124124452551212225145152212455541125155421115542145,BAACBDDAAAADDDBBDACCBBADCAACDACDAABDBBCDCDDDBCABCBDDCDABBBACCDBCBBADCCCBBADCAB,ABACBDADAAADDDBBADCCBBADACACADCDAABDBBCDCDDDBCABBCDDCDABBBACCDBCBBADCCBCABCDAB,,,9,45576,,,,,,,,,,R_T1_GTR03_22110002,,,,,11,11,411110000000414420000000545540000007254222000000255411211520442221520000,,bb50ab66,,,,,,,,50,0,5,bb50ab66,3300,12468,,5441522444422255241155421441241244525512122251451522124555411251554211155421452411,BAACBDDAAAADDDBBDACCBBADCAACDACDAABDBBCDCDDDBCABCBDDCDABBBACCDBCBBADCCCBBADCABDACC,ABACBDADAAADDDBBADCCBBADACACADCDAABDBBCDCDDDBCABBCDDCDABBBACCDBCBBADCCBCABCDABADCC,,,5,12468,,,,,,,,,,,,,
117122,101,,,,,,,,,45,24,11,000000000000000000000000420000000007252100000000245000000000211151200000,,00045583,,,,,,,,51,6,0,7,7,45583,,54415224444222552411554214412412445255121222514515221245554112515542111554214524,BAACBDDAAAADDDBBDACCBBADCAACDACDAABDBBCDCDDDBCABCBDDCDABBBACCDBCBBADCCCBBADCABDA,ABACBDADAAADDDBBADCCBBADACACADCDAABDBBCDCDDDBCABBCDDCDABBBACCDBCBBADCCBCABCDABAD,,,9,45583,,,,,,,,,,R_T1_GTR03_22110002,,,,,11,11,411110000000414420000000545540000007254222000000255411211520442221520000,,bb50ab66,,,,,,,,50,0,5,bb50ab66,3300,12468,,5441522444422255241155421441241244525512122251451522124555411251554211155421452411,BAACBDDAAAADDDBBDACCBBADCAACDACDAABDBBCDCDDDBCABCBDDCDABBBACCDBCBBADCCCBBADCABDACC,ABACBDADAAADDDBBADCCBBADACACADCDAABDBBCDCDDDBCABBCDDCDABBBACCDBCBBADCCBCABCDABADCC,,,5,12468,,,,,,,,,,,,,
117145,102,,,,,,,,,45,24,11,000000000000000000000000420000000007252100000000245000000000211151200000,,00045583,,,,,,,,51,6,0,7,7,45583,,54415224444222552411554214412412445255121222514515221245554112515542111554214524,BAACBDDAAAADDDBBDACCBBADCAACDACDAABDBBCDCDDDBCABCBDDCDABBBACCDBCBBADCCCBBADCABDA,ABACBDADAAADDDBBADCCBBADACACADCDAABDBBCDCDDDBCABBCDDCDABBBACCDBCBBADCCBCABCDABAD,,,9,45583,,,,,,,,,,R_T1_GTR03_22110002,,,,,11,11,400000000000444200000000545540000007254222000000255411211520442221520000,,bb50ab98,,,,,,,,51,0,6,bb50ab98,4900,17368,,5441522444422255241155421441241244525512122251451522124555411251554211155421452411,BAACBDDAAAADDDBBDACCBBADCAACDACDAABDBBCDCDDDBCABCBDDCDABBBACCDBCBBADCCCBBADCABDACC,ABACBDADAAADDDBBADCCBBADACACADCDAABDBBCDCDDDBCABBCDDCDABBBACCDBCBBADCCBCABCDABADCC,,,6,17368,,,,,,,,,,L_T1_GTR03_41100001,,,
117168,103,,,,,,,,,24,11,11,000000000000000000000000420000000007252100000000245540000000211151200000,,00045592,,,,,,,,52,7,0,9,9,45592,,5441522444422255241155421441241244525512122251451522124555411251554211155421452411,BAACBDDAAAADDDBBDACCBBADCAACDACDAABDBBCDCDDDBCABCBDDCDABBBACCDBCBBADCCCBBADCABDACC,ABACBDADAAADDDBBADCCBBADACACADCDAABDBBCDCDDDBCABBCDDCDABBBACCDBCBBADCCBCABCDABADCC,,,9,45592,,,,,,,,,,R_T1_GTR03_22110002,,,,,11,11,400000000000444200000000545540000007254222000000255411211520442221520000,,bb50ab98,,,,,,,,51,0,6,bb50ab98,4900,17368,,5441522444422255241155421441241244525512122251451522124555411251554211155421452411,BAACBDDAAAADDDBBDACCBBADCAACDACDAABDBBCDCDDDBCABCBDDCDABBBACCDBCBBADCCCBBADCABDACC,ABACBDADAAADDDBBADCCBBADACACADCDAABDBBCDCDDDBCABBCDDCDABBBACCDBCBBADCCBCABCDABADCC,,,6,17368,,,,,,,,,,L_T1_GTR03_41100001,,,
117218,104,,,,,,,,,11,11,51,000000000000420000000000420000000007252100000000245540000000211151200000,,00045604,,,,,,,,53,8,0,12,12,45604,,544152244442225524115542144124124452551212225145152212455541125155421115542145241111,BAACBDDAAAADDDBBDACCBBADCAACDACDAABDBBCDCDDDBCABCBDDCDABBBACCDBCBBADCCCBBADCABDACCCC,ABACBDADAAADDDBBADCCBBADACACADCDAABDBBCDCDDDBCABBCDDCDABBBACCDBCBBADCCBCABCDABADCCCC,,,9,45604,,,,,,,,,,R_T1_GTR03_22110002,,,,,11,11,400000000000444200000000545540000007254222000000255411211520442221520000,,bb50ab98,,,,,,,,51,0,6,bb50ab98,4900,17368,,5441522444422255241155421441241244525512122251451522124555411251554211155421452411,BAACBDDAAAADDDBBDACCBBADCAACDACDAABDBBCDCDDDBCABCBDDCDABBBACCDBCBBADCCCBBADCABDACC,ABACBDADAAADDDBBADCCBBADACACADCDAABDBBCDCDDDBCABBCDDCDABBBACCDBCBBADCCBCABCDABADCC,,,6,17368,,,,,,,,,,L_T1_GTR03_41100001,,,
117228,105,,,,,,,,,11,11,51,000000000000420000000000420000000007252100000000245540000000211151200000,,00045604,,,,,,,,53,8,0,12,12,45604,,544152244442225524115542144124124452551212225145152212455541125155421115542145241111,BAACBDDAAAADDDBBDACCBBADCAACDACDAABDBBCDCDDDBCABCBDDCDABBBACCDBCBBADCCCBBADCABDACCCC,ABACBDADAAADDDBBADCCBBADACACADCDAABDBBCDCDDDBCABBCDDCDABBBACCDBCBBADCCBCABCDABADCCCC,,,9,45604,,,,,,,,,,R_T1_GTR03_22110002,,,,,11,11,000000000000200000000000555400000007254222000000255411211520442221520000,,bb60a131,,,,,,,,52,0,7,bb60a131,7860,25228,,5441522444422255241155421441241244525512122251451522124555411251554211155421452411,BAACBDDAAAADDDBBDACCBBADCAACDACDAABDBBCDCDDDBCABCBDDCDABBBACCDBCBBADCCCBBADCABDACC,ABACBDADAAADDDBBADCCBBADACACADCDAABDBBCDCDDDBCABBCDDCDABBBACCDBCBBADCCBCABCDABADCC,,,7,25228,,,,,,,,,,,,,
117263,106,,,,,,,,,11,51,51,000000000000421000000000421000000007252100000000245540000000211151200000,,00045615,,,,,,,,54,9,0,11,11,45615,,54415224444222552411554214412412445255121222514515221245554112515542111554214524111151,BAACBDDAAAADDDBBDACCBBADCAACDACDAABDBBCDCDDDBCABCBDDCDABBBACCDBCBBADCCCBBADCABDACCCCBC,ABACBDADAAADDDBBADCCBBADACACADCDAABDBBCDCDDDBCABBCDDCDABBBACCDBCBBADCCBCABCDABADCCCCBC,,,9,45615,,,,,,,,,,R_T1_GTR03_22110002,,,,,11,11,000000000000200000000000555400000007254222000000255411211520442221520000,,bb60a131,,,,,,,,52,0,7,bb60a131,7860,25228,,5441522444422255241155421441241244525512122251451522124555411251554211155421452411,BAACBDDAAAADDDBBDACCBBADCAACDACDAABDBBCDCDDDBCABCBDDCDABBBACCDBCBBADCCCBBADCABDACC,ABACBDADAAADDDBBADCCBBADACACADCDAABDBBCDCDDDBCABBCDDCDABBBACCDBCBBADCCBCABCDABADCC,,,7,25228,,,,,,,,,,,,,
117313,107,,,,,,,,,11,51,51,000000000000421000000000421000000007252100000000245540000000211151200000,,00045615,,,,,,,,54,9,0,11,11,45615,,54415224444222552411554214412412445255121222514515221245554112515542111554214524111151,BAACBDDAAAADDDBBDACCBBADCAACDACDAABDBBCDCDDDBCABCBDDCDABBBACCDBCBBADCCCBBADCABDACCCCBC,ABACBDADAAADDDBBADCCBBADACACADCDAABDBBCDCDDDBCABBCDDCDABBBACCDBCBBADCCBCABCDABADCCCCBC,,,9,45615,,,,,,,,,,R_T1_GTR03_22110002,,,,,11,11,000000000000200000000000400000000007242220000000241121152000442221520000,,b110a167,,,,,,,,53,0,8,b110a167,18370,43598,,5441522444422255241155421441241244525512122251451522124555411251554211155421452411,BAACBDDAAAADDDBBDACCBBADCAACDACDAABDBBCDCDDDBCABCBDDCDABBBACCDBCBBADCCCBBADCABDACC,ABACBDADAAADDDBBADCCBBADACACADCDAABDBBCDCDDDBCABBCDDCDABBBACCDBCBBADCCBCABCDABADCC,,,8,43598,,,,,,,,,,,,,
117316,108,,,,,,,,,51,51,24,110000000000421000000000421000000007252100000000245540000000211151200000,,00045627,,,,,,,,55,10,0,12,12,45627,,5441522444422255241155421441241244525512122251451522124555411251554211155421452411115151,BAACBDDAAAADDDBBDACCBBADCAACDACDAABDBBCDCDDDBCABCBDDCDABBBACCDBCBBADCCCBBADCABDACCCCBCBC,ABACBDADAAADDDBBADCCBBADACACADCDAABDBBCDCDDDBCABBCDDCDABBBACCDBCBBADCCBCABCDABADCCCCBCBC,,,9,45627,,,,,,,,,,R_T1_GTR03_22110002,,,,,11,11,000000000000200000000000400000000007242220000000241121152000442221520000,,b110a167,,,,,,,,53,0,8,b110a167,18370,43598,,5441522444422255241155421441241244525512122251451522124555411251554211155421452411,BAACBDDAAAADDDBBDACCBBADCAACDACDAABDBBCDCDDDBCABCBDDCDABBBACCDBCBBADCCCBBADCABDACC,ABACBDADAAADDDBBADCCBBADACACADCDAABDBBCDCDDDBCABBCDDCDABBBACCDBCBBADCCBCABCDABADCC,,,8,43598,,,,,,,,,,,,,
117361,109,,,,,,,,,51,24,24,110000000000421000000000421000000007252100000000245545100000211151200000,,00045635,,,,,,,,56,11,0,8,8,45635,,544152244442225524115542144124124452551212225145152212455541125155421115542145241111515124,BAACBDDAAAADDDBBDACCBBADCAACDACDAABDBBCDCDDDBCABCBDDCDABBBACCDBCBBADCCCBBADCABDACCCCBCBCDA,ABACBDADAAADDDBBADCCBBADACACADCDAABDBBCDCDDDBCABBCDDCDABBBACCDBCBBADCCBCABCDABADCCCCBCBCAD,,,9,45635,,,,,,,,,,R_T1_GTR03_22110002,,,,,11,11,000000000000200000000000400000000007242220000000241121152000442221520000,,b110a167,,,,,,,,53,0,8,b110a167,18370,43598,,5441522444422255241155421441241244525512122251451522124555411251554211155421452411,BAACBDDAAAADDDBBDACCBBADCAACDACDAABDBBCDCDDDBCABCBDDCDABBBACCDBCBBADCCCBBADCABDACC,ABACBDADAAADDDBBADCCBBADACACADCDAABDBBCDCDDDBCABBCDDCDABBBACCDBCBBADCCBCABCDABADCC,,,8,43598,,,,,,,,,,,,,
117401,110,,,,,,,,,51,24,24,110000000000421000000000421000000007252100000000245545100000211151200000,,00045635,,,,,,,,56,11,0,8,8,45635,,544152244442225524115542144124124452551212225145152212455541125155421115542145241111515124,BAACBDDAAAADDDBBDACCBBADCAACDACDAABDBBCDCDDDBCABCBDDCDABBBACCDBCBBADCCCBBADCABDACCCCBCBCDA,ABACBDADAAADDDBBADCCBBADACACADCDAABDBBCDCDDDBCABBCDDCDABBBACCDBCBBADCCBCABCDABADCCCCBCBCAD,,,9,45635,,,,,,,,,,R_T1_GTR03_22110002,,,,,11,11,000000000000200000000000400000000007200000000000211115200000152000000000,,bb40a192,,,,,,,,54,0,9,bb40a192,7680,51278,,5441522444422255241155421441241244525512122251451522124555411251554211155421452411,BAACBDDAAAADDDBBDACCBBADCAACDACDAABDBBCDCDDDBCABCBDDCDABBBACCDBCBBADCCCBBADCABDACC,ABACBDADAAADDDBBADCCBBADACACADCDAABDBBCDCDDDBCABBCDDCDABBBACCDBCBBADCCBCABCDABADCC,,,9,51278,,,,,,,,,,,,,
117406,111,,,,,,,,,24,24,12,110000000000421150000000421000000007252100000000245545100000211151200000,,00045644,,,,,,,,57,12,0,9,9,45644,,54415224444222552411554214412412445255121222514515221245554112515542111554214524111151512424,BAACBDDAAAADDDBBDACCBBADCAACDACDAABDBBCDCDDDBCABCBDDCDABBBACCDBCBBADCCCBBADCABDACCCCBCBCDADA,ABACBDADAAADDDBBADCCBBADACACADCDAABDBBCDCDDDBCABBCDDCDABBBACCDBCBBADCCBCABCDABADCCCCBCBCADAD,,,9,45644,,,,,,,,,,R_T1_GTR03_22110002,,,,,11,11,000000000000200000000000400000000007200000000000211115200000152000000000,,bb40a192,,,,,,,,54,0,9,bb40a192,7680,51278,,5441522444422255241155421441241244525512122251451522124555411251554211155421452411,BAACBDDAAAADDDBBDACCBBADCAACDACDAABDBBCDCDDDBCABCBDDCDABBBACCDBCBBADCCCBBADCABDACC,ABACBDADAAADDDBBADCCBBADACACADCDAABDBBCDCDDDBCABBCDDCDABBBACCDBCBBADCCBCABCDABADCC,,,9,51278,,,,,,,,,,,,,
117450,112,,,,,,,,,24,12,15,110000000000421150000000421240000007252100000000245545100000211151200000,,00045654,,,,,,,,58,13,0,10,10,45654,,5441522444422255241155421441241244525512122251451522124555411251554211155421452411115151242412,BAACBDDAAAADDDBBDACCBBADCAACDACDAABDBBCDCDDDBCABCBDDCDABBBACCDBCBBADCCCBBADCABDACCCCBCBCDADACD,ABACBDADAAADDDBBADCCBBADACACADCDAABDBBCDCDDDBCABBCDDCDABBBACCDBCBBADCCBCABCDABADCCCCBCBCADADCD,,,9,45654,,,,,,,,,,R_T1_GTR03_22110002,,,,,11,11,000000000000200000000000400000000007200000000000211115200000152000000000,,bb40a192,,,,,,,,54,0,9,bb40a192,7680,51278,,5441522444422255241155421441241244525512122251451522124555411251554211155421452411,BAACBDDAAAADDDBBDACCBBADCAACDACDAABDBBCDCDDDBCABCBDDCDABBBACCDBCBBADCCCBBADCABDACC,ABACBDADAAADDDBBADCCBBADACACADCDAABDBBCDCDDDBCABBCDDCDABBBACCDBCBBADCCBCABCDABADCC,,,9,51278,,,,,,,,,,,,,
117488,113,,,,,,,,,12,15,51,110000000000421150000000421244200007252100000000245545100000211151200000,,00045661,,,,,,,,59,14,0,7,7,45661,,544152244442225524115542144124124452551212225145152212455541125155421115542145241111515124241215,BAACBDDAAAADDDBBDACCBBADCAACDACDAABDBBCDCDDDBCABCBDDCDABBBACCDBCBBADCCCBBADCABDACCCCBCBCDADACDCB,ABACBDADAAADDDBBADCCBBADACACADCDAABDBBCDCDDDBCABBCDDCDABBBACCDBCBBADCCBCABCDABADCCCCBCBCADADCDBC,,,9,45661,,,,,,,,,,R_T1_GTR03_22110002,,,,,11,11,000000000000200000000000400000000007200000000000211115200000152000000000,,bb40a192,,,,,,,,54,0,9,bb40a192,7680,51278,,5441522444422255241155421441241244525512122251451522124555411251554211155421452411,BAACBDDAAAADDDBBDACCBBADCAACDACDAABDBBCDCDDDBCABCBDDCDABBBACCDBCBBADCCCBBADCABDACC,ABACBDADAAADDDBBADCCBBADACACADCDAABDBBCDCDDDBCABBCDDCDABBBACCDBCBBADCCBCABCDABADCC,,,9,51278,,,,,,,,,,,,,
117496,114,,,,,,,,,12,15,51,110000000000421150000000421244200007252100000000245545100000211151200000,,00045661,,,,,,,,59,14,0,7,7,45661,,544152244442225524115542144124124452551212225145152212455541125155421115542145241111515124241215,BAACBDDAAAADDDBBDACCBBADCAACDACDAABDBBCDCDDDBCABCBDDCDABBBACCDBCBBADCCCBBADCABDACCCCBCBCDADACDCB,ABACBDADAAADDDBBADCCBBADACACADCDAABDBBCDCDDDBCABBCDDCDABBBACCDBCBBADCCBCABCDABADCCCCBCBCADADCDBC,,,9,45661,,,,,,,,,,R_T1_GTR03_22110002,,,,11,11,51,000000000000200000000000400000000007200000000000252000000000152000000000,,00051281,,,,,,,,55,1,0,3,3,51281,,544152244442225524115542144124124452551212225145152212455541125155421115542145241111,BAACBDDAAAADDDBBDACCBBADCAACDACDAABDBBCDCDDDBCABCBDDCDABBBACCDBCBBADCCCBBADCABDACCCC,ABACBDADAAADDDBBADCCBBADACACADCDAABDBBCDCDDDBCABBCDDCDABBBACCDBCBBADCCBCABCDABADCCCC,,,9,51281,,,,,,,,,,,,,
117544,115,,,,,,,,,12,15,51,110000000000421150000000421244200007252100000000245545100000211151200000,,00045661,,,,,,,,59,14,0,7,7,45661,,544152244442225524115542144124124452551212225145152212455541125155421115542145241111515124241215,BAACBDDAAAADDDBBDACCBBADCAACDACDAABDBBCDCDDDBCABCBDDCDABBBACCDBCBBADCCCBBADCABDACCCCBCBCDADACDCB,ABACBDADAAADDDBBADCCBBADACACADCDAABDBBCDCDDDBCABBCDDCDABBBACCDBCBBADCCBCABCDABADCCCCBCBCADADCDBC,,,9,45661,,,,,,,,,,R_T1_GTR03_22110002,,,,11,51,51,000000000000200000000000400000000007200000000000252000000000152110000000,,00051290,,,,,,,,56,2,0,9,9,51290,,54415224444222552411554214412412445255121222514515221245554112515542111554214524111151,BAACBDDAAAADDDBBDACCBBADCAACDACDAABDBBCDCDDDBCABCBDDCDABBBACCDBCBBADCCCBBADCABDACCCCBC,ABACBDADAAADDDBBADCCBBADACACADCDAABDBBCDCDDDBCABBCDDCDABBBACCDBCBBADCCBCABCDABADCCCCBC,,,9,51290,,,,,,,,,,,,,
117591,117,,,,,,,,,,15,51,116666600000421156666600421244221666252166666000245545166666211151266666,,00045666,,,,,lose,,,60,14,0,5,5,45666,,544152244442225524115542144124124452551212225145152212455541125155421115542145241111515124241215,BAACBDDAAAADDDBBDACCBBADCAACDACDAABDBBCDCDDDBCABCBDDCDABBBACCDBCBBADCCCBBADCABDACCCCBCBCDADACDCB,ABACBDADAAADDDBBADCCBBADACACADCDAABDBBCDCDDDBCABBCDDCDABBBACCDBCBBADCCBCABCDABADCCCCBCBCADADCDBC,,,9,45666,,,,,,,,,,R_T1_GTR03_22110002,,,,11,51,51,000000000000200000000000400000000007200000000000252000000000152110000000,,00051290,,,,,,,,56,2,0,9,9,51290,,54415224444222552411554214412412445255121222514515221245554112515542111554214524111151,BAACBDDAAAADDDBBDACCBBADCAACDACDAABDBBCDCDDDBCABCBDDCDABBBACCDBCBBADCCCBBADCABDACCCCBC,ABACBDADAAADDDBBADCCBBADACACADCDAABDBBCDCDDDBCABBCDDCDABBBACCDBCBBADCCBCABCDABADCCCCBC,,,9,51290,,,,,,,,,,,,,
117592,116,,,,,,,,,,15,51,116666600000421156666600421244221666252166666000245545166666211151266666,,00045666,,,,,lose,,,60,14,0,5,5,45666,,544152244442225524115542144124124452551212225145152212455541125155421115542145241111515124241215,BAACBDDAAAADDDBBDACCBBADCAACDACDAABDBBCDCDDDBCABCBDDCDABBBACCDBCBBADCCCBBADCABDACCCCBCBCDADACDCB,ABACBDADAAADDDBBADCCBBADACACADCDAABDBBCDCDDDBCABBCDDCDABBBACCDBCBBADCCBCABCDABADCCCCBCBCADADCDBC,,,9,45666,,,,,,,,,,R_T1_GTR03_22110002,,,,51,51,24,000000000000210000000000410000000007200000000000252000000000152110000000,,00051302,,,,,,,,57,3,0,12,12,51302,,5441522444422255241155421441241244525512122251451522124555411251554211155421452411115151,BAACBDDAAAADDDBBDACCBBADCAACDACDAABDBBCDCDDDBCABCBDDCDABBBACCDBCBBADCCCBBADCABDACCCCBCBC,ABACBDADAAADDDBBADCCBBADACACADCDAABDBBCDCDDDBCABBCDDCDABBBACCDBCBBADCCBCABCDABADCCCCBCBC,,,9,51302,,,,,,,,,,,,,
117605,117,,,,,,,,,,15,51,116666600000421156666600421244221666252166666000245545166666211151266666,,00045666,,,,,lose,,,60,14,0,5,5,45666,,544152244442225524115542144124124452551212225145152212455541125155421115542145241111515124241215,BAACBDDAAAADDDBBDACCBBADCAACDACDAABDBBCDCDDDBCABCBDDCDABBBACCDBCBBADCCCBBADCABDACCCCBCBCDADACDCB,ABACBDADAAADDDBBADCCBBADACACADCDAABDBBCDCDDDBCABBCDDCDABBBACCDBCBBADCCBCABCDABADCCCCBCBCADADCDBC,,,9,45666,,,,,,,,,,R_T1_GTR03_22110002,,,,,51,24,000000000000210000000000410000000007200000000050252000000000152110000000,,00051303,,,,,win,,,58,3,0,1,1,51303,,5441522444422255241155421441241244525512122251451522124555411251554211155421452411115151,BAACBDDAAAADDDBBDACCBBADCAACDACDAABDBBCDCDDDBCABCBDDCDABBBACCDBCBBADCCCBBADCABDACCCCBCBC,ABACBDADAAADDDBBADCCBBADACACADCDAABDBBCDCDDDBCABBCDDCDABBBACCDBCBBADCCBCABCDABADCCCCBCBC,,,9,51303,,,,,,,,,,,,,
