110558,0,,,,,,,,,,45,55,000000000000000000000000000000000007000000000000000000000000000000000000,000000,00000000,,,,,,,,0,0,0,0,0,0,,45,AB,AB,,,0,0,,,,,,,,,,,,,,,45,55,000000000000000000000000000000000007000000000000000000000000000000000000,000000,00000000,,,,,,,,0,0,0,0,0,0,,45,AB,AB,,,0,0,,,,,,,,,,,,,
110710,2,,,,,,,,,45,55,21,000000000000000000000000000000000007000000000000000000000000000000000000,,00000001,,,,,,,,1,1,0,1,1,1,,4555,BAAA,ABAA,,,0,1,,,,,,,,,,,,,,45,55,21,000000000000000000000000000000000007000000000000000000000000000000000000,,00000000,,,,,,,,1,1,0,0,0,0,,4555,BAAA,ABAA,,,0,0,,,,,,,,,,,,,
110760,4,,,,,,,,,55,21,12,000000000000000000000000450000000007000000000000000000000000000000000000,,00000013,,,,,,,,2,2,0,12,12,13,,455521,BAAACD,ABAACD,,,0,13,,,,,,,,,,,,,,55,21,12,000000000000000000000000450000000007000000000000000000000000000000000000,,00000013,,,,,,,,2,2,0,13,13,13,,455521,BAAACD,ABAACD,,,0,13,,,,,,,,,,,,,
110811,6,,,,,,,,,21,12,15,500000000000500000000000450000000007000000000000000000000000000000000000,,00000026,,,,,,,,3,3,0,13,13,26,,45552112,BAAACDDC,ABAACDCD,,,0,26,,,,,,,,,,,,,,21,12,15,500000000000500000000000450000000007000000000000000000000000000000000000,,00000026,,,,,,,,3,3,0,13,13,26,,45552112,BAAACDDC,ABAACDCD,,,0,26,,,,,,,,,,,,,
110862,7,,,,,,,,,12,15,54,500000000000500000000000450000000007120000000000000000000000000000000000,,00000038,,,,,,,,4,4,0,12,12,38,,4555211215,BAAADCCDCA,ABAACDCDAC,,,0,38,,,,,,,,,,,,,,21,12,15,500000000000500000000000450000000007000000000000000000000000000000000000,,00000026,,,,,,,,3,3,0,13,13,26,,45552112,BAAACDDC,ABAACDCD,,,0,26,,,,,,,,,,,,,
110867,8,,,,,,,,,12,15,54,500000000000500000000000450000000007120000000000000000000000000000000000,,00000038,,,,,,,,4,4,0,12,12,38,,4555211215,BAAADCCDCA,ABAACDCDAC,,,0,38,,,,,,,,,,,,,,12,15,54,500000000000500000000000450000000007000000000000210000000000000000000000,,00000039,,,,,,,,4,4,0,13,13,39,,4555211215,BAAADCCDCA,ABAACDCDAC,,,0,39,,,,,,,,,,,,,
110918,10,,,,,,,,,15,54,41,500000000000500000000000450000000007120000000000120000000000000000000000,,00000051,,,,,,,,5,5,0,13,13,51,,455521121554,BAAADCCDCAAB,ABAACDCDACAB,,,0,51,,,,,,,,,,,,,,15,54,41,500000000000500000000000450000000007210000000000210000000000000000000000,,00000051,,,,,,,,5,5,0,12,12,51,,455521121554,BAAADCCDCAAB,ABAACDCDACAB,,,0,51,,,,,,,,,,,,,
110964,11,,,,,,,,,15,54,41,500000000000500000000000450000000007120000000000120000000000000000000000,,00000051,,,,,,,,5,5,0,13,13,51,,455521121554,BAAADCCDCAAB,ABAACDCDACAB,,,0,51,,,,,,,,,,,,,,54,41,51,500000000000500000000000451500000007210000000000210000000000000000000000,,00000062,,,,,,,,6,6,0,11,11,62,,45552112155441,BAAADCCDCAABBC,ABAACDCDACABBC,,,0,62,,,,,,,,,,,,,
110967,12,,,,,,,,,54,41,51,500000000000500000000000450000000007125000000000121000000000000000000000,,00000062,,,,,,,,6,6,0,11,11,62,,45552112155441,BAAADCCDCAABBC,ABAACDCDACABBC,,,0,62,,,,,,,,,,,,,,54,41,51,500000000000500000000000451500000007210000000000210000000000000000000000,,00000062,,,,,,,,6,6,0,11,11,62,,45552112155441,BAAADCCDCAABBC,ABAACDCDACABBC,,,0,62,,,,,,,,,,,,,
111010,13,,,,,,,,,54,41,51,500000000000500000000000450000000007125000000000121000000000000000000000,,00000062,,,,,,,,6,6,0,11,11,62,,45552112155441,BAAADCCDCAABBC,ABAACDCDACABBC,,,0,62,,,,,,,,,,,,,,41,51,51,500000000000500000000000451500000007214500000000210000000000000000000000,,00000072,,,,,,,,7,7,0,10,10,72,,4555211215544151,BAAADCCDCAABBCAC,ABAACDCDACABBCAC,,,0,72,,,,,,,,,,,,,
111016,14,,,,,,,,,41,51,51,500000000000500000000000450000000007125400000000121500000000000000000000,,00000072,,,,,,,,7,7,0,10,10,72,,4555211215544151,BAAADCCDCAABBCAC,ABAACDCDACABBCAC,,,0,72,,,,,,,,,,,,,,41,51,51,500000000000500000000000451500000007214500000000210000000000000000000000,,00000072,,,,,,,,7,7,0,10,10,72,,4555211215544151,BAAADCCDCAABBCAC,ABAACDCDACABBCAC,,,0,72,,,,,,,,,,,,,
111066,16,,,,,,,,,51,51,24,514000000000500000000000450000000007125400000000121500000000000000000000,,00000083,,,,,,,,8,8,0,11,11,83,,455521121554415151,BAAADCCDCAABBCACAC,ABAACDCDACABBCACAC,,,0,83,,,,,,,,,,,,,,51,51,24,500000000000500000000000451500000007214500000000210000000000410000000000,,00000085,,,,,,,,8,8,0,13,13,85,,455521121554415151,BAAADCCDCAABBCACAC,ABAACDCDACABBCACAC,,,0,85,,,,,,,,,,,,,
111113,17,,,,,,,,,51,24,15,514000000000515000000000450000000007125400000000121500000000000000000000,,00000094,,,,,,,,9,9,0,11,11,94,,45552112155441515124,BAAADCCDCAABBCACACDB,ABAACDCDACABBCACACBD,,,0,94,,,,,L_T1_GTR___hekomi__,,,,,,,,,51,51,24,500000000000500000000000451500000007214500000000210000000000410000000000,,00000085,,,,,,,,8,8,0,13,13,85,,455521121554415151,BAAADCCDCAABBCACAC,ABAACDCDACABBCACAC,,,0,85,,,,,,,,,,,,,
111117,18,,,,,,,,,51,24,15,514000000000515000000000450000000007125400000000121500000000000000000000,,00000094,,,,,,,,9,9,0,11,11,94,,45552112155441515124,BAAADCCDCAABBCACACDB,ABAACDCDACABBCACACBD,,,0,94,,,,,L_T1_GTR___hekomi__,,,,,,,,,51,24,15,500000000000515000000000451500000007214500000000210000000000410000000000,,00000096,,,,,,,,9,9,0,11,11,96,,45552112155441515124,BAAADCCDCAABBCACACDB,ABAACDCDACABBCACACBD,,,0,96,,,,,,,,,,L_T1_GTR03_41100001,,,
111160,19,,,,,,,,,51,24,15,514000000000515000000000450000000007125400000000121500000000000000000000,,00000094,,,,,,,,9,9,0,11,11,94,,45552112155441515124,BAAADCCDCAABBCACACDB,ABAACDCDACABBCACACBD,,,0,94,,,,,L_T1_GTR___hekomi__,,,,,,,,,24,15,55,500000000000515000000000451500000007214515000000210000000000410000000000,,00000104,,,,,,,,10,10,0,8,8,104,,4555211215544151512415,BAAADCCDCAABBCACACDBCA,ABAACDCDACABBCACACBDAC,,,0,104,,,,,,,,,,L_T1_GTR03_41100001,,,
111170,20,,,,,,,,,24,15,55,514000000000515000000000450000000007125400000000121500000000510000000000,,00000108,,,,,,,,10,10,0,14,14,108,,4555211215544151512415,BAAADCCDCAABBCACACDBCA,ABAACDCDACABBCACACBDAC,,,0,108,,,,,L_T1_GTR___hekomi__,,,,,,,,,24,15,55,500000000000515000000000451500000007214515000000210000000000410000000000,,00000104,,,,,,,,10,10,0,8,8,104,,4555211215544151512415,BAAADCCDCAABBCACACDBCA,ABAACDCDACABBCACACBDAC,,,0,104,,,,,,,,,,L_T1_GTR03_41100001,,,
111212,21,,,,,,,,,24,15,55,514000000000515000000000450000000007125400000000121500000000510000000000,,00000108,,,,,,,,10,10,0,14,14,108,,4555211215544151512415,BAAADCCDCAABBCACACDBCA,ABAACDCDACABBCACACBDAC,,,0,108,,,,,L_T1_GTR___hekomi__,,,,,,,,,15,55,14,500000000000515000000000451500000007214515000000212400000000410000000000,,00000115,,,,,,,,11,11,0,11,11,115,,455521121554415151241555,BAAADCCDCAABBCACACDBCAAA,ABAACDCDACABBCACACBDACAA,,,0,115,,,,,,,,,,L_T1_GTR03_41100001,,,
111231,22,,,,,,,,,15,55,14,514000000000515400000000452000000007125400000000121500000000510000000000,,00000117,,,,,,,,11,11,0,9,9,117,,455521121554415151241555,BAAADCCDCAABBCACACDBCAAA,ABAACDCDACABBCACACBDACAA,,,0,117,,,,,L_T1_GTR___hekomi__,,,,,,,,,15,55,14,500000000000515000000000451500000007214515000000212400000000410000000000,,00000115,,,,,,,,11,11,0,11,11,115,,455521121554415151241555,BAAADCCDCAABBCACACDBCAAA,ABAACDCDACABBCACACBDACAA,,,0,115,,,,,,,,,,L_T1_GTR03_41100001,,,
111254,23,,,,,,,,,15,55,14,514000000000515400000000452000000007125400000000121500000000510000000000,,00000117,,,,,,,,11,11,0,9,9,117,,455521121554415151241555,BAAADCCDCAABBCACACDBCAAA,ABAACDCDACABBCACACBDACAA,,,0,117,,,,,L_T1_GTR___hekomi__,,,,,,,,,55,14,25,500000000000515000000000451515000007214515000000212400000000410000000000,,00000124,,,,,,,,12,12,0,9,9,124,,45552112155441515124155514,BAAADCCDCAABBCACACDBCAAACB,ABAACDCDACABBCACACBDACAABC,,,0,124,,,,,,,,,,L_T1_GTR03_41100001,,,
111284,24,,,,,,,,,55,14,25,514000000000515400000000452000000007125400000000121500000000511500000000,,00000128,,,,,,,,12,12,0,11,11,128,,45552112155441515124155514,BAAADCCDCAABBCACACDBCAAACB,ABAACDCDACABBCACACBDACAABC,,,0,128,,,,,L_T1_GTR___hekomi__,,,,,,,,,55,14,25,500000000000515000000000451515000007214515000000212400000000410000000000,,00000124,,,,,,,,12,12,0,9,9,124,,45552112155441515124155514,BAAADCCDCAABBCACACDBCAAACB,ABAACDCDACABBCACACBDACAABC,,,0,124,,,,,,,,,,L_T1_GTR03_41100001,,,
111318,25,,,,,,,,,55,14,25,514000000000515400000000452000000007125400000000121500000000511500000000,,00000128,,,,,,,,12,12,0,11,11,128,,45552112155441515124155514,BAAADCCDCAABBCACACDBCAAACB,ABAACDCDACABBCACACBDACAABC,,,0,128,,,,,L_T1_GTR___hekomi__,,,,,,,,,14,25,51,500000000000515000000000451515000007214515500000212450000000410000000000,,00000131,,,,,,,,13,13,0,7,7,131,,4555211215544151512415551425,BAAADCCDCAABBCACACDBCAAACBDA,ABAACDCDACABBCACACBDACAABCAD,,,0,131,,,,,,,,,,L_T1_GTR03_41100001,,,
111332,26,,,,,,,,,14,25,51,514550000000515400000000452000000007125400000000121500000000511500000000,,00000137,,,,,,,,13,13,0,9,9,137,,4555211215544151512415551425,BAAADCCDCAABBCACACDBCAAACBDA,ABAACDCDACABBCACACBDACAABCAD,,,0,137,,,,,L_T1_GTR___hekomi__,,,,,,,,,14,25,51,500000000000515000000000451515000007214515500000212450000000410000000000,,00000131,,,,,,,,13,13,0,7,7,131,,4555211215544151512415551425,BAAADCCDCAABBCACACDBCAAACBDA,ABAACDCDACABBCACACBDACAABCAD,,,0,131,,,,,,,,,,L_T1_GTR03_41100001,,,
111374,27,,,,,,,,,25,51,21,514554100000515400000000452000000007125400000000121500000000511500000000,,00000144,,,,,,,,14,14,0,7,7,144,,455521121554415151241555142551,BAAADCCDCAABBCACACDBCAAACBDAAC,ABAACDCDACABBCACACBDACAABCADAC,,,0,144,,,,,L_T1_GTR___hekomi__,,,,,,,,,14,25,51,500000000000515000000000451515000007214515500000212450000000410000000000,,00000131,,,,,,,,13,13,0,7,7,131,,4555211215544151512415551425,BAAADCCDCAABBCACACDBCAAACBDA,ABAACDCDACABBCACACBDACAABCAD,,,0,131,,,,,,,,,,L_T1_GTR03_41100001,,,
111390,28,,,,,,,,,25,51,21,514554100000515400000000452000000007125400000000121500000000511500000000,,00000144,,,,,,,,14,14,0,7,7,144,,455521121554415151241555142551,BAAADCCDCAABBCACACDBCAAACBDAAC,ABAACDCDACABBCACACBDACAABCADAC,,,0,144,,,,,L_T1_GTR___hekomi__,,,,,,,,,25,51,21,510000000000515400000000451515000007214515500000212450000000410000000000,,00000141,,,,,,,,14,14,0,10,10,141,,455521121554415151241555142551,BAAADCCDCAABBCACACDBCAAACBDAAC,ABAACDCDACABBCACACBDACAABCADAC,,,0,141,,,,,L_T1_GTR___hekomi__,,,,,,,,
111432,29,,,,,,,,,25,51,21,514554100000515400000000452000000007125400000000121500000000511500000000,,00000144,,,,,,,,14,14,0,7,7,144,,455521121554415151241555142551,BAAADCCDCAABBCACACDBCAAACBDAAC,ABAACDCDACABBCACACBDACAABCADAC,,,0,144,,,,,L_T1_GTR___hekomi__,,,,,,,,,51,21,54,510000000000515452000000451515000007214515500000212450000000410000000000,,00000149,,,,,,,,15,15,0,8,8,149,,45552112155441515124155514255121,BAAADCCDCAABBCACACDBCAAACBDAACDC,ABAACDCDACABBCACACBDACAABCADACCD,,,0,149,,,,,L_T1_GTR___hekomi__,,,,,,,,
111434,30,,,,,,,,,51,21,54,514554100000515450000000452200000007125400000000121500000000511500000000,,00000153,,,,,,,,15,15,0,9,9,153,,45552112155441515124155514255121,BAAADCCDCAABBCACACDBCAAACBDAACDC,ABAACDCDACABBCACACBDACAABCADACCD,,,0,153,,,,,L_T1_GTR___hekomi__,,,,,,,,,51,21,54,510000000000515452000000451515000007214515500000212450000000410000000000,,00000149,,,,,,,,15,15,0,8,8,149,,45552112155441515124155514255121,BAAADCCDCAABBCACACDBCAAACBDAACDC,ABAACDCDACABBCACACBDACAABCADACCD,,,0,149,,,,,L_T1_GTR___hekomi__,,,,,,,,
111474,31,,,,,,,,,21,54,11,514554100000515451500000452200000007125400000000121500000000511500000000,,00000160,,,,,,,,16,16,0,7,7,160,,4555211215544151512415551425512154,BAAADCCDCAABBCACACDBCAAACBDAACDCAB,ABAACDCDACABBCACACBDACAABCADACCDAB,,,0,160,,,,,L_T1_GTR___hekomi__,,,,,,,,,51,21,54,510000000000515452000000451515000007214515500000212450000000410000000000,,00000149,,,,,,,,15,15,0,8,8,149,,45552112155441515124155514255121,BAAADCCDCAABBCACACDBCAAACBDAACDC,ABAACDCDACABBCACACBDACAABCADACCD,,,0,149,,,,,L_T1_GTR___hekomi__,,,,,,,,
111479,32,,,,,,,,,21,54,11,514554100000515451500000452200000007125400000000121500000000511500000000,,00000160,,,,,,,,16,16,0,7,7,160,,4555211215544151512415551425512154,BAAADCCDCAABBCACACDBCAAACBDAACDCAB,ABAACDCDACABBCACACBDACAABCADACCDAB,,,0,160,,,,,L_T1_GTR___hekomi__,,,,,,,,,21,54,11,511500000000515452000000451515000007214515500000212450000000410000000000,,00000159,,,,,,,,16,16,0,10,10,159,,4555211215544151512415551425512154,BAAADCCDCAABBCACACDBCAAACBDAACDCAB,ABAACDCDACABBCACACBDACAABCADACCDAB,,,0,159,,,,,L_T1_GTR___standard,,,,,L_T1_GTR03_33000001,,,
111520,33,,,,,,,,,54,11,14,514554100000515451500000452210000007125420000000121500000000511500000000,,00000169,,,,,,,,17,17,0,9,9,169,,455521121554415151241555142551215411,BAAADCCDCAABBCACACDBCAAACBDAACDCABCC,ABAACDCDACABBCACACBDACAABCADACCDABCC,,,0,169,,,,,L_T1_GTR___hekomi__,,,,,,,,,21,54,11,511500000000515452000000451515000007214515500000212450000000410000000000,,00000159,,,,,,,,16,16,0,10,10,159,,4555211215544151512415551425512154,BAAADCCDCAABBCACACDBCAAACBDAACDCAB,ABAACDCDACABBCACACBDACAABCADACCDAB,,,0,159,,,,,L_T1_GTR___standard,,,,,L_T1_GTR03_33000001,,,
111553,34,,,,,,,,,54,11,14,514554100000515451500000452210000007125420000000121500000000511500000000,,00000169,,,,,,,,17,17,0,9,9,169,,455521121554415151241555142551215411,BAAADCCDCAABBCACACDBCAAACBDAACDCABCC,ABAACDCDACABBCACACBDACAABCADACCDABCC,,,0,169,,,,,L_T1_GTR___hekomi__,,,,,,,,,54,11,14,511500000000515452000000451515000007214515500000212451000000412000000000,,00000167,,,,,,,,17,17,0,8,8,167,,455521121554415151241555142551215411,BAAADCCDCAABBCACACDBCAAACBDAACDCABCC,ABAACDCDACABBCACACBDACAABCADACCDABCC,,,0,167,,,,,L_T1_GTR___standard,,,,,L_T1_GTR03_33000001,,,
111568,35,,,,,,,,,11,14,45,514554100000515451500000452210000007125420000000121540000000511550000000,,00000178,,,,,,,,18,18,0,9,9,178,,45552112155441515124155514255121541114,BAAADCCDCAABBCACACDBCAAACBDAACDCABCCCB,ABAACDCDACABBCACACBDACAABCADACCDABCCBC,,,0,178,,,,,L_T1_GTR___hekomi__,,,,,,,,,54,11,14,511500000000515452000000451515000007214515500000212451000000412000000000,,00000167,,,,,,,,17,17,0,8,8,167,,455521121554415151241555142551215411,BAAADCCDCAABBCACACDBCAAACBDAACDCABCC,ABAACDCDACABBCACACBDACAABCADACCDABCC,,,0,167,,,,,L_T1_GTR___standard,,,,,L_T1_GTR03_33000001,,,
111602,36,,,,,,,,,11,14,45,514554100000515451500000452210000007125420000000121540000000511550000000,,00000178,,,,,,,,18,18,0,9,9,178,,45552112155441515124155514255121541114,BAAADCCDCAABBCACACDBCAAACBDAACDCABCCCB,ABAACDCDACABBCACACBDACAABCADACCDABCCBC,,,0,178,,,,,L_T1_GTR___hekomi__,,,,,,,,,11,14,45,511500000000515452000000451515000007214515500000212451000000412450000000,,00000176,,,,,,,,18,18,0,9,9,176,,45552112155441515124155514255121541114,BAAADCCDCAABBCACACDBCAAACBDAACDCABCCCB,ABAACDCDACABBCACACBDACAABCADACCDABCCBC,,,0,176,,,,,L_T1_GTR___standard,,,,,L_T1_GTR03_33000001,,,
111608,37,,,,,,,,,14,45,52,514554111000515451500000452210000007125420000000121540000000511550000000,,00000184,,,,,,,,19,19,0,6,6,184,,4555211215544151512415551425512154111445,BAAADCCDCAABBCACACDBCAAACBDAACDCABCCCBBA,ABAACDCDACABBCACACBDACAABCADACCDABCCBCAB,,,0,184,,,,,L_T1_GTR___hekomi__,,,,,,,,,11,14,45,511500000000515452000000451515000007214515500000212451000000412450000000,,00000176,,,,,,,,18,18,0,9,9,176,,45552112155441515124155514255121541114,BAAADCCDCAABBCACACDBCAAACBDAACDCABCCCB,ABAACDCDACABBCACACBDACAABCADACCDABCCBC,,,0,176,,,,,L_T1_GTR___standard,,,,,L_T1_GTR03_33000001,,,
111646,38,,,,,,,,,14,45,52,514554111000515451500000452210000007125420000000121540000000511550000000,,00000184,,,,,,,,19,19,0,6,6,184,,4555211215544151512415551425512154111445,BAAADCCDCAABBCACACDBCAAACBDAACDCABCCCBBA,ABAACDCDACABBCACACBDACAABCADACCDABCCBCAB,,,0,184,,,,,L_T1_GTR___hekomi__,,,,,,,,,14,45,52,511500000000515452000000451515000007214515500000212451000000412451100000,,00000183,,,,,,,,19,19,0,7,7,183,,4555211215544151512415551425512154111445,BAAADCCDCAABBCACACDBCAAACBDAACDCABCCCBBA,ABAACDCDACABBCACACBDACAABCADACCDABCCBCAB,,,0,183,,,,,L_T1_GTR___standard,,,,,L_T1_GTR03_33000001,,,
111648,39,,,,,,,,,45,52,55,514554111000515451500000452211000007125424000000121540000000511550000000,,00000191,,,,,,,,20,20,0,7,7,191,,455521121554415151241555142551215411144552,BAAADCCDCAABBCACACDBCAAACBDAACDCABCCCBBAAD,ABAACDCDACABBCACACBDACAABCADACCDABCCBCABAD,,,0,191,,,,,L_T1_GTR___hekomi__,,,,,,,,,14,45,52,511500000000515452000000451515000007214515500000212451000000412451100000,,00000183,,,,,,,,19,19,0,7,7,183,,4555211215544151512415551425512154111445,BAAADCCDCAABBCACACDBCAAACBDAACDCABCCCBBA,ABAACDCDACABBCACACBDACAABCADACCDABCCBCAB,,,0,183,,,,,L_T1_GTR___standard,,,,,L_T1_GTR03_33000001,,,
111694,40,,,,,,,,,52,55,14,514554111000515451500000452211000007125424000000121544500000511550000000,,00000199,,,,,,,,21,21,0,8,8,199,,45552112155441515124155514255121541114455255,BAAADCCDCAABBCACACDBCAAACBDAACDCABCCCBBAADAA,ABAACDCDACABBCACACBDACAABCADACCDABCCBCABADAA,,,0,199,,,,,L_T1_GTR___hekomi__,,,,,,,,,14,45,52,511500000000515452000000451515000007214515500000212451000000412451100000,,00000183,,,,,,,,19,19,0,7,7,183,,4555211215544151512415551425512154111445,BAAADCCDCAABBCACACDBCAAACBDAACDCABCCCBBA,ABAACDCDACABBCACACBDACAABCADACCDABCCBCAB,,,0,183,,,,,L_T1_GTR___standard,,,,,L_T1_GTR03_33000001,,,
111702,41,,,,,,,,,52,55,14,514554111000515451500000452211000007125424000000121544500000511550000000,,00000199,,,,,,,,21,21,0,8,8,199,,45552112155441515124155514255121541114455255,BAAADCCDCAABBCACACDBCAAACBDAACDCABCCCBBAADAA,ABAACDCDACABBCACACBDACAABCADACCDABCCBCABADAA,,,0,199,,,,,L_T1_GTR___hekomi__,,,,,,,,,45,52,55,511500000000515452000000451515000007214515510000212451400000412451100000,,00000189,,,,,,,,20,20,0,6,6,189,,455521121554415151241555142551215411144552,BAAADCCDCAABBCACACDBCAAACBDAACDCABCCCBBAAD,ABAACDCDACABBCACACBDACAABCADACCDABCCBCABAD,,,0,189,,,,,L_T1_GTR___standard,,,,,L_T1_GTR03_33000001,,,
111738,42,,,,,,,,,55,14,42,514554111000515451500000452211000007125424000000121544500000511552500000,,00000206,,,,,,,,22,22,0,7,7,206,,4555211215544151512415551425512154111445525514,BAAADCCDCAABBCACACDBCAAACBDAACDCABCCCBBAADAACB,ABAACDCDACABBCACACBDACAABCADACCDABCCBCABADAABC,,,0,206,,,,,L_T1_GTR___hekomi__,,,,,,,,,45,52,55,511500000000515452000000451515000007214515510000212451400000412451100000,,00000189,,,,,,,,20,20,0,6,6,189,,455521121554415151241555142551215411144552,BAAADCCDCAABBCACACDBCAAACBDAACDCABCCCBBAAD,ABAACDCDACABBCACACBDACAABCADACCDABCCBCABAD,,,0,189,,,,,L_T1_GTR___standard,,,,,L_T1_GTR03_33000001,,,
111742,43,,,,,,,,,55,14,42,514554111000515451500000452211000007125424000000121544500000511552500000,,00000206,,,,,,,,22,22,0,7,7,206,,4555211215544151512415551425512154111445525514,BAAADCCDCAABBCACACDBCAAACBDAACDCABCCCBBAADAACB,ABAACDCDACABBCACACBDACAABCADACCDABCCBCABADAABC,,,0,206,,,,,L_T1_GTR___hekomi__,,,,,,,,,52,55,14,511500000000515452000000451515000007214515510000212451440000412451150000,,00000195,,,,,,,,21,21,0,6,6,195,,45552112155441515124155514255121541114455255,BAAADCCDCAABBCACACDBCAAACBDAACDCABCCCBBAADAA,ABAACDCDACABBCACACBDACAABCADACCDABCCBCABADAA,,,0,195,,,,,L_T1_GTR___standard,,,,,L_T1_GTR03_33000001,,,
111774,44,,,,,,,,,14,42,25,514554111000515451555000452211000007125424000000121544500000511552500000,,00000211,,,,,,,,23,23,0,5,5,211,,455521121554415151241555142551215411144552551442,BAAADCCDCAABBCACACDBCAAACBDAACDCABCCCBBAADAACBBD,ABAACDCDACABBCACACBDACAABCADACCDABCCBCABADAABCBD,,,0,211,,,,,L_T1_GTR___hekomi__,,,,,,,,,52,55,14,511500000000515452000000451515000007214515510000212451440000412451150000,,00000195,,,,,,,,21,21,0,6,6,195,,45552112155441515124155514255121541114455255,BAAADCCDCAABBCACACDBCAAACBDAACDCABCCCBBAADAA,ABAACDCDACABBCACACBDACAABCADACCDABCCBCABADAA,,,0,195,,,,,L_T1_GTR___standard,,,,,L_T1_GTR03_33000001,,,
111788,45,,,,,,,,,14,42,25,514554111000515451555000452211000007125424000000121544500000511552500000,,00000211,,,,,,,,23,23,0,5,5,211,,455521121554415151241555142551215411144552551442,BAAADCCDCAABBCACACDBCAAACBDAACDCABCCCBBAADAACBBD,ABAACDCDACABBCACACBDACAABCADACCDABCCBCABADAABCBD,,,0,211,,,,,L_T1_GTR___hekomi__,,,,,,,,,55,14,42,511552000000515452000000451515000007214515510000212451440000412451150000,,00000204,,,,,,,,22,22,0,9,9,204,,4555211215544151512415551425512154111445525514,BAAADCCDCAABBCACACDBCAAACBDAACDCABCCCBBAADAACB,ABAACDCDACABBCACACBDACAABCADACCDABCCBCABADAABC,,,0,204,,,,,L_T1_GTR___standard,,,,,L_T1_GTR03_33000001,,,
111814,46,,,,,,,,,42,25,22,514554111000515451555000452211000007125424140000121544500000511552500000,,00000218,,,,,,,,24,24,0,7,7,218,,45552112155441515124155514255121541114455255144225,BAAADCCDCAABBCACACDBCAAACBDAACDCABCCCBBAADAACBBDDA,ABAACDCDACABBCACACBDACAABCADACCDABCCBCABADAABCBDAD,,,0,218,,,,,L_T1_GTR___hekomi__,,,,,,,,,55,14,42,511552000000515452000000451515000007214515510000212451440000412451150000,,00000204,,,,,,,,22,22,0,9,9,204,,4555211215544151512415551425512154111445525514,BAAADCCDCAABBCACACDBCAAACBDAACDCABCCCBBAADAACB,ABAACDCDACABBCACACBDACAABCADACCDABCCBCABADAABC,,,0,204,,,,,L_T1_GTR___standard,,,,,L_T1_GTR03_33000001,,,
111826,47,,,,,,,,,42,25,22,514554111000515451555000452211000007125424140000121544500000511552500000,,00000218,,,,,,,,24,24,0,7,7,218,,45552112155441515124155514255121541114455255144225,BAAADCCDCAABBCACACDBCAAACBDAACDCABCCCBBAADAACBBDDA,ABAACDCDACABBCACACBDACAABCADACCDABCCBCABADAABCBDAD,,,0,218,,,,,L_T1_GTR___hekomi__,,,,,,,,,14,42,25,511552000000515452000000451515000007214515510000212451440000412451155500,,00000208,,,,,,,,23,23,0,4,4,208,,455521121554415151241555142551215411144552551442,BAAADCCDCAABBCACACDBCAAACBDAACDCABCCCBBAADAACBBD,ABAACDCDACABBCACACBDACAABCADACCDABCCBCABADAABCBD,,,0,208,,,,,L_T1_GTR___standard,,,,,L_T1_GTR03_33000001,,,
111855,48,,,,,,,,,25,22,54,514554111000515451555000452211000007125424140000121544542000511552500000,,00000224,,,,,,,,25,25,0,6,6,224,,4555211215544151512415551425512154111445525514422522,BAAADCCDCAABBCACACDBCAAACBDAACDCABCCCBBAADAACBBDDADD,ABAACDCDACABBCACACBDACAABCADACCDABCCBCABADAABCBDADDD,,,0,224,,,,,L_T1_GTR___hekomi__,,,,,,,,,14,42,25,511552000000515452000000451515000007214515510000212451440000412451155500,,00000208,,,,,,,,23,23,0,4,4,208,,455521121554415151241555142551215411144552551442,BAAADCCDCAABBCACACDBCAAACBDAACDCABCCCBBAADAACBBD,ABAACDCDACABBCACACBDACAABCADACCDABCCBCABADAABCBD,,,0,208,,,,,L_T1_GTR___standard,,,,,L_T1_GTR03_33000001,,,
111862,49,,,,,,,,,25,22,54,514554111000515451555000452211000007125424140000121544542000511552500000,,00000224,,,,,,,,25,25,0,6,6,224,,4555211215544151512415551425512154111445525514422522,BAAADCCDCAABBCACACDBCAAACBDAACDCABCCCBBAADAACBBDDADD,ABAACDCDACABBCACACBDACAABCADACCDABCCBCABADAABCBDADDD,,,0,224,,,,,L_T1_GTR___hekomi__,,,,,,,,,42,25,22,511552000000515452000000451515000007214515511000212451444000412451155500,,00000213,,,,,,,,24,24,0,5,5,213,,45552112155441515124155514255121541114455255144225,BAAADCCDCAABBCACACDBCAAACBDAACDCABCCCBBAADAACBBDDA,ABAACDCDACABBCACACBDACAABCADACCDABCCBCABADAABCBDAD,,,0,213,,,,,L_T1_GTR___standard,,,,,L_T1_GTR03_33000001,,,
111896,50,,,,,,,,,22,54,12,514554111000515451555000452211000007125424140000121544542000511552552000,,00000230,,,,,,,,26,26,0,6,6,230,,455521121554415151241555142551215411144552551442252254,BAAADCCDCAABBCACACDBCAAACBDAACDCABCCCBBAADAACBBDDADDAB,ABAACDCDACABBCACACBDACAABCADACCDABCCBCABADAABCBDADDDAB,,,0,230,,,,,L_T1_GTR___hekomi__,,,,,,,,,42,25,22,511552000000515452000000451515000007214515511000212451444000412451155500,,00000213,,,,,,,,24,24,0,5,5,213,,45552112155441515124155514255121541114455255144225,BAAADCCDCAABBCACACDBCAAACBDAACDCABCCCBBAADAACBBDDA,ABAACDCDACABBCACACBDACAABCADACCDABCCBCABADAABCBDAD,,,0,213,,,,,L_T1_GTR___standard,,,,,L_T1_GTR03_33000001,,,
111919,51,,,,,,,,,,54,12,514554111000515451555000452211000007125424142200121544542000511552552000,,bb40abb1,,,,,,,,27,0,1,bb40abb1,40,270,,455521121554415151241555142551215411144552551442252254,BAAADCCDCAABBCACACDBCAAACBDAACDCABCCCBBAADAACBBDDADDAB,ABAACDCDACABBCACACBDACAABCADACCDABCCBCABADAABCBDADDDAB,,,1,270,,,,,L_T1_GTR___hekomi__,,,,,,,,,42,25,22,511552000000515452000000451515000007214515511000212451444000412451155500,,00000213,,,,,,,,24,24,0,5,5,213,,45552112155441515124155514255121541114455255144225,BAAADCCDCAABBCACACDBCAAACBDAACDCABCCCBBAADAACBBDDA,ABAACDCDACABBCACACBDACAABCADACCDABCCBCABADAABCBDAD,,,0,213,,,,,L_T1_GTR___standard,,,,,L_T1_GTR03_33000001,,,
111924,52,,,,,,,,,,54,12,514554111000515451555000452211000007125424142200121544542000511552552000,,bb40abb1,,,,,,,,27,0,1,bb40abb1,40,270,,455521121554415151241555142551215411144552551442252254,BAAADCCDCAABBCACACDBCAAACBDAACDCABCCCBBAADAACBBDDADDAB,ABAACDCDACABBCACACBDACAABCADACCDABCCBCABADAABCBDADDDAB,,,1,270,,,,,L_T1_GTR___hekomi__,,,,,,,,,25,22,54,511552000000515452000000451515200007214515511400212451444000412451155500,,00000217,,,,,,,,25,25,0,4,4,217,,4555211215544151512415551425512154111445525514422522,BAAADCCDCAABBCACACDBCAAACBDAACDCABCCCBBAADAACBBDDADD,ABAACDCDACABBCACACBDACAABCADACCDABCCBCABADAABCBDADDD,,,0,217,,,,,L_T1_GTR___standard,,,,,L_T1_GTR03_33000001,,,
111969,53,,,,,,,,,,54,12,514554111000515451555000452211000007125424142200121544542000511552552000,,bb40abb1,,,,,,,,27,0,1,bb40abb1,40,270,,455521121554415151241555142551215411144552551442252254,BAAADCCDCAABBCACACDBCAAACBDAACDCABCCCBBAADAACBBDDADDAB,ABAACDCDACABBCACACBDACAABCADACCDABCCBCABADAABCBDADDDAB,,,1,270,,,,,L_T1_GTR___hekomi__,,,,,,,,,22,54,12,511552250000515452000000451515200007214515511400212451444000412451155500,,00000224,,,,,,,,26,26,0,7,7,224,,455521121554415151241555142551215411144552551442252254,BAAADCCDCAABBCACACDBCAAACBDAACDCABCCCBBAADAACBBDDADDAB,ABAACDCDACABBCACACBDACAABCADACCDABCCBCABADAABCBDADDDAB,,,0,224,,,,,L_T1_GTR___standard,,,,,L_T1_GTR03_33000001,,,
111987,54,,,,,,,,,54,12,52,514554111000515451555000452211000007125424140000121544540000511552550000,,00000273,,,,,,,,28,1,0,3,3,273,,45552112155441515124155514255121541114455255144225225412,BAAADCCDCAABBCACACDBCAAACBDAACDCABCCCBBAADAACBBDDADDABCD,ABAACDCDACABBCACACBDACAABCADACCDABCCBCABADAABCBDADDDABCD,,,1,273,,,,,L_T1_GTR___hekomi__,,,,,,,,,22,54,12,511552250000515452000000451515200007214515511400212451444000412451155500,,00000224,,,,,,,,26,26,0,7,7,224,,455521121554415151241555142551215411144552551442252254,BAAADCCDCAABBCACACDBCAAACBDAACDCABCCCBBAADAACBBDDADDAB,ABAACDCDACABBCACACBDACAABCADACCDABCCBCABADAABCBDADDDAB,,,0,224,,,,,L_T1_GTR___standard,,,,,L_T1_GTR03_33000001,,,
112032,55,,,,,,,,,12,52,41,514554111000515451555000452211000007125424144000121544545000511552550000,,00000278,,,,,,,,29,2,0,5,5,278,,4555211215544151512415551425512154111445525514422522541252,BAAADCCDCAABBCACACDBCAAACBDAACDCABCCCBBAADAACBBDDADDABCDAD,ABAACDCDACABBCACACBDACAABCADACCDABCCBCABADAABCBDADDDABCDAD,,,1,278,,,,,L_T1_GTR___hekomi__,,,,,,,,,22,54,12,511552250000515452000000451515200007214515511400212451444000412451155500,,00000224,,,,,,,,26,26,0,7,7,224,,455521121554415151241555142551215411144552551442252254,BAAADCCDCAABBCACACDBCAAACBDAACDCABCCCBBAADAACBBDDADDAB,ABAACDCDACABBCACACBDACAABCADACCDABCCBCABADAABCBDADDDAB,,,0,224,,,,,L_T1_GTR___standard,,,,,L_T1_GTR03_33000001,,,
112052,56,,,,,,,,,12,52,41,514554111000515451555000452211000007125424144000121544545000511552550000,,00000278,,,,,,,,29,2,0,5,5,278,,4555211215544151512415551425512154111445525514422522541252,BAAADCCDCAABBCACACDBCAAACBDAACDCABCCCBBAADAACBBDDADDABCDAD,ABAACDCDACABBCACACBDACAABCADACCDABCCBCABADAABCBDADDDABCDAD,,,1,278,,,,,L_T1_GTR___hekomi__,,,,,,,,,54,12,52,511552250000515452600000451515200007214515511460212451444000412451155522,,00000227,,,,,,,,27,27,0,3,3,227,,45552112155441515124155514255121541114455255144225225412,BAAADCCDCAABBCACACDBCAAACBDAACDCABCCCBBAADAACBBDDADDABCD,ABAACDCDACABBCACACBDACAABCADACCDABCCBCABADAABCBDADDDABCD,,,0,227,,,,,L_T1_GTR___standard,,,,,L_T1_GTR03_33000001,,,
112076,57,,,,,,,,,52,41,25,514554111000515451555000452211000007125424144100121544545200511552550000,,00000282,,,,,,,,30,3,0,4,4,282,,455521121554415151241555142551215411144552551442252254125241,BAAADCCDCAABBCACACDBCAAACBDAACDCABCCCBBAADAACBBDDADDABCDADBC,ABAACDCDACABBCACACBDACAABCADACCDABCCBCABADAABCBDADDDABCDADBC,,,1,282,,,,,L_T1_GTR___hekomi__,,,,,,,,,54,12,52,511552250000515452600000451515200007214515511460212451444000412451155522,,00000227,,,,,,,,27,27,0,3,3,227,,45552112155441515124155514255121541114455255144225225412,BAAADCCDCAABBCACACDBCAAACBDAACDCABCCCBBAADAACBBDDADDABCD,ABAACDCDACABBCACACBDACAABCADACCDABCCBCABADAABCBDADDDABCD,,,0,227,,,,,L_T1_GTR___standard,,,,,L_T1_GTR03_33000001,,,
112082,58,,,,,,,,,52,41,25,514554111000515451555000452211000007125424144100121544545200511552550000,,00000282,,,,,,,,30,3,0,4,4,282,,455521121554415151241555142551215411144552551442252254125241,BAAADCCDCAABBCACACDBCAAACBDAACDCABCCCBBAADAACBBDDADDABCDADBC,ABAACDCDACABBCACACBDACAABCADACCDABCCBCABADAABCBDADDDABCDADBC,,,1,282,,,,,L_T1_GTR___hekomi__,,,,,,,,,,12,52,511552250000515452600000451515200007214515511460212451444540412451155522,,bb40abb1,,,,,,,,28,0,1,bb40abb1,40,267,,45552112155441515124155514255121541114455255144225225412,BAAADCCDCAABBCACACDBCAAACBDAACDCABCCCBBAADAACBBDDADDABCD,ABAACDCDACABBCACACBDACAABCADACCDABCCBCABADAABCBDADDDABCD,,,1,267,,,,,L_T1_GTR___standard,,,,,L_T1_GTR03_33000001,,,
112114,59,,,,,,,,,41,25,24,514554111000515451555000452211000007125424144100121544545200511552552500,,00000286,,,,,,,,31,4,0,4,4,286,,45552112155441515124155514255121541114455255144225225412524125,BAAADCCDCAABBCACACDBCAAACBDAACDCABCCCBBAADAACBBDDADDABCDADBCDA,ABAACDCDACABBCACACBDACAABCADACCDABCCBCABADAABCBDADDDABCDADBCAD,,,1,286,,,,,L_T1_GTR___hekomi__,,,,,,,,,,12,52,511552250000515452600000451515200007214515511460212451444540412451155522,,bb40abb1,,,,,,,,28,0,1,bb40abb1,40,267,,45552112155441515124155514255121541114455255144225225412,BAAADCCDCAABBCACACDBCAAACBDAACDCABCCCBBAADAACBBDDADDABCD,ABAACDCDACABBCACACBDACAABCADACCDABCCBCABADAABCBDADDDABCD,,,1,267,,,,,L_T1_GTR___standard,,,,,L_T1_GTR03_33000001,,,
112167,60,,,,,,,,,41,25,24,514554111000515451555000452211000007125424144100121544545200511552552500,,00000286,,,,,,,,31,4,0,4,4,286,,45552112155441515124155514255121541114455255144225225412524125,BAAADCCDCAABBCACACDBCAAACBDAACDCABCCCBBAADAACBBDDADDABCDADBCDA,ABAACDCDACABBCACACBDACAABCADACCDABCCBCABADAABCBDADDDABCDADBCAD,,,1,286,,,,,L_T1_GTR___hekomi__,,,,,,,,,,12,52,511552250000515452600000451515200007214515511460212451444400412451122600,,bb50ab10,,,,,,,,29,0,2,bb50ab10,500,767,,45552112155441515124155514255121541114455255144225225412,BAAADCCDCAABBCACACDBCAAACBDAACDCABCCCBBAADAACBBDDADDABCD,ABAACDCDACABBCACACBDACAABCADACCDABCCBCABADAABCBDADDDABCD,,,2,767,,,,,L_T1_GTR___standard,,,,,L_T1_GTR03_33000001,,,
112191,61,,,,,,,,,25,24,44,514554111000515451555000452211000007125424144110121544545240511552552500,,00000289,,,,,,,,32,5,0,3,3,289,,4555211215544151512415551425512154111445525514422522541252412524,BAAADCCDCAABBCACACDBCAAACBDAACDCABCCCBBAADAACBBDDADDABCDADBCDADB,ABAACDCDACABBCACACBDACAABCADACCDABCCBCABADAABCBDADDDABCDADBCADBD,,,1,289,,,,,L_T1_GTR___hekomi__,,,,,,,,,,12,52,511552250000515452600000451515200007214515511460212451444400412451122600,,bb50ab10,,,,,,,,29,0,2,bb50ab10,500,767,,45552112155441515124155514255121541114455255144225225412,BAAADCCDCAABBCACACDBCAAACBDAACDCABCCCBBAADAACBBDDADDABCD,ABAACDCDACABBCACACBDACAABCADACCDABCCBCABADAABCBDADDDABCD,,,2,767,,,,,L_T1_GTR___standard,,,,,L_T1_GTR03_33000001,,,
112226,62,,,,,,,,,24,44,14,514554111000515451555000452211000007125424144110121544545240511552552552,,00000292,,,,,,,,33,6,0,3,3,292,,455521121554415151241555142551215411144552551442252254125241252444,BAAADCCDCAABBCACACDBCAAACBDAACDCABCCCBBAADAACBBDDADDABCDADBCDADBBB,ABAACDCDACABBCACACBDACAABCADACCDABCCBCABADAABCBDADDDABCDADBCADBDBB,,,1,292,,,,,L_T1_GTR___hekomi__,,,,,,,,,,12,52,511552250000515452600000451515200007214515511460212451444400412451122600,,bb50ab10,,,,,,,,29,0,2,bb50ab10,500,767,,45552112155441515124155514255121541114455255144225225412,BAAADCCDCAABBCACACDBCAAACBDAACDCABCCCBBAADAACBBDDADDABCD,ABAACDCDACABBCACACBDACAABCADACCDABCCBCABADAABCBDADDDABCD,,,2,767,,,,,L_T1_GTR___standard,,,,,L_T1_GTR03_33000001,,,
112232,63,,,,,,,,,24,44,14,514554111000515451555000452211000007125424144110121544545240511552552552,,00000292,,,,,,,,33,6,0,3,3,292,,455521121554415151241555142551215411144552551442252254125241252444,BAAADCCDCAABBCACACDBCAAACBDAACDCABCCCBBAADAACBBDDADDABCDADBCDADBBB,ABAACDCDACABBCACACBDACAABCADACCDABCCBCABADAABCBDADDDABCDADBCADBDBB,,,1,292,,,,,L_T1_GTR___hekomi__,,,,,,,,,12,52,41,511552250000515452600000451515200007214515510000212451000000412451122000,,00000771,,,,,,,,30,1,0,4,4,771,,4555211215544151512415551425512154111445525514422522541252,BAAADCCDCAABBCACACDBCAAACBDAACDCABCCCBBAADAACBBDDADDABCDAD,ABAACDCDACABBCACACBDACAABCADACCDABCCBCABADAABCBDADDDABCDAD,,,2,771,,,,,L_T1_GTR___standard,,,,,L_T1_GTR03_33000001,,,
112261,64,,,,,,,,,,44,14,514554111000515451555000452211240007125424144110121544545240511552552352,,bb40abb1,,,,,,,,34,0,1,bb40abb1,40,332,,455521121554415151241555142551215411144552551442252254125241252444,BAAADCCDCAABBCACACDBCAAACBDAACDCABCCCBBAADAACBBDDADDABCDADBCDADBBB,ABAACDCDACABBCACACBDACAABCADACCDABCCBCABADAABCBDADDDABCDADBCADBDBB,,,1,332,,,,,L_T1_GTR___hekomi__,,,,,,,,,12,52,41,511552250000515452600000451515200007214515510000212451000000412451122000,,00000771,,,,,,,,30,1,0,4,4,771,,4555211215544151512415551425512154111445525514422522541252,BAAADCCDCAABBCACACDBCAAACBDAACDCABCCCBBAADAACBBDDADDABCDAD,ABAACDCDACABBCACACBDACAABCADACCDABCCBCABADAABCBDADDDABCDAD,,,2,771,,,,,L_T1_GTR___standard,,,,,L_T1_GTR03_33000001,,,
112288,65,,,,,,,,,,44,14,514554111000515451555000452211240007125424144110121544545240511552552352,,bb40abb1,,,,,,,,34,0,1,bb40abb1,40,332,,455521121554415151241555142551215411144552551442252254125241252444,BAAADCCDCAABBCACACDBCAAACBDAACDCABCCCBBAADAACBBDDADDABCDADBCDADBBB,ABAACDCDACABBCACACBDACAABCADACCDABCCBCABADAABCBDADDDABCDADBCADBDBB,,,1,332,,,,,L_T1_GTR___hekomi__,,,,,,,,,52,41,25,511552250000515452600000451515200007214515511000212451210000412451122000,,00000777,,,,,,,,31,2,0,6,6,777,,455521121554415151241555142551215411144552551442252254125241,BAAADCCDCAABBCACACDBCAAACBDAACDCABCCCBBAADAACBBDDADDABCDADBC,ABAACDCDACABBCACACBDACAABCADACCDABCCBCABADAABCBDADDDABCDADBC,,,2,777,,,,,L_T1_GTR___standard,,,,,L_T1_GTR03_33000001,,,
112332,66,,,,,,,,,,44,14,514554111000515451555000452211240007125424144110121544545240511552552352,,bb40abb1,,,,,,,,34,0,1,bb40abb1,40,332,,455521121554415151241555142551215411144552551442252254125241252444,BAAADCCDCAABBCACACDBCAAACBDAACDCABCCCBBAADAACBBDDADDABCDADBCDADBBB,ABAACDCDACABBCACACBDACAABCADACCDABCCBCABADAABCBDADDDABCDADBCADBDBB,,,1,332,,,,,L_T1_GTR___hekomi__,,,,,,,,,41,25,24,511552250000515452600000451515200007214515511000212451212500412451122000,,00000781,,,,,,,,32,3,0,4,4,781,,45552112155441515124155514255121541114455255144225225412524125,BAAADCCDCAABBCACACDBCAAACBDAACDCABCCCBBAADAACBBDDADDABCDADBCDA,ABAACDCDACABBCACACBDACAABCADACCDABCCBCABADAABCBDADDDABCDADBCAD,,,2,781,,,,,L_T1_GTR___standard,,,,,L_T1_GTR03_33000001,,,
112342,67,,,,,,,,,,44,14,514554111000515451555000452211200007125424111000121544552400511552552552,,bb40abb8,,,,,,,,35,0,2,bb40abb8,320,652,,455521121554415151241555142551215411144552551442252254125241252444,BAAADCCDCAABBCACACDBCAAACBDAACDCABCCCBBAADAACBBDDADDABCDADBCDADBBB,ABAACDCDACABBCACACBDACAABCADACCDABCCBCABADAABCBDADDDABCDADBCADBDBB,,,2,652,,,,,L_T1_GTR___hekomi__,,,,,,,,,41,25,24,511552250000515452600000451515200007214515511000212451212500412451122000,,00000781,,,,,,,,32,3,0,4,4,781,,45552112155441515124155514255121541114455255144225225412524125,BAAADCCDCAABBCACACDBCAAACBDAACDCABCCCBBAADAACBBDDADDABCDADBCDA,ABAACDCDACABBCACACBDACAABCADACCDABCCBCABADAABCBDADDDABCDADBCAD,,,2,781,,,,,L_T1_GTR___standard,,,,,L_T1_GTR03_33000001,,,
112383,68,,,,,,,,,,44,14,514554111000515451555000452211200007125424111000121544552400511552552552,,bb40abb8,,,,,,,,35,0,2,bb40abb8,320,652,,455521121554415151241555142551215411144552551442252254125241252444,BAAADCCDCAABBCACACDBCAAACBDAACDCABCCCBBAADAACBBDDADDABCDADBCDADBBB,ABAACDCDACABBCACACBDACAABCADACCDABCCBCABADAABCBDADDDABCDADBCADBDBB,,,2,652,,,,,L_T1_GTR___hekomi__,,,,,,,,,,25,24,511552250000515452640000451515210007214515511000212451212500412451122000,,bb40abb1,,,,,,,,33,0,1,bb40abb1,40,821,,45552112155441515124155514255121541114455255144225225412524125,BAAADCCDCAABBCACACDBCAAACBDAACDCABCCCBBAADAACBBDDADDABCDADBCDA,ABAACDCDACABBCACACBDACAABCADACCDABCCBCABADAABCBDADDDABCDADBCAD,,,2,821,,,,,L_T1_GTR___standard,,,,,L_T1_GTR03_33000001,,,
112463,69,,,,,,,,,,44,14,514554111000515451555000452211200007125424111000121544552400511552552552,,bb40abb8,,,,,,,,35,0,2,bb40abb8,320,652,,455521121554415151241555142551215411144552551442252254125241252444,BAAADCCDCAABBCACACDBCAAACBDAACDCABCCCBBAADAACBBDDADDABCDADBCDADBBB,ABAACDCDACABBCACACBDACAABCADACCDABCCBCABADAABCBDADDDABCDADBCADBDBB,,,2,652,,,,,L_T1_GTR___hekomi__,,,,,,,,,,25,24,511552250000515452640000451515200007214515500000212451225000412451122000,,bb40abb8,,,,,,,,34,0,2,bb40abb8,320,1141,,45552112155441515124155514255121541114455255144225225412524125,BAAADCCDCAABBCACACDBCAAACBDAACDCABCCCBBAADAACBBDDADDABCDADBCDA,ABAACDCDACABBCACACBDACAABCADACCDABCCBCABADAABCBDADDDABCDADBCAD,,,2,1141,,,,,L_T1_GTR___standard,,,,,L_T1_GTR03_33000001,,,
112482,70,,,,,,,,,44,14,54,514554111600515451555600452211260007125424111600121544240000511552255260,,00000658,,,,,,,,36,1,0,6,6,658,,45552112155441515124155514255121541114455255144225225412524125244414,BAAADCCDCAABBCACACDBCAAACBDAACDCABCCCBBAADAACBBDDADDABCDADBCDADBBBCB,ABAACDCDACABBCACACBDACAABCADACCDABCCBCABADAABCBDADDDABCDADBCADBDBBBC,,,2,658,,,,,L_T1_GTR___hekomi__,,,,,,,,,,25,24,511552250000515452640000451515200007214515500000212451225000412451122000,,bb40abb8,,,,,,,,34,0,2,bb40abb8,320,1141,,45552112155441515124155514255121541114455255144225225412524125,BAAADCCDCAABBCACACDBCAAACBDAACDCABCCCBBAADAACBBDDADDABCDADBCDA,ABAACDCDACABBCACACBDACAABCADACCDABCCBCABADAABCBDADDDABCDADBCAD,,,2,1141,,,,,L_T1_GTR___standard,,,,,L_T1_GTR03_33000001,,,
112528,71,,,,,,,,,14,54,44,514554111600515451555600452211260007125424111600121544240000511552255264,,00000659,,,,,,,,37,2,0,1,1,659,,4555211215544151512415551425512154111445525514422522541252412524441454,BAAADCCDCAABBCACACDBCAAACBDAACDCABCCCBBAADAACBBDDADDABCDADBCDADBBBCBAB,ABAACDCDACABBCACACBDACAABCADACCDABCCBCABADAABCBDADDDABCDADBCADBDBBBCAB,,,2,659,,,,,L_T1_GTR___hekomi__,,,,,,,,,,25,24,511552250000515452640000451515200007214515500000212451225000412451122000,,bb40abb8,,,,,,,,34,0,2,bb40abb8,320,1141,,45552112155441515124155514255121541114455255144225225412524125,BAAADCCDCAABBCACACDBCAAACBDAACDCABCCCBBAADAACBBDDADDABCDADBCDA,ABAACDCDACABBCACACBDACAABCADACCDABCCBCABADAABCBDADDDABCDADBCAD,,,2,1141,,,,,L_T1_GTR___standard,,,,,L_T1_GTR03_33000001,,,
112545,72,,,,,,,,,14,54,44,514554111600515451555600452211260007125424111600121544240000511552255264,,00000659,,,,,,,,37,2,0,1,1,659,,4555211215544151512415551425512154111445525514422522541252412524441454,BAAADCCDCAABBCACACDBCAAACBDAACDCABCCCBBAADAACBBDDADDABCDADBCDADBBBCBAB,ABAACDCDACABBCACACBDACAABCADACCDABCCBCABADAABCBDADDDABCDADBCADBDBBBCAB,,,2,659,,,,,L_T1_GTR___hekomi__,,,,,,,,,,25,24,511552250000515452640000451515200007214515500000212451500000412451100000,,bb40ab16,,,,,,,,35,0,3,bb40ab16,640,1781,,45552112155441515124155514255121541114455255144225225412524125,BAAADCCDCAABBCACACDBCAAACBDAACDCABCCCBBAADAACBBDDADDABCDADBCDA,ABAACDCDACABBCACACBDACAABCADACCDABCCBCABADAABCBDADDDABCDADBCAD,,,3,1781,,,,,L_T1_GTR___standard,,,,,L_T1_GTR03_33000001,,,
112567,73,,,,,,,,,54,44,14,514554111600515451555600452211260007125424111641121544240000511552255264,,00000661,,,,,,,,38,3,0,2,2,661,,455521121554415151241555142551215411144552551442252254125241252444145444,BAAADCCDCAABBCACACDBCAAACBDAACDCABCCCBBAADAACBBDDADDABCDADBCDADBBBCBABBB,ABAACDCDACABBCACACBDACAABCADACCDABCCBCABADAABCBDADDDABCDADBCADBDBBBCABBB,,,2,661,,,,,L_T1_GTR___hekomi__,,,,,,,,,,25,24,511552250000515452640000451515200007214515500000212451500000412451100000,,bb40ab16,,,,,,,,35,0,3,bb40ab16,640,1781,,45552112155441515124155514255121541114455255144225225412524125,BAAADCCDCAABBCACACDBCAAACBDAACDCABCCCBBAADAACBBDDADDABCDADBCDA,ABAACDCDACABBCACACBDACAABCADACCDABCCBCABADAABCBDADDDABCDADBCAD,,,3,1781,,,,,L_T1_GTR___standard,,,,,L_T1_GTR03_33000001,,,
112604,74,,,,,,,,,44,14,25,514554111650515451555640452211260007125424111641121544240000511552255264,,00000664,,,,,,,,39,4,0,3,3,664,,45552112155441515124155514255121541114455255144225225412524125244414544414,BAAADCCDCAABBCACACDBCAAACBDAACDCABCCCBBAADAACBBDDADDABCDADBCDADBBBCBABBBCB,ABAACDCDACABBCACACBDACAABCADACCDABCCBCABADAABCBDADDDABCDADBCADBDBBBCABBBBC,,,2,664,,,,,L_T1_GTR___hekomi__,,,,,,,,,,25,24,511552250000515452640000451515200007214515500000212451500000412451100000,,bb40ab16,,,,,,,,35,0,3,bb40ab16,640,1781,,45552112155441515124155514255121541114455255144225225412524125,BAAADCCDCAABBCACACDBCAAACBDAACDCABCCCBBAADAACBBDDADDABCDADBCDA,ABAACDCDACABBCACACBDACAABCADACCDABCCBCABADAABCBDADDDABCDADBCAD,,,3,1781,,,,,L_T1_GTR___standard,,,,,L_T1_GTR03_33000001,,,
112624,75,,,,,,,,,44,14,25,514554111650515451555640452211260007125424111641121544240000511552255264,,00000664,,,,,,,,39,4,0,3,3,664,,45552112155441515124155514255121541114455255144225225412524125244414544414,BAAADCCDCAABBCACACDBCAAACBDAACDCABCCCBBAADAACBBDDADDABCDADBCDADBBBCBABBBCB,ABAACDCDACABBCACACBDACAABCADACCDABCCBCABADAABCBDADDDABCDADBCADBDBBBCABBBBC,,,2,664,,,,,L_T1_GTR___hekomi__,,,,,,,,,,25,24,511552250000515452640000451512000007214510000000212451000000412451100000,,bb40ab32,,,,,,,,36,0,4,bb40ab32,1280,3061,,45552112155441515124155514255121541114455255144225225412524125,BAAADCCDCAABBCACACDBCAAACBDAACDCABCCCBBAADAACBBDDADDABCDADBCDA,ABAACDCDACABBCACACBDACAABCADACCDABCCBCABADAABCBDADDDABCDADBCAD,,,4,3061,,,,,L_T1_GTR___standard,,,,,L_T1_GTR03_33000001,,,
112638,76,,,,,,,,,14,25,25,514554111650515451555644452211260007125424111641121544240000511552255264,,00000667,,,,,,,,40,5,0,3,3,667,,4555211215544151512415551425512154111445525514422522541252412524441454441425,BAAADCCDCAABBCACACDBCAAACBDAACDCABCCCBBAADAACBBDDADDABCDADBCDADBBBCBABBBCBDA,ABAACDCDACABBCACACBDACAABCADACCDABCCBCABADAABCBDADDDABCDADBCADBDBBBCABBBBCAD,,,2,667,,,,,L_T1_GTR___hekomi__,,,,,,,,,,25,24,511552250000515452640000451512000007214510000000212451000000412451100000,,bb40ab32,,,,,,,,36,0,4,bb40ab32,1280,3061,,45552112155441515124155514255121541114455255144225225412524125,BAAADCCDCAABBCACACDBCAAACBDAACDCABCCCBBAADAACBBDDADDABCDADBCDA,ABAACDCDACABBCACACBDACAABCADACCDABCCBCABADAABCBDADDDABCDADBCAD,,,4,3061,,,,,L_T1_GTR___standard,,,,,L_T1_GTR03_33000001,,,
112660,77,,,,,,,,,,25,25,514554111650515451555644452211261407125424111641121544240000511552255264,,bb40abb1,,,,,,,,41,0,1,bb40abb1,40,707,,4555211215544151512415551425512154111445525514422522541252412524441454441425,BAAADCCDCAABBCACACDBCAAACBDAACDCABCCCBBAADAACBBDDADDABCDADBCDADBBBCBABBBCBDA,ABAACDCDACABBCACACBDACAABCADACCDABCCBCABADAABCBDADDDABCDADBCADBDBBBCABBBBCAD,,,2,707,,,,,L_T1_GTR___hekomi__,,,,,,,,,,25,24,511552250000515452640000451512000007214510000000212451000000412451100000,,bb40ab32,,,,,,,,36,0,4,bb40ab32,1280,3061,,45552112155441515124155514255121541114455255144225225412524125,BAAADCCDCAABBCACACDBCAAACBDAACDCABCCCBBAADAACBBDDADDABCDADBCDA,ABAACDCDACABBCACACBDACAABCADACCDABCCBCABADAABCBDADDDABCDADBCAD,,,4,3061,,,,,L_T1_GTR___standard,,,,,L_T1_GTR03_33000001,,,
112706,78,,,,,,,,,,25,25,514554111650515451555644452211261407125424111641121544240000511552255264,,bb40abb1,,,,,,,,41,0,1,bb40abb1,40,707,,4555211215544151512415551425512154111445525514422522541252412524441454441425,BAAADCCDCAABBCACACDBCAAACBDAACDCABCCCBBAADAACBBDDADDABCDADBCDADBBBCBABBBCBDA,ABAACDCDACABBCACACBDACAABCADACCDABCCBCABADAABCBDADDDABCDADBCADBDBBBCABBBBCAD,,,2,707,,,,,L_T1_GTR___hekomi__,,,,,,,,,,25,24,511555000000515454000000451510000007214510000000212451000000412451100000,,bb40ab64,,,,,,,,37,0,5,bb40ab64,2560,5621,,45552112155441515124155514255121541114455255144225225412524125,BAAADCCDCAABBCACACDBCAAACBDAACDCABCCCBBAADAACBBDDADDABCDADBCDA,ABAACDCDACABBCACACBDACAABCADACCDABCCBCABADAABCBDADDDABCDADBCAD,,,5,5621,,,,,L_T1_GTR___standard,,,,,L_T1_GTR03_33000001,,,
112747,79,,,,,,,,,,25,25,514554111650515451555644452211240007125424410000121544240000511552255264,,bb40abb8,,,,,,,,42,0,2,bb40abb8,320,1027,,4555211215544151512415551425512154111445525514422522541252412524441454441425,BAAADCCDCAABBCACACDBCAAACBDAACDCABCCCBBAADAACBBDDADDABCDADBCDADBBBCBABBBCBDA,ABAACDCDACABBCACACBDACAABCADACCDABCCBCABADAABCBDADDDABCDADBCADBDBBBCABBBBCAD,,,2,1027,,,,,L_T1_GTR___hekomi__,,,,,,,,,,25,24,511555000000515454000000451510000007214510000000212451000000412451100000,,bb40ab64,,,,,,,,37,0,5,bb40ab64,2560,5621,,45552112155441515124155514255121541114455255144225225412524125,BAAADCCDCAABBCACACDBCAAACBDAACDCABCCCBBAADAACBBDDADDABCDADBCDA,ABAACDCDACABBCACACBDACAABCADACCDABCCBCABADAABCBDADDDABCDADBCAD,,,5,5621,,,,,L_T1_GTR___standard,,,,,L_T1_GTR03_33000001,,,
112798,80,,,,,,,,,,25,25,514554111650515451555644452211240007125424410000121544240000511552255264,,bb40abb8,,,,,,,,42,0,2,bb40abb8,320,1027,,4555211215544151512415551425512154111445525514422522541252412524441454441425,BAAADCCDCAABBCACACDBCAAACBDAACDCABCCCBBAADAACBBDDADDABCDADBCDADBBBCBABBBCBDA,ABAACDCDACABBCACACBDACAABCADACCDABCCBCABADAABCBDADDDABCDADBCADBDBBBCABBBBCAD,,,2,1027,,,,,L_T1_GTR___hekomi__,,,,,,,,,25,24,44,511000000000515440000000451510000007214510000000212451000000412451100000,,00005626,,,,,,,,38,1,0,5,5,5626,,4555211215544151512415551425512154111445525514422522541252412524,BAAADCCDCAABBCACACDBCAAACBDAACDCABCCCBBAADAACBBDDADDABCDADBCDADB,ABAACDCDACABBCACACBDACAABCADACCDABCCBCABADAABCBDADDDABCDADBCADBD,,,5,5626,,,,,L_T1_GTR___standard,,,,,L_T1_GTR03_33000001,,,
112830,81,,,,,,,,,,25,25,514554111650515451555644452211240007125421000000121524000000511552255264,,bb40ab16,,,,,,,,43,0,3,bb40ab16,640,1667,,4555211215544151512415551425512154111445525514422522541252412524441454441425,BAAADCCDCAABBCACACDBCAAACBDAACDCABCCCBBAADAACBBDDADDABCDADBCDADBBBCBABBBCBDA,ABAACDCDACABBCACACBDACAABCADACCDABCCBCABADAABCBDADDDABCDADBCADBDBBBCABBBBCAD,,,3,1667,,,,,L_T1_GTR___hekomi__,,,,,,,,,25,24,44,511000000000515440000000451510000007214510000000212451000000412451100000,,00005626,,,,,,,,38,1,0,5,5,5626,,4555211215544151512415551425512154111445525514422522541252412524,BAAADCCDCAABBCACACDBCAAACBDAACDCABCCCBBAADAACBBDDADDABCDADBCDADB,ABAACDCDACABBCACACBDACAABCADACCDABCCBCABADAABCBDADDDABCDADBCADBD,,,5,5626,,,,,L_T1_GTR___standard,,,,,L_T1_GTR03_33000001,,,
112837,82,,,,,,,,,,25,25,514554111650515451555644452211240007125421000000121524000000511552255264,,bb40ab16,,,,,,,,43,0,3,bb40ab16,640,1667,,4555211215544151512415551425512154111445525514422522541252412524441454441425,BAAADCCDCAABBCACACDBCAAACBDAACDCABCCCBBAADAACBBDDADDABCDADBCDADBBBCBABBBCBDA,ABAACDCDACABBCACACBDACAABCADACCDABCCBCABADAABCBDADDDABCDADBCADBDBBBCABBBBCAD,,,3,1667,,,,,L_T1_GTR___hekomi__,,,,,,,,,24,44,14,511000000000515440000000451512000007214515000000212451000000412451100000,,00005634,,,,,,,,39,2,0,8,8,5634,,455521121554415151241555142551215411144552551442252254125241252444,BAAADCCDCAABBCACACDBCAAACBDAACDCABCCCBBAADAACBBDDADDABCDADBCDADBBB,ABAACDCDACABBCACACBDACAABCADACCDABCCBCABADAABCBDADDDABCDADBCADBDBB,,,5,5634,,,,,L_T1_GTR___standard,,,,,L_T1_GTR03_33000001,,,
112912,83,,,,,,,,,,25,25,514554111650515451555644452211240007125421000000121524000000511552255264,,bb40ab16,,,,,,,,43,0,3,bb40ab16,640,1667,,4555211215544151512415551425512154111445525514422522541252412524441454441425,BAAADCCDCAABBCACACDBCAAACBDAACDCABCCCBBAADAACBBDDADDABCDADBCDADBBBCBABBBCBDA,ABAACDCDACABBCACACBDACAABCADACCDABCCBCABADAABCBDADDDABCDADBCADBDBBBCABBBBCAD,,,3,1667,,,,,L_T1_GTR___hekomi__,,,,,,,,,44,14,54,511400000000515442000000451512000007214515000000212451000000412451100000,,00005642,,,,,,,,40,3,0,8,8,5642,,45552112155441515124155514255121541114455255144225225412524125244414,BAAADCCDCAABBCACACDBCAAACBDAACDCABCCCBBAADAACBBDDADDABCDADBCDADBBBCB,ABAACDCDACABBCACACBDACAABCADACCDABCCBCABADAABCBDADDDABCDADBCADBDBBBC,,,5,5642,,,,,L_T1_GTR___standard,,,,,L_T1_GTR03_33000001,,,
112918,84,,,,,,,,,,25,25,514554111650515455556444452224000007125420000000121524000000511552255264,,b110ab40,,,,,,,,44,0,4,b110ab40,4400,6067,,4555211215544151512415551425512154111445525514422522541252412524441454441425,BAAADCCDCAABBCACACDBCAAACBDAACDCABCCCBBAADAACBBDDADDABCDADBCDADBBBCBABBBCBDA,ABAACDCDACABBCACACBDACAABCADACCDABCCBCABADAABCBDADDDABCDADBCADBDBBBCABBBBCAD,,,4,6067,,,,,L_T1_GTR___hekomi__,,,,,,,,,44,14,54,511400000000515442000000451512000007214515000000212451000000412451100000,,00005642,,,,,,,,40,3,0,8,8,5642,,45552112155441515124155514255121541114455255144225225412524125244414,BAAADCCDCAABBCACACDBCAAACBDAACDCABCCCBBAADAACBBDDADDABCDADBCDADBBBCB,ABAACDCDACABBCACACBDACAABCADACCDABCCBCABADAABCBDADDDABCDADBCADBDBBBC,,,5,5642,,,,,L_T1_GTR___standard,,,,,L_T1_GTR03_33000001,,,
112952,85,,,,,,,,,,25,25,514554111650515455556444452224000007125420000000121524000000511552255264,,b110ab40,,,,,,,,44,0,4,b110ab40,4400,6067,,4555211215544151512415551425512154111445525514422522541252412524441454441425,BAAADCCDCAABBCACACDBCAAACBDAACDCABCCCBBAADAACBBDDADDABCDADBCDADBBBCBABBBCBDA,ABAACDCDACABBCACACBDACAABCADACCDABCCBCABADAABCBDADDDABCDADBCADBDBBBCABBBBCAD,,,4,6067,,,,,L_T1_GTR___hekomi__,,,,,,,,,14,54,44,511400000000515442000000451512000007214515400000212451400000412451100000,,00005649,,,,,,,,41,4,0,7,7,5649,,4555211215544151512415551425512154111445525514422522541252412524441454,BAAADCCDCAABBCACACDBCAAACBDAACDCABCCCBBAADAACBBDDADDABCDADBCDADBBBCBAB,ABAACDCDACABBCACACBDACAABCADACCDABCCBCABADAABCBDADDDABCDADBCADBDBBBCAB,,,5,5649,,,,,L_T1_GTR___standard,,,,,L_T1_GTR03_33000001,,,
113007,86,,,,,,,,,,25,25,514411165000515444400000454000000007125400000000121540000000511552255264,,bb60ab67,,,,,,,,45,0,5,bb60ab67,4020,10087,,4555211215544151512415551425512154111445525514422522541252412524441454441425,BAAADCCDCAABBCACACDBCAAACBDAACDCABCCCBBAADAACBBDDADDABCDADBCDADBBBCBABBBCBDA,ABAACDCDACABBCACACBDACAABCADACCDABCCBCABADAABCBDADDDABCDADBCADBDBBBCABBBBCAD,,,5,10087,,,,,L_T1_GTR___hekomi__,,,,,,,,,14,54,44,511400000000515442000000451512000007214515400000212451400000412451100000,,00005649,,,,,,,,41,4,0,7,7,5649,,4555211215544151512415551425512154111445525514422522541252412524441454,BAAADCCDCAABBCACACDBCAAACBDAACDCABCCCBBAADAACBBDDADDABCDADBCDADBBBCBAB,ABAACDCDACABBCACACBDACAABCADACCDABCCBCABADAABCBDADDDABCDADBCADBDBBBCAB,,,5,5649,,,,,L_T1_GTR___standard,,,,,L_T1_GTR03_33000001,,,
113017,87,,,,,,,,,,25,25,514411165000515444400000454000000007125400000000121540000000511552255264,,bb60ab67,,,,,,,,45,0,5,bb60ab67,4020,10087,,4555211215544151512415551425512154111445525514422522541252412524441454441425,BAAADCCDCAABBCACACDBCAAACBDAACDCABCCCBBAADAACBBDDADDABCDADBCDADBBBCBABBBCBDA,ABAACDCDACABBCACACBDACAABCADACCDABCCBCABADAABCBDADDDABCDADBCADBDBBBCABBBBCAD,,,5,10087,,,,,L_T1_GTR___hekomi__,,,,,,,,,54,44,14,511410000000515442400000451512000007214515400000212451400000412451100000,,00005656,,,,,,,,42,5,0,7,7,5656,,455521121554415151241555142551215411144552551442252254125241252444145444,BAAADCCDCAABBCACACDBCAAACBDAACDCABCCCBBAADAACBBDDADDABCDADBCDADBBBCBABBB,ABAACDCDACABBCACACBDACAABCADACCDABCCBCABADAABCBDADDDABCDADBCADBDBBBCABBB,,,5,5656,,,,,L_T1_GTR___standard,,,,,L_T1_GTR03_33000001,,,
113076,88,,,,,,,,,,25,25,514411165000515444400000454000000007125400000000121540000000511552255264,,bb60ab67,,,,,,,,45,0,5,bb60ab67,4020,10087,,4555211215544151512415551425512154111445525514422522541252412524441454441425,BAAADCCDCAABBCACACDBCAAACBDAACDCABCCCBBAADAACBBDDADDABCDADBCDADBBBCBABBBCBDA,ABAACDCDACABBCACACBDACAABCADACCDABCCBCABADAABCBDADDDABCDADBCADBDBBBCABBBBCAD,,,5,10087,,,,,L_T1_GTR___hekomi__,,,,,,,,,44,14,25,511410000000515442400000451512000007214515450000212451440000412451100000,,00005662,,,,,,,,43,6,0,6,6,5662,,45552112155441515124155514255121541114455255144225225412524125244414544414,BAAADCCDCAABBCACACDBCAAACBDAACDCABCCCBBAADAACBBDDADDABCDADBCDADBBBCBABBBCB,ABAACDCDACABBCACACBDACAABCADACCDABCCBCABADAABCBDADDDABCDADBCADBDBBBCABBBBC,,,5,5662,,,,,L_T1_GTR___standard,,,,,L_T1_GTR03_33000001,,,
113089,89,,,,,,,,,,25,25,511116500000515000000000454000000007125400000000121540000000511552255264,,bb50ab98,,,,,,,,46,0,6,bb50ab98,4900,14987,,4555211215544151512415551425512154111445525514422522541252412524441454441425,BAAADCCDCAABBCACACDBCAAACBDAACDCABCCCBBAADAACBBDDADDABCDADBCDADBBBCBABBBCBDA,ABAACDCDACABBCACACBDACAABCADACCDABCCBCABADAABCBDADDDABCDADBCADBDBBBCABBBBCAD,,,6,14987,,,,,,,,,,,,,,44,14,25,511410000000515442400000451512000007214515450000212451440000412451100000,,00005662,,,,,,,,43,6,0,6,6,5662,,45552112155441515124155514255121541114455255144225225412524125244414544414,BAAADCCDCAABBCACACDBCAAACBDAACDCABCCCBBAADAACBBDDADDABCDADBCDADBBBCBABBBCB,ABAACDCDACABBCACACBDACAABCADACCDABCCBCABADAABCBDADDDABCDADBCADBDBBBCABBBBC,,,5,5662,,,,,L_T1_GTR___standard,,,,,L_T1_GTR03_33000001,,,
113109,90,,,,,,,,,,25,25,511116500000515000000000454000000007125400000000121540000000511552255264,,bb50ab98,,,,,,,,46,0,6,bb50ab98,4900,14987,,4555211215544151512415551425512154111445525514422522541252412524441454441425,BAAADCCDCAABBCACACDBCAAACBDAACDCABCCCBBAADAACBBDDADDABCDADBCDADBBBCBABBBCBDA,ABAACDCDACABBCACACBDACAABCADACCDABCCBCABADAABCBDADDDABCDADBCADBDBBBCABBBBCAD,,,6,14987,,,,,,,,,,,,,,14,25,25,511410000000515442400000451512000007214515454400212451440000412451100000,,00005666,,,,,,,,44,7,0,4,4,5666,,4555211215544151512415551425512154111445525514422522541252412524441454441425,BAAADCCDCAABBCACACDBCAAACBDAACDCABCCCBBAADAACBBDDADDABCDADBCDADBBBCBABBBCBDA,ABAACDCDACABBCACACBDACAABCADACCDABCCBCABADAABCBDADDDABCDADBCADBDBBBCABBBBCAD,,,5,5666,,,,,L_T1_GTR___standard,,,,,L_T1_GTR03_33000001,,,
113149,91,,,,,,,,,,25,25,511116500000515000000000454000000007125400000000121540000000511552255264,,bb50ab98,,,,,,,,46,0,6,bb50ab98,4900,14987,,4555211215544151512415551425512154111445525514422522541252412524441454441425,BAAADCCDCAABBCACACDBCAAACBDAACDCABCCCBBAADAACBBDDADDABCDADBCDADBBBCBABBBCBDA,ABAACDCDACABBCACACBDACAABCADACCDABCCBCABADAABCBDADDDABCDADBCADBDBBBCABBBBCAD,,,6,14987,,,,,,,,,,,,,,25,25,41,511410000000515442400000451512000007214515454400212451441400412451100000,,00005671,,,,,,,,45,8,0,5,5,5671,,455521121554415151241555142551215411144552551442252254125241252444145444142525,BAAADCCDCAABBCACACDBCAAACBDAACDCABCCCBBAADAACBBDDADDABCDADBCDADBBBCBABBBCBDADA,ABAACDCDACABBCACACBDACAABCADACCDABCCBCABADAABCBDADDDABCDADBCADBDBBBCABBBBCADAD,,,5,5671,,,,,L_T1_GTR___standard,,,,,L_T1_GTR03_33000001,,,
113177,92,,,,,,,,,,25,25,550000000000550000000000454000000007125400000000121540000000511552255264,,bb50a130,,,,,,,,47,0,7,bb50a130,6500,21487,,4555211215544151512415551425512154111445525514422522541252412524441454441425,BAAADCCDCAABBCACACDBCAAACBDAACDCABCCCBBAADAACBBDDADDABCDADBCDADBBBCBABBBCBDA,ABAACDCDACABBCACACBDACAABCADACCDABCCBCABADAABCBDADDDABCDADBCADBDBBBCABBBBCAD,,,7,21487,,,,,,,,,,,,,,25,25,41,511410000000515442400000451512000007214515454400212451441400412451100000,,00005671,,,,,,,,45,8,0,5,5,5671,,455521121554415151241555142551215411144552551442252254125241252444145444142525,BAAADCCDCAABBCACACDBCAAACBDAACDCABCCCBBAADAACBBDDADDABCDADBCDADBBBCBABBBCBDADA,ABAACDCDACABBCACACBDACAABCADACCDABCCBCABADAABCBDADDDABCDADBCADBDBBBCABBBBCADAD,,,5,5671,,,,,L_T1_GTR___standard,,,,,L_T1_GTR03_33000001,,,
113216,93,,,,,,,,,,25,25,550000000000550000000000454000000007125400000000121540000000511552255264,,bb50a130,,,,,,,,47,0,7,bb50a130,6500,21487,,4555211215544151512415551425512154111445525514422522541252412524441454441425,BAAADCCDCAABBCACACDBCAAACBDAACDCABCCCBBAADAACBBDDADDABCDADBCDADBBBCBABBBCBDA,ABAACDCDACABBCACACBDACAABCADACCDABCCBCABADAABCBDADDDABCDADBCADBDBBBCABBBBCAD,,,7,21487,,,,,,,,,,,,,,25,41,11,511410000000515442400000451512200007214515454450212451441400412451100000,,00005674,,,,,,,,46,9,0,3,3,5674,,45552112155441515124155514255121541114455255144225225412524125244414544414252541,BAAADCCDCAABBCACACDBCAAACBDAACDCABCCCBBAADAACBBDDADDABCDADBCDADBBBCBABBBCBDADABC,ABAACDCDACABBCACACBDACAABCADACCDABCCBCABADAABCBDADDDABCDADBCADBDBBBCABBBBCADADBC,,,5,5674,,,,,L_T1_GTR___standard,,,,,L_T1_GTR03_33000001,,,
113240,94,,,,,,,,,,25,25,550000000000550000000000454000000007125400000000121540000000511552255264,,bb50a130,,,,,,,,47,0,7,bb50a130,6500,21487,,4555211215544151512415551425512154111445525514422522541252412524441454441425,BAAADCCDCAABBCACACDBCAAACBDAACDCABCCCBBAADAACBBDDADDABCDADBCDADBBBCBABBBCBDA,ABAACDCDACABBCACACBDACAABCADACCDABCCBCABADAABCBDADDDABCDADBCADBDBBBCABBBBCAD,,,7,21487,,,,,,,,,,,,,,,41,11,511410000000515442400000451512225007214515454450212451441400412451100000,,bb40abb1,,,,,,,,47,0,1,bb40abb1,40,5714,,45552112155441515124155514255121541114455255144225225412524125244414544414252541,BAAADCCDCAABBCACACDBCAAACBDAACDCABCCCBBAADAACBBDDADDABCDADBCDADBBBCBABBBCBDADABC,ABAACDCDACABBCACACBDACAABCADACCDABCCBCABADAABCBDADDDABCDADBCADBDBBBCABBBBCADADBC,,,5,5714,,,,,L_T1_GTR___standard,,,,,L_T1_GTR03_33000001,,,
113268,95,,,,,,,,,25,25,41,000000000000000000000000440000000007125400000000121540000000511552255264,,00021491,,,,,,,,48,1,0,4,4,21491,,455521121554415151241555142551215411144552551442252254125241252444145444142525,BAAADCCDCAABBCACACDBCAAACBDAACDCABCCCBBAADAACBBDDADDABCDADBCDADBBBCBABBBCBDADA,ABAACDCDACABBCACACBDACAABCADACCDABCCBCABADAABCBDADDDABCDADBCADBDBBBCABBBBCADAD,,,7,21491,,,,,,,,,,,,,,,41,11,511410000000515442400000451512225007214515454450212451441400412451100000,,bb40abb1,,,,,,,,47,0,1,bb40abb1,40,5714,,45552112155441515124155514255121541114455255144225225412524125244414544414252541,BAAADCCDCAABBCACACDBCAAACBDAACDCABCCCBBAADAACBBDDADDABCDADBCDADBBBCBABBBCBDADABC,ABAACDCDACABBCACACBDACAABCADACCDABCCBCABADAABCBDADDDABCDADBCADBDBBBCABBBBCADADBC,,,5,5714,,,,,L_T1_GTR___standard,,,,,L_T1_GTR03_33000001,,,
113313,96,,,,,,,,,25,41,11,000000000000000000000000440000000007125400000000121542500000511552255264,,00021500,,,,,,,,49,2,0,9,9,21500,,45552112155441515124155514255121541114455255144225225412524125244414544414252541,BAAADCCDCAABBCACACDBCAAACBDAACDCABCCCBBAADAACBBDDADDABCDADBCDADBBBCBABBBCBDADABC,ABAACDCDACABBCACACBDACAABCADACCDABCCBCABADAABCBDADDDABCDADBCADBDBBBCABBBBCADADBC,,,7,21500,,,,,,,,,,,,,,,41,11,511410000000515442400000451512225007214515454450212451441400412451100000,,bb40abb1,,,,,,,,47,0,1,bb40abb1,40,5714,,45552112155441515124155514255121541114455255144225225412524125244414544414252541,BAAADCCDCAABBCACACDBCAAACBDAACDCABCCCBBAADAACBBDDADDABCDADBCDADBBBCBABBBCBDADABC,ABAACDCDACABBCACACBDACAABCADACCDABCCBCABADAABCBDADDDABCDADBCADBDBBBCABBBBCADADBC,,,5,5714,,,,,L_T1_GTR___standard,,,,,L_T1_GTR03_33000001,,,
113325,97,,,,,,,,,25,41,11,000000000000000000000000440000000007125400000000121542500000511552255264,,00021500,,,,,,,,49,2,0,9,9,21500,,45552112155441515124155514255121541114455255144225225412524125244414544414252541,BAAADCCDCAABBCACACDBCAAACBDAACDCABCCCBBAADAACBBDDADDABCDADBCDADBBBCBABBBCBDADABC,ABAACDCDACABBCACACBDACAABCADACCDABCCBCABADAABCBDADDDABCDADBCADBDBBBCABBBBCADADBC,,,7,21500,,,,,,,,,,,,,,,41,11,511410000000515444000000451515000007214515454450212451441400412451100000,,bb40abb8,,,,,,,,48,0,2,bb40abb8,320,6034,,45552112155441515124155514255121541114455255144225225412524125244414544414252541,BAAADCCDCAABBCACACDBCAAACBDAACDCABCCCBBAADAACBBDDADDABCDADBCDADBBBCBABBBCBDADABC,ABAACDCDACABBCACACBDACAABCADACCDABCCBCABADAABCBDADDDABCDADBCADBDBBBCABBBBCADADBC,,,5,6034,,,,,L_T1_GTR___standard,,,,,L_T1_GTR03_33000001,,,
113355,98,,,,,,,,,41,11,21,000000000000000000000000440000000007125425000000121542500000511552255264,,00021508,,,,,,,,50,3,0,8,8,21508,,4555211215544151512415551425512154111445525514422522541252412524441454441425254111,BAAADCCDCAABBCACACDBCAAACBDAACDCABCCCBBAADAACBBDDADDABCDADBCDADBBBCBABBBCBDADABCCC,ABAACDCDACABBCACACBDACAABCADACCDABCCBCABADAABCBDADDDABCDADBCADBDBBBCABBBBCADADBCCC,,,7,21508,,,,,,,,,,,,,,,41,11,511410000000515444000000451515000007214515454450212451441400412451100000,,bb40abb8,,,,,,,,48,0,2,bb40abb8,320,6034,,45552112155441515124155514255121541114455255144225225412524125244414544414252541,BAAADCCDCAABBCACACDBCAAACBDAACDCABCCCBBAADAACBBDDADDABCDADBCDADBBBCBABBBCBDADABC,ABAACDCDACABBCACACBDACAABCADACCDABCCBCABADAABCBDADDDABCDADBCADBDBBBCABBBBCADADBC,,,5,6034,,,,,L_T1_GTR___standard,,,,,L_T1_GTR03_33000001,,,
113405,99,,,,,,,,,41,11,21,000000000000000000000000440000000007125425000000121542500000511552255264,,00021508,,,,,,,,50,3,0,8,8,21508,,4555211215544151512415551425512154111445525514422522541252412524441454441425254111,BAAADCCDCAABBCACACDBCAAACBDAACDCABCCCBBAADAACBBDDADDABCDADBCDADBBBCBABBBCBDADABCCC,ABAACDCDACABBCACACBDACAABCADACCDABCCBCABADAABCBDADDDABCDADBCADBDBBBCABBBBCADADBCCC,,,7,21508,,,,,,,,,,,,,,,41,11,511100000000515000000000451515000007214515454450212451441400412451100000,,bb40ab16,,,,,,,,49,0,3,bb40ab16,640,6674,,45552112155441515124155514255121541114455255144225225412524125244414544414252541,BAAADCCDCAABBCACACDBCAAACBDAACDCABCCCBBAADAACBBDDADDABCDADBCDADBBBCBABBBCBDADABC,ABAACDCDACABBCACACBDACAABCADACCDABCCBCABADAABCBDADDDABCDADBCADBDBBBCABBBBCADADBC,,,5,6674,,,,,,,,,,,,,
113410,100,,,,,,,,,11,21,12,100000000000400000000000440000000007125425000000121542500000511552255264,,00021521,,,,,,,,51,4,0,13,13,21521,,455521121554415151241555142551215411144552551442252254125241252444145444142525411121,BAAADCCDCAABBCACACDBCAAACBDAACDCABCCCBBAADAACBBDDADDABCDADBCDADBBBCBABBBCBDADABCCCDC,ABAACDCDACABBCACACBDACAABCADACCDABCCBCABADAABCBDADDDABCDADBCADBDBBBCABBBBCADADBCCCCD,,,7,21521,,,,,,,,,,,,,,,41,11,511100000000515000000000451515000007214515454450212451441400412451100000,,bb40ab16,,,,,,,,49,0,3,bb40ab16,640,6674,,45552112155441515124155514255121541114455255144225225412524125244414544414252541,BAAADCCDCAABBCACACDBCAAACBDAACDCABCCCBBAADAACBBDDADDABCDADBCDADBBBCBABBBCBDADABC,ABAACDCDACABBCACACBDACAABCADACCDABCCBCABADAABCBDADDDABCDADBCADBDBBBCABBBBCADADBC,,,5,6674,,,,,,,,,,,,,
113462,101,,,,,,,,,21,12,22,110000000000410000000000440000000007125425000000121542500000511552255264,,00021533,,,,,,,,52,5,0,12,12,21533,,45552112155441515124155514255121541114455255144225225412524125244414544414252541112112,BAAADCCDCAABBCACACDBCAAACBDAACDCABCCCBBAADAACBBDDADDABCDADBCDADBBBCBABBBCBDADABCCCDCCD,ABAACDCDACABBCACACBDACAABCADACCDABCCBCABADAABCBDADDDABCDADBCADBDBBBCABBBBCADADBCCCCDCD,,,7,21533,,,,,,,,,,,,,,,41,11,511100000000515000000000451515000007214515454450212451441400412451100000,,bb40ab16,,,,,,,,49,0,3,bb40ab16,640,6674,,45552112155441515124155514255121541114455255144225225412524125244414544414252541,BAAADCCDCAABBCACACDBCAAACBDAACDCABCCCBBAADAACBBDDADDABCDADBCDADBBBCBABBBCBDADABC,ABAACDCDACABBCACACBDACAABCADACCDABCCBCABADAABCBDADDDABCDADBCADBDBBBCABBBBCADADBC,,,5,6674,,,,,,,,,,,,,
113485,102,,,,,,,,,21,12,22,110000000000410000000000440000000007125425000000121542500000511552255264,,00021533,,,,,,,,52,5,0,12,12,21533,,45552112155441515124155514255121541114455255144225225412524125244414544414252541112112,BAAADCCDCAABBCACACDBCAAACBDAACDCABCCCBBAADAACBBDDADDABCDADBCDADBBBCBABBBCBDADABCCCDCCD,ABAACDCDACABBCACACBDACAABCADACCDABCCBCABADAABCBDADDDABCDADBCADBDBBBCABBBBCADADBCCCCDCD,,,7,21533,,,,,,,,,,,,,,,41,11,500000000000550000000000451515000007214515454450212451441400412451100000,,bb40ab32,,,,,,,,50,0,4,bb40ab32,1280,7954,,45552112155441515124155514255121541114455255144225225412524125244414544414252541,BAAADCCDCAABBCACACDBCAAACBDAACDCABCCCBBAADAACBBDDADDABCDADBCDADBBBCBABBBCBDADABC,ABAACDCDACABBCACACBDACAABCADACCDABCCBCABADAABCBDADDDABCDADBCADBDBBBCABBBBCADADBC,,,5,7954,,,,,,,,,,,,,
113505,103,,,,,,,,,12,22,25,110000000000410000000000441200000007125425000000121542500000511552255264,,00021543,,,,,,,,53,6,0,10,10,21543,,4555211215544151512415551425512154111445525514422522541252412524441454441425254111211222,BAAADCCDCAABBCACACDBCAAACBDAACDCABCCCBBAADAACBBDDADDABCDADBCDADBBBCBABBBCBDADABCCCDCCDDD,ABAACDCDACABBCACACBDACAABCADACCDABCCBCABADAABCBDADDDABCDADBCADBDBBBCABBBBCADADBCCCCDCDDD,,,7,21543,,,,,,,,,,,,,,,41,11,500000000000550000000000451515000007214515454450212451441400412451100000,,bb40ab32,,,,,,,,50,0,4,bb40ab32,1280,7954,,45552112155441515124155514255121541114455255144225225412524125244414544414252541,BAAADCCDCAABBCACACDBCAAACBDAACDCABCCCBBAADAACBBDDADDABCDADBCDADBBBCBABBBCBDADABC,ABAACDCDACABBCACACBDACAABCADACCDABCCBCABADAABCBDADDDABCDADBCADBDBBBCABBBBCADADBC,,,5,7954,,,,,,,,,,,,,
113545,104,,,,,,,,,22,25,21,110000000000410000000000441221000007125425000000121542500000511552255264,,00021551,,,,,,,,54,7,0,8,8,21551,,455521121554415151241555142551215411144552551442252254125241252444145444142525411121122225,BAAADCCDCAABBCACACDBCAAACBDAACDCABCCCBBAADAACBBDDADDABCDADBCDADBBBCBABBBCBDADABCCCDCCDDDDA,ABAACDCDACABBCACACBDACAABCADACCDABCCBCABADAABCBDADDDABCDADBCADBDBBBCABBBBCADADBCCCCDCDDDAD,,,7,21551,,,,,,,,,,,,,,,41,11,500000000000550000000000451515000007214515454450212451441400412451100000,,bb40ab32,,,,,,,,50,0,4,bb40ab32,1280,7954,,45552112155441515124155514255121541114455255144225225412524125244414544414252541,BAAADCCDCAABBCACACDBCAAACBDAACDCABCCCBBAADAACBBDDADDABCDADBCDADBBBCBABBBCBDADABC,ABAACDCDACABBCACACBDACAABCADACCDABCCBCABADAABCBDADDDABCDADBCADBDBBBCABBBBCADADBC,,,5,7954,,,,,,,,,,,,,
113564,105,,,,,,,,,22,25,21,110000000000410000000000441221000007125425000000121542500000511552255264,,00021551,,,,,,,,54,7,0,8,8,21551,,455521121554415151241555142551215411144552551442252254125241252444145444142525411121122225,BAAADCCDCAABBCACACDBCAAACBDAACDCABCCCBBAADAACBBDDADDABCDADBCDADBBBCBABBBCBDADABCCCDCCDDDDA,ABAACDCDACABBCACACBDACAABCADACCDABCCBCABADAABCBDADDDABCDADBCADBDBBBCABBBBCADADBCCCCDCDDDAD,,,7,21551,,,,,,,,,,,,,,,41,11,000000000000000000000000415150000007214515454450212451441400412451100000,,bb40ab64,,,,,,,,51,0,5,bb40ab64,2560,10514,,45552112155441515124155514255121541114455255144225225412524125244414544414252541,BAAADCCDCAABBCACACDBCAAACBDAACDCABCCCBBAADAACBBDDADDABCDADBCDADBBBCBABBBCBDADABC,ABAACDCDACABBCACACBDACAABCADACCDABCCBCABADAABCBDADDDABCDADBCADBDBBBCABBBBCADADBC,,,5,10514,,,,,,,,,,,,,
113594,106,,,,,,,,,25,21,25,112200000000410000000000441221000007125425000000121542500000511552255264,,00021561,,,,,,,,55,8,0,10,10,21561,,45552112155441515124155514255121541114455255144225225412524125244414544414252541112112222521,BAAADCCDCAABBCACACDBCAAACBDAACDCABCCCBBAADAACBBDDADDABCDADBCDADBBBCBABBBCBDADABCCCDCCDDDDADC,ABAACDCDACABBCACACBDACAABCADACCDABCCBCABADAABCBDADDDABCDADBCADBDBBBCABBBBCADADBCCCCDCDDDADCD,,,7,21561,,,,,,,,,,,,,,,41,11,000000000000000000000000415150000007214515454450212451441400412451100000,,bb40ab64,,,,,,,,51,0,5,bb40ab64,2560,10514,,45552112155441515124155514255121541114455255144225225412524125244414544414252541,BAAADCCDCAABBCACACDBCAAACBDAACDCABCCCBBAADAACBBDDADDABCDADBCDADBBBCBABBBCBDADABC,ABAACDCDACABBCACACBDACAABCADACCDABCCBCABADAABCBDADDDABCDADBCADBDBBBCABBBBCADADBC,,,5,10514,,,,,,,,,,,,,
113642,107,,,,,,,,,21,25,12,112225000000410000000000441221000007125425000000121542500000511552255264,,00021570,,,,,,,,56,9,0,9,9,21570,,4555211215544151512415551425512154111445525514422522541252412524441454441425254111211222252125,BAAADCCDCAABBCACACDBCAAACBDAACDCABCCCBBAADAACBBDDADDABCDADBCDADBBBCBABBBCBDADABCCCDCCDDDDADCDA,ABAACDCDACABBCACACBDACAABCADACCDABCCBCABADAABCBDADDDABCDADBCADBDBBBCABBBBCADADBCCCCDCDDDADCDAD,,,7,21570,,,,,,,,,,,,,,,41,11,000000000000000000000000415150000007214515454450212451441400412451100000,,bb40ab64,,,,,,,,51,0,5,bb40ab64,2560,10514,,45552112155441515124155514255121541114455255144225225412524125244414544414252541,BAAADCCDCAABBCACACDBCAAACBDAACDCABCCCBBAADAACBBDDADDABCDADBCDADBBBCBABBBCBDADABC,ABAACDCDACABBCACACBDACAABCADACCDABCCBCABADAABCBDADDDABCDADBCADBDBBBCABBBBCADADBC,,,5,10514,,,,,,,,,,,,,
113645,108,,,,,,,,,21,25,12,112225000000410000000000441221000007125425000000121542500000511552255264,,00021570,,,,,,,,56,9,0,9,9,21570,,4555211215544151512415551425512154111445525514422522541252412524441454441425254111211222252125,BAAADCCDCAABBCACACDBCAAACBDAACDCABCCCBBAADAACBBDDADDABCDADBCDADBBBCBABBBCBDADABCCCDCCDDDDADCDA,ABAACDCDACABBCACACBDACAABCADACCDABCCBCABADAABCBDADDDABCDADBCADBDBBBCABBBBCADADBCCCCDCDDDADCDAD,,,7,21570,,,,,,,,,,,,,,,41,11,000000000000000000000000451500000007245154544500224514414000424511000000,,bb40ab96,,,,,,,,52,0,6,bb40ab96,3840,14354,,45552112155441515124155514255121541114455255144225225412524125244414544414252541,BAAADCCDCAABBCACACDBCAAACBDAACDCABCCCBBAADAACBBDDADDABCDADBCDADBBBCBABBBCBDADABC,ABAACDCDACABBCACACBDACAABCADACCDABCCBCABADAABCBDADDDABCDADBCADBDBBBCABBBBCADADBC,,,6,14354,,,,,,,,,,,,,
113683,109,,,,,,,,,25,12,51,112225210000410000000000441221000007125425000000121542500000511552255264,,00021577,,,,,,,,57,10,0,7,7,21577,,455521121554415151241555142551215411144552551442252254125241252444145444142525411121122225212512,BAAADCCDCAABBCACACDBCAAACBDAACDCABCCCBBAADAACBBDDADDABCDADBCDADBBBCBABBBCBDADABCCCDCCDDDDADCDACD,ABAACDCDACABBCACACBDACAABCADACCDABCCBCABADAABCBDADDDABCDADBCADBDBBBCABBBBCADADBCCCCDCDDDADCDADCD,,,7,21577,,,,,,,,,,,,,,,41,11,000000000000000000000000451500000007245154544500224514414000424511000000,,bb40ab96,,,,,,,,52,0,6,bb40ab96,3840,14354,,45552112155441515124155514255121541114455255144225225412524125244414544414252541,BAAADCCDCAABBCACACDBCAAACBDAACDCABCCCBBAADAACBBDDADDABCDADBCDADBBBCBABBBCBDADABC,ABAACDCDACABBCACACBDACAABCADACCDABCCBCABADAABCBDADDDABCDADBCADBDBBBCABBBBCADADBC,,,6,14354,,,,,,,,,,,,,
113724,110,,,,,,,,,12,51,41,112225210000410000000000441221500007125425200000121542500000511552255264,,00021584,,,,,,,,58,11,0,7,7,21584,,45552112155441515124155514255121541114455255144225225412524125244414544414252541112112222521251251,BAAADCCDCAABBCACACDBCAAACBDAACDCABCCCBBAADAACBBDDADDABCDADBCDADBBBCBABBBCBDADABCCCDCCDDDDADCDACDAC,ABAACDCDACABBCACACBDACAABCADACCDABCCBCABADAABCBDADDDABCDADBCADBDBBBCABBBBCADADBCCCCDCDDDADCDADCDAC,,,7,21584,,,,,,,,,,,,,,,41,11,000000000000000000000000451500000007245154544500224514414000424511000000,,bb40ab96,,,,,,,,52,0,6,bb40ab96,3840,14354,,45552112155441515124155514255121541114455255144225225412524125244414544414252541,BAAADCCDCAABBCACACDBCAAACBDAACDCABCCCBBAADAACBBDDADDABCDADBCDADBBBCBABBBCBDADABC,ABAACDCDACABBCACACBDACAABCADACCDABCCBCABADAABCBDADDDABCDADBCADBDBBBCABBBBCADADBC,,,6,14354,,,,,,,,,,,,,
113727,111,,,,,,,,,12,51,41,112225210000410000000000441221500007125425200000121542500000511552255264,,00021584,,,,,,,,58,11,0,7,7,21584,,45552112155441515124155514255121541114455255144225225412524125244414544414252541112112222521251251,BAAADCCDCAABBCACACDBCAAACBDAACDCABCCCBBAADAACBBDDADDABCDADBCDADBBBCBABBBCBDADABCCCDCCDDDDADCDACDAC,ABAACDCDACABBCACACBDACAABCADACCDABCCBCABADAABCBDADDDABCDADBCADBDBBBCABBBBCADADBCCCCDCDDDADCDADCDAC,,,7,21584,,,,,,,,,,,,,,,41,11,000000000000000000000000451500000007451545445000451441400000445110000000,,bb50a130,,,,,,,,53,0,7,bb50a130,6500,20854,,45552112155441515124155514255121541114455255144225225412524125244414544414252541,BAAADCCDCAABBCACACDBCAAACBDAACDCABCCCBBAADAACBBDDADDABCDADBCDADBBBCBABBBCBDADABC,ABAACDCDACABBCACACBDACAABCADACCDABCCBCABADAABCBDADDDABCDADBCADBDBBBCABBBBCADADBC,,,7,20854,,,,,,,,,,,,,
113764,112,,,,,,,,,51,41,22,112225210000410000000000441221500007125425220000121542510000511552255264,,00021590,,,,,,,,59,12,0,6,6,21590,,4555211215544151512415551425512154111445525514422522541252412524441454441425254111211222252125125141,BAAADCCDCAABBCACACDBCAAACBDAACDCABCCCBBAADAACBBDDADDABCDADBCDADBBBCBABBBCBDADABCCCDCCDDDDADCDACDACBC,ABAACDCDACABBCACACBDACAABCADACCDABCCBCABADAABCBDADDDABCDADBCADBDBBBCABBBBCADADBCCCCDCDDDADCDADCDACBC,,,7,21590,,,,,,,,,,,,,,,41,11,000000000000000000000000451500000007451545445000451441400000445110000000,,bb50a130,,,,,,,,53,0,7,bb50a130,6500,20854,,45552112155441515124155514255121541114455255144225225412524125244414544414252541,BAAADCCDCAABBCACACDBCAAACBDAACDCABCCCBBAADAACBBDDADDABCDADBCDADBBBCBABBBCBDADABC,ABAACDCDACABBCACACBDACAABCADACCDABCCBCABADAABCBDADDDABCDADBCADBDBBBCABBBBCADADBC,,,7,20854,,,,,,,,,,,,,
113800,113,,,,,,,,,41,22,45,112225210000410000000000441221551007125425220000121542510000511552255264,,00021596,,,,,,,,60,13,0,6,6,21596,,455521121554415151241555142551215411144552551442252254125241252444145444142525411121122225212512514122,BAAADCCDCAABBCACACDBCAAACBDAACDCABCCCBBAADAACBBDDADDABCDADBCDADBBBCBABBBCBDADABCCCDCCDDDDADCDACDACBCDD,ABAACDCDACABBCACACBDACAABCADACCDABCCBCABADAABCBDADDDABCDADBCADBDBBBCABBBBCADADBCCCCDCDDDADCDADCDACBCDD,,,7,21596,,,,,,,,,,,,,,,41,11,000000000000000000000000451500000007451545445000451441400000445110000000,,bb50a130,,,,,,,,53,0,7,bb50a130,6500,20854,,45552112155441515124155514255121541114455255144225225412524125244414544414252541,BAAADCCDCAABBCACACDBCAAACBDAACDCABCCCBBAADAACBBDDADDABCDADBCDADBBBCBABBBCBDADABC,ABAACDCDACABBCACACBDACAABCADACCDABCCBCABADAABCBDADDDABCDADBCADBDBBBCABBBBCADADBC,,,7,20854,,,,,,,,,,,,,
113809,114,,,,,,,,,41,22,45,112225210000410000000000441221551007125425220000121542510000511552255264,,00021596,,,,,,,,60,13,0,6,6,21596,,455521121554415151241555142551215411144552551442252254125241252444145444142525411121122225212512514122,BAAADCCDCAABBCACACDBCAAACBDAACDCABCCCBBAADAACBBDDADDABCDADBCDADBBBCBABBBCBDADABCCCDCCDDDDADCDACDACBCDD,ABAACDCDACABBCACACBDACAABCADACCDABCCBCABADAABCBDADDDABCDADBCADBDBBBCABBBBCADADBCCCCDCDDDADCDADCDACBCDD,,,7,21596,,,,,,,,,,,,,,,41,11,000000000000000000000000515000000007515454450000514414000000511000000000,,bb90a165,,,,,,,,54,0,8,bb90a165,14850,35704,,45552112155441515124155514255121541114455255144225225412524125244414544414252541,BAAADCCDCAABBCACACDBCAAACBDAACDCABCCCBBAADAACBBDDADDABCDADBCDADBBBCBABBBCBDADABC,ABAACDCDACABBCACACBDACAABCADACCDABCCBCABADAABCBDADDDABCDADBCADBDBBBCABBBBCADADBC,,,8,35704,,,,,,,,,,,,,
113848,115,,,,,,,,,22,45,54,112225210000414100000000441221551007125425220000121542510000511552255264,,00021607,,,,,,,,61,14,0,11,11,21607,,45552112155441515124155514255121541114455255144225225412524125244414544414252541112112222521251251412245,BAAADCCDCAABBCACACDBCAAACBDAACDCABCCCBBAADAACBBDDADDABCDADBCDADBBBCBABBBCBDADABCCCDCCDDDDADCDACDACBCDDBA,ABAACDCDACABBCACACBDACAABCADACCDABCCBCABADAABCBDADDDABCDADBCADBDBBBCABBBBCADADBCCCCDCDDDADCDADCDACBCDDAB,,,7,21607,,,,,,,,,,,,,,,41,11,000000000000000000000000515000000007515454450000514414000000511000000000,,bb90a165,,,,,,,,54,0,8,bb90a165,14850,35704,,45552112155441515124155514255121541114455255144225225412524125244414544414252541,BAAADCCDCAABBCACACDBCAAACBDAACDCABCCCBBAADAACBBDDADDABCDADBCDADBBBCBABBBCBDADABC,ABAACDCDACABBCACACBDACAABCADACCDABCCBCABADAABCBDADDDABCDADBCADBDBBBCABBBBCADADBC,,,8,35704,,,,,,,,,,,,,
113881,116,,,,,,,,,45,54,51,112225210000414100000000441221551007125425220000121542512200511552255264,,00021611,,,,,,,,62,15,0,4,4,21611,,4555211215544151512415551425512154111445525514422522541252412524441454441425254111211222252125125141224554,BAAADCCDCAABBCACACDBCAAACBDAACDCABCCCBBAADAACBBDDADDABCDADBCDADBBBCBABBBCBDADABCCCDCCDDDDADCDACDACBCDDBAAB,ABAACDCDACABBCACACBDACAABCADACCDABCCBCABADAABCBDADDDABCDADBCADBDBBBCABBBBCADADBCCCCDCDDDADCDADCDACBCDDABAB,,,7,21611,,,,,,,,,,,,,,,41,11,000000000000000000000000515000000007515454450000514414000000511000000000,,bb90a165,,,,,,,,54,0,8,bb90a165,14850,35704,,45552112155441515124155514255121541114455255144225225412524125244414544414252541,BAAADCCDCAABBCACACDBCAAACBDAACDCABCCCBBAADAACBBDDADDABCDADBCDADBBBCBABBBCBDADABC,ABAACDCDACABBCACACBDACAABCADACCDABCCBCABADAABCBDADDDABCDADBCADBDBBBCABBBBCADADBC,,,8,35704,,,,,,,,,,,,,
113901,117,,,,,,,,,45,54,51,112225210000414100000000441221551007125425220000121542512200511552255264,,00021611,,,,,,,,62,15,0,4,4,21611,,4555211215544151512415551425512154111445525514422522541252412524441454441425254111211222252125125141224554,BAAADCCDCAABBCACACDBCAAACBDAACDCABCCCBBAADAACBBDDADDABCDADBCDADBBBCBABBBCBDADABCCCDCCDDDDADCDACDACBCDDBAAB,ABAACDCDACABBCACACBDACAABCADACCDABCCBCABADAABCBDADDDABCDADBCADBDBBBCABBBBCADADBCCCCDCDDDADCDADCDACBCDDABAB,,,7,21611,,,,,,,,,,,,,,41,11,21,000000000000000000000000500000000007545445000000441400000000000000000000,,00035710,,,,,,,,55,1,0,6,6,35710,,4555211215544151512415551425512154111445525514422522541252412524441454441425254111,BAAADCCDCAABBCACACDBCAAACBDAACDCABCCCBBAADAACBBDDADDABCDADBCDADBBBCBABBBCBDADABCCC,ABAACDCDACABBCACACBDACAABCADACCDABCCBCABADAABCBDADDDABCDADBCADBDBBBCABBBBCADADBCCC,,,8,35710,,,,,,,,,,,,,
113948,118,,,,,,,,,45,54,51,112225210000414100000000441221551007125425220000121542512200511552255264,,00021611,,,,,,,,62,15,0,4,4,21611,,4555211215544151512415551425512154111445525514422522541252412524441454441425254111211222252125125141224554,BAAADCCDCAABBCACACDBCAAACBDAACDCABCCCBBAADAACBBDDADDABCDADBCDADBBBCBABBBCBDADABCCCDCCDDDDADCDACDACBCDDBAAB,ABAACDCDACABBCACACBDACAABCADACCDABCCBCABADAABCBDADDDABCDADBCADBDBBBCABBBBCADADBCCCCDCDDDADCDADCDACBCDDABAB,,,7,21611,,,,,,,,,,,,,,11,21,12,000000000000000000000000500000000007545445000000441414000000000000000000,,00035718,,,,,,,,56,2,0,8,8,35718,,455521121554415151241555142551215411144552551442252254125241252444145444142525411121,BAAADCCDCAABBCACACDBCAAACBDAACDCABCCCBBAADAACBBDDADDABCDADBCDADBBBCBABBBCBDADABCCCDC,ABAACDCDACABBCACACBDACAABCADACCDABCCBCABADAABCBDADDDABCDADBCADBDBBBCABBBBCADADBCCCCD,,,8,35718,,,,,,,,,,,,,
113987,120,,,,,,,,,,54,51,112225216666414245666660441221551666125425226666121142512266510052255264,,00021620,,,,,lose,,,63,15,0,9,9,21620,,4555211215544151512415551425512154111445525514422522541252412524441454441425254111211222252125125141224554,BAAADCCDCAABBCACACDBCAAACBDAACDCABCCCBBAADAACBBDDADDABCDADBCDADBBBCBABBBCBDADABCCCDCCDDDDADCDACDACBCDDBAAB,ABAACDCDACABBCACACBDACAABCADACCDABCCBCABADAABCBDADDDABCDADBCADBDBBBCABBBBCADADBCCCCDCDDDADCDADCDACBCDDABAB,,,7,21620,,,,,,,,,,,,,,11,21,12,000000000000000000000000500000000007545445000000441414000000000000000000,,00035718,,,,,,,,56,2,0,8,8,35718,,455521121554415151241555142551215411144552551442252254125241252444145444142525411121,BAAADCCDCAABBCACACDBCAAACBDAACDCABCCCBBAADAACBBDDADDABCDADBCDADBBBCBABBBCBDADABCCCDC,ABAACDCDACABBCACACBDACAABCADACCDABCCBCABADAABCBDADDDABCDADBCADBDBBBCABBBBCADADBCCCCD,,,8,35718,,,,,,,,,,,,,
113992,119,,,,,,,,,,54,51,112225216666414245666660441221551666125425226666121142512266510052255264,,00021620,,,,,lose,,,63,15,0,9,9,21620,,4555211215544151512415551425512154111445525514422522541252412524441454441425254111211222252125125141224554,BAAADCCDCAABBCACACDBCAAACBDAACDCABCCCBBAADAACBBDDADDABCDADBCDADBBBCBABBBCBDADABCCCDCCDDDDADCDACDACBCDDBAAB,ABAACDCDACABBCACACBDACAABCADACCDABCCBCABADAABCBDADDDABCDADBCADBDBBBCABBBBCADADBCCCCDCDDDADCDADCDACBCDDABAB,,,7,21620,,,,,,,,,,,,,,21,12,22,000000000000000000000000500000000007545445000000441414110000000000000000,,00035724,,,,,,,,57,3,0,6,6,35724,,45552112155441515124155514255121541114455255144225225412524125244414544414252541112112,BAAADCCDCAABBCACACDBCAAACBDAACDCABCCCBBAADAACBBDDADDABCDADBCDADBBBCBABBBCBDADABCCCDCCD,ABAACDCDACABBCACACBDACAABCADACCDABCCBCABADAABCBDADDDABCDADBCADBDBBBCABBBBCADADBCCCCDCD,,,8,35724,,,,,,,,,,,,,
114005,120,,,,,,,,,,54,51,112225216666414245666660441221551666125425226666121142512266510052255264,,00021620,,,,,lose,,,63,15,0,9,9,21620,,4555211215544151512415551425512154111445525514422522541252412524441454441425254111211222252125125141224554,BAAADCCDCAABBCACACDBCAAACBDAACDCABCCCBBAADAACBBDDADDABCDADBCDADBBBCBABBBCBDADABCCCDCCDDDDADCDACDACBCDDBAAB,ABAACDCDACABBCACACBDACAABCADACCDABCCBCABADAABCBDADDDABCDADBCADBDBBBCABBBBCADADBCCCCDCDDDADCDADCDACBCDDABAB,,,7,21620,,,,,,,,,,,,,,,12,22,000000000000000000000000500000000007545445000002441414110002000000000000,,00035724,,,,,win,,,58,3,0,0,0,35724,,45552112155441515124155514255121541114455255144225225412524125244414544414252541112112,BAAADCCDCAABBCACACDBCAAACBDAACDCABCCCBBAADAACBBDDADDABCDADBCDADBBBCBABBBCBDADABCCCDCCD,ABAACDCDACABBCACACBDACAABCADACCDABCCBCABADAABCBDADDDABCDADBCADBDBBBCABBBBCADADBCCCCDCD,,,8,35724,,,,,,,,,,,,,
