138460,0,,,,,,,,,,33,54,000000000000000000000000000000000007000000000000000000000000000000000000,000000,00000000,,,,,,,,0,0,0,0,0,0,,33,AA,AA,,,0,0,,,,,,,,,,,,,,,33,54,000000000000000000000000000000000007000000000000000000000000000000000000,000000,00000000,,,,,,,,0,0,0,0,0,0,,33,AA,AA,,,0,0,,,,,,,,,,,,,
138612,2,,,,,,,,,33,54,45,000000000000000000000000000000000007000000000000000000000000000000000000,,00000000,,,,,,,,1,1,0,0,0,0,,3354,AABC,AABC,,,0,0,,,,,,,,,,,,,,33,54,45,000000000000000000000000000000000007000000000000000000000000000000000000,,00000000,,,,,,,,1,1,0,0,0,0,,3354,AABC,AABC,,,0,0,,,,,,,,,,,,,
138662,3,,,,,,,,,54,45,51,300000000000300000000000000000000007000000000000000000000000000000000000,,00000013,,,,,,,,2,2,0,13,13,13,,335445,AABCCB,AABCBC,,,0,13,,,,,,,,,,,,,,33,54,45,000000000000000000000000000000000007000000000000000000000000000000000000,,00000000,,,,,,,,1,1,0,0,0,0,,3354,AABC,AABC,,,0,0,,,,,,,,,,,,,
138664,4,,,,,,,,,54,45,51,300000000000300000000000000000000007000000000000000000000000000000000000,,00000013,,,,,,,,2,2,0,13,13,13,,335445,AABCCB,AABCBC,,,0,13,,,,,,,,,,,,,,54,45,51,300000000000300000000000000000000007000000000000000000000000000000000000,,00000013,,,,,,,,2,2,0,13,13,13,,335445,AABCCB,AABCBC,,,0,13,,,,,,,,,,,,,
138712,5,,,,,,,,,45,51,15,300000000000300000000000000000000007450000000000000000000000000000000000,,00000025,,,,,,,,3,3,0,12,12,25,,33544551,AABCCBBD,AABCBCBD,,,0,25,,,,,,,,,,,,,,54,45,51,300000000000300000000000000000000007000000000000000000000000000000000000,,00000013,,,,,,,,2,2,0,13,13,13,,335445,AABCCB,AABCBC,,,0,13,,,,,,,,,,,,,
138714,6,,,,,,,,,45,51,15,300000000000300000000000000000000007450000000000000000000000000000000000,,00000025,,,,,,,,3,3,0,12,12,25,,33544551,AABCCBBD,AABCBCBD,,,0,25,,,,,,,,,,,,,,45,51,15,300000000000300000000000500000000007400000000000000000000000000000000000,,00000026,,,,,,,,3,3,0,13,13,26,,33544551,AABCCBBD,AABCBCBD,,,0,26,,,,,,,,,,,,,
138769,7,,,,,,,,,51,15,51,300000000000300000000000000000000007450000000000450000000000000000000000,,00000038,,,,,,,,4,4,0,13,13,38,,3354455115,AABCCBBDDB,AABCBCBDBD,,,0,38,,,,,,,,,,,,,,45,51,15,300000000000300000000000500000000007400000000000000000000000000000000000,,00000026,,,,,,,,3,3,0,13,13,26,,33544551,AABCCBBD,AABCBCBD,,,0,26,,,,,,,,,,,,,
138771,8,,,,,,,,,51,15,51,300000000000300000000000000000000007450000000000450000000000000000000000,,00000038,,,,,,,,4,4,0,13,13,38,,3354455115,AABCCBBDDB,AABCBCBDBD,,,0,38,,,,,,,,,,,,,,51,15,51,300000000000300000000000500000000007400000000000450000000000000000000000,,00000039,,,,,,,,4,4,0,13,13,39,,3354455115,AABCCBBDDB,AABCBCBDBD,,,0,39,,,,,,,,,,,,,
138821,9,,,,,,,,,51,15,51,300000000000300000000000000000000007450000000000450000000000000000000000,,00000038,,,,,,,,4,4,0,13,13,38,,3354455115,AABCCBBDDB,AABCBCBDBD,,,0,38,,,,,,,,,,,,,,15,51,44,300000000000300000000000500000000007451000000000450000000000000000000000,,00000051,,,,,,,,5,5,0,12,12,51,,335445511551,AABCCBBDDBBD,AABCBCBDBDBD,,,0,51,,,,,,,,,,,,,
138824,10,,,,,,,,,15,51,44,300000000000300000000000000000000007450000000000450000000000150000000000,,00000050,,,,,,,,5,5,0,12,12,50,,335445511551,AABCCBBDDBBD,AABCBCBDBDBD,,,0,50,,,,,,,,,,,,,,15,51,44,300000000000300000000000500000000007451000000000450000000000000000000000,,00000051,,,,,,,,5,5,0,12,12,51,,335445511551,AABCCBBDDBBD,AABCBCBDBDBD,,,0,51,,,,,,,,,,,,,
138878,11,,,,,,,,,15,51,44,300000000000300000000000000000000007450000000000450000000000150000000000,,00000050,,,,,,,,5,5,0,12,12,50,,335445511551,AABCCBBDDBBD,AABCBCBDBDBD,,,0,50,,,,,,,,,,,,,,51,44,34,300000000000300000000000500000000007451000000000450000000000150000000000,,00000064,,,,,,,,6,6,0,13,13,64,,33544551155144,AABCCBBDDBBDCC,AABCBCBDBDBDCC,,,0,64,,,,,,,,,,,,,
138896,12,,,,,,,,,51,44,34,300000000000300000000000500000000007451000000000450000000000150000000000,,00000061,,,,,,,,6,6,0,11,11,61,,33544551155144,AABCCBBDDBBDCC,AABCBCBDBDBDCC,,,0,61,,,,,,,,,,,,,,51,44,34,300000000000300000000000500000000007451000000000450000000000150000000000,,00000064,,,,,,,,6,6,0,13,13,64,,33544551155144,AABCCBBDDBBDCC,AABCBCBDBDBDCC,,,0,64,,,,,,,,,,,,,
138923,13,,,,,,,,,51,44,34,300000000000300000000000500000000007451000000000450000000000150000000000,,00000061,,,,,,,,6,6,0,11,11,61,,33544551155144,AABCCBBDDBBDCC,AABCBCBDBDBDCC,,,0,61,,,,,,,,,,,,,,44,34,31,300000000000300000000000500000000007451510000000450000000000150000000000,,00000074,,,,,,,,7,7,0,10,10,74,,3354455115514434,AABCCBBDDBBDCCAC,AABCBCBDBDBDCCAC,,,0,74,,,,,,,,,,,,,
138947,14,,,,,,,,,44,34,31,300000000000300000000000500000000007451000000000451500000000150000000000,,00000071,,,,,,,,7,7,0,10,10,71,,3354455115514434,AABCCBBDDBBDCCAC,AABCBCBDBDBDCCAC,,,0,71,,,,,,,,,,,,,,44,34,31,300000000000300000000000500000000007451510000000450000000000150000000000,,00000074,,,,,,,,7,7,0,10,10,74,,3354455115514434,AABCCBBDDBBDCCAC,AABCBCBDBDBDCCAC,,,0,74,,,,,,,,,,,,,
138974,15,,,,,,,,,44,34,31,300000000000300000000000500000000007451000000000451500000000150000000000,,00000071,,,,,,,,7,7,0,10,10,71,,3354455115514434,AABCCBBDDBBDCCAC,AABCBCBDBDBDCCAC,,,0,71,,,,,,,,,,,,,,34,31,33,340000000000340000000000500000000007451510000000450000000000150000000000,,00000086,,,,,,,,8,8,0,12,12,86,,335445511551443431,AABCCBBDDBBDCCACAD,AABCBCBDBDBDCCACAD,,,0,86,,,,,,,,,,,,,
139001,16,,,,,,,,,34,31,33,344000000000300000000000500000000007451000000000451500000000150000000000,,00000082,,,,,,,,8,8,0,11,11,82,,335445511551443431,AABCCBBDDBBDCCACAD,AABCBCBDBDBDCCACAD,,,0,82,,,,,,,,,,,,,,34,31,33,340000000000340000000000500000000007451510000000450000000000150000000000,,00000086,,,,,,,,8,8,0,12,12,86,,335445511551443431,AABCCBBDDBBDCCACAD,AABCBCBDBDBDCCACAD,,,0,86,,,,,,,,,,,,,
139021,17,,,,,,,,,34,31,33,344000000000300000000000500000000007451000000000451500000000150000000000,,00000082,,,,,,,,8,8,0,11,11,82,,335445511551443431,AABCCBBDDBBDCCACAD,AABCBCBDBDBDCCACAD,,,0,82,,,,,,,,,,,,,,31,33,51,344000000000343000000000500000000007451510000000450000000000150000000000,,00000097,,,,,,,,9,9,0,11,11,97,,33544551155144343133,AABCCBBDDBBDCCACADAA,AABCBCBDBDBDCCACADAA,,,0,97,,,,,,,,,,L_T1_GTR03_33000001,,,
139049,18,,,,,,,,,31,33,51,344000000000340000000000530000000007451000000000451500000000150000000000,,00000094,,,,,,,,9,9,0,12,12,94,,33544551155144343133,AABCCBBDDBBDCCACADAA,AABCBCBDBDBDCCACADAA,,,0,94,,,,,,,,,,,,,,31,33,51,344000000000343000000000500000000007451510000000450000000000150000000000,,00000097,,,,,,,,9,9,0,11,11,97,,33544551155144343133,AABCCBBDDBBDCCACADAA,AABCBCBDBDBDCCACADAA,,,0,97,,,,,,,,,,L_T1_GTR03_33000001,,,
139089,19,,,,,,,,,31,33,51,344000000000340000000000530000000007451000000000451500000000150000000000,,00000094,,,,,,,,9,9,0,12,12,94,,33544551155144343133,AABCCBBDDBBDCCACADAA,AABCBCBDBDBDCCACADAA,,,0,94,,,,,,,,,,,,,,33,51,33,344000000000343100000000530000000007451510000000450000000000150000000000,,00000107,,,,,,,,10,10,0,10,10,107,,3354455115514434313351,AABCCBBDDBBDCCACADAABD,AABCBCBDBDBDCCACADAABD,,,0,107,,,,,L_T1_GTR___standard,,,,,L_T1_GTR03_33000001,,,
139096,20,,,,,,,,,33,51,33,344000000000343100000000530000000007451000000000451500000000150000000000,,00000105,,,,,,,,10,10,0,11,11,105,,3354455115514434313351,AABCCBBDDBBDCCACADAABD,AABCBCBDBDBDCCACADAABD,,,0,105,,,,,L_T1_GTR___standard,,,,,L_T1_GTR03_33000001,,,,33,51,33,344000000000343100000000530000000007451510000000450000000000150000000000,,00000107,,,,,,,,10,10,0,10,10,107,,3354455115514434313351,AABCCBBDDBBDCCACADAABD,AABCBCBDBDBDCCACADAABD,,,0,107,,,,,L_T1_GTR___standard,,,,,L_T1_GTR03_33000001,,,
139132,21,,,,,,,,,33,51,33,344000000000343100000000530000000007451000000000451500000000150000000000,,00000105,,,,,,,,10,10,0,11,11,105,,3354455115514434313351,AABCCBBDDBBDCCACADAABD,AABCBCBDBDBDCCACADAABD,,,0,105,,,,,L_T1_GTR___standard,,,,,L_T1_GTR03_33000001,,,,51,33,51,344000000000343133000000530000000007451510000000450000000000150000000000,,00000115,,,,,,,,11,11,0,8,8,115,,335445511551443431335133,AABCCBBDDBBDCCACADAABDAA,AABCBCBDBDBDCCACADAABDAA,,,0,115,,,,,L_T1_GTR___standard,,,,,L_T1_GTR03_33000001,,,
139141,22,,,,,,,,,51,33,51,344330000000343100000000530000000007451000000000451500000000150000000000,,00000114,,,,,,,,11,11,0,9,9,114,,335445511551443431335133,AABCCBBDDBBDCCACADAABDAA,AABCBCBDBDBDCCACADAABDAA,,,0,114,,,,,L_T1_GTR___standard,,,,,L_T1_GTR03_33000001,,,,51,33,51,344000000000343133000000530000000007451510000000450000000000150000000000,,00000115,,,,,,,,11,11,0,8,8,115,,335445511551443431335133,AABCCBBDDBBDCCACADAABDAA,AABCBCBDBDBDCCACADAABDAA,,,0,115,,,,,L_T1_GTR___standard,,,,,L_T1_GTR03_33000001,,,
139177,23,,,,,,,,,51,33,51,344330000000343100000000530000000007451000000000451500000000150000000000,,00000114,,,,,,,,11,11,0,9,9,114,,335445511551443431335133,AABCCBBDDBBDCCACADAABDAA,AABCBCBDBDBDCCACADAABDAA,,,0,114,,,,,L_T1_GTR___standard,,,,,L_T1_GTR03_33000001,,,,33,51,55,344000000000343133000000535100000007451510000000450000000000150000000000,,00000126,,,,,,,,12,12,0,11,11,126,,33544551155144343133513351,AABCCBBDDBBDCCACADAABDAABD,AABCBCBDBDBDCCACADAABDAABD,,,0,126,,,,,L_T1_GTR___standard,,,,,L_T1_GTR03_33000001,,,
139187,24,,,,,,,,,33,51,55,344330000000343100000000535100000007451000000000451500000000150000000000,,00000125,,,,,,,,12,12,0,11,11,125,,33544551155144343133513351,AABCCBBDDBBDCCACADAABDAABD,AABCBCBDBDBDCCACADAABDAABD,,,0,125,,,,,L_T1_GTR___standard,,,,,L_T1_GTR03_33000001,,,,33,51,55,344000000000343133000000535100000007451510000000450000000000150000000000,,00000126,,,,,,,,12,12,0,11,11,126,,33544551155144343133513351,AABCCBBDDBBDCCACADAABDAABD,AABCBCBDBDBDCCACADAABDAABD,,,0,126,,,,,L_T1_GTR___standard,,,,,L_T1_GTR03_33000001,,,
139232,25,,,,,,,,,51,55,15,344330000000343100000000535100000007451330000000451500000000150000000000,,00000134,,,,,,,,13,13,0,9,9,134,,3354455115514434313351335155,AABCCBBDDBBDCCACADAABDAABDBB,AABCBCBDBDBDCCACADAABDAABDBB,,,0,134,,,,,L_T1_GTR___standard,,,,,L_T1_GTR03_33000001,,,,33,51,55,344000000000343133000000535100000007451510000000450000000000150000000000,,00000126,,,,,,,,12,12,0,11,11,126,,33544551155144343133513351,AABCCBBDDBBDCCACADAABDAABD,AABCBCBDBDBDCCACADAABDAABD,,,0,126,,,,,L_T1_GTR___standard,,,,,L_T1_GTR03_33000001,,,
139235,26,,,,,,,,,51,55,15,344330000000343100000000535100000007451330000000451500000000150000000000,,00000134,,,,,,,,13,13,0,9,9,134,,3354455115514434313351335155,AABCCBBDDBBDCCACADAABDAABDBB,AABCBCBDBDBDCCACADAABDAABDBB,,,0,134,,,,,L_T1_GTR___standard,,,,,L_T1_GTR03_33000001,,,,51,55,15,344000000000343133000000535130000007451513000000450000000000150000000000,,00000134,,,,,,,,13,13,0,8,8,134,,3354455115514434313351335155,AABCCBBDDBBDCCACADAABDAABDBB,AABCBCBDBDBDCCACADAABDAABDBB,,,0,134,,,,,L_T1_GTR___standard,,,,,L_T1_GTR03_33000001,,,
139282,27,,,,,,,,,51,55,15,344330000000343100000000535100000007451330000000451500000000150000000000,,00000134,,,,,,,,13,13,0,9,9,134,,3354455115514434313351335155,AABCCBBDDBBDCCACADAABDAABDBB,AABCBCBDBDBDCCACADAABDAABDBB,,,0,134,,,,,L_T1_GTR___standard,,,,,L_T1_GTR03_33000001,,,,55,15,41,344150000000343133000000535130000007451513000000450000000000150000000000,,00000143,,,,,,,,14,14,0,9,9,143,,335445511551443431335133515515,AABCCBBDDBBDCCACADAABDAABDBBDB,AABCBCBDBDBDCCACADAABDAABDBBBD,,,0,143,,,,,L_T1_GTR___standard/L_T1_GTR___zabuton_,,,,,L_T1_GTR03_33000001,,,
139303,28,,,,,,,,,55,15,41,344330000000343100000000535100000007451330000000451550000000151000000000,,00000143,,,,,,,,14,14,0,9,9,143,,335445511551443431335133515515,AABCCBBDDBBDCCACADAABDAABDBBDB,AABCBCBDBDBDCCACADAABDAABDBBBD,,,0,143,,,,,L_T1_GTR___standard,,,,,L_T1_GTR03_33000001,,,,55,15,41,344150000000343133000000535130000007451513000000450000000000150000000000,,00000143,,,,,,,,14,14,0,9,9,143,,335445511551443431335133515515,AABCCBBDDBBDCCACADAABDAABDBBDB,AABCBCBDBDBDCCACADAABDAABDBBBD,,,0,143,,,,,L_T1_GTR___standard/L_T1_GTR___zabuton_,,,,,L_T1_GTR03_33000001,,,
139323,29,,,,,,,,,55,15,41,344330000000343100000000535100000007451330000000451550000000151000000000,,00000143,,,,,,,,14,14,0,9,9,143,,335445511551443431335133515515,AABCCBBDDBBDCCACADAABDAABDBBDB,AABCBCBDBDBDCCACADAABDAABDBBBD,,,0,143,,,,,L_T1_GTR___standard,,,,,L_T1_GTR03_33000001,,,,15,41,44,344155500000343133000000535130000007451513000000450000000000150000000000,,00000150,,,,,,,,15,15,0,7,7,150,,33544551155144343133513351551541,AABCCBBDDBBDCCACADAABDAABDBBDBCD,AABCBCBDBDBDCCACADAABDAABDBBBDCD,,,0,150,,,,,L_T1_GTR___standard/L_T1_GTR___zabuton_,,,,,L_T1_GTR03_33000001,,,
139343,30,,,,,,,,,15,41,44,344330000000343100000000535155000007451330000000451550000000151000000000,,00000151,,,,,,,,15,15,0,8,8,151,,33544551155144343133513351551541,AABCCBBDDBBDCCACADAABDAABDBBDBCD,AABCBCBDBDBDCCACADAABDAABDBBBDCD,,,0,151,,,,,L_T1_GTR___standard,,,,,L_T1_GTR03_33000001,,,,15,41,44,344155500000343133000000535130000007451513000000450000000000150000000000,,00000150,,,,,,,,15,15,0,7,7,150,,33544551155144343133513351551541,AABCCBBDDBBDCCACADAABDAABDBBDBCD,AABCBCBDBDBDCCACADAABDAABDBBBDCD,,,0,150,,,,,L_T1_GTR___standard/L_T1_GTR___zabuton_,,,,,L_T1_GTR03_33000001,,,
139363,31,,,,,,,,,15,41,44,344330000000343100000000535155000007451330000000451550000000151000000000,,00000151,,,,,,,,15,15,0,8,8,151,,33544551155144343133513351551541,AABCCBBDDBBDCCACADAABDAABDBBDBCD,AABCBCBDBDBDCCACADAABDAABDBBBDCD,,,0,151,,,,,L_T1_GTR___standard,,,,,L_T1_GTR03_33000001,,,,41,44,41,344155500000343133150000535130000007451513000000450000000000150000000000,,00000157,,,,,,,,16,16,0,7,7,157,,3354455115514434313351335155154144,AABCCBBDDBBDCCACADAABDAABDBBDBCDCC,AABCBCBDBDBDCCACADAABDAABDBBBDCDCC,,,0,157,,,,,L_T1_GTR___standard/L_T1_GTR___zabuton_,,,,,L_T1_GTR03_33000001,,,
139387,32,,,,,,,,,41,44,41,344330000000343115000000535155000007451330000000451550000000151000000000,,00000160,,,,,,,,16,16,0,9,9,160,,3354455115514434313351335155154144,AABCCBBDDBBDCCACADAABDAABDBBDBCDCC,AABCBCBDBDBDCCACADAABDAABDBBBDCDCC,,,0,160,,,,,L_T1_GTR___standard,,,,,L_T1_GTR03_33000001,,,,41,44,41,344155500000343133150000535130000007451513000000450000000000150000000000,,00000157,,,,,,,,16,16,0,7,7,157,,3354455115514434313351335155154144,AABCCBBDDBBDCCACADAABDAABDBBDBCDCC,AABCBCBDBDBDCCACADAABDAABDBBBDCDCC,,,0,157,,,,,L_T1_GTR___standard/L_T1_GTR___zabuton_,,,,,L_T1_GTR03_33000001,,,
139416,33,,,,,,,,,41,44,41,344330000000343115000000535155000007451330000000451550000000151000000000,,00000160,,,,,,,,16,16,0,9,9,160,,3354455115514434313351335155154144,AABCCBBDDBBDCCACADAABDAABDBBDBCDCC,AABCBCBDBDBDCCACADAABDAABDBBBDCDCC,,,0,160,,,,,L_T1_GTR___standard,,,,,L_T1_GTR03_33000001,,,,44,41,41,344155500000343133150000535130000007451513000000454100000000150000000000,,00000168,,,,,,,,17,17,0,11,11,168,,335445511551443431335133515515414441,AABCCBBDDBBDCCACADAABDAABDBBDBCDCCCD,AABCBCBDBDBDCCACADAABDAABDBBBDCDCCCD,,,0,168,,,,,L_T1_GTR___standard/L_T1_GTR___zabuton_,,,,,L_T1_GTR03_33000001,,,
139436,34,,,,,,,,,44,41,41,344330000000343115000000535155000007451330000000451554100000151000000000,,00000168,,,,,,,,17,17,0,8,8,168,,335445511551443431335133515515414441,AABCCBBDDBBDCCACADAABDAABDBBDBCDCCCD,AABCBCBDBDBDCCACADAABDAABDBBBDCDCCCD,,,0,168,,,,,L_T1_GTR___standard,,,,,L_T1_GTR03_33000001,,,,44,41,41,344155500000343133150000535130000007451513000000454100000000150000000000,,00000168,,,,,,,,17,17,0,11,11,168,,335445511551443431335133515515414441,AABCCBBDDBBDCCACADAABDAABDBBDBCDCCCD,AABCBCBDBDBDCCACADAABDAABDBBBDCDCCCD,,,0,168,,,,,L_T1_GTR___standard/L_T1_GTR___zabuton_,,,,,L_T1_GTR03_33000001,,,
139465,35,,,,,,,,,44,41,41,344330000000343115000000535155000007451330000000451554100000151000000000,,00000168,,,,,,,,17,17,0,8,8,168,,335445511551443431335133515515414441,AABCCBBDDBBDCCACADAABDAABDBBDBCDCCCD,AABCBCBDBDBDCCACADAABDAABDBBBDCDCCCD,,,0,168,,,,,L_T1_GTR___standard,,,,,L_T1_GTR03_33000001,,,,41,41,34,344155500000343133150000535130000007451513000000454100000000154400000000,,00000178,,,,,,,,18,18,0,10,10,178,,33544551155144343133513351551541444141,AABCCBBDDBBDCCACADAABDAABDBBDBCDCCCDCD,AABCBCBDBDBDCCACADAABDAABDBBBDCDCCCDCD,,,0,178,,,,,L_T1_GTR___standard/L_T1_GTR___zabuton_,,,,,L_T1_GTR03_33000001,,,
139481,36,,,,,,,,,41,41,34,344330000000343115000000535155000007451330000000451554100000151440000000,,00000177,,,,,,,,18,18,0,9,9,177,,33544551155144343133513351551541444141,AABCCBBDDBBDCCACADAABDAABDBBDBCDCCCDCD,AABCBCBDBDBDCCACADAABDAABDBBBDCDCCCDCD,,,0,177,,,,,L_T1_GTR___standard,,,,,L_T1_GTR03_33000001,,,,41,41,34,344155500000343133150000535130000007451513000000454100000000154400000000,,00000178,,,,,,,,18,18,0,10,10,178,,33544551155144343133513351551541444141,AABCCBBDDBBDCCACADAABDAABDBBDBCDCCCDCD,AABCBCBDBDBDCCACADAABDAABDBBBDCDCCCDCD,,,0,178,,,,,L_T1_GTR___standard/L_T1_GTR___zabuton_,,,,,L_T1_GTR03_33000001,,,
139512,37,,,,,,,,,41,41,34,344330000000343115000000535155000007451330000000451554100000151440000000,,00000177,,,,,,,,18,18,0,9,9,177,,33544551155144343133513351551541444141,AABCCBBDDBBDCCACADAABDAABDBBDBCDCCCDCD,AABCBCBDBDBDCCACADAABDAABDBBBDCDCCCDCD,,,0,177,,,,,L_T1_GTR___standard,,,,,L_T1_GTR03_33000001,,,,41,34,54,344155500000343133150000535130000007451513000000454140000000154410000000,,00000187,,,,,,,,19,19,0,9,9,187,,3354455115514434313351335155154144414134,AABCCBBDDBBDCCACADAABDAABDBBDBCDCCCDCDAC,AABCBCBDBDBDCCACADAABDAABDBBBDCDCCCDCDAC,,,0,187,,,,,L_T1_GTR___standard/L_T1_GTR___zabuton_,,,,,L_T1_GTR03_33000001,,,
139524,38,,,,,,,,,41,34,54,344330000000343115000000535155000007451334100000451554100000151440000000,,00000185,,,,,,,,19,19,0,8,8,185,,3354455115514434313351335155154144414134,AABCCBBDDBBDCCACADAABDAABDBBDBCDCCCDCDAC,AABCBCBDBDBDCCACADAABDAABDBBBDCDCCCDCDAC,,,0,185,,,,,L_T1_GTR___standard,,,,,L_T1_GTR03_33000001,,,,41,34,54,344155500000343133150000535130000007451513000000454140000000154410000000,,00000187,,,,,,,,19,19,0,9,9,187,,3354455115514434313351335155154144414134,AABCCBBDDBBDCCACADAABDAABDBBDBCDCCCDCDAC,AABCBCBDBDBDCCACADAABDAABDBBBDCDCCCDCDAC,,,0,187,,,,,L_T1_GTR___standard/L_T1_GTR___zabuton_,,,,,L_T1_GTR03_33000001,,,
139555,39,,,,,,,,,41,34,54,344330000000343115000000535155000007451334100000451554100000151440000000,,00000185,,,,,,,,19,19,0,8,8,185,,3354455115514434313351335155154144414134,AABCCBBDDBBDCCACADAABDAABDBBDBCDCCCDCDAC,AABCBCBDBDBDCCACADAABDAABDBBBDCDCCCDCDAC,,,0,185,,,,,L_T1_GTR___standard,,,,,L_T1_GTR03_33000001,,,,34,54,13,344155500000343133150000535130000007451513000000454144000000154411000000,,00000195,,,,,,,,20,20,0,8,8,195,,335445511551443431335133515515414441413454,AABCCBBDDBBDCCACADAABDAABDBBDBCDCCCDCDACBC,AABCBCBDBDBDCCACADAABDAABDBBBDCDCCCDCDACBC,,,0,195,,,,,L_T1_GTR___standard/L_T1_GTR___zabuton_,,,,,L_T1_GTR03_33000001,,,
139559,40,,,,,,,,,34,54,13,344330000000343115000000535155000007451334114000451554100000151440000000,,00000190,,,,,,,,20,20,0,5,5,190,,335445511551443431335133515515414441413454,AABCCBBDDBBDCCACADAABDAABDBBDBCDCCCDCDACBC,AABCBCBDBDBDCCACADAABDAABDBBBDCDCCCDCDACBC,,,0,190,,,,,L_T1_GTR___standard,,,,,L_T1_GTR03_33000001,,,,34,54,13,344155500000343133150000535130000007451513000000454144000000154411000000,,00000195,,,,,,,,20,20,0,8,8,195,,335445511551443431335133515515414441413454,AABCCBBDDBBDCCACADAABDAABDBBDBCDCCCDCDACBC,AABCBCBDBDBDCCACADAABDAABDBBBDCDCCCDCDACBC,,,0,195,,,,,L_T1_GTR___standard/L_T1_GTR___zabuton_,,,,,L_T1_GTR03_33000001,,,
139595,41,,,,,,,,,34,54,13,344330000000343115000000535155000007451334114000451554100000151440000000,,00000190,,,,,,,,20,20,0,5,5,190,,335445511551443431335133515515414441413454,AABCCBBDDBBDCCACADAABDAABDBBDBCDCCCDCDACBC,AABCBCBDBDBDCCACADAABDAABDBBBDCDCCCDCDACBC,,,0,190,,,,,L_T1_GTR___standard,,,,,L_T1_GTR03_33000001,,,,54,13,45,344155500000343133150000535130000007451513340000454144000000154411000000,,00000202,,,,,,,,21,21,0,7,7,202,,33544551155144343133513351551541444141345413,AABCCBBDDBBDCCACADAABDAABDBBDBCDCCCDCDACBCDA,AABCBCBDBDBDCCACADAABDAABDBBBDCDCCCDCDACBCAD,,,0,202,,,,,L_T1_GTR___standard/L_T1_GTR___zabuton_,,,,,L_T1_GTR03_33000001,,,
139600,42,,,,,,,,,54,13,45,344330000000343115300000535155400007451334114000451554100000151440000000,,00000197,,,,,,,,21,21,0,7,7,197,,33544551155144343133513351551541444141345413,AABCCBBDDBBDCCACADAABDAABDBBDBCDCCCDCDACBCDA,AABCBCBDBDBDCCACADAABDAABDBBBDCDCCCDCDACBCAD,,,0,197,,,,,L_T1_GTR___standard,,,,,L_T1_GTR03_33000001,,,,54,13,45,344155500000343133150000535130000007451513340000454144000000154411000000,,00000202,,,,,,,,21,21,0,7,7,202,,33544551155144343133513351551541444141345413,AABCCBBDDBBDCCACADAABDAABDBBDBCDCCCDCDACBCDA,AABCBCBDBDBDCCACADAABDAABDBBBDCDCCCDCDACBCAD,,,0,202,,,,,L_T1_GTR___standard/L_T1_GTR___zabuton_,,,,,L_T1_GTR03_33000001,,,
139633,43,,,,,,,,,13,45,44,344330000000343115300000535155445007451334114000451554100000151440000000,,00000202,,,,,,,,22,22,0,5,5,202,,3354455115514434313351335155154144414134541345,AABCCBBDDBBDCCACADAABDAABDBBDBCDCCCDCDACBCDACB,AABCBCBDBDBDCCACADAABDAABDBBBDCDCCCDCDACBCADBC,,,0,202,,,,,L_T1_GTR___standard,,,,,L_T1_GTR03_33000001,,,,54,13,45,344155500000343133150000535130000007451513340000454144000000154411000000,,00000202,,,,,,,,21,21,0,7,7,202,,33544551155144343133513351551541444141345413,AABCCBBDDBBDCCACADAABDAABDBBDBCDCCCDCDACBCDA,AABCBCBDBDBDCCACADAABDAABDBBBDCDCCCDCDACBCAD,,,0,202,,,,,L_T1_GTR___standard/L_T1_GTR___zabuton_,,,,,L_T1_GTR03_33000001,,,
139640,44,,,,,,,,,13,45,44,344330000000343115300000535155445007451334114000451554100000151440000000,,00000202,,,,,,,,22,22,0,5,5,202,,3354455115514434313351335155154144414134541345,AABCCBBDDBBDCCACADAABDAABDBBDBCDCCCDCDACBCDACB,AABCBCBDBDBDCCACADAABDAABDBBBDCDCCCDCDACBCADBC,,,0,202,,,,,L_T1_GTR___standard,,,,,L_T1_GTR03_33000001,,,,13,45,44,344155500000343133150000535130000007451513340000454144400000154411500000,,00000209,,,,,,,,22,22,0,7,7,209,,3354455115514434313351335155154144414134541345,AABCCBBDDBBDCCACADAABDAABDBBDBCDCCCDCDACBCDACB,AABCBCBDBDBDCCACADAABDAABDBBBDCDCCCDCDACBCADBC,,,0,209,,,,,L_T1_GTR___standard/L_T1_GTR___zabuton_,,,,,L_T1_GTR03_33000001,,,
139670,45,,,,,,,,,13,45,44,344330000000343115300000535155445007451334114000451554100000151440000000,,00000202,,,,,,,,22,22,0,5,5,202,,3354455115514434313351335155154144414134541345,AABCCBBDDBBDCCACADAABDAABDBBDBCDCCCDCDACBCDACB,AABCBCBDBDBDCCACADAABDAABDBBBDCDCCCDCDACBCADBC,,,0,202,,,,,L_T1_GTR___standard,,,,,L_T1_GTR03_33000001,,,,,45,44,344155500000343133150000535133100007451513340000454144400000154411500000,,bb60abb3,,,,,,,,23,0,1,bb60abb3,180,389,,3354455115514434313351335155154144414134541345,AABCCBBDDBBDCCACADAABDAABDBBDBCDCCCDCDACBCDACB,AABCBCBDBDBDCCACADAABDAABDBBBDCDCCCDCDACBCADBC,,,1,389,,,,,L_T1_GTR___standard/L_T1_GTR___zabuton_,,,,,L_T1_GTR03_33000001,,,
139677,46,,,,,,,,,45,44,55,344333100000343115300000535155445007451334114000451554100000151440000000,,00000209,,,,,,,,23,23,0,7,7,209,,335445511551443431335133515515414441413454134544,AABCCBBDDBBDCCACADAABDAABDBBDBCDCCCDCDACBCDACBCC,AABCBCBDBDBDCCACADAABDAABDBBBDCDCCCDCDACBCADBCCC,,,0,209,,,,,L_T1_GTR___standard,,,,,L_T1_GTR03_33000001,,,,,45,44,344155500000343133150000535133100007451513340000454144400000154411500000,,bb60abb3,,,,,,,,23,0,1,bb60abb3,180,389,,3354455115514434313351335155154144414134541345,AABCCBBDDBBDCCACADAABDAABDBBDBCDCCCDCDACBCDACB,AABCBCBDBDBDCCACADAABDAABDBBBDCDCCCDCDACBCADBC,,,1,389,,,,,L_T1_GTR___standard/L_T1_GTR___zabuton_,,,,,L_T1_GTR03_33000001,,,
139727,47,,,,,,,,,44,55,44,344333100000343115300000535155445007451334114000451554100000151445400000,,00000216,,,,,,,,24,24,0,7,7,216,,33544551155144343133513351551541444141345413454455,AABCCBBDDBBDCCACADAABDAABDBBDBCDCCCDCDACBCDACBCCBB,AABCBCBDBDBDCCACADAABDAABDBBBDCDCCCDCDACBCADBCCCBB,,,0,216,,,,,L_T1_GTR___standard,,,,,L_T1_GTR03_33000001,,,,,45,44,344155500000343133150000535133100007451513340000454144400000154411500000,,bb60abb3,,,,,,,,23,0,1,bb60abb3,180,389,,3354455115514434313351335155154144414134541345,AABCCBBDDBBDCCACADAABDAABDBBDBCDCCCDCDACBCDACB,AABCBCBDBDBDCCACADAABDAABDBBBDCDCCCDCDACBCADBC,,,1,389,,,,,L_T1_GTR___standard/L_T1_GTR___zabuton_,,,,,L_T1_GTR03_33000001,,,
139753,48,,,,,,,,,44,55,44,344333100000343115300000535155445007451334114000451554100000151445400000,,00000216,,,,,,,,24,24,0,7,7,216,,33544551155144343133513351551541444141345413454455,AABCCBBDDBBDCCACADAABDAABDBBDBCDCCCDCDACBCDACBCCBB,AABCBCBDBDBDCCACADAABDAABDBBBDCDCCCDCDACBCADBCCCBB,,,0,216,,,,,L_T1_GTR___standard,,,,,L_T1_GTR03_33000001,,,,,45,44,344155500000343115000000535110000007451514000000454144400000154411500000,,b140ab17,,,,,,,,24,0,2,b140ab17,2380,2769,,3354455115514434313351335155154144414134541345,AABCCBBDDBBDCCACADAABDAABDBBDBCDCCCDCDACBCDACB,AABCBCBDBDBDCCACADAABDAABDBBBDCDCCCDCDACBCADBC,,,2,2769,,,,,L_T1_GTR___standard,,,,,L_T1_GTR03_33000001,,,
139768,49,,,,,,,,,55,44,43,344333100000343115300000535155445007451334114000451554100000151445444000,,00000221,,,,,,,,25,25,0,5,5,221,,3354455115514434313351335155154144414134541345445544,AABCCBBDDBBDCCACADAABDAABDBBDBCDCCCDCDACBCDACBCCBBCC,AABCBCBDBDBDCCACADAABDAABDBBBDCDCCCDCDACBCADBCCCBBCC,,,0,221,,,,,L_T1_GTR___standard,,,,,L_T1_GTR03_33000001,,,,,45,44,344155500000343115000000535110000007451514000000454144400000154411500000,,b140ab17,,,,,,,,24,0,2,b140ab17,2380,2769,,3354455115514434313351335155154144414134541345,AABCCBBDDBBDCCACADAABDAABDBBDBCDCCCDCDACBCDACB,AABCBCBDBDBDCCACADAABDAABDBBBDCDCCCDCDACBCADBC,,,2,2769,,,,,L_T1_GTR___standard,,,,,L_T1_GTR03_33000001,,,
139799,50,,,,,,,,,44,43,11,344333100000343115300000535155445557451334114000451554100000151445444000,,00000225,,,,,,,,26,26,0,4,4,225,,335445511551443431335133515515414441413454134544554443,AABCCBBDDBBDCCACADAABDAABDBBDBCDCCCDCDACBCDACBCCBBCCCA,AABCBCBDBDBDCCACADAABDAABDBBBDCDCCCDCDACBCADBCCCBBCCAC,,,0,225,,,,,L_T1_GTR___standard,,,,,L_T1_GTR03_33000001,,,,,45,44,344155500000343115000000535110000007451514000000454144400000154411500000,,b140ab17,,,,,,,,24,0,2,b140ab17,2380,2769,,3354455115514434313351335155154144414134541345,AABCCBBDDBBDCCACADAABDAABDBBDBCDCCCDCDACBCDACB,AABCBCBDBDBDCCACADAABDAABDBBBDCDCCCDCDACBCADBC,,,2,2769,,,,,L_T1_GTR___standard,,,,,L_T1_GTR03_33000001,,,
139817,51,,,,,,,,,44,43,11,344333100000343115300000535155445557451334114000451554100000151445444000,,00000225,,,,,,,,26,26,0,4,4,225,,335445511551443431335133515515414441413454134544554443,AABCCBBDDBBDCCACADAABDAABDBBDBCDCCCDCDACBCDACBCCBBCCCA,AABCBCBDBDBDCCACADAABDAABDBBBDCDCCCDCDACBCADBCCCBBCCAC,,,0,225,,,,,L_T1_GTR___standard,,,,,L_T1_GTR03_33000001,,,,45,44,55,344000000000343000000000535000000007451500000000454100000000154411500000,,00002776,,,,,,,,25,1,0,7,7,2776,,335445511551443431335133515515414441413454134544,AABCCBBDDBBDCCACADAABDAABDBBDBCDCCCDCDACBCDACBCC,AABCBCBDBDBDCCACADAABDAABDBBBDCDCCCDCDACBCADBCCC,,,2,2776,,,,,L_T1_GTR___standard,,,,,L_T1_GTR03_33000001,,,
139834,52,,,,,,,,,,43,11,344333100000343115344000535155445550451334114000451554100000151445444000,,bb40abb1,,,,,,,,27,0,1,bb40abb1,40,265,,335445511551443431335133515515414441413454134544554443,AABCCBBDDBBDCCACADAABDAABDBBDBCDCCCDCDACBCDACBCCBBCCCA,AABCBCBDBDBDCCACADAABDAABDBBBDCDCCCDCDACBCADBCCCBBCCAC,,,1,265,,,,,L_T1_GTR___standard,,,,,L_T1_GTR03_33000001,,,,45,44,55,344000000000343000000000535000000007451500000000454100000000154411500000,,00002776,,,,,,,,25,1,0,7,7,2776,,335445511551443431335133515515414441413454134544,AABCCBBDDBBDCCACADAABDAABDBBDBCDCCCDCDACBCDACBCC,AABCBCBDBDBDCCACADAABDAABDBBBDCDCCCDCDACBCADBCCC,,,2,2776,,,,,L_T1_GTR___standard,,,,,L_T1_GTR03_33000001,,,
139874,53,,,,,,,,,,43,11,344333100000343115344000535155445550451334114000451554100000151445444000,,bb40abb1,,,,,,,,27,0,1,bb40abb1,40,265,,335445511551443431335133515515414441413454134544554443,AABCCBBDDBBDCCACADAABDAABDBBDBCDCCCDCDACBCDACBCCBBCCCA,AABCBCBDBDBDCCACADAABDAABDBBBDCDCCCDCDACBCADBCCCBBCCAC,,,1,265,,,,,L_T1_GTR___standard,,,,,L_T1_GTR03_33000001,,,,,44,55,344400000000343500000000535000000007451500000000454100000000154411500000,,bb40abb1,,,,,,,,26,0,1,bb40abb1,40,2816,,335445511551443431335133515515414441413454134544,AABCCBBDDBBDCCACADAABDAABDBBDBCDCCCDCDACBCDACBCC,AABCBCBDBDBDCCACADAABDAABDBBBDCDCCCDCDACBCADBCCC,,,2,2816,,,,,,,,,,,,,
139916,54,,,,,,,,,,43,11,344333100000343115300000535155555007451334114000451554100000151445444000,,bb60ab11,,,,,,,,28,0,2,bb60ab11,660,925,,335445511551443431335133515515414441413454134544554443,AABCCBBDDBBDCCACADAABDAABDBBDBCDCCCDCDACBCDACBCCBBCCCA,AABCBCBDBDBDCCACADAABDAABDBBBDCDCCCDCDACBCADBCCCBBCCAC,,,2,925,,,,,L_T1_GTR___standard,,,,,L_T1_GTR03_33000001,,,,,44,55,344400000000343500000000535000000007451500000000454100000000154411500000,,bb40abb1,,,,,,,,26,0,1,bb40abb1,40,2816,,335445511551443431335133515515414441413454134544,AABCCBBDDBBDCCACADAABDAABDBBDBCDCCCDCDACBCDACBCC,AABCBCBDBDBDCCACADAABDAABDBBBDCDCCCDCDACBCADBCCC,,,2,2816,,,,,,,,,,,,,
139955,55,,,,,,,,,,43,11,344333100000343115300000535155555007451334114000451554100000151445444000,,bb60ab11,,,,,,,,28,0,2,bb60ab11,660,925,,335445511551443431335133515515414441413454134544554443,AABCCBBDDBBDCCACADAABDAABDBBDBCDCCCDCDACBCDACBCCBBCCCA,AABCBCBDBDBDCCACADAABDAABDBBBDCDCCCDCDACBCADBCCCBBCCAC,,,2,925,,,,,L_T1_GTR___standard,,,,,L_T1_GTR03_33000001,,,,,44,55,300000000000335000000000535000000007451500000000454100000000154411500000,,bb40abb8,,,,,,,,27,0,2,bb40abb8,320,3136,,335445511551443431335133515515414441413454134544,AABCCBBDDBBDCCACADAABDAABDBBDBCDCCCDCDACBCDACBCC,AABCBCBDBDBDCCACADAABDAABDBBBDCDCCCDCDACBCADBCCC,,,2,3136,,,,,,,,,,,,,
139997,56,,,,,,,,,,43,11,344333100000343113000000535100000007451334114000451554100000151445444000,,bb40ab16,,,,,,,,29,0,3,bb40ab16,640,1565,,335445511551443431335133515515414441413454134544554443,AABCCBBDDBBDCCACADAABDAABDBBDBCDCCCDCDACBCDACBCCBBCCCA,AABCBCBDBDBDCCACADAABDAABDBBBDCDCCCDCDACBCADBCCCBBCCAC,,,3,1565,,,,,L_T1_GTR___standard,,,,,L_T1_GTR03_33000001,,,,,44,55,300000000000335000000000535000000007451500000000454100000000154411500000,,bb40abb8,,,,,,,,27,0,2,bb40abb8,320,3136,,335445511551443431335133515515414441413454134544,AABCCBBDDBBDCCACADAABDAABDBBDBCDCCCDCDACBCDACBCC,AABCBCBDBDBDCCACADAABDAABDBBBDCDCCCDCDACBCADBCCC,,,2,3136,,,,,,,,,,,,,
140036,57,,,,,,,,,,43,11,344333100000343113000000535100000007451334114000451554100000151445444000,,bb40ab16,,,,,,,,29,0,3,bb40ab16,640,1565,,335445511551443431335133515515414441413454134544554443,AABCCBBDDBBDCCACADAABDAABDBBDBCDCCCDCDACBCDACBCCBBCCCA,AABCBCBDBDBDCCACADAABDAABDBBBDCDCCCDCDACBCADBCCCBBCCAC,,,3,1565,,,,,L_T1_GTR___standard,,,,,L_T1_GTR03_33000001,,,,,44,55,000000000000500000000000550000000007451500000000454100000000154411500000,,bb60ab19,,,,,,,,28,0,3,bb60ab19,1140,4276,,335445511551443431335133515515414441413454134544,AABCCBBDDBBDCCACADAABDAABDBBDBCDCCCDCDACBCDACBCC,AABCBCBDBDBDCCACADAABDAABDBBBDCDCCCDCDACBCADBCCC,,,3,4276,,,,,,,,,,,,,
140080,58,,,,,,,,,,43,11,344100000000343110000000535100000007451334114000451554100000151445444000,,bb40ab32,,,,,,,,30,0,4,bb40ab32,1280,2845,,335445511551443431335133515515414441413454134544554443,AABCCBBDDBBDCCACADAABDAABDBBDBCDCCCDCDACBCDACBCCBBCCCA,AABCBCBDBDBDCCACADAABDAABDBBBDCDCCCDCDACBCADBCCCBBCCAC,,,4,2845,,,,,L_T1_GTR___standard,,,,,L_T1_GTR03_33000001,,,,,44,55,000000000000500000000000550000000007451500000000454100000000154411500000,,bb60ab19,,,,,,,,28,0,3,bb60ab19,1140,4276,,335445511551443431335133515515414441413454134544,AABCCBBDDBBDCCACADAABDAABDBBDBCDCCCDCDACBCDACBCC,AABCBCBDBDBDCCACADAABDAABDBBBDCDCCCDCDACBCADBCCC,,,3,4276,,,,,,,,,,,,,
140116,59,,,,,,,,,,43,11,344100000000343110000000535100000007451334114000451554100000151445444000,,bb40ab32,,,,,,,,30,0,4,bb40ab32,1280,2845,,335445511551443431335133515515414441413454134544554443,AABCCBBDDBBDCCACADAABDAABDBBDBCDCCCDCDACBCDACBCCBBCCCA,AABCBCBDBDBDCCACADAABDAABDBBBDCDCCCDCDACBCADBCCCBBCCAC,,,4,2845,,,,,L_T1_GTR___standard,,,,,L_T1_GTR03_33000001,,,,,44,55,000000000000000000000000000000000007415000000000441000000000144115000000,,bb50ab34,,,,,,,,29,0,4,bb50ab34,1700,5976,,335445511551443431335133515515414441413454134544,AABCCBBDDBBDCCACADAABDAABDBBDBCDCCCDCDACBCDACBCC,AABCBCBDBDBDCCACADAABDAABDBBBDCDCCCDCDACBCADBCCC,,,4,5976,,,,,,,,,,,,,
140199,60,,,,,,,,,,43,11,344100000000343110000000535100000007451334114000451554100000151445444000,,bb40ab32,,,,,,,,30,0,4,bb40ab32,1280,2845,,335445511551443431335133515515414441413454134544554443,AABCCBBDDBBDCCACADAABDAABDBBDBCDCCCDCDACBCDACBCCBBCCCA,AABCBCBDBDBDCCACADAABDAABDBBBDCDCCCDCDACBCADBCCCBBCCAC,,,4,2845,,,,,L_T1_GTR___standard,,,,,L_T1_GTR03_33000001,,,,,44,55,000000000000000000000000000000000007150000000000100000000000111500000000,,bb50ab66,,,,,,,,30,0,5,bb50ab66,3300,9276,,335445511551443431335133515515414441413454134544,AABCCBBDDBBDCCACADAABDAABDBBDBCDCCCDCDACBCDACBCC,AABCBCBDBDBDCCACADAABDAABDBBBDCDCCCDCDACBCADBCCC,,,5,9276,,,,,,,,,,R_T1_GTR03_22110002,,,
140221,61,,,,,,,,,43,11,45,344666000000343666600000535666000007451334114666451554166600151445444666,,00002850,,,,,,,,31,1,0,5,5,2850,,33544551155144343133513351551541444141345413454455444311,AABCCBBDDBBDCCACADAABDAABDBBDBCDCCCDCDACBCDACBCCBBCCCADD,AABCBCBDBDBDCCACADAABDAABDBBBDCDCCCDCDACBCADBCCCBBCCACDD,,,4,2850,,,,,L_T1_GTR___standard,,,,,L_T1_GTR03_33000001,,,,,44,55,000000000000000000000000000000000007150000000000100000000000111500000000,,bb50ab66,,,,,,,,30,0,5,bb50ab66,3300,9276,,335445511551443431335133515515414441413454134544,AABCCBBDDBBDCCACADAABDAABDBBDBCDCCCDCDACBCDACBCC,AABCBCBDBDBDCCACADAABDAABDBBBDCDCCCDCDACBCADBCCC,,,5,9276,,,,,,,,,,R_T1_GTR03_22110002,,,
140275,62,,,,,,,,,11,45,31,344666000000343666630000535666400007451334114666451554166600151445444666,,00002856,,,,,,,,32,2,0,6,6,2856,,3354455115514434313351335155154144414134541345445544431145,AABCCBBDDBBDCCACADAABDAABDBBDBCDCCCDCDACBCDACBCCBBCCCADDCB,AABCBCBDBDBDCCACADAABDAABDBBBDCDCCCDCDACBCADBCCCBBCCACDDBC,,,4,2856,,,,,L_T1_GTR___standard,,,,,L_T1_GTR03_33000001,,,,,44,55,000000000000000000000000000000000007150000000000100000000000111500000000,,bb50ab66,,,,,,,,30,0,5,bb50ab66,3300,9276,,335445511551443431335133515515414441413454134544,AABCCBBDDBBDCCACADAABDAABDBBDBCDCCCDCDACBCDACBCC,AABCBCBDBDBDCCACADAABDAABDBBBDCDCCCDCDACBCADBCCC,,,5,9276,,,,,,,,,,R_T1_GTR03_22110002,,,
140293,63,,,,,,,,,11,45,31,344666000000343666630000535666400007451334114666451554166600151445444666,,00002856,,,,,,,,32,2,0,6,6,2856,,3354455115514434313351335155154144414134541345445544431145,AABCCBBDDBBDCCACADAABDAABDBBDBCDCCCDCDACBCDACBCCBBCCCADDCB,AABCBCBDBDBDCCACADAABDAABDBBBDCDCCCDCDACBCADBCCCBBCCACDDBC,,,4,2856,,,,,L_T1_GTR___standard,,,,,L_T1_GTR03_33000001,,,,44,55,44,000000000000000000000000000000000007500000000000000000000000500000000000,,00009286,,,,,,,,31,1,0,10,10,9286,,33544551155144343133513351551541444141345413454455,AABCCBBDDBBDCCACADAABDAABDBBDBCDCCCDCDACBCDACBCCBB,AABCBCBDBDBDCCACADAABDAABDBBBDCDCCCDCDACBCADBCCCBB,,,5,9286,,,,,,,,,,,,,
140341,64,,,,,,,,,11,45,31,344666000000343666630000535666400007451334114666451554166600151445444666,,00002856,,,,,,,,32,2,0,6,6,2856,,3354455115514434313351335155154144414134541345445544431145,AABCCBBDDBBDCCACADAABDAABDBBDBCDCCCDCDACBCDACBCCBBCCCADDCB,AABCBCBDBDBDCCACADAABDAABDBBBDCDCCCDCDACBCADBCCCBBCCACDDBC,,,4,2856,,,,,L_T1_GTR___standard,,,,,L_T1_GTR03_33000001,,,,55,44,43,000000000000000000000000440000000007500000000000000000000000500000000000,,00009298,,,,,,,,32,2,0,12,12,9298,,3354455115514434313351335155154144414134541345445544,AABCCBBDDBBDCCACADAABDAABDBBDBCDCCCDCDACBCDACBCCBBCC,AABCBCBDBDBDCCACADAABDAABDBBBDCDCCCDCDACBCADBCCCBBCC,,,5,9298,,,,,,,,,,,,,
140373,65,,,,,,,,,,45,31,344666666660343666631166535666466666451334114666451554166666151445444666,,00002860,,,,,lose,,,33,2,0,4,4,2860,,3354455115514434313351335155154144414134541345445544431145,AABCCBBDDBBDCCACADAABDAABDBBDBCDCCCDCDACBCDACBCCBBCCCADDCB,AABCBCBDBDBDCCACADAABDAABDBBBDCDCCCDCDACBCADBCCCBBCCACDDBC,,,4,2860,,,,,L_T1_GTR___standard,,,,,L_T1_GTR03_33000001,,,,55,44,43,000000000000000000000000440000000007500000000000000000000000500000000000,,00009298,,,,,,,,32,2,0,12,12,9298,,3354455115514434313351335155154144414134541345445544,AABCCBBDDBBDCCACADAABDAABDBBDBCDCCCDCDACBCDACBCCBBCC,AABCBCBDBDBDCCACADAABDAABDBBBDCDCCCDCDACBCADBCCCBBCC,,,5,9298,,,,,,,,,,,,,
140386,65,,,,,,,,,,45,31,344666666660343666631166535666466666451334114666451554166666151445444666,,00002860,,,,,lose,,,33,2,0,4,4,2860,,3354455115514434313351335155154144414134541345445544431145,AABCCBBDDBBDCCACADAABDAABDBBDBCDCCCDCDACBCDACBCCBBCCCADDCB,AABCBCBDBDBDCCACADAABDAABDBBBDCDCCCDCDACBCADBCCCBBCCACDDBC,,,4,2860,,,,,L_T1_GTR___standard,,,,,L_T1_GTR03_33000001,,,,,44,43,000000000000000000000000440000000007500000000000000055000000500000000000,,00009305,,,,,win,,,33,2,0,7,7,9305,,3354455115514434313351335155154144414134541345445544,AABCCBBDDBBDCCACADAABDAABDBBDBCDCCCDCDACBCDACBCCBBCC,AABCBCBDBDBDCCACADAABDAABDBBBDCDCCCDCDACBCADBCCCBBCC,,,5,9305,,,,,,,,,,,,,
