148539,0,,,,,,,,,,44,45,000000000000000000000000000000000007000000000000000000000000000000000000,000000,00000000,,,,,,,,0,0,0,0,0,0,,44,AA,AA,,,0,0,,,,,,,,,,,,,,,44,45,000000000000000000000000000000000007000000000000000000000000000000000000,000000,00000000,,,,,,,,0,0,0,0,0,0,,44,AA,AA,,,0,0,,,,,,,,,,,,,
148597,1,,,,,,,,,44,44,45,000000000000000000000000000000000007000000000000000000000000000000000000,,00000000,,,,,,,,1,1,0,0,0,0,,4444,AAAA,AAAA,,,0,0,,,,,,,,,,,,,,,44,45,000000000000000000000000000000000007000000000000000000000000000000000000,000000,00000000,,,,,,,,0,0,0,0,0,0,,44,AA,AA,,,0,0,,,,,,,,,,,,,
148689,3,,,,,,,,,44,45,15,000000000000000000000000000000000007000000000000000000000000000000000000,,00000000,,,,,,,,2,2,0,0,0,0,,444445,AAAAAB,AAAAAB,,,0,0,,,,,,,,,,,,,,44,45,15,000000000000000000000000000000000007000000000000000000000000000000000000,,00000000,,,,,,,,1,1,0,0,0,0,,4445,AAAB,AAAB,,,0,0,,,,,,,,,,,,,
148740,4,,,,,,,,,45,15,24,400000000000400000000000000000000007000000000000000000000000000000000000,,00000013,,,,,,,,3,3,0,13,13,13,,44444515,AAAAABCB,AAAAABBC,,,0,13,,,,,,,,,,,,,,44,45,15,000000000000000000000000000000000007000000000000000000000000000000000000,,00000000,,,,,,,,1,1,0,0,0,0,,4445,AAAB,AAAB,,,0,0,,,,,,,,,,,,,
148742,5,,,,,,,,,45,15,24,400000000000400000000000000000000007000000000000000000000000000000000000,,00000013,,,,,,,,3,3,0,13,13,13,,44444515,AAAAABCB,AAAAABBC,,,0,13,,,,,,,,,,,,,,45,15,24,400000000000400000000000000000000007000000000000000000000000000000000000,,00000013,,,,,,,,2,2,0,13,13,13,,444515,AAABCB,AAABBC,,,0,13,,,,,,,,,,,,,
148787,6,,,,,,,,,15,24,55,400000000000400000000000540000000007000000000000000000000000000000000000,,00000025,,,,,,,,4,4,0,12,12,25,,4444451524,AAAAABCBDA,AAAAABBCAD,,,0,25,,,,,,,,,,,,,,45,15,24,400000000000400000000000000000000007000000000000000000000000000000000000,,00000013,,,,,,,,2,2,0,13,13,13,,444515,AAABCB,AAABBC,,,0,13,,,,,,,,,,,,,
148789,7,,,,,,,,,15,24,55,400000000000400000000000540000000007000000000000000000000000000000000000,,00000025,,,,,,,,4,4,0,12,12,25,,4444451524,AAAAABCBDA,AAAAABBCAD,,,0,25,,,,,,,,,,,,,,15,24,55,400000000000400000000000540000000007000000000000000000000000000000000000,,00000025,,,,,,,,3,3,0,12,12,25,,44451524,AAABCBDA,AAABBCAD,,,0,25,,,,,,,,,,,,,
148839,8,,,,,,,,,24,55,22,400000000000400000000000540000000007150000000000000000000000000000000000,,00000038,,,,,,,,5,5,0,13,13,38,,444445152455,AAAAABCBDABB,AAAAABBCADBB,,,0,38,,,,,,,,,,L_T1_GTR03_32100001,,,,15,24,55,400000000000400000000000540000000007000000000000000000000000000000000000,,00000025,,,,,,,,3,3,0,12,12,25,,44451524,AAABCBDA,AAABBCAD,,,0,25,,,,,,,,,,,,,
148841,9,,,,,,,,,24,55,22,400000000000400000000000540000000007150000000000000000000000000000000000,,00000038,,,,,,,,5,5,0,13,13,38,,444445152455,AAAAABCBDABB,AAAAABBCADBB,,,0,38,,,,,,,,,,L_T1_GTR03_32100001,,,,24,55,22,400000000000400000000000540000000007150000000000000000000000000000000000,,00000038,,,,,,,,4,4,0,13,13,38,,4445152455,AAABCBDABB,AAABBCADBB,,,0,38,,,,,,,,,,L_T1_GTR03_32100001,,,
148889,10,,,,,,,,,55,22,11,400000000000400000000000540000000007152400000000000000000000000000000000,,00000049,,,,,,,,6,6,0,11,11,49,,44444515245522,AAAAABCBDABBDD,AAAAABBCADBBDD,,,0,49,,,,,,,,,,L_T1_GTR03_32100001,,,,24,55,22,400000000000400000000000540000000007150000000000000000000000000000000000,,00000038,,,,,,,,4,4,0,13,13,38,,4445152455,AAABCBDABB,AAABBCADBB,,,0,38,,,,,,,,,,L_T1_GTR03_32100001,,,
148891,11,,,,,,,,,55,22,11,400000000000400000000000540000000007152400000000000000000000000000000000,,00000049,,,,,,,,6,6,0,11,11,49,,44444515245522,AAAAABCBDABBDD,AAAAABBCADBBDD,,,0,49,,,,,,,,,,L_T1_GTR03_32100001,,,,55,22,11,400000000000424000000000540000000007150000000000000000000000000000000000,,00000050,,,,,,,,5,5,0,12,12,50,,444515245522,AAABCBDABBDD,AAABBCADBBDD,,,0,50,,,,,,,,,,L_T1_GTR03_41100001/L_T1_GTR03_32100001,,,
148936,12,,,,,,,,,55,22,11,400000000000400000000000540000000007152400000000000000000000000000000000,,00000049,,,,,,,,6,6,0,11,11,49,,44444515245522,AAAAABCBDABBDD,AAAAABBCADBBDD,,,0,49,,,,,,,,,,L_T1_GTR03_32100001,,,,22,11,15,400000000000424000000000545500000007150000000000000000000000000000000000,,00000060,,,,,,,,6,6,0,10,10,60,,44451524552211,AAABCBDABBDDCC,AAABBCADBBDDCC,,,0,60,,,,,,,,,,L_T1_GTR03_41100001/L_T1_GTR03_32100001,,,
148939,13,,,,,,,,,22,11,15,450000000000450000000000540000000007152400000000000000000000000000000000,,00000061,,,,,,,,7,7,0,12,12,61,,4444451524552211,AAAAABCBDABBDDCC,AAAAABBCADBBDDCC,,,0,61,,,,,,,,,,L_T1_GTR03_33000003/L_T1_GTR03_32100001/L_T1_GTR03_22110001,,,,22,11,15,400000000000424000000000545500000007150000000000000000000000000000000000,,00000060,,,,,,,,6,6,0,10,10,60,,44451524552211,AAABCBDABBDDCC,AAABBCADBBDDCC,,,0,60,,,,,,,,,,L_T1_GTR03_41100001/L_T1_GTR03_32100001,,,
148985,14,,,,,,,,,22,11,15,450000000000450000000000540000000007152400000000000000000000000000000000,,00000061,,,,,,,,7,7,0,12,12,61,,4444451524552211,AAAAABCBDABBDDCC,AAAAABBCADBBDDCC,,,0,61,,,,,,,,,,L_T1_GTR03_33000003/L_T1_GTR03_32100001/L_T1_GTR03_22110001,,,,11,15,25,422000000000424000000000545500000007150000000000000000000000000000000000,,00000071,,,,,,,,7,7,0,11,11,71,,4445152455221115,AAABCBDABBDDCCCB,AAABBCADBBDDCCBC,,,0,71,,,,,L_T1_GTR___standard,,,,,L_T1_GTR03_33000001/L_T1_GTR03_32100001,,,
148993,15,,,,,,,,,11,15,25,450000000000450000000000540000000007152400000000000000000000220000000000,,00000073,,,,,,,,8,8,0,12,12,73,,444445152455221115,AAAAABCBDABBDDCCCB,AAAAABBCADBBDDCCBC,,,0,73,,,,,,,,,,L_T1_GTR03_33000003/L_T1_GTR03_32100001/L_T1_GTR03_22110001,,,,11,15,25,422000000000424000000000545500000007150000000000000000000000000000000000,,00000071,,,,,,,,7,7,0,11,11,71,,4445152455221115,AAABCBDABBDDCCCB,AAABBCADBBDDCCBC,,,0,71,,,,,L_T1_GTR___standard,,,,,L_T1_GTR03_33000001/L_T1_GTR03_32100001,,,
149039,16,,,,,,,,,11,15,25,450000000000450000000000540000000007152400000000000000000000220000000000,,00000073,,,,,,,,8,8,0,12,12,73,,444445152455221115,AAAAABCBDABBDDCCCB,AAAAABBCADBBDDCCBC,,,0,73,,,,,,,,,,L_T1_GTR03_33000003/L_T1_GTR03_32100001/L_T1_GTR03_22110001,,,,15,25,55,422000000000424000000000545500000007150000000000100000000000100000000000,,00000084,,,,,,,,8,8,0,13,13,84,,444515245522111525,AAABCBDABBDDCCCBDB,AAABBCADBBDDCCBCBD,,,0,84,,,,,L_T1_GTR___standard,,,,,L_T1_GTR03_33000001,,,
149044,17,,,,,,,,,15,25,55,450000000000450000000000540000000007152400000000000000000000221100000000,,00000083,,,,,,,,9,9,0,10,10,83,,44444515245522111525,AAAAABCBDABBDDCCCBDB,AAAAABBCADBBDDCCBCBD,,,0,83,,,,,,,,,,L_T1_GTR03_33000003/L_T1_GTR03_32100001/L_T1_GTR03_22110001,,,,15,25,55,422000000000424000000000545500000007150000000000100000000000100000000000,,00000084,,,,,,,,8,8,0,13,13,84,,444515245522111525,AAABCBDABBDDCCCBDB,AAABBCADBBDDCCBCBD,,,0,84,,,,,L_T1_GTR___standard,,,,,L_T1_GTR03_33000001,,,
149089,18,,,,,,,,,15,25,55,450000000000450000000000540000000007152400000000000000000000221100000000,,00000083,,,,,,,,9,9,0,10,10,83,,44444515245522111525,AAAAABCBDABBDDCCCBDB,AAAAABBCADBBDDCCBCBD,,,0,83,,,,,,,,,,L_T1_GTR03_33000003/L_T1_GTR03_32100001/L_T1_GTR03_22110001,,,,25,55,15,422000000000424000000000545500000007150000000000151000000000100000000000,,00000095,,,,,,,,9,9,0,11,11,95,,44451524552211152555,AAABCBDABBDDCCCBDBBB,AAABBCADBBDDCCBCBDBB,,,0,95,,,,,L_T1_GTR___standard,,,,,L_T1_GTR03_33000001,,,
149099,19,,,,,,,,,25,55,15,450000000000450000000000540000000007152400000000150000000000221100000000,,00000096,,,,,,,,10,10,0,13,13,96,,4444451524552211152555,AAAAABCBDABBDDCCCBDBBB,AAAAABBCADBBDDCCBCBDBB,,,0,96,,,,,,,,,,L_T1_GTR03_33000003,,,,25,55,15,422000000000424000000000545500000007150000000000151000000000100000000000,,00000095,,,,,,,,9,9,0,11,11,95,,44451524552211152555,AAABCBDABBDDCCCBDBBB,AAABBCADBBDDCCBCBDBB,,,0,95,,,,,L_T1_GTR___standard,,,,,L_T1_GTR03_33000001,,,
149135,20,,,,,,,,,25,55,15,450000000000450000000000540000000007152400000000150000000000221100000000,,00000096,,,,,,,,10,10,0,13,13,96,,4444451524552211152555,AAAAABCBDABBDDCCCBDBBB,AAAAABBCADBBDDCCBCBDBB,,,0,96,,,,,,,,,,L_T1_GTR03_33000003,,,,55,15,12,422500000000424200000000545500000007150000000000151000000000100000000000,,00000105,,,,,,,,10,10,0,10,10,105,,4445152455221115255515,AAABCBDABBDDCCCBDBBBCB,AAABBCADBBDDCCBCBDBBBC,,,0,105,,,,,L_T1_GTR___standard/L_T1_GTR___mahara__,,,,,L_T1_GTR03_33000001,,,
149147,21,,,,,,,,,55,15,12,450000000000450000000000540000000007152400000000155200000000221100000000,,00000106,,,,,,,,11,11,0,10,10,106,,444445152455221115255515,AAAAABCBDABBDDCCCBDBBBCB,AAAAABBCADBBDDCCBCBDBBBC,,,0,106,,,,,,,,,,L_T1_GTR03_33000003,,,,55,15,12,422500000000424200000000545500000007150000000000151000000000100000000000,,00000105,,,,,,,,10,10,0,10,10,105,,4445152455221115255515,AAABCBDABBDDCCCBDBBBCB,AAABBCADBBDDCCBCBDBBBC,,,0,105,,,,,L_T1_GTR___standard/L_T1_GTR___mahara__,,,,,L_T1_GTR03_33000001,,,
149179,22,,,,,,,,,55,15,12,450000000000450000000000540000000007152400000000155200000000221100000000,,00000106,,,,,,,,11,11,0,10,10,106,,444445152455221115255515,AAAAABCBDABBDDCCCBDBBBCB,AAAAABBCADBBDDCCBCBDBBBC,,,0,106,,,,,,,,,,L_T1_GTR03_33000003,,,,15,12,25,422550000000424250000000545500000007150000000000151000000000100000000000,,00000114,,,,,,,,11,11,0,9,9,114,,444515245522111525551512,AAABCBDABBDDCCCBDBBBCBCD,AAABBCADBBDDCCBCBDBBBCCD,,,0,114,,,,,L_T1_GTR___standard/L_T1_GTR___mahara__,,,,,L_T1_GTR03_33000001,,,
149195,23,,,,,,,,,15,12,25,450000000000450000000000540000000007152400000000155250000000221150000000,,00000115,,,,,,,,12,12,0,9,9,115,,44444515245522111525551512,AAAAABCBDABBDDCCCBDBBBCBCD,AAAAABBCADBBDDCCBCBDBBBCCD,,,0,115,,,,,,,,,,L_T1_GTR03_33000003,,,,15,12,25,422550000000424250000000545500000007150000000000151000000000100000000000,,00000114,,,,,,,,11,11,0,9,9,114,,444515245522111525551512,AAABCBDABBDDCCCBDBBBCBCD,AAABBCADBBDDCCBCBDBBBCCD,,,0,114,,,,,L_T1_GTR___standard/L_T1_GTR___mahara__,,,,,L_T1_GTR03_33000001,,,
149231,24,,,,,,,,,15,12,25,450000000000450000000000540000000007152400000000155250000000221150000000,,00000115,,,,,,,,12,12,0,9,9,115,,44444515245522111525551512,AAAAABCBDABBDDCCCBDBBBCBCD,AAAAABBCADBBDDCCBCBDBBBCCD,,,0,115,,,,,,,,,,L_T1_GTR03_33000003,,,,12,25,21,422550000000424250000000545500000007150000000000151000000000151000000000,,00000125,,,,,,,,12,12,0,11,11,125,,44451524552211152555151225,AAABCBDABBDDCCCBDBBBCBCDDB,AAABBCADBBDDCCBCBDBBBCCDBD,,,0,125,,,,,L_T1_GTR___standard/L_T1_GTR___mahara__,,,,,L_T1_GTR03_33000001,,,
149240,25,,,,,,,,,12,25,21,450000000000450000000000545100000007152400000000155250000000221150000000,,00000125,,,,,,,,13,13,0,10,10,125,,4444451524552211152555151225,AAAAABCBDABBDDCCCBDBBBCBCDDB,AAAAABBCADBBDDCCBCBDBBBCCDBD,,,0,125,,,,,,,,,,L_T1_GTR03_33000003,,,,12,25,21,422550000000424250000000545500000007150000000000151000000000151000000000,,00000125,,,,,,,,12,12,0,11,11,125,,44451524552211152555151225,AAABCBDABBDDCCCBDBBBCBCDDB,AAABBCADBBDDCCBCBDBBBCCDBD,,,0,125,,,,,L_T1_GTR___standard/L_T1_GTR___mahara__,,,,,L_T1_GTR03_33000001,,,
149284,27,,,,,,,,,25,21,24,450000000000450000000000545100000007152400000000155250000000221152100000,,00000133,,,,,,,,14,14,0,8,8,133,,444445152455221115255515122521,AAAAABCBDABBDDCCCBDBBBCBCDDBDC,AAAAABBCADBBDDCCBCBDBBBCCDBDCD,,,0,133,,,,,,,,,,L_T1_GTR03_33000003,,,,25,21,24,422550000000424250000000545500000007150000000000151200000000151100000000,,00000135,,,,,,,,13,13,0,10,10,135,,4445152455221115255515122521,AAABCBDABBDDCCCBDBBBCBCDDBDC,AAABBCADBBDDCCBCBDBBBCCDBDCD,,,0,135,,,,,L_T1_GTR___standard/L_T1_GTR___mahara__,,,,,L_T1_GTR03_33000001,,,
149325,28,,,,,,,,,21,24,51,450000000000450000000000545100000007152452000000155250000000221152100000,,00000140,,,,,,,,15,15,0,7,7,140,,44444515245522111525551512252124,AAAAABCBDABBDDCCCBDBBBCBCDDBDCDA,AAAAABBCADBBDDCCBCBDBBBCCDBDCDAD,,,0,140,,,,,,,,,,L_T1_GTR03_33000003,,,,25,21,24,422550000000424250000000545500000007150000000000151200000000151100000000,,00000135,,,,,,,,13,13,0,10,10,135,,4445152455221115255515122521,AAABCBDABBDDCCCBDBBBCBCDDBDC,AAABBCADBBDDCCBCBDBBBCCDBDCD,,,0,135,,,,,L_T1_GTR___standard/L_T1_GTR___mahara__,,,,,L_T1_GTR03_33000001,,,
149332,29,,,,,,,,,21,24,51,450000000000450000000000545100000007152452000000155250000000221152100000,,00000140,,,,,,,,15,15,0,7,7,140,,44444515245522111525551512252124,AAAAABCBDABBDDCCCBDBBBCBCDDBDCDA,AAAAABBCADBBDDCCBCBDBBBCCDBDCDAD,,,0,140,,,,,,,,,,L_T1_GTR03_33000003,,,,21,24,51,422550000000424250000000545500000007152500000000151200000000151100000000,,00000146,,,,,,,,14,14,0,11,11,146,,444515245522111525551512252124,AAABCBDABBDDCCCBDBBBCBCDDBDCDA,AAABBCADBBDDCCBCBDBBBCCDBDCDAD,,,0,146,,,,,L_T1_GTR___standard/L_T1_GTR___mahara__,,,,,L_T1_GTR03_33000001,,,
149371,30,,,,,,,,,24,51,52,450000000000450000000000545100000007152452000000155252100000221152100000,,00000148,,,,,,,,16,16,0,8,8,148,,4444451524552211152555151225212451,AAAAABCBDABBDDCCCBDBBBCBCDDBDCDABC,AAAAABBCADBBDDCCBCBDBBBCCDBDCDADBC,,,0,148,,,,,,,,,,L_T1_GTR03_33000003,,,,21,24,51,422550000000424250000000545500000007152500000000151200000000151100000000,,00000146,,,,,,,,14,14,0,11,11,146,,444515245522111525551512252124,AAABCBDABBDDCCCBDBBBCBCDDBDCDA,AAABBCADBBDDCCBCBDBBBCCDBDCDAD,,,0,146,,,,,L_T1_GTR___standard/L_T1_GTR___mahara__,,,,,L_T1_GTR03_33000001,,,
149375,31,,,,,,,,,24,51,52,450000000000450000000000545100000007152452000000155252100000221152100000,,00000148,,,,,,,,16,16,0,8,8,148,,4444451524552211152555151225212451,AAAAABCBDABBDDCCCBDBBBCBCDDBDCDABC,AAAAABBCADBBDDCCBCBDBBBCCDBDCDADBC,,,0,148,,,,,,,,,,L_T1_GTR03_33000003,,,,24,51,52,422552000000424251000000545500000007152500000000151200000000151100000000,,00000154,,,,,,,,15,15,0,8,8,154,,44451524552211152555151225212451,AAABCBDABBDDCCCBDBBBCBCDDBDCDABC,AAABBCADBBDDCCBCBDBBBCCDBDCDADBC,,,0,154,,,,,L_T1_GTR___standard/L_T1_GTR___mahara__,,,,,L_T1_GTR03_33000001,,,
149417,32,,,,,,,,,51,52,11,450000000000454200000000545100000007152452000000155252100000221152100000,,00000158,,,,,,,,17,17,0,10,10,158,,444445152455221115255515122521245152,AAAAABCBDABBDDCCCBDBBBCBCDDBDCDABCBD,AAAAABBCADBBDDCCBCBDBBBCCDBDCDADBCBD,,,0,158,,,,,L_T1_GTR___hekomi__,,,,,L_T1_GTR03_33000003,,,,24,51,52,422552000000424251000000545500000007152500000000151200000000151100000000,,00000154,,,,,,,,15,15,0,8,8,154,,44451524552211152555151225212451,AAABCBDABBDDCCCBDBBBCBCDDBDCDABC,AAABBCADBBDDCCBCBDBBBCCDBDCDADBC,,,0,154,,,,,L_T1_GTR___standard/L_T1_GTR___mahara__,,,,,L_T1_GTR03_33000001,,,
149421,33,,,,,,,,,51,52,11,450000000000454200000000545100000007152452000000155252100000221152100000,,00000158,,,,,,,,17,17,0,10,10,158,,444445152455221115255515122521245152,AAAAABCBDABBDDCCCBDBBBCBCDDBDCDABCBD,AAAAABBCADBBDDCCBCBDBBBCCDBDCDADBCBD,,,0,158,,,,,L_T1_GTR___hekomi__,,,,,L_T1_GTR03_33000003,,,,51,52,11,422552000000424251000000545500000007152540000000151220000000151100000000,,00000163,,,,,,,,16,16,0,9,9,163,,4445152455221115255515122521245152,AAABCBDABBDDCCCBDBBBCBCDDBDCDABCBD,AAABBCADBBDDCCBCBDBBBCCDBDCDADBCBD,,,0,163,,,,,L_T1_GTR___standard/L_T1_GTR___mahara__,,,,,L_T1_GTR03_33000001,,,
149475,34,,,,,,,,,52,11,11,450000000000454200000000545100000007152452500000155252110000221152100000,,00000164,,,,,,,,18,18,0,6,6,164,,44444515245522111525551512252124515211,AAAAABCBDABBDDCCCBDBBBCBCDDBDCDABCBDCC,AAAAABBCADBBDDCCBCBDBBBCCDBDCDADBCBDCC,,,0,164,,,,,L_T1_GTR___hekomi__,,,,,L_T1_GTR03_33000003,,,,51,52,11,422552000000424251000000545500000007152540000000151220000000151100000000,,00000163,,,,,,,,16,16,0,9,9,163,,4445152455221115255515122521245152,AAABCBDABBDDCCCBDBBBCBCDDBDCDABCBD,AAABBCADBBDDCCBCBDBBBCCDBDCDADBCBD,,,0,163,,,,,L_T1_GTR___standard/L_T1_GTR___mahara__,,,,,L_T1_GTR03_33000001,,,
149485,35,,,,,,,,,52,11,11,450000000000454200000000545100000007152452500000155252110000221152100000,,00000164,,,,,,,,18,18,0,6,6,164,,44444515245522111525551512252124515211,AAAAABCBDABBDDCCCBDBBBCBCDDBDCDABCBDCC,AAAAABBCADBBDDCCBCBDBBBCCDBDCDADBCBDCC,,,0,164,,,,,L_T1_GTR___hekomi__,,,,,L_T1_GTR03_33000003,,,,52,11,11,422552000000424251500000545510000007152540000000151220000000151100000000,,00000170,,,,,,,,17,17,0,7,7,170,,444515245522111525551512252124515211,AAABCBDABBDDCCCBDBBBCBCDDBDCDABCBDCC,AAABBCADBBDDCCBCBDBBBCCDBDCDADBCBDCC,,,0,170,,,,,L_T1_GTR___standard/L_T1_GTR___mahara__,,,,,L_T1_GTR03_33000001,,,
149525,36,,,,,,,,,11,11,14,455200000000454200000000545100000007152452500000155252110000221152100000,,00000175,,,,,,,,19,19,0,11,11,175,,4444451524552211152555151225212451521111,AAAAABCBDABBDDCCCBDBBBCBCDDBDCDABCBDCCCC,AAAAABBCADBBDDCCBCBDBBBCCDBDCDADBCBDCCCC,,,0,175,,,,,L_T1_GTR___standard,,,,,L_T1_GTR03_33000001,,,,52,11,11,422552000000424251500000545510000007152540000000151220000000151100000000,,00000170,,,,,,,,17,17,0,7,7,170,,444515245522111525551512252124515211,AAABCBDABBDDCCCBDBBBCBCDDBDCDABCBDCC,AAABBCADBBDDCCBCBDBBBCCDBDCDADBCBDCC,,,0,170,,,,,L_T1_GTR___standard/L_T1_GTR___mahara__,,,,,L_T1_GTR03_33000001,,,
149541,37,,,,,,,,,11,11,14,455200000000454200000000545100000007152452500000155252110000221152100000,,00000175,,,,,,,,19,19,0,11,11,175,,4444451524552211152555151225212451521111,AAAAABCBDABBDDCCCBDBBBCBCDDBDCDABCBDCCCC,AAAAABBCADBBDDCCBCBDBBBCCDBDCDADBCBDCCCC,,,0,175,,,,,L_T1_GTR___standard,,,,,L_T1_GTR03_33000001,,,,11,11,14,422552200000424251550000545510000007152540000000151220000000151100000000,,00000176,,,,,,,,18,18,0,6,6,176,,44451524552211152555151225212451521111,AAABCBDABBDDCCCBDBBBCBCDDBDCDABCBDCCCC,AAABBCADBBDDCCBCBDBBBCCDBDCDADBCBDCCCC,,,0,176,,,,,L_T1_GTR___standard/L_T1_GTR___mahara__,,,,,L_T1_GTR03_33000001,,,
149572,38,,,,,,,,,11,14,25,455210000000454210000000545100000007152452500000155252110000221152100000,,00000184,,,,,,,,20,20,0,9,9,184,,444445152455221115255515122521245152111114,AAAAABCBDABBDDCCCBDBBBCBCDDBDCDABCBDCCCCCA,AAAAABBCADBBDDCCBCBDBBBCCDBDCDADBCBDCCCCAC,,,0,184,,,,,L_T1_GTR___standard,,,,,L_T1_GTR03_33000001,,,,11,11,14,422552200000424251550000545510000007152540000000151220000000151100000000,,00000176,,,,,,,,18,18,0,6,6,176,,44451524552211152555151225212451521111,AAABCBDABBDDCCCBDBBBCBCDDBDCDABCBDCCCC,AAABBCADBBDDCCBCBDBBBCCDBDCDADBCBDCCCC,,,0,176,,,,,L_T1_GTR___standard/L_T1_GTR___mahara__,,,,,L_T1_GTR03_33000001,,,
149579,39,,,,,,,,,11,14,25,455210000000454210000000545100000007152452500000155252110000221152100000,,00000184,,,,,,,,20,20,0,9,9,184,,444445152455221115255515122521245152111114,AAAAABCBDABBDDCCCBDBBBCBCDDBDCDABCBDCCCCCA,AAAAABBCADBBDDCCBCBDBBBCCDBDCDADBCBDCCCCAC,,,0,184,,,,,L_T1_GTR___standard,,,,,L_T1_GTR03_33000001,,,,11,14,25,422552211000424251550000545510000007152540000000151220000000151100000000,,00000181,,,,,,,,19,19,0,5,5,181,,4445152455221115255515122521245152111114,AAABCBDABBDDCCCBDBBBCBCDDBDCDABCBDCCCCCA,AAABBCADBBDDCCBCBDBBBCCDBDCDADBCBDCCCCAC,,,0,181,,,,,L_T1_GTR___standard/L_T1_GTR___mahara__,,,,,L_T1_GTR03_33000001,,,
149604,40,,,,,,,,,,14,25,455210000000454210000000545111000007152452500000155252110000221152100000,,bb50abb2,,,,,,,,21,0,1,bb50abb2,100,284,,444445152455221115255515122521245152111114,AAAAABCBDABBDDCCCBDBBBCBCDDBDCDABCBDCCCCCA,AAAAABBCADBBDDCCBCBDBBBCCDBDCDADBCBDCCCCAC,,,1,284,,,,,L_T1_GTR___standard,,,,,L_T1_GTR03_33000001,,,,11,14,25,422552211000424251550000545510000007152540000000151220000000151100000000,,00000181,,,,,,,,19,19,0,5,5,181,,4445152455221115255515122521245152111114,AAABCBDABBDDCCCBDBBBCBCDDBDCDABCBDCCCCCA,AAABBCADBBDDCCBCBDBBBCCDBDCDADBCBDCCCCAC,,,0,181,,,,,L_T1_GTR___standard/L_T1_GTR___mahara__,,,,,L_T1_GTR03_33000001,,,
149625,41,,,,,,,,,,14,25,455210000000454210000000545111000007152452500000155252110000221152100000,,bb50abb2,,,,,,,,21,0,1,bb50abb2,100,284,,444445152455221115255515122521245152111114,AAAAABCBDABBDDCCCBDBBBCBCDDBDCDABCBDCCCCCA,AAAAABBCADBBDDCCBCBDBBBCCDBDCDADBCBDCCCCAC,,,1,284,,,,,L_T1_GTR___standard,,,,,L_T1_GTR03_33000001,,,,14,25,22,422552211000424251550000545510000007152540000000151221100000151100000000,,00000188,,,,,,,,20,20,0,7,7,188,,444515245522111525551512252124515211111425,AAABCBDABBDDCCCBDBBBCBCDDBDCDABCBDCCCCCADB,AAABBCADBBDDCCBCBDBBBCCDBDCDADBCBDCCCCACBD,,,0,188,,,,,L_T1_GTR___standard/L_T1_GTR___mahara__,,,,,L_T1_GTR03_33000001,,,
149666,42,,,,,,,,,,14,25,455210000000454210000000545111000007152452500000155252110000221152100000,,bb50abb2,,,,,,,,21,0,1,bb50abb2,100,284,,444445152455221115255515122521245152111114,AAAAABCBDABBDDCCCBDBBBCBCDDBDCDABCBDCCCCCA,AAAAABBCADBBDDCCBCBDBBBCCDBDCDADBCBDCCCCAC,,,1,284,,,,,L_T1_GTR___standard,,,,,L_T1_GTR03_33000001,,,,25,22,42,422552211000424251550000545511000007152544000000151221100000151100000000,,00000196,,,,,,,,21,21,0,8,8,196,,44451524552211152555151225212451521111142522,AAABCBDABBDDCCCBDBBBCBCDDBDCDABCBDCCCCCADBDD,AAABBCADBBDDCCBCBDBBBCCDBDCDADBCBDCCCCACBDDD,,,0,196,,,,,L_T1_GTR___standard/L_T1_GTR___mahara__,,,,,L_T1_GTR03_33000001,,,
149669,43,,,,,,,,,14,25,22,455200000000454200000000545000000007152422500000155252110000221152100000,,00000292,,,,,,,,22,1,0,8,8,292,,44444515245522111525551512252124515211111425,AAAAABCBDABBDDCCCBDBBBCBCDDBDCDABCBDCCCCCADB,AAAAABBCADBBDDCCBCBDBBBCCDBDCDADBCBDCCCCACBD,,,1,292,,,,,L_T1_GTR___standard,,,,,L_T1_GTR03_33000001,,,,25,22,42,422552211000424251550000545511000007152544000000151221100000151100000000,,00000196,,,,,,,,21,21,0,8,8,196,,44451524552211152555151225212451521111142522,AAABCBDABBDDCCCBDBBBCBCDDBDCDABCBDCCCCCADBDD,AAABBCADBBDDCCBCBDBBBCCDBDCDADBCBDCCCCACBDDD,,,0,196,,,,,L_T1_GTR___standard/L_T1_GTR___mahara__,,,,,L_T1_GTR03_33000001,,,
149709,44,,,,,,,,,25,22,42,455200000000454200000000545000000007152452500000155252114100221152100000,,00000296,,,,,,,,23,2,0,4,4,296,,4444451524552211152555151225212451521111142522,AAAAABCBDABBDDCCCBDBBBCBCDDBDCDABCBDCCCCCADBDD,AAAAABBCADBBDDCCBCBDBBBCCDBDCDADBCBDCCCCACBDDD,,,1,296,,,,,L_T1_GTR___standard,,,,,L_T1_GTR03_33000001,,,,25,22,42,422552211000424251550000545511000007152544000000151221100000151100000000,,00000196,,,,,,,,21,21,0,8,8,196,,44451524552211152555151225212451521111142522,AAABCBDABBDDCCCBDBBBCBCDDBDCDABCBDCCCCCADBDD,AAABBCADBBDDCCBCBDBBBCCDBDCDADBCBDCCCCACBDDD,,,0,196,,,,,L_T1_GTR___standard/L_T1_GTR___mahara__,,,,,L_T1_GTR03_33000001,,,
149745,45,,,,,,,,,25,22,42,455200000000454200000000545000000007152452500000155252114100221152100000,,00000296,,,,,,,,23,2,0,4,4,296,,4444451524552211152555151225212451521111142522,AAAAABCBDABBDDCCCBDBBBCBCDDBDCDABCBDCCCCCADBDD,AAAAABBCADBBDDCCBCBDBBBCCDBDCDADBCBDCCCCACBDDD,,,1,296,,,,,L_T1_GTR___standard,,,,,L_T1_GTR03_33000001,,,,22,42,15,422552211600424251555260545511000007152544600000151221160000151100000000,,00000200,,,,,,,,22,22,0,4,4,200,,4445152455221115255515122521245152111114252242,AAABCBDABBDDCCCBDBBBCBCDDBDCDABCBDCCCCCADBDDAD,AAABBCADBBDDCCBCBDBBBCCDBDCDADBCBDCCCCACBDDDAD,,,0,200,,,,,L_T1_GTR___standard/L_T1_GTR___mahara__,,,,,L_T1_GTR03_33000001,,,
149757,46,,,,,,,,,22,42,15,455225000000454200000000545000000007152452500000155252114100221152100000,,00000305,,,,,,,,24,3,0,9,9,305,,444445152455221115255515122521245152111114252242,AAAAABCBDABBDDCCCBDBBBCBCDDBDCDABCBDCCCCCADBDDAD,AAAAABBCADBBDDCCBCBDBBBCCDBDCDADBCBDCCCCACBDDDAD,,,1,305,,,,,L_T1_GTR___standard,,,,,L_T1_GTR03_33000001,,,,22,42,15,422552211600424251555260545511000007152544600000151221160000151100000000,,00000200,,,,,,,,22,22,0,4,4,200,,4445152455221115255515122521245152111114252242,AAABCBDABBDDCCCBDBBBCBCDDBDCDABCBDCCCCCADBDDAD,AAABBCADBBDDCCBCBDBBBCCDBDCDADBCBDCCCCACBDDDAD,,,0,200,,,,,L_T1_GTR___standard/L_T1_GTR___mahara__,,,,,L_T1_GTR03_33000001,,,
149781,47,,,,,,,,,22,42,15,455225000000454200000000545000000007152452500000155252114100221152100000,,00000305,,,,,,,,24,3,0,9,9,305,,444445152455221115255515122521245152111114252242,AAAAABCBDABBDDCCCBDBBBCBCDDBDCDABCBDCCCCCADBDDAD,AAAAABBCADBBDDCCBCBDBBBCCDBDCDADBCBDCCCCACBDDDAD,,,1,305,,,,,L_T1_GTR___standard,,,,,L_T1_GTR03_33000001,,,,42,15,21,422552211600424251555260545511220007152544600000151221160000151100000000,,00000206,,,,,,,,23,23,0,6,6,206,,444515245522111525551512252124515211111425224215,AAABCBDABBDDCCCBDBBBCBCDDBDCDABCBDCCCCCADBDDADCB,AAABBCADBBDDCCBCBDBBBCCDBDCDADBCBDCCCCACBDDDADBC,,,0,206,,,,,L_T1_GTR___standard/L_T1_GTR___mahara__,,,,,L_T1_GTR03_33000001,,,
149796,48,,,,,,,,,42,15,21,455225000000454200000000545000000007152452500000155252114100221152122000,,00000310,,,,,,,,25,4,0,5,5,310,,44444515245522111525551512252124515211111425224215,AAAAABCBDABBDDCCCBDBBBCBCDDBDCDABCBDCCCCCADBDDADCB,AAAAABBCADBBDDCCBCBDBBBCCDBDCDADBCBDCCCCACBDDDADBC,,,1,310,,,,,L_T1_GTR___standard,,,,,L_T1_GTR03_33000001,,,,42,15,21,422552211600424251555260545511220007152544600000151221160000151100000000,,00000206,,,,,,,,23,23,0,6,6,206,,444515245522111525551512252124515211111425224215,AAABCBDABBDDCCCBDBBBCBCDDBDCDABCBDCCCCCADBDDADCB,AAABBCADBBDDCCBCBDBBBCCDBDCDADBCBDCCCCACBDDDADBC,,,0,206,,,,,L_T1_GTR___standard/L_T1_GTR___mahara__,,,,,L_T1_GTR03_33000001,,,
149825,49,,,,,,,,,42,15,21,455225000000454200000000545000000007152452500000155252114100221152122000,,00000310,,,,,,,,25,4,0,5,5,310,,44444515245522111525551512252124515211111425224215,AAAAABCBDABBDDCCCBDBBBCBCDDBDCDABCBDCCCCCADBDDADCB,AAAAABBCADBBDDCCBCBDBBBCCDBDCDADBCBDCCCCACBDDDADBC,,,1,310,,,,,L_T1_GTR___standard,,,,,L_T1_GTR03_33000001,,,,15,21,41,422552211600424251555260545511220007152544600000151221160000151124000000,,00000214,,,,,,,,24,24,0,8,8,214,,44451524552211152555151225212451521111142522421521,AAABCBDABBDDCCCBDBBBCBCDDBDCDABCBDCCCCCADBDDADCBDC,AAABBCADBBDDCCBCBDBBBCCDBDCDADBCBDCCCCACBDDDADBCCD,,,0,214,,,,,L_T1_GTR___standard/L_T1_GTR___mahara__,,,,,L_T1_GTR03_33000001,,,
149832,50,,,,,,,,,15,21,41,455225000000454200000000545000000007152452524000155252114100221152122000,,00000315,,,,,,,,26,5,0,5,5,315,,4444451524552211152555151225212451521111142522421521,AAAAABCBDABBDDCCCBDBBBCBCDDBDCDABCBDCCCCCADBDDADCBDC,AAAAABBCADBBDDCCBCBDBBBCCDBDCDADBCBDCCCCACBDDDADBCCD,,,1,315,,,,,L_T1_GTR___standard,,,,,L_T1_GTR03_33000001,,,,15,21,41,422552211600424251555260545511220007152544600000151221160000151124000000,,00000214,,,,,,,,24,24,0,8,8,214,,44451524552211152555151225212451521111142522421521,AAABCBDABBDDCCCBDBBBCBCDDBDCDABCBDCCCCCADBDDADCBDC,AAABBCADBBDDCCBCBDBBBCCDBDCDADBCBDCCCCACBDDDADBCCD,,,0,214,,,,,L_T1_GTR___standard/L_T1_GTR___mahara__,,,,,L_T1_GTR03_33000001,,,
149870,51,,,,,,,,,15,21,41,455225000000454200000000545000000007152452524000155252114100221152122000,,00000315,,,,,,,,26,5,0,5,5,315,,4444451524552211152555151225212451521111142522421521,AAAAABCBDABBDDCCCBDBBBCBCDDBDCDABCBDCCCCCADBDDADCBDC,AAAAABBCADBBDDCCBCBDBBBCCDBDCDADBCBDCCCCACBDDDADBCCD,,,1,315,,,,,L_T1_GTR___standard,,,,,L_T1_GTR03_33000001,,,,21,41,12,422552211600424251555260545511220007152544600000151221160000151124150000,,00000221,,,,,,,,25,25,0,7,7,221,,4445152455221115255515122521245152111114252242152141,AAABCBDABBDDCCCBDBBBCBCDDBDCDABCBDCCCCCADBDDADCBDCAC,AAABBCADBBDDCCBCBDBBBCCDBDCDADBCBDCCCCACBDDDADBCCDAC,,,0,221,,,,,L_T1_GTR___standard/L_T1_GTR___mahara__,,,,,L_T1_GTR03_33000001,,,
149874,52,,,,,,,,,21,41,12,455225000000454200000000545510000007152452324000155252114100221152122000,,00000324,,,,,,,,27,6,0,9,9,324,,444445152455221115255515122521245152111114252242152141,AAAAABCBDABBDDCCCBDBBBCBCDDBDCDABCBDCCCCCADBDDADCBDCAC,AAAAABBCADBBDDCCBCBDBBBCCDBDCDADBCBDCCCCACBDDDADBCCDAC,,,1,324,,,,,L_T1_GTR___standard,,,,,L_T1_GTR03_33000001,,,,21,41,12,422552211600424251555260545511220007152544600000151221160000151124150000,,00000221,,,,,,,,25,25,0,7,7,221,,4445152455221115255515122521245152111114252242152141,AAABCBDABBDDCCCBDBBBCBCDDBDCDABCBDCCCCCADBDDADCBDCAC,AAABBCADBBDDCCBCBDBBBCCDBDCDADBCBDCCCCACBDDDADBCCDAC,,,0,221,,,,,L_T1_GTR___standard/L_T1_GTR___mahara__,,,,,L_T1_GTR03_33000001,,,
149908,53,,,,,,,,,21,41,12,455225000000454200000000545510000007152452324000155252114100221152122000,,00000324,,,,,,,,27,6,0,9,9,324,,444445152455221115255515122521245152111114252242152141,AAAAABCBDABBDDCCCBDBBBCBCDDBDCDABCBDCCCCCADBDDADCBDCAC,AAAAABBCADBBDDCCBCBDBBBCCDBDCDADBCBDCCCCACBDDDADBCCDAC,,,1,324,,,,,L_T1_GTR___standard,,,,,L_T1_GTR03_33000001,,,,41,12,22,422552211600424251555260545511220007152544621000151221160000151124150000,,00000227,,,,,,,,26,26,0,6,6,227,,444515245522111525551512252124515211111425224215214112,AAABCBDABBDDCCCBDBBBCBCDDBDCDABCBDCCCCCADBDDADCBDCACCD,AAABBCADBBDDCCBCBDBBBCCDBDCDADBCBDCCCCACBDDDADBCCDACCD,,,0,227,,,,,L_T1_GTR___standard/L_T1_GTR___mahara__,,,,,L_T1_GTR03_33000001,,,
149917,54,,,,,,,,,41,12,22,455225000000454212000000545510000007152452524000155252114100221152122000,,00000332,,,,,,,,28,7,0,8,8,332,,44444515245522111525551512252124515211111425224215214112,AAAAABCBDABBDDCCCBDBBBCBCDDBDCDABCBDCCCCCADBDDADCBDCACCD,AAAAABBCADBBDDCCBCBDBBBCCDBDCDADBCBDCCCCACBDDDADBCCDACCD,,,1,332,,,,,L_T1_GTR___standard,,,,,L_T1_GTR03_33000001,,,,41,12,22,422552211600424251555260545511220007152544621000151221160000151124150000,,00000227,,,,,,,,26,26,0,6,6,227,,444515245522111525551512252124515211111425224215214112,AAABCBDABBDDCCCBDBBBCBCDDBDCDABCBDCCCCCADBDDADCBDCACCD,AAABBCADBBDDCCBCBDBBBCCDBDCDADBCBDCCCCACBDDDADBCCDACCD,,,0,227,,,,,L_T1_GTR___standard/L_T1_GTR___mahara__,,,,,L_T1_GTR03_33000001,,,
149946,55,,,,,,,,,41,12,22,455225000000454212000000545510000007152452524000155252114100221152122000,,00000332,,,,,,,,28,7,0,8,8,332,,44444515245522111525551512252124515211111425224215214112,AAAAABCBDABBDDCCCBDBBBCBCDDBDCDABCBDCCCCCADBDDADCBDCACCD,AAAAABBCADBBDDCCBCBDBBBCCDBDCDADBCBDCCCCACBDDDADBCCDACCD,,,1,332,,,,,L_T1_GTR___standard,,,,,L_T1_GTR03_33000001,,,,12,22,25,422552211600424251555260545511220007152544621000151221161400151124150000,,00000231,,,,,,,,27,27,0,4,4,231,,44451524552211152555151225212451521111142522421521411222,AAABCBDABBDDCCCBDBBBCBCDDBDCDABCBDCCCCCADBDDADCBDCACCDDD,AAABBCADBBDDCCBCBDBBBCCDBDCDADBCBDCCCCACBDDDADBCCDACCDDD,,,0,231,,,,,L_T1_GTR___standard/L_T1_GTR___mahara__,,,,,L_T1_GTR03_33000001,,,
149968,56,,,,,,,,,12,22,25,455225000000454212000000545510000007152452524400155252114110221152122000,,00000335,,,,,,,,29,8,0,3,3,335,,4444451524552211152555151225212451521111142522421521411222,AAAAABCBDABBDDCCCBDBBBCBCDDBDCDABCBDCCCCCADBDDADCBDCACCDDD,AAAAABBCADBBDDCCBCBDBBBCCDBDCDADBCBDCCCCACBDDDADBCCDACCDDD,,,1,335,,,,,L_T1_GTR___standard,,,,,L_T1_GTR03_33000001,,,,12,22,25,422552211600424251555260545511220007152544621000151221161400151124150000,,00000231,,,,,,,,27,27,0,4,4,231,,44451524552211152555151225212451521111142522421521411222,AAABCBDABBDDCCCBDBBBCBCDDBDCDABCBDCCCCCADBDDADCBDCACCDDD,AAABBCADBBDDCCBCBDBBBCCDBDCDADBCBDCCCCACBDDDADBCCDACCDDD,,,0,231,,,,,L_T1_GTR___standard/L_T1_GTR___mahara__,,,,,L_T1_GTR03_33000001,,,
149984,57,,,,,,,,,12,22,25,455225000000454212000000545510000007152452524400155252114110221152122000,,00000335,,,,,,,,29,8,0,3,3,335,,4444451524552211152555151225212451521111142522421521411222,AAAAABCBDABBDDCCCBDBBBCBCDDBDCDABCBDCCCCCADBDDADCBDCACCDDD,AAAAABBCADBBDDCCBCBDBBBCCDBDCDADBCBDCCCCACBDDDADBCCDACCDDD,,,1,335,,,,,L_T1_GTR___standard,,,,,L_T1_GTR03_33000001,,,,22,25,54,422552211600424251555260545511221207152544621000151221161400151124150000,,00000236,,,,,,,,28,28,0,5,5,236,,4445152455221115255515122521245152111114252242152141122225,AAABCBDABBDDCCCBDBBBCBCDDBDCDABCBDCCCCCADBDDADCBDCACCDDDDB,AAABBCADBBDDCCBCBDBBBCCDBDCDADBCBDCCCCACBDDDADBCCDACCDDDBD,,,0,236,,,,,L_T1_GTR___standard/L_T1_GTR___mahara__,,,,,L_T1_GTR03_33000001,,,
150003,58,,,,,,,,,12,22,25,455225000000454212000000545510000007152452524400155252114110221152122000,,00000335,,,,,,,,29,8,0,3,3,335,,4444451524552211152555151225212451521111142522421521411222,AAAAABCBDABBDDCCCBDBBBCBCDDBDCDABCBDCCCCCADBDDADCBDCACCDDD,AAAAABBCADBBDDCCBCBDBBBCCDBDCDADBCBDCCCCACBDDDADBCCDACCDDD,,,1,335,,,,,L_T1_GTR___standard,,,,,L_T1_GTR03_33000001,,,,,25,54,422552211600424251555260545511221222152544621000151221161400151124150000,,bb40abb1,,,,,,,,29,0,1,bb40abb1,40,276,,4445152455221115255515122521245152111114252242152141122225,AAABCBDABBDDCCCBDBBBCBCDDBDCDABCBDCCCCCADBDDADCBDCACCDDDDB,AAABBCADBBDDCCBCBDBBBCCDBDCDADBCBDCCCCACBDDDADBCCDACCDDDBD,,,1,276,,,,,L_T1_GTR___standard/L_T1_GTR___mahara__,,,,,L_T1_GTR03_33000001,,,
150008,59,,,,,,,,,22,25,54,455225000000454212000000545510000007152452524400155252114110221152122120,,00000339,,,,,,,,30,9,0,4,4,339,,444445152455221115255515122521245152111114252242152141122225,AAAAABCBDABBDDCCCBDBBBCBCDDBDCDABCBDCCCCCADBDDADCBDCACCDDDDB,AAAAABBCADBBDDCCBCBDBBBCCDBDCDADBCBDCCCCACBDDDADBCCDACCDDDBD,,,1,339,,,,,L_T1_GTR___standard,,,,,L_T1_GTR03_33000001,,,,,25,54,422552211600424251555260545511221222152544621000151221161400151124150000,,bb40abb1,,,,,,,,29,0,1,bb40abb1,40,276,,4445152455221115255515122521245152111114252242152141122225,AAABCBDABBDDCCCBDBBBCBCDDBDCDABCBDCCCCCADBDDADCBDCACCDDDDB,AAABBCADBBDDCCBCBDBBBCCDBDCDADBCBDCCCCACBDDDADBCCDACCDDDBD,,,1,276,,,,,L_T1_GTR___standard/L_T1_GTR___mahara__,,,,,L_T1_GTR03_33000001,,,
150043,60,,,,,,,,,25,54,54,455225000000454212000000545510000007152452524400155252114110221152122122,,00000341,,,,,,,,31,10,0,2,2,341,,44444515245522111525551512252124515211111425224215214112222554,AAAAABCBDABBDDCCCBDBBBCBCDDBDCDABCBDCCCCCADBDDADCBDCACCDDDDBBA,AAAAABBCADBBDDCCBCBDBBBCCDBDCDADBCBDCCCCACBDDDADBCCDACCDDDBDAB,,,1,341,,,,,L_T1_GTR___standard,,,,,L_T1_GTR03_33000001,,,,,25,54,422552211600424251555260545511221222152544621000151221161400151124150000,,bb40abb1,,,,,,,,29,0,1,bb40abb1,40,276,,4445152455221115255515122521245152111114252242152141122225,AAABCBDABBDDCCCBDBBBCBCDDBDCDABCBDCCCCCADBDDADCBDCACCDDDDB,AAABBCADBBDDCCBCBDBBBCCDBDCDADBCBDCCCCACBDDDADBCCDACCDDDBD,,,1,276,,,,,L_T1_GTR___standard/L_T1_GTR___mahara__,,,,,L_T1_GTR03_33000001,,,
150069,61,,,,,,,,,25,54,54,455225000000454212000000545510000007152452524400155252114110221152122122,,00000341,,,,,,,,31,10,0,2,2,341,,44444515245522111525551512252124515211111425224215214112222554,AAAAABCBDABBDDCCCBDBBBCBCDDBDCDABCBDCCCCCADBDDADCBDCACCDDDDBBA,AAAAABBCADBBDDCCBCBDBBBCCDBDCDADBCBDCCCCACBDDDADBCCDACCDDDBDAB,,,1,341,,,,,L_T1_GTR___standard,,,,,L_T1_GTR03_33000001,,,,25,54,54,422552211000424251555000545511221007152544621000151221161400151124150000,,00000279,,,,,,,,30,1,0,3,3,279,,444515245522111525551512252124515211111425224215214112222554,AAABCBDABBDDCCCBDBBBCBCDDBDCDABCBDCCCCCADBDDADCBDCACCDDDDBBA,AAABBCADBBDDCCBCBDBBBCCDBDCDADBCBDCCCCACBDDDADBCCDACCDDDBDAB,,,1,279,,,,,L_T1_GTR___standard/L_T1_GTR___mahara__,,,,,L_T1_GTR03_33000001,,,
150117,62,,,,,,,,,25,54,54,455225000000454212000000545510000007152452524400155252114110221152122122,,00000341,,,,,,,,31,10,0,2,2,341,,44444515245522111525551512252124515211111425224215214112222554,AAAAABCBDABBDDCCCBDBBBCBCDDBDCDABCBDCCCCCADBDDADCBDCACCDDDDBBA,AAAAABBCADBBDDCCBCBDBBBCCDBDCDADBCBDCCCCACBDDDADBCCDACCDDDBDAB,,,1,341,,,,,L_T1_GTR___standard,,,,,L_T1_GTR03_33000001,,,,54,54,15,422552211520424251555000545511221007152544621000151221161400151124150000,,00000282,,,,,,,,31,2,0,3,3,282,,44451524552211152555151225212451521111142522421521411222255454,AAABCBDABBDDCCCBDBBBCBCDDBDCDABCBDCCCCCADBDDADCBDCACCDDDDBBABA,AAABBCADBBDDCCBCBDBBBCCDBDCDADBCBDCCCCACBDDDADBCCDACCDDDBDABAB,,,1,282,,,,,L_T1_GTR___standard/L_T1_GTR___mahara__,,,,,L_T1_GTR03_33000001,,,
150131,63,,,,,,,,,54,54,15,455225260000454212560000545510000007152452524400155252114116221152122122,,00000348,,,,,,,,32,11,0,7,7,348,,4444451524552211152555151225212451521111142522421521411222255454,AAAAABCBDABBDDCCCBDBBBCBCDDBDCDABCBDCCCCCADBDDADCBDCACCDDDDBBABA,AAAAABBCADBBDDCCBCBDBBBCCDBDCDADBCBDCCCCACBDDDADBCCDACCDDDBDABAB,,,1,348,,,,,L_T1_GTR___standard,,,,,L_T1_GTR03_33000001,,,,54,54,15,422552211520424251555000545511221007152544621000151221161400151124150000,,00000282,,,,,,,,31,2,0,3,3,282,,44451524552211152555151225212451521111142522421521411222255454,AAABCBDABBDDCCCBDBBBCBCDDBDCDABCBDCCCCCADBDDADCBDCACCDDDDBBABA,AAABBCADBBDDCCBCBDBBBCCDBDCDADBCBDCCCCACBDDDADBCCDACCDDDBDABAB,,,1,282,,,,,L_T1_GTR___standard/L_T1_GTR___mahara__,,,,,L_T1_GTR03_33000001,,,
150155,64,,,,,,,,,54,54,15,455225260000454212560000545510000007152452524400155252114116221152122122,,00000348,,,,,,,,32,11,0,7,7,348,,4444451524552211152555151225212451521111142522421521411222255454,AAAAABCBDABBDDCCCBDBBBCBCDDBDCDABCBDCCCCCADBDDADCBDCACCDDDDBBABA,AAAAABBCADBBDDCCBCBDBBBCCDBDCDADBCBDCCCCACBDDDADBCCDACCDDDBDABAB,,,1,348,,,,,L_T1_GTR___standard,,,,,L_T1_GTR03_33000001,,,,54,15,41,422552211520424251555000545511221007152544621000151221161400151124154500,,00000286,,,,,,,,32,3,0,4,4,286,,4445152455221115255515122521245152111114252242152141122225545415,AAABCBDABBDDCCCBDBBBCBCDDBDCDABCBDCCCCCADBDDADCBDCACCDDDDBBABACB,AAABBCADBBDDCCBCBDBBBCCDBDCDADBCBDCCCCACBDDDADBCCDACCDDDBDABABBC,,,1,286,,,,,L_T1_GTR___standard/L_T1_GTR___mahara__,,,,,L_T1_GTR03_33000001,,,
150191,65,,,,,,,,,54,54,15,455225260000454212560000545510000007152452524400155252114116221152122122,,00000348,,,,,,,,32,11,0,7,7,348,,4444451524552211152555151225212451521111142522421521411222255454,AAAAABCBDABBDDCCCBDBBBCBCDDBDCDABCBDCCCCCADBDDADCBDCACCDDDDBBABA,AAAAABBCADBBDDCCBCBDBBBCCDBDCDADBCBDCCCCACBDDDADBCCDACCDDDBDABAB,,,1,348,,,,,L_T1_GTR___standard,,,,,L_T1_GTR03_33000001,,,,15,41,45,422552211520424251555000545511221007152544621000151221161440151124154550,,00000289,,,,,,,,33,4,0,3,3,289,,444515245522111525551512252124515211111425224215214112222554541541,AAABCBDABBDDCCCBDBBBCBCDDBDCDABCBDCCCCCADBDDADCBDCACCDDDDBBABACBAC,AAABBCADBBDDCCBCBDBBBCCDBDCDADBCBDCCCCACBDDDADBCCDACCDDDBDABABBCAC,,,1,289,,,,,L_T1_GTR___standard/L_T1_GTR___mahara__,,,,,L_T1_GTR03_33000001,,,
150194,66,,,,,,,,,54,15,41,455225260000454212564000545515000007152452524400155252114116221152122122,,00000353,,,,,,,,33,12,0,5,5,353,,444445152455221115255515122521245152111114252242152141122225545415,AAAAABCBDABBDDCCCBDBBBCBCDDBDCDABCBDCCCCCADBDDADCBDCACCDDDDBBABACB,AAAAABBCADBBDDCCBCBDBBBCCDBDCDADBCBDCCCCACBDDDADBCCDACCDDDBDABABBC,,,1,353,,,,,L_T1_GTR___standard,,,,,L_T1_GTR03_33000001,,,,15,41,45,422552211520424251555000545511221007152544621000151221161440151124154550,,00000289,,,,,,,,33,4,0,3,3,289,,444515245522111525551512252124515211111425224215214112222554541541,AAABCBDABBDDCCCBDBBBCBCDDBDCDABCBDCCCCCADBDDADCBDCACCDDDDBBABACBAC,AAABBCADBBDDCCBCBDBBBCCDBDCDADBCBDCCCCACBDDDADBCCDACCDDDBDABABBCAC,,,1,289,,,,,L_T1_GTR___standard/L_T1_GTR___mahara__,,,,,L_T1_GTR03_33000001,,,
150230,67,,,,,,,,,15,41,45,455225264500454212564000545515000007152452524400155252114116221152122122,,00000358,,,,,,,,34,13,0,5,5,358,,44444515245522111525551512252124515211111425224215214112222554541541,AAAAABCBDABBDDCCCBDBBBCBCDDBDCDABCBDCCCCCADBDDADCBDCACCDDDDBBABACBAC,AAAAABBCADBBDDCCBCBDBBBCCDBDCDADBCBDCCCCACBDDDADBCCDACCDDDBDABABBCAC,,,1,358,,,,,L_T1_GTR___standard,,,,,L_T1_GTR03_33000001,,,,15,41,45,422552211520424251555000545511221007152544621000151221161440151124154550,,00000289,,,,,,,,33,4,0,3,3,289,,444515245522111525551512252124515211111425224215214112222554541541,AAABCBDABBDDCCCBDBBBCBCDDBDCDABCBDCCCCCADBDDADCBDCACCDDDDBBABACBAC,AAABBCADBBDDCCBCBDBBBCCDBDCDADBCBDCCCCACBDDDADBCCDACCDDDBDABABBCAC,,,1,289,,,,,L_T1_GTR___standard/L_T1_GTR___mahara__,,,,,L_T1_GTR03_33000001,,,
150231,68,,,,,,,,,15,41,45,455225264500454212564000545515000007152452524400155252114116221152122122,,00000358,,,,,,,,34,13,0,5,5,358,,44444515245522111525551512252124515211111425224215214112222554541541,AAAAABCBDABBDDCCCBDBBBCBCDDBDCDABCBDCCCCCADBDDADCBDCACCDDDDBBABACBAC,AAAAABBCADBBDDCCBCBDBBBCCDBDCDADBCBDCCCCACBDDDADBCCDACCDDDBDABABBCAC,,,1,358,,,,,L_T1_GTR___standard,,,,,L_T1_GTR03_33000001,,,,41,45,12,422552211520424251555000545511221007152544621000151221161440151124154555,,00000290,,,,,,,,34,5,0,1,1,290,,44451524552211152555151225212451521111142522421521411222255454154145,AAABCBDABBDDCCCBDBBBCBCDDBDCDABCBDCCCCCADBDDADCBDCACCDDDDBBABACBACAB,AAABBCADBBDDCCBCBDBBBCCDBDCDADBCBDCCCCACBDDDADBCCDACCDDDBDABABBCACAB,,,1,290,,,,,L_T1_GTR___standard/L_T1_GTR___mahara__,,,,,L_T1_GTR03_33000001,,,
150260,69,,,,,,,,,15,41,45,455225264500454212564000545515000007152452524400155252114116221152122122,,00000358,,,,,,,,34,13,0,5,5,358,,44444515245522111525551512252124515211111425224215214112222554541541,AAAAABCBDABBDDCCCBDBBBCBCDDBDCDABCBDCCCCCADBDDADCBDCACCDDDDBBABACBAC,AAAAABBCADBBDDCCBCBDBBBCCDBDCDADBCBDCCCCACBDDDADBCCDACCDDDBDABABBCAC,,,1,358,,,,,L_T1_GTR___standard,,,,,L_T1_GTR03_33000001,,,,,45,12,422552211520424251555000545511221007152544621140151221161440151124154555,,bb40abb1,,,,,,,,35,0,1,bb40abb1,40,330,,44451524552211152555151225212451521111142522421521411222255454154145,AAABCBDABBDDCCCBDBBBCBCDDBDCDABCBDCCCCCADBDDADCBDCACCDDDDBBABACBACAB,AAABBCADBBDDCCBCBDBBBCCDBDCDADBCBDCCCCACBDDDADBCCDACCDDDBDABABBCACAB,,,1,330,,,,,L_T1_GTR___standard/L_T1_GTR___mahara__,,,,,L_T1_GTR03_33000001,,,
150291,70,,,,,,,,,41,45,12,455225264500454212564500545515100007152452524400155252114116221152122122,,00000361,,,,,,,,35,14,0,3,3,361,,4444451524552211152555151225212451521111142522421521411222255454154145,AAAAABCBDABBDDCCCBDBBBCBCDDBDCDABCBDCCCCCADBDDADCBDCACCDDDDBBABACBACAB,AAAAABBCADBBDDCCBCBDBBBCCDBDCDADBCBDCCCCACBDDDADBCCDACCDDDBDABABBCACAB,,,1,361,,,,,L_T1_GTR___standard,,,,,L_T1_GTR03_33000001,,,,,45,12,422552211520424251555000545511221007152544621140151221161440151124154555,,bb40abb1,,,,,,,,35,0,1,bb40abb1,40,330,,44451524552211152555151225212451521111142522421521411222255454154145,AAABCBDABBDDCCCBDBBBCBCDDBDCDABCBDCCCCCADBDDADCBDCACCDDDDBBABACBACAB,AAABBCADBBDDCCBCBDBBBCCDBDCDADBCBDCCCCACBDDDADBCCDACCDDDBDABABBCACAB,,,1,330,,,,,L_T1_GTR___standard/L_T1_GTR___mahara__,,,,,L_T1_GTR03_33000001,,,
150320,71,,,,,,,,,,45,12,455225264500454212564500545515100007152452524414155252114116221152122122,,bb40abb1,,,,,,,,36,0,1,bb40abb1,40,401,,4444451524552211152555151225212451521111142522421521411222255454154145,AAAAABCBDABBDDCCCBDBBBCBCDDBDCDABCBDCCCCCADBDDADCBDCACCDDDDBBABACBACAB,AAAAABBCADBBDDCCBCBDBBBCCDBDCDADBCBDCCCCACBDDDADBCCDACCDDDBDABABBCACAB,,,1,401,,,,,L_T1_GTR___standard,,,,,L_T1_GTR03_33000001,,,,,45,12,422552211520424251555000545511221007152544621140151221161440151124154555,,bb40abb1,,,,,,,,35,0,1,bb40abb1,40,330,,44451524552211152555151225212451521111142522421521411222255454154145,AAABCBDABBDDCCCBDBBBCBCDDBDCDABCBDCCCCCADBDDADCBDCACCDDDDBBABACBACAB,AAABBCADBBDDCCBCBDBBBCCDBDCDADBCBDCCCCACBDDDADBCCDACCDDDBDABABBCACAB,,,1,330,,,,,L_T1_GTR___standard/L_T1_GTR___mahara__,,,,,L_T1_GTR03_33000001,,,
150342,72,,,,,,,,,,45,12,455225264500454212564500545515100007152452524414155252114116221152122122,,bb40abb1,,,,,,,,36,0,1,bb40abb1,40,401,,4444451524552211152555151225212451521111142522421521411222255454154145,AAAAABCBDABBDDCCCBDBBBCBCDDBDCDABCBDCCCCCADBDDADCBDCACCDDDDBBABACBACAB,AAAAABBCADBBDDCCBCBDBBBCCDBDCDADBCBDCCCCACBDDDADBCCDACCDDDBDABABBCACAB,,,1,401,,,,,L_T1_GTR___standard,,,,,L_T1_GTR03_33000001,,,,,45,12,422552211520424251555000545511220007152544624000151221144000151124154555,,bb40abb8,,,,,,,,36,0,2,bb40abb8,320,650,,44451524552211152555151225212451521111142522421521411222255454154145,AAABCBDABBDDCCCBDBBBCBCDDBDCDABCBDCCCCCADBDDADCBDCACCDDDDBBABACBACAB,AAABBCADBBDDCCBCBDBBBCCDBDCDADBCBDCCCCACBDDDADBCCDACCDDDBDABABBCACAB,,,2,650,,,,,L_T1_GTR___standard/L_T1_GTR___mahara__,,,,,L_T1_GTR03_33000001,,,
150392,73,,,,,,,,,,45,12,455225264500454212564500545515100007152452524414155252114116221152122122,,bb40abb1,,,,,,,,36,0,1,bb40abb1,40,401,,4444451524552211152555151225212451521111142522421521411222255454154145,AAAAABCBDABBDDCCCBDBBBCBCDDBDCDABCBDCCCCCADBDDADCBDCACCDDDDBBABACBACAB,AAAAABBCADBBDDCCBCBDBBBCCDBDCDADBCBDCCCCACBDDDADBCCDACCDDDBDABABBCACAB,,,1,401,,,,,L_T1_GTR___standard,,,,,L_T1_GTR03_33000001,,,,45,45,12,422552211520424251555000545511220007152544600000151221100000151124150055,,bb40abb8,,,,,,,,37,1,0,bb40abb8,320,650,,4445152455221115255515122521245152111114252242152141122225545415414545,AAABCBDABBDDCCCBDBBBCBCDDBDCDABCBDCCCCCADBDDADCBDCACCDDDDBBABACBACABAB,AAABBCADBBDDCCBCBDBBBCCDBDCDADBCBDCCCCACBDDDADBCCDACCDDDBDABABBCACABAB,,,2,650,,,,,L_T1_GTR___standard/L_T1_GTR___mahara__,,,,,L_T1_GTR03_33000001,,,
150400,74,,,,,,,,,,45,12,455225264500454212564500545515100007152452524440155252114000221152122222,,bb90ab13,,,,,,,,37,0,2,bb90ab13,1170,1571,,4444451524552211152555151225212451521111142522421521411222255454154145,AAAAABCBDABBDDCCCBDBBBCBCDDBDCDABCBDCCCCCADBDDADCBDCACCDDDDBBABACBACAB,AAAAABBCADBBDDCCBCBDBBBCCDBDCDADBCBDCCCCACBDDDADBCCDACCDDDBDABABBCACAB,,,2,1571,,,,,L_T1_GTR___standard,,,,,L_T1_GTR03_33000001,,,,45,45,12,422552211520424251555000545511220007152544600000151221100000151124150055,,bb40abb8,,,,,,,,37,1,0,bb40abb8,320,650,,4445152455221115255515122521245152111114252242152141122225545415414545,AAABCBDABBDDCCCBDBBBCBCDDBDCDABCBDCCCCCADBDDADCBDCACCDDDDBBABACBACABAB,AAABBCADBBDDCCBCBDBBBCCDBDCDADBCBDCCCCACBDDDADBCCDACCDDDBDABABBCACABAB,,,2,650,,,,,L_T1_GTR___standard/L_T1_GTR___mahara__,,,,,L_T1_GTR03_33000001,,,
150422,75,,,,,,,,,,45,12,455225264500454212564500545515100007152452524440155252114000221152122222,,bb90ab13,,,,,,,,37,0,2,bb90ab13,1170,1571,,4444451524552211152555151225212451521111142522421521411222255454154145,AAAAABCBDABBDDCCCBDBBBCBCDDBDCDABCBDCCCCCADBDDADCBDCACCDDDDBBABACBACAB,AAAAABBCADBBDDCCBCBDBBBCCDBDCDADBCBDCCCCACBDDDADBCCDACCDDDBDABABBCACAB,,,2,1571,,,,,L_T1_GTR___standard,,,,,L_T1_GTR03_33000001,,,,,45,12,422552211520424251555000545511220007152544620000151221100000151124155551,,bb40ab16,,,,,,,,38,0,1,bb40ab16,640,1290,,4445152455221115255515122521245152111114252242152141122225545415414545,AAABCBDABBDDCCCBDBBBCBCDDBDCDABCBDCCCCCADBDDADCBDCACCDDDDBBABACBACABAB,AAABBCADBBDDCCBCBDBBBCCDBDCDADBCBDCCCCACBDDDADBCCDACCDDDBDABABBCACABAB,,,2,1290,,,,,L_T1_GTR___standard/L_T1_GTR___mahara__,,,,,L_T1_GTR03_33000001,,,
150465,76,,,,,,,,,45,12,42,455225264500454212564500545515100007152452520000155252110000221152100000,,00001573,,,,,,,,38,1,0,2,2,1573,,444445152455221115255515122521245152111114252242152141122225545415414512,AAAAABCBDABBDDCCCBDBBBCBCDDBDCDABCBDCCCCCADBDDADCBDCACCDDDDBBABACBACABCD,AAAAABBCADBBDDCCBCBDBBBCCDBDCDADBCBDCCCCACBDDDADBCCDACCDDDBDABABBCACABCD,,,2,1573,,,,,L_T1_GTR___standard,,,,,L_T1_GTR03_33000001,,,,,45,12,422552211520424251555000545511220007152544620000151221100000151124155551,,bb40ab16,,,,,,,,38,0,1,bb40ab16,640,1290,,4445152455221115255515122521245152111114252242152141122225545415414545,AAABCBDABBDDCCCBDBBBCBCDDBDCDABCBDCCCCCADBDDADCBDCACCDDDDBBABACBACABAB,AAABBCADBBDDCCBCBDBBBCCDBDCDADBCBDCCCCACBDDDADBCCDACCDDDBDABABBCACABAB,,,2,1290,,,,,L_T1_GTR___standard/L_T1_GTR___mahara__,,,,,L_T1_GTR03_33000001,,,
150508,77,,,,,,,,,45,12,42,455225264500454212564500545515100007152452520000155252110000221152100000,,00001573,,,,,,,,38,1,0,2,2,1573,,444445152455221115255515122521245152111114252242152141122225545415414512,AAAAABCBDABBDDCCCBDBBBCBCDDBDCDABCBDCCCCCADBDDADCBDCACCDDDDBBABACBACABCD,AAAAABBCADBBDDCCBCBDBBBCCDBDCDADBCBDCCCCACBDDDADBCCDACCDDDBDABABBCACABCD,,,2,1573,,,,,L_T1_GTR___standard,,,,,L_T1_GTR03_33000001,,,,,45,12,422552211520424251555000545511220007152544620000151221100000151124110000,,bb40ab32,,,,,,,,39,0,2,bb40ab32,1280,2570,,4445152455221115255515122521245152111114252242152141122225545415414545,AAABCBDABBDDCCCBDBBBCBCDDBDCDABCBDCCCCCADBDDADCBDCACCDDDDBBABACBACABAB,AAABBCADBBDDCCBCBDBBBCCDBDCDADBCBDCCCCACBDDDADBCCDACCDDDBDABABBCACABAB,,,2,2570,,,,,L_T1_GTR___standard/L_T1_GTR___mahara__,,,,,L_T1_GTR03_33000001,,,
150519,78,,,,,,,,,12,42,15,455225264540454212564550545515100007152452520000155252110000221152100000,,00001576,,,,,,,,39,2,0,3,3,1576,,44444515245522111525551512252124515211111425224215214112222554541541451242,AAAAABCBDABBDDCCCBDBBBCBCDDBDCDABCBDCCCCCADBDDADCBDCACCDDDDBBABACBACABCDAD,AAAAABBCADBBDDCCBCBDBBBCCDBDCDADBCBDCCCCACBDDDADBCCDACCDDDBDABABBCACABCDAD,,,2,1576,,,,,L_T1_GTR___standard,,,,,L_T1_GTR03_33000001,,,,,45,12,422552211520424251555000545511220007152544620000151221100000151124110000,,bb40ab32,,,,,,,,39,0,2,bb40ab32,1280,2570,,4445152455221115255515122521245152111114252242152141122225545415414545,AAABCBDABBDDCCCBDBBBCBCDDBDCDABCBDCCCCCADBDDADCBDCACCDDDDBBABACBACABAB,AAABBCADBBDDCCBCBDBBBCCDBDCDADBCBDCCCCACBDDDADBCCDACCDDDBDABABBCACABAB,,,2,2570,,,,,L_T1_GTR___standard/L_T1_GTR___mahara__,,,,,L_T1_GTR03_33000001,,,
150548,79,,,,,,,,,,42,15,455225264540454212564550545515100007152452520000155252111200221152100000,,bb40abb1,,,,,,,,40,0,1,bb40abb1,40,1616,,44444515245522111525551512252124515211111425224215214112222554541541451242,AAAAABCBDABBDDCCCBDBBBCBCDDBDCDABCBDCCCCCADBDDADCBDCACCDDDDBBABACBACABCDAD,AAAAABBCADBBDDCCBCBDBBBCCDBDCDADBCBDCCCCACBDDDADBCCDACCDDDBDABABBCACABCDAD,,,2,1616,,,,,L_T1_GTR___standard,,,,,L_T1_GTR03_33000001,,,,,45,12,422552211520424251555000545511220007152544620000151221100000151124110000,,bb40ab32,,,,,,,,39,0,2,bb40ab32,1280,2570,,4445152455221115255515122521245152111114252242152141122225545415414545,AAABCBDABBDDCCCBDBBBCBCDDBDCDABCBDCCCCCADBDDADCBDCACCDDDDBBABACBACABAB,AAABBCADBBDDCCBCBDBBBCCDBDCDADBCBDCCCCACBDDDADBCCDACCDDDBDABABBCACABAB,,,2,2570,,,,,L_T1_GTR___standard/L_T1_GTR___mahara__,,,,,L_T1_GTR03_33000001,,,
150597,80,,,,,,,,,,42,15,455225264540454212564550545515100007152452520000155252111200221152100000,,bb40abb1,,,,,,,,40,0,1,bb40abb1,40,1616,,44444515245522111525551512252124515211111425224215214112222554541541451242,AAAAABCBDABBDDCCCBDBBBCBCDDBDCDABCBDCCCCCADBDDADCBDCACCDDDDBBABACBACABCDAD,AAAAABBCADBBDDCCBCBDBBBCCDBDCDADBCBDCCCCACBDDDADBCCDACCDDDBDABABBCACABCDAD,,,2,1616,,,,,L_T1_GTR___standard,,,,,L_T1_GTR03_33000001,,,,45,12,42,422552211520424251555000545511220007152544200000151220000000151124000000,,00002573,,,,,,,,40,1,0,3,3,2573,,444515245522111525551512252124515211111425224215214112222554541541454512,AAABCBDABBDDCCCBDBBBCBCDDBDCDABCBDCCCCCADBDDADCBDCACCDDDDBBABACBACABABCD,AAABBCADBBDDCCBCBDBBBCCDBDCDADBCBDCCCCACBDDDADBCCDACCDDDBDABABBCACABABCD,,,2,2573,,,,,L_T1_GTR___standard/L_T1_GTR___mahara__,,,,,L_T1_GTR03_33000001,,,
150632,81,,,,,,,,,,42,15,455225264540454212564550545515100007152452520000155252200000221152000000,,bb40abb8,,,,,,,,41,0,2,bb40abb8,320,1936,,44444515245522111525551512252124515211111425224215214112222554541541451242,AAAAABCBDABBDDCCCBDBBBCBCDDBDCDABCBDCCCCCADBDDADCBDCACCDDDDBBABACBACABCDAD,AAAAABBCADBBDDCCBCBDBBBCCDBDCDADBCBDCCCCACBDDDADBCCDACCDDDBDABABBCACABCDAD,,,2,1936,,,,,L_T1_GTR___standard,,,,,L_T1_GTR03_33000001,,,,45,12,42,422552211520424251555000545511220007152544200000151220000000151124000000,,00002573,,,,,,,,40,1,0,3,3,2573,,444515245522111525551512252124515211111425224215214112222554541541454512,AAABCBDABBDDCCCBDBBBCBCDDBDCDABCBDCCCCCADBDDADCBDCACCDDDDBBABACBACABABCD,AAABBCADBBDDCCBCBDBBBCCDBDCDADBCBDCCCCACBDDDADBCCDACCDDDBDABABBCACABABCD,,,2,2573,,,,,L_T1_GTR___standard/L_T1_GTR___mahara__,,,,,L_T1_GTR03_33000001,,,
150643,82,,,,,,,,,,42,15,455225264540454212564550545515100007152452520000155252200000221152000000,,bb40abb8,,,,,,,,41,0,2,bb40abb8,320,1936,,44444515245522111525551512252124515211111425224215214112222554541541451242,AAAAABCBDABBDDCCCBDBBBCBCDDBDCDABCBDCCCCCADBDDADCBDCACCDDDDBBABACBACABCDAD,AAAAABBCADBBDDCCBCBDBBBCCDBDCDADBCBDCCCCACBDDDADBCCDACCDDDBDABABBCACABCDAD,,,2,1936,,,,,L_T1_GTR___standard,,,,,L_T1_GTR03_33000001,,,,12,42,15,422552211520424251555000545511220007152544200000151225400000151124000000,,00002580,,,,,,,,41,2,0,7,7,2580,,44451524552211152555151225212451521111142522421521411222255454154145451242,AAABCBDABBDDCCCBDBBBCBCDDBDCDABCBDCCCCCADBDDADCBDCACCDDDDBBABACBACABABCDAD,AAABBCADBBDDCCBCBDBBBCCDBDCDADBCBDCCCCACBDDDADBCCDACCDDDBDABABBCACABABCDAD,,,2,2580,,,,,L_T1_GTR___standard/L_T1_GTR___mahara__,,,,,L_T1_GTR03_33000001,,,
150680,83,,,,,,,,,,42,15,455225264540454212564550545515100007152452520000155252200000221152000000,,bb40abb8,,,,,,,,41,0,2,bb40abb8,320,1936,,44444515245522111525551512252124515211111425224215214112222554541541451242,AAAAABCBDABBDDCCCBDBBBCBCDDBDCDABCBDCCCCCADBDDADCBDCACCDDDDBBABACBACABCDAD,AAAAABBCADBBDDCCBCBDBBBCCDBDCDADBCBDCCCCACBDDDADBCCDACCDDDBDABABBCACABCDAD,,,2,1936,,,,,L_T1_GTR___standard,,,,,L_T1_GTR03_33000001,,,,42,15,52,422552211520424251555210545511220007152544200000151225400000151124000000,,00002583,,,,,,,,42,3,0,3,3,2583,,4445152455221115255515122521245152111114252242152141122225545415414545124215,AAABCBDABBDDCCCBDBBBCBCDDBDCDABCBDCCCCCADBDDADCBDCACCDDDDBBABACBACABABCDADCB,AAABBCADBBDDCCBCBDBBBCCDBDCDADBCBDCCCCACBDDDADBCCDACCDDDBDABABBCACABABCDADBC,,,2,2583,,,,,L_T1_GTR___standard/L_T1_GTR___mahara__,,,,,L_T1_GTR03_33000001,,,
150718,84,,,,,,,,,,42,15,455225264540454212564550545515100007152455200000155250000000221150000000,,bb50ab18,,,,,,,,42,0,3,bb50ab18,900,2836,,44444515245522111525551512252124515211111425224215214112222554541541451242,AAAAABCBDABBDDCCCBDBBBCBCDDBDCDABCBDCCCCCADBDDADCBDCACCDDDDBBABACBACABCDAD,AAAAABBCADBBDDCCBCBDBBBCCDBDCDADBCBDCCCCACBDDDADBCCDACCDDDBDABABBCACABCDAD,,,3,2836,,,,,L_T1_GTR___standard,,,,,L_T1_GTR03_33000001,,,,42,15,52,422552211520424251555210545511220007152544200000151225400000151124000000,,00002583,,,,,,,,42,3,0,3,3,2583,,4445152455221115255515122521245152111114252242152141122225545415414545124215,AAABCBDABBDDCCCBDBBBCBCDDBDCDABCBDCCCCCADBDDADCBDCACCDDDDBBABACBACABABCDADCB,AAABBCADBBDDCCBCBDBBBCCDBDCDADBCBDCCCCACBDDDADBCCDACCDDDBDABABBCACABABCDADBC,,,2,2583,,,,,L_T1_GTR___standard/L_T1_GTR___mahara__,,,,,L_T1_GTR03_33000001,,,
150725,85,,,,,,,,,,42,15,455225264540454212564550545515100007152455200000155250000000221150000000,,bb50ab18,,,,,,,,42,0,3,bb50ab18,900,2836,,44444515245522111525551512252124515211111425224215214112222554541541451242,AAAAABCBDABBDDCCCBDBBBCBCDDBDCDABCBDCCCCCADBDDADCBDCACCDDDDBBABACBACABCDAD,AAAAABBCADBBDDCCBCBDBBBCCDBDCDADBCBDCCCCACBDDDADBCCDACCDDDBDABABBCACABCDAD,,,3,2836,,,,,L_T1_GTR___standard,,,,,L_T1_GTR03_33000001,,,,15,52,14,422552211520424251555210545511220007152544200000151225400000151124420000,,00002590,,,,,,,,43,4,0,7,7,2590,,444515245522111525551512252124515211111425224215214112222554541541454512421552,AAABCBDABBDDCCCBDBBBCBCDDBDCDABCBDCCCCCADBDDADCBDCACCDDDDBBABACBACABABCDADCBBD,AAABBCADBBDDCCBCBDBBBCCDBDCDADBCBDCCCCACBDDDADBCCDACCDDDBDABABBCACABABCDADBCBD,,,2,2590,,,,,L_T1_GTR___standard/L_T1_GTR___mahara__,,,,,L_T1_GTR03_33000001,,,
150810,86,,,,,,,,,42,15,52,455225264540454212564550545511000007152420000000155200000000221100000000,,00002841,,,,,,,,43,1,0,5,5,2841,,4444451524552211152555151225212451521111142522421521411222255454154145124215,AAAAABCBDABBDDCCCBDBBBCBCDDBDCDABCBDCCCCCADBDDADCBDCACCDDDDBBABACBACABCDADCB,AAAAABBCADBBDDCCBCBDBBBCCDBDCDADBCBDCCCCACBDDDADBCCDACCDDDBDABABBCACABCDADBC,,,3,2841,,,,,L_T1_GTR___standard,,,,,L_T1_GTR03_33000001,,,,15,52,14,422552211520424251555210545511220007152544200000151225400000151124420000,,00002590,,,,,,,,43,4,0,7,7,2590,,444515245522111525551512252124515211111425224215214112222554541541454512421552,AAABCBDABBDDCCCBDBBBCBCDDBDCDABCBDCCCCCADBDDADCBDCACCDDDDBBABACBACABABCDADCBBD,AAABBCADBBDDCCBCBDBBBCCDBDCDADBCBDCCCCACBDDDADBCCDACCDDDBDABABBCACABABCDADBCBD,,,2,2590,,,,,L_T1_GTR___standard/L_T1_GTR___mahara__,,,,,L_T1_GTR03_33000001,,,
150823,87,,,,,,,,,42,15,52,455225264540454212564550545511000007152420000000155200000000221100000000,,00002841,,,,,,,,43,1,0,5,5,2841,,4444451524552211152555151225212451521111142522421521411222255454154145124215,AAAAABCBDABBDDCCCBDBBBCBCDDBDCDABCBDCCCCCADBDDADCBDCACCDDDDBBABACBACABCDADCB,AAAAABBCADBBDDCCBCBDBBBCCDBDCDADBCBDCCCCACBDDDADBCCDACCDDDBDABABBCACABCDADBC,,,3,2841,,,,,L_T1_GTR___standard,,,,,L_T1_GTR03_33000001,,,,,52,14,422552211520424251555211545511225007152544200000151225400000151124420000,,bb40abb1,,,,,,,,44,0,1,bb40abb1,40,2630,,444515245522111525551512252124515211111425224215214112222554541541454512421552,AAABCBDABBDDCCCBDBBBCBCDDBDCDABCBDCCCCCADBDDADCBDCACCDDDDBBABACBACABABCDADCBBD,AAABBCADBBDDCCBCBDBBBCCDBDCDADBCBDCCCCACBDDDADBCCDACCDDDBDABABBCACABABCDADBCBD,,,2,2630,,,,,L_T1_GTR___standard/L_T1_GTR___mahara__,,,,,L_T1_GTR03_33000001,,,
150881,88,,,,,,,,,15,52,14,455225264540454212564550545511000007152422000000155240000000221100000000,,00002849,,,,,,,,44,2,0,8,8,2849,,444445152455221115255515122521245152111114252242152141122225545415414512421552,AAAAABCBDABBDDCCCBDBBBCBCDDBDCDABCBDCCCCCADBDDADCBDCACCDDDDBBABACBACABCDADCBBD,AAAAABBCADBBDDCCBCBDBBBCCDBDCDADBCBDCCCCACBDDDADBCCDACCDDDBDABABBCACABCDADBCBD,,,3,2849,,,,,L_T1_GTR___standard,,,,,L_T1_GTR03_33000001,,,,,52,14,422552211520424251555211545511225007152544200000151225400000151124420000,,bb40abb1,,,,,,,,44,0,1,bb40abb1,40,2630,,444515245522111525551512252124515211111425224215214112222554541541454512421552,AAABCBDABBDDCCCBDBBBCBCDDBDCDABCBDCCCCCADBDDADCBDCACCDDDDBBABACBACABABCDADCBBD,AAABBCADBBDDCCBCBDBBBCCDBDCDADBCBDCCCCACBDDDADBCCDACCDDDBDABABBCACABABCDADBCBD,,,2,2630,,,,,L_T1_GTR___standard/L_T1_GTR___mahara__,,,,,L_T1_GTR03_33000001,,,
150907,89,,,,,,,,,15,52,14,455225264540454212564550545511000007152422000000155240000000221100000000,,00002849,,,,,,,,44,2,0,8,8,2849,,444445152455221115255515122521245152111114252242152141122225545415414512421552,AAAAABCBDABBDDCCCBDBBBCBCDDBDCDABCBDCCCCCADBDDADCBDCACCDDDDBBABACBACABCDADCBBD,AAAAABBCADBBDDCCBCBDBBBCCDBDCDADBCBDCCCCACBDDDADBCCDACCDDDBDABABBCACABCDADBCBD,,,3,2849,,,,,L_T1_GTR___standard,,,,,L_T1_GTR03_33000001,,,,,52,14,422552211520424251211000545511220007152544200000151225400000151124420000,,b100ab14,,,,,,,,45,0,2,b100ab14,1400,4030,,444515245522111525551512252124515211111425224215214112222554541541454512421552,AAABCBDABBDDCCCBDBBBCBCDDBDCDABCBDCCCCCADBDDADCBDCACCDDDDBBABACBACABABCDADCBBD,AAABBCADBBDDCCBCBDBBBCCDBDCDADBCBDCCCCACBDDDADBCCDACCDDDBDABABBCACABABCDADBCBD,,,2,4030,,,,,L_T1_GTR___standard/L_T1_GTR___mahara__,,,,,L_T1_GTR03_33000001,,,
150944,90,,,,,,,,,52,14,54,455225264540454212564550545511510007152422000000155240000000221100000000,,00002854,,,,,,,,45,3,0,5,5,2854,,44444515245522111525551512252124515211111425224215214112222554541541451242155214,AAAAABCBDABBDDCCCBDBBBCBCDDBDCDABCBDCCCCCADBDDADCBDCACCDDDDBBABACBACABCDADCBBDCA,AAAAABBCADBBDDCCBCBDBBBCCDBDCDADBCBDCCCCACBDDDADBCCDACCDDDBDABABBCACABCDADBCBDAC,,,3,2854,,,,,L_T1_GTR___standard,,,,,L_T1_GTR03_33000001,,,,,52,14,422552211520424251211000545511220007152544200000151225400000151124420000,,b100ab14,,,,,,,,45,0,2,b100ab14,1400,4030,,444515245522111525551512252124515211111425224215214112222554541541454512421552,AAABCBDABBDDCCCBDBBBCBCDDBDCDABCBDCCCCCADBDDADCBDCACCDDDDBBABACBACABABCDADCBBD,AAABBCADBBDDCCBCBDBBBCCDBDCDADBCBDCCCCACBDDDADBCCDACCDDDBDABABBCACABABCDADBCBD,,,2,4030,,,,,L_T1_GTR___standard/L_T1_GTR___mahara__,,,,,L_T1_GTR03_33000001,,,
150993,91,,,,,,,,,52,14,54,455225264540454212564550545511510007152422000000155240000000221100000000,,00002854,,,,,,,,45,3,0,5,5,2854,,44444515245522111525551512252124515211111425224215214112222554541541451242155214,AAAAABCBDABBDDCCCBDBBBCBCDDBDCDABCBDCCCCCADBDDADCBDCACCDDDDBBABACBACABCDADCBBDCA,AAAAABBCADBBDDCCBCBDBBBCCDBDCDADBCBDCCCCACBDDDADBCCDACCDDDBDABABBCACABCDADBCBDAC,,,3,2854,,,,,L_T1_GTR___standard,,,,,L_T1_GTR03_33000001,,,,,52,14,422555200000424251000000545511000007152544000000151225400000151124420000,,bb40ab16,,,,,,,,46,0,3,bb40ab16,640,4670,,444515245522111525551512252124515211111425224215214112222554541541454512421552,AAABCBDABBDDCCCBDBBBCBCDDBDCDABCBDCCCCCADBDDADCBDCACCDDDDBBABACBACABABCDADCBBD,AAABBCADBBDDCCBCBDBBBCCDBDCDADBCBDCCCCACBDDDADBCCDACCDDDBDABABBCACABABCDADBCBD,,,3,4670,,,,,L_T1_GTR___standard/L_T1_GTR___mahara__,,,,,L_T1_GTR03_33000001,,,
151001,92,,,,,,,,,14,54,54,455225264540454212564550545511510007152422500000155242000000221100000000,,00002861,,,,,,,,46,4,0,7,7,2861,,4444451524552211152555151225212451521111142522421521411222255454154145124215521454,AAAAABCBDABBDDCCCBDBBBCBCDDBDCDABCBDCCCCCADBDDADCBDCACCDDDDBBABACBACABCDADCBBDCABA,AAAAABBCADBBDDCCBCBDBBBCCDBDCDADBCBDCCCCACBDDDADBCCDACCDDDBDABABBCACABCDADBCBDACAB,,,3,2861,,,,,L_T1_GTR___standard,,,,,L_T1_GTR03_33000001,,,,,52,14,422555200000424251000000545511000007152544000000151225400000151124420000,,bb40ab16,,,,,,,,46,0,3,bb40ab16,640,4670,,444515245522111525551512252124515211111425224215214112222554541541454512421552,AAABCBDABBDDCCCBDBBBCBCDDBDCDABCBDCCCCCADBDDADCBDCACCDDDDBBABACBACABABCDADCBBD,AAABBCADBBDDCCBCBDBBBCCDBDCDADBCBDCCCCACBDDDADBCCDACCDDDBDABABBCACABABCDADBCBD,,,3,4670,,,,,L_T1_GTR___standard/L_T1_GTR___mahara__,,,,,L_T1_GTR03_33000001,,,
151058,93,,,,,,,,,54,54,42,455225264540454212564550545511510007152422500000155242000000221114000000,,00002870,,,,,,,,47,5,0,9,9,2870,,444445152455221115255515122521245152111114252242152141122225545415414512421552145454,AAAAABCBDABBDDCCCBDBBBCBCDDBDCDABCBDCCCCCADBDDADCBDCACCDDDDBBABACBACABCDADCBBDCABABA,AAAAABBCADBBDDCCBCBDBBBCCDBDCDADBCBDCCCCACBDDDADBCCDACCDDDBDABABBCACABCDADBCBDACABAB,,,3,2870,,,,,L_T1_GTR___standard,,,,,L_T1_GTR03_33000001,,,,,52,14,422555200000424251000000545511000007152544000000151225400000151124420000,,bb40ab16,,,,,,,,46,0,3,bb40ab16,640,4670,,444515245522111525551512252124515211111425224215214112222554541541454512421552,AAABCBDABBDDCCCBDBBBCBCDDBDCDABCBDCCCCCADBDDADCBDCACCDDDDBBABACBACABABCDADCBBD,AAABBCADBBDDCCBCBDBBBCCDBDCDADBCBDCCCCACBDDDADBCCDACCDDDBDABABBCACABABCDADBCBD,,,3,4670,,,,,L_T1_GTR___standard/L_T1_GTR___mahara__,,,,,L_T1_GTR03_33000001,,,
151077,94,,,,,,,,,54,54,42,455225264540454212564550545511510007152422500000155242000000221114000000,,00002870,,,,,,,,47,5,0,9,9,2870,,444445152455221115255515122521245152111114252242152141122225545415414512421552145454,AAAAABCBDABBDDCCCBDBBBCBCDDBDCDABCBDCCCCCADBDDADCBDCACCDDDDBBABACBACABCDADCBBDCABABA,AAAAABBCADBBDDCCBCBDBBBCCDBDCDADBCBDCCCCACBDDDADBCCDACCDDDBDABABBCACABCDADBCBDACABAB,,,3,2870,,,,,L_T1_GTR___standard,,,,,L_T1_GTR03_33000001,,,,,52,14,422200000000424210000000545511000007152544000000151225400000151124420000,,bb50ab34,,,,,,,,47,0,4,bb50ab34,1700,6370,,444515245522111525551512252124515211111425224215214112222554541541454512421552,AAABCBDABBDDCCCBDBBBCBCDDBDCDABCBDCCCCCADBDDADCBDCACCDDDDBBABACBACABABCDADCBBD,AAABBCADBBDDCCBCBDBBBCCDBDCDADBCBDCCCCACBDDDADBCCDACCDDDBDABABBCACABABCDADBCBD,,,4,6370,,,,,,,,,,,,,
151097,95,,,,,,,,,54,42,12,455225264540454212564554545511510007152422500000155242000000221114000000,,00002871,,,,,,,,48,6,0,1,1,2871,,44444515245522111525551512252124515211111425224215214112222554541541451242155214545442,AAAAABCBDABBDDCCCBDBBBCBCDDBDCDABCBDCCCCCADBDDADCBDCACCDDDDBBABACBACABCDADCBBDCABABAAD,AAAAABBCADBBDDCCBCBDBBBCCDBDCDADBCBDCCCCACBDDDADBCCDACCDDDBDABABBCACABCDADBCBDACABABAD,,,3,2871,,,,,L_T1_GTR___standard,,,,,L_T1_GTR03_33000001,,,,,52,14,422200000000424210000000545511000007152544000000151225400000151124420000,,bb50ab34,,,,,,,,47,0,4,bb50ab34,1700,6370,,444515245522111525551512252124515211111425224215214112222554541541454512421552,AAABCBDABBDDCCCBDBBBCBCDDBDCDABCBDCCCCCADBDDADCBDCACCDDDDBBABACBACABABCDADCBBD,AAABBCADBBDDCCBCBDBBBCCDBDCDADBCBDCCCCACBDDDADBCCDACCDDDBDABABBCACABABCDADBCBD,,,4,6370,,,,,,,,,,,,,
151158,96,,,,,,,,,42,12,41,455225264540454212564554545511510007152422500000155242450000221114000000,,00002877,,,,,,,,49,7,0,6,6,2877,,4444451524552211152555151225212451521111142522421521411222255454154145124215521454544212,AAAAABCBDABBDDCCCBDBBBCBCDDBDCDABCBDCCCCCADBDDADCBDCACCDDDDBBABACBACABCDADCBBDCABABAADCD,AAAAABBCADBBDDCCBCBDBBBCCDBDCDADBCBDCCCCACBDDDADBCCDACCDDDBDABABBCACABCDADBCBDACABABADCD,,,3,2877,,,,,L_T1_GTR___standard,,,,,L_T1_GTR03_33000001,,,,,52,14,422200000000424210000000545511000007152544000000151225400000151124420000,,bb50ab34,,,,,,,,47,0,4,bb50ab34,1700,6370,,444515245522111525551512252124515211111425224215214112222554541541454512421552,AAABCBDABBDDCCCBDBBBCBCDDBDCDABCBDCCCCCADBDDADCBDCACCDDDDBBABACBACABABCDADCBBD,AAABBCADBBDDCCBCBDBBBCCDBDCDADBCBDCCCCACBDDDADBCCDACCDDDBDABABBCACABABCDADBCBD,,,4,6370,,,,,,,,,,,,,
151159,97,,,,,,,,,42,12,41,455225264540454212564554545511510007152422500000155242450000221114000000,,00002877,,,,,,,,49,7,0,6,6,2877,,4444451524552211152555151225212451521111142522421521411222255454154145124215521454544212,AAAAABCBDABBDDCCCBDBBBCBCDDBDCDABCBDCCCCCADBDDADCBDCACCDDDDBBABACBACABCDADCBBDCABABAADCD,AAAAABBCADBBDDCCBCBDBBBCCDBDCDADBCBDCCCCACBDDDADBCCDACCDDDBDABABBCACABCDADBCBDACABABADCD,,,3,2877,,,,,L_T1_GTR___standard,,,,,L_T1_GTR03_33000001,,,,,52,14,400000000000441000000000545511000007152544000000151225400000151124420000,,bb40ab64,,,,,,,,48,0,5,bb40ab64,2560,8930,,444515245522111525551512252124515211111425224215214112222554541541454512421552,AAABCBDABBDDCCCBDBBBCBCDDBDCDABCBDCCCCCADBDDADCBDCACCDDDDBBABACBACABABCDADCBBD,AAABBCADBBDDCCBCBDBBBCCDBDCDADBCBDCCCCACBDDDADBCCDACCDDDBDABABBCACABABCDADBCBD,,,5,8930,,,,,,,,,,,,,
151199,98,,,,,,,,,12,41,52,455225264540454212564554545511510007152422500000155242450000221114240000,,00002883,,,,,,,,50,8,0,6,6,2883,,444445152455221115255515122521245152111114252242152141122225545415414512421552145454421241,AAAAABCBDABBDDCCCBDBBBCBCDDBDCDABCBDCCCCCADBDDADCBDCACCDDDDBBABACBACABCDADCBBDCABABAADCDAC,AAAAABBCADBBDDCCBCBDBBBCCDBDCDADBCBDCCCCACBDDDADBCCDACCDDDBDABABBCACABCDADBCBDACABABADCDAC,,,3,2883,,,,,L_T1_GTR___standard,,,,,L_T1_GTR03_33000001,,,,,52,14,400000000000441000000000545511000007152544000000151225400000151124420000,,bb40ab64,,,,,,,,48,0,5,bb40ab64,2560,8930,,444515245522111525551512252124515211111425224215214112222554541541454512421552,AAABCBDABBDDCCCBDBBBCBCDDBDCDABCBDCCCCCADBDDADCBDCACCDDDDBBABACBACABABCDADCBBD,AAABBCADBBDDCCBCBDBBBCCDBDCDADBCBDCCCCACBDDDADBCCDACCDDDBDABABBCACABABCDADBCBD,,,5,8930,,,,,,,,,,,,,
151241,99,,,,,,,,,12,41,52,455225264540454212564554545511510007152422500000155242450000221114240000,,00002883,,,,,,,,50,8,0,6,6,2883,,444445152455221115255515122521245152111114252242152141122225545415414512421552145454421241,AAAAABCBDABBDDCCCBDBBBCBCDDBDCDABCBDCCCCCADBDDADCBDCACCDDDDBBABACBACABCDADCBBDCABABAADCDAC,AAAAABBCADBBDDCCBCBDBBBCCDBDCDADBCBDCCCCACBDDDADBCCDACCDDDBDABABBCACABCDADBCBDACABABADCDAC,,,3,2883,,,,,L_T1_GTR___standard,,,,,L_T1_GTR03_33000001,,,,,52,14,000000000000100000000000555110000007152544000000151225400000151124420000,,bb60ab99,,,,,,,,49,0,6,bb60ab99,5940,14870,,444515245522111525551512252124515211111425224215214112222554541541454512421552,AAABCBDABBDDCCCBDBBBCBCDDBDCDABCBDCCCCCADBDDADCBDCACCDDDDBBABACBACABABCDADCBBD,AAABBCADBBDDCCBCBDBBBCCDBDCDADBCBDCCCCACBDDDADBCCDACCDDDBDABABBCACABABCDADBCBD,,,6,14870,,,,,,,,,,,,,
151255,100,,,,,,,,,41,52,24,455225264540454212564554545511510007152422510000155242452000221114240000,,00002888,,,,,,,,51,9,0,5,5,2888,,44444515245522111525551512252124515211111425224215214112222554541541451242155214545442124152,AAAAABCBDABBDDCCCBDBBBCBCDDBDCDABCBDCCCCCADBDDADCBDCACCDDDDBBABACBACABCDADCBBDCABABAADCDACBD,AAAAABBCADBBDDCCBCBDBBBCCDBDCDADBCBDCCCCACBDDDADBCCDACCDDDBDABABBCACABCDADBCBDACABABADCDACBD,,,3,2888,,,,,L_T1_GTR___standard,,,,,L_T1_GTR03_33000001,,,,,52,14,000000000000100000000000555110000007152544000000151225400000151124420000,,bb60ab99,,,,,,,,49,0,6,bb60ab99,5940,14870,,444515245522111525551512252124515211111425224215214112222554541541454512421552,AAABCBDABBDDCCCBDBBBCBCDDBDCDABCBDCCCCCADBDDADCBDCACCDDDDBBABACBACABABCDADCBBD,AAABBCADBBDDCCBCBDBBBCCDBDCDADBCBDCCCCACBDDDADBCCDACCDDDBDABABBCACABABCDADBCBD,,,6,14870,,,,,,,,,,,,,
151290,101,,,,,,,,,52,24,14,455225264540454212564554545511514007152422511000155242452000221114240000,,00002893,,,,,,,,52,10,0,5,5,2893,,4444451524552211152555151225212451521111142522421521411222255454154145124215521454544212415224,AAAAABCBDABBDDCCCBDBBBCBCDDBDCDABCBDCCCCCADBDDADCBDCACCDDDDBBABACBACABCDADCBBDCABABAADCDACBDDA,AAAAABBCADBBDDCCBCBDBBBCCDBDCDADBCBDCCCCACBDDDADBCCDACCDDDBDABABBCACABCDADBCBDACABABADCDACBDAD,,,3,2893,,,,,L_T1_GTR___standard,,,,,L_T1_GTR03_33000001,,,,,52,14,000000000000100000000000555110000007152544000000151225400000151124420000,,bb60ab99,,,,,,,,49,0,6,bb60ab99,5940,14870,,444515245522111525551512252124515211111425224215214112222554541541454512421552,AAABCBDABBDDCCCBDBBBCBCDDBDCDABCBDCCCCCADBDDADCBDCACCDDDDBBABACBACABABCDADCBBD,AAABBCADBBDDCCBCBDBBBCCDBDCDADBCBDCCCCACBDDDADBCCDACCDDDBDABABBCACABABCDADBCBD,,,6,14870,,,,,,,,,,,,,
151324,102,,,,,,,,,52,24,14,455225264540454212564554545511514007152422511000155242452000221114240000,,00002893,,,,,,,,52,10,0,5,5,2893,,4444451524552211152555151225212451521111142522421521411222255454154145124215521454544212415224,AAAAABCBDABBDDCCCBDBBBCBCDDBDCDABCBDCCCCCADBDDADCBDCACCDDDDBBABACBACABCDADCBBDCABABAADCDACBDDA,AAAAABBCADBBDDCCBCBDBBBCCDBDCDADBCBDCCCCACBDDDADBCCDACCDDDBDABABBCACABCDADBCBDACABABADCDACBDAD,,,3,2893,,,,,L_T1_GTR___standard,,,,,L_T1_GTR03_33000001,,,,,52,14,000000000000100000000000110000000007125440000000112254000000111244200000,,bb90a134,,,,,,,,50,0,7,bb90a134,12060,26930,,444515245522111525551512252124515211111425224215214112222554541541454512421552,AAABCBDABBDDCCCBDBBBCBCDDBDCDABCBDCCCCCADBDDADCBDCACCDDDDBBABACBACABABCDADCBBD,AAABBCADBBDDCCBCBDBBBCCDBDCDADBCBDCCCCACBDDDADBCCDACCDDDBDABABBCACABABCDADBCBD,,,7,26930,,,,,,,,,,,,,
151334,103,,,,,,,,,24,14,44,455225264540454212564554545511514007152422511000155242452000221114245200,,00002898,,,,,,,,53,11,0,5,5,2898,,444445152455221115255515122521245152111114252242152141122225545415414512421552145454421241522414,AAAAABCBDABBDDCCCBDBBBCBCDDBDCDABCBDCCCCCADBDDADCBDCACCDDDDBBABACBACABCDADCBBDCABABAADCDACBDDACA,AAAAABBCADBBDDCCBCBDBBBCCDBDCDADBCBDCCCCACBDDDADBCCDACCDDDBDABABBCACABCDADBCBDACABABADCDACBDADAC,,,3,2898,,,,,L_T1_GTR___standard,,,,,L_T1_GTR03_33000001,,,,,52,14,000000000000100000000000110000000007125440000000112254000000111244200000,,bb90a134,,,,,,,,50,0,7,bb90a134,12060,26930,,444515245522111525551512252124515211111425224215214112222554541541454512421552,AAABCBDABBDDCCCBDBBBCBCDDBDCDABCBDCCCCCADBDDADCBDCACCDDDDBBABACBACABABCDADCBBD,AAABBCADBBDDCCBCBDBBBCCDBDCDADBCBDCCCCACBDDDADBCCDACCDDDBDABABBCACABABCDADBCBD,,,7,26930,,,,,,,,,,,,,
151371,104,,,,,,,,,14,44,42,455225264540454212564554545511514007152422511000155242452000221114245224,,00002901,,,,,,,,54,12,0,3,3,2901,,44444515245522111525551512252124515211111425224215214112222554541541451242155214545442124152241444,AAAAABCBDABBDDCCCBDBBBCBCDDBDCDABCBDCCCCCADBDDADCBDCACCDDDDBBABACBACABCDADCBBDCABABAADCDACBDDACAAA,AAAAABBCADBBDDCCBCBDBBBCCDBDCDADBCBDCCCCACBDDDADBCCDACCDDDBDABABBCACABCDADBCBDACABABADCDACBDADACAA,,,3,2901,,,,,L_T1_GTR___standard,,,,,L_T1_GTR03_33000001,,,,,52,14,000000000000100000000000110000000007125440000000112254000000111244200000,,bb90a134,,,,,,,,50,0,7,bb90a134,12060,26930,,444515245522111525551512252124515211111425224215214112222554541541454512421552,AAABCBDABBDDCCCBDBBBCBCDDBDCDABCBDCCCCCADBDDADCBDCACCDDDDBBABACBACABABCDADCBBD,AAABBCADBBDDCCBCBDBBBCCDBDCDADBCBDCCCCACBDDDADBCCDACCDDDBDABABBCACABABCDADBCBD,,,7,26930,,,,,,,,,,,,,
151408,105,,,,,,,,,14,44,42,455225264540454212564554545511514007152422511000155242452000221114245224,,00002901,,,,,,,,54,12,0,3,3,2901,,44444515245522111525551512252124515211111425224215214112222554541541451242155214545442124152241444,AAAAABCBDABBDDCCCBDBBBCBCDDBDCDABCBDCCCCCADBDDADCBDCACCDDDDBBABACBACABCDADCBBDCABABAADCDACBDDACAAA,AAAAABBCADBBDDCCBCBDBBBCCDBDCDADBCBDCCCCACBDDDADBCCDACCDDDBDABABBCACABCDADBCBDACABABADCDACBDADACAA,,,3,2901,,,,,L_T1_GTR___standard,,,,,L_T1_GTR03_33000001,,,,,52,14,000000000000000000000000000000000007254400000000225400000000244200000000,,bb40a160,,,,,,,,51,0,8,bb40a160,6400,33330,,444515245522111525551512252124515211111425224215214112222554541541454512421552,AAABCBDABBDDCCCBDBBBCBCDDBDCDABCBDCCCCCADBDDADCBDCACCDDDDBBABACBACABABCDADCBBD,AAABBCADBBDDCCBCBDBBBCCDBDCDADBCBDCCCCACBDDDADBCCDACCDDDBDABABBCACABABCDADBCBD,,,8,33330,,,,,,,,,,,,,
151412,106,,,,,,,,,44,42,41,455225264540454212564554545511514007152422511400155242452100221114245224,,00002905,,,,,,,,55,13,0,4,4,2905,,4444451524552211152555151225212451521111142522421521411222255454154145124215521454544212415224144442,AAAAABCBDABBDDCCCBDBBBCBCDDBDCDABCBDCCCCCADBDDADCBDCACCDDDDBBABACBACABCDADCBBDCABABAADCDACBDDACAAAAD,AAAAABBCADBBDDCCBCBDBBBCCDBDCDADBCBDCCCCACBDDDADBCCDACCDDDBDABABBCACABCDADBCBDACABABADCDACBDADACAAAD,,,3,2905,,,,,L_T1_GTR___standard,,,,,L_T1_GTR03_33000001,,,,,52,14,000000000000000000000000000000000007254400000000225400000000244200000000,,bb40a160,,,,,,,,51,0,8,bb40a160,6400,33330,,444515245522111525551512252124515211111425224215214112222554541541454512421552,AAABCBDABBDDCCCBDBBBCBCDDBDCDABCBDCCCCCADBDDADCBDCACCDDDDBBABACBACABABCDADCBBD,AAABBCADBBDDCCBCBDBBBCCDBDCDADBCBDCCCCACBDDDADBCCDACCDDDBDABABBCACABABCDADBCBD,,,8,33330,,,,,,,,,,,,,
151446,107,,,,,,,,,42,41,41,455225264540454212564554545511514007152422511440155242452140221114245224,,00002908,,,,,,,,56,14,0,3,3,2908,,444445152455221115255515122521245152111114252242152141122225545415414512421552145454421241522414444241,AAAAABCBDABBDDCCCBDBBBCBCDDBDCDABCBDCCCCCADBDDADCBDCACCDDDDBBABACBACABCDADCBBDCABABAADCDACBDDACAAAADAC,AAAAABBCADBBDDCCBCBDBBBCCDBDCDADBCBDCCCCACBDDDADBCCDACCDDDBDABABBCACABCDADBCBDACABABADCDACBDADACAAADAC,,,3,2908,,,,,L_T1_GTR___standard,,,,,L_T1_GTR03_33000001,,,,,52,14,000000000000000000000000000000000007254400000000225400000000244200000000,,bb40a160,,,,,,,,51,0,8,bb40a160,6400,33330,,444515245522111525551512252124515211111425224215214112222554541541454512421552,AAABCBDABBDDCCCBDBBBCBCDDBDCDABCBDCCCCCADBDDADCBDCACCDDDDBBABACBACABABCDADCBBD,AAABBCADBBDDCCBCBDBBBCCDBDCDADBCBDCCCCACBDDDADBCCDACCDDDBDABABBCACABABCDADBCBD,,,8,33330,,,,,,,,,,,,,
151491,108,,,,,,,,,42,41,41,455225264540454212564554545511514007152422511440155242452140221114245224,,00002908,,,,,,,,56,14,0,3,3,2908,,444445152455221115255515122521245152111114252242152141122225545415414512421552145454421241522414444241,AAAAABCBDABBDDCCCBDBBBCBCDDBDCDABCBDCCCCCADBDDADCBDCACCDDDDBBABACBACABCDADCBBDCABABAADCDACBDDACAAAADAC,AAAAABBCADBBDDCCBCBDBBBCCDBDCDADBCBDCCCCACBDDDADBCCDACCDDDBDABABBCACABCDADBCBDACABABADCDACBDADACAAADAC,,,3,2908,,,,,L_T1_GTR___standard,,,,,L_T1_GTR03_33000001,,,,,52,14,000000000000000000000000000000000007544000000000540000000000442000000000,,bb50a194,,,,,,,,52,0,9,bb50a194,9700,43030,,444515245522111525551512252124515211111425224215214112222554541541454512421552,AAABCBDABBDDCCCBDBBBCBCDDBDCDABCBDCCCCCADBDDADCBDCACCDDDDBBABACBACABABCDADCBBD,AAABBCADBBDDCCBCBDBBBCCDBDCDADBCBDCCCCACBDDDADBCCDACCDDDBDABABBCACABABCDADBCBD,,,9,43030,,,,,,,,,,,,,
151570,109,,,,,,,,,41,41,14,455225264540454212564554545511514007152422511440155242452142221114245224,,00002909,,,,,,,,57,15,0,1,1,2909,,44444515245522111525551512252124515211111425224215214112222554541541451242155214545442124152241444424141,AAAAABCBDABBDDCCCBDBBBCBCDDBDCDABCBDCCCCCADBDDADCBDCACCDDDDBBABACBACABCDADCBBDCABABAADCDACBDDACAAAADACAC,AAAAABBCADBBDDCCBCBDBBBCCDBDCDADBCBDCCCCACBDDDADBCCDACCDDDBDABABBCACABCDADBCBDACABABADCDACBDADACAAADACAC,,,3,2909,,,,,L_T1_GTR___standard,,,,,L_T1_GTR03_33000001,,,,,52,14,000000000000000000000000000000000007544000000000540000000000442000000000,,bb50a194,,,,,,,,52,0,9,bb50a194,9700,43030,,444515245522111525551512252124515211111425224215214112222554541541454512421552,AAABCBDABBDDCCCBDBBBCBCDDBDCDABCBDCCCCCADBDDADCBDCACCDDDDBBABACBACABABCDADCBBD,AAABBCADBBDDCCBCBDBBBCCDBDCDADBCBDCCCCACBDDDADBCCDACCDDDBDABABBCACABABCDADBCBD,,,9,43030,,,,,,,,,,,,,
151585,110,,,,,,,,,41,41,14,455225264540454212564554545511514007152422511440155242452142221114245224,,00002909,,,,,,,,57,15,0,1,1,2909,,44444515245522111525551512252124515211111425224215214112222554541541451242155214545442124152241444424141,AAAAABCBDABBDDCCCBDBBBCBCDDBDCDABCBDCCCCCADBDDADCBDCACCDDDDBBABACBACABCDADCBBDCABABAADCDACBDDACAAAADACAC,AAAAABBCADBBDDCCBCBDBBBCCDBDCDADBCBDCCCCACBDDDADBCCDACCDDDBDABABBCACABCDADBCBDACABABADCDACBDADACAAADACAC,,,3,2909,,,,,L_T1_GTR___standard,,,,,L_T1_GTR03_33000001,,,,52,14,54,000000000000000000000000000000000007500000000000500000000000200000000000,,00043031,,,,,,,,53,1,0,1,1,43031,,44451524552211152555151225212451521111142522421521411222255454154145451242155214,AAABCBDABBDDCCCBDBBBCBCDDBDCDABCBDCCCCCADBDDADCBDCACCDDDDBBABACBACABABCDADCBBDCA,AAABBCADBBDDCCBCBDBBBCCDBDCDADBCBDCCCCACBDDDADBCCDACCDDDBDABABBCACABABCDADBCBDAC,,,9,43031,,,,,,,,,,,,,
151637,111,,,,,,,,,41,41,14,455225264540454212564554545511514007152422511440155242452142221114245224,,00002909,,,,,,,,57,15,0,1,1,2909,,44444515245522111525551512252124515211111425224215214112222554541541451242155214545442124152241444424141,AAAAABCBDABBDDCCCBDBBBCBCDDBDCDABCBDCCCCCADBDDADCBDCACCDDDDBBABACBACABCDADCBBDCABABAADCDACBDDACAAAADACAC,AAAAABBCADBBDDCCBCBDBBBCCDBDCDADBCBDCCCCACBDDDADBCCDACCDDDBDABABBCACABCDADBCBDACABABADCDACBDADACAAADACAC,,,3,2909,,,,,L_T1_GTR___standard,,,,,L_T1_GTR03_33000001,,,,14,54,54,000000000000000000000000000000000007500000000000500000000000225000000000,,00043042,,,,,,,,54,2,0,11,11,43042,,4445152455221115255515122521245152111114252242152141122225545415414545124215521454,AAABCBDABBDDCCCBDBBBCBCDDBDCDABCBDCCCCCADBDDADCBDCACCDDDDBBABACBACABABCDADCBBDCABA,AAABBCADBBDDCCBCBDBBBCCDBDCDADBCBDCCCCACBDDDADBCCDACCDDDBDABABBCACABABCDADBCBDACAB,,,9,43042,,,,,,,,,,,,,
151687,112,,,,,,,,,41,41,14,455225264540454212564554545511514007152422511440155242452142221114245224,,00002909,,,,,,,,57,15,0,1,1,2909,,44444515245522111525551512252124515211111425224215214112222554541541451242155214545442124152241444424141,AAAAABCBDABBDDCCCBDBBBCBCDDBDCDABCBDCCCCCADBDDADCBDCACCDDDDBBABACBACABCDADCBBDCABABAADCDACBDDACAAAADACAC,AAAAABBCADBBDDCCBCBDBBBCCDBDCDADBCBDCCCCACBDDDADBCCDACCDDDBDABABBCACABCDADBCBDACABABADCDACBDADACAAADACAC,,,3,2909,,,,,L_T1_GTR___standard,,,,,L_T1_GTR03_33000001,,,,54,54,42,000000000000410000000000000000000007500000000000500000000000225000000000,,00043054,,,,,,,,55,3,0,12,12,43054,,444515245522111525551512252124515211111425224215214112222554541541454512421552145454,AAABCBDABBDDCCCBDBBBCBCDDBDCDABCBDCCCCCADBDDADCBDCACCDDDDBBABACBACABABCDADCBBDCABABA,AAABBCADBBDDCCBCBDBBBCCDBDCDADBCBDCCCCACBDDDADBCCDACCDDDBDABABBCACABABCDADBCBDACABAB,,,9,43054,,,,,,,,,,,,,
151747,113,,,,,,,,,41,41,14,455225264540454212564554545511514007152422511440155242452142221114245224,,00002909,,,,,,,,57,15,0,1,1,2909,,44444515245522111525551512252124515211111425224215214112222554541541451242155214545442124152241444424141,AAAAABCBDABBDDCCCBDBBBCBCDDBDCDABCBDCCCCCADBDDADCBDCACCDDDDBBABACBACABCDADCBBDCABABAADCDACBDDACAAAADACAC,AAAAABBCADBBDDCCBCBDBBBCCDBDCDADBCBDCCCCACBDDDADBCCDACCDDDBDABABBCACABCDADBCBDACABABADCDACBDADACAAADACAC,,,3,2909,,,,,L_T1_GTR___standard,,,,,L_T1_GTR03_33000001,,,,54,42,12,000000000000410000000000000000000007550000000000540000000000225000000000,,00043066,,,,,,,,56,4,0,12,12,43066,,44451524552211152555151225212451521111142522421521411222255454154145451242155214545442,AAABCBDABBDDCCCBDBBBCBCDDBDCDABCBDCCCCCADBDDADCBDCACCDDDDBBABACBACABABCDADCBBDCABABAAD,AAABBCADBBDDCCBCBDBBBCCDBDCDADBCBDCCCCACBDDDADBCCDACCDDDBDABABBCACABABCDADBCBDACABABAD,,,9,43066,,,,,,,,,,,,,
151826,114,,,,,,,,,,41,14,455225264540454212564554545511514107152422511444155242452142221114245224,,bb40abb1,,,,,,,,58,0,1,bb40abb1,40,2949,,44444515245522111525551512252124515211111425224215214112222554541541451242155214545442124152241444424141,AAAAABCBDABBDDCCCBDBBBCBCDDBDCDABCBDCCCCCADBDDADCBDCACCDDDDBBABACBACABCDADCBBDCABABAADCDACBDDACAAAADACAC,AAAAABBCADBBDDCCBCBDBBBCCDBDCDADBCBDCCCCACBDDDADBCCDACCDDDBDABABBCACABCDADBCBDACABABADCDACBDADACAAADACAC,,,3,2949,,,,,L_T1_GTR___standard,,,,,L_T1_GTR03_33000001,,,,54,42,12,000000000000410000000000000000000007550000000000540000000000225000000000,,00043066,,,,,,,,56,4,0,12,12,43066,,44451524552211152555151225212451521111142522421521411222255454154145451242155214545442,AAABCBDABBDDCCCBDBBBCBCDDBDCDABCBDCCCCCADBDDADCBDCACCDDDDBBABACBACABABCDADCBBDCABABAAD,AAABBCADBBDDCCBCBDBBBCCDBDCDADBCBDCCCCACBDDDADBCCDACCDDDBDABABBCACABABCDADBCBDACABABAD,,,9,43066,,,,,,,,,,,,,
151859,115,,,,,,,,,,41,14,455225264540454212564554545511514107152422511444155242452142221114245224,,bb40abb1,,,,,,,,58,0,1,bb40abb1,40,2949,,44444515245522111525551512252124515211111425224215214112222554541541451242155214545442124152241444424141,AAAAABCBDABBDDCCCBDBBBCBCDDBDCDABCBDCCCCCADBDDADCBDCACCDDDDBBABACBACABCDADCBBDCABABAADCDACBDDACAAAADACAC,AAAAABBCADBBDDCCBCBDBBBCCDBDCDADBCBDCCCCACBDDDADBCCDACCDDDBDABABBCACABCDADBCBDACABABADCDACBDADACAAADACAC,,,3,2949,,,,,L_T1_GTR___standard,,,,,L_T1_GTR03_33000001,,,,42,12,41,000000000000410000000000000000000007550000000000544000000000225500000000,,00043075,,,,,,,,57,5,0,9,9,43075,,4445152455221115255515122521245152111114252242152141122225545415414545124215521454544212,AAABCBDABBDDCCCBDBBBCBCDDBDCDABCBDCCCCCADBDDADCBDCACCDDDDBBABACBACABABCDADCBBDCABABAADCD,AAABBCADBBDDCCBCBDBBBCCDBDCDADBCBDCCCCACBDDDADBCCDACCDDDBDABABBCACABABCDADBCBDACABABADCD,,,9,43075,,,,,,,,,,,,,
151931,116,,,,,,,,,,41,14,455225264540454212564554545511514107152422511444155242452142221114245224,,bb40abb1,,,,,,,,58,0,1,bb40abb1,40,2949,,44444515245522111525551512252124515211111425224215214112222554541541451242155214545442124152241444424141,AAAAABCBDABBDDCCCBDBBBCBCDDBDCDABCBDCCCCCADBDDADCBDCACCDDDDBBABACBACABCDADCBBDCABABAADCDACBDDACAAAADACAC,AAAAABBCADBBDDCCBCBDBBBCCDBDCDADBCBDCCCCACBDDDADBCCDACCDDDBDABABBCACABCDADBCBDACABABADCDACBDADACAAADACAC,,,3,2949,,,,,L_T1_GTR___standard,,,,,L_T1_GTR03_33000001,,,,12,41,52,000000000000410000000000000000000007554000000000544200000000225500000000,,00043085,,,,,,,,58,6,0,10,10,43085,,444515245522111525551512252124515211111425224215214112222554541541454512421552145454421241,AAABCBDABBDDCCCBDBBBCBCDDBDCDABCBDCCCCCADBDDADCBDCACCDDDDBBABACBACABABCDADCBBDCABABAADCDAC,AAABBCADBBDDCCBCBDBBBCCDBDCDADBCBDCCCCACBDDDADBCCDACCDDDBDABABBCACABABCDADBCBDACABABADCDAC,,,9,43085,,,,,,,,,,,,,
151974,117,,,,,,,,,,41,14,455225264546454212564554545511514166152422511666155242452124221014245224,,00002949,,,,,lose,,,59,0,1,0,0,2949,,44444515245522111525551512252124515211111425224215214112222554541541451242155214545442124152241444424141,AAAAABCBDABBDDCCCBDBBBCBCDDBDCDABCBDCCCCCADBDDADCBDCACCDDDDBBABACBACABCDADCBBDCABABAADCDACBDDACAAAADACAC,AAAAABBCADBBDDCCBCBDBBBCCDBDCDADBCBDCCCCACBDDDADBCCDACCDDDBDABABBCACABCDADBCBDACABABADCDACBDADACAAADACAC,,,3,2949,,,,,L_T1_GTR___standard,,,,,L_T1_GTR03_33000001,,,,12,41,52,000000000000410000000000000000000007554000000000544200000000225500000000,,00043085,,,,,,,,58,6,0,10,10,43085,,444515245522111525551512252124515211111425224215214112222554541541454512421552145454421241,AAABCBDABBDDCCCBDBBBCBCDDBDCDABCBDCCCCCADBDDADCBDCACCDDDDBBABACBACABABCDADCBBDCABABAADCDAC,AAABBCADBBDDCCBCBDBBBCCDBDCDADBCBDCCCCACBDDDADBCCDACCDDDBDABABBCACABABCDADBCBDACABABADCDAC,,,9,43085,,,,,,,,,,,,,
151982,117,,,,,,,,,,41,14,455225264546454212564554545511514166152422511666155242452124221014245224,,00002949,,,,,lose,,,59,0,1,0,0,2949,,44444515245522111525551512252124515211111425224215214112222554541541451242155214545442124152241444424141,AAAAABCBDABBDDCCCBDBBBCBCDDBDCDABCBDCCCCCADBDDADCBDCACCDDDDBBABACBACABCDADCBBDCABABAADCDACBDDACAAAADACAC,AAAAABBCADBBDDCCBCBDBBBCCDBDCDADBCBDCCCCACBDDDADBCCDACCDDDBDABABBCACABCDADBCBDACABABADCDACBDADACAAADACAC,,,3,2949,,,,,L_T1_GTR___standard,,,,,L_T1_GTR03_33000001,,,,,41,52,000000000000412000000000100000000007554000000000544200000000225500000000,,00043096,,,,,win,,,59,6,0,11,11,43096,,444515245522111525551512252124515211111425224215214112222554541541454512421552145454421241,AAABCBDABBDDCCCBDBBBCBCDDBDCDABCBDCCCCCADBDDADCBDCACCDDDDBBABACBACABABCDADCBBDCABABAADCDAC,AAABBCADBBDDCCBCBDBBBCCDBDCDADBCBDCCCCACBDDDADBCCDACCDDDBDABABBCACABABCDADBCBDACABABADCDAC,,,9,43096,,,,,,,,,,,,,
