158553,0,,,,,,,,,,35,53,000000000000000000000000000000000007000000000000000000000000000000000000,000000,00000000,,,,,,,,0,0,0,0,0,0,,35,AB,AB,,,0,0,,,,,,,,,,,,,,,35,53,000000000000000000000000000000000007000000000000000000000000000000000000,000000,00000000,,,,,,,,0,0,0,0,0,0,,35,AB,AB,,,0,0,,,,,,,,,,,,,
158705,2,,,,,,,,,35,53,23,000000000000000000000000000000000007000000000000000000000000000000000000,,00000000,,,,,,,,1,1,0,0,0,0,,3553,ABBA,ABAB,,,0,0,,,,,,,,,,,,,,35,53,23,000000000000000000000000000000000007000000000000000000000000000000000000,,00000000,,,,,,,,1,1,0,0,0,0,,3553,ABBA,ABAB,,,0,0,,,,,,,,,,,,,
158757,3,,,,,,,,,53,23,44,500000000000300000000000000000000007000000000000000000000000000000000000,,00000013,,,,,,,,2,2,0,13,13,13,,355323,ABBACA,ABABAC,,,0,13,,,,,,,,,,,,,,35,53,23,000000000000000000000000000000000007000000000000000000000000000000000000,,00000000,,,,,,,,1,1,0,0,0,0,,3553,ABBA,ABAB,,,0,0,,,,,,,,,,,,,
158759,4,,,,,,,,,53,23,44,500000000000300000000000000000000007000000000000000000000000000000000000,,00000013,,,,,,,,2,2,0,13,13,13,,355323,ABBACA,ABABAC,,,0,13,,,,,,,,,,,,,,53,23,44,350000000000000000000000000000000007000000000000000000000000000000000000,,00000013,,,,,,,,2,2,0,13,13,13,,355323,ABBACA,ABABAC,,,0,13,,,,,,,,,,,,,
158809,5,,,,,,,,,53,23,44,500000000000300000000000000000000007000000000000000000000000000000000000,,00000013,,,,,,,,2,2,0,13,13,13,,355323,ABBACA,ABABAC,,,0,13,,,,,,,,,,,,,,23,44,55,350000000000350000000000000000000007000000000000000000000000000000000000,,00000025,,,,,,,,3,3,0,12,12,25,,35532344,ABBACADD,ABABACDD,,,0,25,,,,,,,,,,,,,
158811,6,,,,,,,,,23,44,55,550000000000330000000000000000000007000000000000000000000000000000000000,,00000025,,,,,,,,3,3,0,12,12,25,,35532344,ABBACADD,ABABACDD,,,0,25,,,,,,,,,,,,,,23,44,55,350000000000350000000000000000000007000000000000000000000000000000000000,,00000025,,,,,,,,3,3,0,12,12,25,,35532344,ABBACADD,ABABACDD,,,0,25,,,,,,,,,,,,,
158859,7,,,,,,,,,23,44,55,550000000000330000000000000000000007000000000000000000000000000000000000,,00000025,,,,,,,,3,3,0,12,12,25,,35532344,ABBACADD,ABABACDD,,,0,25,,,,,,,,,,,,,,44,55,24,350000000000350000000000230000000007000000000000000000000000000000000000,,00000038,,,,,,,,4,4,0,13,13,38,,3553234455,ABBACADDBB,ABABACDDBB,,,0,38,,,,,,,,,,,,,
158861,8,,,,,,,,,44,55,24,550000000000330000000000230000000007000000000000000000000000000000000000,,00000038,,,,,,,,4,4,0,13,13,38,,3553234455,ABBACADDBB,ABABACDDBB,,,0,38,,,,,,,,,,,,,,44,55,24,350000000000350000000000230000000007000000000000000000000000000000000000,,00000038,,,,,,,,4,4,0,13,13,38,,3553234455,ABBACADDBB,ABABACDDBB,,,0,38,,,,,,,,,,,,,
158911,9,,,,,,,,,44,55,24,550000000000330000000000230000000007000000000000000000000000000000000000,,00000038,,,,,,,,4,4,0,13,13,38,,3553234455,ABBACADDBB,ABABACDDBB,,,0,38,,,,,,,,,,,,,,55,24,33,350000000000350000000000230000000007400000000000400000000000000000000000,,00000051,,,,,,,,5,5,0,13,13,51,,355323445524,ABBACADDBBCD,ABABACDDBBCD,,,0,51,,,,,,,,,,,,,
158913,10,,,,,,,,,55,24,33,550000000000330000000000230000000007400000000000400000000000000000000000,,00000051,,,,,,,,5,5,0,13,13,51,,355323445524,ABBACADDBBCD,ABABACDDBBCD,,,0,51,,,,,,,,,,,,,,55,24,33,350000000000350000000000230000000007400000000000400000000000000000000000,,00000051,,,,,,,,5,5,0,13,13,51,,355323445524,ABBACADDBBCD,ABABACDDBBCD,,,0,51,,,,,,,,,,,,,
158965,11,,,,,,,,,55,24,33,550000000000330000000000230000000007400000000000400000000000000000000000,,00000051,,,,,,,,5,5,0,13,13,51,,355323445524,ABBACADDBBCD,ABABACDDBBCD,,,0,51,,,,,,,,,,,,,,24,33,23,350000000000350000000000230000000007400000000000400000000000550000000000,,00000063,,,,,,,,6,6,0,12,12,63,,35532344552433,ABBACADDBBCDAA,ABABACDDBBCDAA,,,0,63,,,,,,,,,,,,,
158967,12,,,,,,,,,24,33,23,550000000000330000000000230000000007400000000000400000000000550000000000,,00000063,,,,,,,,6,6,0,12,12,63,,35532344552433,ABBACADDBBCDAA,ABABACDDBBCDAA,,,0,63,,,,,,,,,,,,,,24,33,23,350000000000350000000000230000000007400000000000400000000000550000000000,,00000063,,,,,,,,6,6,0,12,12,63,,35532344552433,ABBACADDBBCDAA,ABABACDDBBCDAA,,,0,63,,,,,,,,,,,,,
159017,13,,,,,,,,,24,33,23,550000000000330000000000230000000007400000000000400000000000550000000000,,00000063,,,,,,,,6,6,0,12,12,63,,35532344552433,ABBACADDBBCDAA,ABABACDDBBCDAA,,,0,63,,,,,,,,,,,,,,33,23,23,350000000000350000000000230000000007400000000000424000000000550000000000,,00000075,,,,,,,,7,7,0,12,12,75,,3553234455243323,ABBACADDBBCDAACA,ABABACDDBBCDAAAC,,,0,75,,,,,,,,,,,,,
159037,14,,,,,,,,,33,23,23,550000000000330000000000230000000007400000000000420000000000554000000000,,00000074,,,,,,,,7,7,0,11,11,74,,3553234455243323,ABBACADDBBCDAACA,ABABACDDBBCDAAAC,,,0,74,,,,,,,,,,,,,,33,23,23,350000000000350000000000230000000007400000000000424000000000550000000000,,00000075,,,,,,,,7,7,0,12,12,75,,3553234455243323,ABBACADDBBCDAACA,ABABACDDBBCDAAAC,,,0,75,,,,,,,,,,,,,
159068,15,,,,,,,,,33,23,23,550000000000330000000000230000000007400000000000420000000000554000000000,,00000074,,,,,,,,7,7,0,11,11,74,,3553234455243323,ABBACADDBBCDAACA,ABABACDDBBCDAAAC,,,0,74,,,,,,,,,,,,,,23,23,53,350000000000350000000000230000000007400000000000424000000000553300000000,,00000085,,,,,,,,8,8,0,10,10,85,,355323445524332323,ABBACADDBBCDAACACA,ABABACDDBBCDAAACAC,,,0,85,,,,,,,,,,,,,
159087,16,,,,,,,,,23,23,53,553300000000330000000000230000000007400000000000420000000000554000000000,,00000084,,,,,,,,8,8,0,10,10,84,,355323445524332323,ABBACADDBBCDAACACA,ABABACDDBBCDAAACAC,,,0,84,,,,,,,,,,,,,,23,23,53,350000000000350000000000230000000007400000000000424000000000553300000000,,00000085,,,,,,,,8,8,0,10,10,85,,355323445524332323,ABBACADDBBCDAACACA,ABABACDDBBCDAAACAC,,,0,85,,,,,,,,,,,,,
159113,17,,,,,,,,,23,23,53,553300000000330000000000230000000007400000000000420000000000554000000000,,00000084,,,,,,,,8,8,0,10,10,84,,355323445524332323,ABBACADDBBCDAACACA,ABABACDDBBCDAAACAC,,,0,84,,,,,,,,,,,,,,23,53,53,350000000000353000000000232000000007400000000000424000000000553300000000,,00000096,,,,,,,,9,9,0,11,11,96,,35532344552433232353,ABBACADDBBCDAACACABA,ABABACDDBBCDAAACACAB,,,0,96,,,,,L_T1_GTR___hekomi__,,,,,,,,
159133,18,,,,,,,,,23,53,53,553300000000330000000000232300000007400000000000420000000000554000000000,,00000095,,,,,,,,9,9,0,11,11,95,,35532344552433232353,ABBACADDBBCDAACACABA,ABABACDDBBCDAAACACAB,,,0,95,,,,,,,,,,,,,,23,53,53,350000000000353000000000232000000007400000000000424000000000553300000000,,00000096,,,,,,,,9,9,0,11,11,96,,35532344552433232353,ABBACADDBBCDAACACABA,ABABACDDBBCDAAACACAB,,,0,96,,,,,L_T1_GTR___hekomi__,,,,,,,,
159163,19,,,,,,,,,23,53,53,553300000000330000000000232300000007400000000000420000000000554000000000,,00000095,,,,,,,,9,9,0,11,11,95,,35532344552433232353,ABBACADDBBCDAACACABA,ABABACDDBBCDAAACACAB,,,0,95,,,,,,,,,,,,,,53,53,34,350000000000353000000000232000000007423000000000424000000000553300000000,,00000108,,,,,,,,10,10,0,12,12,108,,3553234455243323235353,ABBACADDBBCDAACACABABA,ABABACDDBBCDAAACACABAB,,,0,108,,,,,L_T1_GTR___hekomi__,,,,,,,,
159183,20,,,,,,,,,53,53,34,553300000000330000000000232300000007423000000000420000000000554000000000,,00000107,,,,,,,,10,10,0,12,12,107,,3553234455243323235353,ABBACADDBBCDAACACABABA,ABABACDDBBCDAAACACABAB,,,0,107,,,,,,,,,,,,,,53,53,34,350000000000353000000000232000000007423000000000424000000000553300000000,,00000108,,,,,,,,10,10,0,12,12,108,,3553234455243323235353,ABBACADDBBCDAACACABABA,ABABACDDBBCDAAACACABAB,,,0,108,,,,,L_T1_GTR___hekomi__,,,,,,,,
159213,21,,,,,,,,,53,53,34,553300000000330000000000232300000007423000000000420000000000554000000000,,00000107,,,,,,,,10,10,0,12,12,107,,3553234455243323235353,ABBACADDBBCDAACACABABA,ABABACDDBBCDAAACACABAB,,,0,107,,,,,,,,,,,,,,53,34,25,350000000000353000000000232000000007423000000000424530000000553300000000,,00000118,,,,,,,,11,11,0,10,10,118,,355323445524332323535334,ABBACADDBBCDAACACABABAAD,ABABACDDBBCDAAACACABABAD,,,0,118,,,,,L_T1_GTR___hekomi__,,,,,,,,
159227,22,,,,,,,,,53,34,25,553335000000330000000000232300000007423000000000420000000000554000000000,,00000115,,,,,,,,11,11,0,8,8,115,,355323445524332323535334,ABBACADDBBCDAACACABABAAD,ABABACDDBBCDAAACACABABAD,,,0,115,,,,,,,,,,,,,,53,34,25,350000000000353000000000232000000007423000000000424530000000553300000000,,00000118,,,,,,,,11,11,0,10,10,118,,355323445524332323535334,ABBACADDBBCDAACACABABAAD,ABABACDDBBCDAAACACABABAD,,,0,118,,,,,L_T1_GTR___hekomi__,,,,,,,,
159277,23,,,,,,,,,53,34,25,553335000000330000000000232300000007423000000000420000000000554000000000,,00000115,,,,,,,,11,11,0,8,8,115,,355323445524332323535334,ABBACADDBBCDAACACABABAAD,ABABACDDBBCDAAACACABABAD,,,0,115,,,,,,,,,,,,,,34,25,33,350000000000353000000000232000000007423000000000424533000000553350000000,,00000126,,,,,,,,12,12,0,8,8,126,,35532344552433232353533425,ABBACADDBBCDAACACABABAADCB,ABABACDDBBCDAAACACABABADBC,,,0,126,,,,,L_T1_GTR___hekomi__,,,,,,,,
159301,24,,,,,,,,,34,25,33,553335300000335000000000232300000007423000000000420000000000554000000000,,00000122,,,,,,,,12,12,0,7,7,122,,35532344552433232353533425,ABBACADDBBCDAACACABABAADCB,ABABACDDBBCDAAACACABABADBC,,,0,122,,,,,,,,,,,,,,34,25,33,350000000000353000000000232000000007423000000000424533000000553350000000,,00000126,,,,,,,,12,12,0,8,8,126,,35532344552433232353533425,ABBACADDBBCDAACACABABAADCB,ABABACDDBBCDAAACACABABADBC,,,0,126,,,,,L_T1_GTR___hekomi__,,,,,,,,
159323,25,,,,,,,,,34,25,33,553335300000335000000000232300000007423000000000420000000000554000000000,,00000122,,,,,,,,12,12,0,7,7,122,,35532344552433232353533425,ABBACADDBBCDAACACABABAADCB,ABABACDDBBCDAAACACABABADBC,,,0,122,,,,,,,,,,,,,,25,33,53,350000000000353000000000232400000007423300000000424533000000553350000000,,00000136,,,,,,,,13,13,0,10,10,136,,3553234455243323235353342533,ABBACADDBBCDAACACABABAADCBAA,ABABACDDBBCDAAACACABABADBCAA,,,0,136,,,,,L_T1_GTR___hekomi__,,,,,,,,
159349,26,,,,,,,,,25,33,53,553335300000335000000000232300000007423000000000420000000000554430000000,,00000131,,,,,,,,13,13,0,9,9,131,,3553234455243323235353342533,ABBACADDBBCDAACACABABAADCBAA,ABABACDDBBCDAAACACABABADBCAA,,,0,131,,,,,,,,,,,,,,25,33,53,350000000000353000000000232400000007423300000000424533000000553350000000,,00000136,,,,,,,,13,13,0,10,10,136,,3553234455243323235353342533,ABBACADDBBCDAACACABABAADCBAA,ABABACDDBBCDAAACACABABADBCAA,,,0,136,,,,,L_T1_GTR___hekomi__,,,,,,,,
159371,27,,,,,,,,,25,33,53,553335300000335000000000232300000007423000000000420000000000554430000000,,00000131,,,,,,,,13,13,0,9,9,131,,3553234455243323235353342533,ABBACADDBBCDAACACABABAADCBAA,ABABACDDBBCDAAACACABABADBCAA,,,0,131,,,,,,,,,,,,,,33,53,54,355200000000353000000000232400000007423300000000424533000000553350000000,,00000146,,,,,,,,14,14,0,10,10,146,,355323445524332323535334253353,ABBACADDBBCDAACACABABAADCBAABA,ABABACDDBBCDAAACACABABADBCAAAB,,,0,146,,,,,L_T1_GTR___standard,,,,,L_T1_GTR03_33000001,,,
159409,28,,,,,,,,,33,53,54,553335300000335000000000232320000007423500000000420000000000554430000000,,00000140,,,,,,,,14,14,0,9,9,140,,355323445524332323535334253353,ABBACADDBBCDAACACABABAADCBAABA,ABABACDDBBCDAAACACABABADBCAAAB,,,0,140,,,,,,,,,,,,,,33,53,54,355200000000353000000000232400000007423300000000424533000000553350000000,,00000146,,,,,,,,14,14,0,10,10,146,,355323445524332323535334253353,ABBACADDBBCDAACACABABAADCBAABA,ABABACDDBBCDAAACACABABADBCAAAB,,,0,146,,,,,L_T1_GTR___standard,,,,,L_T1_GTR03_33000001,,,
159415,29,,,,,,,,,33,53,54,553335300000335000000000232320000007423500000000420000000000554430000000,,00000140,,,,,,,,14,14,0,9,9,140,,355323445524332323535334253353,ABBACADDBBCDAACACABABAADCBAABA,ABABACDDBBCDAAACACABABADBCAAAB,,,0,140,,,,,,,,,,,,,,53,54,22,355233000000353000000000232400000007423300000000424533000000553350000000,,00000154,,,,,,,,15,15,0,8,8,154,,35532344552433232353533425335354,ABBACADDBBCDAACACABABAADCBAABABD,ABABACDDBBCDAAACACABABADBCAAABBD,,,0,154,,,,,L_T1_GTR___standard,,,,,L_T1_GTR03_33000001,,,
159451,30,,,,,,,,,53,54,22,553335300000335000000000232320000007423533000000420000000000554430000000,,00000148,,,,,,,,15,15,0,8,8,148,,35532344552433232353533425335354,ABBACADDBBCDAACACABABAADCBAABABD,ABABACDDBBCDAAACACABABADBCAAABBD,,,0,148,,,,,,,,,,,,,,53,54,22,355233000000353000000000232400000007423300000000424533000000553350000000,,00000154,,,,,,,,15,15,0,8,8,154,,35532344552433232353533425335354,ABBACADDBBCDAACACABABAADCBAABABD,ABABACDDBBCDAAACACABABADBCAAABBD,,,0,154,,,,,L_T1_GTR___standard,,,,,L_T1_GTR03_33000001,,,
159459,31,,,,,,,,,53,54,22,553335300000335000000000232320000007423533000000420000000000554430000000,,00000148,,,,,,,,15,15,0,8,8,148,,35532344552433232353533425335354,ABBACADDBBCDAACACABABAADCBAABABD,ABABACDDBBCDAAACACABABADBCAAABBD,,,0,148,,,,,,,,,,,,,,54,22,55,355233530000353000000000232400000007423300000000424533000000553350000000,,00000161,,,,,,,,16,16,0,7,7,161,,3553234455243323235353342533535422,ABBACADDBBCDAACACABABAADCBAABABDCC,ABABACDDBBCDAAACACABABADBCAAABBDCC,,,0,161,,,,,L_T1_GTR___standard,,,,,L_T1_GTR03_33000001,,,
159503,32,,,,,,,,,53,54,22,553335300000335000000000232320000007423533000000420000000000554430000000,,00000148,,,,,,,,15,15,0,8,8,148,,35532344552433232353533425335354,ABBACADDBBCDAACACABABAADCBAABABD,ABABACDDBBCDAAACACABABADBCAAABBD,,,0,148,,,,,,,,,,,,,,22,55,34,355233530000353000000000232440000007423350000000424533000000553350000000,,00000170,,,,,,,,17,17,0,9,9,170,,355323445524332323535334253353542255,ABBACADDBBCDAACACABABAADCBAABABDCCBB,ABABACDDBBCDAAACACABABADBCAAABBDCCBB,,,0,170,,,,,L_T1_GTR___standard,,,,,L_T1_GTR03_33000001,,,
159525,33,,,,,,,,,54,22,55,553335300000335000000000232320000007423533000000425000000000554433000000,,00000156,,,,,,,,16,16,0,8,8,156,,3553234455243323235353342533535422,ABBACADDBBCDAACACABABAADCBAABABDCC,ABABACDDBBCDAAACACABABADBCAAABBDCC,,,0,156,,,,,,,,,,,,,,22,55,34,355233530000353000000000232440000007423350000000424533000000553350000000,,00000170,,,,,,,,17,17,0,9,9,170,,355323445524332323535334253353542255,ABBACADDBBCDAACACABABAADCBAABABDCCBB,ABABACDDBBCDAAACACABABADBCAAABBDCCBB,,,0,170,,,,,L_T1_GTR___standard,,,,,L_T1_GTR03_33000001,,,
159547,34,,,,,,,,,54,22,55,553335300000335000000000232320000007423533000000425000000000554433000000,,00000156,,,,,,,,16,16,0,8,8,156,,3553234455243323235353342533535422,ABBACADDBBCDAACACABABAADCBAABABDCC,ABABACDDBBCDAAACACABABADBCAAABBDCC,,,0,156,,,,,,,,,,,,,,55,34,43,355233530000353220000000232440000007423350000000424533000000553350000000,,00000179,,,,,,,,18,18,0,9,9,179,,35532344552433232353533425335354225534,ABBACADDBBCDAACACABABAADCBAABABDCCBBAD,ABABACDDBBCDAAACACABABADBCAAABBDCCBBAD,,,0,179,,,,,L_T1_GTR___standard,,,,,L_T1_GTR03_33000001,,,
159575,35,,,,,,,,,22,55,34,553335300000335000000000232320000007423533000000425540000000554433000000,,00000166,,,,,,,,17,17,0,10,10,166,,355323445524332323535334253353542255,ABBACADDBBCDAACACABABAADCBAABABDCCBB,ABABACDDBBCDAAACACABABADBCAAABBDCCBB,,,0,166,,,,,,,,,,,,,,55,34,43,355233530000353220000000232440000007423350000000424533000000553350000000,,00000179,,,,,,,,18,18,0,9,9,179,,35532344552433232353533425335354225534,ABBACADDBBCDAACACABABAADCBAABABDCCBBAD,ABABACDDBBCDAAACACABABADBCAAABBDCCBBAD,,,0,179,,,,,L_T1_GTR___standard,,,,,L_T1_GTR03_33000001,,,
159587,36,,,,,,,,,22,55,34,553335300000335000000000232320000007423533000000425540000000554433000000,,00000166,,,,,,,,17,17,0,10,10,166,,355323445524332323535334253353542255,ABBACADDBBCDAACACABABAADCBAABABDCCBB,ABABACDDBBCDAAACACABABADBCAAABBDCCBB,,,0,166,,,,,,,,,,,,,,34,43,52,355233530000353225500000232440000007423350000000424533000000553350000000,,00000186,,,,,,,,19,19,0,7,7,186,,3553234455243323235353342533535422553443,ABBACADDBBCDAACACABABAADCBAABABDCCBBADDA,ABABACDDBBCDAAACACABABADBCAAABBDCCBBADAD,,,0,186,,,,,L_T1_GTR___standard,,,,,L_T1_GTR03_33000001,,,
159619,37,,,,,,,,,55,34,43,553335300000335220000000232320000007423533000000425540000000554433000000,,00000175,,,,,,,,18,18,0,9,9,175,,35532344552433232353533425335354225534,ABBACADDBBCDAACACABABAADCBAABABDCCBBAD,ABABACDDBBCDAAACACABABADBCAAABBDCCBBAD,,,0,175,,,,,,,,,,,,,,34,43,52,355233530000353225500000232440000007423350000000424533000000553350000000,,00000186,,,,,,,,19,19,0,7,7,186,,3553234455243323235353342533535422553443,ABBACADDBBCDAACACABABAADCBAABABDCCBBADDA,ABABACDDBBCDAAACACABABADBCAAABBDCCBBADAD,,,0,186,,,,,L_T1_GTR___standard,,,,,L_T1_GTR03_33000001,,,
159643,38,,,,,,,,,55,34,43,553335300000335220000000232320000007423533000000425540000000554433000000,,00000175,,,,,,,,18,18,0,9,9,175,,35532344552433232353533425335354225534,ABBACADDBBCDAACACABABAADCBAABABDCCBBAD,ABABACDDBBCDAAACACABABADBCAAABBDCCBBAD,,,0,175,,,,,,,,,,,,,,43,52,44,355233533000353225540000232440000007423350000000424533000000553350000000,,00000191,,,,,,,,20,20,0,5,5,191,,355323445524332323535334253353542255344352,ABBACADDBBCDAACACABABAADCBAABABDCCBBADDABC,ABABACDDBBCDAAACACABABADBCAAABBDCCBBADADBC,,,0,191,,,,,L_T1_GTR___standard,,,,,L_T1_GTR03_33000001,,,
159659,39,,,,,,,,,34,43,52,553335300000335225000000232325000007423533000000425540000000554433000000,,00000183,,,,,,,,19,19,0,8,8,183,,3553234455243323235353342533535422553443,ABBACADDBBCDAACACABABAADCBAABABDCCBBADDA,ABABACDDBBCDAAACACABABADBCAAABBDCCBBADAD,,,0,183,,,,,,,,,,,,,,43,52,44,355233533000353225540000232440000007423350000000424533000000553350000000,,00000191,,,,,,,,20,20,0,5,5,191,,355323445524332323535334253353542255344352,ABBACADDBBCDAACACABABAADCBAABABDCCBBADDABC,ABABACDDBBCDAAACACABABADBCAAABBDCCBBADADBC,,,0,191,,,,,L_T1_GTR___standard,,,,,L_T1_GTR03_33000001,,,
159697,40,,,,,,,,,43,52,44,553335300000335225000000232325300007423533400000425540000000554433000000,,00000190,,,,,,,,20,20,0,7,7,190,,355323445524332323535334253353542255344352,ABBACADDBBCDAACACABABAADCBAABABDCCBBADDABC,ABABACDDBBCDAAACACABABADBCAAABBDCCBBADADBC,,,0,190,,,,,,,,,,,,,,43,52,44,355233533000353225540000232440000007423350000000424533000000553350000000,,00000191,,,,,,,,20,20,0,5,5,191,,355323445524332323535334253353542255344352,ABBACADDBBCDAACACABABAADCBAABABDCCBBADDABC,ABABACDDBBCDAAACACABABADBCAAABBDCCBBADADBC,,,0,191,,,,,L_T1_GTR___standard,,,,,L_T1_GTR03_33000001,,,
159705,41,,,,,,,,,43,52,44,553335300000335225000000232325300007423533400000425540000000554433000000,,00000190,,,,,,,,20,20,0,7,7,190,,355323445524332323535334253353542255344352,ABBACADDBBCDAACACABABAADCBAABABDCCBBADDABC,ABABACDDBBCDAAACACABABADBCAAABBDCCBBADADBC,,,0,190,,,,,,,,,,,,,,52,44,53,355233533000353225543000232444000007423350000000424533000000553350000000,,00000196,,,,,,,,21,21,0,5,5,196,,35532344552433232353533425335354225534435244,ABBACADDBBCDAACACABABAADCBAABABDCCBBADDABCDD,ABABACDDBBCDAAACACABABADBCAAABBDCCBBADADBCDD,,,0,196,,,,,L_T1_GTR___standard,,,,,L_T1_GTR03_33000001,,,
159746,42,,,,,,,,,43,52,44,553335300000335225000000232325300007423533400000425540000000554433000000,,00000190,,,,,,,,20,20,0,7,7,190,,355323445524332323535334253353542255344352,ABBACADDBBCDAACACABABAADCBAABABDCCBBADDABC,ABABACDDBBCDAAACACABABADBCAAABBDCCBBADADBC,,,0,190,,,,,,,,,,,,,,44,53,23,355233533000353225543000232444000007423355200000424533000000553350000000,,00000204,,,,,,,,22,22,0,8,8,204,,3553234455243323235353342533535422553443524453,ABBACADDBBCDAACACABABAADCBAABABDCCBBADDABCDDBA,ABABACDDBBCDAAACACABABADBCAAABBDCCBBADADBCDDAB,,,0,204,,,,,L_T1_GTR___standard,,,,,L_T1_GTR03_33000001,,,
159767,43,,,,,,,,,52,44,53,553335300000335225000000232325300007423533430000425544000000554433000000,,00000196,,,,,,,,21,21,0,6,6,196,,35532344552433232353533425335354225534435244,ABBACADDBBCDAACACABABAADCBAABABDCCBBADDABCDD,ABABACDDBBCDAAACACABABADBCAAABBDCCBBADADBCDD,,,0,196,,,,,,,,,,,,,,44,53,23,355233533000353225543000232444000007423355200000424533000000553350000000,,00000204,,,,,,,,22,22,0,8,8,204,,3553234455243323235353342533535422553443524453,ABBACADDBBCDAACACABABAADCBAABABDCCBBADDABCDDBA,ABABACDDBBCDAAACACABABADBCAAABBDCCBBADADBCDDAB,,,0,204,,,,,L_T1_GTR___standard,,,,,L_T1_GTR03_33000001,,,
159791,44,,,,,,,,,52,44,53,553335300000335225000000232325300007423533430000425544000000554433000000,,00000196,,,,,,,,21,21,0,6,6,196,,35532344552433232353533425335354225534435244,ABBACADDBBCDAACACABABAADCBAABABDCCBBADDABCDD,ABABACDDBBCDAAACACABABADBCAAABBDCCBBADADBCDD,,,0,196,,,,,,,,,,,,,,53,23,32,355233533000353225543000232444000007423355200000424533000000553354400000,,00000211,,,,,,,,23,23,0,7,7,211,,355323445524332323535334253353542255344352445323,ABBACADDBBCDAACACABABAADCBAABABDCCBBADDABCDDBACA,ABABACDDBBCDAAACACABABADBCAAABBDCCBBADADBCDDABAC,,,0,211,,,,,L_T1_GTR___standard,,,,,L_T1_GTR03_33000001,,,
159821,45,,,,,,,,,52,44,53,553335300000335225000000232325300007423533430000425544000000554433000000,,00000196,,,,,,,,21,21,0,6,6,196,,35532344552433232353533425335354225534435244,ABBACADDBBCDAACACABABAADCBAABABDCCBBADDABCDD,ABABACDDBBCDAAACACABABADBCAAABBDCCBBADADBCDD,,,0,196,,,,,,,,,,,,,,,23,32,355233533000353225543000232444530007423355200000424533000000553354400000,,bb40abb1,,,,,,,,24,0,1,bb40abb1,40,251,,355323445524332323535334253353542255344352445323,ABBACADDBBCDAACACABABAADCBAABABDCCBBADDABCDDBACA,ABABACDDBBCDAAACACABABADBCAAABBDCCBBADADBCDDABAC,,,1,251,,,,,L_T1_GTR___standard,,,,,L_T1_GTR03_33000001,,,
159822,46,,,,,,,,,44,53,23,553335300000335225200000232325350007423533430000425544000000554433000000,,00000202,,,,,,,,22,22,0,6,6,202,,3553234455243323235353342533535422553443524453,ABBACADDBBCDAACACABABAADCBAABABDCCBBADDABCDDBA,ABABACDDBBCDAAACACABABADBCAAABBDCCBBADADBCDDAB,,,0,202,,,,,,,,,,,,,,,23,32,355233533000353225543000232444530007423355200000424533000000553354400000,,bb40abb1,,,,,,,,24,0,1,bb40abb1,40,251,,355323445524332323535334253353542255344352445323,ABBACADDBBCDAACACABABAADCBAABABDCCBBADDABCDDBACA,ABABACDDBBCDAAACACABABADBCAAABBDCCBBADADBCDDABAC,,,1,251,,,,,L_T1_GTR___standard,,,,,L_T1_GTR03_33000001,,,
159856,47,,,,,,,,,,53,23,553335300000335225200000232325350007423533430000425544400000554433400000,,bb50abb2,,,,,,,,23,0,1,bb50abb2,100,302,,3553234455243323235353342533535422553443524453,ABBACADDBBCDAACACABABAADCBAABABDCCBBADDABCDDBA,ABABACDDBBCDAAACACABABADBCAAABBDCCBBADADBCDDAB,,,1,302,,,,,,,,,,,,,,,23,32,355233533000353225543000232444530007423355200000424533000000553354400000,,bb40abb1,,,,,,,,24,0,1,bb40abb1,40,251,,355323445524332323535334253353542255344352445323,ABBACADDBBCDAACACABABAADCBAABABDCCBBADDABCDDBACA,ABABACDDBBCDAAACACABABADBCAAABBDCCBBADADBCDDABAC,,,1,251,,,,,L_T1_GTR___standard,,,,,L_T1_GTR03_33000001,,,
159902,48,,,,,,,,,,53,23,553335300000335225200000232325350007423533430000425544400000554433400000,,bb50abb2,,,,,,,,23,0,1,bb50abb2,100,302,,3553234455243323235353342533535422553443524453,ABBACADDBBCDAACACABABAADCBAABABDCCBBADDABCDDBA,ABABACDDBBCDAAACACABABADBCAAABBDCCBBADADBCDDAB,,,1,302,,,,,,,,,,,,,,,23,32,355233330000353224300000232444300007423355200000424533000000553354400000,,b100ab14,,,,,,,,25,0,2,b100ab14,1400,1651,,355323445524332323535334253353542255344352445323,ABBACADDBBCDAACACABABAADCBAABABDCCBBADDABCDDBACA,ABABACDDBBCDAAACACABABADBCAAABBDCCBBADADBCDDABAC,,,2,1651,,,,,L_T1_GTR___standard,,,,,L_T1_GTR03_33000001,,,
159936,49,,,,,,,,,,53,23,553335300000335225200000232325350007423533300000425500000000554433000000,,bb40abb8,,,,,,,,24,0,2,bb40abb8,320,622,,3553234455243323235353342533535422553443524453,ABBACADDBBCDAACACABABAADCBAABABDCCBBADDABCDDBA,ABABACDDBBCDAAACACABABADBCAAABBDCCBBADADBCDDAB,,,2,622,,,,,,,,,,,,,,,23,32,355233330000353224300000232444300007423355200000424533000000553354400000,,b100ab14,,,,,,,,25,0,2,b100ab14,1400,1651,,355323445524332323535334253353542255344352445323,ABBACADDBBCDAACACABABAADCBAABABDCCBBADDABCDDBACA,ABABACDDBBCDAAACACABABADBCAAABBDCCBBADADBCDDABAC,,,2,1651,,,,,L_T1_GTR___standard,,,,,L_T1_GTR03_33000001,,,
159965,50,,,,,,,,,,53,23,553335300000335225200000232325350007423533300000425500000000554433000000,,bb40abb8,,,,,,,,24,0,2,bb40abb8,320,622,,3553234455243323235353342533535422553443524453,ABBACADDBBCDAACACABABAADCBAABABDCCBBADDABCDDBA,ABABACDDBBCDAAACACABABADBCAAABBDCCBBADADBCDDAB,,,2,622,,,,,,,,,,,,,,23,32,54,355200000000353200000000232000000007423355200000424533000000553354400000,,00001658,,,,,,,,26,1,0,7,7,1658,,35532344552433232353533425335354225534435244532332,ABBACADDBBCDAACACABABAADCBAABABDCCBBADDABCDDBACAAC,ABABACDDBBCDAAACACABABADBCAAABBDCCBBADADBCDDABACAC,,,2,1658,,,,,L_T1_GTR___standard,,,,,L_T1_GTR03_33000001,,,
160018,51,,,,,,,,,,53,23,553335300000335225200000232325500007423500000000425500000000554433000000,,bb40ab16,,,,,,,,25,0,3,bb40ab16,640,1262,,3553234455243323235353342533535422553443524453,ABBACADDBBCDAACACABABAADCBAABABDCCBBADDABCDDBA,ABABACDDBBCDAAACACABABADBCAAABBDCCBBADADBCDDAB,,,3,1262,,,,,,,,,,,,,,23,32,54,355200000000353200000000232000000007423355200000424533000000553354400000,,00001658,,,,,,,,26,1,0,7,7,1658,,35532344552433232353533425335354225534435244532332,ABBACADDBBCDAACACABABAADCBAABABDCCBBADDABCDDBACAAC,ABABACDDBBCDAAACACABABADBCAAABBDCCBBADADBCDDABACAC,,,2,1658,,,,,L_T1_GTR___standard,,,,,L_T1_GTR03_33000001,,,
160037,52,,,,,,,,,,53,23,553335300000335225200000232325500007423500000000425500000000554433000000,,bb40ab16,,,,,,,,25,0,3,bb40ab16,640,1262,,3553234455243323235353342533535422553443524453,ABBACADDBBCDAACACABABAADCBAABABDCCBBADDABCDDBA,ABABACDDBBCDAAACACABABADBCAAABBDCCBBADADBCDDAB,,,3,1262,,,,,,,,,,,,,,32,54,34,355200000000353220000000232300000007423355220000424533000000553354400000,,00001664,,,,,,,,27,2,0,6,6,1664,,3553234455243323235353342533535422553443524453233254,ABBACADDBBCDAACACABABAADCBAABABDCCBBADDABCDDBACAACBD,ABABACDDBBCDAAACACABABADBCAAABBDCCBBADADBCDDABACACBD,,,2,1664,,,,,L_T1_GTR___standard,,,,,L_T1_GTR03_33000001,,,
160084,53,,,,,,,,,,53,23,553335300000335225200000232325500007423500000000425500000000554433000000,,bb40ab16,,,,,,,,25,0,3,bb40ab16,640,1262,,3553234455243323235353342533535422553443524453,ABBACADDBBCDAACACABABAADCBAABABDCCBBADDABCDDBA,ABABACDDBBCDAAACACABABADBCAAABBDCCBBADADBCDDAB,,,3,1262,,,,,,,,,,,,,,54,34,32,355200000000353223200000232300000007423355220000424533000000553354400000,,00001672,,,,,,,,28,3,0,8,8,1672,,355323445524332323535334253353542255344352445323325434,ABBACADDBBCDAACACABABAADCBAABABDCCBBADDABCDDBACAACBDAD,ABABACDDBBCDAAACACABABADBCAAABBDCCBBADADBCDDABACACBDAD,,,2,1672,,,,,L_T1_GTR___standard,,,,,L_T1_GTR03_33000001,,,
160104,54,,,,,,,,,,53,23,553333000000335222000000232320000007423500000000425500000000554433000000,,bb80ab35,,,,,,,,26,0,4,bb80ab35,2800,4062,,3553234455243323235353342533535422553443524453,ABBACADDBBCDAACACABABAADCBAABABDCCBBADDABCDDBA,ABABACDDBBCDAAACACABABADBCAAABBDCCBBADADBCDDAB,,,4,4062,,,,,,,,,,,,,,54,34,32,355200000000353223200000232300000007423355220000424533000000553354400000,,00001672,,,,,,,,28,3,0,8,8,1672,,355323445524332323535334253353542255344352445323325434,ABBACADDBBCDAACACABABAADCBAABABDCCBBADDABCDDBACAACBDAD,ABABACDDBBCDAAACACABABADBCAAABBDCCBBADADBCDDABACACBDAD,,,2,1672,,,,,L_T1_GTR___standard,,,,,L_T1_GTR03_33000001,,,
160127,55,,,,,,,,,,53,23,553333000000335222000000232320000007423500000000425500000000554433000000,,bb80ab35,,,,,,,,26,0,4,bb80ab35,2800,4062,,3553234455243323235353342533535422553443524453,ABBACADDBBCDAACACABABAADCBAABABDCCBBADDABCDDBA,ABABACDDBBCDAAACACABABADBCAAABBDCCBBADADBCDDAB,,,4,4062,,,,,,,,,,,,,,34,32,35,355200000000353223200000232354000007423355220000424533000000553354400000,,00001681,,,,,,,,29,4,0,9,9,1681,,35532344552433232353533425335354225534435244532332543432,ABBACADDBBCDAACACABABAADCBAABABDCCBBADDABCDDBACAACBDADAC,ABABACDDBBCDAAACACABABADBCAAABBDCCBBADADBCDDABACACBDADAC,,,2,1681,,,,,L_T1_GTR___standard,,,,,L_T1_GTR03_33000001,,,
160161,56,,,,,,,,,,53,23,553333000000335222000000232320000007423500000000425500000000554433000000,,bb80ab35,,,,,,,,26,0,4,bb80ab35,2800,4062,,3553234455243323235353342533535422553443524453,ABBACADDBBCDAACACABABAADCBAABABDCCBBADDABCDDBA,ABABACDDBBCDAAACACABABADBCAAABBDCCBBADADBCDDAB,,,4,4062,,,,,,,,,,,,,,32,35,54,355200000000353223200000232354000007423355224300424533000000553354400000,,00001685,,,,,,,,30,5,0,4,4,1685,,3553234455243323235353342533535422553443524453233254343235,ABBACADDBBCDAACACABABAADCBAABABDCCBBADDABCDDBACAACBDADACAB,ABABACDDBBCDAAACACABABADBCAAABBDCCBBADADBCDDABACACBDADACAB,,,2,1685,,,,,L_T1_GTR___standard,,,,,L_T1_GTR03_33000001,,,
160169,57,,,,,,,,,53,23,32,550000000000335000000000232300000007423500000000425500000000554433000000,,00004069,,,,,,,,27,1,0,7,7,4069,,355323445524332323535334253353542255344352445323,ABBACADDBBCDAACACABABAADCBAABABDCCBBADDABCDDBACA,ABABACDDBBCDAAACACABABADBCAAABBDCCBBADADBCDDABAC,,,4,4069,,,,,,,,,,,,,,32,35,54,355200000000353223200000232354000007423355224300424533000000553354400000,,00001685,,,,,,,,30,5,0,4,4,1685,,3553234455243323235353342533535422553443524453233254343235,ABBACADDBBCDAACACABABAADCBAABABDCCBBADDABCDDBACAACBDADACAB,ABABACDDBBCDAAACACABABADBCAAABBDCCBBADADBCDDABACACBDADACAB,,,2,1685,,,,,L_T1_GTR___standard,,,,,L_T1_GTR03_33000001,,,
160196,58,,,,,,,,,53,23,32,550000000000335000000000232300000007423500000000425500000000554433000000,,00004069,,,,,,,,27,1,0,7,7,4069,,355323445524332323535334253353542255344352445323,ABBACADDBBCDAACACABABAADCBAABABDCCBBADDABCDDBACA,ABABACDDBBCDAAACACABABADBCAAABBDCCBBADADBCDDABAC,,,4,4069,,,,,,,,,,,,,,,35,54,355223000000353223200000232354000007423355224300424533000000553354400000,,bb40abb1,,,,,,,,31,0,1,bb40abb1,40,1725,,3553234455243323235353342533535422553443524453233254343235,ABBACADDBBCDAACACABABAADCBAABABDCCBBADDABCDDBACAACBDADACAB,ABABACDDBBCDAAACACABABADBCAAABBDCCBBADADBCDDABACACBDADACAB,,,2,1725,,,,,L_T1_GTR___standard,,,,,L_T1_GTR03_33000001,,,
160217,59,,,,,,,,,23,32,54,550000000000335530000000232300000007423500000000425500000000554433000000,,00004079,,,,,,,,28,2,0,10,10,4079,,35532344552433232353533425335354225534435244532332,ABBACADDBBCDAACACABABAADCBAABABDCCBBADDABCDDBACAAC,ABABACDDBBCDAAACACABABADBCAAABBDCCBBADADBCDDABACAC,,,4,4079,,,,,,,,,,,,,,,35,54,355223000000353223200000232354000007423355224300424533000000553354400000,,bb40abb1,,,,,,,,31,0,1,bb40abb1,40,1725,,3553234455243323235353342533535422553443524453233254343235,ABBACADDBBCDAACACABABAADCBAABABDCCBBADDABCDDBACAACBDADACAB,ABABACDDBBCDAAACACABABADBCAAABBDCCBBADADBCDDABACACBDADACAB,,,2,1725,,,,,L_T1_GTR___standard,,,,,L_T1_GTR03_33000001,,,
160263,60,,,,,,,,,32,54,34,550000000000335530000000232300000007423520000000425530000000554433000000,,00004088,,,,,,,,29,3,0,9,9,4088,,3553234455243323235353342533535422553443524453233254,ABBACADDBBCDAACACABABAADCBAABABDCCBBADDABCDDBACAACBD,ABABACDDBBCDAAACACABABADBCAAABBDCCBBADADBCDDABACACBD,,,4,4088,,,,,,,,,,,,,,,35,54,355223000000353223200000232354000007423355224300424533000000553354400000,,bb40abb1,,,,,,,,31,0,1,bb40abb1,40,1725,,3553234455243323235353342533535422553443524453233254343235,ABBACADDBBCDAACACABABAADCBAABABDCCBBADDABCDDBACAACBDADACAB,ABABACDDBBCDAAACACABABADBCAAABBDCCBBADADBCDDABACACBDADACAB,,,2,1725,,,,,L_T1_GTR___standard,,,,,L_T1_GTR03_33000001,,,
160278,61,,,,,,,,,32,54,34,550000000000335530000000232300000007423520000000425530000000554433000000,,00004088,,,,,,,,29,3,0,9,9,4088,,3553234455243323235353342533535422553443524453233254,ABBACADDBBCDAACACABABAADCBAABABDCCBBADDABCDDBACAACBD,ABABACDDBBCDAAACACABABADBCAAABBDCCBBADADBCDDABACACBD,,,4,4088,,,,,,,,,,,,,,,35,54,355300000000353320000000232354000007423355224300424533000000553354400000,,bb60ab11,,,,,,,,32,0,2,bb60ab11,660,2385,,3553234455243323235353342533535422553443524453233254343235,ABBACADDBBCDAACACABABAADCBAABABDCCBBADDABCDDBACAACBDADACAB,ABABACDDBBCDAAACACABABADBCAAABBDCCBBADADBCDDABACACBDADACAB,,,2,2385,,,,,,,,,,,,,
160306,62,,,,,,,,,54,34,32,550000000000335530000000232300000007423520000000425532300000554433000000,,00004095,,,,,,,,30,4,0,7,7,4095,,355323445524332323535334253353542255344352445323325434,ABBACADDBBCDAACACABABAADCBAABABDCCBBADDABCDDBACAACBDAD,ABABACDDBBCDAAACACABABADBCAAABBDCCBBADADBCDDABACACBDAD,,,4,4095,,,,,,,,,,,,,,,35,54,355300000000353320000000232354000007423355224300424533000000553354400000,,bb60ab11,,,,,,,,32,0,2,bb60ab11,660,2385,,3553234455243323235353342533535422553443524453233254343235,ABBACADDBBCDAACACABABAADCBAABABDCCBBADDABCDDBACAACBDADACAB,ABABACDDBBCDAAACACABABADBCAAABBDCCBBADADBCDDABACACBDADACAB,,,2,2385,,,,,,,,,,,,,
160343,63,,,,,,,,,,34,32,555400000000335530000000232300000007423520000000425532300000554433000000,,bb50abb2,,,,,,,,31,0,1,bb50abb2,100,4195,,355323445524332323535334253353542255344352445323325434,ABBACADDBBCDAACACABABAADCBAABABDCCBBADDABCDDBACAACBDAD,ABABACDDBBCDAAACACABABADBCAAABBDCCBBADADBCDDABACACBDAD,,,4,4195,,,,,,,,,,,,,,,35,54,355300000000353320000000232354000007423355224300424533000000553354400000,,bb60ab11,,,,,,,,32,0,2,bb60ab11,660,2385,,3553234455243323235353342533535422553443524453233254343235,ABBACADDBBCDAACACABABAADCBAABABDCCBBADDABCDDBACAACBDADACAB,ABABACDDBBCDAAACACABABADBCAAABBDCCBBADADBCDDABACACBDADACAB,,,2,2385,,,,,,,,,,,,,
160360,64,,,,,,,,,,34,32,555400000000335530000000232300000007423520000000425532300000554433000000,,bb50abb2,,,,,,,,31,0,1,bb50abb2,100,4195,,355323445524332323535334253353542255344352445323325434,ABBACADDBBCDAACACABABAADCBAABABDCCBBADDABCDDBACAACBDAD,ABABACDDBBCDAAACACABABADBCAAABBDCCBBADADBCDDABACACBDAD,,,4,4195,,,,,,,,,,,,,,,35,54,355000000000352000000000232540000007425522430000424533000000553354400000,,bb40ab16,,,,,,,,33,0,3,bb40ab16,640,3025,,3553234455243323235353342533535422553443524453233254343235,ABBACADDBBCDAACACABABAADCBAABABDCCBBADDABCDDBACAACBDADACAB,ABABACDDBBCDAAACACABABADBCAAABBDCCBBADADBCDDABACACBDADACAB,,,3,3025,,,,,,,,,,,,,
160428,65,,,,,,,,,,34,32,400000000000333000000000232300000007423520000000425532300000554433000000,,bb40abb8,,,,,,,,32,0,2,bb40abb8,320,4515,,355323445524332323535334253353542255344352445323325434,ABBACADDBBCDAACACABABAADCBAABABDCCBBADDABCDDBACAACBDAD,ABABACDDBBCDAAACACABABADBCAAABBDCCBBADADBCDDABACACBDAD,,,4,4515,,,,,,,,,,,,,,,35,54,355000000000352000000000232540000007425522430000424533000000553354400000,,bb40ab16,,,,,,,,33,0,3,bb40ab16,640,3025,,3553234455243323235353342533535422553443524453233254343235,ABBACADDBBCDAACACABABAADCBAABABDCCBBADDABCDDBACAACBDADACAB,ABABACDDBBCDAAACACABABADBCAAABBDCCBBADADBCDDABACACBDADACAB,,,3,3025,,,,,,,,,,,,,
160442,66,,,,,,,,,,34,32,400000000000333000000000232300000007423520000000425532300000554433000000,,bb40abb8,,,,,,,,32,0,2,bb40abb8,320,4515,,355323445524332323535334253353542255344352445323325434,ABBACADDBBCDAACACABABAADCBAABABDCCBBADDABCDDBACAACBDAD,ABABACDDBBCDAAACACABABADBCAAABBDCCBBADADBCDDABACACBDAD,,,4,4515,,,,,,,,,,,,,,,35,54,355000000000352000000000232400000007422243000000424330000000553354400000,,b100ab38,,,,,,,,34,0,4,b100ab38,3800,6825,,3553234455243323235353342533535422553443524453233254343235,ABBACADDBBCDAACACABABAADCBAABABDCCBBADDABCDDBACAACBDADACAB,ABABACDDBBCDAAACACABABADBCAAABBDCCBBADADBCDDABACACBDADACAB,,,4,6825,,,,,,,,,,,,,
160509,67,,,,,,,,,,34,32,400000000000000000000000223000000007423520000000425532300000554433000000,,bb40ab16,,,,,,,,33,0,3,bb40ab16,640,5155,,355323445524332323535334253353542255344352445323325434,ABBACADDBBCDAACACABABAADCBAABABDCCBBADDABCDDBACAACBDAD,ABABACDDBBCDAAACACABABADBCAAABBDCCBBADADBCDDABACACBDAD,,,4,5155,,,,,,,,,,,,,,,35,54,355000000000352000000000232400000007422243000000424330000000553354400000,,b100ab38,,,,,,,,34,0,4,b100ab38,3800,6825,,3553234455243323235353342533535422553443524453233254343235,ABBACADDBBCDAACACABABAADCBAABABDCCBBADDABCDDBACAACBDADACAB,ABABACDDBBCDAAACACABABADBCAAABBDCCBBADADBCDDABACACBDADACAB,,,4,6825,,,,,,,,,,,,,
160526,68,,,,,,,,,,34,32,400000000000000000000000223000000007423520000000425532300000554433000000,,bb40ab16,,,,,,,,33,0,3,bb40ab16,640,5155,,355323445524332323535334253353542255344352445323325434,ABBACADDBBCDAACACABABAADCBAABABDCCBBADDABCDDBACAACBDAD,ABABACDDBBCDAAACACABABADBCAAABBDCCBBADADBCDDABACACBDAD,,,4,5155,,,,,,,,,,,,,,,35,54,355000000000350000000000234000000007443000000000440000000000555440000000,,bb40ab64,,,,,,,,35,0,5,bb40ab64,2560,9385,,3553234455243323235353342533535422553443524453233254343235,ABBACADDBBCDAACACABABAADCBAABABDCCBBADDABCDDBACAACBDADACAB,ABABACDDBBCDAAACACABABADBCAAABBDCCBBADADBCDDABACACBDADACAB,,,5,9385,,,,,,,,,,,,,
160590,69,,,,,,,,,,34,32,400000000000000000000000300000000007435200000000455323000000554433000000,,bb50ab34,,,,,,,,34,0,4,bb50ab34,1700,6855,,355323445524332323535334253353542255344352445323325434,ABBACADDBBCDAACACABABAADCBAABABDCCBBADDABCDDBACAACBDAD,ABABACDDBBCDAAACACABABADBCAAABBDCCBBADADBCDDABACACBDAD,,,4,6855,,,,,,,,,,,,,,,35,54,355000000000350000000000234000000007443000000000440000000000555440000000,,bb40ab64,,,,,,,,35,0,5,bb40ab64,2560,9385,,3553234455243323235353342533535422553443524453233254343235,ABBACADDBBCDAACACABABAADCBAABABDCCBBADDABCDDBACAACBDADACAB,ABABACDDBBCDAAACACABABADBCAAABBDCCBBADADBCDDABACACBDADACAB,,,5,9385,,,,,,,,,,,,,
160617,70,,,,,,,,,,34,32,400000000000000000000000300000000007435200000000455323000000554433000000,,bb50ab34,,,,,,,,34,0,4,bb50ab34,1700,6855,,355323445524332323535334253353542255344352445323325434,ABBACADDBBCDAACACABABAADCBAABABDCCBBADDABCDDBACAACBDAD,ABABACDDBBCDAAACACABABADBCAAABBDCCBBADADBCDDABACACBDAD,,,4,6855,,,,,,,,,,,,,,35,54,32,355000000000350000000000234000000007300000000000000000000000555440000000,,00009393,,,,,,,,36,1,0,8,8,9393,,355323445524332323535334253353542255344352445323325434323554,ABBACADDBBCDAACACABABAADCBAABABDCCBBADDABCDDBACAACBDADACABBD,ABABACDDBBCDAAACACABABADBCAAABBDCCBBADADBCDDABACACBDADACABBD,,,5,9393,,,,,,,,,,,,,
160680,71,,,,,,,,,,34,32,400000000000000000000000300000000007432000000000432300000000443300000000,,bb40ab64,,,,,,,,35,0,5,bb40ab64,2560,9415,,355323445524332323535334253353542255344352445323325434,ABBACADDBBCDAACACABABAADCBAABABDCCBBADDABCDDBACAACBDAD,ABABACDDBBCDAAACACABABADBCAAABBDCCBBADADBCDDABACACBDAD,,,5,9415,,,,,,,,,,,,,,35,54,32,355000000000350000000000234000000007300000000000000000000000555440000000,,00009393,,,,,,,,36,1,0,8,8,9393,,355323445524332323535334253353542255344352445323325434323554,ABBACADDBBCDAACACABABAADCBAABABDCCBBADDABCDDBACAACBDADACABBD,ABABACDDBBCDAAACACABABADBCAAABBDCCBBADADBCDDABACACBDADACABBD,,,5,9393,,,,,,,,,,,,,
160689,72,,,,,,,,,,34,32,400000000000000000000000300000000007432000000000432300000000443300000000,,bb40ab64,,,,,,,,35,0,5,bb40ab64,2560,9415,,355323445524332323535334253353542255344352445323325434,ABBACADDBBCDAACACABABAADCBAABABDCCBBADDABCDDBACAACBDAD,ABABACDDBBCDAAACACABABADBCAAABBDCCBBADADBCDDABACACBDAD,,,5,9415,,,,,,,,,,,,,,54,32,55,355000000000353000000000234500000007300000000000000000000000555440000000,,00009403,,,,,,,,37,2,0,10,10,9403,,35532344552433232353533425335354225534435244532332543432355432,ABBACADDBBCDAACACABABAADCBAABABDCCBBADDABCDDBACAACBDADACABBDAC,ABABACDDBBCDAAACACABABADBCAAABBDCCBBADADBCDDABACACBDADACABBDAC,,,5,9403,,,,,L_T1_GTR___standard,,,,,L_T1_GTR03_33000001,,,
160743,73,,,,,,,,,,34,32,400000000000000000000000300000000007432000000000432300000000443300000000,,bb40ab64,,,,,,,,35,0,5,bb40ab64,2560,9415,,355323445524332323535334253353542255344352445323325434,ABBACADDBBCDAACACABABAADCBAABABDCCBBADDABCDDBACAACBDAD,ABABACDDBBCDAAACACABABADBCAAABBDCCBBADADBCDDABACACBDAD,,,5,9415,,,,,,,,,,,,,,32,55,32,355000000000353000000000234500000007345000000000000000000000555440000000,,00009411,,,,,,,,38,3,0,8,8,9411,,3553234455243323235353342533535422553443524453233254343235543255,ABBACADDBBCDAACACABABAADCBAABABDCCBBADDABCDDBACAACBDADACABBDACBB,ABABACDDBBCDAAACACABABADBCAAABBDCCBBADADBCDDABACACBDADACABBDACBB,,,5,9411,,,,,L_T1_GTR___standard,,,,,L_T1_GTR03_33000001,,,
160764,74,,,,,,,,,,34,32,400000000000000000000000300000000007320000000000323000000000330000000000,,bb50ab98,,,,,,,,36,0,6,bb50ab98,4900,14315,,355323445524332323535334253353542255344352445323325434,ABBACADDBBCDAACACABABAADCBAABABDCCBBADDABCDDBACAACBDAD,ABABACDDBBCDAAACACABABADBCAAABBDCCBBADADBCDDABACACBDAD,,,6,14315,,,,,,,,,,,,,,32,55,32,355000000000353000000000234500000007345000000000000000000000555440000000,,00009411,,,,,,,,38,3,0,8,8,9411,,3553234455243323235353342533535422553443524453233254343235543255,ABBACADDBBCDAACACABABAADCBAABABDCCBBADDABCDDBACAACBDADACABBDACBB,ABABACDDBBCDAAACACABABADBCAAABBDCCBBADADBCDDABACACBDADACABBDACBB,,,5,9411,,,,,L_T1_GTR___standard,,,,,L_T1_GTR03_33000001,,,
160800,75,,,,,,,,,,34,32,400000000000000000000000300000000007320000000000323000000000330000000000,,bb50ab98,,,,,,,,36,0,6,bb50ab98,4900,14315,,355323445524332323535334253353542255344352445323325434,ABBACADDBBCDAACACABABAADCBAABABDCCBBADDABCDDBACAACBDAD,ABABACDDBBCDAAACACABABADBCAAABBDCCBBADADBCDDABACACBDAD,,,6,14315,,,,,,,,,,,,,,55,32,45,355000000000353000000000234500000007345000000000320000000000555440000000,,00009425,,,,,,,,39,4,0,14,14,9425,,355323445524332323535334253353542255344352445323325434323554325532,ABBACADDBBCDAACACABABAADCBAABABDCCBBADDABCDDBACAACBDADACABBDACBBAC,ABABACDDBBCDAAACACABABADBCAAABBDCCBBADADBCDDABACACBDADACABBDACBBAC,,,5,9425,,,,,L_T1_GTR___standard,,,,,L_T1_GTR03_51000001/L_T1_GTR03_33000001,,,
160839,76,,,,,,,,,,34,32,400000000000000000000000300000000007320000000000323000000000330000000000,,bb50ab98,,,,,,,,36,0,6,bb50ab98,4900,14315,,355323445524332323535334253353542255344352445323325434,ABBACADDBBCDAACACABABAADCBAABABDCCBBADDABCDDBACAACBDAD,ABABACDDBBCDAAACACABABADBCAAABBDCCBBADADBCDDABACACBDAD,,,6,14315,,,,,,,,,,,,,,32,45,35,355000000000353000000000234555000007345000000000320000000000555440000000,,00009432,,,,,,,,40,5,0,7,7,9432,,35532344552433232353533425335354225534435244532332543432355432553245,ABBACADDBBCDAACACABABAADCBAABABDCCBBADDABCDDBACAACBDADACABBDACBBACDB,ABABACDDBBCDAAACACABABADBCAAABBDCCBBADADBCDDABACACBDADACABBDACBBACBD,,,5,9432,,,,,L_T1_GTR___standard,,,,,L_T1_GTR03_51000001/L_T1_GTR03_33000001,,,
160853,77,,,,,,,,,34,32,35,400000000000000000000000000000000007200000000000230000000000000000000000,,00014326,,,,,,,,37,1,0,11,11,14326,,35532344552433232353533425335354225534435244532332543432,ABBACADDBBCDAACACABABAADCBAABABDCCBBADDABCDDBACAACBDADAC,ABABACDDBBCDAAACACABABADBCAAABBDCCBBADADBCDDABACACBDADAC,,,6,14326,,,,,,,,,,,,,,32,45,35,355000000000353000000000234555000007345000000000320000000000555440000000,,00009432,,,,,,,,40,5,0,7,7,9432,,35532344552433232353533425335354225534435244532332543432355432553245,ABBACADDBBCDAACACABABAADCBAABABDCCBBADDABCDDBACAACBDADACABBDACBBACDB,ABABACDDBBCDAAACACABABADBCAAABBDCCBBADADBCDDABACACBDADACABBDACBBACBD,,,5,9432,,,,,L_T1_GTR___standard,,,,,L_T1_GTR03_51000001/L_T1_GTR03_33000001,,,
160903,78,,,,,,,,,32,35,54,400000000000400000000000300000000007200000000000230000000000000000000000,,00014339,,,,,,,,38,2,0,13,13,14339,,3553234455243323235353342533535422553443524453233254343235,ABBACADDBBCDAACACABABAADCBAABABDCCBBADDABCDDBACAACBDADACAB,ABABACDDBBCDAAACACABABADBCAAABBDCCBBADADBCDDABACACBDADACAB,,,6,14339,,,,,,,,,,,,,,32,45,35,355000000000353000000000234555000007345000000000320000000000555440000000,,00009432,,,,,,,,40,5,0,7,7,9432,,35532344552433232353533425335354225534435244532332543432355432553245,ABBACADDBBCDAACACABABAADCBAABABDCCBBADDABCDDBACAACBDADACABBDACBBACDB,ABABACDDBBCDAAACACABABADBCAAABBDCCBBADADBCDDABACACBDADACABBDACBBACBD,,,5,9432,,,,,L_T1_GTR___standard,,,,,L_T1_GTR03_51000001/L_T1_GTR03_33000001,,,
160951,79,,,,,,,,,35,54,32,400000000000400000000000300000000007223000000000230000000000000000000000,,00014350,,,,,,,,39,3,0,11,11,14350,,355323445524332323535334253353542255344352445323325434323554,ABBACADDBBCDAACACABABAADCBAABABDCCBBADDABCDDBACAACBDADACABBD,ABABACDDBBCDAAACACABABADBCAAABBDCCBBADADBCDDABACACBDADACABBD,,,6,14350,,,,,,,,,,,,,,32,45,35,355000000000353000000000234555000007345000000000320000000000555440000000,,00009432,,,,,,,,40,5,0,7,7,9432,,35532344552433232353533425335354225534435244532332543432355432553245,ABBACADDBBCDAACACABABAADCBAABABDCCBBADDABCDDBACAACBDADACABBDACBBACDB,ABABACDDBBCDAAACACABABADBCAAABBDCCBBADADBCDDABACACBDADACABBDACBBACBD,,,5,9432,,,,,L_T1_GTR___standard,,,,,L_T1_GTR03_51000001/L_T1_GTR03_33000001,,,
160967,80,,,,,,,,,35,54,32,400000000000400000000000300000000007223000000000230000000000000000000000,,00014350,,,,,,,,39,3,0,11,11,14350,,355323445524332323535334253353542255344352445323325434323554,ABBACADDBBCDAACACABABAADCBAABABDCCBBADDABCDDBACAACBDADACABBD,ABABACDDBBCDAAACACABABADBCAAABBDCCBBADADBCDDABACACBDADACABBD,,,6,14350,,,,,,,,,,,,,,45,35,34,355666660000353666660000234555666667345666660000322366666000555446666600,,00009442,,,,,,,,41,6,0,10,10,9442,,3553234455243323235353342533535422553443524453233254343235543255324535,ABBACADDBBCDAACACABABAADCBAABABDCCBBADDABCDDBACAACBDADACABBDACBBACDBAB,ABABACDDBBCDAAACACABABADBCAAABBDCCBBADADBCDDABACACBDADACABBDACBBACBDAB,,,5,9442,,,,,L_T1_GTR___standard,,,,,L_T1_GTR03_51000001/L_T1_GTR03_33000001,,,
160999,81,,,,,,,,,54,32,55,400000000000400000000000335000000007223000000000230000000000000000000000,,00014362,,,,,,,,40,4,0,12,12,14362,,35532344552433232353533425335354225534435244532332543432355432,ABBACADDBBCDAACACABABAADCBAABABDCCBBADDABCDDBACAACBDADACABBDAC,ABABACDDBBCDAAACACABABADBCAAABBDCCBBADADBCDDABACACBDADACABBDAC,,,6,14362,,,,,,,,,,,,,,45,35,34,355666660000353666660000234555666667345666660000322366666000555446666600,,00009442,,,,,,,,41,6,0,10,10,9442,,3553234455243323235353342533535422553443524453233254343235543255324535,ABBACADDBBCDAACACABABAADCBAABABDCCBBADDABCDDBACAACBDADACABBDACBBACDBAB,ABABACDDBBCDAAACACABABADBCAAABBDCCBBADADBCDDABACACBDADACABBDACBBACBDAB,,,5,9442,,,,,L_T1_GTR___standard,,,,,L_T1_GTR03_51000001/L_T1_GTR03_33000001,,,
161047,82,,,,,,,,,32,55,32,400000000000445000000000335000000007223000000000230000000000000000000000,,00014373,,,,,,,,41,5,0,11,11,14373,,3553234455243323235353342533535422553443524453233254343235543255,ABBACADDBBCDAACACABABAADCBAABABDCCBBADDABCDDBACAACBDADACABBDACBB,ABABACDDBBCDAAACACABABADBCAAABBDCCBBADADBCDDABACACBDADACABBDACBB,,,6,14373,,,,,,,,,,,,,,45,35,34,355666660000353666660000234555666667345666660000322366666000555446666600,,00009442,,,,,,,,41,6,0,10,10,9442,,3553234455243323235353342533535422553443524453233254343235543255324535,ABBACADDBBCDAACACABABAADCBAABABDCCBBADDABCDDBACAACBDADACABBDACBBACDBAB,ABABACDDBBCDAAACACABABADBCAAABBDCCBBADADBCDDABACACBDADACABBDACBBACBDAB,,,5,9442,,,,,L_T1_GTR___standard,,,,,L_T1_GTR03_51000001/L_T1_GTR03_33000001,,,
161054,83,,,,,,,,,32,55,32,400000000000445000000000335000000007223000000000230000000000000000000000,,00014373,,,,,,,,41,5,0,11,11,14373,,3553234455243323235353342533535422553443524453233254343235543255,ABBACADDBBCDAACACABABAADCBAABABDCCBBADDABCDDBACAACBDADACABBDACBB,ABABACDDBBCDAAACACABABADBCAAABBDCCBBADADBCDDABACACBDADACABBDACBB,,,6,14373,,,,,,,,,,,,,,,35,34,350066666666352666666666234555666664345666666666320066666666500066666666,,00009444,,,,,lose,,,42,6,0,2,2,9444,,3553234455243323235353342533535422553443524453233254343235543255324535,ABBACADDBBCDAACACABABAADCBAABABDCCBBADDABCDDBACAACBDADACABBDACBBACDBAB,ABABACDDBBCDAAACACABABADBCAAABBDCCBBADADBCDDABACACBDADACABBDACBBACBDAB,,,5,9444,,,,,L_T1_GTR___standard,,,,,L_T1_GTR03_51000001/L_T1_GTR03_33000001,,,
161062,83,,,,,,,,,,55,32,400000000000445000000000335000000007223000320000230000000000000000000000,,00014378,,,,,win,,,42,5,0,5,5,14378,,3553234455243323235353342533535422553443524453233254343235543255,ABBACADDBBCDAACACABABAADCBAABABDCCBBADDABCDDBACAACBDADACABBDACBB,ABABACDDBBCDAAACACABABADBCAAABBDCCBBADADBCDDABACACBDADACABBDACBB,,,6,14378,,,,,,,,,,,,,,,35,34,350066666666352666666666234555666664345666666666320066666666500066666666,,00009444,,,,,lose,,,42,6,0,2,2,9444,,3553234455243323235353342533535422553443524453233254343235543255324535,ABBACADDBBCDAACACABABAADCBAABABDCCBBADDABCDDBACAACBDADACABBDACBBACDBAB,ABABACDDBBCDAAACACABABADBCAAABBDCCBBADADBCDDABACACBDADACABBDACBBACBDAB,,,5,9444,,,,,L_T1_GTR___standard,,,,,L_T1_GTR03_51000001/L_T1_GTR03_33000001,,,
