152207,0,,,,,,,,,,21,11,000000000000000000000000000000000007000000000000000000000000000000000000,000000,00000000,,,,,,,,0,0,0,0,0,0,,21,AB,AB,,,0,0,,,,,,,,,,,,,,,21,11,000000000000000000000000000000000007000000000000000000000000000000000000,000000,00000000,,,,,,,,0,0,0,0,0,0,,21,AB,AB,,,0,0,,,,,,,,,,,,,
152359,2,,,,,,,,,21,11,11,000000000000000000000000000000000007000000000000000000000000000000000000,,00000000,,,,,,,,1,1,0,0,0,0,,2111,BAAA,ABAA,,,0,0,,,,,,,,,,,,,,21,11,11,000000000000000000000000000000000007000000000000000000000000000000000000,,00000000,,,,,,,,1,1,0,0,0,0,,2111,BAAA,ABAA,,,0,0,,,,,,,,,,,,,
152409,4,,,,,,,,,11,11,11,000000000000000000000000210000000007000000000000000000000000000000000000,,00000013,,,,,,,,2,2,0,13,13,13,,211111,BAAAAA,ABAAAA,,,0,13,,,,,,,,,,,,,,11,11,11,000000000000000000000000210000000007000000000000000000000000000000000000,,00000013,,,,,,,,2,2,0,13,13,13,,211111,BAAAAA,ABAAAA,,,0,13,,,,,,,,,,,,,
152461,6,,,,,,,,,11,11,12,100000000000100000000000210000000007000000000000000000000000000000000000,,00000026,,,,,,,,3,3,0,13,13,26,,21111111,BAAAAAAA,ABAAAAAA,,,0,26,,,,,,,,,,,,,,11,11,12,000000000000000000000000210000000007100000000000100000000000000000000000,,00000026,,,,,,,,3,3,0,13,13,26,,21111111,BAAAAAAA,ABAAAAAA,,,0,26,,,,,,,,,,,,,
152503,7,,,,,,,,,11,12,33,100000000000100000000000211100000007000000000000000000000000000000000000,,00000036,,,,,,,,4,4,0,10,10,36,,2111111112,BAAAAAAAAB,ABAAAAAAAB,,,0,36,,,,,,,,,,,,,,11,11,12,000000000000000000000000210000000007100000000000100000000000000000000000,,00000026,,,,,,,,3,3,0,13,13,26,,21111111,BAAAAAAA,ABAAAAAA,,,0,26,,,,,,,,,,,,,
152506,8,,,,,,,,,11,12,33,100000000000100000000000211100000007000000000000000000000000000000000000,,00000036,,,,,,,,4,4,0,10,10,36,,2111111112,BAAAAAAAAB,ABAAAAAAAB,,,0,36,,,,,,,,,,,,,,11,12,33,000000000000000000000000211100000007100000000000100000000000000000000000,,00000037,,,,,,,,4,4,0,11,11,37,,2111111112,BAAAAAAAAB,ABAAAAAAAB,,,0,37,,,,,,,,,,,,,
152543,9,,,,,,,,,,12,33,110000000000110000000000211100000007000000000000000000000000000000000000,,bb70abb4,,,,,,,,5,0,1,bb70abb4,280,316,,2111111112,BAAAAAAAAB,ABAAAAAAAB,,,1,316,,,,,,,,,,,,,,11,12,33,000000000000000000000000211100000007100000000000100000000000000000000000,,00000037,,,,,,,,4,4,0,11,11,37,,2111111112,BAAAAAAAAB,ABAAAAAAAB,,,0,37,,,,,,,,,,,,,
152545,10,,,,,,,,,,12,33,110000000000110000000000211100000007000000000000000000000000000000000000,,bb70abb4,,,,,,,,5,0,1,bb70abb4,280,316,,2111111112,BAAAAAAAAB,ABAAAAAAAB,,,1,316,,,,,,,,,,,,,,,12,33,000000000000000000000000211100000007110000000000110000000000000000000000,,bb70abb4,,,,,,,,5,0,1,bb70abb4,280,317,,2111111112,BAAAAAAAAB,ABAAAAAAAB,,,1,317,,,,,,,,,,,,,
152608,11,,,,,,,,,12,33,53,000000000000000000000000200000000007000000000000000000000000000000000000,,00000328,,,,,,,,6,1,0,12,12,328,,211111111233,BAAAAAAAABCC,ABAAAAAAABCC,,,1,328,,,,,,,,,,,,,,,12,33,000000000000000000000000211100000007110000000000110000000000000000000000,,bb70abb4,,,,,,,,5,0,1,bb70abb4,280,317,,2111111112,BAAAAAAAAB,ABAAAAAAAB,,,1,317,,,,,,,,,,,,,
152610,12,,,,,,,,,12,33,53,000000000000000000000000200000000007000000000000000000000000000000000000,,00000328,,,,,,,,6,1,0,12,12,328,,211111111233,BAAAAAAAABCC,ABAAAAAAABCC,,,1,328,,,,,,,,,,,,,,12,33,53,000000000000000000000000200000000007000000000000000000000000000000000000,,00000329,,,,,,,,6,1,0,12,12,329,,211111111233,BAAAAAAAABCC,ABAAAAAAABCC,,,1,329,,,,,,,,,,,,,
152660,13,,,,,,,,,33,53,33,000000000000000000000000200000000007120000000000000000000000000000000000,,00000340,,,,,,,,7,2,0,12,12,340,,21111111123353,BAAAAAAAABCCDC,ABAAAAAAABCCCD,,,1,340,,,,,,,,,,,,,,12,33,53,000000000000000000000000200000000007000000000000000000000000000000000000,,00000329,,,,,,,,6,1,0,12,12,329,,211111111233,BAAAAAAAABCC,ABAAAAAAABCC,,,1,329,,,,,,,,,,,,,
152662,14,,,,,,,,,33,53,33,000000000000000000000000200000000007120000000000000000000000000000000000,,00000340,,,,,,,,7,2,0,12,12,340,,21111111123353,BAAAAAAAABCCDC,ABAAAAAAABCCCD,,,1,340,,,,,,,,,,,,,,33,53,33,000000000000000000000000200000000007120000000000000000000000000000000000,,00000342,,,,,,,,7,2,0,13,13,342,,21111111123353,BAAAAAAAABCCDC,ABAAAAAAABCCCD,,,1,342,,,,,,,,,,,,,
152711,15,,,,,,,,,53,33,25,300000000000300000000000200000000007120000000000000000000000000000000000,,00000353,,,,,,,,8,3,0,13,13,353,,2111111112335333,BAAAAAAAABCCDCCC,ABAAAAAAABCCCDCC,,,1,353,,,,,,,,,,,,,,33,53,33,000000000000000000000000200000000007120000000000000000000000000000000000,,00000342,,,,,,,,7,2,0,13,13,342,,21111111123353,BAAAAAAAABCCDC,ABAAAAAAABCCCD,,,1,342,,,,,,,,,,,,,
152714,16,,,,,,,,,53,33,25,300000000000300000000000200000000007120000000000000000000000000000000000,,00000353,,,,,,,,8,3,0,13,13,353,,2111111112335333,BAAAAAAAABCCDCCC,ABAAAAAAABCCCDCC,,,1,353,,,,,,,,,,,,,,53,33,25,300000000000300000000000200000000007120000000000000000000000000000000000,,00000355,,,,,,,,8,3,0,13,13,355,,2111111112335333,BAAAAAAAABCCDCCC,ABAAAAAAABCCCDCC,,,1,355,,,,,,,,,,,,,
152762,17,,,,,,,,,33,25,51,300000000000350000000000230000000007120000000000000000000000000000000000,,00000365,,,,,,,,9,4,0,12,12,365,,211111111233533325,BAAAAAAAABCCDCCCBD,ABAAAAAAABCCCDCCBD,,,1,365,,,,,,,,,,L_T1_GTR03_32100001,,,,53,33,25,300000000000300000000000200000000007120000000000000000000000000000000000,,00000355,,,,,,,,8,3,0,13,13,355,,2111111112335333,BAAAAAAAABCCDCCC,ABAAAAAAABCCCDCC,,,1,355,,,,,,,,,,,,,
152764,18,,,,,,,,,33,25,51,300000000000350000000000230000000007120000000000000000000000000000000000,,00000365,,,,,,,,9,4,0,12,12,365,,211111111233533325,BAAAAAAAABCCDCCCBD,ABAAAAAAABCCCDCCBD,,,1,365,,,,,,,,,,L_T1_GTR03_32100001,,,,33,25,51,300000000000350000000000230000000007120000000000000000000000000000000000,,00000367,,,,,,,,9,4,0,12,12,367,,211111111233533325,BAAAAAAAABCCDCCCBD,ABAAAAAAABCCCDCCBD,,,1,367,,,,,,,,,,L_T1_GTR03_32100001,,,
152818,19,,,,,,,,,25,51,22,300000000000350000000000230000000007120000000000300000000000300000000000,,00000378,,,,,,,,10,5,0,13,13,378,,21111111123353332551,BAAAAAAAABCCDCCCBDDA,ABAAAAAAABCCCDCCBDAD,,,1,378,,,,,,,,,,L_T1_GTR03_32100001,,,,33,25,51,300000000000350000000000230000000007120000000000000000000000000000000000,,00000367,,,,,,,,9,4,0,12,12,367,,211111111233533325,BAAAAAAAABCCDCCCBD,ABAAAAAAABCCCDCCBD,,,1,367,,,,,,,,,,L_T1_GTR03_32100001,,,
152820,20,,,,,,,,,25,51,22,300000000000350000000000230000000007120000000000300000000000300000000000,,00000378,,,,,,,,10,5,0,13,13,378,,21111111123353332551,BAAAAAAAABCCDCCCBDDA,ABAAAAAAABCCCDCCBDAD,,,1,378,,,,,,,,,,L_T1_GTR03_32100001,,,,25,51,22,300000000000350000000000230000000007120000000000300000000000300000000000,,00000380,,,,,,,,10,5,0,13,13,380,,21111111123353332551,BAAAAAAAABCCDCCCBDDA,ABAAAAAAABCCCDCCBDAD,,,1,380,,,,,,,,,,L_T1_GTR03_32100001,,,
152872,21,,,,,,,,,25,51,22,300000000000350000000000230000000007120000000000300000000000300000000000,,00000378,,,,,,,,10,5,0,13,13,378,,21111111123353332551,BAAAAAAAABCCDCCCBDDA,ABAAAAAAABCCCDCCBDAD,,,1,378,,,,,,,,,,L_T1_GTR03_32100001,,,,51,22,53,300000000000350000000000230000000007120000000000320000000000350000000000,,00000392,,,,,,,,11,6,0,12,12,392,,2111111112335333255122,BAAAAAAAABCCDCCCBDDABB,ABAAAAAAABCCCDCCBDADBB,,,1,392,,,,,,,,,,,,,
152874,22,,,,,,,,,51,22,53,300000000000350000000000230000000007120000000000320000000000350000000000,,00000390,,,,,,,,11,6,0,12,12,390,,2111111112335333255122,BAAAAAAAABCCDCCCBDDABB,ABAAAAAAABCCCDCCBDADBB,,,1,390,,,,,,,,,,,,,,51,22,53,300000000000350000000000230000000007120000000000320000000000350000000000,,00000392,,,,,,,,11,6,0,12,12,392,,2111111112335333255122,BAAAAAAAABCCDCCCBDDABB,ABAAAAAAABCCCDCCBDADBB,,,1,392,,,,,,,,,,,,,
152926,24,,,,,,,,,22,53,31,300000000000350000000000230000000007120000000000321000000000355000000000,,00000401,,,,,,,,12,7,0,11,11,401,,211111111233533325512253,BAAAAAAAABCCDCCCBDDABBDC,ABAAAAAAABCCCDCCBDADBBCD,,,1,401,,,,,,,,,,,,,,22,53,31,300000000000350000000000230000000007120000000000321000000000355000000000,,00000403,,,,,,,,12,7,0,11,11,403,,211111111233533325512253,BAAAAAAAABCCDCCCBDDABBDC,ABAAAAAAABCCCDCCBDADBBCD,,,1,403,,,,,,,,,,,,,
152969,26,,,,,,,,,53,31,15,300000000000350000000000232200000007120000000000321000000000355000000000,,00000411,,,,,,,,13,8,0,10,10,411,,21111111123353332551225331,BAAAAAAAABCCDCCCBDDABBDCCA,ABAAAAAAABCCCDCCBDADBBCDAC,,,1,411,,,,,,,,,,,,,,53,31,15,300000000000350000000000232200000007120000000000321000000000355000000000,,00000413,,,,,,,,13,8,0,10,10,413,,21111111123353332551225331,BAAAAAAAABCCDCCCBDDABBDCCA,ABAAAAAAABCCCDCCBDADBBCDAC,,,1,413,,,,,,,,,,,,,
153019,27,,,,,,,,,53,31,15,300000000000350000000000232200000007120000000000321000000000355000000000,,00000411,,,,,,,,13,8,0,10,10,411,,21111111123353332551225331,BAAAAAAAABCCDCCCBDDABBDCCA,ABAAAAAAABCCCDCCBDADBBCDAC,,,1,411,,,,,,,,,,,,,,31,15,22,335000000000350000000000232200000007120000000000321000000000355000000000,,00000424,,,,,,,,14,9,0,11,11,424,,2111111112335333255122533115,BAAAAAAAABCCDCCCBDDABBDCCAAD,ABAAAAAAABCCCDCCBDADBBCDACAD,,,1,424,,,,,,,,,,,,,
153038,28,,,,,,,,,31,15,22,350000000000353000000000232200000007120000000000321000000000355000000000,,00000422,,,,,,,,14,9,0,11,11,422,,2111111112335333255122533115,BAAAAAAAABCCDCCCBDDABBDCCAAD,ABAAAAAAABCCCDCCBDADBBCDACAD,,,1,422,,,,,L_T1_GTR___hekomi__,,,,,L_T1_GTR03_22110001,,,,31,15,22,335000000000350000000000232200000007120000000000321000000000355000000000,,00000424,,,,,,,,14,9,0,11,11,424,,2111111112335333255122533115,BAAAAAAAABCCDCCCBDDABBDCCAAD,ABAAAAAAABCCCDCCBDADBBCDACAD,,,1,424,,,,,,,,,,,,,
153066,29,,,,,,,,,31,15,22,350000000000353000000000232200000007120000000000321000000000355000000000,,00000422,,,,,,,,14,9,0,11,11,422,,2111111112335333255122533115,BAAAAAAAABCCDCCCBDDABBDCCAAD,ABAAAAAAABCCCDCCBDADBBCDACAD,,,1,422,,,,,L_T1_GTR___hekomi__,,,,,L_T1_GTR03_22110001,,,,15,22,15,335000000000350000000000232200000007121300000000321000000000355000000000,,00000434,,,,,,,,15,10,0,10,10,434,,211111111233533325512253311522,BAAAAAAAABCCDCCCBDDABBDCCAADBB,ABAAAAAAABCCCDCCBDADBBCDACADBB,,,1,434,,,,,,,,,,,,,
153084,30,,,,,,,,,15,22,15,350000000000353000000000232200000007121300000000321000000000355000000000,,00000432,,,,,,,,15,10,0,10,10,432,,211111111233533325512253311522,BAAAAAAAABCCDCCCBDDABBDCCAADBB,ABAAAAAAABCCCDCCBDADBBCDACADBB,,,1,432,,,,,L_T1_GTR___hekomi__,,,,,L_T1_GTR03_22110001,,,,15,22,15,335000000000350000000000232200000007121300000000321000000000355000000000,,00000434,,,,,,,,15,10,0,10,10,434,,211111111233533325512253311522,BAAAAAAAABCCDCCCBDDABBDCCAADBB,ABAAAAAAABCCCDCCBDADBBCDACADBB,,,1,434,,,,,,,,,,,,,
153115,31,,,,,,,,,15,22,15,350000000000353000000000232200000007121300000000321000000000355000000000,,00000432,,,,,,,,15,10,0,10,10,432,,211111111233533325512253311522,BAAAAAAAABCCDCCCBDDABBDCCAADBB,ABAAAAAAABCCCDCCBDADBBCDACADBB,,,1,432,,,,,L_T1_GTR___hekomi__,,,,,L_T1_GTR03_22110001,,,,22,15,53,335000000000350000000000232200000007121300000000321500000000355100000000,,00000444,,,,,,,,16,11,0,10,10,444,,21111111123353332551225331152215,BAAAAAAAABCCDCCCBDDABBDCCAADBBAD,ABAAAAAAABCCCDCCBDADBBCDACADBBAD,,,1,444,,,,,,,,,,R_T1_GTR03_22110002,,,
153134,32,,,,,,,,,22,15,53,350000000000353000000000232200000007121300000000321500000000355100000000,,00000442,,,,,,,,16,11,0,10,10,442,,21111111123353332551225331152215,BAAAAAAAABCCDCCCBDDABBDCCAADBBAD,ABAAAAAAABCCCDCCBDADBBCDACADBBAD,,,1,442,,,,,L_T1_GTR___hekomi__,,,,,L_T1_GTR03_22110001/R_T1_GTR03_22110002,,,,22,15,53,335000000000350000000000232200000007121300000000321500000000355100000000,,00000444,,,,,,,,16,11,0,10,10,444,,21111111123353332551225331152215,BAAAAAAAABCCDCCCBDDABBDCCAADBBAD,ABAAAAAAABCCCDCCBDADBBCDACADBBAD,,,1,444,,,,,,,,,,R_T1_GTR03_22110002,,,
153161,33,,,,,,,,,22,15,53,350000000000353000000000232200000007121300000000321500000000355100000000,,00000442,,,,,,,,16,11,0,10,10,442,,21111111123353332551225331152215,BAAAAAAAABCCDCCCBDDABBDCCAADBBAD,ABAAAAAAABCCCDCCBDADBBCDACADBBAD,,,1,442,,,,,L_T1_GTR___hekomi__,,,,,L_T1_GTR03_22110001/R_T1_GTR03_22110002,,,,15,53,35,335220000000350000000000232200000007121300000000321500000000355100000000,,00000453,,,,,,,,17,12,0,9,9,453,,2111111112335333255122533115221553,BAAAAAAAABCCDCCCBDDABBDCCAADBBADDC,ABAAAAAAABCCCDCCBDADBBCDACADBBADCD,,,1,453,,,,,,,,,,R_T1_GTR03_22110002,,,
153177,34,,,,,,,,,15,53,35,350000000000353000000000232200000007121322000000321500000000355100000000,,00000450,,,,,,,,17,12,0,8,8,450,,2111111112335333255122533115221553,BAAAAAAAABCCDCCCBDDABBDCCAADBBADDC,ABAAAAAAABCCCDCCBDADBBCDACADBBADCD,,,1,450,,,,,L_T1_GTR___hekomi__,,,,,L_T1_GTR03_22110001/R_T1_GTR03_22110002,,,,15,53,35,335220000000350000000000232200000007121300000000321500000000355100000000,,00000453,,,,,,,,17,12,0,9,9,453,,2111111112335333255122533115221553,BAAAAAAAABCCDCCCBDDABBDCCAADBBADDC,ABAAAAAAABCCCDCCBDADBBCDACADBBADCD,,,1,453,,,,,,,,,,R_T1_GTR03_22110002,,,
153210,35,,,,,,,,,15,53,35,350000000000353000000000232200000007121322000000321500000000355100000000,,00000450,,,,,,,,17,12,0,8,8,450,,2111111112335333255122533115221553,BAAAAAAAABCCDCCCBDDABBDCCAADBBADDC,ABAAAAAAABCCCDCCBDADBBCDACADBBADCD,,,1,450,,,,,L_T1_GTR___hekomi__,,,,,L_T1_GTR03_22110001/R_T1_GTR03_22110002,,,,53,35,21,335220000000350000000000232200000007121300000000321550000000355110000000,,00000462,,,,,,,,18,13,0,9,9,462,,211111111233533325512253311522155335,BAAAAAAAABCCDCCCBDDABBDCCAADBBADDCCD,ABAAAAAAABCCCDCCBDADBBCDACADBBADCDCD,,,1,462,,,,,,,,,,,,,
153224,36,,,,,,,,,53,35,21,355100000000353000000000232200000007121322000000321500000000355100000000,,00000460,,,,,,,,18,13,0,10,10,460,,211111111233533325512253311522155335,BAAAAAAAABCCDCCCBDDABBDCCAADBBADDCCD,ABAAAAAAABCCCDCCBDADBBCDACADBBADCDCD,,,1,460,,,,,L_T1_GTR___standard,,,,,L_T1_GTR03_33000001/R_T1_GTR03_22110002,,,,53,35,21,335220000000350000000000232200000007121300000000321550000000355110000000,,00000462,,,,,,,,18,13,0,9,9,462,,211111111233533325512253311522155335,BAAAAAAAABCCDCCCBDDABBDCCAADBBADDCCD,ABAAAAAAABCCCDCCBDADBBCDACADBBADCDCD,,,1,462,,,,,,,,,,,,,
153258,37,,,,,,,,,53,35,21,355100000000353000000000232200000007121322000000321500000000355100000000,,00000460,,,,,,,,18,13,0,10,10,460,,211111111233533325512253311522155335,BAAAAAAAABCCDCCCBDDABBDCCAADBBADDCCD,ABAAAAAAABCCCDCCBDADBBCDACADBBADCDCD,,,1,460,,,,,L_T1_GTR___standard,,,,,L_T1_GTR03_33000001/R_T1_GTR03_22110002,,,,35,21,13,335220000000355300000000232200000007121300000000321550000000355110000000,,00000473,,,,,,,,19,14,0,11,11,473,,21111111123353332551225331152215533521,BAAAAAAAABCCDCCCBDDABBDCCAADBBADDCCDBA,ABAAAAAAABCCCDCCBDADBBCDACADBBADCDCDAB,,,1,473,,,,,L_T1_Kan___pat00001,,,,,,,,
153273,38,,,,,,,,,35,21,13,355100000000353000000000232200000007121322000000321550000000355130000000,,00000469,,,,,,,,19,14,0,9,9,469,,21111111123353332551225331152215533521,BAAAAAAAABCCDCCCBDDABBDCCAADBBADDCCDBA,ABAAAAAAABCCCDCCBDADBBCDACADBBADCDCDAB,,,1,469,,,,,L_T1_GTR___standard,,,,,L_T1_GTR03_33000001/R_T1_GTR03_22110002,,,,35,21,13,335220000000355300000000232200000007121300000000321550000000355110000000,,00000473,,,,,,,,19,14,0,11,11,473,,21111111123353332551225331152215533521,BAAAAAAAABCCDCCCBDDABBDCCAADBBADDCCDBA,ABAAAAAAABCCCDCCBDADBBCDACADBBADCDCDAB,,,1,473,,,,,L_T1_Kan___pat00001,,,,,,,,
153303,39,,,,,,,,,35,21,13,355100000000353000000000232200000007121322000000321550000000355130000000,,00000469,,,,,,,,19,14,0,9,9,469,,21111111123353332551225331152215533521,BAAAAAAAABCCDCCCBDDABBDCCAADBBADDCCDBA,ABAAAAAAABCCCDCCBDADBBCDACADBBADCDCDAB,,,1,469,,,,,L_T1_GTR___standard,,,,,L_T1_GTR03_33000001/R_T1_GTR03_22110002,,,,21,13,51,335220000000355300000000232250000007121330000000321550000000355110000000,,00000482,,,,,,,,20,15,0,9,9,482,,2111111112335333255122533115221553352113,BAAAAAAAABCCDCCCBDDABBDCCAADBBADDCCDBAAC,ABAAAAAAABCCCDCCBDADBBCDACADBBADCDCDABAC,,,1,482,,,,,L_T1_Kan___pat00001,,,,,,,,
153317,40,,,,,,,,,21,13,51,355153000000353000000000232200000007121322000000321550000000355130000000,,00000477,,,,,,,,20,15,0,8,8,477,,2111111112335333255122533115221553352113,BAAAAAAAABCCDCCCBDDABBDCCAADBBADDCCDBAAC,ABAAAAAAABCCCDCCBDADBBCDACADBBADCDCDABAC,,,1,477,,,,,L_T1_GTR___standard,,,,,L_T1_GTR03_33000001/R_T1_GTR03_22110002,,,,21,13,51,335220000000355300000000232250000007121330000000321550000000355110000000,,00000482,,,,,,,,20,15,0,9,9,482,,2111111112335333255122533115221553352113,BAAAAAAAABCCDCCCBDDABBDCCAADBBADDCCDBAAC,ABAAAAAAABCCCDCCBDADBBCDACADBBADCDCDABAC,,,1,482,,,,,L_T1_Kan___pat00001,,,,,,,,
153365,41,,,,,,,,,21,13,51,355153000000353000000000232200000007121322000000321550000000355130000000,,00000477,,,,,,,,20,15,0,8,8,477,,2111111112335333255122533115221553352113,BAAAAAAAABCCDCCCBDDABBDCCAADBBADDCCDBAAC,ABAAAAAAABCCCDCCBDADBBCDACADBBADCDCDABAC,,,1,477,,,,,L_T1_GTR___standard,,,,,L_T1_GTR03_33000001/R_T1_GTR03_22110002,,,,13,51,12,335221000000355320000000232250000007121330000000321550000000355110000000,,00000490,,,,,,,,21,16,0,8,8,490,,211111111233533325512253311522155335211351,BAAAAAAAABCCDCCCBDDABBDCCAADBBADDCCDBAACDA,ABAAAAAAABCCCDCCBDADBBCDACADBBADCDCDABACAD,,,1,490,,,,,L_T1_Kan___pat00001,,,,,,,,
153385,42,,,,,,,,,13,51,12,355153200000353100000000232200000007121322000000321550000000355130000000,,00000484,,,,,,,,21,16,0,7,7,484,,211111111233533325512253311522155335211351,BAAAAAAAABCCDCCCBDDABBDCCAADBBADDCCDBAACDA,ABAAAAAAABCCCDCCBDADBBCDACADBBADCDCDABACAD,,,1,484,,,,,L_T1_GTR___standard,,,,,L_T1_GTR03_33000001/R_T1_GTR03_22110002,,,,13,51,12,335221000000355320000000232250000007121330000000321550000000355110000000,,00000490,,,,,,,,21,16,0,8,8,490,,211111111233533325512253311522155335211351,BAAAAAAAABCCDCCCBDDABBDCCAADBBADDCCDBAACDA,ABAAAAAAABCCCDCCBDADBBCDACADBBADCDCDABACAD,,,1,490,,,,,L_T1_Kan___pat00001,,,,,,,,
153406,43,,,,,,,,,13,51,12,355153200000353100000000232200000007121322000000321550000000355130000000,,00000484,,,,,,,,21,16,0,7,7,484,,211111111233533325512253311522155335211351,BAAAAAAAABCCDCCCBDDABBDCCAADBBADDCCDBAACDA,ABAAAAAAABCCCDCCBDADBBCDACADBBADCDCDABACAD,,,1,484,,,,,L_T1_GTR___standard,,,,,L_T1_GTR03_33000001/R_T1_GTR03_22110002,,,,51,12,21,335221130000355320000000232250000007121330000000321550000000355110000000,,00000497,,,,,,,,22,17,0,7,7,497,,21111111123353332551225331152215533521135112,BAAAAAAAABCCDCCCBDDABBDCCAADBBADDCCDBAACDAAB,ABAAAAAAABCCCDCCBDADBBCDACADBBADCDCDABACADAB,,,1,497,,,,,L_T1_Kan___pat00001,,,,,,,,
153430,44,,,,,,,,,51,12,21,355153200000353113000000232200000007121322000000321550000000355130000000,,00000493,,,,,,,,22,17,0,9,9,493,,21111111123353332551225331152215533521135112,BAAAAAAAABCCDCCCBDDABBDCCAADBBADDCCDBAACDAAB,ABAAAAAAABCCCDCCBDADBBCDACADBBADCDCDABACADAB,,,1,493,,,,,L_T1_GTR___standard,,,,,L_T1_GTR03_33000001/R_T1_GTR03_22110002,,,,51,12,21,335221130000355320000000232250000007121330000000321550000000355110000000,,00000497,,,,,,,,22,17,0,7,7,497,,21111111123353332551225331152215533521135112,BAAAAAAAABCCDCCCBDDABBDCCAADBBADDCCDBAACDAAB,ABAAAAAAABCCCDCCBDADBBCDACADBBADCDCDABACADAB,,,1,497,,,,,L_T1_Kan___pat00001,,,,,,,,
153446,45,,,,,,,,,51,12,21,355153200000353113000000232200000007121322000000321550000000355130000000,,00000493,,,,,,,,22,17,0,9,9,493,,21111111123353332551225331152215533521135112,BAAAAAAAABCCDCCCBDDABBDCCAADBBADDCCDBAACDAAB,ABAAAAAAABCCCDCCBDADBBCDACADBBADCDCDABACADAB,,,1,493,,,,,L_T1_GTR___standard,,,,,L_T1_GTR03_33000001/R_T1_GTR03_22110002,,,,12,21,15,335221130000355321000000232255000007121330000000321550000000355110000000,,00000505,,,,,,,,23,18,0,8,8,505,,2111111112335333255122533115221553352113511221,BAAAAAAAABCCDCCCBDDABBDCCAADBBADDCCDBAACDAABBA,ABAAAAAAABCCCDCCBDADBBCDACADBBADCDCDABACADABAB,,,1,505,,,,,L_T1_Kan___pat00001,,,,,,,,
153472,46,,,,,,,,,12,21,15,355153200000353113000000232251000007121322000000321550000000355130000000,,00000502,,,,,,,,23,18,0,9,9,502,,2111111112335333255122533115221553352113511221,BAAAAAAAABCCDCCCBDDABBDCCAADBBADDCCDBAACDAABBA,ABAAAAAAABCCCDCCBDADBBCDACADBBADCDCDABACADABAB,,,1,502,,,,,L_T1_GTR___standard,,,,,L_T1_GTR03_33000001/R_T1_GTR03_22110002,,,,12,21,15,335221130000355321000000232255000007121330000000321550000000355110000000,,00000505,,,,,,,,23,18,0,8,8,505,,2111111112335333255122533115221553352113511221,BAAAAAAAABCCDCCCBDDABBDCCAADBBADDCCDBAACDAABBA,ABAAAAAAABCCCDCCBDADBBCDACADBBADCDCDABACADABAB,,,1,505,,,,,L_T1_Kan___pat00001,,,,,,,,
153487,47,,,,,,,,,12,21,15,355153200000353113000000232251000007121322000000321550000000355130000000,,00000502,,,,,,,,23,18,0,9,9,502,,2111111112335333255122533115221553352113511221,BAAAAAAAABCCDCCCBDDABBDCCAADBBADDCCDBAACDAABBA,ABAAAAAAABCCCDCCBDADBBCDACADBBADCDCDABACADABAB,,,1,502,,,,,L_T1_GTR___standard,,,,,L_T1_GTR03_33000001/R_T1_GTR03_22110002,,,,21,15,51,335221130000355321000000232255000007121330000000321552100000355110000000,,00000512,,,,,,,,24,19,0,7,7,512,,211111111233533325512253311522155335211351122115,BAAAAAAAABCCDCCCBDDABBDCCAADBBADDCCDBAACDAABBAAD,ABAAAAAAABCCCDCCBDADBBCDACADBBADCDCDABACADABABAD,,,1,512,,,,,L_T1_Kan___pat00001,,,,,,,,
153510,48,,,,,,,,,21,15,51,355153200000353113200000232251100007121322000000321550000000355130000000,,00000509,,,,,,,,24,19,0,7,7,509,,211111111233533325512253311522155335211351122115,BAAAAAAAABCCDCCCBDDABBDCCAADBBADDCCDBAACDAABBAAD,ABAAAAAAABCCCDCCBDADBBCDACADBBADCDCDABACADABABAD,,,1,509,,,,,L_T1_GTR___standard,,,,,L_T1_GTR03_33000001/R_T1_GTR03_22110002,,,,21,15,51,335221130000355321000000232255000007121330000000321552100000355110000000,,00000512,,,,,,,,24,19,0,7,7,512,,211111111233533325512253311522155335211351122115,BAAAAAAAABCCDCCCBDDABBDCCAADBBADDCCDBAACDAABBAAD,ABAAAAAAABCCCDCCBDADBBCDACADBBADCDCDABACADABABAD,,,1,512,,,,,L_T1_Kan___pat00001,,,,,,,,
153533,49,,,,,,,,,21,15,51,355153200000353113200000232251100007121322000000321550000000355130000000,,00000509,,,,,,,,24,19,0,7,7,509,,211111111233533325512253311522155335211351122115,BAAAAAAAABCCDCCCBDDABBDCCAADBBADDCCDBAACDAABBAAD,ABAAAAAAABCCCDCCBDADBBCDACADBBADCDCDABACADABABAD,,,1,509,,,,,L_T1_GTR___standard,,,,,L_T1_GTR03_33000001/R_T1_GTR03_22110002,,,,15,51,33,335221130000355321000000232255000007121330000000321552100000355112100000,,00000520,,,,,,,,25,20,0,8,8,520,,21111111123353332551225331152215533521135112211551,BAAAAAAAABCCDCCCBDDABBDCCAADBBADDCCDBAACDAABBAADDA,ABAAAAAAABCCCDCCBDADBBCDACADBBADCDCDABACADABABADAD,,,1,520,,,,,L_T1_Kan___pat00001,,,,,,,,
153549,50,,,,,,,,,15,51,33,355153220000353113210000232251100007121322000000321550000000355130000000,,00000515,,,,,,,,25,20,0,6,6,515,,21111111123353332551225331152215533521135112211551,BAAAAAAAABCCDCCCBDDABBDCCAADBBADDCCDBAACDAABBAADDA,ABAAAAAAABCCCDCCBDADBBCDACADBBADCDCDABACADABABADAD,,,1,515,,,,,L_T1_GTR___standard,,,,,L_T1_GTR03_33000001/R_T1_GTR03_22110002,,,,15,51,33,335221130000355321000000232255000007121330000000321552100000355112100000,,00000520,,,,,,,,25,20,0,8,8,520,,21111111123353332551225331152215533521135112211551,BAAAAAAAABCCDCCCBDDABBDCCAADBBADDCCDBAACDAABBAADDA,ABAAAAAAABCCCDCCBDADBBCDACADBBADCDCDABACADABABADAD,,,1,520,,,,,L_T1_Kan___pat00001,,,,,,,,
153571,51,,,,,,,,,15,51,33,355153220000353113210000232251100007121322000000321550000000355130000000,,00000515,,,,,,,,25,20,0,6,6,515,,21111111123353332551225331152215533521135112211551,BAAAAAAAABCCDCCCBDDABBDCCAADBBADDCCDBAACDAABBAADDA,ABAAAAAAABCCCDCCBDADBBCDACADBBADCDCDABACADABABADAD,,,1,515,,,,,L_T1_GTR___standard,,,,,L_T1_GTR03_33000001/R_T1_GTR03_22110002,,,,51,33,13,335221131500355321000000232255000007121330000000321552100000355112100000,,00000525,,,,,,,,26,21,0,5,5,525,,2111111112335333255122533115221553352113511221155133,BAAAAAAAABCCDCCCBDDABBDCCAADBBADDCCDBAACDAABBAADDACC,ABAAAAAAABCCCDCCBDADBBCDACADBBADCDCDABACADABABADADCC,,,1,525,,,,,L_T1_Kan___pat00001,,,,,,,,
153591,52,,,,,,,,,51,33,13,355153220000353113210000232251100007121322150000321550000000355130000000,,00000522,,,,,,,,26,21,0,7,7,522,,2111111112335333255122533115221553352113511221155133,BAAAAAAAABCCDCCCBDDABBDCCAADBBADDCCDBAACDAABBAADDACC,ABAAAAAAABCCCDCCBDADBBCDACADBBADCDCDABACADABABADADCC,,,1,522,,,,,L_T1_GTR___standard,,,,,L_T1_GTR03_33000001/R_T1_GTR03_22110002,,,,51,33,13,335221131500355321000000232255000007121330000000321552100000355112100000,,00000525,,,,,,,,26,21,0,5,5,525,,2111111112335333255122533115221553352113511221155133,BAAAAAAAABCCDCCCBDDABBDCCAADBBADDCCDBAACDAABBAADDACC,ABAAAAAAABCCCDCCBDADBBCDACADBBADCDCDABACADABABADADCC,,,1,525,,,,,L_T1_Kan___pat00001,,,,,,,,
153628,53,,,,,,,,,33,13,33,355153220000353113210000232251151007121322150000321550000000355130000000,,00000528,,,,,,,,27,22,0,6,6,528,,211111111233533325512253311522155335211351122115513313,BAAAAAAAABCCDCCCBDDABBDCCAADBBADDCCDBAACDAABBAADDACCAC,ABAAAAAAABCCCDCCBDADBBCDACADBBADCDCDABACADABABADADCCAC,,,1,528,,,,,L_T1_GTR___standard,,,,,L_T1_GTR03_33000001/R_T1_GTR03_22110002,,,,51,33,13,335221131500355321000000232255000007121330000000321552100000355112100000,,00000525,,,,,,,,26,21,0,5,5,525,,2111111112335333255122533115221553352113511221155133,BAAAAAAAABCCDCCCBDDABBDCCAADBBADDCCDBAACDAABBAADDACC,ABAAAAAAABCCCDCCBDADBBCDACADBBADCDCDABACADABABADADCC,,,1,525,,,,,L_T1_Kan___pat00001,,,,,,,,
153670,54,,,,,,,,,33,13,33,355153220000353113210000232251151007121322150000321550000000355130000000,,00000528,,,,,,,,27,22,0,6,6,528,,211111111233533325512253311522155335211351122115513313,BAAAAAAAABCCDCCCBDDABBDCCAADBBADDCCDBAACDAABBAADDACCAC,ABAAAAAAABCCCDCCBDADBBCDACADBBADCDCDABACADABABADADCCAC,,,1,528,,,,,L_T1_GTR___standard,,,,,L_T1_GTR03_33000001/R_T1_GTR03_22110002,,,,33,13,33,335221131500355321000000232255500007121331000000321552100000355112100000,,00000531,,,,,,,,27,22,0,6,6,531,,211111111233533325512253311522155335211351122115513313,BAAAAAAAABCCDCCCBDDABBDCCAADBBADDCCDBAACDAABBAADDACCAC,ABAAAAAAABCCCDCCBDADBBCDACADBBADCDCDABACADABABADADCCAC,,,1,531,,,,,L_T1_Kan___pat00001,,,,,,,,
153674,55,,,,,,,,,13,33,21,355153220000353113210000232251151007121322150000321553000000355133000000,,00000536,,,,,,,,28,23,0,8,8,536,,21111111123353332551225331152215533521135112211551331333,BAAAAAAAABCCDCCCBDDABBDCCAADBBADDCCDBAACDAABBAADDACCACCC,ABAAAAAAABCCCDCCBDADBBCDACADBBADCDCDABACADABABADADCCACCC,,,1,536,,,,,L_T1_GTR___standard,,,,,L_T1_GTR03_33000001/R_T1_GTR03_22110002,,,,33,13,33,335221131500355321000000232255500007121331000000321552100000355112100000,,00000531,,,,,,,,27,22,0,6,6,531,,211111111233533325512253311522155335211351122115513313,BAAAAAAAABCCDCCCBDDABBDCCAADBBADDCCDBAACDAABBAADDACCAC,ABAAAAAAABCCCDCCBDADBBCDACADBBADCDCDABACADABABADADCCAC,,,1,531,,,,,L_T1_Kan___pat00001,,,,,,,,
153707,56,,,,,,,,,13,33,21,355153220000353113210000232251151007121322150000321553000000355133000000,,00000536,,,,,,,,28,23,0,8,8,536,,21111111123353332551225331152215533521135112211551331333,BAAAAAAAABCCDCCCBDDABBDCCAADBBADDCCDBAACDAABBAADDACCACCC,ABAAAAAAABCCCDCCBDADBBCDACADBBADCDCDABACADABABADADCCACCC,,,1,536,,,,,L_T1_GTR___standard,,,,,L_T1_GTR03_33000001/R_T1_GTR03_22110002,,,,13,33,21,335221131500355321330000232255500007121331000000321552100000355112100000,,00000537,,,,,,,,28,23,0,6,6,537,,21111111123353332551225331152215533521135112211551331333,BAAAAAAAABCCDCCCBDDABBDCCAADBBADDCCDBAACDAABBAADDACCACCC,ABAAAAAAABCCCDCCBDADBBCDACADBBADCDCDABACADABABADADCCACCC,,,1,537,,,,,L_T1_Kan___pat00001,,,,,,,,
153710,57,,,,,,,,,33,21,23,355153223100353113210000232251151007121322150000321553000000355133000000,,00000540,,,,,,,,29,24,0,4,4,540,,2111111112335333255122533115221553352113511221155133133321,BAAAAAAAABCCDCCCBDDABBDCCAADBBADDCCDBAACDAABBAADDACCACCCBA,ABAAAAAAABCCCDCCBDADBBCDACADBBADCDCDABACADABABADADCCACCCAB,,,1,540,,,,,L_T1_GTR___standard,,,,,L_T1_GTR03_33000001/R_T1_GTR03_22110002,,,,13,33,21,335221131500355321330000232255500007121331000000321552100000355112100000,,00000537,,,,,,,,28,23,0,6,6,537,,21111111123353332551225331152215533521135112211551331333,BAAAAAAAABCCDCCCBDDABBDCCAADBBADDCCDBAACDAABBAADDACCACCC,ABAAAAAAABCCCDCCBDADBBCDACADBBADCDCDABACADABABADADCCACCC,,,1,537,,,,,L_T1_Kan___pat00001,,,,,,,,
153744,59,,,,,,,,,21,23,31,355153223100353113210000232251151007121322153300321553000000355133000000,,00000544,,,,,,,,30,25,0,4,4,544,,211111111233533325512253311522155335211351122115513313332123,BAAAAAAAABCCDCCCBDDABBDCCAADBBADDCCDBAACDAABBAADDACCACCCBABC,ABAAAAAAABCCCDCCBDADBBCDACADBBADCDCDABACADABABADADCCACCCABBC,,,1,544,,,,,L_T1_GTR___standard,,,,,L_T1_GTR03_33000001/R_T1_GTR03_22110002,,,,33,21,23,335221131500355321330000232255513007121331000000321552100000355112100000,,00000543,,,,,,,,29,24,0,6,6,543,,2111111112335333255122533115221553352113511221155133133321,BAAAAAAAABCCDCCCBDDABBDCCAADBBADDCCDBAACDAABBAADDACCACCCBA,ABAAAAAAABCCCDCCBDADBBCDACADBBADCDCDABACADABABADADCCACCCAB,,,1,543,,,,,L_T1_Kan___pat00001,,,,,,,,
153783,60,,,,,,,,,21,23,31,355153223100353113210000232251151007121322153300321553000000355133000000,,00000544,,,,,,,,30,25,0,4,4,544,,211111111233533325512253311522155335211351122115513313332123,BAAAAAAAABCCDCCCBDDABBDCCAADBBADDCCDBAACDAABBAADDACCACCCBABC,ABAAAAAAABCCCDCCBDADBBCDACADBBADCDCDABACADABABADADCCACCCABBC,,,1,544,,,,,L_T1_GTR___standard,,,,,L_T1_GTR03_33000001/R_T1_GTR03_22110002,,,,21,23,31,335221131500355321330000232255513007121331000000321552100000355112133000,,00000548,,,,,,,,30,25,0,5,5,548,,211111111233533325512253311522155335211351122115513313332123,BAAAAAAAABCCDCCCBDDABBDCCAADBBADDCCDBAACDAABBAADDACCACCCBABC,ABAAAAAAABCCCDCCBDADBBCDACADBBADCDCDABACADABABADADCCACCCABBC,,,1,548,,,,,L_T1_Kan___pat00001,,,,,,,,
153787,61,,,,,,,,,23,31,55,355153223100353113210000232251151007121322153300321553000000355133210000,,00000551,,,,,,,,31,26,0,7,7,551,,21111111123353332551225331152215533521135112211551331333212331,BAAAAAAAABCCDCCCBDDABBDCCAADBBADDCCDBAACDAABBAADDACCACCCBABCCA,ABAAAAAAABCCCDCCBDADBBCDACADBBADCDCDABACADABABADADCCACCCABBCAC,,,1,551,,,,,L_T1_GTR___standard,,,,,L_T1_GTR03_33000001/R_T1_GTR03_22110002,,,,21,23,31,335221131500355321330000232255513007121331000000321552100000355112133000,,00000548,,,,,,,,30,25,0,5,5,548,,211111111233533325512253311522155335211351122115513313332123,BAAAAAAAABCCDCCCBDDABBDCCAADBBADDCCDBAACDAABBAADDACCACCCBABC,ABAAAAAAABCCCDCCBDADBBCDACADBBADCDCDABACADABABADADCCACCCABBC,,,1,548,,,,,L_T1_Kan___pat00001,,,,,,,,
153824,63,,,,,,,,,31,55,31,355153223100353113212300232251151007121322153300321553000000355133210000,,00000556,,,,,,,,32,27,0,5,5,556,,2111111112335333255122533115221553352113511221155133133321233155,BAAAAAAAABCCDCCCBDDABBDCCAADBBADDCCDBAACDAABBAADDACCACCCBABCCADD,ABAAAAAAABCCCDCCBDADBBCDACADBBADCDCDABACADABABADADCCACCCABBCACDD,,,1,556,,,,,L_T1_GTR___standard,,,,,L_T1_GTR03_33000001/R_T1_GTR03_22110002,,,,23,31,55,335221131500355321330000232255513007121331210000321552100000355112133000,,00000555,,,,,,,,31,26,0,7,7,555,,21111111123353332551225331152215533521135112211551331333212331,BAAAAAAAABCCDCCCBDDABBDCCAADBBADDCCDBAACDAABBAADDACCACCCBABCCA,ABAAAAAAABCCCDCCBDADBBCDACADBBADCDCDABACADABABADADCCACCCABBCAC,,,1,555,,,,,L_T1_Kan___pat00001,,,,,,,,
153858,64,,,,,,,,,55,31,32,355153223130353113212310232251151007121322153300321553000000355133210000,,00000559,,,,,,,,33,28,0,3,3,559,,211111111233533325512253311522155335211351122115513313332123315531,BAAAAAAAABCCDCCCBDDABBDCCAADBBADDCCDBAACDAABBAADDACCACCCBABCCADDCA,ABAAAAAAABCCCDCCBDADBBCDACADBBADCDCDABACADABABADADCCACCCABBCACDDAC,,,1,559,,,,,L_T1_GTR___standard,,,,,L_T1_GTR03_33000001/R_T1_GTR03_22110002,,,,23,31,55,335221131500355321330000232255513007121331210000321552100000355112133000,,00000555,,,,,,,,31,26,0,7,7,555,,21111111123353332551225331152215533521135112211551331333212331,BAAAAAAAABCCDCCCBDDABBDCCAADBBADDCCDBAACDAABBAADDACCACCCBABCCA,ABAAAAAAABCCCDCCBDADBBCDACADBBADCDCDABACADABABADADCCACCCABBCAC,,,1,555,,,,,L_T1_Kan___pat00001,,,,,,,,
153891,65,,,,,,,,,31,32,22,355153223130353113212310232251151007121322153355321553000000355133210000,,00000561,,,,,,,,34,29,0,2,2,561,,21111111123353332551225331152215533521135112211551331333212331553132,BAAAAAAAABCCDCCCBDDABBDCCAADBBADDCCDBAACDAABBAADDACCACCCBABCCADDCACB,ABAAAAAAABCCCDCCBDADBBCDACADBBADCDCDABACADABABADADCCACCCABBCACDDACBC,,,1,561,,,,,L_T1_GTR___standard,,,,,L_T1_GTR03_33000001/R_T1_GTR03_22110002,,,,23,31,55,335221131500355321330000232255513007121331210000321552100000355112133000,,00000555,,,,,,,,31,26,0,7,7,555,,21111111123353332551225331152215533521135112211551331333212331,BAAAAAAAABCCDCCCBDDABBDCCAADBBADDCCDBAACDAABBAADDACCACCCBABCCA,ABAAAAAAABCCCDCCBDADBBCDACADBBADCDCDABACADABABADADCCACCCABBCAC,,,1,555,,,,,L_T1_Kan___pat00001,,,,,,,,
153897,66,,,,,,,,,31,32,22,355153223130353113212310232251151007121322153355321553000000355133210000,,00000561,,,,,,,,34,29,0,2,2,561,,21111111123353332551225331152215533521135112211551331333212331553132,BAAAAAAAABCCDCCCBDDABBDCCAADBBADDCCDBAACDAABBAADDACCACCCBABCCADDCACB,ABAAAAAAABCCCDCCBDADBBCDACADBBADCDCDABACADABABADADCCACCCABBCACDDACBC,,,1,561,,,,,L_T1_GTR___standard,,,,,L_T1_GTR03_33000001/R_T1_GTR03_22110002,,,,31,55,31,335221131500355321330000232255513007121331210000321552130000355112133200,,00000559,,,,,,,,32,27,0,4,4,559,,2111111112335333255122533115221553352113511221155133133321233155,BAAAAAAAABCCDCCCBDDABBDCCAADBBADDCCDBAACDAABBAADDACCACCCBABCCADD,ABAAAAAAABCCCDCCBDADBBCDACADBBADCDCDABACADABABADADCCACCCABBCACDD,,,1,559,,,,,L_T1_Kan___pat00001,,,,,,,,
153948,67,,,,,,,,,32,22,12,355153223133353113212311232251151007121322153355321553000000355133210000,,00000563,,,,,,,,35,30,0,2,2,563,,2111111112335333255122533115221553352113511221155133133321233155313222,BAAAAAAAABCCDCCCBDDABBDCCAADBBADDCCDBAACDAABBAADDACCACCCBABCCADDCACBBB,ABAAAAAAABCCCDCCBDADBBCDACADBBADCDCDABACADABABADADCCACCCABBCACDDACBCBB,,,1,563,,,,,L_T1_GTR___standard,,,,,L_T1_GTR03_33000001/R_T1_GTR03_22110002,,,,31,55,31,335221131500355321330000232255513007121331210000321552130000355112133200,,00000559,,,,,,,,32,27,0,4,4,559,,2111111112335333255122533115221553352113511221155133133321233155,BAAAAAAAABCCDCCCBDDABBDCCAADBBADDCCDBAACDAABBAADDACCACCCBABCCADD,ABAAAAAAABCCCDCCBDADBBCDACADBBADCDCDABACADABABADADCCACCCABBCACDD,,,1,559,,,,,L_T1_Kan___pat00001,,,,,,,,
153957,68,,,,,,,,,32,22,12,355153223133353113212311232251151007121322153355321553000000355133210000,,00000563,,,,,,,,35,30,0,2,2,563,,2111111112335333255122533115221553352113511221155133133321233155313222,BAAAAAAAABCCDCCCBDDABBDCCAADBBADDCCDBAACDAABBAADDACCACCCBABCCADDCACBBB,ABAAAAAAABCCCDCCBDADBBCDACADBBADCDCDABACADABABADADCCACCCABBCACDDACBCBB,,,1,563,,,,,L_T1_GTR___standard,,,,,L_T1_GTR03_33000001/R_T1_GTR03_22110002,,,,55,31,32,335221131500355321330000232255513007121331210000321552131000355112133230,,00000562,,,,,,,,33,28,0,3,3,562,,211111111233533325512253311522155335211351122115513313332123315531,BAAAAAAAABCCDCCCBDDABBDCCAADBBADDCCDBAACDAABBAADDACCACCCBABCCADDCA,ABAAAAAAABCCCDCCBDADBBCDACADBBADCDCDABACADABABADADCCACCCABBCACDDAC,,,1,562,,,,,L_T1_Kan___pat00001,,,,,,,,
153994,69,,,,,,,,,32,22,12,355153223133353113212311232251151007121322153355321553000000355133210000,,00000563,,,,,,,,35,30,0,2,2,563,,2111111112335333255122533115221553352113511221155133133321233155313222,BAAAAAAAABCCDCCCBDDABBDCCAADBBADDCCDBAACDAABBAADDACCACCCBABCCADDCACBBB,ABAAAAAAABCCCDCCBDADBBCDACADBBADCDCDABACADABABADADCCACCCABBCACDDACBCBB,,,1,563,,,,,L_T1_GTR___standard,,,,,L_T1_GTR03_33000001/R_T1_GTR03_22110002,,,,31,32,22,335221131500355321335500232255513007121331210000321552131000355112133230,,00000567,,,,,,,,34,29,0,5,5,567,,21111111123353332551225331152215533521135112211551331333212331553132,BAAAAAAAABCCDCCCBDDABBDCCAADBBADDCCDBAACDAABBAADDACCACCCBABCCADDCACB,ABAAAAAAABCCCDCCBDADBBCDACADBBADCDCDABACADABABADADCCACCCABBCACDDACBC,,,1,567,,,,,L_T1_Kan___pat00001,,,,,,,,
154020,70,,,,,,,,,22,12,11,355153223133353113212311232251151007121322153355321553230000355133210000,,00000569,,,,,,,,36,31,0,6,6,569,,211111111233533325512253311522155335211351122115513313332123315531322212,BAAAAAAAABCCDCCCBDDABBDCCAADBBADDCCDBAACDAABBAADDACCACCCBABCCADDCACBBBAB,ABAAAAAAABCCCDCCBDADBBCDACADBBADCDCDABACADABABADADCCACCCABBCACDDACBCBBAB,,,1,569,,,,,L_T1_GTR___standard,,,,,L_T1_GTR03_33000001/R_T1_GTR03_22110002,,,,31,32,22,335221131500355321335500232255513007121331210000321552131000355112133230,,00000567,,,,,,,,34,29,0,5,5,567,,21111111123353332551225331152215533521135112211551331333212331553132,BAAAAAAAABCCDCCCBDDABBDCCAADBBADDCCDBAACDAABBAADDACCACCCBABCCADDCACB,ABAAAAAAABCCCDCCBDADBBCDACADBBADCDCDABACADABABADADCCACCCABBCACDDACBC,,,1,567,,,,,L_T1_Kan___pat00001,,,,,,,,
154027,71,,,,,,,,,22,12,11,355153223133353113212311232251151007121322153355321553230000355133210000,,00000569,,,,,,,,36,31,0,6,6,569,,211111111233533325512253311522155335211351122115513313332123315531322212,BAAAAAAAABCCDCCCBDDABBDCCAADBBADDCCDBAACDAABBAADDACCACCCBABCCADDCACBBBAB,ABAAAAAAABCCCDCCBDADBBCDACADBBADCDCDABACADABABADADCCACCCABBCACDDACBCBBAB,,,1,569,,,,,L_T1_GTR___standard,,,,,L_T1_GTR03_33000001/R_T1_GTR03_22110002,,,,32,22,12,335221131500355321335500232255513007121331210000321552131000355112133233,,00000569,,,,,,,,35,30,0,2,2,569,,2111111112335333255122533115221553352113511221155133133321233155313222,BAAAAAAAABCCDCCCBDDABBDCCAADBBADDCCDBAACDAABBAADDACCACCCBABCCADDCACBBB,ABAAAAAAABCCCDCCBDADBBCDACADBBADCDCDABACADABABADADCCACCCABBCACDDACBCBB,,,1,569,,,,,L_T1_Kan___pat00001,,,,,,,,
154039,72,,,,,,,,,12,12,11,355153223133353113212311232251151007121322153355321553230000355133210000,,00000569,,,,,,,,37,32,0,0,0,569,,21111111123353332551225331152215533521135112211551331333212331553132221212,BAAAAAAAABCCDCCCBDDABBDCCAADBBADDCCDBAACDAABBAADDACCACCCBABCCADDCACBBBABAB,ABAAAAAAABCCCDCCBDADBBCDACADBBADCDCDABACADABABADADCCACCCABBCACDDACBCBBABAB,,,1,569,,,,,L_T1_GTR___standard,,,,,L_T1_GTR03_33000001/R_T1_GTR03_22110002,,,,32,22,12,335221131500355321335500232255513007121331210000321552131000355112133233,,00000569,,,,,,,,35,30,0,2,2,569,,2111111112335333255122533115221553352113511221155133133321233155313222,BAAAAAAAABCCDCCCBDDABBDCCAADBBADDCCDBAACDAABBAADDACCACCCBABCCADDCACBBB,ABAAAAAAABCCCDCCBDADBBCDACADBBADCDCDABACADABABADADCCACCCABBCACDDACBCBB,,,1,569,,,,,L_T1_Kan___pat00001,,,,,,,,
154066,73,,,,,,,,,12,12,11,355153223133353113212311232251151007121322153355321553230000355133210000,,00000569,,,,,,,,37,32,0,0,0,569,,21111111123353332551225331152215533521135112211551331333212331553132221212,BAAAAAAAABCCDCCCBDDABBDCCAADBBADDCCDBAACDAABBAADDACCACCCBABCCADDCACBBBABAB,ABAAAAAAABCCCDCCBDADBBCDACADBBADCDCDABACADABABADADCCACCCABBCACDDACBCBBABAB,,,1,569,,,,,L_T1_GTR___standard,,,,,L_T1_GTR03_33000001/R_T1_GTR03_22110002,,,,22,12,11,335221131500355321335500232255513007121331210000321552131230355112133233,,00000572,,,,,,,,36,31,0,3,3,572,,211111111233533325512253311522155335211351122115513313332123315531322212,BAAAAAAAABCCDCCCBDDABBDCCAADBBADDCCDBAACDAABBAADDACCACCCBABCCADDCACBBBAB,ABAAAAAAABCCCDCCBDADBBCDACADBBADCDCDABACADABABADADCCACCCABBCACDDACBCBBAB,,,1,572,,,,,L_T1_Kan___pat00001,,,,,,,,
154078,74,,,,,,,,,12,11,32,355153223133353113212311232251151007121322153355321553230000355133212200,,00000574,,,,,,,,38,33,0,5,5,574,,2111111112335333255122533115221553352113511221155133133321233155313222121211,BAAAAAAAABCCDCCCBDDABBDCCAADBBADDCCDBAACDAABBAADDACCACCCBABCCADDCACBBBABABAA,ABAAAAAAABCCCDCCBDADBBCDACADBBADCDCDABACADABABADADCCACCCABBCACDDACBCBBABABAA,,,1,574,,,,,L_T1_GTR___standard,,,,,L_T1_GTR03_33000001/R_T1_GTR03_22110002,,,,22,12,11,335221131500355321335500232255513007121331210000321552131230355112133233,,00000572,,,,,,,,36,31,0,3,3,572,,211111111233533325512253311522155335211351122115513313332123315531322212,BAAAAAAAABCCDCCCBDDABBDCCAADBBADDCCDBAACDAABBAADDACCACCCBABCCADDCACBBBAB,ABAAAAAAABCCCDCCBDADBBCDACADBBADCDCDABACADABABADADCCACCCABBCACDDACBCBBAB,,,1,572,,,,,L_T1_Kan___pat00001,,,,,,,,
154132,75,,,,,,,,,12,11,32,355153223133353113212311232251151007121322153355321553230000355133212200,,00000574,,,,,,,,38,33,0,5,5,574,,2111111112335333255122533115221553352113511221155133133321233155313222121211,BAAAAAAAABCCDCCCBDDABBDCCAADBBADDCCDBAACDAABBAADDACCACCCBABCCADDCACBBBABABAA,ABAAAAAAABCCCDCCBDADBBCDACADBBADCDCDABACADABABADADCCACCCABBCACDDACBCBBABABAA,,,1,574,,,,,L_T1_GTR___standard,,,,,L_T1_GTR03_33000001/R_T1_GTR03_22110002,,,,12,11,32,335221131500355321335500232255513207121331212000321552131230355112133233,,00000576,,,,,,,,37,32,0,4,4,576,,21111111123353332551225331152215533521135112211551331333212331553132221211,BAAAAAAAABCCDCCCBDDABBDCCAADBBADDCCDBAACDAABBAADDACCACCCBABCCADDCACBBBABAA,ABAAAAAAABCCCDCCBDADBBCDACADBBADCDCDABACADABABADADCCACCCABBCACDDACBCBBABAA,,,1,576,,,,,L_T1_Kan___pat00001,,,,,,,,
154200,76,,,,,,,,,12,11,32,355153223133353113212311232251151007121322153355321553230000355133212200,,00000574,,,,,,,,38,33,0,5,5,574,,2111111112335333255122533115221553352113511221155133133321233155313222121211,BAAAAAAAABCCDCCCBDDABBDCCAADBBADDCCDBAACDAABBAADDACCACCCBABCCADDCACBBBABABAA,ABAAAAAAABCCCDCCBDADBBCDACADBBADCDCDABACADABABADADCCACCCABBCACDDACBCBBABABAA,,,1,574,,,,,L_T1_GTR___standard,,,,,L_T1_GTR03_33000001/R_T1_GTR03_22110002,,,,11,32,22,335221131500355321335520232255513217121331212000321552131230355112133233,,00000578,,,,,,,,38,33,0,2,2,578,,2111111112335333255122533115221553352113511221155133133321233155313222121132,BAAAAAAAABCCDCCCBDDABBDCCAADBBADDCCDBAACDAABBAADDACCACCCBABCCADDCACBBBABAACB,ABAAAAAAABCCCDCCBDADBBCDACADBBADCDCDABACADABABADADCCACCCABBCACDDACBCBBABAABC,,,1,578,,,,,L_T1_Kan___pat00001,,,,,,,,
154202,77,,,,,,,,,11,32,22,355153223133353113212311232251151007121322153355321553230000355133212212,,00000574,,,,,,,,39,34,0,0,0,574,,211111111233533325512253311522155335211351122115513313332123315531322212121132,BAAAAAAAABCCDCCCBDDABBDCCAADBBADDCCDBAACDAABBAADDACCACCCBABCCADDCACBBBABABAACB,ABAAAAAAABCCCDCCBDADBBCDACADBBADCDCDABACADABABADADCCACCCABBCACDDACBCBBABABAABC,,,1,574,,,,,L_T1_GTR___standard,,,,,L_T1_GTR03_33000001/R_T1_GTR03_22110002,,,,11,32,22,335221131500355321335520232255513217121331212000321552131230355112133233,,00000578,,,,,,,,38,33,0,2,2,578,,2111111112335333255122533115221553352113511221155133133321233155313222121132,BAAAAAAAABCCDCCCBDDABBDCCAADBBADDCCDBAACDAABBAADDACCACCCBABCCADDCACBBBABAACB,ABAAAAAAABCCCDCCBDADBBCDACADBBADCDCDABACADABABADADCCACCCABBCACDDACBCBBABAABC,,,1,578,,,,,L_T1_Kan___pat00001,,,,,,,,
154236,78,,,,,,,,,11,32,22,355153223133353113212311232251151007121322153355321553230000355133212212,,00000574,,,,,,,,39,34,0,0,0,574,,211111111233533325512253311522155335211351122115513313332123315531322212121132,BAAAAAAAABCCDCCCBDDABBDCCAADBBADDCCDBAACDAABBAADDACCACCCBABCCADDCACBBBABABAACB,ABAAAAAAABCCCDCCBDADBBCDACADBBADCDCDABACADABABADADCCACCCABBCACDDACBCBBABABAABC,,,1,574,,,,,L_T1_GTR___standard,,,,,L_T1_GTR03_33000001/R_T1_GTR03_22110002,,,,32,22,11,335221131500355321335520232255513217121331212110321552131230355112133233,,00000582,,,,,,,,39,34,0,4,4,582,,211111111233533325512253311522155335211351122115513313332123315531322212113222,BAAAAAAAABCCDCCCBDDABBDCCAADBBADDCCDBAACDAABBAADDACCACCCBABCCADDCACBBBABAACBBB,ABAAAAAAABCCCDCCBDADBBCDACADBBADCDCDABACADABABADADCCACCCABBCACDDACBCBBABAABCBB,,,1,582,,,,,L_T1_Kan___pat00001,,,,,,,,
154301,79,,,,,,,,,32,22,11,355153223133353113212311232251151107121322153355321553230000355133212212,,00000575,,,,,,,,40,35,0,1,1,575,,21111111123353332551225331152215533521135112211551331333212331553132221212113222,BAAAAAAAABCCDCCCBDDABBDCCAADBBADDCCDBAACDAABBAADDACCACCCBABCCADDCACBBBABABAACBBB,ABAAAAAAABCCCDCCBDADBBCDACADBBADCDCDABACADABABADADCCACCCABBCACDDACBCBBABABAABCBB,,,1,575,,,,,L_T1_GTR___standard,,,,,L_T1_GTR03_33000001/R_T1_GTR03_22110002,,,,32,22,11,335221131500355321335520232255513217121331212110321552131230355112133233,,00000582,,,,,,,,39,34,0,4,4,582,,211111111233533325512253311522155335211351122115513313332123315531322212113222,BAAAAAAAABCCDCCCBDDABBDCCAADBBADDCCDBAACDAABBAADDACCACCCBABCCADDCACBBBABAACBBB,ABAAAAAAABCCCDCCBDADBBCDACADBBADCDCDABACADABABADADCCACCCABBCACDDACBCBBABAABCBB,,,1,582,,,,,L_T1_Kan___pat00001,,,,,,,,
154322,80,,,,,,,,,,22,11,355153223133353113212311232251151132121322153355321553230000355133212212,,00000578,,,,,lose,,,41,35,0,3,3,578,,21111111123353332551225331152215533521135112211551331333212331553132221212113222,BAAAAAAAABCCDCCCBDDABBDCCAADBBADDCCDBAACDAABBAADDACCACCCBABCCADDCACBBBABABAACBBB,ABAAAAAAABCCCDCCBDADBBCDACADBBADCDCDABACADABABADADCCACCCABBCACDDACBCBBABABAABCBB,,,1,578,,,,,L_T1_GTR___standard,,,,,L_T1_GTR03_33000001/R_T1_GTR03_22110002,,,,32,22,11,335221131500355321335520232255513217121331212110321552131230355112133233,,00000582,,,,,,,,39,34,0,4,4,582,,211111111233533325512253311522155335211351122115513313332123315531322212113222,BAAAAAAAABCCDCCCBDDABBDCCAADBBADDCCDBAACDAABBAADDACCACCCBABCCADDCACBBBABAACBBB,ABAAAAAAABCCCDCCBDADBBCDACADBBADCDCDABACADABABADADCCACCCABBCACDDACBCBBABAABCBB,,,1,582,,,,,L_T1_Kan___pat00001,,,,,,,,
154332,80,,,,,,,,,,22,11,355153223133353113212311232251151132121322153355321553230000355133212212,,00000578,,,,,lose,,,41,35,0,3,3,578,,21111111123353332551225331152215533521135112211551331333212331553132221212113222,BAAAAAAAABCCDCCCBDDABBDCCAADBBADDCCDBAACDAABBAADDACCACCCBABCCADDCACBBBABABAACBBB,ABAAAAAAABCCCDCCBDADBBCDACADBBADCDCDABACADABABADADCCACCCABBCACDDACBCBBABABAABCBB,,,1,578,,,,,L_T1_GTR___standard,,,,,L_T1_GTR03_33000001/R_T1_GTR03_22110002,,,,,22,11,335221131500355321335520232255513217121331212010321552130032355112133233,,00000583,,,,,win,,,40,34,0,1,1,583,,211111111233533325512253311522155335211351122115513313332123315531322212113222,BAAAAAAAABCCDCCCBDDABBDCCAADBBADDCCDBAACDAABBAADDACCACCCBABCCADDCACBBBABAACBBB,ABAAAAAAABCCCDCCBDADBBCDACADBBADCDCDABACADABABADADCCACCCABBCACDDACBCBBABAABCBB,,,1,583,,,,,L_T1_Kan___pat00001,,,,,,,,
