190240,0,,,,,,,,,,51,45,000000000000000000000000000000000007000000000000000000000000000000000000,000000,00000000,,,,,,,,0,0,0,0,0,0,,51,AB,AB,,,0,0,,,,,,,,,,,,,,,51,45,000000000000000000000000000000000007000000000000000000000000000000000000,000000,00000000,,,,,,,,0,0,0,0,0,0,,51,AB,AB,,,0,0,,,,,,,,,,,,,
190389,2,,,,,,,,,51,45,15,000000000000000000000000000000000007000000000000000000000000000000000000,,00000000,,,,,,,,1,1,0,0,0,0,,5145,ABCA,ABAC,,,0,0,,,,,,,,,,,,,,51,45,15,000000000000000000000000000000000007000000000000000000000000000000000000,,00000000,,,,,,,,1,1,0,0,0,0,,5145,ABCA,ABAC,,,0,0,,,,,,,,,,,,,
190441,3,,,,,,,,,51,45,15,000000000000000000000000000000000007000000000000000000000000000000000000,,00000000,,,,,,,,1,1,0,0,0,0,,5145,ABCA,ABAC,,,0,0,,,,,,,,,,,,,,45,15,41,000000000000500000000000100000000007000000000000000000000000000000000000,,00000013,,,,,,,,2,2,0,13,13,13,,514515,ABCABA,ABACAB,,,0,13,,,,,,,,,,,,,
190443,4,,,,,,,,,45,15,41,510000000000000000000000000000000007000000000000000000000000000000000000,,00000013,,,,,,,,2,2,0,13,13,13,,514515,ABCABA,ABACAB,,,0,13,,,,,,,,,,,,,,45,15,41,000000000000500000000000100000000007000000000000000000000000000000000000,,00000013,,,,,,,,2,2,0,13,13,13,,514515,ABCABA,ABACAB,,,0,13,,,,,,,,,,,,,
190494,6,,,,,,,,,15,41,12,510000000000500000000000400000000007000000000000000000000000000000000000,,00000026,,,,,,,,3,3,0,13,13,26,,51451541,ABCABACB,ABACABBC,,,0,26,,,,,,,,,,,,,,15,41,12,540000000000500000000000100000000007000000000000000000000000000000000000,,00000025,,,,,,,,3,3,0,12,12,25,,51451541,ABCABACB,ABACABBC,,,0,25,,,,,,,,,,,,,
190539,7,,,,,,,,,15,41,12,510000000000500000000000400000000007000000000000000000000000000000000000,,00000026,,,,,,,,3,3,0,13,13,26,,51451541,ABCABACB,ABACABBC,,,0,26,,,,,,,,,,,,,,41,12,12,540000000000500000000000151000000007000000000000000000000000000000000000,,00000036,,,,,,,,4,4,0,11,11,36,,5145154112,ABCABACBBD,ABACABBCBD,,,0,36,,,,,,,,,,L_T1_GTR03_31110001,,,
190544,8,,,,,,,,,41,12,12,510000000000510000000000450000000007000000000000000000000000000000000000,,00000038,,,,,,,,4,4,0,12,12,38,,5145154112,ABCABACBBD,ABACABBCBD,,,0,38,,,,,,,,,,,,,,41,12,12,540000000000500000000000151000000007000000000000000000000000000000000000,,00000036,,,,,,,,4,4,0,11,11,36,,5145154112,ABCABACBBD,ABACABBCBD,,,0,36,,,,,,,,,,L_T1_GTR03_31110001,,,
190593,9,,,,,,,,,12,12,15,510000000000510000000000450000000007140000000000000000000000000000000000,,00000050,,,,,,,,5,5,0,12,12,50,,514515411212,ABCABACBBDBD,ABACABBCBDBD,,,0,50,,,,,,,,,,L_T1_GTR03_32100001/L_T1_GTR03_22110001,,,,41,12,12,540000000000500000000000151000000007000000000000000000000000000000000000,,00000036,,,,,,,,4,4,0,11,11,36,,5145154112,ABCABACBBD,ABACABBCBD,,,0,36,,,,,,,,,,L_T1_GTR03_31110001,,,
190610,10,,,,,,,,,12,12,15,510000000000510000000000450000000007140000000000000000000000000000000000,,00000050,,,,,,,,5,5,0,12,12,50,,514515411212,ABCABACBBDBD,ABACABBCBDBD,,,0,50,,,,,,,,,,L_T1_GTR03_32100001/L_T1_GTR03_22110001,,,,12,12,15,540000000000540000000000151100000007000000000000000000000000000000000000,,00000046,,,,,,,,5,5,0,10,10,46,,514515411212,ABCABACBBDBD,ABACABBCBDBD,,,0,46,,,,,,,,,,,,,
190649,11,,,,,,,,,12,15,54,510000000000510000000000450000000007140000000000100000000000200000000000,,00000063,,,,,,,,6,6,0,13,13,63,,51451541121215,ABCABACBBDBDBA,ABACABBCBDBDAB,,,0,63,,,,,,,,,,,,,,12,12,15,540000000000540000000000151100000007000000000000000000000000000000000000,,00000046,,,,,,,,5,5,0,10,10,46,,514515411212,ABCABACBBDBD,ABACABBCBDBD,,,0,46,,,,,,,,,,,,,
190662,12,,,,,,,,,12,15,54,510000000000510000000000450000000007140000000000100000000000200000000000,,00000063,,,,,,,,6,6,0,13,13,63,,51451541121215,ABCABACBBDBDBA,ABACABBCBDBDAB,,,0,63,,,,,,,,,,,,,,12,15,54,540000000000540000000000151100000007000000000000210000000000000000000000,,00000058,,,,,,,,6,6,0,12,12,58,,51451541121215,ABCABACBBDBDBA,ABACABBCBDBDAB,,,0,58,,,,,,,,,,L_T1_GTR03_32100002,,,
190701,13,,,,,,,,,15,54,22,510000000000510000000000450000000007140000000000100000000000221000000000,,00000074,,,,,,,,7,7,0,11,11,74,,5145154112121554,ABCABACBBDBDBAAC,ABACABBCBDBDABAC,,,0,74,,,,,,,,,,,,,,12,15,54,540000000000540000000000151100000007000000000000210000000000000000000000,,00000058,,,,,,,,6,6,0,12,12,58,,51451541121215,ABCABACBBDBDBA,ABACABBCBDBDAB,,,0,58,,,,,,,,,,L_T1_GTR03_32100002,,,
190712,14,,,,,,,,,15,54,22,510000000000510000000000450000000007140000000000100000000000221000000000,,00000074,,,,,,,,7,7,0,11,11,74,,5145154112121554,ABCABACBBDBDBAAC,ABACABBCBDBDABAC,,,0,74,,,,,,,,,,,,,,15,54,22,540000000000540000000000151100000007210000000000210000000000000000000000,,00000070,,,,,,,,7,7,0,12,12,70,,5145154112121554,ABCABACBBDBDBAAC,ABACABBCBDBDABAC,,,0,70,,,,,,,,,,,,,
190752,15,,,,,,,,,54,22,54,511000000000515000000000450000000007140000000000100000000000221000000000,,00000085,,,,,,,,8,8,0,11,11,85,,514515411212155422,ABCABACBBDBDBAACDD,ABACABBCBDBDABACDD,,,0,85,,,,,L_T1_GTR___standard,,,,,L_T1_GTR03_33000001,,,,15,54,22,540000000000540000000000151100000007210000000000210000000000000000000000,,00000070,,,,,,,,7,7,0,12,12,70,,5145154112121554,ABCABACBBDBDBAAC,ABACABBCBDBDABAC,,,0,70,,,,,,,,,,,,,
190766,16,,,,,,,,,54,22,54,511000000000515000000000450000000007140000000000100000000000221000000000,,00000085,,,,,,,,8,8,0,11,11,85,,514515411212155422,ABCABACBBDBDBAACDD,ABACABBCBDBDABACDD,,,0,85,,,,,L_T1_GTR___standard,,,,,L_T1_GTR03_33000001,,,,54,22,54,540000000000540000000000151100000007210000000000210000000000510000000000,,00000082,,,,,,,,8,8,0,12,12,82,,514515411212155422,ABCABACBBDBDBAACDD,ABACABBCBDBDABACDD,,,0,82,,,,,,,,,,,,,
190795,17,,,,,,,,,22,54,41,511000000000515000000000454500000007140000000000100000000000221000000000,,00000095,,,,,,,,9,9,0,10,10,95,,51451541121215542254,ABCABACBBDBDBAACDDAC,ABACABBCBDBDABACDDAC,,,0,95,,,,,L_T1_GTR___standard,,,,,L_T1_GTR03_33000001,,,,54,22,54,540000000000540000000000151100000007210000000000210000000000510000000000,,00000082,,,,,,,,8,8,0,12,12,82,,514515411212155422,ABCABACBBDBDBAACDD,ABACABBCBDBDABACDD,,,0,82,,,,,,,,,,,,,
190813,18,,,,,,,,,22,54,41,511000000000515000000000454500000007140000000000100000000000221000000000,,00000095,,,,,,,,9,9,0,10,10,95,,51451541121215542254,ABCABACBBDBDBAACDDAC,ABACABBCBDBDABACDDAC,,,0,95,,,,,L_T1_GTR___standard,,,,,L_T1_GTR03_33000001,,,,22,54,41,544000000000545000000000151100000007210000000000210000000000510000000000,,00000093,,,,,,,,9,9,0,11,11,93,,51451541121215542254,ABCABACBBDBDBAACDDAC,ABACABBCBDBDABACDDAC,,,0,93,,,,,L_T1_GTR___standard,,,,,L_T1_GTR03_33000001,,,
190842,19,,,,,,,,,54,41,22,511200000000515200000000454500000007140000000000100000000000221000000000,,00000105,,,,,,,,10,10,0,10,10,105,,5145154112121554225441,ABCABACBBDBDBAACDDACCB,ABACABBCBDBDABACDDACBC,,,0,105,,,,,L_T1_GTR___standard,,,,,L_T1_GTR03_33000001,,,,22,54,41,544000000000545000000000151100000007210000000000210000000000510000000000,,00000093,,,,,,,,9,9,0,11,11,93,,51451541121215542254,ABCABACBBDBDBAACDDAC,ABACABBCBDBDABACDDAC,,,0,93,,,,,L_T1_GTR___standard,,,,,L_T1_GTR03_33000001,,,
190864,20,,,,,,,,,54,41,22,511200000000515200000000454500000007140000000000100000000000221000000000,,00000105,,,,,,,,10,10,0,10,10,105,,5145154112121554225441,ABCABACBBDBDBAACDDACCB,ABACABBCBDBDABACDDACBC,,,0,105,,,,,L_T1_GTR___standard,,,,,L_T1_GTR03_33000001,,,,54,41,22,544000000000545000000000151100000007210000000000212000000000512000000000,,00000104,,,,,,,,10,10,0,11,11,104,,5145154112121554225441,ABCABACBBDBDBAACDDACCB,ABACABBCBDBDABACDDACBC,,,0,104,,,,,L_T1_GTR___standard,,,,,L_T1_GTR03_33000001,,,
190884,21,,,,,,,,,41,22,22,511200000000515240000000454550000007140000000000100000000000221000000000,,00000114,,,,,,,,11,11,0,9,9,114,,514515411212155422544122,ABCABACBBDBDBAACDDACCBDD,ABACABBCBDBDABACDDACBCDD,,,0,114,,,,,L_T1_GTR___standard,,,,,L_T1_GTR03_33000001,,,,54,41,22,544000000000545000000000151100000007210000000000212000000000512000000000,,00000104,,,,,,,,10,10,0,11,11,104,,5145154112121554225441,ABCABACBBDBDBAACDDACCB,ABACABBCBDBDABACDDACBC,,,0,104,,,,,L_T1_GTR___standard,,,,,L_T1_GTR03_33000001,,,
190911,22,,,,,,,,,41,22,22,511200000000515240000000454550000007140000000000100000000000221000000000,,00000114,,,,,,,,11,11,0,9,9,114,,514515411212155422544122,ABCABACBBDBDBAACDDACCBDD,ABACABBCBDBDABACDDACBCDD,,,0,114,,,,,L_T1_GTR___standard,,,,,L_T1_GTR03_33000001,,,,41,22,22,544000000000545000000000151100000007215400000000212000000000512000000000,,00000115,,,,,,,,11,11,0,11,11,115,,514515411212155422544122,ABCABACBBDBDBAACDDACCBDD,ABACABBCBDBDABACDDACBCDD,,,0,115,,,,,L_T1_GTR___standard,,,,,L_T1_GTR03_33000001,,,
190958,24,,,,,,,,,22,22,51,511200000000515240000000454550000007140000000000140000000000221100000000,,00000124,,,,,,,,12,12,0,10,10,124,,51451541121215542254412222,ABCABACBBDBDBAACDDACCBDDDD,ABACABBCBDBDABACDDACBCDDDD,,,0,124,,,,,L_T1_GTR___standard,,,,,L_T1_GTR03_33000001,,,,22,22,51,544000000000545410000000151100000007215400000000212000000000512000000000,,00000125,,,,,,,,12,12,0,10,10,125,,51451541121215542254412222,ABCABACBBDBDBAACDDACCBDDDD,ABACABBCBDBDABACDDACBCDDDD,,,0,125,,,,,L_T1_GTR___standard/L_T1_GTR___mahara__,,,,,L_T1_GTR03_33000001,,,
191003,25,,,,,,,,,22,22,51,511200000000515240000000454550000007140000000000140000000000221100000000,,00000124,,,,,,,,12,12,0,10,10,124,,51451541121215542254412222,ABCABACBBDBDBAACDDACCBDDDD,ABACABBCBDBDABACDDACBCDDDD,,,0,124,,,,,L_T1_GTR___standard,,,,,L_T1_GTR03_33000001,,,,22,51,54,544220000000545410000000151100000007215400000000212000000000512000000000,,00000134,,,,,,,,13,13,0,9,9,134,,5145154112121554225441222251,ABCABACBBDBDBAACDDACCBDDDDAB,ABACABBCBDBDABACDDACBCDDDDAB,,,0,134,,,,,L_T1_GTR___standard/L_T1_GTR___mahara__,,,,,L_T1_GTR03_33000001,,,
191005,26,,,,,,,,,22,51,54,511200000000515240000000454550000007142000000000142000000000221100000000,,00000135,,,,,,,,13,13,0,11,11,135,,5145154112121554225441222251,ABCABACBBDBDBAACDDACCBDDDDAB,ABACABBCBDBDABACDDACBCDDDDAB,,,0,135,,,,,L_T1_GTR___standard,,,,,L_T1_GTR03_33000001,,,,22,51,54,544220000000545410000000151100000007215400000000212000000000512000000000,,00000134,,,,,,,,13,13,0,9,9,134,,5145154112121554225441222251,ABCABACBBDBDBAACDDACCBDDDDAB,ABACABBCBDBDABACDDACBCDDDDAB,,,0,134,,,,,L_T1_GTR___standard/L_T1_GTR___mahara__,,,,,L_T1_GTR03_33000001,,,
191046,27,,,,,,,,,22,51,54,511200000000515240000000454550000007142000000000142000000000221100000000,,00000135,,,,,,,,13,13,0,11,11,135,,5145154112121554225441222251,ABCABACBBDBDBAACDDACCBDDDDAB,ABACABBCBDBDABACDDACBCDDDDAB,,,0,135,,,,,L_T1_GTR___standard,,,,,L_T1_GTR03_33000001,,,,51,54,44,544220000000545410000000151100000007215422000000212000000000512000000000,,00000142,,,,,,,,14,14,0,8,8,142,,514515411212155422544122225154,ABCABACBBDBDBAACDDACCBDDDDABAC,ABACABBCBDBDABACDDACBCDDDDABAC,,,0,142,,,,,L_T1_GTR___standard/L_T1_GTR___mahara__,,,,,L_T1_GTR03_33000001,,,
191052,28,,,,,,,,,51,54,44,511200000000515240000000454550000007142000000000142000000000221122000000,,00000143,,,,,,,,14,14,0,8,8,143,,514515411212155422544122225154,ABCABACBBDBDBAACDDACCBDDDDABAC,ABACABBCBDBDABACDDACBCDDDDABAC,,,0,143,,,,,L_T1_GTR___standard,,,,,L_T1_GTR03_33000001,,,,51,54,44,544220000000545410000000151100000007215422000000212000000000512000000000,,00000142,,,,,,,,14,14,0,8,8,142,,514515411212155422544122225154,ABCABACBBDBDBAACDDACCBDDDDABAC,ABACABBCBDBDABACDDACBCDDDDABAC,,,0,142,,,,,L_T1_GTR___standard/L_T1_GTR___mahara__,,,,,L_T1_GTR03_33000001,,,
191097,29,,,,,,,,,54,44,11,511200000000515240000000454550000007142500000000142100000000221122000000,,00000153,,,,,,,,15,15,0,10,10,153,,51451541121215542254412222515444,ABCABACBBDBDBAACDDACCBDDDDABACCC,ABACABBCBDBDABACDDACBCDDDDABACCC,,,0,153,,,,,L_T1_GTR___standard,,,,,L_T1_GTR03_33000001,,,,51,54,44,544220000000545410000000151100000007215422000000212000000000512000000000,,00000142,,,,,,,,14,14,0,8,8,142,,514515411212155422544122225154,ABCABACBBDBDBAACDDACCBDDDDABAC,ABACABBCBDBDABACDDACBCDDDDABAC,,,0,142,,,,,L_T1_GTR___standard/L_T1_GTR___mahara__,,,,,L_T1_GTR03_33000001,,,
191106,30,,,,,,,,,54,44,11,511200000000515240000000454550000007142500000000142100000000221122000000,,00000153,,,,,,,,15,15,0,10,10,153,,51451541121215542254412222515444,ABCABACBBDBDBAACDDACCBDDDDABACCC,ABACABBCBDBDABACDDACBCDDDDABACCC,,,0,153,,,,,L_T1_GTR___standard,,,,,L_T1_GTR03_33000001,,,,54,44,11,544220000000545411000000151150000007215422000000212000000000512000000000,,00000150,,,,,,,,15,15,0,8,8,150,,51451541121215542254412222515444,ABCABACBBDBDBAACDDACCBDDDDABACCC,ABACABBCBDBDABACDDACBCDDDDABACCC,,,0,150,,,,,L_T1_GTR___standard/L_T1_GTR___mahara__,,,,,L_T1_GTR03_33000001,,,
191140,31,,,,,,,,,44,11,24,511200000000515245000000454554000007142500000000142100000000221122000000,,00000161,,,,,,,,16,16,0,8,8,161,,5145154112121554225441222251544411,ABCABACBBDBDBAACDDACCBDDDDABACCCBB,ABACABBCBDBDABACDDACBCDDDDABACCCBB,,,0,161,,,,,L_T1_GTR___standard,,,,,L_T1_GTR03_33000001,,,,54,44,11,544220000000545411000000151150000007215422000000212000000000512000000000,,00000150,,,,,,,,15,15,0,8,8,150,,51451541121215542254412222515444,ABCABACBBDBDBAACDDACCBDDDDABACCC,ABACABBCBDBDABACDDACBCDDDDABACCC,,,0,150,,,,,L_T1_GTR___standard/L_T1_GTR___mahara__,,,,,L_T1_GTR03_33000001,,,
191153,32,,,,,,,,,44,11,24,511200000000515245000000454554000007142500000000142100000000221122000000,,00000161,,,,,,,,16,16,0,8,8,161,,5145154112121554225441222251544411,ABCABACBBDBDBAACDDACCBDDDDABACCCBB,ABACABBCBDBDABACDDACBCDDDDABACCCBB,,,0,161,,,,,L_T1_GTR___standard,,,,,L_T1_GTR03_33000001,,,,44,11,24,544220000000545411000000151150000007215422000000212500000000512400000000,,00000160,,,,,,,,16,16,0,10,10,160,,5145154112121554225441222251544411,ABCABACBBDBDBAACDDACCBDDDDABACCCBB,ABACABBCBDBDABACDDACBCDDDDABACCCBB,,,0,160,,,,,L_T1_GTR___standard/L_T1_GTR___mahara__,,,,,L_T1_GTR03_33000001,,,
191184,33,,,,,,,,,11,24,52,511200000000515245000000454554000007142540000000142140000000221122000000,,00000170,,,,,,,,17,17,0,9,9,170,,514515411212155422544122225154441124,ABCABACBBDBDBAACDDACCBDDDDABACCCBBDC,ABACABBCBDBDABACDDACBCDDDDABACCCBBCD,,,0,170,,,,,L_T1_GTR___standard,,,,,L_T1_GTR03_33000001,,,,44,11,24,544220000000545411000000151150000007215422000000212500000000512400000000,,00000160,,,,,,,,16,16,0,10,10,160,,5145154112121554225441222251544411,ABCABACBBDBDBAACDDACCBDDDDABACCCBB,ABACABBCBDBDABACDDACBCDDDDABACCCBB,,,0,160,,,,,L_T1_GTR___standard/L_T1_GTR___mahara__,,,,,L_T1_GTR03_33000001,,,
191200,34,,,,,,,,,11,24,52,511200000000515245000000454554000007142540000000142140000000221122000000,,00000170,,,,,,,,17,17,0,9,9,170,,514515411212155422544122225154441124,ABCABACBBDBDBAACDDACCBDDDDABACCCBBDC,ABACABBCBDBDABACDDACBCDDDDABACCCBBCD,,,0,170,,,,,L_T1_GTR___standard,,,,,L_T1_GTR03_33000001,,,,11,24,52,544220000000545411000000151150000007215422000000212540000000512440000000,,00000169,,,,,,,,17,17,0,9,9,169,,514515411212155422544122225154441124,ABCABACBBDBDBAACDDACCBDDDDABACCCBBDC,ABACABBCBDBDABACDDACBCDDDDABACCCBBCD,,,0,169,,,,,L_T1_GTR___standard/L_T1_GTR___mahara__,,,,,L_T1_GTR03_33000001,,,
191226,35,,,,,,,,,24,52,55,511200000000515245000000454554000007142540000000142141100000221122000000,,00000178,,,,,,,,18,18,0,8,8,178,,51451541121215542254412222515444112452,ABCABACBBDBDBAACDDACCBDDDDABACCCBBDCAD,ABACABBCBDBDABACDDACBCDDDDABACCCBBCDAD,,,0,178,,,,,L_T1_GTR___standard,,,,,L_T1_GTR03_33000001,,,,11,24,52,544220000000545411000000151150000007215422000000212540000000512440000000,,00000169,,,,,,,,17,17,0,9,9,169,,514515411212155422544122225154441124,ABCABACBBDBDBAACDDACCBDDDDABACCCBBDC,ABACABBCBDBDABACDDACBCDDDDABACCCBBCD,,,0,169,,,,,L_T1_GTR___standard/L_T1_GTR___mahara__,,,,,L_T1_GTR03_33000001,,,
191242,36,,,,,,,,,24,52,55,511200000000515245000000454554000007142540000000142141100000221122000000,,00000178,,,,,,,,18,18,0,8,8,178,,51451541121215542254412222515444112452,ABCABACBBDBDBAACDDACCBDDDDABACCCBBDCAD,ABACABBCBDBDABACDDACBCDDDDABACCCBBCDAD,,,0,178,,,,,L_T1_GTR___standard,,,,,L_T1_GTR03_33000001,,,,24,52,55,544220000000545411000000151150000007215422000000212541100000512440000000,,00000176,,,,,,,,18,18,0,7,7,176,,51451541121215542254412222515444112452,ABCABACBBDBDBAACDDACCBDDDDABACCCBBDCAD,ABACABBCBDBDABACDDACBCDDDDABACCCBBCDAD,,,0,176,,,,,L_T1_GTR___standard/L_T1_GTR___mahara__,,,,,L_T1_GTR03_33000001,,,
191267,37,,,,,,,,,52,55,55,511200000000515245000000454554000007142542400000142141100000221122000000,,00000185,,,,,,,,19,19,0,7,7,185,,5145154112121554225441222251544411245255,ABCABACBBDBDBAACDDACCBDDDDABACCCBBDCADAA,ABACABBCBDBDABACDDACBCDDDDABACCCBBCDADAA,,,0,185,,,,,L_T1_GTR___standard,,,,,L_T1_GTR03_33000001,,,,24,52,55,544220000000545411000000151150000007215422000000212541100000512440000000,,00000176,,,,,,,,18,18,0,7,7,176,,51451541121215542254412222515444112452,ABCABACBBDBDBAACDDACCBDDDDABACCCBBDCAD,ABACABBCBDBDABACDDACBCDDDDABACCCBBCDAD,,,0,176,,,,,L_T1_GTR___standard/L_T1_GTR___mahara__,,,,,L_T1_GTR03_33000001,,,
191298,38,,,,,,,,,52,55,55,511200000000515245000000454554000007142542400000142141100000221122000000,,00000185,,,,,,,,19,19,0,7,7,185,,5145154112121554225441222251544411245255,ABCABACBBDBDBAACDDACCBDDDDABACCCBBDCADAA,ABACABBCBDBDABACDDACBCDDDDABACCCBBCDADAA,,,0,185,,,,,L_T1_GTR___standard,,,,,L_T1_GTR03_33000001,,,,52,55,55,544220000000545411000000151152000007215422400000212541100000512440000000,,00000183,,,,,,,,19,19,0,7,7,183,,5145154112121554225441222251544411245255,ABCABACBBDBDBAACDDACCBDDDDABACCCBBDCADAA,ABACABBCBDBDABACDDACBCDDDDABACCCBBCDADAA,,,0,183,,,,,L_T1_GTR___standard/L_T1_GTR___mahara__,,,,,L_T1_GTR03_33000001,,,
191327,39,,,,,,,,,55,55,22,511200000000515245000000454554000007142542400000142141120000221122500000,,00000191,,,,,,,,20,20,0,6,6,191,,514515411212155422544122225154441124525555,ABCABACBBDBDBAACDDACCBDDDDABACCCBBDCADAAAA,ABACABBCBDBDABACDDACBCDDDDABACCCBBCDADAAAA,,,0,191,,,,,L_T1_GTR___standard,,,,,L_T1_GTR03_33000001,,,,52,55,55,544220000000545411000000151152000007215422400000212541100000512440000000,,00000183,,,,,,,,19,19,0,7,7,183,,5145154112121554225441222251544411245255,ABCABACBBDBDBAACDDACCBDDDDABACCCBBDCADAA,ABACABBCBDBDABACDDACBCDDDDABACCCBBCDADAA,,,0,183,,,,,L_T1_GTR___standard/L_T1_GTR___mahara__,,,,,L_T1_GTR03_33000001,,,
191340,40,,,,,,,,,55,55,22,511200000000515245000000454554000007142542400000142141120000221122500000,,00000191,,,,,,,,20,20,0,6,6,191,,514515411212155422544122225154441124525555,ABCABACBBDBDBAACDDACCBDDDDABACCCBBDCADAAAA,ABACABBCBDBDABACDDACBCDDDDABACCCBBCDADAAAA,,,0,191,,,,,L_T1_GTR___standard,,,,,L_T1_GTR03_33000001,,,,55,55,22,544222500000545411000000151152000007215422400000212541100000512440000000,,00000190,,,,,,,,20,20,0,7,7,190,,514515411212155422544122225154441124525555,ABCABACBBDBDBAACDDACCBDDDDABACCCBBDCADAAAA,ABACABBCBDBDABACDDACBCDDDDABACCCBBCDADAAAA,,,0,190,,,,,L_T1_GTR___standard/L_T1_GTR___mahara__,,,,,L_T1_GTR03_33000001,,,
191368,41,,,,,,,,,55,22,12,511200000000515245000000454554000007142542400000142141120000221122555000,,00000196,,,,,,,,21,21,0,5,5,196,,51451541121215542254412222515444112452555522,ABCABACBBDBDBAACDDACCBDDDDABACCCBBDCADAAAADD,ABACABBCBDBDABACDDACBCDDDDABACCCBBCDADAAAADD,,,0,196,,,,,L_T1_GTR___standard,,,,,L_T1_GTR03_33000001,,,,55,55,22,544222500000545411000000151152000007215422400000212541100000512440000000,,00000190,,,,,,,,20,20,0,7,7,190,,514515411212155422544122225154441124525555,ABCABACBBDBDBAACDDACCBDDDDABACCCBBDCADAAAA,ABACABBCBDBDABACDDACBCDDDDABACCCBBCDADAAAA,,,0,190,,,,,L_T1_GTR___standard/L_T1_GTR___mahara__,,,,,L_T1_GTR03_33000001,,,
191383,42,,,,,,,,,55,22,12,511200000000515245000000454554000007142542400000142141120000221122555000,,00000196,,,,,,,,21,21,0,5,5,196,,51451541121215542254412222515444112452555522,ABCABACBBDBDBAACDDACCBDDDDABACCCBBDCADAAAADD,ABACABBCBDBDABACDDACBCDDDDABACCCBBCDADAAAADD,,,0,196,,,,,L_T1_GTR___standard,,,,,L_T1_GTR03_33000001,,,,55,22,12,544222500000545411000000151152000007215422400000212541100000512445500000,,00000197,,,,,,,,21,21,0,7,7,197,,51451541121215542254412222515444112452555522,ABCABACBBDBDBAACDDACCBDDDDABACCCBBDCADAAAADD,ABACABBCBDBDABACDDACBCDDDDABACCCBBCDADAAAADD,,,0,197,,,,,L_T1_GTR___standard/L_T1_GTR___mahara__,,,,,L_T1_GTR03_33000001,,,
191404,43,,,,,,,,,22,12,12,511200000000515245000000454554550007142542400000142141120000221122555000,,00000202,,,,,,,,22,22,0,6,6,202,,5145154112121554225441222251544411245255552212,ABCABACBBDBDBAACDDACCBDDDDABACCCBBDCADAAAADDBD,ABACABBCBDBDABACDDACBCDDDDABACCCBBCDADAAAADDBD,,,0,202,,,,,L_T1_GTR___standard,,,,,L_T1_GTR03_33000001,,,,55,22,12,544222500000545411000000151152000007215422400000212541100000512445500000,,00000197,,,,,,,,21,21,0,7,7,197,,51451541121215542254412222515444112452555522,ABCABACBBDBDBAACDDACCBDDDDABACCCBBDCADAAAADD,ABACABBCBDBDABACDDACBCDDDDABACCCBBCDADAAAADD,,,0,197,,,,,L_T1_GTR___standard/L_T1_GTR___mahara__,,,,,L_T1_GTR03_33000001,,,
191422,44,,,,,,,,,22,12,12,511200000000515245000000454554550007142542400000142141120000221122555000,,00000202,,,,,,,,22,22,0,6,6,202,,5145154112121554225441222251544411245255552212,ABCABACBBDBDBAACDDACCBDDDDABACCCBBDCADAAAADDBD,ABACABBCBDBDABACDDACBCDDDDABACCCBBCDADAAAADDBD,,,0,202,,,,,L_T1_GTR___standard,,,,,L_T1_GTR03_33000001,,,,22,12,12,544222500000545411500000151152500007215422400000212541100000512445500000,,00000204,,,,,,,,22,22,0,7,7,204,,5145154112121554225441222251544411245255552212,ABCABACBBDBDBAACDDACCBDDDDABACCCBBDCADAAAADDBD,ABACABBCBDBDABACDDACBCDDDDABACCCBBCDADAAAADDBD,,,0,204,,,,,L_T1_GTR___standard/L_T1_GTR___mahara__,,,,,L_T1_GTR03_33000001,,,
191445,45,,,,,,,,,,12,12,511222000000515245000000454554550007142542400000142141120000221122555000,,bb40abb1,,,,,,,,23,0,1,bb40abb1,40,242,,5145154112121554225441222251544411245255552212,ABCABACBBDBDBAACDDACCBDDDDABACCCBBDCADAAAADDBD,ABACABBCBDBDABACDDACBCDDDDABACCCBBCDADAAAADDBD,,,1,242,,,,,L_T1_GTR___standard,,,,,L_T1_GTR03_33000001,,,,22,12,12,544222500000545411500000151152500007215422400000212541100000512445500000,,00000204,,,,,,,,22,22,0,7,7,204,,5145154112121554225441222251544411245255552212,ABCABACBBDBDBAACDDACCBDDDDABACCCBBDCADAAAADDBD,ABACABBCBDBDABACDDACBCDDDDABACCCBBCDADAAAADDBD,,,0,204,,,,,L_T1_GTR___standard/L_T1_GTR___mahara__,,,,,L_T1_GTR03_33000001,,,
191466,46,,,,,,,,,,12,12,511222000000515245000000454554550007142542400000142141120000221122555000,,bb40abb1,,,,,,,,23,0,1,bb40abb1,40,242,,5145154112121554225441222251544411245255552212,ABCABACBBDBDBAACDDACCBDDDDABACCCBBDCADAAAADDBD,ABACABBCBDBDABACDDACBCDDDDABACCCBBCDADAAAADDBD,,,1,242,,,,,L_T1_GTR___standard,,,,,L_T1_GTR03_33000001,,,,12,12,44,544222522000545411500000151152500007215422400000212541100000512445500000,,00000209,,,,,,,,23,23,0,5,5,209,,514515411212155422544122225154441124525555221212,ABCABACBBDBDBAACDDACCBDDDDABACCCBBDCADAAAADDBDBD,ABACABBCBDBDABACDDACBCDDDDABACCCBBCDADAAAADDBDBD,,,0,209,,,,,L_T1_GTR___standard/L_T1_GTR___mahara__,,,,,L_T1_GTR03_33000001,,,
191506,47,,,,,,,,,,12,12,511222000000515245000000454554550007142542400000142141120000221122555000,,bb40abb1,,,,,,,,23,0,1,bb40abb1,40,242,,5145154112121554225441222251544411245255552212,ABCABACBBDBDBAACDDACCBDDDDABACCCBBDCADAAAADDBD,ABACABBCBDBDABACDDACBCDDDDABACCCBBCDADAAAADDBD,,,1,242,,,,,L_T1_GTR___standard,,,,,L_T1_GTR03_33000001,,,,12,44,45,544222522000545411510000151152520007215422400000212541100000512445500000,,00000215,,,,,,,,24,24,0,6,6,215,,51451541121215542254412222515444112452555522121244,ABCABACBBDBDBAACDDACCBDDDDABACCCBBDCADAAAADDBDBDCC,ABACABBCBDBDABACDDACBCDDDDABACCCBBCDADAAAADDBDBDCC,,,0,215,,,,,L_T1_GTR___standard/L_T1_GTR___mahara__,,,,,L_T1_GTR03_33000001,,,
191525,48,,,,,,,,,,12,12,511000000000515450000000454554550007142542400000142141120000221122555000,,bb40abb8,,,,,,,,24,0,2,bb40abb8,320,562,,5145154112121554225441222251544411245255552212,ABCABACBBDBDBAACDDACCBDDDDABACCCBBDCADAAAADDBD,ABACABBCBDBDABACDDACBCDDDDABACCCBBCDADAAAADDBD,,,2,562,,,,,L_T1_GTR___standard,,,,,L_T1_GTR03_33000001,,,,12,44,45,544222522000545411510000151152520007215422400000212541100000512445500000,,00000215,,,,,,,,24,24,0,6,6,215,,51451541121215542254412222515444112452555522121244,ABCABACBBDBDBAACDDACCBDDDDABACCCBBDCADAAAADDBDBDCC,ABACABBCBDBDABACDDACBCDDDDABACCCBBCDADAAAADDBDBDCC,,,0,215,,,,,L_T1_GTR___standard/L_T1_GTR___mahara__,,,,,L_T1_GTR03_33000001,,,
191542,49,,,,,,,,,,12,12,511000000000515450000000454554550007142542400000142141120000221122555000,,bb40abb8,,,,,,,,24,0,2,bb40abb8,320,562,,5145154112121554225441222251544411245255552212,ABCABACBBDBDBAACDDACCBDDDDABACCCBBDCADAAAADDBD,ABACABBCBDBDABACDDACBCDDDDABACCCBBCDADAAAADDBD,,,2,562,,,,,L_T1_GTR___standard,,,,,L_T1_GTR03_33000001,,,,44,45,12,544222522000545411511000151152522007215422400000212541100000512445500000,,00000220,,,,,,,,25,25,0,5,5,220,,5145154112121554225441222251544411245255552212124445,ABCABACBBDBDBAACDDACCBDDDDABACCCBBDCADAAAADDBDBDCCCA,ABACABBCBDBDABACDDACBCDDDDABACCCBBCDADAAAADDBDBDCCAC,,,0,220,,,,,L_T1_GTR___standard/L_T1_GTR___mahara__,,,,,L_T1_GTR03_33000001,,,
191582,50,,,,,,,,,,12,12,511000000000515450000000454554550007142542400000142141120000221122555000,,bb40abb8,,,,,,,,24,0,2,bb40abb8,320,562,,5145154112121554225441222251544411245255552212,ABCABACBBDBDBAACDDACCBDDDDABACCCBBDCADAAAADDBD,ABACABBCBDBDABACDDACBCDDDDABACCCBBCDADAAAADDBD,,,2,562,,,,,L_T1_GTR___standard,,,,,L_T1_GTR03_33000001,,,,45,12,24,544222522000545411511000151152522007215422444000212541100000512445500000,,00000225,,,,,,,,26,26,0,5,5,225,,514515411212155422544122225154441124525555221212444512,ABCABACBBDBDBAACDDACCBDDDDABACCCBBDCADAAAADDBDBDCCCABD,ABACABBCBDBDABACDDACBCDDDDABACCCBBCDADAAAADDBDBDCCACBD,,,0,225,,,,,L_T1_GTR___standard/L_T1_GTR___mahara__,,,,,L_T1_GTR03_33000001,,,
191606,51,,,,,,,,,,12,12,511000000000515450000000454554550007142542400000142141120000221122555000,,bb40abb8,,,,,,,,24,0,2,bb40abb8,320,562,,5145154112121554225441222251544411245255552212,ABCABACBBDBDBAACDDACCBDDDDABACCCBBDCADAAAADDBD,ABACABBCBDBDABACDDACBCDDDDABACCCBBCDADAAAADDBD,,,2,562,,,,,L_T1_GTR___standard,,,,,L_T1_GTR03_33000001,,,,,12,24,544222522000545411511000151152522007215422444450212541100000512445500000,,bb40abb1,,,,,,,,27,0,1,bb40abb1,40,265,,514515411212155422544122225154441124525555221212444512,ABCABACBBDBDBAACDDACCBDDDDABACCCBBDCADAAAADDBDBDCCCABD,ABACABBCBDBDABACDDACBCDDDDABACCCBBCDADAAAADDBDBDCCACBD,,,1,265,,,,,L_T1_GTR___standard/L_T1_GTR___mahara__,,,,,L_T1_GTR03_33000001,,,
191609,52,,,,,,,,,,12,12,511000000000515400000000454455000007142424000000142141120000221122555000,,bb40ab16,,,,,,,,25,0,3,bb40ab16,640,1202,,5145154112121554225441222251544411245255552212,ABCABACBBDBDBAACDDACCBDDDDABACCCBBDCADAAAADDBD,ABACABBCBDBDABACDDACBCDDDDABACCCBBCDADAAAADDBD,,,3,1202,,,,,L_T1_GTR___standard,,,,,L_T1_GTR03_33000001,,,,,12,24,544222522000545411511000151152522007215422444450212541100000512445500000,,bb40abb1,,,,,,,,27,0,1,bb40abb1,40,265,,514515411212155422544122225154441124525555221212444512,ABCABACBBDBDBAACDDACCBDDDDABACCCBBDCADAAAADDBDBDCCCABD,ABACABBCBDBDABACDDACBCDDDDABACCCBBCDADAAAADDBDBDCCACBD,,,1,265,,,,,L_T1_GTR___standard/L_T1_GTR___mahara__,,,,,L_T1_GTR03_33000001,,,
191691,53,,,,,,,,,,12,12,511000000000515000000000455500000007142240000000142141120000221122555000,,bb40ab32,,,,,,,,26,0,4,bb40ab32,1280,2482,,5145154112121554225441222251544411245255552212,ABCABACBBDBDBAACDDACCBDDDDABACCCBBDCADAAAADDBD,ABACABBCBDBDABACDDACBCDDDDABACCCBBCDADAAAADDBD,,,4,2482,,,,,,,,,,,,,,,12,24,544222522000545411511000151152522007215422444450212541100000512445500000,,bb40abb1,,,,,,,,27,0,1,bb40abb1,40,265,,514515411212155422544122225154441124525555221212444512,ABCABACBBDBDBAACDDACCBDDDDABACCCBBDCADAAAADDBDBDCCCABD,ABACABBCBDBDABACDDACBCDDDDABACCCBBCDADAAAADDBDBDCCACBD,,,1,265,,,,,L_T1_GTR___standard/L_T1_GTR___mahara__,,,,,L_T1_GTR03_33000001,,,
191692,54,,,,,,,,,,12,12,511000000000515000000000455500000007142240000000142141120000221122555000,,bb40ab32,,,,,,,,26,0,4,bb40ab32,1280,2482,,5145154112121554225441222251544411245255552212,ABCABACBBDBDBAACDDACCBDDDDABACCCBBDCADAAAADDBD,ABACABBCBDBDABACDDACBCDDDDABACCCBBCDADAAAADDBD,,,4,2482,,,,,,,,,,,,,,,12,24,544222522000545411511000151152522007215422500000212541100000512445500000,,bb40abb8,,,,,,,,28,0,2,bb40abb8,320,585,,514515411212155422544122225154441124525555221212444512,ABCABACBBDBDBAACDDACCBDDDDABACCCBBDCADAAAADDBDBDCCCABD,ABACABBCBDBDABACDDACBCDDDDABACCCBBCDADAAAADDBDBDCCACBD,,,2,585,,,,,L_T1_GTR___standard/L_T1_GTR___mahara__,,,,,L_T1_GTR03_33000001,,,
191756,55,,,,,,,,,12,12,44,511000000000510000000000400000000007142240000000142141120000221122555000,,00002490,,,,,,,,27,1,0,8,8,2490,,514515411212155422544122225154441124525555221212,ABCABACBBDBDBAACDDACCBDDDDABACCCBBDCADAAAADDBDBD,ABACABBCBDBDABACDDACBCDDDDABACCCBBCDADAAAADDBDBD,,,4,2490,,,,,,,,,,,,,,,12,24,544222522000545411511000151152522007215422500000212541100000512445500000,,bb40abb8,,,,,,,,28,0,2,bb40abb8,320,585,,514515411212155422544122225154441124525555221212444512,ABCABACBBDBDBAACDDACCBDDDDABACCCBBDCADAAAADDBDBDCCCABD,ABACABBCBDBDABACDDACBCDDDDABACCCBBCDADAAAADDBDBDCCACBD,,,2,585,,,,,L_T1_GTR___standard/L_T1_GTR___mahara__,,,,,L_T1_GTR03_33000001,,,
191773,56,,,,,,,,,12,12,44,511000000000510000000000400000000007142240000000142141120000221122555000,,00002490,,,,,,,,27,1,0,8,8,2490,,514515411212155422544122225154441124525555221212,ABCABACBBDBDBAACDDACCBDDDDABACCCBBDCADAAAADDBDBD,ABACABBCBDBDABACDDACBCDDDDABACCCBBCDADAAAADDBDBD,,,4,2490,,,,,,,,,,,,,,,12,24,544222220000545411110000151152220007215422000000212541100000512445500000,,b140ab23,,,,,,,,29,0,3,b140ab23,3220,3805,,514515411212155422544122225154441124525555221212444512,ABCABACBBDBDBAACDDACCBDDDDABACCCBBDCADAAAADDBDBDCCCABD,ABACABBCBDBDABACDDACBCDDDDABACCCBBCDADAAAADDBDBDCCACBD,,,3,3805,,,,,L_T1_GTR___standard/L_T1_GTR___mahara__,,,,,L_T1_GTR03_33000001,,,
191796,57,,,,,,,,,12,44,45,511000000000510000000000400000000007142242100000142141120000221122555000,,00002497,,,,,,,,28,2,0,7,7,2497,,51451541121215542254412222515444112452555522121244,ABCABACBBDBDBAACDDACCBDDDDABACCCBBDCADAAAADDBDBDCC,ABACABBCBDBDABACDDACBCDDDDABACCCBBCDADAAAADDBDBDCC,,,4,2497,,,,,,,,,,,,,,,12,24,544222220000545411110000151152220007215422000000212541100000512445500000,,b140ab23,,,,,,,,29,0,3,b140ab23,3220,3805,,514515411212155422544122225154441124525555221212444512,ABCABACBBDBDBAACDDACCBDDDDABACCCBBDCADAAAADDBDBDCCCABD,ABACABBCBDBDABACDDACBCDDDDABACCCBBCDADAAAADDBDBDCCACBD,,,3,3805,,,,,L_T1_GTR___standard/L_T1_GTR___mahara__,,,,,L_T1_GTR03_33000001,,,
191834,58,,,,,,,,,44,45,12,511000000000510000000000400000000007142242100000142141120000221122555120,,00002501,,,,,,,,29,3,0,4,4,2501,,5145154112121554225441222251544411245255552212124445,ABCABACBBDBDBAACDDACCBDDDDABACCCBBDCADAAAADDBDBDCCCA,ABACABBCBDBDABACDDACBCDDDDABACCCBBCDADAAAADDBDBDCCAC,,,4,2501,,,,,,,,,,,,,,,12,24,544222220000545411110000151152220007215422000000212541100000512445500000,,b140ab23,,,,,,,,29,0,3,b140ab23,3220,3805,,514515411212155422544122225154441124525555221212444512,ABCABACBBDBDBAACDDACCBDDDDABACCCBBDCADAAAADDBDBDCCCABD,ABACABBCBDBDABACDDACBCDDDDABACCCBBCDADAAAADDBDBDCCACBD,,,3,3805,,,,,L_T1_GTR___standard/L_T1_GTR___mahara__,,,,,L_T1_GTR03_33000001,,,
191835,59,,,,,,,,,44,45,12,511000000000510000000000400000000007142242100000142141120000221122555120,,00002501,,,,,,,,29,3,0,4,4,2501,,5145154112121554225441222251544411245255552212124445,ABCABACBBDBDBAACDDACCBDDDDABACCCBBDCADAAAADDBDBDCCCA,ABACABBCBDBDABACDDACBCDDDDABACCCBBCDADAAAADDBDBDCCAC,,,4,2501,,,,,,,,,,,,,,12,24,15,544000000000545400000000151150000007215400000000212541100000512445500000,,00003809,,,,,,,,30,1,0,4,4,3809,,51451541121215542254412222515444112452555522121244451224,ABCABACBBDBDBAACDDACCBDDDDABACCCBBDCADAAAADDBDBDCCCABDDC,ABACABBCBDBDABACDDACBCDDDDABACCCBBCDADAAAADDBDBDCCACBDCD,,,3,3809,,,,,L_T1_GTR___standard/L_T1_GTR___mahara__,,,,,L_T1_GTR03_33000001,,,
191897,60,,,,,,,,,44,45,12,511000000000510000000000400000000007142242100000142141120000221122555120,,00002501,,,,,,,,29,3,0,4,4,2501,,5145154112121554225441222251544411245255552212124445,ABCABACBBDBDBAACDDACCBDDDDABACCCBBDCADAAAADDBDBDCCCA,ABACABBCBDBDABACDDACBCDDDDABACCCBBCDADAAAADDBDBDCCAC,,,4,2501,,,,,,,,,,,,,,24,15,52,544000000000545400000000151152000007215410000000212541100000512445500000,,00003817,,,,,,,,31,2,0,8,8,3817,,5145154112121554225441222251544411245255552212124445122415,ABCABACBBDBDBAACDDACCBDDDDABACCCBBDCADAAAADDBDBDCCCABDDCBA,ABACABBCBDBDABACDDACBCDDDDABACCCBBCDADAAAADDBDBDCCACBDCDAB,,,3,3817,,,,,L_T1_GTR___standard/L_T1_GTR___mahara__,,,,,L_T1_GTR03_33000001,,,
191948,61,,,,,,,,,45,12,24,511666000000516666000000466600000007142242166600142141124466221122555126,,00002505,,,,,,,,30,4,0,4,4,2505,,514515411212155422544122225154441124525555221212444512,ABCABACBBDBDBAACDDACCBDDDDABACCCBBDCADAAAADDBDBDCCCABD,ABACABBCBDBDABACDDACBCDDDDABACCCBBCDADAAAADDBDBDCCACBD,,,4,2505,,,,,,,,,,,,,,24,15,52,544000000000545400000000151152000007215410000000212541100000512445500000,,00003817,,,,,,,,31,2,0,8,8,3817,,5145154112121554225441222251544411245255552212124445122415,ABCABACBBDBDBAACDDACCBDDDDABACCCBBDCADAAAADDBDBDCCCABDDCBA,ABACABBCBDBDABACDDACBCDDDDABACCCBBCDADAAAADDBDBDCCACBDCDAB,,,3,3817,,,,,L_T1_GTR___standard/L_T1_GTR___mahara__,,,,,L_T1_GTR03_33000001,,,
191959,62,,,,,,,,,45,12,24,511666000000516666000000466600000007142242166600142141124466221122555126,,00002505,,,,,,,,30,4,0,4,4,2505,,514515411212155422544122225154441124525555221212444512,ABCABACBBDBDBAACDDACCBDDDDABACCCBBDCADAAAADDBDBDCCCABD,ABACABBCBDBDABACDDACBCDDDDABACCCBBCDADAAAADDBDBDCCACBD,,,4,2505,,,,,,,,,,,,,,15,52,55,544000000000545400000000151152000007215412000000212541140000512445500000,,00003823,,,,,,,,32,3,0,6,6,3823,,514515411212155422544122225154441124525555221212444512241552,ABCABACBBDBDBAACDDACCBDDDDABACCCBBDCADAAAADDBDBDCCCABDDCBAAD,ABACABBCBDBDABACDDACBCDDDDABACCCBBCDADAAAADDBDBDCCACBDCDABAD,,,3,3823,,,,,L_T1_GTR___standard/L_T1_GTR___mahara__,,,,,L_T1_GTR03_33000001,,,
191990,63,,,,,,,,,12,24,15,511666000000516666000000466645000007142242166600142141124466221122555126,,00002514,,,,,,,,31,5,0,9,9,2514,,51451541121215542254412222515444112452555522121244451224,ABCABACBBDBDBAACDDACCBDDDDABACCCBBDCADAAAADDBDBDCCCABDDC,ABACABBCBDBDABACDDACBCDDDDABACCCBBCDADAAAADDBDBDCCACBDCD,,,4,2514,,,,,,,,,,,,,,15,52,55,544000000000545400000000151152000007215412000000212541140000512445500000,,00003823,,,,,,,,32,3,0,6,6,3823,,514515411212155422544122225154441124525555221212444512241552,ABCABACBBDBDBAACDDACCBDDDDABACCCBBDCADAAAADDBDBDCCCABDDCBAAD,ABACABBCBDBDABACDDACBCDDDDABACCCBBCDADAAAADDBDBDCCACBDCDABAD,,,3,3823,,,,,L_T1_GTR___standard/L_T1_GTR___mahara__,,,,,L_T1_GTR03_33000001,,,
192018,64,,,,,,,,,,24,15,511666000000516666000000466645120007142242166600142141124466221122555126,,bb40abb1,,,,,,,,32,0,1,bb40abb1,40,2554,,51451541121215542254412222515444112452555522121244451224,ABCABACBBDBDBAACDDACCBDDDDABACCCBBDCADAAAADDBDBDCCCABDDC,ABACABBCBDBDABACDDACBCDDDDABACCCBBCDADAAAADDBDBDCCACBDCD,,,4,2554,,,,,,,,,,,,,,15,52,55,544000000000545400000000151152000007215412000000212541140000512445500000,,00003823,,,,,,,,32,3,0,6,6,3823,,514515411212155422544122225154441124525555221212444512241552,ABCABACBBDBDBAACDDACCBDDDDABACCCBBDCADAAAADDBDBDCCCABDDCBAAD,ABACABBCBDBDABACDDACBCDDDDABACCCBBCDADAAAADDBDBDCCACBDCDABAD,,,3,3823,,,,,L_T1_GTR___standard/L_T1_GTR___mahara__,,,,,L_T1_GTR03_33000001,,,
192019,65,,,,,,,,,,24,15,511666000000516666000000466645120007142242166600142141124466221122555126,,bb40abb1,,,,,,,,32,0,1,bb40abb1,40,2554,,51451541121215542254412222515444112452555522121244451224,ABCABACBBDBDBAACDDACCBDDDDABACCCBBDCADAAAADDBDBDCCCABDDC,ABACABBCBDBDABACDDACBCDDDDABACCCBBCDADAAAADDBDBDCCACBDCD,,,4,2554,,,,,,,,,,,,,,52,55,41,544000000000545400000000151152000007215412100000212541145000512445500000,,00003828,,,,,,,,33,4,0,5,5,3828,,51451541121215542254412222515444112452555522121244451224155255,ABCABACBBDBDBAACDDACCBDDDDABACCCBBDCADAAAADDBDBDCCCABDDCBAADAA,ABACABBCBDBDABACDDACBCDDDDABACCCBBCDADAAAADDBDBDCCACBDCDABADAA,,,3,3828,,,,,L_T1_GTR___standard/L_T1_GTR___mahara__,,,,,L_T1_GTR03_33000001,,,
192064,66,,,,,,,,,,24,15,511666000000516666000000466645120007142242166600142141124466221122555126,,bb40abb1,,,,,,,,32,0,1,bb40abb1,40,2554,,51451541121215542254412222515444112452555522121244451224,ABCABACBBDBDBAACDDACCBDDDDABACCCBBDCADAAAADDBDBDCCCABDDC,ABACABBCBDBDABACDDACBCDDDDABACCCBBCDADAAAADDBDBDCCACBDCD,,,4,2554,,,,,,,,,,,,,,55,41,15,544000000000545425000000151152000007215412100000212541145000512445500000,,00003836,,,,,,,,34,5,0,8,8,3836,,5145154112121554225441222251544411245255552212124445122415525541,ABCABACBBDBDBAACDDACCBDDDDABACCCBBDCADAAAADDBDBDCCCABDDCBAADAACB,ABACABBCBDBDABACDDACBCDDDDABACCCBBCDADAAAADDBDBDCCACBDCDABADAABC,,,3,3836,,,,,L_T1_GTR___standard/L_T1_GTR___mahara__,,,,,L_T1_GTR03_33000001,,,
192101,67,,,,,,,,,,24,15,511666000000516666000000466645200007142242660000142142446660221122555126,,bb40abb8,,,,,,,,33,0,2,bb40abb8,320,2874,,51451541121215542254412222515444112452555522121244451224,ABCABACBBDBDBAACDDACCBDDDDABACCCBBDCADAAAADDBDBDCCCABDDC,ABACABBCBDBDABACDDACBCDDDDABACCCBBCDADAAAADDBDBDCCACBDCD,,,4,2874,,,,,,,,,,,,,,55,41,15,544000000000545425000000151152000007215412100000212541145000512445500000,,00003836,,,,,,,,34,5,0,8,8,3836,,5145154112121554225441222251544411245255552212124445122415525541,ABCABACBBDBDBAACDDACCBDDDDABACCCBBDCADAAAADDBDBDCCCABDDCBAADAACB,ABACABBCBDBDABACDDACBCDDDDABACCCBBCDADAAAADDBDBDCCACBDCDABADAABC,,,3,3836,,,,,L_T1_GTR___standard/L_T1_GTR___mahara__,,,,,L_T1_GTR03_33000001,,,
192102,68,,,,,,,,,,24,15,511666000000516666000000466645200007142242660000142142446660221122555126,,bb40abb8,,,,,,,,33,0,2,bb40abb8,320,2874,,51451541121215542254412222515444112452555522121244451224,ABCABACBBDBDBAACDDACCBDDDDABACCCBBDCADAAAADDBDBDCCCABDDC,ABACABBCBDBDABACDDACBCDDDDABACCCBBCDADAAAADDBDBDCCACBDCD,,,4,2874,,,,,,,,,,,,,,41,15,41,544000000000545425500000151152500007215412100000212541145000512445500000,,00003843,,,,,,,,35,6,0,7,7,3843,,514515411212155422544122225154441124525555221212444512241552554115,ABCABACBBDBDBAACDDACCBDDDDABACCCBBDCADAAAADDBDBDCCCABDDCBAADAACBBA,ABACABBCBDBDABACDDACBCDDDDABACCCBBCDADAAAADDBDBDCCACBDCDABADAABCAB,,,3,3843,,,,,L_T1_GTR___standard/L_T1_GTR___mahara__,,,,,L_T1_GTR03_33000001,,,
192140,69,,,,,,,,,,24,15,511666000000516666000000466645200007142242660000142142446660221122555126,,bb40abb8,,,,,,,,33,0,2,bb40abb8,320,2874,,51451541121215542254412222515444112452555522121244451224,ABCABACBBDBDBAACDDACCBDDDDABACCCBBDCADAAAADDBDBDCCCABDDC,ABACABBCBDBDABACDDACBCDDDDABACCCBBCDADAAAADDBDBDCCACBDCD,,,4,2874,,,,,,,,,,,,,,15,41,25,544000000000545425500000151152500007215412100000212541145410512445500000,,00003847,,,,,,,,36,7,0,4,4,3847,,51451541121215542254412222515444112452555522121244451224155255411541,ABCABACBBDBDBAACDDACCBDDDDABACCCBBDCADAAAADDBDBDCCCABDDCBAADAACBBACB,ABACABBCBDBDABACDDACBCDDDDABACCCBBCDADAAAADDBDBDCCACBDCDABADAABCABBC,,,3,3847,,,,,L_T1_GTR___standard/L_T1_GTR___mahara__,,,,,L_T1_GTR03_33000001,,,
192179,70,,,,,,,,,,24,15,511666000000516666000000466645200007142242660000142142446660221122555126,,bb40abb8,,,,,,,,33,0,2,bb40abb8,320,2874,,51451541121215542254412222515444112452555522121244451224,ABCABACBBDBDBAACDDACCBDDDDABACCCBBDCADAAAADDBDBDCCCABDDC,ABACABBCBDBDABACDDACBCDDDDABACCCBBCDADAAAADDBDBDCCACBDCD,,,4,2874,,,,,,,,,,,,,,41,25,45,544000000000545425500000151152500007215412100000212541145411512445500000,,00003849,,,,,,,,37,8,0,2,2,3849,,5145154112121554225441222251544411245255552212124445122415525541154125,ABCABACBBDBDBAACDDACCBDDDDABACCCBBDCADAAAADDBDBDCCCABDDCBAADAACBBACBDA,ABACABBCBDBDABACDDACBCDDDDABACCCBBCDADAAAADDBDBDCCACBDCDABADAABCABBCAD,,,3,3849,,,,,L_T1_GTR___standard/L_T1_GTR___mahara__,,,,,L_T1_GTR03_33000001,,,
192189,71,,,,,,,,,,24,15,511666000000516666000000466645200007142246000000142144466600221155512660,,bb50ab18,,,,,,,,34,0,3,bb50ab18,900,3774,,51451541121215542254412222515444112452555522121244451224,ABCABACBBDBDBAACDDACCBDDDDABACCCBBDCADAAAADDBDBDCCCABDDC,ABACABBCBDBDABACDDACBCDDDDABACCCBBCDADAAAADDBDBDCCACBDCD,,,4,3774,,,,,,,,,,,,,,41,25,45,544000000000545425500000151152500007215412100000212541145411512445500000,,00003849,,,,,,,,37,8,0,2,2,3849,,5145154112121554225441222251544411245255552212124445122415525541154125,ABCABACBBDBDBAACDDACCBDDDDABACCCBBDCADAAAADDBDBDCCCABDDCBAADAACBBACBDA,ABACABBCBDBDABACDDACBCDDDDABACCCBBCDADAAAADDBDBDCCACBDCDABADAABCABBCAD,,,3,3849,,,,,L_T1_GTR___standard/L_T1_GTR___mahara__,,,,,L_T1_GTR03_33000001,,,
192224,72,,,,,,,,,,24,15,511666000000516666000000466645200007142246000000142144466600221155512660,,bb50ab18,,,,,,,,34,0,3,bb50ab18,900,3774,,51451541121215542254412222515444112452555522121244451224,ABCABACBBDBDBAACDDACCBDDDDABACCCBBDCADAAAADDBDBDCCCABDDC,ABACABBCBDBDABACDDACBCDDDDABACCCBBCDADAAAADDBDBDCCACBDCD,,,4,3774,,,,,,,,,,,,,,25,45,44,544000000000545425500000151152500007215412141000212541145411512445500000,,00003855,,,,,,,,38,9,0,6,6,3855,,514515411212155422544122225154441124525555221212444512241552554115412545,ABCABACBBDBDBAACDDACCBDDDDABACCCBBDCADAAAADDBDBDCCCABDDCBAADAACBBACBDACA,ABACABBCBDBDABACDDACBCDDDDABACCCBBCDADAAAADDBDBDCCACBDCDABADAABCABBCADAC,,,3,3855,,,,,L_T1_GTR___standard/L_T1_GTR___mahara__,,,,,L_T1_GTR03_33000001,,,
192248,73,,,,,,,,,,24,15,511666000000516666000000466645200007142246000000142144466600221155512660,,bb50ab18,,,,,,,,34,0,3,bb50ab18,900,3774,,51451541121215542254412222515444112452555522121244451224,ABCABACBBDBDBAACDDACCBDDDDABACCCBBDCADAAAADDBDBDCCCABDDC,ABACABBCBDBDABACDDACBCDDDDABACCCBBCDADAAAADDBDBDCCACBDCD,,,4,3774,,,,,,,,,,,,,,,45,44,544000000000545425552000151152500007215412141000212541145411512445500000,,bb40abb1,,,,,,,,39,0,1,bb40abb1,40,3895,,514515411212155422544122225154441124525555221212444512241552554115412545,ABCABACBBDBDBAACDDACCBDDDDABACCCBBDCADAAAADDBDBDCCCABDDCBAADAACBBACBDACA,ABACABBCBDBDABACDDACBCDDDDABACCCBBCDADAAAADDBDBDCCACBDCDABADAABCABBCADAC,,,3,3895,,,,,L_T1_GTR___standard/L_T1_GTR___mahara__,,,,,L_T1_GTR03_33000001,,,
192282,74,,,,,,,,,24,15,52,511666000000516660000000466520000007142200000000142166000000221155512660,,00003781,,,,,,,,35,1,0,7,7,3781,,5145154112121554225441222251544411245255552212124445122415,ABCABACBBDBDBAACDDACCBDDDDABACCCBBDCADAAAADDBDBDCCCABDDCBA,ABACABBCBDBDABACDDACBCDDDDABACCCBBCDADAAAADDBDBDCCACBDCDAB,,,4,3781,,,,,,,,,,,,,,,45,44,544000000000545425552000151152500007215412141000212541145411512445500000,,bb40abb1,,,,,,,,39,0,1,bb40abb1,40,3895,,514515411212155422544122225154441124525555221212444512241552554115412545,ABCABACBBDBDBAACDDACCBDDDDABACCCBBDCADAAAADDBDBDCCCABDDCBAADAACBBACBDACA,ABACABBCBDBDABACDDACBCDDDDABACCCBBCDADAAAADDBDBDCCACBDCDABADAABCABBCADAC,,,3,3895,,,,,L_T1_GTR___standard/L_T1_GTR___mahara__,,,,,L_T1_GTR03_33000001,,,
192333,75,,,,,,,,,24,15,52,511666000000516660000000466520000007142200000000142166000000221155512660,,00003781,,,,,,,,35,1,0,7,7,3781,,5145154112121554225441222251544411245255552212124445122415,ABCABACBBDBDBAACDDACCBDDDDABACCCBBDCADAAAADDBDBDCCCABDDCBA,ABACABBCBDBDABACDDACBCDDDDABACCCBBCDADAAAADDBDBDCCACBDCDAB,,,4,3781,,,,,,,,,,,,,,,45,44,544000000000545422000000151152000007215412141000212541145411512445500000,,bb40abb8,,,,,,,,40,0,2,bb40abb8,320,4215,,514515411212155422544122225154441124525555221212444512241552554115412545,ABCABACBBDBDBAACDDACCBDDDDABACCCBBDCADAAAADDBDBDCCCABDDCBAADAACBBACBDACA,ABACABBCBDBDABACDDACBCDDDDABACCCBBCDADAAAADDBDBDCCACBDCDABADAABCABBCADAC,,,3,4215,,,,,L_T1_GTR___standard/L_T1_GTR___mahara__,,,,,L_T1_GTR03_33000001,,,
192340,76,,,,,,,,,15,52,55,511666000000516660000000466522000007142240000000142166000000221155512660,,00003789,,,,,,,,36,2,0,8,8,3789,,514515411212155422544122225154441124525555221212444512241552,ABCABACBBDBDBAACDDACCBDDDDABACCCBBDCADAAAADDBDBDCCCABDDCBAAD,ABACABBCBDBDABACDDACBCDDDDABACCCBBCDADAAAADDBDBDCCACBDCDABAD,,,4,3789,,,,,,,,,,,,,,,45,44,544000000000545422000000151152000007215412141000212541145411512445500000,,bb40abb8,,,,,,,,40,0,2,bb40abb8,320,4215,,514515411212155422544122225154441124525555221212444512241552554115412545,ABCABACBBDBDBAACDDACCBDDDDABACCCBBDCADAAAADDBDBDCCCABDDCBAADAACBBACBDACA,ABACABBCBDBDABACDDACBCDDDDABACCCBBCDADAAAADDBDBDCCACBDCDABADAABCABBCADAC,,,3,4215,,,,,L_T1_GTR___standard/L_T1_GTR___mahara__,,,,,L_T1_GTR03_33000001,,,
192401,77,,,,,,,,,52,55,41,511666000000516661000000466522500007142240000000142166000000221155512660,,00003796,,,,,,,,37,3,0,7,7,3796,,51451541121215542254412222515444112452555522121244451224155255,ABCABACBBDBDBAACDDACCBDDDDABACCCBBDCADAAAADDBDBDCCCABDDCBAADAA,ABACABBCBDBDABACDDACBCDDDDABACCCBBCDADAAAADDBDBDCCACBDCDABADAA,,,4,3796,,,,,,,,,,,,,,,45,44,544000000000545422000000151152000007215412141000212541145411512445500000,,bb40abb8,,,,,,,,40,0,2,bb40abb8,320,4215,,514515411212155422544122225154441124525555221212444512241552554115412545,ABCABACBBDBDBAACDDACCBDDDDABACCCBBDCADAAAADDBDBDCCCABDDCBAADAACBBACBDACA,ABACABBCBDBDABACDDACBCDDDDABACCCBBCDADAAAADDBDBDCCACBDCDABADAABCABBCADAC,,,3,4215,,,,,L_T1_GTR___standard/L_T1_GTR___mahara__,,,,,L_T1_GTR03_33000001,,,
192412,78,,,,,,,,,52,55,41,511666000000516661000000466522500007142240000000142166000000221155512660,,00003796,,,,,,,,37,3,0,7,7,3796,,51451541121215542254412222515444112452555522121244451224155255,ABCABACBBDBDBAACDDACCBDDDDABACCCBBDCADAAAADDBDBDCCCABDDCBAADAA,ABACABBCBDBDABACDDACBCDDDDABACCCBBCDADAAAADDBDBDCCACBDCDABADAA,,,4,3796,,,,,,,,,,,,,,,45,44,544000000000545400000000151150000007215411410000212541145411512445500000,,bb40ab16,,,,,,,,41,0,3,bb40ab16,640,4855,,514515411212155422544122225154441124525555221212444512241552554115412545,ABCABACBBDBDBAACDDACCBDDDDABACCCBBDCADAAAADDBDBDCCCABDDCBAADAACBBACBDACA,ABACABBCBDBDABACDDACBCDDDDABACCCBBCDADAAAADDBDBDCCACBDCDABADAABCABBCADAC,,,3,4855,,,,,L_T1_GTR___standard/L_T1_GTR___mahara__,,,,,L_T1_GTR03_33000001,,,
192444,79,,,,,,,,,55,41,15,511666000000516661000000466522500007142245200000142166000000221155512660,,00003804,,,,,,,,38,4,0,8,8,3804,,5145154112121554225441222251544411245255552212124445122415525541,ABCABACBBDBDBAACDDACCBDDDDABACCCBBDCADAAAADDBDBDCCCABDDCBAADAACB,ABACABBCBDBDABACDDACBCDDDDABACCCBBCDADAAAADDBDBDCCACBDCDABADAABC,,,4,3804,,,,,,,,,,,,,,,45,44,544000000000545400000000151150000007215411410000212541145411512445500000,,bb40ab16,,,,,,,,41,0,3,bb40ab16,640,4855,,514515411212155422544122225154441124525555221212444512241552554115412545,ABCABACBBDBDBAACDDACCBDDDDABACCCBBDCADAAAADDBDBDCCCABDDCBAADAACBBACBDACA,ABACABBCBDBDABACDDACBCDDDDABACCCBBCDADAAAADDBDBDCCACBDCDABADAABCABBCADAC,,,3,4855,,,,,L_T1_GTR___standard/L_T1_GTR___mahara__,,,,,L_T1_GTR03_33000001,,,
192478,80,,,,,,,,,41,15,41,511666000000516661000000466522555007142245200000142166000000221155512660,,00003809,,,,,,,,39,5,0,5,5,3809,,514515411212155422544122225154441124525555221212444512241552554115,ABCABACBBDBDBAACDDACCBDDDDABACCCBBDCADAAAADDBDBDCCCABDDCBAADAACBBA,ABACABBCBDBDABACDDACBCDDDDABACCCBBCDADAAAADDBDBDCCACBDCDABADAABCAB,,,4,3809,,,,,,,,,,,,,,,45,44,544000000000545400000000151150000007215411410000212541145411512445500000,,bb40ab16,,,,,,,,41,0,3,bb40ab16,640,4855,,514515411212155422544122225154441124525555221212444512241552554115412545,ABCABACBBDBDBAACDDACCBDDDDABACCCBBDCADAAAADDBDBDCCCABDDCBAADAACBBACBDACA,ABACABBCBDBDABACDDACBCDDDDABACCCBBCDADAAAADDBDBDCCACBDCDABADAABCABBCADAC,,,3,4855,,,,,L_T1_GTR___standard/L_T1_GTR___mahara__,,,,,L_T1_GTR03_33000001,,,
192495,81,,,,,,,,,41,15,41,511666000000516661000000466522555007142245200000142166000000221155512660,,00003809,,,,,,,,39,5,0,5,5,3809,,514515411212155422544122225154441124525555221212444512241552554115,ABCABACBBDBDBAACDDACCBDDDDABACCCBBDCADAAAADDBDBDCCCABDDCBAADAACBBA,ABACABBCBDBDABACDDACBCDDDDABACCCBBCDADAAAADDBDBDCCACBDCDABADAABCAB,,,4,3809,,,,,,,,,,,,,,,45,44,544000000000545400000000151150000007215441000000212544541150512445500000,,bb60ab35,,,,,,,,42,0,4,bb60ab35,2100,6955,,514515411212155422544122225154441124525555221212444512241552554115412545,ABCABACBBDBDBAACDDACCBDDDDABACCCBBDCADAAAADDBDBDCCCABDDCBAADAACBBACBDACA,ABACABBCBDBDABACDDACBCDDDDABACCCBBCDADAAAADDBDBDCCACBDCDABADAABCABBCADAC,,,4,6955,,,,,L_T1_GTR___standard/L_T1_GTR___mahara__,,,,,L_T1_GTR03_33000001,,,
192510,82,,,,,,,,,15,41,25,511666000000516661000000466522555417142245200000142166000000221155512660,,00003813,,,,,,,,40,6,0,4,4,3813,,51451541121215542254412222515444112452555522121244451224155255411541,ABCABACBBDBDBAACDDACCBDDDDABACCCBBDCADAAAADDBDBDCCCABDDCBAADAACBBACB,ABACABBCBDBDABACDDACBCDDDDABACCCBBCDADAAAADDBDBDCCACBDCDABADAABCABBC,,,4,3813,,,,,,,,,,,,,,,45,44,544000000000545400000000151150000007215441000000212544541150512445500000,,bb60ab35,,,,,,,,42,0,4,bb60ab35,2100,6955,,514515411212155422544122225154441124525555221212444512241552554115412545,ABCABACBBDBDBAACDDACCBDDDDABACCCBBDCADAAAADDBDBDCCCABDDCBAADAACBBACBDACA,ABACABBCBDBDABACDDACBCDDDDABACCCBBCDADAAAADDBDBDCCACBDCDABADAABCABBCADAC,,,4,6955,,,,,L_T1_GTR___standard/L_T1_GTR___mahara__,,,,,L_T1_GTR03_33000001,,,
192549,83,,,,,,,,,41,25,45,511666500000516661100000466522555417142245200000142166000000221155512660,,00003820,,,,,,,,41,7,0,7,7,3820,,5145154112121554225441222251544411245255552212124445122415525541154125,ABCABACBBDBDBAACDDACCBDDDDABACCCBBDCADAAAADDBDBDCCCABDDCBAADAACBBACBDA,ABACABBCBDBDABACDDACBCDDDDABACCCBBCDADAAAADDBDBDCCACBDCDABADAABCABBCAD,,,4,3820,,,,,,,,,,,,,,,45,44,544000000000545400000000151150000007215441000000212544541150512445500000,,bb60ab35,,,,,,,,42,0,4,bb60ab35,2100,6955,,514515411212155422544122225154441124525555221212444512241552554115412545,ABCABACBBDBDBAACDDACCBDDDDABACCCBBDCADAAAADDBDBDCCCABDDCBAADAACBBACBDACA,ABACABBCBDBDABACDDACBCDDDDABACCCBBCDADAAAADDBDBDCCACBDCDABADAABCABBCADAC,,,4,6955,,,,,L_T1_GTR___standard/L_T1_GTR___mahara__,,,,,L_T1_GTR03_33000001,,,
192577,84,,,,,,,,,41,25,45,511666500000516661100000466522555417142245200000142166000000221155512660,,00003820,,,,,,,,41,7,0,7,7,3820,,5145154112121554225441222251544411245255552212124445122415525541154125,ABCABACBBDBDBAACDDACCBDDDDABACCCBBDCADAAAADDBDBDCCCABDDCBAADAACBBACBDA,ABACABBCBDBDABACDDACBCDDDDABACCCBBCDADAAAADDBDBDCCACBDCDABADAABCABBCAD,,,4,3820,,,,,,,,,,,,,,,45,44,544000000000545400000000151150000007215100000000212554115000512550000000,,bb40ab64,,,,,,,,43,0,5,bb40ab64,2560,9515,,514515411212155422544122225154441124525555221212444512241552554115412545,ABCABACBBDBDBAACDDACCBDDDDABACCCBBDCADAAAADDBDBDCCCABDDCBAADAACBBACBDACA,ABACABBCBDBDABACDDACBCDDDDABACCCBBCDADAAAADDBDBDCCACBDCDABADAABCABBCADAC,,,5,9515,,,,,L_T1_GTR___standard/L_T1_GTR___mahara__,,,,,L_T1_GTR03_33000001,,,
192590,85,,,,,,,,,25,45,44,511666540000516661110000466522555410142245200000142166000000221155512660,,00003826,,,,,,,,42,8,0,6,6,3826,,514515411212155422544122225154441124525555221212444512241552554115412545,ABCABACBBDBDBAACDDACCBDDDDABACCCBBDCADAAAADDBDBDCCCABDDCBAADAACBBACBDACA,ABACABBCBDBDABACDDACBCDDDDABACCCBBCDADAAAADDBDBDCCACBDCDABADAABCABBCADAC,,,4,3826,,,,,,,,,,,,,,,45,44,544000000000545400000000151150000007215100000000212554115000512550000000,,bb40ab64,,,,,,,,43,0,5,bb40ab64,2560,9515,,514515411212155422544122225154441124525555221212444512241552554115412545,ABCABACBBDBDBAACDDACCBDDDDABACCCBBDCADAAAADDBDBDCCCABDDCBAADAACBBACBDACA,ABACABBCBDBDABACDDACBCDDDDABACCCBBCDADAAAADDBDBDCCACBDCDABADAABCABBCADAC,,,5,9515,,,,,L_T1_GTR___standard/L_T1_GTR___mahara__,,,,,L_T1_GTR03_33000001,,,
192637,86,,,,,,,,,,45,44,511666540000516661110000466522555410142245220000142166500000221155512660,,bb40abb1,,,,,,,,43,0,1,bb40abb1,40,3866,,514515411212155422544122225154441124525555221212444512241552554115412545,ABCABACBBDBDBAACDDACCBDDDDABACCCBBDCADAAAADDBDBDCCCABDDCBAADAACBBACBDACA,ABACABBCBDBDABACDDACBCDDDDABACCCBBCDADAAAADDBDBDCCACBDCDABADAABCABBCADAC,,,4,3866,,,,,,,,,,,,,,,45,44,544000000000545400000000151150000007215100000000212554115000512550000000,,bb40ab64,,,,,,,,43,0,5,bb40ab64,2560,9515,,514515411212155422544122225154441124525555221212444512241552554115412545,ABCABACBBDBDBAACDDACCBDDDDABACCCBBDCADAAAADDBDBDCCCABDDCBAADAACBBACBDACA,ABACABBCBDBDABACDDACBCDDDDABACCCBBCDADAAAADDBDBDCCACBDCDABADAABCABBCADAC,,,5,9515,,,,,L_T1_GTR___standard/L_T1_GTR___mahara__,,,,,L_T1_GTR03_33000001,,,
192670,87,,,,,,,,,,45,44,511666540000516661110000466522555410142245220000142166500000221155512660,,bb40abb1,,,,,,,,43,0,1,bb40abb1,40,3866,,514515411212155422544122225154441124525555221212444512241552554115412545,ABCABACBBDBDBAACDDACCBDDDDABACCCBBDCADAAAADDBDBDCCCABDDCBAADAACBBACBDACA,ABACABBCBDBDABACDDACBCDDDDABACCCBBCDADAAAADDBDBDCCACBDCDABADAABCABBCADAC,,,4,3866,,,,,,,,,,,,,,45,44,25,544000000000545400000000151150000007215100000000212411500000512000000000,,00009520,,,,,,,,44,1,0,5,5,9520,,51451541121215542254412222515444112452555522121244451224155255411541254544,ABCABACBBDBDBAACDDACCBDDDDABACCCBBDCADAAAADDBDBDCCCABDDCBAADAACBBACBDACACC,ABACABBCBDBDABACDDACBCDDDDABACCCBBCDADAAAADDBDBDCCACBDCDABADAABCABBCADACCC,,,5,9520,,,,,L_T1_GTR___standard/L_T1_GTR___mahara__,,,,,L_T1_GTR03_33000001,,,
192726,88,,,,,,,,,,45,44,511666540000516661110000466522555410142245220000142166500000221155512660,,bb40abb1,,,,,,,,43,0,1,bb40abb1,40,3866,,514515411212155422544122225154441124525555221212444512241552554115412545,ABCABACBBDBDBAACDDACCBDDDDABACCCBBDCADAAAADDBDBDCCCABDDCBAADAACBBACBDACA,ABACABBCBDBDABACDDACBCDDDDABACCCBBCDADAAAADDBDBDCCACBDCDABADAABCABBCADAC,,,4,3866,,,,,,,,,,,,,,44,25,21,544000000000545400000000151150000007215100000000212411500000512540000000,,00009529,,,,,,,,45,2,0,9,9,9529,,5145154112121554225441222251544411245255552212124445122415525541154125454425,ABCABACBBDBDBAACDDACCBDDDDABACCCBBDCADAAAADDBDBDCCCABDDCBAADAACBBACBDACACCDA,ABACABBCBDBDABACDDACBCDDDDABACCCBBCDADAAAADDBDBDCCACBDCDABADAABCABBCADACCCAD,,,5,9529,,,,,L_T1_GTR___standard/L_T1_GTR___mahara__,,,,,L_T1_GTR03_33000001,,,
192730,89,,,,,,,,,,45,44,511666540000516661110000466522555417142245220000142100000000221112660000,,bb40abb8,,,,,,,,44,0,2,bb40abb8,320,4186,,514515411212155422544122225154441124525555221212444512241552554115412545,ABCABACBBDBDBAACDDACCBDDDDABACCCBBDCADAAAADDBDBDCCCABDDCBAADAACBBACBDACA,ABACABBCBDBDABACDDACBCDDDDABACCCBBCDADAAAADDBDBDCCACBDCDABADAABCABBCADAC,,,4,4186,,,,,,,,,,,,,,44,25,21,544000000000545400000000151150000007215100000000212411500000512540000000,,00009529,,,,,,,,45,2,0,9,9,9529,,5145154112121554225441222251544411245255552212124445122415525541154125454425,ABCABACBBDBDBAACDDACCBDDDDABACCCBBDCADAAAADDBDBDCCCABDDCBAADAACBBACBDACACCDA,ABACABBCBDBDABACDDACBCDDDDABACCCBBCDADAAAADDBDBDCCACBDCDABADAABCABBCADACCCAD,,,5,9529,,,,,L_T1_GTR___standard/L_T1_GTR___mahara__,,,,,L_T1_GTR03_33000001,,,
192771,90,,,,,,,,,,45,44,511666540000516661110000466522555417142245220000142100000000221112660000,,bb40abb8,,,,,,,,44,0,2,bb40abb8,320,4186,,514515411212155422544122225154441124525555221212444512241552554115412545,ABCABACBBDBDBAACDDACCBDDDDABACCCBBDCADAAAADDBDBDCCCABDDCBAADAACBBACBDACA,ABACABBCBDBDABACDDACBCDDDDABACCCBBCDADAAAADDBDBDCCACBDCDABADAABCABBCADAC,,,4,4186,,,,,,,,,,,,,,25,21,55,544000000000545400000000151150000007215100000000212411500000512544400000,,00009536,,,,,,,,46,3,0,7,7,9536,,514515411212155422544122225154441124525555221212444512241552554115412545442521,ABCABACBBDBDBAACDDACCBDDDDABACCCBBDCADAAAADDBDBDCCCABDDCBAADAACBBACBDACACCDADB,ABACABBCBDBDABACDDACBCDDDDABACCCBBCDADAAAADDBDBDCCACBDCDABADAABCABBCADACCCADBD,,,5,9536,,,,,L_T1_GTR___standard/L_T1_GTR___mahara__,,,,,L_T1_GTR03_33000001,,,
192814,91,,,,,,,,,,45,44,511666540000516661110000466522555417142245220000142100000000221112660000,,bb40abb8,,,,,,,,44,0,2,bb40abb8,320,4186,,514515411212155422544122225154441124525555221212444512241552554115412545,ABCABACBBDBDBAACDDACCBDDDDABACCCBBDCADAAAADDBDBDCCCABDDCBAADAACBBACBDACA,ABACABBCBDBDABACDDACBCDDDDABACCCBBCDADAAAADDBDBDCCACBDCDABADAABCABBCADAC,,,4,4186,,,,,,,,,,,,,,21,55,51,544000000000545400000000151150000007215152000000212411500000512544400000,,00009544,,,,,,,,47,4,0,8,8,9544,,51451541121215542254412222515444112452555522121244451224155255411541254544252155,ABCABACBBDBDBAACDDACCBDDDDABACCCBBDCADAAAADDBDBDCCCABDDCBAADAACBBACBDACACCDADBAA,ABACABBCBDBDABACDDACBCDDDDABACCCBBCDADAAAADDBDBDCCACBDCDABADAABCABBCADACCCADBDAA,,,5,9544,,,,,L_T1_GTR___standard/L_T1_GTR___mahara__,,,,,L_T1_GTR03_33000001,,,
192815,92,,,,,,,,,,45,44,511666540000516661110000466522555417142245220000142000000000222660000000,,bb60ab19,,,,,,,,45,0,3,bb60ab19,1140,5326,,514515411212155422544122225154441124525555221212444512241552554115412545,ABCABACBBDBDBAACDDACCBDDDDABACCCBBDCADAAAADDBDBDCCCABDDCBAADAACBBACBDACA,ABACABBCBDBDABACDDACBCDDDDABACCCBBCDADAAAADDBDBDCCACBDCDABADAABCABBCADAC,,,4,5326,,,,,,,,,,,,,,21,55,51,544000000000545400000000151150000007215152000000212411500000512544400000,,00009544,,,,,,,,47,4,0,8,8,9544,,51451541121215542254412222515444112452555522121244451224155255411541254544252155,ABCABACBBDBDBAACDDACCBDDDDABACCCBBDCADAAAADDBDBDCCCABDDCBAADAACBBACBDACACCDADBAA,ABACABBCBDBDABACDDACBCDDDDABACCCBBCDADAAAADDBDBDCCACBDCDABADAABCABBCADACCCADBDAA,,,5,9544,,,,,L_T1_GTR___standard/L_T1_GTR___mahara__,,,,,L_T1_GTR03_33000001,,,
192872,93,,,,,,,,,,45,44,511666540000516661110000466522555417142245220000142000000000222660000000,,bb60ab19,,,,,,,,45,0,3,bb60ab19,1140,5326,,514515411212155422544122225154441124525555221212444512241552554115412545,ABCABACBBDBDBAACDDACCBDDDDABACCCBBDCADAAAADDBDBDCCCABDDCBAADAACBBACBDACA,ABACABBCBDBDABACDDACBCDDDDABACCCBBCDADAAAADDBDBDCCACBDCDABADAABCABBCADAC,,,4,5326,,,,,,,,,,,,,,55,51,52,544000000000545400000000151152000007215152100000212411500000512544400000,,00009551,,,,,,,,48,5,0,7,7,9551,,5145154112121554225441222251544411245255552212124445122415525541154125454425215551,ABCABACBBDBDBAACDDACCBDDDDABACCCBBDCADAAAADDBDBDCCCABDDCBAADAACBBACBDACACCDADBAAAB,ABACABBCBDBDABACDDACBCDDDDABACCCBBCDADAAAADDBDBDCCACBDCDABADAABCABBCADACCCADBDAAAB,,,5,9551,,,,,L_T1_GTR___standard/L_T1_GTR___mahara__,,,,,L_T1_GTR03_33000001,,,
192896,94,,,,,,,,,,45,44,511666540000516661110000465225554107144522000000140000000000600000000000,,bb40ab32,,,,,,,,46,0,4,bb40ab32,1280,6606,,514515411212155422544122225154441124525555221212444512241552554115412545,ABCABACBBDBDBAACDDACCBDDDDABACCCBBDCADAAAADDBDBDCCCABDDCBAADAACBBACBDACA,ABACABBCBDBDABACDDACBCDDDDABACCCBBCDADAAAADDBDBDCCACBDCDABADAABCABBCADAC,,,4,6606,,,,,,,,,,,,,,55,51,52,544000000000545400000000151152000007215152100000212411500000512544400000,,00009551,,,,,,,,48,5,0,7,7,9551,,5145154112121554225441222251544411245255552212124445122415525541154125454425215551,ABCABACBBDBDBAACDDACCBDDDDABACCCBBDCADAAAADDBDBDCCCABDDCBAADAACBBACBDACACCDADBAAAB,ABACABBCBDBDABACDDACBCDDDDABACCCBBCDADAAAADDBDBDCCACBDCDABADAABCABBCADACCCADBDAAAB,,,5,9551,,,,,L_T1_GTR___standard/L_T1_GTR___mahara__,,,,,L_T1_GTR03_33000001,,,
192908,95,,,,,,,,,,45,44,511666540000516661110000465225554107144522000000140000000000600000000000,,bb40ab32,,,,,,,,46,0,4,bb40ab32,1280,6606,,514515411212155422544122225154441124525555221212444512241552554115412545,ABCABACBBDBDBAACDDACCBDDDDABACCCBBDCADAAAADDBDBDCCCABDDCBAADAACBBACBDACA,ABACABBCBDBDABACDDACBCDDDDABACCCBBCDADAAAADDBDBDCCACBDCDABADAABCABBCADAC,,,4,6606,,,,,,,,,,,,,,51,52,44,544000000000545400000000151152000007215152155000212411500000512544400000,,00009556,,,,,,,,49,6,0,5,5,9556,,514515411212155422544122225154441124525555221212444512241552554115412545442521555152,ABCABACBBDBDBAACDDACCBDDDDABACCCBBDCADAAAADDBDBDCCCABDDCBAADAACBBACBDACACCDADBAAABAD,ABACABBCBDBDABACDDACBCDDDDABACCCBBCDADAAAADDBDBDCCACBDCDABADAABCABBCADACCCADBDAAABAD,,,5,9556,,,,,L_T1_GTR___standard/L_T1_GTR___mahara__,,,,,L_T1_GTR03_33000001,,,
192942,96,,,,,,,,,,45,44,511666540000516661110000465225554107144522000000140000000000600000000000,,bb40ab32,,,,,,,,46,0,4,bb40ab32,1280,6606,,514515411212155422544122225154441124525555221212444512241552554115412545,ABCABACBBDBDBAACDDACCBDDDDABACCCBBDCADAAAADDBDBDCCCABDDCBAADAACBBACBDACA,ABACABBCBDBDABACDDACBCDDDDABACCCBBCDADAAAADDBDBDCCACBDCDABADAABCABBCADAC,,,4,6606,,,,,,,,,,,,,,52,44,54,544000000000545400000000151152000007215152155510212411500000512544400000,,00009560,,,,,,,,50,7,0,4,4,9560,,51451541121215542254412222515444112452555522121244451224155255411541254544252155515244,ABCABACBBDBDBAACDDACCBDDDDABACCCBBDCADAAAADDBDBDCCCABDDCBAADAACBBACBDACACCDADBAAABADCC,ABACABBCBDBDABACDDACBCDDDDABACCCBBCDADAAAADDBDBDCCACBDCDABADAABCABBCADACCCADBDAAABADCC,,,5,9560,,,,,L_T1_GTR___standard/L_T1_GTR___mahara__,,,,,L_T1_GTR03_33000001,,,
192979,97,,,,,,,,,,45,44,511666540000516111000000465555410007144500000000140000000000600000000000,,bb50ab66,,,,,,,,47,0,5,bb50ab66,3300,9906,,514515411212155422544122225154441124525555221212444512241552554115412545,ABCABACBBDBDBAACDDACCBDDDDABACCCBBDCADAAAADDBDBDCCCABDDCBAADAACBBACBDACA,ABACABBCBDBDABACDDACBCDDDDABACCCBBCDADAAAADDBDBDCCACBDCDABADAABCABBCADAC,,,5,9906,,,,,,,,,,,,,,52,44,54,544000000000545400000000151152000007215152155510212411500000512544400000,,00009560,,,,,,,,50,7,0,4,4,9560,,51451541121215542254412222515444112452555522121244451224155255411541254544252155515244,ABCABACBBDBDBAACDDACCBDDDDABACCCBBDCADAAAADDBDBDCCCABDDCBAADAACBBACBDACACCDADBAAABADCC,ABACABBCBDBDABACDDACBCDDDDABACCCBBCDADAAAADDBDBDCCACBDCDABADAABCABBCADACCCADBDAAABADCC,,,5,9560,,,,,L_T1_GTR___standard/L_T1_GTR___mahara__,,,,,L_T1_GTR03_33000001,,,
193016,98,,,,,,,,,,45,44,511666540000516111000000465555410007144500000000140000000000600000000000,,bb50ab66,,,,,,,,47,0,5,bb50ab66,3300,9906,,514515411212155422544122225154441124525555221212444512241552554115412545,ABCABACBBDBDBAACDDACCBDDDDABACCCBBDCADAAAADDBDBDCCCABDDCBAADAACBBACBDACA,ABACABBCBDBDABACDDACBCDDDDABACCCBBCDADAAAADDBDBDCCACBDCDABADAABCABBCADAC,,,5,9906,,,,,,,,,,,,,,44,54,14,544000000000545425000000151152000007215152155510212411500000512544400000,,00009567,,,,,,,,51,8,0,7,7,9567,,5145154112121554225441222251544411245255552212124445122415525541154125454425215551524454,ABCABACBBDBDBAACDDACCBDDDDABACCCBBDCADAAAADDBDBDCCCABDDCBAADAACBBACBDACACCDADBAAABADCCAC,ABACABBCBDBDABACDDACBCDDDDABACCCBBCDADAAAADDBDBDCCACBDCDABADAABCABBCADACCCADBDAAABADCCAC,,,5,9567,,,,,L_T1_GTR___standard/L_T1_GTR___mahara__,,,,,L_T1_GTR03_33000001,,,
193062,99,,,,,,,,,,45,44,511666540000516111000000465555410007144500000000140000000000600000000000,,bb50ab66,,,,,,,,47,0,5,bb50ab66,3300,9906,,514515411212155422544122225154441124525555221212444512241552554115412545,ABCABACBBDBDBAACDDACCBDDDDABACCCBBDCADAAAADDBDBDCCCABDDCBAADAACBBACBDACA,ABACABBCBDBDABACDDACBCDDDDABACCCBBCDADAAAADDBDBDCCACBDCDABADAABCABBCADAC,,,5,9906,,,,,,,,,,,,,,54,14,14,544000000000545425000000151152000007215152155510212411544000512544400000,,00009572,,,,,,,,52,9,0,5,5,9572,,514515411212155422544122225154441124525555221212444512241552554115412545442521555152445414,ABCABACBBDBDBAACDDACCBDDDDABACCCBBDCADAAAADDBDBDCCCABDDCBAADAACBBACBDACACCDADBAAABADCCACBC,ABACABBCBDBDABACDDACBCDDDDABACCCBBCDADAAAADDBDBDCCACBDCDABADAABCABBCADACCCADBDAAABADCCACBC,,,5,9572,,,,,L_T1_GTR___standard/L_T1_GTR___mahara__,,,,,L_T1_GTR03_33000001,,,
193067,100,,,,,,,,,,45,44,511666540000511110000000441000000007144000000000140000000000600000000000,,b120a105,,,,,,,,48,0,6,b120a105,12600,22506,,514515411212155422544122225154441124525555221212444512241552554115412545,ABCABACBBDBDBAACDDACCBDDDDABACCCBBDCADAAAADDBDBDCCCABDDCBAADAACBBACBDACA,ABACABBCBDBDABACDDACBCDDDDABACCCBBCDADAAAADDBDBDCCACBDCDABADAABCABBCADAC,,,6,22506,,,,,,,,,,,,,,54,14,14,544000000000545425000000151152000007215152155510212411544000512544400000,,00009572,,,,,,,,52,9,0,5,5,9572,,514515411212155422544122225154441124525555221212444512241552554115412545442521555152445414,ABCABACBBDBDBAACDDACCBDDDDABACCCBBDCADAAAADDBDBDCCCABDDCBAADAACBBACBDACACCDADBAAABADCCACBC,ABACABBCBDBDABACDDACBCDDDDABACCCBBCDADAAAADDBDBDCCACBDCDABADAABCABBCADACCCADBDAAABADCCACBC,,,5,9572,,,,,L_T1_GTR___standard/L_T1_GTR___mahara__,,,,,L_T1_GTR03_33000001,,,
193103,101,,,,,,,,,,45,44,511666540000511110000000441000000007144000000000140000000000600000000000,,b120a105,,,,,,,,48,0,6,b120a105,12600,22506,,514515411212155422544122225154441124525555221212444512241552554115412545,ABCABACBBDBDBAACDDACCBDDDDABACCCBBDCADAAAADDBDBDCCCABDDCBAADAACBBACBDACA,ABACABBCBDBDABACDDACBCDDDDABACCCBBCDADAAAADDBDBDCCACBDCDABADAABCABBCADAC,,,6,22506,,,,,,,,,,,,,,14,14,42,544000000000545425000000151152000007215152155510212411544450512544400000,,00009575,,,,,,,,53,10,0,3,3,9575,,51451541121215542254412222515444112452555522121244451224155255411541254544252155515244541414,ABCABACBBDBDBAACDDACCBDDDDABACCCBBDCADAAAADDBDBDCCCABDDCBAADAACBBACBDACACCDADBAAABADCCACBCBC,ABACABBCBDBDABACDDACBCDDDDABACCCBBCDADAAAADDBDBDCCACBDCDABADAABCABBCADACCCADBDAAABADCCACBCBC,,,5,9575,,,,,L_T1_GTR___standard/L_T1_GTR___mahara__,,,,,L_T1_GTR03_33000001,,,
193140,102,,,,,,,,,,45,44,511666540000511110000000441000000007144000000000140000000000600000000000,,b120a105,,,,,,,,48,0,6,b120a105,12600,22506,,514515411212155422544122225154441124525555221212444512241552554115412545,ABCABACBBDBDBAACDDACCBDDDDABACCCBBDCADAAAADDBDBDCCCABDDCBAADAACBBACBDACA,ABACABBCBDBDABACDDACBCDDDDABACCCBBCDADAAAADDBDBDCCACBDCDABADAABCABBCADAC,,,6,22506,,,,,,,,,,,,,,,14,42,544410000000545425000000151152000007215152155510212411544450512544400000,,bb50abb2,,,,,,,,54,0,1,bb50abb2,100,9675,,51451541121215542254412222515444112452555522121244451224155255411541254544252155515244541414,ABCABACBBDBDBAACDDACCBDDDDABACCCBBDCADAAAADDBDBDCCCABDDCBAADAACBBACBDACACCDADBAAABADCCACBCBC,ABACABBCBDBDABACDDACBCDDDDABACCCBBCDADAAAADDBDBDCCACBDCDABADAABCABBCADACCCADBDAAABADCCACBCBC,,,5,9675,,,,,,,,,,,,,
193164,103,,,,,,,,,45,44,25,565400000000500000000000000000000007100000000000100000000000600000000000,,00022512,,,,,,,,49,1,0,6,6,22512,,51451541121215542254412222515444112452555522121244451224155255411541254544,ABCABACBBDBDBAACDDACCBDDDDABACCCBBDCADAAAADDBDBDCCCABDDCBAADAACBBACBDACACC,ABACABBCBDBDABACDDACBCDDDDABACCCBBCDADAAAADDBDBDCCACBDCDABADAABCABBCADACCC,,,6,22512,,,,,,,,,,,,,,,14,42,544410000000545425000000151152000007215152155510212411544450512544400000,,bb50abb2,,,,,,,,54,0,1,bb50abb2,100,9675,,51451541121215542254412222515444112452555522121244451224155255411541254544252155515244541414,ABCABACBBDBDBAACDDACCBDDDDABACCCBBDCADAAAADDBDBDCCCABDDCBAADAACBBACBDACACCDADBAAABADCCACBCBC,ABACABBCBDBDABACDDACBCDDDDABACCCBBCDADAAAADDBDBDCCACBDCDABADAABCABBCADACCCADBDAAABADCCACBCBC,,,5,9675,,,,,,,,,,,,,
193211,104,,,,,,,,,44,25,21,565400000000500000000000540000000007100000000000100000000000600000000000,,00022524,,,,,,,,50,2,0,12,12,22524,,5145154112121554225441222251544411245255552212124445122415525541154125454425,ABCABACBBDBDBAACDDACCBDDDDABACCCBBDCADAAAADDBDBDCCCABDDCBAADAACBBACBDACACCDA,ABACABBCBDBDABACDDACBCDDDDABACCCBBCDADAAAADDBDBDCCACBDCDABADAABCABBCADACCCAD,,,6,22524,,,,,,,,,,,,,,,14,42,544410000000545425000000151152000007215152155510212411544450512544400000,,bb50abb2,,,,,,,,54,0,1,bb50abb2,100,9675,,51451541121215542254412222515444112452555522121244451224155255411541254544252155515244541414,ABCABACBBDBDBAACDDACCBDDDDABACCCBBDCADAAAADDBDBDCCCABDDCBAADAACBBACBDACACCDADBAAABADCCACBCBC,ABACABBCBDBDABACDDACBCDDDDABACCCBBCDADAAAADDBDBDCCACBDCDABADAABCABBCADACCCADBDAAABADCCACBCBC,,,5,9675,,,,,,,,,,,,,
193225,105,,,,,,,,,44,25,21,565400000000500000000000540000000007100000000000100000000000600000000000,,00022524,,,,,,,,50,2,0,12,12,22524,,5145154112121554225441222251544411245255552212124445122415525541154125454425,ABCABACBBDBDBAACDDACCBDDDDABACCCBBDCADAAAADDBDBDCCCABDDCBAADAACBBACBDACACCDA,ABACABBCBDBDABACDDACBCDDDDABACCCBBCDADAAAADDBDBDCCACBDCDABADAABCABBCADACCCAD,,,6,22524,,,,,,,,,,,,,,,14,42,510000000000552500000000151152000007215152155510212411544450512544400000,,bb40abb8,,,,,,,,55,0,2,bb40abb8,320,9995,,51451541121215542254412222515444112452555522121244451224155255411541254544252155515244541414,ABCABACBBDBDBAACDDACCBDDDDABACCCBBDCADAAAADDBDBDCCCABDDCBAADAACBBACBDACACCDADBAAABADCCACBCBC,ABACABBCBDBDABACDDACBCDDDDABACCCBBCDADAAAADDBDBDCCACBDCDABADAABCABBCADACCCADBDAAABADCCACBCBC,,,5,9995,,,,,,,,,,,,,
193260,106,,,,,,,,,25,21,55,565400000000544000000000540000000007100000000000100000000000600000000000,,00022535,,,,,,,,51,3,0,11,11,22535,,514515411212155422544122225154441124525555221212444512241552554115412545442521,ABCABACBBDBDBAACDDACCBDDDDABACCCBBDCADAAAADDBDBDCCCABDDCBAADAACBBACBDACACCDADB,ABACABBCBDBDABACDDACBCDDDDABACCCBBCDADAAAADDBDBDCCACBDCDABADAABCABBCADACCCADBD,,,6,22535,,,,,,,,,,,,,,,14,42,510000000000552500000000151152000007215152155510212411544450512544400000,,bb40abb8,,,,,,,,55,0,2,bb40abb8,320,9995,,51451541121215542254412222515444112452555522121244451224155255411541254544252155515244541414,ABCABACBBDBDBAACDDACCBDDDDABACCCBBDCADAAAADDBDBDCCCABDDCBAADAACBBACBDACACCDADBAAABADCCACBCBC,ABACABBCBDBDABACDDACBCDDDDABACCCBBCDADAAAADDBDBDCCACBDCDABADAABCABBCADACCCADBDAAABADCCACBCBC,,,5,9995,,,,,,,,,,,,,
193306,107,,,,,,,,,21,55,51,565400000000544250000000540000000007100000000000100000000000600000000000,,00022545,,,,,,,,52,4,0,10,10,22545,,51451541121215542254412222515444112452555522121244451224155255411541254544252155,ABCABACBBDBDBAACDDACCBDDDDABACCCBBDCADAAAADDBDBDCCCABDDCBAADAACBBACBDACACCDADBAA,ABACABBCBDBDABACDDACBCDDDDABACCCBBCDADAAAADDBDBDCCACBDCDABADAABCABBCADACCCADBDAA,,,6,22545,,,,,,,,,,,,,,,14,42,510000000000552500000000151152000007215152155510212411544450512544400000,,bb40abb8,,,,,,,,55,0,2,bb40abb8,320,9995,,51451541121215542254412222515444112452555522121244451224155255411541254544252155515244541414,ABCABACBBDBDBAACDDACCBDDDDABACCCBBDCADAAAADDBDBDCCCABDDCBAADAACBBACBDACACCDADBAAABADCCACBCBC,ABACABBCBDBDABACDDACBCDDDDABACCCBBCDADAAAADDBDBDCCACBDCDABADAABCABBCADACCCADBDAAABADCCACBCBC,,,5,9995,,,,,,,,,,,,,
193307,108,,,,,,,,,21,55,51,565400000000544250000000540000000007100000000000100000000000600000000000,,00022545,,,,,,,,52,4,0,10,10,22545,,51451541121215542254412222515444112452555522121244451224155255411541254544252155,ABCABACBBDBDBAACDDACCBDDDDABACCCBBDCADAAAADDBDBDCCCABDDCBAADAACBBACBDACACCDADBAA,ABACABBCBDBDABACDDACBCDDDDABACCCBBCDADAAAADDBDBDCCACBDCDABADAABCABBCADACCCADBDAA,,,6,22545,,,,,,,,,,,,,,,14,42,100000000000250000000000111520000007215152155510212411544450512544400000,,bb60ab19,,,,,,,,56,0,3,bb60ab19,1140,11135,,51451541121215542254412222515444112452555522121244451224155255411541254544252155515244541414,ABCABACBBDBDBAACDDACCBDDDDABACCCBBDCADAAAADDBDBDCCCABDDCBAADAACBBACBDACACCDADBAAABADCCACBCBC,ABACABBCBDBDABACDDACBCDDDDABACCCBBCDADAAAADDBDBDCCACBDCDABADAABCABBCADACCCADBDAAABADCCACBCBC,,,5,11135,,,,,,,,,,,,,
193350,109,,,,,,,,,55,51,52,565400000000544250000000541200000007100000000000100000000000600000000000,,00022555,,,,,,,,53,5,0,10,10,22555,,5145154112121554225441222251544411245255552212124445122415525541154125454425215551,ABCABACBBDBDBAACDDACCBDDDDABACCCBBDCADAAAADDBDBDCCCABDDCBAADAACBBACBDACACCDADBAAAB,ABACABBCBDBDABACDDACBCDDDDABACCCBBCDADAAAADDBDBDCCACBDCDABADAABCABBCADACCCADBDAAAB,,,6,22555,,,,,,,,,,,,,,,14,42,100000000000250000000000111520000007215152155510212411544450512544400000,,bb60ab19,,,,,,,,56,0,3,bb60ab19,1140,11135,,51451541121215542254412222515444112452555522121244451224155255411541254544252155515244541414,ABCABACBBDBDBAACDDACCBDDDDABACCCBBDCADAAAADDBDBDCCCABDDCBAADAACBBACBDACACCDADBAAABADCCACBCBC,ABACABBCBDBDABACDDACBCDDDDABACCCBBCDADAAAADDBDBDCCACBDCDABADAABCABBCADACCCADBDAAABADCCACBCBC,,,5,11135,,,,,,,,,,,,,
193389,110,,,,,,,,,51,52,44,565400000000544255500000541200000007100000000000100000000000600000000000,,00022562,,,,,,,,54,6,0,7,7,22562,,514515411212155422544122225154441124525555221212444512241552554115412545442521555152,ABCABACBBDBDBAACDDACCBDDDDABACCCBBDCADAAAADDBDBDCCCABDDCBAADAACBBACBDACACCDADBAAABAD,ABACABBCBDBDABACDDACBCDDDDABACCCBBCDADAAAADDBDBDCCACBDCDABADAABCABBCADACCCADBDAAABAD,,,6,22562,,,,,,,,,,,,,,,14,42,100000000000250000000000111520000007215152155510212411544450512544400000,,bb60ab19,,,,,,,,56,0,3,bb60ab19,1140,11135,,51451541121215542254412222515444112452555522121244451224155255411541254544252155515244541414,ABCABACBBDBDBAACDDACCBDDDDABACCCBBDCADAAAADDBDBDCCCABDDCBAADAACBBACBDACACCDADBAAABADCCACBCBC,ABACABBCBDBDABACDDACBCDDDDABACCCBBCDADAAAADDBDBDCCACBDCDABADAABCABBCADACCCADBDAAABADCCACBCBC,,,5,11135,,,,,,,,,,,,,
193390,111,,,,,,,,,51,52,44,565400000000544255500000541200000007100000000000100000000000600000000000,,00022562,,,,,,,,54,6,0,7,7,22562,,514515411212155422544122225154441124525555221212444512241552554115412545442521555152,ABCABACBBDBDBAACDDACCBDDDDABACCCBBDCADAAAADDBDBDCCCABDDCBAADAACBBACBDACACCDADBAAABAD,ABACABBCBDBDABACDDACBCDDDDABACCCBBCDADAAAADDBDBDCCACBDCDABADAABCABBCADACCCADBDAAABAD,,,6,22562,,,,,,,,,,,,,,,14,42,100000000000250000000000520000000007251521555100224115444500525444000000,,bb40ab32,,,,,,,,57,0,4,bb40ab32,1280,12415,,51451541121215542254412222515444112452555522121244451224155255411541254544252155515244541414,ABCABACBBDBDBAACDDACCBDDDDABACCCBBDCADAAAADDBDBDCCCABDDCBAADAACBBACBDACACCDADBAAABADCCACBCBC,ABACABBCBDBDABACDDACBCDDDDABACCCBBCDADAAAADDBDBDCCACBDCDABADAABCABBCADACCCADBDAAABADCCACBCBC,,,5,12415,,,,,,,,,,,,,
193440,112,,,,,,,,,52,44,54,565400000000544255500000541200000007150000000000110000000000600000000000,,00022574,,,,,,,,55,7,0,12,12,22574,,51451541121215542254412222515444112452555522121244451224155255411541254544252155515244,ABCABACBBDBDBAACDDACCBDDDDABACCCBBDCADAAAADDBDBDCCCABDDCBAADAACBBACBDACACCDADBAAABADCC,ABACABBCBDBDABACDDACBCDDDDABACCCBBCDADAAAADDBDBDCCACBDCDABADAABCABBCADACCCADBDAAABADCC,,,6,22574,,,,,,,,,,,,,,,14,42,100000000000250000000000520000000007251521555100224115444500525444000000,,bb40ab32,,,,,,,,57,0,4,bb40ab32,1280,12415,,51451541121215542254412222515444112452555522121244451224155255411541254544252155515244541414,ABCABACBBDBDBAACDDACCBDDDDABACCCBBDCADAAAADDBDBDCCCABDDCBAADAACBBACBDACACCDADBAAABADCCACBCBC,ABACABBCBDBDABACDDACBCDDDDABACCCBBCDADAAAADDBDBDCCACBDCDABADAABCABBCADACCCADBDAAABADCCACBCBC,,,5,12415,,,,,,,,,,,,,
193473,113,,,,,,,,,52,44,54,565400000000544255500000541200000007150000000000110000000000600000000000,,00022574,,,,,,,,55,7,0,12,12,22574,,51451541121215542254412222515444112452555522121244451224155255411541254544252155515244,ABCABACBBDBDBAACDDACCBDDDDABACCCBBDCADAAAADDBDBDCCCABDDCBAADAACBBACBDACACCDADBAAABADCC,ABACABBCBDBDABACDDACBCDDDDABACCCBBCDADAAAADDBDBDCCACBDCDABADAABCABBCADACCCADBDAAABADCC,,,6,22574,,,,,,,,,,,,,,,14,42,100000000000250000000000520000000007515215551000411544450000554440000000,,b100ab70,,,,,,,,58,0,5,b100ab70,7000,19415,,51451541121215542254412222515444112452555522121244451224155255411541254544252155515244541414,ABCABACBBDBDBAACDDACCBDDDDABACCCBBDCADAAAADDBDBDCCCABDDCBAADAACBBACBDACACCDADBAAABADCCACBCBC,ABACABBCBDBDABACDDACBCDDDDABACCCBBCDADAAAADDBDBDCCACBDCDABADAABCABBCADACCCADBDAAABADCCACBCBC,,,5,19415,,,,,,,,,,,,,
193488,114,,,,,,,,,44,54,14,565400000000544255500000541200000007155200000000110000000000600000000000,,00022585,,,,,,,,56,8,0,11,11,22585,,5145154112121554225441222251544411245255552212124445122415525541154125454425215551524454,ABCABACBBDBDBAACDDACCBDDDDABACCCBBDCADAAAADDBDBDCCCABDDCBAADAACBBACBDACACCDADBAAABADCCAC,ABACABBCBDBDABACDDACBCDDDDABACCCBBCDADAAAADDBDBDCCACBDCDABADAABCABBCADACCCADBDAAABADCCAC,,,6,22585,,,,,,,,,,,,,,,14,42,100000000000250000000000520000000007515215551000411544450000554440000000,,b100ab70,,,,,,,,58,0,5,b100ab70,7000,19415,,51451541121215542254412222515444112452555522121244451224155255411541254544252155515244541414,ABCABACBBDBDBAACDDACCBDDDDABACCCBBDCADAAAADDBDBDCCCABDDCBAADAACBBACBDACACCDADBAAABADCCACBCBC,ABACABBCBDBDABACDDACBCDDDDABACCCBBCDADAAAADDBDBDCCACBDCDABADAABCABBCADACCCADBDAAABADCCACBCBC,,,5,19415,,,,,,,,,,,,,
193524,115,,,,,,,,,54,14,14,565400000000544255544000541200000007155200000000110000000000600000000000,,00022590,,,,,,,,57,9,0,5,5,22590,,514515411212155422544122225154441124525555221212444512241552554115412545442521555152445414,ABCABACBBDBDBAACDDACCBDDDDABACCCBBDCADAAAADDBDBDCCCABDDCBAADAACBBACBDACACCDADBAAABADCCACBC,ABACABBCBDBDABACDDACBCDDDDABACCCBBCDADAAAADDBDBDCCACBDCDABADAABCABBCADACCCADBDAAABADCCACBC,,,6,22590,,,,,,,,,,,,,,,14,42,100000000000250000000000520000000007515215551000411544450000554440000000,,b100ab70,,,,,,,,58,0,5,b100ab70,7000,19415,,51451541121215542254412222515444112452555522121244451224155255411541254544252155515244541414,ABCABACBBDBDBAACDDACCBDDDDABACCCBBDCADAAAADDBDBDCCCABDDCBAADAACBBACBDACACCDADBAAABADCCACBCBC,ABACABBCBDBDABACDDACBCDDDDABACCCBBCDADAAAADDBDBDCCACBDCDABADAABCABBCADACCCADBDAAABADCCACBCBC,,,5,19415,,,,,,,,,,,,,
193555,116,,,,,,,,,14,14,42,565400000000544255544450541200000007155200000000110000000000600000000000,,00022593,,,,,,,,58,10,0,3,3,22593,,51451541121215542254412222515444112452555522121244451224155255411541254544252155515244541414,ABCABACBBDBDBAACDDACCBDDDDABACCCBBDCADAAAADDBDBDCCCABDDCBAADAACBBACBDACACCDADBAAABADCCACBCBC,ABACABBCBDBDABACDDACBCDDDDABACCCBBCDADAAAADDBDBDCCACBDCDABADAABCABBCADACCCADBDAAABADCCACBCBC,,,6,22593,,,,,,,,,,,,,,,14,42,100000000000250000000000520000000007515215551000411544450000554440000000,,b100ab70,,,,,,,,58,0,5,b100ab70,7000,19415,,51451541121215542254412222515444112452555522121244451224155255411541254544252155515244541414,ABCABACBBDBDBAACDDACCBDDDDABACCCBBDCADAAAADDBDBDCCCABDDCBAADAACBBACBDACACCDADBAAABADCCACBCBC,ABACABBCBDBDABACDDACBCDDDDABACCCBBCDADAAAADDBDBDCCACBDCDABADAABCABBCADACCCADBDAAABADCCACBCBC,,,5,19415,,,,,,,,,,,,,
193598,117,,,,,,,,,14,42,22,565400000000544255544450541240000007155210000000110000000000600000000000,,00022602,,,,,,,,59,11,0,9,9,22602,,5145154112121554225441222251544411245255552212124445122415525541154125454425215551524454141442,ABCABACBBDBDBAACDDACCBDDDDABACCCBBDCADAAAADDBDBDCCCABDDCBAADAACBBACBDACACCDADBAAABADCCACBCBCCD,ABACABBCBDBDABACDDACBCDDDDABACCCBBCDADAAAADDBDBDCCACBDCDABADAABCABBCADACCCADBDAAABADCCACBCBCCD,,,6,22602,,,,,,,,,,,,,,,14,42,100000000000250000000000520000000007515215551000411544450000554440000000,,b100ab70,,,,,,,,58,0,5,b100ab70,7000,19415,,51451541121215542254412222515444112452555522121244451224155255411541254544252155515244541414,ABCABACBBDBDBAACDDACCBDDDDABACCCBBDCADAAAADDBDBDCCCABDDCBAADAACBBACBDACACCDADBAAABADCCACBCBC,ABACABBCBDBDABACDDACBCDDDDABACCCBBCDADAAAADDBDBDCCACBDCDABADAABCABBCADACCCADBDAAABADCCACBCBC,,,5,19415,,,,,,,,,,,,,
193638,118,,,,,,,,,42,22,25,565400000000544255544450541244000007155211000000110000000000600000000000,,00022610,,,,,,,,60,12,0,8,8,22610,,514515411212155422544122225154441124525555221212444512241552554115412545442521555152445414144222,ABCABACBBDBDBAACDDACCBDDDDABACCCBBDCADAAAADDBDBDCCCABDDCBAADAACBBACBDACACCDADBAAABADCCACBCBCCDDD,ABACABBCBDBDABACDDACBCDDDDABACCCBBCDADAAAADDBDBDCCACBDCDABADAABCABBCADACCCADBDAAABADCCACBCBCCDDD,,,6,22610,,,,,,,,,,,,,,,14,42,100000000000250000000000520000000007515215551000411544450000554440000000,,b100ab70,,,,,,,,58,0,5,b100ab70,7000,19415,,51451541121215542254412222515444112452555522121244451224155255411541254544252155515244541414,ABCABACBBDBDBAACDDACCBDDDDABACCCBBDCADAAAADDBDBDCCCABDDCBAADAACBBACBDACACCDADBAAABADCCACBCBC,ABACABBCBDBDABACDDACBCDDDDABACCCBBCDADAAAADDBDBDCCACBDCDABADAABCABBCADACCCADBDAAABADCCACBCBC,,,5,19415,,,,,,,,,,,,,
193652,119,,,,,,,,,42,22,25,565400000000544255544450541244000007155211000000110000000000600000000000,,00022610,,,,,,,,60,12,0,8,8,22610,,514515411212155422544122225154441124525555221212444512241552554115412545442521555152445414144222,ABCABACBBDBDBAACDDACCBDDDDABACCCBBDCADAAAADDBDBDCCCABDDCBAADAACBBACBDACACCDADBAAABADCCACBCBCCDDD,ABACABBCBDBDABACDDACBCDDDDABACCCBBCDADAAAADDBDBDCCACBDCDABADAABCABBCADACCCADBDAAABADCCACBCBCCDDD,,,6,22610,,,,,,,,,,,,,,14,42,22,166666000000256666600000526666600007515211666660411566666000556666600000,,00019424,,,,,,,,59,1,0,9,9,19424,,5145154112121554225441222251544411245255552212124445122415525541154125454425215551524454141442,ABCABACBBDBDBAACDDACCBDDDDABACCCBBDCADAAAADDBDBDCCCABDDCBAADAACBBACBDACACCDADBAAABADCCACBCBCCD,ABACABBCBDBDABACDDACBCDDDDABACCCBBCDADAAAADDBDBDCCACBDCDABADAABCABBCADACCCADBDAAABADCCACBCBCCD,,,5,19424,,,,,,,,,,,,,
193678,120,,,,,,,,,22,25,42,565400000000544255544452541244000007155211000000110000000000600000000000,,00022611,,,,,,,,61,13,0,1,1,22611,,51451541121215542254412222515444112452555522121244451224155255411541254544252155515244541414422225,ABCABACBBDBDBAACDDACCBDDDDABACCCBBDCADAAAADDBDBDCCCABDDCBAADAACBBACBDACACCDADBAAABADCCACBCBCCDDDDA,ABACABBCBDBDABACDDACBCDDDDABACCCBBCDADAAAADDBDBDCCACBDCDABADAABCABBCADACCCADBDAAABADCCACBCBCCDDDAD,,,6,22611,,,,,,,,,,,,,,14,42,22,166666000000256666600000526666600007515211666660411566666000556666600000,,00019424,,,,,,,,59,1,0,9,9,19424,,5145154112121554225441222251544411245255552212124445122415525541154125454425215551524454141442,ABCABACBBDBDBAACDDACCBDDDDABACCCBBDCADAAAADDBDBDCCCABDDCBAADAACBBACBDACACCDADBAAABADCCACBCBCCD,ABACABBCBDBDABACDDACBCDDDDABACCCBBCDADAAAADDBDBDCCACBDCDABADAABCABBCADACCCADBDAAABADCCACBCBCCD,,,5,19424,,,,,,,,,,,,,
193714,121,,,,,,,,,25,42,54,565400000000544255544452541244220007155211000000110000000000600000000000,,00022617,,,,,,,,62,14,0,6,6,22617,,5145154112121554225441222251544411245255552212124445122415525541154125454425215551524454141442222542,ABCABACBBDBDBAACDDACCBDDDDABACCCBBDCADAAAADDBDBDCCCABDDCBAADAACBBACBDACACCDADBAAABADCCACBCBCCDDDDACD,ABACABBCBDBDABACDDACBCDDDDABACCCBBCDADAAAADDBDBDCCACBDCDABADAABCABBCADACCCADBDAAABADCCACBCBCCDDDADCD,,,6,22617,,,,,,,,,,,,,,14,42,22,166666000000256666600000526666600007515211666660411566666000556666600000,,00019424,,,,,,,,59,1,0,9,9,19424,,5145154112121554225441222251544411245255552212124445122415525541154125454425215551524454141442,ABCABACBBDBDBAACDDACCBDDDDABACCCBBDCADAAAADDBDBDCCCABDDCBAADAACBBACBDACACCDADBAAABADCCACBCBCCD,ABACABBCBDBDABACDDACBCDDDDABACCCBBCDADAAAADDBDBDCCACBDCDABADAABCABBCADACCCADBDAAABADCCACBCBCCD,,,5,19424,,,,,,,,,,,,,
193748,123,,,,,,,,,25,42,54,565400000000544255544452541244220007155211000000110000000000600000000000,,00022617,,,,,,,,62,14,0,6,6,22617,,5145154112121554225441222251544411245255552212124445122415525541154125454425215551524454141442222542,ABCABACBBDBDBAACDDACCBDDDDABACCCBBDCADAAAADDBDBDCCCABDDCBAADAACBBACBDACACCDADBAAABADCCACBCBCCDDDDACD,ABACABBCBDBDABACDDACBCDDDDABACCCBBCDADAAAADDBDBDCCACBDCDABADAABCABBCADACCCADBDAAABADCCACBCBCCDDDADCD,,,6,22617,,,,,,,,,,,,,,,42,22,166666666660256666666666526666614666515211666666411566666666556666666666,,00019430,,,,,lose,,,60,1,0,6,6,19430,,5145154112121554225441222251544411245255552212124445122415525541154125454425215551524454141442,ABCABACBBDBDBAACDDACCBDDDDABACCCBBDCADAAAADDBDBDCCCABDDCBAADAACBBACBDACACCDADBAAABADCCACBCBCCD,ABACABBCBDBDABACDDACBCDDDDABACCCBBCDADAAAADDBDBDCCACBDCDABADAABCABBCADACCCADBDAAABADCCACBCBCCD,,,5,19430,,,,,,,,,,,,,
193752,122,,,,,,,,,42,54,11,565400000000544255544452541244220007155211520000110000000000600000000000,,00022623,,,,,,,,63,15,0,6,6,22623,,514515411212155422544122225154441124525555221212444512241552554115412545442521555152445414144222254254,ABCABACBBDBDBAACDDACCBDDDDABACCCBBDCADAAAADDBDBDCCCABDDCBAADAACBBACBDACACCDADBAAABADCCACBCBCCDDDDACDAC,ABACABBCBDBDABACDDACBCDDDDABACCCBBCDADAAAADDBDBDCCACBDCDABADAABCABBCADACCCADBDAAABADCCACBCBCCDDDADCDAC,,,6,22623,,,,,,,,,,,,,,,42,22,166666666660256666666666526666614666515211666666411566666666556666666666,,00019430,,,,,lose,,,60,1,0,6,6,19430,,5145154112121554225441222251544411245255552212124445122415525541154125454425215551524454141442,ABCABACBBDBDBAACDDACCBDDDDABACCCBBDCADAAAADDBDBDCCCABDDCBAADAACBBACBDACACCDADBAAABADCCACBCBCCD,ABACABBCBDBDABACDDACBCDDDDABACCCBBCDADAAAADDBDBDCCACBDCDABADAABCABBCADACCCADBDAAABADCCACBCBCCD,,,5,19430,,,,,,,,,,,,,
193759,123,,,,,,,,,,54,11,565400000000544255544452541244220042155211520000110000000000600000000000,,00022624,,,,,win,,,64,15,0,1,1,22624,,514515411212155422544122225154441124525555221212444512241552554115412545442521555152445414144222254254,ABCABACBBDBDBAACDDACCBDDDDABACCCBBDCADAAAADDBDBDCCCABDDCBAADAACBBACBDACACCDADBAAABADCCACBCBCCDDDDACDAC,ABACABBCBDBDABACDDACBCDDDDABACCCBBCDADAAAADDBDBDCCACBDCDABADAABCABBCADACCCADBDAAABADCCACBCBCCDDDADCDAC,,,6,22624,,,,,,,,,,,,,,,42,22,166666666660256666666666526666614666515211666666411566666666556666666666,,00019430,,,,,lose,,,60,1,0,6,6,19430,,5145154112121554225441222251544411245255552212124445122415525541154125454425215551524454141442,ABCABACBBDBDBAACDDACCBDDDDABACCCBBDCADAAAADDBDBDCCCABDDCBAADAACBBACBDACACCDADBAAABADCCACBCBCCD,ABACABBCBDBDABACDDACBCDDDDABACCCBBCDADAAAADDBDBDCCACBDCDABADAABCABBCADACCCADBDAAABADCCACBCBCCD,,,5,19430,,,,,,,,,,,,,
