187648,0,,,,,,,,,,21,12,000000000000000000000000000000000007000000000000000000000000000000000000,000000,00000000,,,,,,,,0,0,0,0,0,0,,21,AB,AB,,,0,0,,,,,,,,,,,,,,,21,12,000000000000000000000000000000000007000000000000000000000000000000000000,000000,00000000,,,,,,,,0,0,0,0,0,0,,21,AB,AB,,,0,0,,,,,,,,,,,,,
187800,2,,,,,,,,,21,12,42,000000000000000000000000000000000007000000000000000000000000000000000000,,00000000,,,,,,,,1,1,0,0,0,0,,2112,ABBA,ABAB,,,0,0,,,,,,,,,,,,,,21,12,42,000000000000000000000000000000000007000000000000000000000000000000000000,,00000000,,,,,,,,1,1,0,0,0,0,,2112,ABBA,ABAB,,,0,0,,,,,,,,,,,,,
187851,3,,,,,,,,,12,42,11,000000000000120000000000000000000007000000000000000000000000000000000000,,00000012,,,,,,,,2,2,0,12,12,12,,211242,ABBACA,ABABAC,,,0,12,,,,,,,,,,,,,,21,12,42,000000000000000000000000000000000007000000000000000000000000000000000000,,00000000,,,,,,,,1,1,0,0,0,0,,2112,ABBA,ABAB,,,0,0,,,,,,,,,,,,,
187853,4,,,,,,,,,12,42,11,000000000000120000000000000000000007000000000000000000000000000000000000,,00000012,,,,,,,,2,2,0,12,12,12,,211242,ABBACA,ABABAC,,,0,12,,,,,,,,,,,,,,12,42,11,210000000000000000000000000000000007000000000000000000000000000000000000,,00000013,,,,,,,,2,2,0,13,13,13,,211242,ABBACA,ABABAC,,,0,13,,,,,,,,,,,,,
187904,5,,,,,,,,,12,42,11,000000000000120000000000000000000007000000000000000000000000000000000000,,00000012,,,,,,,,2,2,0,12,12,12,,211242,ABBACA,ABABAC,,,0,12,,,,,,,,,,,,,,42,11,43,210000000000210000000000000000000007000000000000000000000000000000000000,,00000025,,,,,,,,3,3,0,12,12,25,,21124211,ABBACABB,ABABACBB,,,0,25,,,,,,,,,,,,,
187906,6,,,,,,,,,42,11,43,120000000000120000000000000000000007000000000000000000000000000000000000,,00000025,,,,,,,,3,3,0,13,13,25,,21124211,ABBACABB,ABABACBB,,,0,25,,,,,,,,,,,,,,42,11,43,210000000000210000000000000000000007000000000000000000000000000000000000,,00000025,,,,,,,,3,3,0,12,12,25,,21124211,ABBACABB,ABABACBB,,,0,25,,,,,,,,,,,,,
187954,8,,,,,,,,,11,43,44,122400000000120000000000000000000007000000000000000000000000000000000000,,00000035,,,,,,,,4,4,0,10,10,35,,2112421143,ABBACABBCD,ABABACBBCD,,,0,35,,,,,,,,,,,,,,11,43,44,210000000000210000000000420000000007000000000000000000000000000000000000,,00000038,,,,,,,,4,4,0,13,13,38,,2112421143,ABBACABBCD,ABABACBBCD,,,0,38,,,,,,,,,,,,,
188006,9,,,,,,,,,43,44,32,122400000000120000000000000000000007100000000000100000000000000000000000,,00000048,,,,,,,,5,5,0,13,13,48,,211242114344,ABBACABBCDCC,ABABACBBCDCC,,,0,48,,,,,,,,,,,,,,11,43,44,210000000000210000000000420000000007000000000000000000000000000000000000,,00000038,,,,,,,,4,4,0,13,13,38,,2112421143,ABBACABBCD,ABABACBBCD,,,0,38,,,,,,,,,,,,,
188008,10,,,,,,,,,43,44,32,122400000000120000000000000000000007100000000000100000000000000000000000,,00000048,,,,,,,,5,5,0,13,13,48,,211242114344,ABBACABBCDCC,ABABACBBCDCC,,,0,48,,,,,,,,,,,,,,43,44,32,210000000000210000000000420000000007000000000000100000000000100000000000,,00000051,,,,,,,,5,5,0,13,13,51,,211242114344,ABBACABBCDCC,ABABACBBCDCC,,,0,51,,,,,,,,,,,,,
188057,11,,,,,,,,,43,44,32,122400000000120000000000000000000007100000000000100000000000000000000000,,00000048,,,,,,,,5,5,0,13,13,48,,211242114344,ABBACABBCDCC,ABABACBBCDCC,,,0,48,,,,,,,,,,,,,,44,32,14,210000000000210000000000420000000007340000000000100000000000100000000000,,00000063,,,,,,,,6,6,0,12,12,63,,21124211434432,ABBACABBCDCCDA,ABABACBBCDCCAD,,,0,63,,,,,,,,,,L_T1_GTR03_32100001/L_T1_GTR03_22110001,,,
188060,12,,,,,,,,,44,32,14,122400000000120000000000000000000007100000000000100000000000340000000000,,00000060,,,,,,,,6,6,0,12,12,60,,21124211434432,ABBACABBCDCCDA,ABABACBBCDCCAD,,,0,60,,,,,,,,,,,,,,44,32,14,210000000000210000000000420000000007340000000000100000000000100000000000,,00000063,,,,,,,,6,6,0,12,12,63,,21124211434432,ABBACABBCDCCDA,ABABACBBCDCCAD,,,0,63,,,,,,,,,,L_T1_GTR03_32100001/L_T1_GTR03_22110001,,,
188110,14,,,,,,,,,32,14,22,122400000000120000000000000000000007140000000000140000000000340000000000,,00000072,,,,,,,,7,7,0,12,12,72,,2112421143443214,ABBACABBCDCCDABC,ABABACBBCDCCADBC,,,0,72,,,,,,,,,,,,,,32,14,22,210000000000210000000000420000000007340000000000140000000000140000000000,,00000075,,,,,,,,7,7,0,12,12,75,,2112421143443214,ABBACABBCDCCDABC,ABABACBBCDCCADBC,,,0,75,,,,,,,,,,L_T1_GTR03_22110001,,,
188156,15,,,,,,,,,32,14,22,122400000000120000000000000000000007140000000000140000000000340000000000,,00000072,,,,,,,,7,7,0,12,12,72,,2112421143443214,ABBACABBCDCCDABC,ABABACBBCDCCADBC,,,0,72,,,,,,,,,,,,,,14,22,34,210000000000212300000000420000000007340000000000140000000000140000000000,,00000085,,,,,,,,8,8,0,10,10,85,,211242114344321422,ABBACABBCDCCDABCAA,ABABACBBCDCCADBCAA,,,0,85,,,,,L_T1_GTR___hekomi__,,,,,L_T1_GTR03_22110001,,,
188158,16,,,,,,,,,14,22,34,122400000000120000000000000000000007143200000000140000000000340000000000,,00000083,,,,,,,,8,8,0,11,11,83,,211242114344321422,ABBACABBCDCCDABCAA,ABABACBBCDCCADBCAA,,,0,83,,,,,,,,,,,,,,14,22,34,210000000000212300000000420000000007340000000000140000000000140000000000,,00000085,,,,,,,,8,8,0,10,10,85,,211242114344321422,ABBACABBCDCCDABCAA,ABABACBBCDCCADBCAA,,,0,85,,,,,L_T1_GTR___hekomi__,,,,,L_T1_GTR03_22110001,,,
188206,17,,,,,,,,,22,34,11,122400000000120000000000410000000007143200000000140000000000340000000000,,00000095,,,,,,,,9,9,0,12,12,95,,21124211434432142234,ABBACABBCDCCDABCAADC,ABABACBBCDCCADBCAACD,,,0,95,,,,,,,,,,L_T1_GTR03_51000001,,,,14,22,34,210000000000212300000000420000000007340000000000140000000000140000000000,,00000085,,,,,,,,8,8,0,10,10,85,,211242114344321422,ABBACABBCDCCDABCAA,ABABACBBCDCCADBCAA,,,0,85,,,,,L_T1_GTR___hekomi__,,,,,L_T1_GTR03_22110001,,,
188227,18,,,,,,,,,22,34,11,122400000000120000000000410000000007143200000000140000000000340000000000,,00000095,,,,,,,,9,9,0,12,12,95,,21124211434432142234,ABBACABBCDCCDABCAADC,ABABACBBCDCCADBCAACD,,,0,95,,,,,,,,,,L_T1_GTR03_51000001,,,,22,34,11,211000000000212340000000420000000007340000000000140000000000140000000000,,00000094,,,,,,,,9,9,0,9,9,94,,21124211434432142234,ABBACABBCDCCDABCAADC,ABABACBBCDCCADBCAACD,,,0,94,,,,,L_T1_GTR___standard,,,,,L_T1_GTR03_33000001,,,
188249,19,,,,,,,,,34,11,41,122422000000120000000000410000000007143200000000140000000000340000000000,,00000103,,,,,,,,10,10,0,8,8,103,,2112421143443214223411,ABBACABBCDCCDABCAADCBB,ABABACBBCDCCADBCAACDBB,,,0,103,,,,,,,,,,L_T1_GTR03_51000001,,,,22,34,11,211000000000212340000000420000000007340000000000140000000000140000000000,,00000094,,,,,,,,9,9,0,9,9,94,,21124211434432142234,ABBACABBCDCCDABCAADC,ABABACBBCDCCADBCAACD,,,0,94,,,,,L_T1_GTR___standard,,,,,L_T1_GTR03_33000001,,,
188272,20,,,,,,,,,34,11,41,122422000000120000000000410000000007143200000000140000000000340000000000,,00000103,,,,,,,,10,10,0,8,8,103,,2112421143443214223411,ABBACABBCDCCDABCAADCBB,ABABACBBCDCCADBCAACDBB,,,0,103,,,,,,,,,,L_T1_GTR03_51000001,,,,34,11,41,211220000000212340000000420000000007340000000000140000000000140000000000,,00000103,,,,,,,,10,10,0,9,9,103,,2112421143443214223411,ABBACABBCDCCDABCAADCBB,ABABACBBCDCCADBCAACDBB,,,0,103,,,,,L_T1_GTR___standard,,,,,L_T1_GTR03_33000001,,,
188294,21,,,,,,,,,11,41,43,122422000000120000000000414300000007143200000000140000000000340000000000,,00000113,,,,,,,,11,11,0,10,10,113,,211242114344321422341141,ABBACABBCDCCDABCAADCBBCB,ABABACBBCDCCADBCAACDBBBC,,,0,113,,,,,,,,,,L_T1_GTR03_51000001,,,,34,11,41,211220000000212340000000420000000007340000000000140000000000140000000000,,00000103,,,,,,,,10,10,0,9,9,103,,2112421143443214223411,ABBACABBCDCCDABCAADCBB,ABABACBBCDCCADBCAACDBB,,,0,103,,,,,L_T1_GTR___standard,,,,,L_T1_GTR03_33000001,,,
188316,22,,,,,,,,,11,41,43,122422000000120000000000414300000007143200000000140000000000340000000000,,00000113,,,,,,,,11,11,0,10,10,113,,211242114344321422341141,ABBACABBCDCCDABCAADCBBCB,ABABACBBCDCCADBCAACDBBBC,,,0,113,,,,,,,,,,L_T1_GTR03_51000001,,,,11,41,43,211220000000212340000000424300000007340000000000140000000000140000000000,,00000113,,,,,,,,11,11,0,10,10,113,,211242114344321422341141,ABBACABBCDCCDABCAADCBBCB,ABABACBBCDCCADBCAACDBBBC,,,0,113,,,,,L_T1_GTR___standard,,,,,L_T1_GTR03_33000001,,,
188346,23,,,,,,,,,41,43,14,122422000000120000000000414300000007143200000000141000000000341000000000,,00000124,,,,,,,,12,12,0,11,11,124,,21124211434432142234114143,ABBACABBCDCCDABCAADCBBCBCD,ABABACBBCDCCADBCAACDBBBCCD,,,0,124,,,,,,,,,,L_T1_GTR03_51000001,,,,11,41,43,211220000000212340000000424300000007340000000000140000000000140000000000,,00000113,,,,,,,,11,11,0,10,10,113,,211242114344321422341141,ABBACABBCDCCDABCAADCBBCB,ABABACBBCDCCADBCAACDBBBC,,,0,113,,,,,L_T1_GTR___standard,,,,,L_T1_GTR03_33000001,,,
188366,24,,,,,,,,,41,43,14,122422000000120000000000414300000007143200000000141000000000341000000000,,00000124,,,,,,,,12,12,0,11,11,124,,21124211434432142234114143,ABBACABBCDCCDABCAADCBBCBCD,ABABACBBCDCCADBCAACDBBBCCD,,,0,124,,,,,,,,,,L_T1_GTR03_51000001,,,,41,43,14,211220000000212340000000424300000007340000000000141000000000141000000000,,00000124,,,,,,,,12,12,0,11,11,124,,21124211434432142234114143,ABBACABBCDCCDABCAADCBBCBCD,ABABACBBCDCCADBCAACDBBBCCD,,,0,124,,,,,L_T1_GTR___standard,,,,,L_T1_GTR03_33000001,,,
188391,25,,,,,,,,,43,14,21,122422000000121400000000414300000007143200000000141000000000341000000000,,00000134,,,,,,,,13,13,0,10,10,134,,2112421143443214223411414314,ABBACABBCDCCDABCAADCBBCBCDBC,ABABACBBCDCCADBCAACDBBBCCDBC,,,0,134,,,,,L_T1_GTR___standard,,,,,L_T1_GTR03_51000001/L_T1_GTR03_33000001,,,,41,43,14,211220000000212340000000424300000007340000000000141000000000141000000000,,00000124,,,,,,,,12,12,0,11,11,124,,21124211434432142234114143,ABBACABBCDCCDABCAADCBBCBCD,ABABACBBCDCCADBCAACDBBBCCD,,,0,124,,,,,L_T1_GTR___standard,,,,,L_T1_GTR03_33000001,,,
188408,26,,,,,,,,,43,14,21,122422000000121400000000414300000007143200000000141000000000341000000000,,00000134,,,,,,,,13,13,0,10,10,134,,2112421143443214223411414314,ABBACABBCDCCDABCAADCBBCBCDBC,ABABACBBCDCCADBCAACDBBBCCDBC,,,0,134,,,,,L_T1_GTR___standard,,,,,L_T1_GTR03_51000001/L_T1_GTR03_33000001,,,,43,14,21,211220000000212340000000424341000007340000000000141000000000141000000000,,00000133,,,,,,,,13,13,0,9,9,133,,2112421143443214223411414314,ABBACABBCDCCDABCAADCBBCBCDBC,ABABACBBCDCCADBCAACDBBBCCDBC,,,0,133,,,,,L_T1_GTR___standard,,,,,L_T1_GTR03_33000001,,,
188438,27,,,,,,,,,14,21,13,122422000000121440000000414330000007143200000000141000000000341000000000,,00000143,,,,,,,,14,14,0,9,9,143,,211242114344321422341141431421,ABBACABBCDCCDABCAADCBBCBCDBCAB,ABABACBBCDCCADBCAACDBBBCCDBCAB,,,0,143,,,,,L_T1_GTR___standard,,,,,L_T1_GTR03_51000001/L_T1_GTR03_33000001,,,,43,14,21,211220000000212340000000424341000007340000000000141000000000141000000000,,00000133,,,,,,,,13,13,0,9,9,133,,2112421143443214223411414314,ABBACABBCDCCDABCAADCBBCBCDBC,ABABACBBCDCCADBCAACDBBBCCDBC,,,0,133,,,,,L_T1_GTR___standard,,,,,L_T1_GTR03_33000001,,,
188452,28,,,,,,,,,14,21,13,122422000000121440000000414330000007143200000000141000000000341000000000,,00000143,,,,,,,,14,14,0,9,9,143,,211242114344321422341141431421,ABBACABBCDCCDABCAADCBBCBCDBCAB,ABABACBBCDCCADBCAACDBBBCCDBCAB,,,0,143,,,,,L_T1_GTR___standard,,,,,L_T1_GTR03_51000001/L_T1_GTR03_33000001,,,,14,21,13,211224300000212340000000424341000007340000000000141000000000141000000000,,00000141,,,,,,,,14,14,0,8,8,141,,211242114344321422341141431421,ABBACABBCDCCDABCAADCBBCBCDBCAB,ABABACBBCDCCADBCAACDBBBCCDBCAB,,,0,141,,,,,L_T1_GTR___standard,,,,,L_T1_GTR03_33000001,,,
188488,29,,,,,,,,,21,13,43,122422140000121440000000414330000007143200000000141000000000341000000000,,00000150,,,,,,,,15,15,0,7,7,150,,21124211434432142234114143142113,ABBACABBCDCCDABCAADCBBCBCDBCABBD,ABABACBBCDCCADBCAACDBBBCCDBCABBD,,,0,150,,,,,L_T1_GTR___standard,,,,,L_T1_GTR03_51000001/L_T1_GTR03_33000001,,,,14,21,13,211224300000212340000000424341000007340000000000141000000000141000000000,,00000141,,,,,,,,14,14,0,8,8,141,,211242114344321422341141431421,ABBACABBCDCCDABCAADCBBCBCDBCAB,ABABACBBCDCCADBCAACDBBBCCDBCAB,,,0,141,,,,,L_T1_GTR___standard,,,,,L_T1_GTR03_33000001,,,
188494,30,,,,,,,,,21,13,43,122422140000121440000000414330000007143200000000141000000000341000000000,,00000150,,,,,,,,15,15,0,7,7,150,,21124211434432142234114143142113,ABBACABBCDCCDABCAADCBBCBCDBCABBD,ABABACBBCDCCADBCAACDBBBCCDBCABBD,,,0,150,,,,,L_T1_GTR___standard,,,,,L_T1_GTR03_51000001/L_T1_GTR03_33000001,,,,21,13,43,211224300000212341400000424341000007340000000000141000000000141000000000,,00000149,,,,,,,,15,15,0,8,8,149,,21124211434432142234114143142113,ABBACABBCDCCDABCAADCBBCBCDBCABBD,ABABACBBCDCCADBCAACDBBBCCDBCABBD,,,0,149,,,,,L_T1_GTR___standard,,,,,L_T1_GTR03_33000001,,,
188530,31,,,,,,,,,13,43,12,122422140000121442100000414330000007143200000000141000000000341000000000,,00000158,,,,,,,,16,16,0,8,8,158,,2112421143443214223411414314211343,ABBACABBCDCCDABCAADCBBCBCDBCABBDCD,ABABACBBCDCCADBCAACDBBBCCDBCABBDCD,,,0,158,,,,,L_T1_GTR___standard,,,,,L_T1_GTR03_51000001/L_T1_GTR03_33000001,,,,21,13,43,211224300000212341400000424341000007340000000000141000000000141000000000,,00000149,,,,,,,,15,15,0,8,8,149,,21124211434432142234114143142113,ABBACABBCDCCDABCAADCBBCBCDBCABBD,ABABACBBCDCCADBCAACDBBBCCDBCABBD,,,0,149,,,,,L_T1_GTR___standard,,,,,L_T1_GTR03_33000001,,,
188552,32,,,,,,,,,13,43,12,122422140000121442100000414330000007143200000000141000000000341000000000,,00000158,,,,,,,,16,16,0,8,8,158,,2112421143443214223411414314211343,ABBACABBCDCCDABCAADCBBCBCDBCABBDCD,ABABACBBCDCCADBCAACDBBBCCDBCABBDCD,,,0,158,,,,,L_T1_GTR___standard,,,,,L_T1_GTR03_51000001/L_T1_GTR03_33000001,,,,13,43,12,211224300000212341420000424341100007340000000000141000000000141000000000,,00000155,,,,,,,,16,16,0,6,6,155,,2112421143443214223411414314211343,ABBACABBCDCCDABCAADCBBCBCDBCABBDCD,ABABACBBCDCCADBCAACDBBBCCDBCABBDCD,,,0,155,,,,,L_T1_GTR___standard,,,,,L_T1_GTR03_33000001,,,
188580,33,,,,,,,,,43,12,33,122422140000121442100000414330000007143200000000141000000000341130000000,,00000168,,,,,,,,17,17,0,10,10,168,,211242114344321422341141431421134312,ABBACABBCDCCDABCAADCBBCBCDBCABBDCDBA,ABABACBBCDCCADBCAACDBBBCCDBCABBDCDAB,,,0,168,,,,,L_T1_GTR___standard,,,,,L_T1_GTR03_51000001/L_T1_GTR03_33000001,,,,13,43,12,211224300000212341420000424341100007340000000000141000000000141000000000,,00000155,,,,,,,,16,16,0,6,6,155,,2112421143443214223411414314211343,ABBACABBCDCCDABCAADCBBCBCDBCABBDCD,ABABACBBCDCCADBCAACDBBBCCDBCABBDCD,,,0,155,,,,,L_T1_GTR___standard,,,,,L_T1_GTR03_33000001,,,
188602,34,,,,,,,,,43,12,33,122422140000121442100000414330000007143200000000141000000000341130000000,,00000168,,,,,,,,17,17,0,10,10,168,,211242114344321422341141431421134312,ABBACABBCDCCDABCAADCBBCBCDBCABBDCDBA,ABABACBBCDCCADBCAACDBBBCCDBCABBDCDAB,,,0,168,,,,,L_T1_GTR___standard,,,,,L_T1_GTR03_51000001/L_T1_GTR03_33000001,,,,43,12,33,211224300000212341420000424341100007340000000000141300000000141100000000,,00000165,,,,,,,,17,17,0,10,10,165,,211242114344321422341141431421134312,ABBACABBCDCCDABCAADCBBCBCDBCABBDCDBA,ABABACBBCDCCADBCAACDBBBCCDBCABBDCDAB,,,0,165,,,,,L_T1_GTR___standard,,,,,L_T1_GTR03_33000001,,,
188626,35,,,,,,,,,12,33,12,122422140000121442100000414330000007143200000000141340000000341130000000,,00000177,,,,,,,,18,18,0,9,9,177,,21124211434432142234114143142113431233,ABBACABBCDCCDABCAADCBBCBCDBCABBDCDBADD,ABABACBBCDCCADBCAACDBBBCCDBCABBDCDABDD,,,0,177,,,,,L_T1_GTR___standard,,,,,L_T1_GTR03_51000001/L_T1_GTR03_33000001,,,,43,12,33,211224300000212341420000424341100007340000000000141300000000141100000000,,00000165,,,,,,,,17,17,0,10,10,165,,211242114344321422341141431421134312,ABBACABBCDCCDABCAADCBBCBCDBCABBDCDBA,ABABACBBCDCCADBCAACDBBBCCDBCABBDCDAB,,,0,165,,,,,L_T1_GTR___standard,,,,,L_T1_GTR03_33000001,,,
188648,36,,,,,,,,,12,33,12,122422140000121442100000414330000007143200000000141340000000341130000000,,00000177,,,,,,,,18,18,0,9,9,177,,21124211434432142234114143142113431233,ABBACABBCDCCDABCAADCBBCBCDBCABBDCDBADD,ABABACBBCDCCADBCAACDBBBCCDBCABBDCDABDD,,,0,177,,,,,L_T1_GTR___standard,,,,,L_T1_GTR03_51000001/L_T1_GTR03_33000001,,,,12,33,12,211224300000212341420000424341100007343400000000141300000000141100000000,,00000175,,,,,,,,18,18,0,10,10,175,,21124211434432142234114143142113431233,ABBACABBCDCCDABCAADCBBCBCDBCABBDCDBADD,ABABACBBCDCCADBCAACDBBBCCDBCABBDCDABDD,,,0,175,,,,,L_T1_GTR___standard,,,,,L_T1_GTR03_33000001,,,
188686,37,,,,,,,,,33,12,32,122422140000121442100000414331000007143220000000141340000000341130000000,,00000185,,,,,,,,19,19,0,8,8,185,,2112421143443214223411414314211343123312,ABBACABBCDCCDABCAADCBBCBCDBCABBDCDBADDBA,ABABACBBCDCCADBCAACDBBBCCDBCABBDCDABDDAB,,,0,185,,,,,L_T1_GTR___standard,,,,,L_T1_GTR03_51000001/L_T1_GTR03_33000001,,,,12,33,12,211224300000212341420000424341100007343400000000141300000000141100000000,,00000175,,,,,,,,18,18,0,10,10,175,,21124211434432142234114143142113431233,ABBACABBCDCCDABCAADCBBCBCDBCABBDCDBADD,ABABACBBCDCCADBCAACDBBBCCDBCABBDCDABDD,,,0,175,,,,,L_T1_GTR___standard,,,,,L_T1_GTR03_33000001,,,
188704,38,,,,,,,,,33,12,32,122422140000121442100000414331000007143220000000141340000000341130000000,,00000185,,,,,,,,19,19,0,8,8,185,,2112421143443214223411414314211343123312,ABBACABBCDCCDABCAADCBBCBCDBCABBDCDBADDBA,ABABACBBCDCCADBCAACDBBBCCDBCABBDCDABDDAB,,,0,185,,,,,L_T1_GTR___standard,,,,,L_T1_GTR03_51000001/L_T1_GTR03_33000001,,,,33,12,32,211224310000212341422000424341100007343400000000141300000000141100000000,,00000180,,,,,,,,19,19,0,5,5,180,,2112421143443214223411414314211343123312,ABBACABBCDCCDABCAADCBBCBCDBCABBDCDBADDBA,ABABACBBCDCCADBCAACDBBBCCDBCABBDCDABDDAB,,,0,180,,,,,L_T1_GTR___standard,,,,,L_T1_GTR03_33000001,,,
188722,39,,,,,,,,,12,32,24,122422140000121442100000414331330007143220000000141340000000341130000000,,00000191,,,,,,,,20,20,0,6,6,191,,211242114344321422341141431421134312331232,ABBACABBCDCCDABCAADCBBCBCDBCABBDCDBADDBADA,ABABACBBCDCCADBCAACDBBBCCDBCABBDCDABDDABAD,,,0,191,,,,,L_T1_GTR___standard,,,,,L_T1_GTR03_51000001/L_T1_GTR03_33000001,,,,33,12,32,211224310000212341422000424341100007343400000000141300000000141100000000,,00000180,,,,,,,,19,19,0,5,5,180,,2112421143443214223411414314211343123312,ABBACABBCDCCDABCAADCBBCBCDBCABBDCDBADDBA,ABABACBBCDCCADBCAACDBBBCCDBCABBDCDABDDAB,,,0,180,,,,,L_T1_GTR___standard,,,,,L_T1_GTR03_33000001,,,
188750,40,,,,,,,,,12,32,24,122422140000121442100000414331330007143220000000141340000000341130000000,,00000191,,,,,,,,20,20,0,6,6,191,,211242114344321422341141431421134312331232,ABBACABBCDCCDABCAADCBBCBCDBCABBDCDBADDBADA,ABABACBBCDCCADBCAACDBBBCCDBCABBDCDABDDABAD,,,0,191,,,,,L_T1_GTR___standard,,,,,L_T1_GTR03_51000001/L_T1_GTR03_33000001,,,,12,32,24,211224310000212341422000424341100007343400000000141330000000141130000000,,00000189,,,,,,,,20,20,0,9,9,189,,211242114344321422341141431421134312331232,ABBACABBCDCCDABCAADCBBCBCDBCABBDCDBADDBADA,ABABACBBCDCCADBCAACDBBBCCDBCABBDCDABDDABAD,,,0,189,,,,,L_T1_GTR___standard,,,,,L_T1_GTR03_33000001,,,
188773,41,,,,,,,,,32,24,33,122422140000121442120000414331331007143220000000141340000000341130000000,,00000196,,,,,,,,21,21,0,5,5,196,,21124211434432142234114143142113431233123224,ABBACABBCDCCDABCAADCBBCBCDBCABBDCDBADDBADAAC,ABABACBBCDCCADBCAACDBBBCCDBCABBDCDABDDABADAC,,,0,196,,,,,L_T1_GTR___standard,,,,,L_T1_GTR03_51000001/L_T1_GTR03_33000001,,,,12,32,24,211224310000212341422000424341100007343400000000141330000000141130000000,,00000189,,,,,,,,20,20,0,9,9,189,,211242114344321422341141431421134312331232,ABBACABBCDCCDABCAADCBBCBCDBCABBDCDBADDBADA,ABABACBBCDCCADBCAACDBBBCCDBCABBDCDABDDABAD,,,0,189,,,,,L_T1_GTR___standard,,,,,L_T1_GTR03_33000001,,,
188794,42,,,,,,,,,32,24,33,122422140000121442120000414331331007143220000000141340000000341130000000,,00000196,,,,,,,,21,21,0,5,5,196,,21124211434432142234114143142113431233123224,ABBACABBCDCCDABCAADCBBCBCDBCABBDCDBADDBADAAC,ABABACBBCDCCADBCAACDBBBCCDBCABBDCDABDDABADAC,,,0,196,,,,,L_T1_GTR___standard,,,,,L_T1_GTR03_51000001/L_T1_GTR03_33000001,,,,32,24,33,211224310000212341422000424341100007343412000000141330000000141130000000,,00000198,,,,,,,,21,21,0,9,9,198,,21124211434432142234114143142113431233123224,ABBACABBCDCCDABCAADCBBCBCDBCABBDCDBADDBADAAC,ABABACBBCDCCADBCAACDBBBCCDBCABBDCDABDDABADAC,,,0,198,,,,,L_T1_GTR___standard,,,,,L_T1_GTR03_33000001,,,
188814,43,,,,,,,,,24,33,44,122422143200121442120000414331331007143220000000141340000000341130000000,,00000201,,,,,,,,22,22,0,5,5,201,,2112421143443214223411414314211343123312322433,ABBACABBCDCCDABCAADCBBCBCDBCABBDCDBADDBADAACDD,ABABACBBCDCCADBCAACDBBBCCDBCABBDCDABDDABADACDD,,,0,201,,,,,L_T1_GTR___standard,,,,,L_T1_GTR03_51000001/L_T1_GTR03_33000001,,,,32,24,33,211224310000212341422000424341100007343412000000141330000000141130000000,,00000198,,,,,,,,21,21,0,9,9,198,,21124211434432142234114143142113431233123224,ABBACABBCDCCDABCAADCBBCBCDBCABBDCDBADDBADAAC,ABABACBBCDCCADBCAACDBBBCCDBCABBDCDABDDABADAC,,,0,198,,,,,L_T1_GTR___standard,,,,,L_T1_GTR03_33000001,,,
188832,44,,,,,,,,,24,33,44,122422143200121442120000414331331007143220000000141340000000341130000000,,00000201,,,,,,,,22,22,0,5,5,201,,2112421143443214223411414314211343123312322433,ABBACABBCDCCDABCAADCBBCBCDBCABBDCDBADDBADAACDD,ABABACBBCDCCADBCAACDBBBCCDBCABBDCDABDDABADACDD,,,0,201,,,,,L_T1_GTR___standard,,,,,L_T1_GTR03_51000001/L_T1_GTR03_33000001,,,,24,33,44,211224310000212341422000424341100007343412230000141330000000141130000000,,00000204,,,,,,,,22,22,0,6,6,204,,2112421143443214223411414314211343123312322433,ABBACABBCDCCDABCAADCBBCBCDBCABBDCDBADDBADAACDD,ABABACBBCDCCADBCAACDBBBCCDBCABBDCDABDDABADACDD,,,0,204,,,,,L_T1_GTR___standard,,,,,L_T1_GTR03_33000001,,,
188861,45,,,,,,,,,33,44,14,122422143200121442120000414331331007143220000000141342000000341134000000,,00000210,,,,,,,,23,23,0,9,9,210,,211242114344321422341141431421134312331232243344,ABBACABBCDCCDABCAADCBBCBCDBCABBDCDBADDBADAACDDCC,ABABACBBCDCCADBCAACDBBBCCDBCABBDCDABDDABADACDDCC,,,0,210,,,,,L_T1_GTR___standard,,,,,L_T1_GTR03_51000001/L_T1_GTR03_33000001,,,,24,33,44,211224310000212341422000424341100007343412230000141330000000141130000000,,00000204,,,,,,,,22,22,0,6,6,204,,2112421143443214223411414314211343123312322433,ABBACABBCDCCDABCAADCBBCBCDBCABBDCDBADDBADAACDD,ABABACBBCDCCADBCAACDBBBCCDBCABBDCDABDDABADACDD,,,0,204,,,,,L_T1_GTR___standard,,,,,L_T1_GTR03_33000001,,,
188894,46,,,,,,,,,44,14,21,122422143200121442123300414331331007143220000000141342000000341134000000,,00000213,,,,,,,,24,24,0,3,3,213,,21124211434432142234114143142113431233123224334414,ABBACABBCDCCDABCAADCBBCBCDBCABBDCDBADDBADAACDDCCBC,ABABACBBCDCCADBCAACDBBBCCDBCABBDCDABDDABADACDDCCBC,,,0,213,,,,,L_T1_GTR___standard,,,,,L_T1_GTR03_51000001/L_T1_GTR03_33000001,,,,24,33,44,211224310000212341422000424341100007343412230000141330000000141130000000,,00000204,,,,,,,,22,22,0,6,6,204,,2112421143443214223411414314211343123312322433,ABBACABBCDCCDABCAADCBBCBCDBCABBDCDBADDBADAACDD,ABABACBBCDCCADBCAACDBBBCCDBCABBDCDABDDABADACDD,,,0,204,,,,,L_T1_GTR___standard,,,,,L_T1_GTR03_33000001,,,
188896,47,,,,,,,,,44,14,21,122422143200121442123300414331331007143220000000141342000000341134000000,,00000213,,,,,,,,24,24,0,3,3,213,,21124211434432142234114143142113431233123224334414,ABBACABBCDCCDABCAADCBBCBCDBCABBDCDBADDBADAACDDCCBC,ABABACBBCDCCADBCAACDBBBCCDBCABBDCDABDDABADACDDCCBC,,,0,213,,,,,L_T1_GTR___standard,,,,,L_T1_GTR03_51000001/L_T1_GTR03_33000001,,,,33,44,14,211224310000212341422000424341100007343412232000141334000000141130000000,,00000209,,,,,,,,23,23,0,5,5,209,,211242114344321422341141431421134312331232243344,ABBACABBCDCCDABCAADCBBCBCDBCABBDCDBADDBADAACDDCC,ABABACBBCDCCADBCAACDBBBCCDBCABBDCDABDDABADACDDCC,,,0,209,,,,,L_T1_GTR___standard,,,,,L_T1_GTR03_33000001,,,
188932,48,,,,,,,,,44,14,21,122422143200121442123300414331331007143220000000141342000000341134000000,,00000213,,,,,,,,24,24,0,3,3,213,,21124211434432142234114143142113431233123224334414,ABBACABBCDCCDABCAADCBBCBCDBCABBDCDBADDBADAACDDCCBC,ABABACBBCDCCADBCAACDBBBCCDBCABBDCDABDDABADACDDCCBC,,,0,213,,,,,L_T1_GTR___standard,,,,,L_T1_GTR03_51000001/L_T1_GTR03_33000001,,,,44,14,21,211224310000212341422000424341133007343412232000141334000000141130000000,,00000215,,,,,,,,24,24,0,6,6,215,,21124211434432142234114143142113431233123224334414,ABBACABBCDCCDABCAADCBBCBCDBCABBDCDBADDBADAACDDCCBC,ABABACBBCDCCADBCAACDBBBCCDBCABBDCDABDDABADACDDCCBC,,,0,215,,,,,L_T1_GTR___standard,,,,,L_T1_GTR03_33000001,,,
188934,49,,,,,,,,,14,21,41,122422143200121442123300414331331007143224400000141342000000341134000000,,00000220,,,,,,,,25,25,0,7,7,220,,2112421143443214223411414314211343123312322433441421,ABBACABBCDCCDABCAADCBBCBCDBCABBDCDBADDBADAACDDCCBCAB,ABABACBBCDCCADBCAACDBBBCCDBCABBDCDABDDABADACDDCCBCAB,,,0,220,,,,,L_T1_GTR___standard,,,,,L_T1_GTR03_51000001/L_T1_GTR03_33000001,,,,44,14,21,211224310000212341422000424341133007343412232000141334000000141130000000,,00000215,,,,,,,,24,24,0,6,6,215,,21124211434432142234114143142113431233123224334414,ABBACABBCDCCDABCAADCBBCBCDBCABBDCDBADDBADAACDDCCBC,ABABACBBCDCCADBCAACDBBBCCDBCABBDCDABDDABADACDDCCBC,,,0,215,,,,,L_T1_GTR___standard,,,,,L_T1_GTR03_33000001,,,
188974,50,,,,,,,,,21,41,14,122422143200121442123300414331331007143224400000141342410000341134000000,,00000226,,,,,,,,26,26,0,6,6,226,,211242114344321422341141431421134312331232243344142141,ABBACABBCDCCDABCAADCBBCBCDBCABBDCDBADDBADAACDDCCBCABCB,ABABACBBCDCCADBCAACDBBBCCDBCABBDCDABDDABADACDDCCBCABBC,,,0,226,,,,,L_T1_GTR___standard,,,,,L_T1_GTR03_51000001/L_T1_GTR03_33000001,,,,44,14,21,211224310000212341422000424341133007343412232000141334000000141130000000,,00000215,,,,,,,,24,24,0,6,6,215,,21124211434432142234114143142113431233123224334414,ABBACABBCDCCDABCAADCBBCBCDBCABBDCDBADDBADAACDDCCBC,ABABACBBCDCCADBCAACDBBBCCDBCABBDCDABDDABADACDDCCBC,,,0,215,,,,,L_T1_GTR___standard,,,,,L_T1_GTR03_33000001,,,
188975,51,,,,,,,,,21,41,14,122422143200121442123300414331331007143224400000141342410000341134000000,,00000226,,,,,,,,26,26,0,6,6,226,,211242114344321422341141431421134312331232243344142141,ABBACABBCDCCDABCAADCBBCBCDBCABBDCDBADDBADAACDDCCBCABCB,ABABACBBCDCCADBCAACDBBBCCDBCABBDCDABDDABADACDDCCBCABBC,,,0,226,,,,,L_T1_GTR___standard,,,,,L_T1_GTR03_51000001/L_T1_GTR03_33000001,,,,14,21,41,211224310000212341422000424341133007343412232000141334000000141134400000,,00000222,,,,,,,,25,25,0,7,7,222,,2112421143443214223411414314211343123312322433441421,ABBACABBCDCCDABCAADCBBCBCDBCABBDCDBADDBADAACDDCCBCAB,ABABACBBCDCCADBCAACDBBBCCDBCABBDCDABDDABADACDDCCBCAB,,,0,222,,,,,L_T1_GTR___standard,,,,,L_T1_GTR03_33000001,,,
189017,53,,,,,,,,,41,14,12,122422143200121442123300414331331007143224400000141342410000341134210000,,00000233,,,,,,,,27,27,0,7,7,233,,21124211434432142234114143142113431233123224334414214114,ABBACABBCDCCDABCAADCBBCBCDBCABBDCDBADDBADAACDDCCBCABCBBC,ABABACBBCDCCADBCAACDBBBCCDBCABBDCDABDDABADACDDCCBCABBCBC,,,0,233,,,,,L_T1_GTR___standard,,,,,L_T1_GTR03_51000001/L_T1_GTR03_33000001,,,,21,41,14,211224310000212341422000424341133007343412232000141334000000141134414000,,00000228,,,,,,,,26,26,0,6,6,228,,211242114344321422341141431421134312331232243344142141,ABBACABBCDCCDABCAADCBBCBCDBCABBDCDBADDBADAACDDCCBCABCB,ABABACBBCDCCADBCAACDBBBCCDBCABBDCDABDDABADACDDCCBCABBC,,,0,228,,,,,L_T1_GTR___standard,,,,,L_T1_GTR03_33000001,,,
189056,54,,,,,,,,,14,12,33,122422143200121442123300414331331007143224400000141342410000341134211400,,00000237,,,,,,,,28,28,0,4,4,237,,2112421143443214223411414314211343123312322433441421411412,ABBACABBCDCCDABCAADCBBCBCDBCABBDCDBADDBADAACDDCCBCABCBBCBA,ABABACBBCDCCADBCAACDBBBCCDBCABBDCDABDDABADACDDCCBCABBCBCAB,,,0,237,,,,,L_T1_GTR___standard,,,,,L_T1_GTR03_51000001/L_T1_GTR03_33000001,,,,21,41,14,211224310000212341422000424341133007343412232000141334000000141134414000,,00000228,,,,,,,,26,26,0,6,6,228,,211242114344321422341141431421134312331232243344142141,ABBACABBCDCCDABCAADCBBCBCDBCABBDCDBADDBADAACDDCCBCABCB,ABABACBBCDCCADBCAACDBBBCCDBCABBDCDABDDABADACDDCCBCABBC,,,0,228,,,,,L_T1_GTR___standard,,,,,L_T1_GTR03_33000001,,,
189079,55,,,,,,,,,14,12,33,122422143200121442123300414331331007143224400000141342410000341134211400,,00000237,,,,,,,,28,28,0,4,4,237,,2112421143443214223411414314211343123312322433441421411412,ABBACABBCDCCDABCAADCBBCBCDBCABBDCDBADDBADAACDDCCBCABCBBCBA,ABABACBBCDCCADBCAACDBBBCCDBCABBDCDABDDABADACDDCCBCABBCBCAB,,,0,237,,,,,L_T1_GTR___standard,,,,,L_T1_GTR03_51000001/L_T1_GTR03_33000001,,,,41,14,12,211224310000212341422000424341133007343412232200141334100000141134414000,,00000232,,,,,,,,27,27,0,4,4,232,,21124211434432142234114143142113431233123224334414214114,ABBACABBCDCCDABCAADCBBCBCDBCABBDCDBADDBADAACDDCCBCABCBBC,ABABACBBCDCCADBCAACDBBBCCDBCABBDCDABDDABADACDDCCBCABBCBC,,,0,232,,,,,L_T1_GTR___standard,,,,,L_T1_GTR03_33000001,,,
189090,56,,,,,,,,,12,33,31,122422143200121442123300414331331007143224400000141342410000341134211441,,00000239,,,,,,,,29,29,0,2,2,239,,211242114344321422341141431421134312331232243344142141141233,ABBACABBCDCCDABCAADCBBCBCDBCABBDCDBADDBADAACDDCCBCABCBBCBADD,ABABACBBCDCCADBCAACDBBBCCDBCABBDCDABDDABADACDDCCBCABBCBCABDD,,,0,239,,,,,L_T1_GTR___standard,,,,,L_T1_GTR03_51000001/L_T1_GTR03_33000001,,,,41,14,12,211224310000212341422000424341133007343412232200141334100000141134414000,,00000232,,,,,,,,27,27,0,4,4,232,,21124211434432142234114143142113431233123224334414214114,ABBACABBCDCCDABCAADCBBCBCDBCABBDCDBADDBADAACDDCCBCABCBBC,ABABACBBCDCCADBCAACDBBBCCDBCABBDCDABDDABADACDDCCBCABBCBC,,,0,232,,,,,L_T1_GTR___standard,,,,,L_T1_GTR03_33000001,,,
189119,57,,,,,,,,,12,33,31,122422143200121442123300414331331007143224400000141342410000341134211441,,00000239,,,,,,,,29,29,0,2,2,239,,211242114344321422341141431421134312331232243344142141141233,ABBACABBCDCCDABCAADCBBCBCDBCABBDCDBADDBADAACDDCCBCABCBBCBADD,ABABACBBCDCCADBCAACDBBBCCDBCABBDCDABDDABADACDDCCBCABBCBCABDD,,,0,239,,,,,L_T1_GTR___standard,,,,,L_T1_GTR03_51000001/L_T1_GTR03_33000001,,,,14,12,33,211224310000212341422000424341133007343412232200141334114000141134414000,,00000237,,,,,,,,28,28,0,5,5,237,,2112421143443214223411414314211343123312322433441421411412,ABBACABBCDCCDABCAADCBBCBCDBCABBDCDBADDBADAACDDCCBCABCBBCBA,ABABACBBCDCCADBCAACDBBBCCDBCABBDCDABDDABADACDDCCBCABBCBCAB,,,0,237,,,,,L_T1_GTR___standard,,,,,L_T1_GTR03_33000001,,,
189124,58,,,,,,,,,33,31,33,122422143221121442123300414331331007143224400000141342410000341134211441,,00000241,,,,,,,,30,30,0,2,2,241,,21124211434432142234114143142113431233123224334414214114123331,ABBACABBCDCCDABCAADCBBCBCDBCABBDCDBADDBADAACDDCCBCABCBBCBADDDB,ABABACBBCDCCADBCAACDBBBCCDBCABBDCDABDDABADACDDCCBCABBCBCABDDBD,,,0,241,,,,,L_T1_GTR___standard,,,,,L_T1_GTR03_51000001/L_T1_GTR03_33000001,,,,14,12,33,211224310000212341422000424341133007343412232200141334114000141134414000,,00000237,,,,,,,,28,28,0,5,5,237,,2112421143443214223411414314211343123312322433441421411412,ABBACABBCDCCDABCAADCBBCBCDBCABBDCDBADDBADAACDDCCBCABCBBCBA,ABABACBBCDCCADBCAACDBBBCCDBCABBDCDABDDABADACDDCCBCABBCBCAB,,,0,237,,,,,L_T1_GTR___standard,,,,,L_T1_GTR03_33000001,,,
189158,59,,,,,,,,,33,31,33,122422143221121442123300414331331007143224400000141342410000341134211441,,00000241,,,,,,,,30,30,0,2,2,241,,21124211434432142234114143142113431233123224334414214114123331,ABBACABBCDCCDABCAADCBBCBCDBCABBDCDBADDBADAACDDCCBCABCBBCBADDDB,ABABACBBCDCCADBCAACDBBBCCDBCABBDCDABDDABADACDDCCBCABBCBCABDDBD,,,0,241,,,,,L_T1_GTR___standard,,,,,L_T1_GTR03_51000001/L_T1_GTR03_33000001,,,,12,33,31,211224310000212341422000424341133007343412232200141334114400141134414100,,00000241,,,,,,,,29,29,0,4,4,241,,211242114344321422341141431421134312331232243344142141141233,ABBACABBCDCCDABCAADCBBCBCDBCABBDCDBADDBADAACDDCCBCABCBBCBADD,ABABACBBCDCCADBCAACDBBBCCDBCABBDCDABDDABADACDDCCBCABBCBCABDD,,,0,241,,,,,L_T1_GTR___standard,,,,,L_T1_GTR03_33000001,,,
189183,60,,,,,,,,,31,33,22,122422143221121442123300414331331007143224430000141342413000341134211441,,00000246,,,,,,,,31,31,0,5,5,246,,2112421143443214223411414314211343123312322433441421411412333133,ABBACABBCDCCDABCAADCBBCBCDBCABBDCDBADDBADAACDDCCBCABCBBCBADDDBDD,ABABACBBCDCCADBCAACDBBBCCDBCABBDCDABDDABADACDDCCBCABBCBCABDDBDDD,,,0,246,,,,,L_T1_GTR___standard,,,,,L_T1_GTR03_51000001/L_T1_GTR03_33000001,,,,12,33,31,211224310000212341422000424341133007343412232200141334114400141134414100,,00000241,,,,,,,,29,29,0,4,4,241,,211242114344321422341141431421134312331232243344142141141233,ABBACABBCDCCDABCAADCBBCBCDBCABBDCDBADDBADAACDDCCBCABCBBCBADD,ABABACBBCDCCADBCAACDBBBCCDBCABBDCDABDDABADACDDCCBCABBCBCABDD,,,0,241,,,,,L_T1_GTR___standard,,,,,L_T1_GTR03_33000001,,,
189194,61,,,,,,,,,31,33,22,122422143221121442123300414331331007143224430000141342413000341134211441,,00000246,,,,,,,,31,31,0,5,5,246,,2112421143443214223411414314211343123312322433441421411412333133,ABBACABBCDCCDABCAADCBBCBCDBCABBDCDBADDBADAACDDCCBCABCBBCBADDDBDD,ABABACBBCDCCADBCAACDBBBCCDBCABBDCDABDDABADACDDCCBCABBCBCABDDBDDD,,,0,246,,,,,L_T1_GTR___standard,,,,,L_T1_GTR03_51000001/L_T1_GTR03_33000001,,,,33,31,33,211224310000212341422000424341133007343412232200141334114420141134414110,,00000244,,,,,,,,30,30,0,3,3,244,,21124211434432142234114143142113431233123224334414214114123331,ABBACABBCDCCDABCAADCBBCBCDBCABBDCDBADDBADAACDDCCBCABCBBCBADDDB,ABABACBBCDCCADBCAACDBBBCCDBCABBDCDABDDABADACDDCCBCABBCBCABDDBD,,,0,244,,,,,L_T1_GTR___standard,,,,,L_T1_GTR03_33000001,,,
189217,62,,,,,,,,,31,33,22,122422143221121442123300414331331007143224430000141342413000341134211441,,00000246,,,,,,,,31,31,0,5,5,246,,2112421143443214223411414314211343123312322433441421411412333133,ABBACABBCDCCDABCAADCBBCBCDBCABBDCDBADDBADAACDDCCBCABCBBCBADDDBDD,ABABACBBCDCCADBCAACDBBBCCDBCABBDCDABDDABADACDDCCBCABBCBCABDDBDDD,,,0,246,,,,,L_T1_GTR___standard,,,,,L_T1_GTR03_51000001/L_T1_GTR03_33000001,,,,,31,33,211224310000212341422300424341133307343412232200141334114420141134414110,,bb50abb2,,,,,,,,31,0,1,bb50abb2,100,344,,21124211434432142234114143142113431233123224334414214114123331,ABBACABBCDCCDABCAADCBBCBCDBCABBDCDBADDBADAACDDCCBCABCBBCBADDDB,ABABACBBCDCCADBCAACDBBBCCDBCABBDCDABDDABADACDDCCBCABBCBCABDDBD,,,1,344,,,,,L_T1_GTR___standard,,,,,L_T1_GTR03_33000001,,,
189218,63,,,,,,,,,33,22,42,122422143221121442123300414331331007143224431300141342413000341134211441,,00000250,,,,,,,,32,32,0,4,4,250,,211242114344321422341141431421134312331232243344142141141233313322,ABBACABBCDCCDABCAADCBBCBCDBCABBDCDBADDBADAACDDCCBCABCBBCBADDDBDDAA,ABABACBBCDCCADBCAACDBBBCCDBCABBDCDABDDABADACDDCCBCABBCBCABDDBDDDAA,,,0,250,,,,,L_T1_GTR___standard,,,,,L_T1_GTR03_51000001/L_T1_GTR03_33000001,,,,,31,33,211224310000212341422300424341133307343412232200141334114420141134414110,,bb50abb2,,,,,,,,31,0,1,bb50abb2,100,344,,21124211434432142234114143142113431233123224334414214114123331,ABBACABBCDCCDABCAADCBBCBCDBCABBDCDBADDBADAACDDCCBCABCBBCBADDDB,ABABACBBCDCCADBCAACDBBBCCDBCABBDCDABDDABADACDDCCBCABBCBCABDDBD,,,1,344,,,,,L_T1_GTR___standard,,,,,L_T1_GTR03_33000001,,,
189240,64,,,,,,,,,,22,42,122422143221121442123300414331331007143224431300141342413330341134211441,,bb40abb1,,,,,,,,33,0,1,bb40abb1,40,290,,211242114344321422341141431421134312331232243344142141141233313322,ABBACABBCDCCDABCAADCBBCBCDBCABBDCDBADDBADAACDDCCBCABCBBCBADDDBDDAA,ABABACBBCDCCADBCAACDBBBCCDBCABBDCDABDDABADACDDCCBCABBCBCABDDBDDDAA,,,1,290,,,,,L_T1_GTR___standard,,,,,L_T1_GTR03_51000001/L_T1_GTR03_33000001,,,,,31,33,211224310000212341422300424341133307343412232200141334114420141134414110,,bb50abb2,,,,,,,,31,0,1,bb50abb2,100,344,,21124211434432142234114143142113431233123224334414214114123331,ABBACABBCDCCDABCAADCBBCBCDBCABBDCDBADDBADAACDDCCBCABCBBCBADDDB,ABABACBBCDCCADBCAACDBBBCCDBCABBDCDABDDABADACDDCCBCABBCBCABDDBD,,,1,344,,,,,L_T1_GTR___standard,,,,,L_T1_GTR03_33000001,,,
189296,65,,,,,,,,,,22,42,122422143221121442123300414331331007143224431300141342413330341134211441,,bb40abb1,,,,,,,,33,0,1,bb40abb1,40,290,,211242114344321422341141431421134312331232243344142141141233313322,ABBACABBCDCCDABCAADCBBCBCDBCABBDCDBADDBADAACDDCCBCABCBBCBADDDBDDAA,ABABACBBCDCCADBCAACDBBBCCDBCABBDCDABDDABADACDDCCBCABBCBCABDDBDDDAA,,,1,290,,,,,L_T1_GTR___standard,,,,,L_T1_GTR03_51000001/L_T1_GTR03_33000001,,,,,31,33,211224310000212341422000424341100007343412222000141334114420141134414110,,bb40abb8,,,,,,,,32,0,2,bb40abb8,320,664,,21124211434432142234114143142113431233123224334414214114123331,ABBACABBCDCCDABCAADCBBCBCDBCABBDCDBADDBADAACDDCCBCABCBBCBADDDB,ABABACBBCDCCADBCAACDBBBCCDBCABBDCDABDDABADACDDCCBCABBCBCABDDBD,,,2,664,,,,,L_T1_GTR___standard,,,,,L_T1_GTR03_33000001,,,
189306,66,,,,,,,,,22,42,23,122422143221121442123300414331331307143224431000141342410000341134211241,,00000293,,,,,,,,34,1,0,3,3,293,,21124211434432142234114143142113431233123224334414214114123331332242,ABBACABBCDCCDABCAADCBBCBCDBCABBDCDBADDBADAACDDCCBCABCBBCBADDDBDDAACA,ABABACBBCDCCADBCAACDBBBCCDBCABBDCDABDDABADACDDCCBCABBCBCABDDBDDDAAAC,,,1,293,,,,,L_T1_GTR___standard,,,,,L_T1_GTR03_51000001/L_T1_GTR03_33000001,,,,,31,33,211224310000212341422000424341100007343412222000141334114420141134414110,,bb40abb8,,,,,,,,32,0,2,bb40abb8,320,664,,21124211434432142234114143142113431233123224334414214114123331,ABBACABBCDCCDABCAADCBBCBCDBCABBDCDBADDBADAACDDCCBCABCBBCBADDDB,ABABACBBCDCCADBCAACDBBBCCDBCABBDCDABDDABADACDDCCBCABBCBCABDDBD,,,2,664,,,,,L_T1_GTR___standard,,,,,L_T1_GTR03_33000001,,,
189362,67,,,,,,,,,22,42,23,122422143221121442123300414331331307143224431000141342410000341134211241,,00000293,,,,,,,,34,1,0,3,3,293,,21124211434432142234114143142113431233123224334414214114123331332242,ABBACABBCDCCDABCAADCBBCBCDBCABBDCDBADDBADAACDDCCBCABCBBCBADDDBDDAACA,ABABACBBCDCCADBCAACDBBBCCDBCABBDCDABDDABADACDDCCBCABBCBCABDDBDDDAAAC,,,1,293,,,,,L_T1_GTR___standard,,,,,L_T1_GTR03_51000001/L_T1_GTR03_33000001,,,,31,33,22,211224310000212341422000424341100007343410000000141334114420141134414110,,00000668,,,,,,,,33,1,0,4,4,668,,2112421143443214223411414314211343123312322433441421411412333133,ABBACABBCDCCDABCAADCBBCBCDBCABBDCDBADDBADAACDDCCBCABCBBCBADDDBDD,ABABACBBCDCCADBCAACDBBBCCDBCABBDCDABDDABADACDDCCBCABBCBCABDDBDDD,,,2,668,,,,,L_T1_GTR___standard,,,,,L_T1_GTR03_33000001,,,
189416,68,,,,,,,,,22,42,23,122422143221121442123300414331331307143224431000141342410000341134211241,,00000293,,,,,,,,34,1,0,3,3,293,,21124211434432142234114143142113431233123224334414214114123331332242,ABBACABBCDCCDABCAADCBBCBCDBCABBDCDBADDBADAACDDCCBCABCBBCBADDDBDDAACA,ABABACBBCDCCADBCAACDBBBCCDBCABBDCDABDDABADACDDCCBCABBCBCABDDBDDDAAAC,,,1,293,,,,,L_T1_GTR___standard,,,,,L_T1_GTR03_51000001/L_T1_GTR03_33000001,,,,33,22,42,211224311000212341422300424341100007343410000000141334114420141134414110,,00000672,,,,,,,,34,2,0,4,4,672,,211242114344321422341141431421134312331232243344142141141233313322,ABBACABBCDCCDABCAADCBBCBCDBCABBDCDBADDBADAACDDCCBCABCBBCBADDDBDDAA,ABABACBBCDCCADBCAACDBBBCCDBCABBDCDABDDABADACDDCCBCABBCBCABDDBDDDAA,,,2,672,,,,,L_T1_GTR___standard,,,,,L_T1_GTR03_33000001,,,
189435,69,,,,,,,,,42,23,24,122422143221121442123360414331331267143224431260141342410000341134211441,,00000295,,,,,,,,35,2,0,2,2,295,,2112421143443214223411414314211343123312322433441421411412333133224223,ABBACABBCDCCDABCAADCBBCBCDBCABBDCDBADDBADAACDDCCBCABCBBCBADDDBDDAACAAD,ABABACBBCDCCADBCAACDBBBCCDBCABBDCDABDDABADACDDCCBCABBCBCABDDBDDDAAACAD,,,1,295,,,,,L_T1_GTR___standard,,,,,L_T1_GTR03_51000001/L_T1_GTR03_33000001,,,,33,22,42,211224311000212341422300424341100007343410000000141334114420141134414110,,00000672,,,,,,,,34,2,0,4,4,672,,211242114344321422341141431421134312331232243344142141141233313322,ABBACABBCDCCDABCAADCBBCBCDBCABBDCDBADDBADAACDDCCBCABCBBCBADDDBDDAA,ABABACBBCDCCADBCAACDBBBCCDBCABBDCDABDDABADACDDCCBCABBCBCABDDBDDDAA,,,2,672,,,,,L_T1_GTR___standard,,,,,L_T1_GTR03_33000001,,,
189457,70,,,,,,,,,42,23,24,122422143221121442123360414331331267143224431260141342410000341134211441,,00000295,,,,,,,,35,2,0,2,2,295,,2112421143443214223411414314211343123312322433441421411412333133224223,ABBACABBCDCCDABCAADCBBCBCDBCABBDCDBADDBADAACDDCCBCABCBBCBADDDBDDAACAAD,ABABACBBCDCCADBCAACDBBBCCDBCABBDCDABDDABADACDDCCBCABBCBCABDDBDDDAAACAD,,,1,295,,,,,L_T1_GTR___standard,,,,,L_T1_GTR03_51000001/L_T1_GTR03_33000001,,,,22,42,23,211224311000212341422300424341100007343413300000141334114420141134414110,,00000680,,,,,,,,35,3,0,8,8,680,,21124211434432142234114143142113431233123224334414214114123331332242,ABBACABBCDCCDABCAADCBBCBCDBCABBDCDBADDBADAACDDCCBCABCBBCBADDDBDDAACA,ABABACBBCDCCADBCAACDBBBCCDBCABBDCDABDDABADACDDCCBCABBCBCABDDBDDDAAAC,,,2,680,,,,,L_T1_GTR___standard,,,,,L_T1_GTR03_33000001,,,
189484,71,,,,,,,,,23,24,11,122422143221121442123360414331331267143224431260141342414200341134211441,,00000300,,,,,,,,36,3,0,5,5,300,,211242114344321422341141431421134312331232243344142141141233313322422324,ABBACABBCDCCDABCAADCBBCBCDBCABBDCDBADDBADAACDDCCBCABCBBCBADDDBDDAACAADAC,ABABACBBCDCCADBCAACDBBBCCDBCABBDCDABDDABADACDDCCBCABBCBCABDDBDDDAAACADAC,,,1,300,,,,,L_T1_GTR___standard,,,,,L_T1_GTR03_51000001/L_T1_GTR03_33000001,,,,22,42,23,211224311000212341422300424341100007343413300000141334114420141134414110,,00000680,,,,,,,,35,3,0,8,8,680,,21124211434432142234114143142113431233123224334414214114123331332242,ABBACABBCDCCDABCAADCBBCBCDBCABBDCDBADDBADAACDDCCBCABCBBCBADDDBDDAACA,ABABACBBCDCCADBCAACDBBBCCDBCABBDCDABDDABADACDDCCBCABBCBCABDDBDDDAAAC,,,2,680,,,,,L_T1_GTR___standard,,,,,L_T1_GTR03_33000001,,,
189497,72,,,,,,,,,23,24,11,122422143221121442123360414331331267143224431260141342414200341134211441,,00000300,,,,,,,,36,3,0,5,5,300,,211242114344321422341141431421134312331232243344142141141233313322422324,ABBACABBCDCCDABCAADCBBCBCDBCABBDCDBADDBADAACDDCCBCABCBBCBADDDBDDAACAADAC,ABABACBBCDCCADBCAACDBBBCCDBCABBDCDABDDABADACDDCCBCABBCBCABDDBDDDAAACADAC,,,1,300,,,,,L_T1_GTR___standard,,,,,L_T1_GTR03_51000001/L_T1_GTR03_33000001,,,,42,23,24,211224311000212341422300424341100007343413300000141334114420141134414112,,00000682,,,,,,,,36,4,0,2,2,682,,2112421143443214223411414314211343123312322433441421411412333133224223,ABBACABBCDCCDABCAADCBBCBCDBCABBDCDBADDBADAACDDCCBCABCBBCBADDDBDDAACAAD,ABABACBBCDCCADBCAACDBBBCCDBCABBDCDABDDABADACDDCCBCABBCBCABDDBDDDAAACAD,,,2,682,,,,,L_T1_GTR___standard,,,,,L_T1_GTR03_33000001,,,
189551,73,,,,,,,,,23,24,11,122422143221121442123360414331331267143224431260141342414200341134211441,,00000300,,,,,,,,36,3,0,5,5,300,,211242114344321422341141431421134312331232243344142141141233313322422324,ABBACABBCDCCDABCAADCBBCBCDBCABBDCDBADDBADAACDDCCBCABCBBCBADDDBDDAACAADAC,ABABACBBCDCCADBCAACDBBBCCDBCABBDCDABDDABADACDDCCBCABBCBCABDDBDDDAAACADAC,,,1,300,,,,,L_T1_GTR___standard,,,,,L_T1_GTR03_51000001/L_T1_GTR03_33000001,,,,23,24,11,211224311000212341422300424341100007343413300000141334114422141134414112,,00000683,,,,,,,,37,5,0,1,1,683,,211242114344321422341141431421134312331232243344142141141233313322422324,ABBACABBCDCCDABCAADCBBCBCDBCABBDCDBADDBADAACDDCCBCABCBBCBADDDBDDAACAADAC,ABABACBBCDCCADBCAACDBBBCCDBCABBDCDABDDABADACDDCCBCABBCBCABDDBDDDAAACADAC,,,2,683,,,,,L_T1_GTR___standard,,,,,L_T1_GTR03_33000001,,,
189566,74,,,,,,,,,24,11,11,122422143221121442123362414331331267143224431260141342414200341134211441,,00000301,,,,,,,,37,4,0,1,1,301,,21124211434432142234114143142113431233123224334414214114123331332242232411,ABBACABBCDCCDABCAADCBBCBCDBCABBDCDBADDBADAACDDCCBCABCBBCBADDDBDDAACAADACBB,ABABACBBCDCCADBCAACDBBBCCDBCABBDCDABDDABADACDDCCBCABBCBCABDDBDDDAAACADACBB,,,1,301,,,,,L_T1_GTR___standard,,,,,L_T1_GTR03_51000001/L_T1_GTR03_33000001,,,,23,24,11,211224311000212341422300424341100007343413300000141334114422141134414112,,00000683,,,,,,,,37,5,0,1,1,683,,211242114344321422341141431421134312331232243344142141141233313322422324,ABBACABBCDCCDABCAADCBBCBCDBCABBDCDBADDBADAACDDCCBCABCBBCBADDDBDDAACAADAC,ABABACBBCDCCADBCAACDBBBCCDBCABBDCDABDDABADACDDCCBCABBCBCABDDBDDDAAACADAC,,,2,683,,,,,L_T1_GTR___standard,,,,,L_T1_GTR03_33000001,,,
189589,75,,,,,,,,,24,11,11,122422143221121442123362414331331267143224431260141342414200341134211441,,00000301,,,,,,,,37,4,0,1,1,301,,21124211434432142234114143142113431233123224334414214114123331332242232411,ABBACABBCDCCDABCAADCBBCBCDBCABBDCDBADDBADAACDDCCBCABCBBCBADDDBDDAACAADACBB,ABABACBBCDCCADBCAACDBBBCCDBCABBDCDABDDABADACDDCCBCABBCBCABDDBDDDAAACADACBB,,,1,301,,,,,L_T1_GTR___standard,,,,,L_T1_GTR03_51000001/L_T1_GTR03_33000001,,,,24,11,11,211224311000212341422300424341120007343413330000141334114422141134414112,,00000689,,,,,,,,38,6,0,6,6,689,,21124211434432142234114143142113431233123224334414214114123331332242232411,ABBACABBCDCCDABCAADCBBCBCDBCABBDCDBADDBADAACDDCCBCABCBBCBADDDBDDAACAADACBB,ABABACBBCDCCADBCAACDBBBCCDBCABBDCDABDDABADACDDCCBCABBCBCABDDBDDDAAACADACBB,,,2,689,,,,,L_T1_GTR___standard,,,,,L_T1_GTR03_33000001,,,
189599,76,,,,,,,,,,11,11,122422143221121442123362414331331267143224431260141342414224341134211441,,bb40abb1,,,,,,,,38,0,1,bb40abb1,40,341,,21124211434432142234114143142113431233123224334414214114123331332242232411,ABBACABBCDCCDABCAADCBBCBCDBCABBDCDBADDBADAACDDCCBCABCBBCBADDDBDDAACAADACBB,ABABACBBCDCCADBCAACDBBBCCDBCABBDCDABDDABADACDDCCBCABBCBCABDDBDDDAAACADACBB,,,1,341,,,,,L_T1_GTR___standard,,,,,L_T1_GTR03_51000001/L_T1_GTR03_33000001,,,,24,11,11,211224311000212341422300424341120007343413330000141334114422141134414112,,00000689,,,,,,,,38,6,0,6,6,689,,21124211434432142234114143142113431233123224334414214114123331332242232411,ABBACABBCDCCDABCAADCBBCBCDBCABBDCDBADDBADAACDDCCBCABCBBCBADDDBDDAACAADACBB,ABABACBBCDCCADBCAACDBBBCCDBCABBDCDABDDABADACDDCCBCABBCBCABDDBDDDAAACADACBB,,,2,689,,,,,L_T1_GTR___standard,,,,,L_T1_GTR03_33000001,,,
189622,77,,,,,,,,,,11,11,122422143221121442123362414331331267143224431260141342414224341134211441,,bb40abb1,,,,,,,,38,0,1,bb40abb1,40,341,,21124211434432142234114143142113431233123224334414214114123331332242232411,ABBACABBCDCCDABCAADCBBCBCDBCABBDCDBADDBADAACDDCCBCABCBBCBADDDBDDAACAADACBB,ABABACBBCDCCADBCAACDBBBCCDBCABBDCDABDDABADACDDCCBCABBCBCABDDBDDDAAACADACBB,,,1,341,,,,,L_T1_GTR___standard,,,,,L_T1_GTR03_51000001/L_T1_GTR03_33000001,,,,,11,11,211224311000212341422300424341120007343413332400141334114422141134414112,,bb40abb1,,,,,,,,39,0,1,bb40abb1,40,729,,21124211434432142234114143142113431233123224334414214114123331332242232411,ABBACABBCDCCDABCAADCBBCBCDBCABBDCDBADDBADAACDDCCBCABCBBCBADDDBDDAACAADACBB,ABABACBBCDCCADBCAACDBBBCCDBCABBDCDABDDABADACDDCCBCABBCBCABDDBDDDAAACADACBB,,,2,729,,,,,L_T1_GTR___standard,,,,,L_T1_GTR03_33000001,,,
189681,78,,,,,,,,,,11,11,122422143221121442123362414331331007143224431000141342414400341134211441,,bb40abb8,,,,,,,,39,0,2,bb40abb8,320,661,,21124211434432142234114143142113431233123224334414214114123331332242232411,ABBACABBCDCCDABCAADCBBCBCDBCABBDCDBADDBADAACDDCCBCABCBBCBADDDBDDAACAADACBB,ABABACBBCDCCADBCAACDBBBCCDBCABBDCDABDDABADACDDCCBCABBCBCABDDBDDDAAACADACBB,,,2,661,,,,,L_T1_GTR___standard,,,,,L_T1_GTR03_51000001/L_T1_GTR03_33000001,,,,,11,11,211224311000212341422300424341120007343413332400141334114422141134414112,,bb40abb1,,,,,,,,39,0,1,bb40abb1,40,729,,21124211434432142234114143142113431233123224334414214114123331332242232411,ABBACABBCDCCDABCAADCBBCBCDBCABBDCDBADDBADAACDDCCBCABCBBCBADDDBDDAACAADACBB,ABABACBBCDCCADBCAACDBBBCCDBCABBDCDABDDABADACDDCCBCABBCBCABDDBDDDAAACADACBB,,,2,729,,,,,L_T1_GTR___standard,,,,,L_T1_GTR03_33000001,,,
189705,79,,,,,,,,,,11,11,122422143221121442123362414331331007143224431000141342414400341134211441,,bb40abb8,,,,,,,,39,0,2,bb40abb8,320,661,,21124211434432142234114143142113431233123224334414214114123331332242232411,ABBACABBCDCCDABCAADCBBCBCDBCABBDCDBADDBADAACDDCCBCABCBBCBADDDBDDAACAADACBB,ABABACBBCDCCADBCAACDBBBCCDBCABBDCDABDDABADACDDCCBCABBCBCABDDBDDDAAACADACBB,,,2,661,,,,,L_T1_GTR___standard,,,,,L_T1_GTR03_51000001/L_T1_GTR03_33000001,,,,,11,11,211224311000212341422300424341120007343413332000141334112240141134411122,,bb50ab10,,,,,,,,40,0,2,bb50ab10,500,1229,,21124211434432142234114143142113431233123224334414214114123331332242232411,ABBACABBCDCCDABCAADCBBCBCDBCABBDCDBADDBADAACDDCCBCABCBBCBADDDBDDAACAADACBB,ABABACBBCDCCADBCAACDBBBCCDBCABBDCDABDDABADACDDCCBCABBCBCABDDBDDDAAACADACBB,,,2,1229,,,,,L_T1_GTR___standard,,,,,L_T1_GTR03_33000001,,,
189763,80,,,,,,,,,,11,11,122422143221121442123362414331331007143224431000141342410000341134211160,,bb40ab16,,,,,,,,40,0,3,bb40ab16,640,1301,,21124211434432142234114143142113431233123224334414214114123331332242232411,ABBACABBCDCCDABCAADCBBCBCDBCABBDCDBADDBADAACDDCCBCABCBBCBADDDBDDAACAADACBB,ABABACBBCDCCADBCAACDBBBCCDBCABBDCDABDDABADACDDCCBCABBCBCABDDBDDDAAACADACBB,,,3,1301,,,,,L_T1_GTR___standard,,,,,L_T1_GTR03_51000001/L_T1_GTR03_33000001,,,,,11,11,211224311000212341422300424341120007343413332000141334112240141134411122,,bb50ab10,,,,,,,,40,0,2,bb50ab10,500,1229,,21124211434432142234114143142113431233123224334414214114123331332242232411,ABBACABBCDCCDABCAADCBBCBCDBCABBDCDBADDBADAACDDCCBCABCBBCBADDDBDDAACAADACBB,ABABACBBCDCCADBCAACDBBBCCDBCABBDCDABDDABADACDDCCBCABBCBCABDDBDDDAAACADACBB,,,2,1229,,,,,L_T1_GTR___standard,,,,,L_T1_GTR03_33000001,,,
189789,81,,,,,,,,,,11,11,122422143221121442123362414331331007143224431000141342410000341134211160,,bb40ab16,,,,,,,,40,0,3,bb40ab16,640,1301,,21124211434432142234114143142113431233123224334414214114123331332242232411,ABBACABBCDCCDABCAADCBBCBCDBCABBDCDBADDBADAACDDCCBCABCBBCBADDDBDDAACAADACBB,ABABACBBCDCCADBCAACDBBBCCDBCABBDCDABDDABADACDDCCBCABBCBCABDDBDDDAAACADACBB,,,3,1301,,,,,L_T1_GTR___standard,,,,,L_T1_GTR03_51000001/L_T1_GTR03_33000001,,,,,11,11,211224311000212341422300424341120007343413332000141334224000141134422000,,bb40ab16,,,,,,,,41,0,3,bb40ab16,640,1869,,21124211434432142234114143142113431233123224334414214114123331332242232411,ABBACABBCDCCDABCAADCBBCBCDBCABBDCDBADDBADAACDDCCBCABCBBCBADDDBDDAACAADACBB,ABABACBBCDCCADBCAACDBBBCCDBCABBDCDABDDABADACDDCCBCABBCBCABDDBDDDAAACADACBB,,,3,1869,,,,,L_T1_GTR___standard,,,,,L_T1_GTR03_33000001,,,
189828,82,,,,,,,,,11,11,33,122422143221121442123362414331331007143224431000141342400000341134200000,,00001304,,,,,,,,41,1,0,3,3,1304,,2112421143443214223411414314211343123312322433441421411412333133224223241111,ABBACABBCDCCDABCAADCBBCBCDBCABBDCDBADDBADAACDDCCBCABCBBCBADDDBDDAACAADACBBBB,ABABACBBCDCCADBCAACDBBBCCDBCABBDCDABDDABADACDDCCBCABBCBCABDDBDDDAAACADACBBBB,,,3,1304,,,,,L_T1_GTR___standard,,,,,L_T1_GTR03_51000001/L_T1_GTR03_33000001,,,,,11,11,211224311000212341422300424341120007343413332000141334224000141134422000,,bb40ab16,,,,,,,,41,0,3,bb40ab16,640,1869,,21124211434432142234114143142113431233123224334414214114123331332242232411,ABBACABBCDCCDABCAADCBBCBCDBCABBDCDBADDBADAACDDCCBCABCBBCBADDDBDDAACAADACBB,ABABACBBCDCCADBCAACDBBBCCDBCABBDCDABDDABADACDDCCBCABBCBCABDDBDDDAAACADACBB,,,3,1869,,,,,L_T1_GTR___standard,,,,,L_T1_GTR03_33000001,,,
189856,83,,,,,,,,,,11,33,122422143221121442123362414331331117143224431000141342400000341134200000,,bb40abb1,,,,,,,,42,0,1,bb40abb1,40,1344,,2112421143443214223411414314211343123312322433441421411412333133224223241111,ABBACABBCDCCDABCAADCBBCBCDBCABBDCDBADDBADAACDDCCBCABCBBCBADDDBDDAACAADACBBBB,ABABACBBCDCCADBCAACDBBBCCDBCABBDCDABDDABADACDDCCBCABBCBCABDDBDDDAAACADACBBBB,,,3,1344,,,,,L_T1_GTR___standard,,,,,L_T1_GTR03_51000001/L_T1_GTR03_33000001,,,,,11,11,211224311000212341422300424341120007343413332000141334224000141134422000,,bb40ab16,,,,,,,,41,0,3,bb40ab16,640,1869,,21124211434432142234114143142113431233123224334414214114123331332242232411,ABBACABBCDCCDABCAADCBBCBCDBCABBDCDBADDBADAACDDCCBCABCBBCBADDDBDDAACAADACBB,ABABACBBCDCCADBCAACDBBBCCDBCABBDCDABDDABADACDDCCBCABBCBCABDDBDDDAAACADACBB,,,3,1869,,,,,L_T1_GTR___standard,,,,,L_T1_GTR03_33000001,,,
189871,84,,,,,,,,,,11,33,122422143221121442123362414331331117143224431000141342400000341134200000,,bb40abb1,,,,,,,,42,0,1,bb40abb1,40,1344,,2112421143443214223411414314211343123312322433441421411412333133224223241111,ABBACABBCDCCDABCAADCBBCBCDBCABBDCDBADDBADAACDDCCBCABCBBCBADDDBDDAACAADACBBBB,ABABACBBCDCCADBCAACDBBBCCDBCABBDCDABDDABADACDDCCBCABBCBCABDDBDDDAAACADACBBBB,,,3,1344,,,,,L_T1_GTR___standard,,,,,L_T1_GTR03_51000001/L_T1_GTR03_33000001,,,,,11,11,211224311000212341422300424341120007343413332000141334400000141134400000,,bb40ab32,,,,,,,,42,0,4,bb40ab32,1280,3149,,21124211434432142234114143142113431233123224334414214114123331332242232411,ABBACABBCDCCDABCAADCBBCBCDBCABBDCDBADDBADAACDDCCBCABCBBCBADDDBDDAACAADACBB,ABABACBBCDCCADBCAACDBBBCCDBCABBDCDABDDABADACDDCCBCABBCBCABDDBDDDAAACADACBB,,,4,3149,,,,,L_T1_GTR___standard,,,,,L_T1_GTR03_33000001,,,
189936,85,,,,,,,,,,11,33,122422143221121442123362414331331117143224431000141342400000341134200000,,bb40abb1,,,,,,,,42,0,1,bb40abb1,40,1344,,2112421143443214223411414314211343123312322433441421411412333133224223241111,ABBACABBCDCCDABCAADCBBCBCDBCABBDCDBADDBADAACDDCCBCABCBBCBADDDBDDAACAADACBBBB,ABABACBBCDCCADBCAACDBBBCCDBCABBDCDABDDABADACDDCCBCABBCBCABDDBDDDAAACADACBBBB,,,3,1344,,,,,L_T1_GTR___standard,,,,,L_T1_GTR03_51000001/L_T1_GTR03_33000001,,,,11,11,33,211224311000212341422300424341120007343413332000141330000000141130000000,,00003154,,,,,,,,43,1,0,5,5,3154,,2112421143443214223411414314211343123312322433441421411412333133224223241111,ABBACABBCDCCDABCAADCBBCBCDBCABBDCDBADDBADAACDDCCBCABCBBCBADDDBDDAACAADACBBBB,ABABACBBCDCCADBCAACDBBBCCDBCABBDCDABDDABADACDDCCBCABBCBCABDDBDDDAAACADACBBBB,,,4,3154,,,,,L_T1_GTR___standard,,,,,L_T1_GTR03_33000001,,,
189980,86,,,,,,,,,,11,33,122422143221121442123362414331331117143224431000141342400000341134200000,,bb40abb1,,,,,,,,42,0,1,bb40abb1,40,1344,,2112421143443214223411414314211343123312322433441421411412333133224223241111,ABBACABBCDCCDABCAADCBBCBCDBCABBDCDBADDBADAACDDCCBCABCBBCBADDDBDDAACAADACBBBB,ABABACBBCDCCADBCAACDBBBCCDBCABBDCDABDDABADACDDCCBCABBCBCABDDBDDDAAACADACBBBB,,,3,1344,,,,,L_T1_GTR___standard,,,,,L_T1_GTR03_51000001/L_T1_GTR03_33000001,,,,11,33,14,211224311000212341422300424341120007343413332000141331000000141131000000,,00003162,,,,,,,,44,2,0,8,8,3162,,211242114344321422341141431421134312331232243344142141141233313322422324111133,ABBACABBCDCCDABCAADCBBCBCDBCABBDCDBADDBADAACDDCCBCABCBBCBADDDBDDAACAADACBBBBDD,ABABACBBCDCCADBCAACDBBBCCDBCABBDCDABDDABADACDDCCBCABBCBCABDDBDDDAAACADACBBBBDD,,,4,3162,,,,,L_T1_GTR___standard,,,,,L_T1_GTR03_33000001,,,
189998,87,,,,,,,,,,11,33,122422143221121442123323414331336666143224436666141342466600341134266600,,00001348,,,,,lose,,,43,0,1,4,4,1348,,2112421143443214223411414314211343123312322433441421411412333133224223241111,ABBACABBCDCCDABCAADCBBCBCDBCABBDCDBADDBADAACDDCCBCABCBBCBADDDBDDAACAADACBBBB,ABABACBBCDCCADBCAACDBBBCCDBCABBDCDABDDABADACDDCCBCABBCBCABDDBDDDAAACADACBBBB,,,3,1348,,,,,L_T1_GTR___standard,,,,,L_T1_GTR03_51000001/L_T1_GTR03_33000001,,,,11,33,14,211224311000212341422300424341120007343413332000141331000000141131000000,,00003162,,,,,,,,44,2,0,8,8,3162,,211242114344321422341141431421134312331232243344142141141233313322422324111133,ABBACABBCDCCDABCAADCBBCBCDBCABBDCDBADDBADAACDDCCBCABCBBCBADDDBDDAACAADACBBBBDD,ABABACBBCDCCADBCAACDBBBCCDBCABBDCDABDDABADACDDCCBCABBCBCABDDBDDDAAACADACBBBBDD,,,4,3162,,,,,L_T1_GTR___standard,,,,,L_T1_GTR03_33000001,,,
190006,87,,,,,,,,,,11,33,122422143221121442123323414331336666143224436666141342466600341134266600,,00001348,,,,,lose,,,43,0,1,4,4,1348,,2112421143443214223411414314211343123312322433441421411412333133224223241111,ABBACABBCDCCDABCAADCBBCBCDBCABBDCDBADDBADAACDDCCBCABCBBCBADDDBDDAACAADACBBBB,ABABACBBCDCCADBCAACDBBBCCDBCABBDCDABDDABADACDDCCBCABBCBCABDDBDDDAAACADACBBBB,,,3,1348,,,,,L_T1_GTR___standard,,,,,L_T1_GTR03_51000001/L_T1_GTR03_33000001,,,,,33,14,211224311000212341422300424341120007343413332100141331100000141131000000,,00003166,,,,,win,,,45,2,0,4,4,3166,,211242114344321422341141431421134312331232243344142141141233313322422324111133,ABBACABBCDCCDABCAADCBBCBCDBCABBDCDBADDBADAACDDCCBCABCBBCBADDDBDDAACAADACBBBBDD,ABABACBBCDCCADBCAACDBBBCCDBCABBDCDABDDABADACDDCCBCABBCBCABDDBDDDAAACADACBBBBDD,,,4,3166,,,,,L_T1_GTR___standard,,,,,L_T1_GTR03_33000001,,,
