211755,0,,,,,,,,,,33,33,000000000000000000000000000000000007000000000000000000000000000000000000,000000,00000000,,,,,,,,0,0,0,0,0,0,,33,AA,AA,,,0,0,,,,,,,,,,,,,,,33,33,000000000000000000000000000000000007000000000000000000000000000000000000,000000,00000000,,,,,,,,0,0,0,0,0,0,,33,AA,AA,,,0,0,,,,,,,,,,,,,
211906,2,,,,,,,,,33,33,21,000000000000000000000000000000000007000000000000000000000000000000000000,,00000000,,,,,,,,1,1,0,0,0,0,,3333,AAAA,AAAA,,,0,0,,,,,,,,,,,,,,33,33,21,000000000000000000000000000000000007000000000000000000000000000000000000,,00000000,,,,,,,,1,1,0,0,0,0,,3333,AAAA,AAAA,,,0,0,,,,,,,,,,,,,
211953,4,,,,,,,,,33,21,22,000000000000000000000000330000000007000000000000000000000000000000000000,,00000012,,,,,,,,2,2,0,12,12,12,,333321,AAAABC,AAAABC,,,0,12,,,,,,,,,,,,,,33,21,22,000000000000000000000000330000000007000000000000000000000000000000000000,,00000012,,,,,,,,2,2,0,12,12,12,,333321,AAAABC,AAAABC,,,0,12,,,,,,,,,,,,,
211987,6,,,,,,,,,,21,22,000000000000000000000000333300000007000000000000000000000000000000000000,,bb40abb1,,,,,,,,3,0,1,bb40abb1,40,52,,333321,AAAABC,AAAABC,,,1,52,,,,,,,,,,,,,,,21,22,000000000000000000000000333300000007000000000000000000000000000000000000,,bb40abb1,,,,,,,,3,0,1,bb40abb1,40,52,,333321,AAAABC,AAAABC,,,1,52,,,,,,,,,,,,,
212052,8,,,,,,,,,21,22,15,000000000000000000000000000000000007000000000000000000000000000000000000,,00002162,,,,,,,,4,1,0,2110,2110,2162,,33332122,AAAABCBB,AAAABCBB,,,1,2162,,,,,,,,,,,,,,21,22,15,000000000000000000000000000000000007000000000000000000000000000000000000,,00002162,,,,,,,,4,1,0,2110,2110,2162,,33332122,AAAABCBB,AAAABCBB,,,1,2162,,,,,,,,,,,,,
212103,10,,,,,,,,,22,15,22,000000000000000000000000000000000007210000000000000000000000000000000000,,00002175,,,,,,,,5,2,0,13,13,2175,,3333212215,AAAABCBBCD,AAAABCBBCD,,,1,2175,,,,,,,,,,,,,,22,15,22,000000000000210000000000000000000007000000000000000000000000000000000000,,00002175,,,,,,,,5,2,0,13,13,2175,,3333212215,AAAABCBBCD,AAAABCBBCD,,,1,2175,,,,,,,,,,,,,
212155,11,,,,,,,,,22,15,22,000000000000000000000000000000000007210000000000000000000000000000000000,,00002175,,,,,,,,5,2,0,13,13,2175,,3333212215,AAAABCBBCD,AAAABCBBCD,,,1,2175,,,,,,,,,,,,,,15,22,35,220000000000210000000000000000000007000000000000000000000000000000000000,,00002187,,,,,,,,6,3,0,12,12,2187,,333321221522,AAAABCBBCDBB,AAAABCBBCDBB,,,1,2187,,,,,,,,,,,,,
212160,12,,,,,,,,,15,22,35,000000000000000000000000000000000007210000000000200000000000200000000000,,00002188,,,,,,,,6,3,0,13,13,2188,,333321221522,AAAABCBBCDBB,AAAABCBBCDBB,,,1,2188,,,,,,,,,,,,,,15,22,35,220000000000210000000000000000000007000000000000000000000000000000000000,,00002187,,,,,,,,6,3,0,12,12,2187,,333321221522,AAAABCBBCDBB,AAAABCBBCDBB,,,1,2187,,,,,,,,,,,,,
212203,13,,,,,,,,,15,22,35,000000000000000000000000000000000007210000000000200000000000200000000000,,00002188,,,,,,,,6,3,0,13,13,2188,,333321221522,AAAABCBBCDBB,AAAABCBBCDBB,,,1,2188,,,,,,,,,,,,,,22,35,25,225000000000211000000000000000000007000000000000000000000000000000000000,,00002198,,,,,,,,7,4,0,11,11,2198,,33332122152235,AAAABCBBCDBBAD,AAAABCBBCDBBAD,,,1,2198,,,,,,,,,,,,,
212214,14,,,,,,,,,22,35,25,000000000000000000000000000000000007210000000000215000000000200000000000,,00002200,,,,,,,,7,4,0,12,12,2200,,33332122152235,AAAABCBBCDBBAD,AAAABCBBCDBBAD,,,1,2200,,,,,,,,,,,,,,22,35,25,225000000000211000000000000000000007000000000000000000000000000000000000,,00002198,,,,,,,,7,4,0,11,11,2198,,33332122152235,AAAABCBBCDBBAD,AAAABCBBCDBBAD,,,1,2198,,,,,,,,,,,,,
212253,15,,,,,,,,,22,35,25,000000000000000000000000000000000007210000000000215000000000200000000000,,00002200,,,,,,,,7,4,0,12,12,2200,,33332122152235,AAAABCBBCDBBAD,AAAABCBBCDBBAD,,,1,2200,,,,,,,,,,,,,,35,25,21,225000000000211000000000000000000007220000000000000000000000000000000000,,00002210,,,,,,,,8,5,0,12,12,2210,,3333212215223525,AAAABCBBCDBBADBD,AAAABCBBCDBBADBD,,,1,2210,,,,,,,,,,,,,
212261,16,,,,,,,,,,35,25,000000000000000000000000000000000007210000000000215000000000222000000000,,bb50abb2,,,,,,,,8,0,1,bb50abb2,100,2300,,33332122152235,AAAABCBBCDBBAD,AAAABCBBCDBBAD,,,1,2300,,,,,,,,,,,,,,35,25,21,225000000000211000000000000000000007220000000000000000000000000000000000,,00002210,,,,,,,,8,5,0,12,12,2210,,3333212215223525,AAAABCBBCDBBADBD,AAAABCBBCDBBADBD,,,1,2210,,,,,,,,,,,,,
212304,17,,,,,,,,,,35,25,000000000000000000000000000000000007210000000000215000000000222000000000,,bb50abb2,,,,,,,,8,0,1,bb50abb2,100,2300,,33332122152235,AAAABCBBCDBBAD,AAAABCBBCDBBAD,,,1,2300,,,,,,,,,,,,,,25,21,15,225500000000211300000000000000000007220000000000000000000000000000000000,,00002220,,,,,,,,9,6,0,10,10,2220,,333321221522352521,AAAABCBBCDBBADBDBC,AAAABCBBCDBBADBDBC,,,1,2220,,,,,,,,,,,,,
212344,18,,,,,,,,,,35,25,000000000000000000000000000000000007210000000000215000000000222000000000,,bb50abb2,,,,,,,,8,0,1,bb50abb2,100,2300,,33332122152235,AAAABCBBCDBBAD,AAAABCBBCDBBAD,,,1,2300,,,,,,,,,,,,,,,21,15,225500000000211300000000250000000007220000000000000000000000000000000000,,bb60abb3,,,,,,,,10,0,1,bb60abb3,180,2400,,333321221522352521,AAAABCBBCDBBADBDBC,AAAABCBBCDBBADBDBC,,,1,2400,,,,,,,,,,,,,
212349,19,,,,,,,,,35,25,21,000000000000000000000000000000000007100000000000150000000000000000000000,,00002311,,,,,,,,9,1,0,11,11,2311,,3333212215223525,AAAABCBBCDBBADBD,AAAABCBBCDBBADBD,,,1,2311,,,,,,,,,,,,,,,21,15,225500000000211300000000250000000007220000000000000000000000000000000000,,bb60abb3,,,,,,,,10,0,1,bb60abb3,180,2400,,333321221522352521,AAAABCBBCDBBADBDBC,AAAABCBBCDBBADBDBC,,,1,2400,,,,,,,,,,,,,
212408,20,,,,,,,,,25,21,15,000000000000000000000000000000000007100000000000150000000000530000000000,,00002323,,,,,,,,10,2,0,12,12,2323,,333321221522352521,AAAABCBBCDBBADBDBC,AAAABCBBCDBBADBDBC,,,1,2323,,,,,,,,,,,,,,,21,15,225500000000211300000000250000000007220000000000000000000000000000000000,,bb60abb3,,,,,,,,10,0,1,bb60abb3,180,2400,,333321221522352521,AAAABCBBCDBBADBDBC,AAAABCBBCDBBADBDBC,,,1,2400,,,,,,,,,,,,,
212436,21,,,,,,,,,25,21,15,000000000000000000000000000000000007100000000000150000000000530000000000,,00002323,,,,,,,,10,2,0,12,12,2323,,333321221522352521,AAAABCBBCDBBADBDBC,AAAABCBBCDBBADBDBC,,,1,2323,,,,,,,,,,,,,,21,15,11,550000000000113000000000500000000007000000000000000000000000000000000000,,00002413,,,,,,,,11,1,0,13,13,2413,,33332122152235252115,AAAABCBBCDBBADBDBCCD,AAAABCBBCDBBADBDBCCD,,,1,2413,,,,,,,,,,,,,
212494,22,,,,,,,,,25,21,15,000000000000000000000000000000000007100000000000150000000000530000000000,,00002323,,,,,,,,10,2,0,12,12,2323,,333321221522352521,AAAABCBBCDBBADBDBC,AAAABCBBCDBBADBDBC,,,1,2323,,,,,,,,,,,,,,15,11,31,550000000000113000000000500000000007100000000000200000000000000000000000,,00002426,,,,,,,,12,2,0,13,13,2426,,3333212215223525211511,AAAABCBBCDBBADBDBCCDCC,AAAABCBBCDBBADBDBCCDCC,,,1,2426,,,,,,,,,,,,,
212535,23,,,,,,,,,21,15,11,600000000000000000000000200000000007150000000000150000000000530000000000,,00002335,,,,,,,,11,3,0,12,12,2335,,33332122152235252115,AAAABCBBCDBBADBDBCCD,AAAABCBBCDBBADBDBCCD,,,1,2335,,,,,,,,,,,,,,15,11,31,550000000000113000000000500000000007100000000000200000000000000000000000,,00002426,,,,,,,,12,2,0,13,13,2426,,3333212215223525211511,AAAABCBBCDBBADBDBCCDCC,AAAABCBBCDBBADBDBCCDCC,,,1,2426,,,,,,,,,,,,,
212542,24,,,,,,,,,21,15,11,600000000000000000000000200000000007150000000000150000000000530000000000,,00002335,,,,,,,,11,3,0,12,12,2335,,33332122152235252115,AAAABCBBCDBBADBDBCCD,AAAABCBBCDBBADBDBCCD,,,1,2335,,,,,,,,,,,,,,11,31,12,550000000000113000000000515000000007100000000000200000000000000000000000,,00002438,,,,,,,,13,3,0,12,12,2438,,333321221522352521151131,AAAABCBBCDBBADBDBCCDCCAC,AAAABCBBCDBBADBDBCCDCCAC,,,1,2438,,,,,,,,,,,,,
212582,25,,,,,,,,,15,11,31,600000000000000000000000212000000007150000000000150000000000530000000000,,00002346,,,,,,,,12,4,0,11,11,2346,,3333212215223525211511,AAAABCBBCDBBADBDBCCDCC,AAAABCBBCDBBADBDBCCDCC,,,1,2346,,,,,,,,,,,,,,11,31,12,550000000000113000000000515000000007100000000000200000000000000000000000,,00002438,,,,,,,,13,3,0,12,12,2438,,333321221522352521151131,AAAABCBBCDBBADBDBCCDCCAC,AAAABCBBCDBBADBDBCCDCCAC,,,1,2438,,,,,,,,,,,,,
212596,26,,,,,,,,,15,11,31,600000000000000000000000212000000007150000000000150000000000530000000000,,00002346,,,,,,,,12,4,0,11,11,2346,,3333212215223525211511,AAAABCBBCDBBADBDBCCDCC,AAAABCBBCDBBADBDBCCDCC,,,1,2346,,,,,,,,,,,,,,31,12,31,550000000000113000000000515000000007100000000000200000000000110000000000,,00002450,,,,,,,,14,4,0,12,12,2450,,33332122152235252115113112,AAAABCBBCDBBADBDBCCDCCACCB,AAAABCBBCDBBADBDBCCDCCACBC,,,1,2450,,,,,,,,,,,,,
212629,27,,,,,,,,,11,31,12,600000000000000000000000212000000007151500000000150000000000530000000000,,00002357,,,,,,,,13,5,0,11,11,2357,,333321221522352521151131,AAAABCBBCDBBADBDBCCDCCAC,AAAABCBBCDBBADBDBCCDCCAC,,,1,2357,,,,,R_T1_GTRf__pat00001,,,,,,,,,31,12,31,550000000000113000000000515000000007100000000000200000000000110000000000,,00002450,,,,,,,,14,4,0,12,12,2450,,33332122152235252115113112,AAAABCBBCDBBADBDBCCDCCACCB,AAAABCBBCDBBADBDBCCDCCACBC,,,1,2450,,,,,,,,,,,,,
212647,28,,,,,,,,,11,31,12,600000000000000000000000212000000007151500000000150000000000530000000000,,00002357,,,,,,,,13,5,0,11,11,2357,,333321221522352521151131,AAAABCBBCDBBADBDBCCDCCAC,AAAABCBBCDBBADBDBCCDCCAC,,,1,2357,,,,,R_T1_GTRf__pat00001,,,,,,,,,12,31,25,550000000000113000000000515000000007100000000000200000000000111300000000,,00002460,,,,,,,,15,5,0,10,10,2460,,3333212215223525211511311231,AAAABCBBCDBBADBDBCCDCCACCBAC,AAAABCBBCDBBADBDBCCDCCACBCAC,,,1,2460,,,,,,,,,,,,,
212679,29,,,,,,,,,31,12,31,611000000000000000000000212000000007151500000000150000000000530000000000,,00002368,,,,,,,,14,6,0,11,11,2368,,33332122152235252115113112,AAAABCBBCDBBADBDBCCDCCACCB,AAAABCBBCDBBADBDBCCDCCACBC,,,1,2368,,,,,R_T1_GTRf__pat00001,,,,,,,,,12,31,25,550000000000113000000000515000000007100000000000200000000000111300000000,,00002460,,,,,,,,15,5,0,10,10,2460,,3333212215223525211511311231,AAAABCBBCDBBADBDBCCDCCACCBAC,AAAABCBBCDBBADBDBCCDCCACBCAC,,,1,2460,,,,,,,,,,,,,
212696,30,,,,,,,,,31,12,31,611000000000000000000000212000000007151500000000150000000000530000000000,,00002368,,,,,,,,14,6,0,11,11,2368,,33332122152235252115113112,AAAABCBBCDBBADBDBCCDCCACCB,AAAABCBBCDBBADBDBCCDCCACBC,,,1,2368,,,,,R_T1_GTRf__pat00001,,,,,,,,,31,25,31,550000000000113000000000515000000007121000000000200000000000111300000000,,00002471,,,,,,,,16,6,0,11,11,2471,,333321221522352521151131123125,AAAABCBBCDBBADBDBCCDCCACCBACBD,AAAABCBBCDBBADBDBCCDCCACBCACBD,,,1,2471,,,,,,,,,,,,,
212732,31,,,,,,,,,12,31,25,611000000000000000000000212000000007151500000000150000000000533100000000,,00002379,,,,,,,,15,7,0,11,11,2379,,3333212215223525211511311231,AAAABCBBCDBBADBDBCCDCCACCBAC,AAAABCBBCDBBADBDBCCDCCACBCAC,,,1,2379,,,,,R_T1_GTRf__pat00001,,,,,,,,,31,25,31,550000000000113000000000515000000007121000000000200000000000111300000000,,00002471,,,,,,,,16,6,0,11,11,2471,,333321221522352521151131123125,AAAABCBBCDBBADBDBCCDCCACCBACBD,AAAABCBBCDBBADBDBCCDCCACBCACBD,,,1,2471,,,,,,,,,,,,,
212743,32,,,,,,,,,12,31,25,611000000000000000000000212000000007151500000000150000000000533100000000,,00002379,,,,,,,,15,7,0,11,11,2379,,3333212215223525211511311231,AAAABCBBCDBBADBDBCCDCCACCBAC,AAAABCBBCDBBADBDBCCDCCACBCAC,,,1,2379,,,,,R_T1_GTRf__pat00001,,,,,,,,,25,31,33,550000000000113000000000515000000007121000000000200000000000111331000000,,00002480,,,,,,,,17,7,0,9,9,2480,,33332122152235252115113112312531,AAAABCBBCDBBADBDBCCDCCACCBACBDAC,AAAABCBBCDBBADBDBCCDCCACBCACBDAC,,,1,2480,,,,,,,,,,,,,
212784,33,,,,,,,,,31,25,31,611000000000120000000000212000000007151500000000150000000000533100000000,,00002392,,,,,,,,16,8,0,13,13,2392,,333321221522352521151131123125,AAAABCBBCDBBADBDBCCDCCACCBACBD,AAAABCBBCDBBADBDBCCDCCACBCACBD,,,1,2392,,,,,R_T1_GTRf__pat00001,,,,,,,,,25,31,33,550000000000113000000000515000000007121000000000200000000000111331000000,,00002480,,,,,,,,17,7,0,9,9,2480,,33332122152235252115113112312531,AAAABCBBCDBBADBDBCCDCCACCBACBDAC,AAAABCBBCDBBADBDBCCDCCACBCACBDAC,,,1,2480,,,,,,,,,,,,,
212797,34,,,,,,,,,31,25,31,611000000000120000000000212000000007151500000000150000000000533100000000,,00002392,,,,,,,,16,8,0,13,13,2392,,333321221522352521151131123125,AAAABCBBCDBBADBDBCCDCCACCBACBD,AAAABCBBCDBBADBDBCCDCCACBCACBD,,,1,2392,,,,,R_T1_GTRf__pat00001,,,,,,,,,31,33,35,550000000000113000000000515000000007121000000000225000000000111331000000,,00002492,,,,,,,,18,8,0,12,12,2492,,3333212215223525211511311231253133,AAAABCBBCDBBADBDBCCDCCACCBACBDACAA,AAAABCBBCDBBADBDBCCDCCACBCACBDACAA,,,1,2492,,,,,,,,,,,,,
212835,35,,,,,,,,,25,31,33,611000000000120000000000212000000007151500000000153100000000533100000000,,00002403,,,,,,,,17,9,0,11,11,2403,,33332122152235252115113112312531,AAAABCBBCDBBADBDBCCDCCACCBACBDAC,AAAABCBBCDBBADBDBCCDCCACBCACBDAC,,,1,2403,,,,,R_T1_GTRf__pat00001,,,,,,,,,31,33,35,550000000000113000000000515000000007121000000000225000000000111331000000,,00002492,,,,,,,,18,8,0,12,12,2492,,3333212215223525211511311231253133,AAAABCBBCDBBADBDBCCDCCACCBACBDACAA,AAAABCBBCDBBADBDBCCDCCACBCACBDACAA,,,1,2492,,,,,,,,,,,,,
212867,36,,,,,,,,,25,31,33,611000000000120000000000212000000007151500000000153100000000533100000000,,00002403,,,,,,,,17,9,0,11,11,2403,,33332122152235252115113112312531,AAAABCBBCDBBADBDBCCDCCACCBACBDAC,AAAABCBBCDBBADBDBCCDCCACBCACBDAC,,,1,2403,,,,,R_T1_GTRf__pat00001,,,,,,,,,33,35,55,550000000000113000000000515000000007121000000000225300000000111331100000,,00002499,,,,,,,,19,9,0,7,7,2499,,333321221522352521151131123125313335,AAAABCBBCDBBADBDBCCDCCACCBACBDACAAAD,AAAABCBBCDBBADBDBCCDCCACBCACBDACAAAD,,,1,2499,,,,,,,,,,,,,
212900,37,,,,,,,,,31,33,35,611500000000122000000000212000000007151500000000153100000000533100000000,,00002413,,,,,,,,18,10,0,10,10,2413,,3333212215223525211511311231253133,AAAABCBBCDBBADBDBCCDCCACCBACBDACAA,AAAABCBBCDBBADBDBCCDCCACBCACBDACAA,,,1,2413,,,,,R_T1_GTRf__pat00001,,,,,,,,,33,35,55,550000000000113000000000515000000007121000000000225300000000111331100000,,00002499,,,,,,,,19,9,0,7,7,2499,,333321221522352521151131123125313335,AAAABCBBCDBBADBDBCCDCCACCBACBDACAAAD,AAAABCBBCDBBADBDBCCDCCACBCACBDACAAAD,,,1,2499,,,,,,,,,,,,,
212916,38,,,,,,,,,31,33,35,611500000000122000000000212000000007151500000000153100000000533100000000,,00002413,,,,,,,,18,10,0,10,10,2413,,3333212215223525211511311231253133,AAAABCBBCDBBADBDBCCDCCACCBACBDACAA,AAAABCBBCDBBADBDBCCDCCACBCACBDACAA,,,1,2413,,,,,R_T1_GTRf__pat00001,,,,,,,,,35,55,33,553300000000113000000000515000000007121000000000225300000000111331100000,,00002509,,,,,,,,20,10,0,10,10,2509,,33332122152235252115113112312531333555,AAAABCBBCDBBADBDBCCDCCACCBACBDACAAADDD,AAAABCBBCDBBADBDBCCDCCACBCACBDACAAADDD,,,1,2509,,,,,,,,,,,,,
212946,39,,,,,,,,,33,35,55,611500000000122000000000212000000007151500000000153100000000533113000000,,00002421,,,,,,,,19,11,0,8,8,2421,,333321221522352521151131123125313335,AAAABCBBCDBBADBDBCCDCCACCBACBDACAAAD,AAAABCBBCDBBADBDBCCDCCACBCACBDACAAAD,,,1,2421,,,,,R_T1_GTRf__pat00001,,,,,,,,,35,55,33,553300000000113000000000515000000007121000000000225300000000111331100000,,00002509,,,,,,,,20,10,0,10,10,2509,,33332122152235252115113112312531333555,AAAABCBBCDBBADBDBCCDCCACCBACBDACAAADDD,AAAABCBBCDBBADBDBCCDCCACBCACBDACAAADDD,,,1,2509,,,,,,,,,,,,,
212959,40,,,,,,,,,33,35,55,611500000000122000000000212000000007151500000000153100000000533113000000,,00002421,,,,,,,,19,11,0,8,8,2421,,333321221522352521151131123125313335,AAAABCBBCDBBADBDBCCDCCACCBACBDACAAAD,AAAABCBBCDBBADBDBCCDCCACBCACBDACAAAD,,,1,2421,,,,,R_T1_GTRf__pat00001,,,,,,,,,55,33,25,553300000000113500000000515300000007121000000000225300000000111331100000,,00002519,,,,,,,,21,11,0,10,10,2519,,3333212215223525211511311231253133355533,AAAABCBBCDBBADBDBCCDCCACCBACBDACAAADDDAA,AAAABCBBCDBBADBDBCCDCCACBCACBDACAAADDDAA,,,1,2519,,,,,,,,,,,,,
212990,41,,,,,,,,,35,55,33,611500000000122000000000212000000007151530000000153130000000533113000000,,00002430,,,,,,,,20,12,0,9,9,2430,,33332122152235252115113112312531333555,AAAABCBBCDBBADBDBCCDCCACCBACBDACAAADDD,AAAABCBBCDBBADBDBCCDCCACBCACBDACAAADDD,,,1,2430,,,,,R_T1_GTRf__pat00001,,,,,,,,,55,33,25,553300000000113500000000515300000007121000000000225300000000111331100000,,00002519,,,,,,,,21,11,0,10,10,2519,,3333212215223525211511311231253133355533,AAAABCBBCDBBADBDBCCDCCACCBACBDACAAADDDAA,AAAABCBBCDBBADBDBCCDCCACBCACBDACAAADDDAA,,,1,2519,,,,,,,,,,,,,
212999,42,,,,,,,,,35,55,33,611500000000122000000000212000000007151530000000153130000000533113000000,,00002430,,,,,,,,20,12,0,9,9,2430,,33332122152235252115113112312531333555,AAAABCBBCDBBADBDBCCDCCACCBACBDACAAADDD,AAAABCBBCDBBADBDBCCDCCACBCACBDACAAADDD,,,1,2430,,,,,R_T1_GTRf__pat00001,,,,,,,,,33,25,51,553300000000113500000000515300000007121000000000225300000000111331155000,,00002524,,,,,,,,22,12,0,5,5,2524,,333321221522352521151131123125313335553325,AAAABCBBCDBBADBDBCCDCCACCBACBDACAAADDDAABD,AAAABCBBCDBBADBDBCCDCCACBCACBDACAAADDDAABD,,,1,2524,,,,,,,,,,,,,
213031,43,,,,,,,,,55,33,25,611500000000122000000000212000000007151530000000153130000000533113530000,,00002436,,,,,,,,21,13,0,6,6,2436,,3333212215223525211511311231253133355533,AAAABCBBCDBBADBDBCCDCCACCBACBDACAAADDDAA,AAAABCBBCDBBADBDBCCDCCACBCACBDACAAADDDAA,,,1,2436,,,,,R_T1_GTRf__pat00001,,,,,,,,,33,25,51,553300000000113500000000515300000007121000000000225300000000111331155000,,00002524,,,,,,,,22,12,0,5,5,2524,,333321221522352521151131123125313335553325,AAAABCBBCDBBADBDBCCDCCACCBACBDACAAADDDAABD,AAAABCBBCDBBADBDBCCDCCACBCACBDACAAADDDAABD,,,1,2524,,,,,,,,,,,,,
213042,44,,,,,,,,,55,33,25,611500000000122000000000212000000007151530000000153130000000533113530000,,00002436,,,,,,,,21,13,0,6,6,2436,,3333212215223525211511311231253133355533,AAAABCBBCDBBADBDBCCDCCACCBACBDACAAADDDAA,AAAABCBBCDBBADBDBCCDCCACBCACBDACAAADDDAA,,,1,2436,,,,,R_T1_GTRf__pat00001,,,,,,,,,25,51,55,553300000000113533000000515300000007121000000000225300000000111331155000,,00002532,,,,,,,,23,13,0,8,8,2532,,33332122152235252115113112312531333555332551,AAAABCBBCDBBADBDBCCDCCACCBACBDACAAADDDAABDDC,AAAABCBBCDBBADBDBCCDCCACBCACBDACAAADDDAABDCD,,,1,2532,,,,,,,,,,,,,
213073,45,,,,,,,,,33,25,51,611500000000122000000000212000000007151535000000153135000000533113530000,,00002444,,,,,,,,22,14,0,8,8,2444,,333321221522352521151131123125313335553325,AAAABCBBCDBBADBDBCCDCCACCBACBDACAAADDDAABD,AAAABCBBCDBBADBDBCCDCCACBCACBDACAAADDDAABD,,,1,2444,,,,,R_T1_GTRf__pat00001,,,,,,,,,25,51,55,553300000000113533000000515300000007121000000000225300000000111331155000,,00002532,,,,,,,,23,13,0,8,8,2532,,33332122152235252115113112312531333555332551,AAAABCBBCDBBADBDBCCDCCACCBACBDACAAADDDAABDDC,AAAABCBBCDBBADBDBCCDCCACBCACBDACAAADDDAABDCD,,,1,2532,,,,,,,,,,,,,
213104,46,,,,,,,,,33,25,51,611500000000122000000000212000000007151535000000153135000000533113530000,,00002444,,,,,,,,22,14,0,8,8,2444,,333321221522352521151131123125313335553325,AAAABCBBCDBBADBDBCCDCCACCBACBDACAAADDDAABD,AAAABCBBCDBBADBDBCCDCCACBCACBDACAAADDDAABD,,,1,2444,,,,,R_T1_GTRf__pat00001,,,,,,,,,51,55,13,553300000000113533000000515300000007121200000000225350000000111331155000,,00002541,,,,,,,,24,14,0,9,9,2541,,3333212215223525211511311231253133355533255155,AAAABCBBCDBBADBDBCCDCCACCBACBDACAAADDDAABDDCDD,AAAABCBBCDBBADBDBCCDCCACBCACBDACAAADDDAABDCDDD,,,1,2541,,,,,,,,,,,,,
213136,47,,,,,,,,,25,51,55,611500000000122000000000212000000007151535000000153135300000533113533000,,00002449,,,,,,,,23,15,0,5,5,2449,,33332122152235252115113112312531333555332551,AAAABCBBCDBBADBDBCCDCCACCBACBDACAAADDDAABDDC,AAAABCBBCDBBADBDBCCDCCACBCACBDACAAADDDAABDCD,,,1,2449,,,,,R_T1_GTRf__pat00001,,,,,,,,,51,55,13,553300000000113533000000515300000007121200000000225350000000111331155000,,00002541,,,,,,,,24,14,0,9,9,2541,,3333212215223525211511311231253133355533255155,AAAABCBBCDBBADBDBCCDCCACCBACBDACAAADDDAABDDCDD,AAAABCBBCDBBADBDBCCDCCACBCACBDACAAADDDAABDCDDD,,,1,2541,,,,,,,,,,,,,
213149,48,,,,,,,,,25,51,55,611500000000122000000000212000000007151535000000153135300000533113533000,,00002449,,,,,,,,23,15,0,5,5,2449,,33332122152235252115113112312531333555332551,AAAABCBBCDBBADBDBCCDCCACCBACBDACAAADDDAABDDC,AAAABCBBCDBBADBDBCCDCCACBCACBDACAAADDDAABDCD,,,1,2449,,,,,R_T1_GTRf__pat00001,,,,,,,,,55,13,51,553300000000113533000000515300000007121200000000225355100000111331155000,,00002549,,,,,,,,25,15,0,8,8,2549,,333321221522352521151131123125313335553325515513,AAAABCBBCDBBADBDBCCDCCACCBACBDACAAADDDAABDDCDDCA,AAAABCBBCDBBADBDBCCDCCACBCACBDACAAADDDAABDCDDDAC,,,1,2549,,,,,,,,,,,,,
213179,49,,,,,,,,,51,55,13,611552000000122000000000212000000007151535000000153135300000533113533000,,00002457,,,,,,,,24,16,0,8,8,2457,,3333212215223525211511311231253133355533255155,AAAABCBBCDBBADBDBCCDCCACCBACBDACAAADDDAABDDCDD,AAAABCBBCDBBADBDBCCDCCACBCACBDACAAADDDAABDCDDD,,,1,2457,,,,,R_T1_GTRf__pat00001,,,,,,,,,55,13,51,553300000000113533000000515300000007121200000000225355100000111331155000,,00002549,,,,,,,,25,15,0,8,8,2549,,333321221522352521151131123125313335553325515513,AAAABCBBCDBBADBDBCCDCCACCBACBDACAAADDDAABDDCDDCA,AAAABCBBCDBBADBDBCCDCCACBCACBDACAAADDDAABDCDDDAC,,,1,2549,,,,,,,,,,,,,
213194,50,,,,,,,,,51,55,13,611552000000122000000000212000000007151535000000153135300000533113533000,,00002457,,,,,,,,24,16,0,8,8,2457,,3333212215223525211511311231253133355533255155,AAAABCBBCDBBADBDBCCDCCACCBACBDACAAADDDAABDDCDD,AAAABCBBCDBBADBDBCCDCCACBCACBDACAAADDDAABDCDDD,,,1,2457,,,,,R_T1_GTRf__pat00001,,,,,,,,,13,51,21,553355000000113533000000515300000007121200000000225355100000111331155000,,00002557,,,,,,,,26,16,0,8,8,2557,,33332122152235252115113112312531333555332551551351,AAAABCBBCDBBADBDBCCDCCACCBACBDACAAADDDAABDDCDDCADC,AAAABCBBCDBBADBDBCCDCCACBCACBDACAAADDDAABDCDDDACCD,,,1,2557,,,,,,,,,,,,,
213225,51,,,,,,,,,55,13,51,611552000000122150000000212000000007151535000000153135300000533113533000,,00002466,,,,,,,,25,17,0,9,9,2466,,333321221522352521151131123125313335553325515513,AAAABCBBCDBBADBDBCCDCCACCBACBDACAAADDDAABDDCDDCA,AAAABCBBCDBBADBDBCCDCCACBCACBDACAAADDDAABDCDDDAC,,,1,2466,,,,,R_T1_GTRf__pat00001,,,,,,,,,13,51,21,553355000000113533000000515300000007121200000000225355100000111331155000,,00002557,,,,,,,,26,16,0,8,8,2557,,33332122152235252115113112312531333555332551551351,AAAABCBBCDBBADBDBCCDCCACCBACBDACAAADDDAABDDCDDCADC,AAAABCBBCDBBADBDBCCDCCACBCACBDACAAADDDAABDCDDDACCD,,,1,2557,,,,,,,,,,,,,
213235,52,,,,,,,,,55,13,51,611552000000122150000000212000000007151535000000153135300000533113533000,,00002466,,,,,,,,25,17,0,9,9,2466,,333321221522352521151131123125313335553325515513,AAAABCBBCDBBADBDBCCDCCACCBACBDACAAADDDAABDDCDDCA,AAAABCBBCDBBADBDBCCDCCACBCACBDACAAADDDAABDCDDDAC,,,1,2466,,,,,R_T1_GTRf__pat00001,,,,,,,,,51,21,33,553355000000113533000000515313000007121200000000225355100000111331155000,,00002566,,,,,,,,27,17,0,9,9,2566,,3333212215223525211511311231253133355533255155135121,AAAABCBBCDBBADBDBCCDCCACCBACBDACAAADDDAABDDCDDCADCBC,AAAABCBBCDBBADBDBCCDCCACBCACBDACAAADDDAABDCDDDACCDBC,,,1,2566,,,,,,,,,,,,,
213268,53,,,,,,,,,13,51,21,611552550000122150000000212000000007151535000000153135300000533113533000,,00002472,,,,,,,,26,18,0,6,6,2472,,33332122152235252115113112312531333555332551551351,AAAABCBBCDBBADBDBCCDCCACCBACBDACAAADDDAABDDCDDCADC,AAAABCBBCDBBADBDBCCDCCACBCACBDACAAADDDAABDCDDDACCD,,,1,2472,,,,,R_T1_GTRf__pat00001,,,,,,,,,51,21,33,553355000000113533000000515313000007121200000000225355100000111331155000,,00002566,,,,,,,,27,17,0,9,9,2566,,3333212215223525211511311231253133355533255155135121,AAAABCBBCDBBADBDBCCDCCACCBACBDACAAADDDAABDDCDDCADCBC,AAAABCBBCDBBADBDBCCDCCACBCACBDACAAADDDAABDCDDDACCDBC,,,1,2566,,,,,,,,,,,,,
213279,54,,,,,,,,,13,51,21,611552550000122150000000212000000007151535000000153135300000533113533000,,00002472,,,,,,,,26,18,0,6,6,2472,,33332122152235252115113112312531333555332551551351,AAAABCBBCDBBADBDBCCDCCACCBACBDACAAADDDAABDDCDDCADC,AAAABCBBCDBBADBDBCCDCCACBCACBDACAAADDDAABDCDDDACCD,,,1,2472,,,,,R_T1_GTRf__pat00001,,,,,,,,,21,33,35,553355000000113533000000515313000007121251000000225355100000111331155000,,00002575,,,,,,,,28,18,0,9,9,2575,,333321221522352521151131123125313335553325515513512133,AAAABCBBCDBBADBDBCCDCCACCBACBDACAAADDDAABDDCDDCADCBCAA,AAAABCBBCDBBADBDBCCDCCACBCACBDACAAADDDAABDCDDDACCDBCAA,,,1,2575,,,,,,,,,,,,,
213320,55,,,,,,,,,13,51,21,611552550000122150000000212000000007151535000000153135300000533113533000,,00002472,,,,,,,,26,18,0,6,6,2472,,33332122152235252115113112312531333555332551551351,AAAABCBBCDBBADBDBCCDCCACCBACBDACAAADDDAABDDCDDCADC,AAAABCBBCDBBADBDBCCDCCACBCACBDACAAADDDAABDCDDDACCD,,,1,2472,,,,,R_T1_GTRf__pat00001,,,,,,,,,33,35,33,553355000000113533000000515313000007121251210000225355100000111331155000,,00002582,,,,,,,,29,19,0,7,7,2582,,33332122152235252115113112312531333555332551551351213335,AAAABCBBCDBBADBDBCCDCCACCBACBDACAAADDDAABDDCDDCADCBCAAAD,AAAABCBBCDBBADBDBCCDCCACBCACBDACAAADDDAABDCDDDACCDBCAAAD,,,1,2582,,,,,,,,,,,,,
213327,56,,,,,,,,,51,21,33,611552550000122150000000212000000007151535000000153135310000533113533300,,00002476,,,,,,,,27,19,0,4,4,2476,,3333212215223525211511311231253133355533255155135121,AAAABCBBCDBBADBDBCCDCCACCBACBDACAAADDDAABDDCDDCADCBC,AAAABCBBCDBBADBDBCCDCCACBCACBDACAAADDDAABDCDDDACCDBC,,,1,2476,,,,,R_T1_GTRf__pat00001,,,,,,,,,33,35,33,553355000000113533000000515313000007121251210000225355100000111331155000,,00002582,,,,,,,,29,19,0,7,7,2582,,33332122152235252115113112312531333555332551551351213335,AAAABCBBCDBBADBDBCCDCCACCBACBDACAAADDDAABDDCDDCADCBCAAAD,AAAABCBBCDBBADBDBCCDCCACBCACBDACAAADDDAABDCDDDACCDBCAAAD,,,1,2582,,,,,,,,,,,,,
213351,57,,,,,,,,,51,21,33,611552550000122150000000212000000007151535000000153135310000533113533300,,00002476,,,,,,,,27,19,0,4,4,2476,,3333212215223525211511311231253133355533255155135121,AAAABCBBCDBBADBDBCCDCCACCBACBDACAAADDDAABDDCDDCADCBC,AAAABCBBCDBBADBDBCCDCCACBCACBDACAAADDDAABDCDDDACCDBC,,,1,2476,,,,,R_T1_GTRf__pat00001,,,,,,,,,,35,33,553355300000113533300000515313000007121251210000225355100000111331155000,,bb50abb2,,,,,,,,30,0,1,bb50abb2,100,2682,,33332122152235252115113112312531333555332551551351213335,AAAABCBBCDBBADBDBCCDCCACCBACBDACAAADDDAABDDCDDCADCBCAAAD,AAAABCBBCDBBADBDBCCDCCACBCACBDACAAADDDAABDCDDDACCDBCAAAD,,,1,2682,,,,,,,,,,,,,
213388,58,,,,,,,,,21,33,35,611552550000122150000000212000000007151535500000153135311000533113533300,,00002481,,,,,,,,28,20,0,5,5,2481,,333321221522352521151131123125313335553325515513512133,AAAABCBBCDBBADBDBCCDCCACCBACBDACAAADDDAABDDCDDCADCBCAA,AAAABCBBCDBBADBDBCCDCCACBCACBDACAAADDDAABDCDDDACCDBCAA,,,1,2481,,,,,R_T1_GTRf__pat00001,,,,,,,,,,35,33,553355300000113533300000515313000007121251210000225355100000111331155000,,bb50abb2,,,,,,,,30,0,1,bb50abb2,100,2682,,33332122152235252115113112312531333555332551551351213335,AAAABCBBCDBBADBDBCCDCCACCBACBDACAAADDDAABDDCDDCADCBCAAAD,AAAABCBBCDBBADBDBCCDCCACBCACBDACAAADDDAABDCDDDACCDBCAAAD,,,1,2682,,,,,,,,,,,,,
213416,59,,,,,,,,,21,33,35,611552550000122150000000212000000007151535500000153135311000533113533300,,00002481,,,,,,,,28,20,0,5,5,2481,,333321221522352521151131123125313335553325515513512133,AAAABCBBCDBBADBDBCCDCCACCBACBDACAAADDDAABDDCDDCADCBCAA,AAAABCBBCDBBADBDBCCDCCACBCACBDACAAADDDAABDCDDDACCDBCAA,,,1,2481,,,,,R_T1_GTRf__pat00001,,,,,,,,,35,33,31,553350000000113500000000515310000007121251210000225355100000111331155000,,00002689,,,,,,,,31,1,0,7,7,2689,,3333212215223525211511311231253133355533255155135121333533,AAAABCBBCDBBADBDBCCDCCACCBACBDACAAADDDAABDDCDDCADCBCAAADAA,AAAABCBBCDBBADBDBCCDCCACBCACBDACAAADDDAABDCDDDACCDBCAAADAA,,,1,2689,,,,,,,,,,,,,
213460,60,,,,,,,,,21,33,35,611552550000122150000000212000000007151535500000153135311000533113533300,,00002481,,,,,,,,28,20,0,5,5,2481,,333321221522352521151131123125313335553325515513512133,AAAABCBBCDBBADBDBCCDCCACCBACBDACAAADDDAABDDCDDCADCBCAA,AAAABCBBCDBBADBDBCCDCCACBCACBDACAAADDDAABDCDDDACCDBCAA,,,1,2481,,,,,R_T1_GTRf__pat00001,,,,,,,,,33,31,35,553355000000113535000000515310000007121251210000225355100000111331155000,,00002698,,,,,,,,32,2,0,9,9,2698,,333321221522352521151131123125313335553325515513512133353331,AAAABCBBCDBBADBDBCCDCCACCBACBDACAAADDDAABDDCDDCADCBCAAADAAAC,AAAABCBBCDBBADBDBCCDCCACBCACBDACAAADDDAABDCDDDACCDBCAAADAAAC,,,1,2698,,,,,,,,,,,,,
213500,61,,,,,,,,,21,33,35,611552550000122150000000212000000007151535500000153135311000533113533300,,00002481,,,,,,,,28,20,0,5,5,2481,,333321221522352521151131123125313335553325515513512133,AAAABCBBCDBBADBDBCCDCCACCBACBDACAAADDDAABDDCDDCADCBCAA,AAAABCBBCDBBADBDBCCDCCACBCACBDACAAADDDAABDCDDDACCDBCAA,,,1,2481,,,,,R_T1_GTRf__pat00001,,,,,,,,,31,35,12,553355330000113535000000515310000007121251210000225355100000111331155000,,00002704,,,,,,,,33,3,0,6,6,2704,,33332122152235252115113112312531333555332551551351213335333135,AAAABCBBCDBBADBDBCCDCCACCBACBDACAAADDDAABDDCDDCADCBCAAADAAACAD,AAAABCBBCDBBADBDBCCDCCACBCACBDACAAADDDAABDCDDDACCDBCAAADAAACAD,,,1,2704,,,,,,,,,,,,,
213509,62,,,,,,,,,33,35,33,611552556000122152000000212160000007151535500000153135311600533113533360,,00002489,,,,,,,,29,21,0,8,8,2489,,33332122152235252115113112312531333555332551551351213335,AAAABCBBCDBBADBDBCCDCCACCBACBDACAAADDDAABDDCDDCADCBCAAAD,AAAABCBBCDBBADBDBCCDCCACBCACBDACAAADDDAABDCDDDACCDBCAAAD,,,1,2489,,,,,R_T1_GTRf__pat00001,,,,,,,,,31,35,12,553355330000113535000000515310000007121251210000225355100000111331155000,,00002704,,,,,,,,33,3,0,6,6,2704,,33332122152235252115113112312531333555332551551351213335333135,AAAABCBBCDBBADBDBCCDCCACCBACBDACAAADDDAABDDCDDCADCBCAAADAAACAD,AAAABCBBCDBBADBDBCCDCCACBCACBDACAAADDDAABDCDDDACCDBCAAADAAACAD,,,1,2704,,,,,,,,,,,,,
213538,63,,,,,,,,,33,35,33,611552556000122152000000212160000007151535500000153135311600533113533360,,00002489,,,,,,,,29,21,0,8,8,2489,,33332122152235252115113112312531333555332551551351213335,AAAABCBBCDBBADBDBCCDCCACCBACBDACAAADDDAABDDCDDCADCBCAAAD,AAAABCBBCDBBADBDBCCDCCACBCACBDACAAADDDAABDCDDDACCDBCAAAD,,,1,2489,,,,,R_T1_GTRf__pat00001,,,,,,,,,35,12,22,553355330000113535000000515310000007121251210000225355100000111331155310,,00002708,,,,,,,,34,4,0,4,4,2708,,3333212215223525211511311231253133355533255155135121333533313512,AAAABCBBCDBBADBDBCCDCCACCBACBDACAAADDDAABDDCDDCADCBCAAADAAACADCB,AAAABCBBCDBBADBDBCCDCCACBCACBDACAAADDDAABDCDDDACCDBCAAADAAACADBC,,,1,2708,,,,,,,,,,,,,
213549,64,,,,,,,,,35,33,31,611552556000122152330000212160000007151535500000153135311600533113533360,,00002495,,,,,,,,30,22,0,6,6,2495,,3333212215223525211511311231253133355533255155135121333533,AAAABCBBCDBBADBDBCCDCCACCBACBDACAAADDDAABDDCDDCADCBCAAADAA,AAAABCBBCDBBADBDBCCDCCACBCACBDACAAADDDAABDCDDDACCDBCAAADAA,,,1,2495,,,,,R_T1_GTRf__pat00001,,,,,,,,,35,12,22,553355330000113535000000515310000007121251210000225355100000111331155310,,00002708,,,,,,,,34,4,0,4,4,2708,,3333212215223525211511311231253133355533255155135121333533313512,AAAABCBBCDBBADBDBCCDCCACCBACBDACAAADDDAABDDCDDCADCBCAAADAAACADCB,AAAABCBBCDBBADBDBCCDCCACBCACBDACAAADDDAABDCDDDACCDBCAAADAAACADBC,,,1,2708,,,,,,,,,,,,,
213578,65,,,,,,,,,35,33,31,611552556000122152330000212160000007151535500000153135311600533113533360,,00002495,,,,,,,,30,22,0,6,6,2495,,3333212215223525211511311231253133355533255155135121333533,AAAABCBBCDBBADBDBCCDCCACCBACBDACAAADDDAABDDCDDCADCBCAAADAA,AAAABCBBCDBBADBDBCCDCCACBCACBDACAAADDDAABDCDDDACCDBCAAADAA,,,1,2495,,,,,R_T1_GTRf__pat00001,,,,,,,,,12,22,53,553355330000113535350000515310000007121251210000225355100000111331155310,,00002715,,,,,,,,35,5,0,7,7,2715,,333321221522352521151131123125313335553325515513512133353331351222,AAAABCBBCDBBADBDBCCDCCACCBACBDACAAADDDAABDDCDDCADCBCAAADAAACADCBBB,AAAABCBBCDBBADBDBCCDCCACBCACBDACAAADDDAABDCDDDACCDBCAAADAAACADBCBB,,,1,2715,,,,,,,,,,,,,
213585,66,,,,,,,,,33,31,35,611552556350122152330000212160000007151535500000153135311600533113533360,,00002499,,,,,,,,31,23,0,4,4,2499,,333321221522352521151131123125313335553325515513512133353331,AAAABCBBCDBBADBDBCCDCCACCBACBDACAAADDDAABDDCDDCADCBCAAADAAAC,AAAABCBBCDBBADBDBCCDCCACBCACBDACAAADDDAABDCDDDACCDBCAAADAAAC,,,1,2499,,,,,R_T1_GTRf__pat00001,,,,,,,,,12,22,53,553355330000113535350000515310000007121251210000225355100000111331155310,,00002715,,,,,,,,35,5,0,7,7,2715,,333321221522352521151131123125313335553325515513512133353331351222,AAAABCBBCDBBADBDBCCDCCACCBACBDACAAADDDAABDDCDDCADCBCAAADAAACADCBBB,AAAABCBBCDBBADBDBCCDCCACBCACBDACAAADDDAABDCDDDACCDBCAAADAAACADBCBB,,,1,2715,,,,,,,,,,,,,
213610,67,,,,,,,,,,31,35,611552556350122152333300212160000007151535500000153135311600533113533360,,bb50abb2,,,,,,,,32,0,1,bb50abb2,100,2599,,333321221522352521151131123125313335553325515513512133353331,AAAABCBBCDBBADBDBCCDCCACCBACBDACAAADDDAABDDCDDCADCBCAAADAAAC,AAAABCBBCDBBADBDBCCDCCACBCACBDACAAADDDAABDCDDDACCDBCAAADAAAC,,,1,2599,,,,,R_T1_GTRf__pat00001,,,,,,,,,12,22,53,553355330000113535350000515310000007121251210000225355100000111331155310,,00002715,,,,,,,,35,5,0,7,7,2715,,333321221522352521151131123125313335553325515513512133353331351222,AAAABCBBCDBBADBDBCCDCCACCBACBDACAAADDDAABDDCDDCADCBCAAADAAACADCBBB,AAAABCBBCDBBADBDBCCDCCACBCACBDACAAADDDAABDCDDDACCDBCAAADAAACADBCBB,,,1,2715,,,,,,,,,,,,,
213611,68,,,,,,,,,,31,35,611552556350122152333300212160000007151535500000153135311600533113533360,,bb50abb2,,,,,,,,32,0,1,bb50abb2,100,2599,,333321221522352521151131123125313335553325515513512133353331,AAAABCBBCDBBADBDBCCDCCACCBACBDACAAADDDAABDDCDDCADCBCAAADAAAC,AAAABCBBCDBBADBDBCCDCCACBCACBDACAAADDDAABDCDDDACCDBCAAADAAAC,,,1,2599,,,,,R_T1_GTRf__pat00001,,,,,,,,,22,53,21,553355330000113535350000515310000007121251210000225355100000111331155311,,00002717,,,,,,,,36,6,0,2,2,2717,,33332122152235252115113112312531333555332551551351213335333135122253,AAAABCBBCDBBADBDBCCDCCACCBACBDACAAADDDAABDDCDDCADCBCAAADAAACADCBBBDA,AAAABCBBCDBBADBDBCCDCCACBCACBDACAAADDDAABDCDDDACCDBCAAADAAACADBCBBAD,,,1,2717,,,,,,,,,,,,,
213654,69,,,,,,,,,,31,35,611552556350122152333300212160000007151535500000153135311600533113533360,,bb50abb2,,,,,,,,32,0,1,bb50abb2,100,2599,,333321221522352521151131123125313335553325515513512133353331,AAAABCBBCDBBADBDBCCDCCACCBACBDACAAADDDAABDDCDDCADCBCAAADAAAC,AAAABCBBCDBBADBDBCCDCCACBCACBDACAAADDDAABDCDDDACCDBCAAADAAAC,,,1,2599,,,,,R_T1_GTRf__pat00001,,,,,,,,,53,21,51,553355330000113535350000515312200007121251210000225355100000111331155311,,00002725,,,,,,,,37,7,0,8,8,2725,,3333212215223525211511311231253133355533255155135121333533313512225321,AAAABCBBCDBBADBDBCCDCCACCBACBDACAAADDDAABDDCDDCADCBCAAADAAACADCBBBDABC,AAAABCBBCDBBADBDBCCDCCACBCACBDACAAADDDAABDCDDDACCDBCAAADAAACADBCBBADBC,,,1,2725,,,,,,,,,,,,,
213679,70,,,,,,,,,,31,35,611552556350122152333300212160000007151535500000153135311600533113533360,,bb50abb2,,,,,,,,32,0,1,bb50abb2,100,2599,,333321221522352521151131123125313335553325515513512133353331,AAAABCBBCDBBADBDBCCDCCACCBACBDACAAADDDAABDDCDDCADCBCAAADAAAC,AAAABCBBCDBBADBDBCCDCCACBCACBDACAAADDDAABDCDDDACCDBCAAADAAAC,,,1,2599,,,,,R_T1_GTRf__pat00001,,,,,,,,,,21,51,553355333000113535355000515312200007121251210000225355100000111331155311,,bb40abb1,,,,,,,,38,0,1,bb40abb1,40,2765,,3333212215223525211511311231253133355533255155135121333533313512225321,AAAABCBBCDBBADBDBCCDCCACCBACBDACAAADDDAABDDCDDCADCBCAAADAAACADCBBBDABC,AAAABCBBCDBBADBDBCCDCCACBCACBDACAAADDDAABDCDDDACCDBCAAADAAACADBCBBADBC,,,1,2765,,,,,,,,,,,,,
213703,71,,,,,,,,,31,35,12,611552555000122152000000212160000007151535500000153135311600533113533360,,00002603,,,,,,,,33,1,0,4,4,2603,,33332122152235252115113112312531333555332551551351213335333135,AAAABCBBCDBBADBDBCCDCCACCBACBDACAAADDDAABDDCDDCADCBCAAADAAACAD,AAAABCBBCDBBADBDBCCDCCACBCACBDACAAADDDAABDCDDDACCDBCAAADAAACAD,,,1,2603,,,,,R_T1_GTRf__pat00001,,,,,,,,,,21,51,553355333000113535355000515312200007121251210000225355100000111331155311,,bb40abb1,,,,,,,,38,0,1,bb40abb1,40,2765,,3333212215223525211511311231253133355533255155135121333533313512225321,AAAABCBBCDBBADBDBCCDCCACCBACBDACAAADDDAABDDCDDCADCBCAAADAAACADCBBBDABC,AAAABCBBCDBBADBDBCCDCCACBCACBDACAAADDDAABDCDDDACCDBCAAADAAACADBCBBADBC,,,1,2765,,,,,,,,,,,,,
213759,72,,,,,,,,,31,35,12,611552555000122152000000212160000007151535500000153135311600533113533360,,00002603,,,,,,,,33,1,0,4,4,2603,,33332122152235252115113112312531333555332551551351213335333135,AAAABCBBCDBBADBDBCCDCCACCBACBDACAAADDDAABDDCDDCADCBCAAADAAACAD,AAAABCBBCDBBADBDBCCDCCACBCACBDACAAADDDAABDCDDDACCDBCAAADAAACAD,,,1,2603,,,,,R_T1_GTRf__pat00001,,,,,,,,,,21,51,553355000000113535550000515312200007121251210000225355100000111331155311,,bb50ab10,,,,,,,,39,0,2,bb50ab10,500,3265,,3333212215223525211511311231253133355533255155135121333533313512225321,AAAABCBBCDBBADBDBCCDCCACCBACBDACAAADDDAABDDCDDCADCBCAAADAAACADCBBBDABC,AAAABCBBCDBBADBDBCCDCCACBCACBDACAAADDDAABDCDDDACCDBCAAADAAACADBCBBADBC,,,2,3265,,,,,,,,,,,,,
213763,73,,,,,,,,,35,12,22,611552555000122152000000212160000007151535531000153135311600533113533360,,00002608,,,,,,,,34,2,0,5,5,2608,,3333212215223525211511311231253133355533255155135121333533313512,AAAABCBBCDBBADBDBCCDCCACCBACBDACAAADDDAABDDCDDCADCBCAAADAAACADCB,AAAABCBBCDBBADBDBCCDCCACBCACBDACAAADDDAABDCDDDACCDBCAAADAAACADBC,,,1,2608,,,,,R_T1_GTRf__pat00001,,,,,,,,,,21,51,553355000000113535550000515312200007121251210000225355100000111331155311,,bb50ab10,,,,,,,,39,0,2,bb50ab10,500,3265,,3333212215223525211511311231253133355533255155135121333533313512225321,AAAABCBBCDBBADBDBCCDCCACCBACBDACAAADDDAABDDCDDCADCBCAAADAAACADCBBBDABC,AAAABCBBCDBBADBDBCCDCCACBCACBDACAAADDDAABDCDDDACCDBCAAADAAACADBCBBADBC,,,2,3265,,,,,,,,,,,,,
213794,74,,,,,,,,,,12,22,611552555000122152000000212163500007151535531000153135311600533113533360,,bb40abb1,,,,,,,,35,0,1,bb40abb1,40,2648,,3333212215223525211511311231253133355533255155135121333533313512,AAAABCBBCDBBADBDBCCDCCACCBACBDACAAADDDAABDDCDDCADCBCAAADAAACADCB,AAAABCBBCDBBADBDBCCDCCACBCACBDACAAADDDAABDCDDDACCDBCAAADAAACADBC,,,1,2648,,,,,R_T1_GTRf__pat00001,,,,,,,,,,21,51,553355000000113535550000515312200007121251210000225355100000111331155311,,bb50ab10,,,,,,,,39,0,2,bb50ab10,500,3265,,3333212215223525211511311231253133355533255155135121333533313512225321,AAAABCBBCDBBADBDBCCDCCACCBACBDACAAADDDAABDDCDDCADCBCAAADAAACADCBBBDABC,AAAABCBBCDBBADBDBCCDCCACBCACBDACAAADDDAABDCDDDACCDBCAAADAAACADBCBBADBC,,,2,3265,,,,,,,,,,,,,
213823,75,,,,,,,,,,12,22,611552555000122152000000212163500007151535531000153135311600533113533360,,bb40abb1,,,,,,,,35,0,1,bb40abb1,40,2648,,3333212215223525211511311231253133355533255155135121333533313512,AAAABCBBCDBBADBDBCCDCCACCBACBDACAAADDDAABDDCDDCADCBCAAADAAACADCB,AAAABCBBCDBBADBDBCCDCCACBCACBDACAAADDDAABDCDDDACCDBCAAADAAACADBC,,,1,2648,,,,,R_T1_GTRf__pat00001,,,,,,,,,21,51,12,553300000000113530000000515312200007121251210000225355100000111331155311,,00003270,,,,,,,,40,1,0,5,5,3270,,333321221522352521151131123125313335553325515513512133353331351222532151,AAAABCBBCDBBADBDBCCDCCACCBACBDACAAADDDAABDDCDDCADCBCAAADAAACADCBBBDABCDC,AAAABCBBCDBBADBDBCCDCCACBCACBDACAAADDDAABDCDDDACCDBCAAADAAACADBCBBADBCCD,,,2,3270,,,,,,,,,,,,,
213873,76,,,,,,,,,,12,22,611552555000122152000000212163500007151535531000153135311600533113533360,,bb40abb1,,,,,,,,35,0,1,bb40abb1,40,2648,,3333212215223525211511311231253133355533255155135121333533313512,AAAABCBBCDBBADBDBCCDCCACCBACBDACAAADDDAABDDCDDCADCBCAAADAAACADCB,AAAABCBBCDBBADBDBCCDCCACBCACBDACAAADDDAABDCDDDACCDBCAAADAAACADBC,,,1,2648,,,,,R_T1_GTRf__pat00001,,,,,,,,,,51,12,553300000000113530000000515312221007121251210000225355100000111331155311,,bb40abb1,,,,,,,,41,0,1,bb40abb1,40,3310,,333321221522352521151131123125313335553325515513512133353331351222532151,AAAABCBBCDBBADBDBCCDCCACCBACBDACAAADDDAABDDCDDCADCBCAAADAAACADCBBBDABCDC,AAAABCBBCDBBADBDBCCDCCACBCACBDACAAADDDAABDCDDDACCDBCAAADAAACADBCBBADBCCD,,,2,3310,,,,,,,,,,,,,
213877,77,,,,,,,,,,12,22,611552555000122152000000212163000007151533100000153133116000533113533360,,bb60ab11,,,,,,,,36,0,2,bb60ab11,660,3308,,3333212215223525211511311231253133355533255155135121333533313512,AAAABCBBCDBBADBDBCCDCCACCBACBDACAAADDDAABDDCDDCADCBCAAADAAACADCB,AAAABCBBCDBBADBDBCCDCCACBCACBDACAAADDDAABDCDDDACCDBCAAADAAACADBC,,,2,3308,,,,,R_T1_GTRf__pat00001,,,,,,,,,,51,12,553300000000113530000000515312221007121251210000225355100000111331155311,,bb40abb1,,,,,,,,41,0,1,bb40abb1,40,3310,,333321221522352521151131123125313335553325515513512133353331351222532151,AAAABCBBCDBBADBDBCCDCCACCBACBDACAAADDDAABDDCDDCADCBCAAADAAACADCBBBDABCDC,AAAABCBBCDBBADBDBCCDCCACBCACBDACAAADDDAABDCDDDACCDBCAAADAAACADBCBBADBCCD,,,2,3310,,,,,,,,,,,,,
213956,78,,,,,,,,,,12,22,611552555000122152000000212163000007151533100000153133116000533113533360,,bb60ab11,,,,,,,,36,0,2,bb60ab11,660,3308,,3333212215223525211511311231253133355533255155135121333533313512,AAAABCBBCDBBADBDBCCDCCACCBACBDACAAADDDAABDDCDDCADCBCAAADAAACADCB,AAAABCBBCDBBADBDBCCDCCACBCACBDACAAADDDAABDCDDDACCDBCAAADAAACADBC,,,2,3308,,,,,R_T1_GTRf__pat00001,,,,,,,,,,51,12,553300000000113530000000515311000007121251100000225355100000111331155311,,bb70ab12,,,,,,,,42,0,2,bb70ab12,840,4150,,333321221522352521151131123125313335553325515513512133353331351222532151,AAAABCBBCDBBADBDBCCDCCACCBACBDACAAADDDAABDDCDDCADCBCAAADAAACADCBBBDABCDC,AAAABCBBCDBBADBDBCCDCCACBCACBDACAAADDDAABDCDDDACCDBCAAADAAACADBCBBADBCCD,,,2,4150,,,,,,,,,,,,,
213958,79,,,,,,,,,,12,22,611552555000122152000000212100000007151510000000153111600000533115333600,,bb60ab19,,,,,,,,37,0,3,bb60ab19,1140,4448,,3333212215223525211511311231253133355533255155135121333533313512,AAAABCBBCDBBADBDBCCDCCACCBACBDACAAADDDAABDDCDDCADCBCAAADAAACADCB,AAAABCBBCDBBADBDBCCDCCACBCACBDACAAADDDAABDCDDDACCDBCAAADAAACADBC,,,3,4448,,,,,R_T1_GTRf__pat00001,,,,,,,,,,51,12,553300000000113530000000515311000007121251100000225355100000111331155311,,bb70ab12,,,,,,,,42,0,2,bb70ab12,840,4150,,333321221522352521151131123125313335553325515513512133353331351222532151,AAAABCBBCDBBADBDBCCDCCACCBACBDACAAADDDAABDDCDDCADCBCAAADAAACADCBBBDABCDC,AAAABCBBCDBBADBDBCCDCCACBCACBDACAAADDDAABDCDDDACCDBCAAADAAACADBCBBADBCCD,,,2,4150,,,,,,,,,,,,,
214038,80,,,,,,,,,,12,22,611552555000122152000000212100000007151510000000153111600000533115333600,,bb60ab19,,,,,,,,37,0,3,bb60ab19,1140,4448,,3333212215223525211511311231253133355533255155135121333533313512,AAAABCBBCDBBADBDBCCDCCACCBACBDACAAADDDAABDDCDDCADCBCAAADAAACADCB,AAAABCBBCDBBADBDBCCDCCACBCACBDACAAADDDAABDCDDDACCDBCAAADAAACADBC,,,3,4448,,,,,R_T1_GTRf__pat00001,,,,,,,,,,51,12,553300000000113530000000515300000007121250000000225355000000111335531120,,bb50ab18,,,,,,,,43,0,3,bb50ab18,900,5050,,333321221522352521151131123125313335553325515513512133353331351222532151,AAAABCBBCDBBADBDBCCDCCACCBACBDACAAADDDAABDDCDDCADCBCAAADAAACADCBBBDABCDC,AAAABCBBCDBBADBDBCCDCCACBCACBDACAAADDDAABDCDDDACCDBCAAADAAACADBCBBADBCCD,,,3,5050,,,,,,,,,,,,,
214051,81,,,,,,,,,12,22,53,611552555000122152000000212100000007151500000000153000000000533533360000,,00004456,,,,,,,,38,1,0,8,8,4456,,333321221522352521151131123125313335553325515513512133353331351222,AAAABCBBCDBBADBDBCCDCCACCBACBDACAAADDDAABDDCDDCADCBCAAADAAACADCBBB,AAAABCBBCDBBADBDBCCDCCACBCACBDACAAADDDAABDCDDDACCDBCAAADAAACADBCBB,,,3,4456,,,,,R_T1_GTRf__pat00001,,,,,,,,,,51,12,553300000000113530000000515300000007121250000000225355000000111335531120,,bb50ab18,,,,,,,,43,0,3,bb50ab18,900,5050,,333321221522352521151131123125313335553325515513512133353331351222532151,AAAABCBBCDBBADBDBCCDCCACCBACBDACAAADDDAABDDCDDCADCBCAAADAAACADCBBBDABCDC,AAAABCBBCDBBADBDBCCDCCACBCACBDACAAADDDAABDCDDDACCDBCAAADAAACADBCBBADBCCD,,,3,5050,,,,,,,,,,,,,
214090,82,,,,,,,,,22,53,21,611552555000122152210000212100000007151500000000153000000000533533360000,,00004462,,,,,,,,39,2,0,6,6,4462,,33332122152235252115113112312531333555332551551351213335333135122253,AAAABCBBCDBBADBDBCCDCCACCBACBDACAAADDDAABDDCDDCADCBCAAADAAACADCBBBDA,AAAABCBBCDBBADBDBCCDCCACBCACBDACAAADDDAABDCDDDACCDBCAAADAAACADBCBBAD,,,3,4462,,,,,R_T1_GTRf__pat00001,,,,,,,,,,51,12,553300000000113530000000515300000007121250000000225355000000111335531120,,bb50ab18,,,,,,,,43,0,3,bb50ab18,900,5050,,333321221522352521151131123125313335553325515513512133353331351222532151,AAAABCBBCDBBADBDBCCDCCACCBACBDACAAADDDAABDDCDDCADCBCAAADAAACADCBBBDABCDC,AAAABCBBCDBBADBDBCCDCCACBCACBDACAAADDDAABDCDDDACCDBCAAADAAACADBCBBADBCCD,,,3,5050,,,,,,,,,,,,,
214121,83,,,,,,,,,22,53,21,611552555000122152210000212100000007151500000000153000000000533533360000,,00004462,,,,,,,,39,2,0,6,6,4462,,33332122152235252115113112312531333555332551551351213335333135122253,AAAABCBBCDBBADBDBCCDCCACCBACBDACAAADDDAABDDCDDCADCBCAAADAAACADCBBBDA,AAAABCBBCDBBADBDBCCDCCACBCACBDACAAADDDAABDCDDDACCDBCAAADAAACADBCBBAD,,,3,4462,,,,,R_T1_GTRf__pat00001,,,,,,,,,,51,12,553300000000113530000000515300000007121200000000225300000000111333112000,,bb40ab32,,,,,,,,44,0,4,bb40ab32,1280,6330,,333321221522352521151131123125313335553325515513512133353331351222532151,AAAABCBBCDBBADBDBCCDCCACCBACBDACAAADDDAABDDCDDCADCBCAAADAAACADCBBBDABCDC,AAAABCBBCDBBADBDBCCDCCACBCACBDACAAADDDAABDCDDDACCDBCAAADAAACADBCBBADBCCD,,,4,6330,,,,,,,,,,,,,
214124,84,,,,,,,,,53,21,51,611552555220122152210000212100000007151500000000153000000000533533360000,,00004465,,,,,,,,40,3,0,3,3,4465,,3333212215223525211511311231253133355533255155135121333533313512225321,AAAABCBBCDBBADBDBCCDCCACCBACBDACAAADDDAABDDCDDCADCBCAAADAAACADCBBBDABC,AAAABCBBCDBBADBDBCCDCCACBCACBDACAAADDDAABDCDDDACCDBCAAADAAACADBCBBADBC,,,3,4465,,,,,R_T1_GTRf__pat00001,,,,,,,,,,51,12,553300000000113530000000515300000007121200000000225300000000111333112000,,bb40ab32,,,,,,,,44,0,4,bb40ab32,1280,6330,,333321221522352521151131123125313335553325515513512133353331351222532151,AAAABCBBCDBBADBDBCCDCCACCBACBDACAAADDDAABDDCDDCADCBCAAADAAACADCBBBDABCDC,AAAABCBBCDBBADBDBCCDCCACBCACBDACAAADDDAABDCDDDACCDBCAAADAAACADBCBBADBCCD,,,4,6330,,,,,,,,,,,,,
214163,85,,,,,,,,,21,51,12,611552555220122152210000212100000007151500000000153000000000533533365300,,00004470,,,,,,,,41,4,0,5,5,4470,,333321221522352521151131123125313335553325515513512133353331351222532151,AAAABCBBCDBBADBDBCCDCCACCBACBDACAAADDDAABDDCDDCADCBCAAADAAACADCBBBDABCDC,AAAABCBBCDBBADBDBCCDCCACBCACBDACAAADDDAABDCDDDACCDBCAAADAAACADBCBBADBCCD,,,3,4470,,,,,R_T1_GTRf__pat00001,,,,,,,,,,51,12,553300000000113530000000515300000007121200000000225300000000111333112000,,bb40ab32,,,,,,,,44,0,4,bb40ab32,1280,6330,,333321221522352521151131123125313335553325515513512133353331351222532151,AAAABCBBCDBBADBDBCCDCCACCBACBDACAAADDDAABDDCDDCADCBCAAADAAACADCBBBDABCDC,AAAABCBBCDBBADBDBCCDCCACBCACBDACAAADDDAABDCDDDACCDBCAAADAAACADBCBBADBCCD,,,4,6330,,,,,,,,,,,,,
214205,86,,,,,,,,,21,51,12,611552555220122152210000212100000007151500000000153000000000533533365300,,00004470,,,,,,,,41,4,0,5,5,4470,,333321221522352521151131123125313335553325515513512133353331351222532151,AAAABCBBCDBBADBDBCCDCCACCBACBDACAAADDDAABDDCDDCADCBCAAADAAACADCBBBDABCDC,AAAABCBBCDBBADBDBCCDCCACBCACBDACAAADDDAABDCDDDACCDBCAAADAAACADBCBBADBCCD,,,3,4470,,,,,R_T1_GTRf__pat00001,,,,,,,,,,51,12,553300000000113530000000515300000007121200000000225000000000111112000000,,bb50ab66,,,,,,,,45,0,5,bb50ab66,3300,9630,,333321221522352521151131123125313335553325515513512133353331351222532151,AAAABCBBCDBBADBDBCCDCCACCBACBDACAAADDDAABDDCDDCADCBCAAADAAACADCBBBDABCDC,AAAABCBBCDBBADBDBCCDCCACBCACBDACAAADDDAABDCDDDACCDBCAAADAAACADBCBBADBCCD,,,5,9630,,,,,,,,,,,,,
214206,87,,,,,,,,,51,12,32,611552555220122152210000212120000007151510000000153000000000533533325300,,00004479,,,,,,,,42,5,0,9,9,4479,,33332122152235252115113112312531333555332551551351213335333135122253215112,AAAABCBBCDBBADBDBCCDCCACCBACBDACAAADDDAABDDCDDCADCBCAAADAAACADCBBBDABCDCCB,AAAABCBBCDBBADBDBCCDCCACBCACBDACAAADDDAABDCDDDACCDBCAAADAAACADBCBBADBCCDBC,,,3,4479,,,,,R_T1_GTRf__pat00001,,,,,,,,,,51,12,553300000000113530000000515300000007121200000000225000000000111112000000,,bb50ab66,,,,,,,,45,0,5,bb50ab66,3300,9630,,333321221522352521151131123125313335553325515513512133353331351222532151,AAAABCBBCDBBADBDBCCDCCACCBACBDACAAADDDAABDDCDDCADCBCAAADAAACADCBBBDABCDC,AAAABCBBCDBBADBDBCCDCCACBCACBDACAAADDDAABDCDDDACCDBCAAADAAACADBCBBADBCCD,,,5,9630,,,,,,,,,,,,,
214254,88,,,,,,,,,12,32,35,611552555220122152210000212120000007151510000000153510000000533533365300,,00004489,,,,,,,,43,6,0,10,10,4489,,3333212215223525211511311231253133355533255155135121333533313512225321511232,AAAABCBBCDBBADBDBCCDCCACCBACBDACAAADDDAABDDCDDCADCBCAAADAAACADCBBBDABCDCCBAB,AAAABCBBCDBBADBDBCCDCCACBCACBDACAAADDDAABDCDDDACCDBCAAADAAACADBCBBADBCCDBCAB,,,3,4489,,,,,R_T1_GTRf__pat00001,,,,,,,,,,51,12,553300000000113530000000515300000007121200000000225000000000111112000000,,bb50ab66,,,,,,,,45,0,5,bb50ab66,3300,9630,,333321221522352521151131123125313335553325515513512133353331351222532151,AAAABCBBCDBBADBDBCCDCCACCBACBDACAAADDDAABDDCDDCADCBCAAADAAACADCBBBDABCDC,AAAABCBBCDBBADBDBCCDCCACBCACBDACAAADDDAABDCDDDACCDBCAAADAAACADBCBBADBCCD,,,5,9630,,,,,,,,,,,,,
214261,89,,,,,,,,,32,32,35,611552555220122152210000212120000007151510000000153510000000533533365320,,00004491,,,,,,,,44,7,0,2,2,4491,,333321221522352521151131123125313335553325515513512133353331351222532151123232,AAAABCBBCDBBADBDBCCDCCACCBACBDACAAADDDAABDDCDDCADCBCAAADAAACADCBBBDABCDCCBABAB,AAAABCBBCDBBADBDBCCDCCACBCACBDACAAADDDAABDCDDDACCDBCAAADAAACADBCBBADBCCDBCABAB,,,3,4491,,,,,R_T1_GTRf__pat00001,,,,,,,,,,51,12,553300000000113530000000515300000007121200000000225000000000111112000000,,bb50ab66,,,,,,,,45,0,5,bb50ab66,3300,9630,,333321221522352521151131123125313335553325515513512133353331351222532151,AAAABCBBCDBBADBDBCCDCCACCBACBDACAAADDDAABDDCDDCADCBCAAADAAACADCBBBDABCDC,AAAABCBBCDBBADBDBCCDCCACBCACBDACAAADDDAABDCDDDACCDBCAAADAAACADBCBBADBCCD,,,5,9630,,,,,,,,,,,,,
214293,90,,,,,,,,,32,32,35,611552555220122152210000212120000007151510000000153510000000533533365320,,00004491,,,,,,,,44,7,0,2,2,4491,,333321221522352521151131123125313335553325515513512133353331351222532151123232,AAAABCBBCDBBADBDBCCDCCACCBACBDACAAADDDAABDDCDDCADCBCAAADAAACADCBBBDABCDCCBABAB,AAAABCBBCDBBADBDBCCDCCACBCACBDACAAADDDAABDCDDDACCDBCAAADAAACADBCBBADBCCDBCABAB,,,3,4491,,,,,R_T1_GTRf__pat00001,,,,,,,,,,51,12,553300000000113530000000515300000007121200000000225000000000200000000000,,bb40ab96,,,,,,,,46,0,6,bb40ab96,3840,13470,,333321221522352521151131123125313335553325515513512133353331351222532151,AAAABCBBCDBBADBDBCCDCCACCBACBDACAAADDDAABDDCDDCADCBCAAADAAACADCBBBDABCDC,AAAABCBBCDBBADBDBCCDCCACBCACBDACAAADDDAABDCDDDACCDBCAAADAAACADBCBBADBCCD,,,6,13470,,,,,,,,,,,,,
214298,91,,,,,,,,,32,35,22,611552555220122152210000212120000007151510000000153511200000533533365300,,00004497,,,,,,,,45,8,0,6,6,4497,,33332122152235252115113112312531333555332551551351213335333135122253215112323235,AAAABCBBCDBBADBDBCCDCCACCBACBDACAAADDDAABDDCDDCADCBCAAADAAACADCBBBDABCDCCBABABAD,AAAABCBBCDBBADBDBCCDCCACBCACBDACAAADDDAABDCDDDACCDBCAAADAAACADBCBBADBCCDBCABABAD,,,3,4497,,,,,R_T1_GTRf__pat00001,,,,,,,,,,51,12,553300000000113530000000515300000007121200000000225000000000200000000000,,bb40ab96,,,,,,,,46,0,6,bb40ab96,3840,13470,,333321221522352521151131123125313335553325515513512133353331351222532151,AAAABCBBCDBBADBDBCCDCCACCBACBDACAAADDDAABDDCDDCADCBCAAADAAACADCBBBDABCDC,AAAABCBBCDBBADBDBCCDCCACBCACBDACAAADDDAABDCDDDACCDBCAAADAAACADBCBBADBCCD,,,6,13470,,,,,,,,,,,,,
214338,92,,,,,,,,,35,22,42,611552555220122152210000212123000007151512000000153511200000533533365300,,00004505,,,,,,,,46,9,0,8,8,4505,,3333212215223525211511311231253133355533255155135121333533313512225321511232323522,AAAABCBBCDBBADBDBCCDCCACCBACBDACAAADDDAABDDCDDCADCBCAAADAAACADCBBBDABCDCCBABABADBB,AAAABCBBCDBBADBDBCCDCCACBCACBDACAAADDDAABDCDDDACCDBCAAADAAACADBCBBADBCCDBCABABADBB,,,3,4505,,,,,R_T1_GTRf__pat00001,,,,,,,,,,51,12,553300000000113530000000515300000007121200000000225000000000200000000000,,bb40ab96,,,,,,,,46,0,6,bb40ab96,3840,13470,,333321221522352521151131123125313335553325515513512133353331351222532151,AAAABCBBCDBBADBDBCCDCCACCBACBDACAAADDDAABDDCDDCADCBCAAADAAACADCBBBDABCDC,AAAABCBBCDBBADBDBCCDCCACBCACBDACAAADDDAABDCDDDACCDBCAAADAAACADBCBBADBCCD,,,6,13470,,,,,,,,,,,,,
214374,93,,,,,,,,,22,12,52,611552555220122152210000212123000007151512000000153511200000533533365335,,00004508,,,,,,,,47,10,0,3,3,4508,,333321221522352521151131123125313335553325515513512133353331351222532151123232352212,AAAABCBBCDBBADBDBCCDCCACCBACBDACAAADDDAABDDCDDCADCBCAAADAAACADCBBBDABCDCCBABABADBBCB,AAAABCBBCDBBADBDBCCDCCACBCACBDACAAADDDAABDCDDDACCDBCAAADAAACADBCBBADBCCDBCABABADBBBC,,,3,4508,,,,,R_T1_GTRf__pat00001,,,,,,,,,,51,12,553300000000113530000000515300000007121200000000225000000000200000000000,,bb40ab96,,,,,,,,46,0,6,bb40ab96,3840,13470,,333321221522352521151131123125313335553325515513512133353331351222532151,AAAABCBBCDBBADBDBCCDCCACCBACBDACAAADDDAABDDCDDCADCBCAAADAAACADCBBBDABCDC,AAAABCBBCDBBADBDBCCDCCACBCACBDACAAADDDAABDCDDDACCDBCAAADAAACADBCBBADBCCD,,,6,13470,,,,,,,,,,,,,
214375,94,,,,,,,,,22,12,52,611552555220122152210000212123000007151512000000153511200000533533365335,,00004508,,,,,,,,47,10,0,3,3,4508,,333321221522352521151131123125313335553325515513512133353331351222532151123232352212,AAAABCBBCDBBADBDBCCDCCACCBACBDACAAADDDAABDDCDDCADCBCAAADAAACADCBBBDABCDCCBABABADBBCB,AAAABCBBCDBBADBDBCCDCCACBCACBDACAAADDDAABDCDDDACCDBCAAADAAACADBCBBADBCCDBCABABADBBBC,,,3,4508,,,,,R_T1_GTRf__pat00001,,,,,,,,,,51,12,553300000000113530000000515300000007112000000000500000000000000000000000,,bb50a130,,,,,,,,47,0,7,bb50a130,6500,19970,,333321221522352521151131123125313335553325515513512133353331351222532151,AAAABCBBCDBBADBDBCCDCCACCBACBDACAAADDDAABDDCDDCADCBCAAADAAACADCBBBDABCDC,AAAABCBBCDBBADBDBCCDCCACBCACBDACAAADDDAABDCDDDACCDBCAAADAAACADBCBBADBCCD,,,7,19970,,,,,,,,,,,,,
214410,95,,,,,,,,,12,52,53,611552555220122152210000212123000007151512000000153511222000533533365335,,00004513,,,,,,,,48,11,0,5,5,4513,,33332122152235252115113112312531333555332551551351213335333135122253215112323235221252,AAAABCBBCDBBADBDBCCDCCACCBACBDACAAADDDAABDDCDDCADCBCAAADAAACADCBBBDABCDCCBABABADBBCBDB,AAAABCBBCDBBADBDBCCDCCACBCACBDACAAADDDAABDCDDDACCDBCAAADAAACADBCBBADBCCDBCABABADBBBCBD,,,3,4513,,,,,R_T1_GTRf__pat00001,,,,,,,,,,51,12,553300000000113530000000515300000007112000000000500000000000000000000000,,bb50a130,,,,,,,,47,0,7,bb50a130,6500,19970,,333321221522352521151131123125313335553325515513512133353331351222532151,AAAABCBBCDBBADBDBCCDCCACCBACBDACAAADDDAABDDCDDCADCBCAAADAAACADCBBBDABCDC,AAAABCBBCDBBADBDBCCDCCACBCACBDACAAADDDAABDCDDDACCDBCAAADAAACADBCBBADBCCD,,,7,19970,,,,,,,,,,,,,
214446,96,,,,,,,,,52,53,53,611552555220122152210000212123000007151512000000153511222120533533365335,,00004517,,,,,,,,49,12,0,4,4,4517,,3333212215223525211511311231253133355533255155135121333533313512225321511232323522125253,AAAABCBBCDBBADBDBCCDCCACCBACBDACAAADDDAABDDCDDCADCBCAAADAAACADCBBBDABCDCCBABABADBBCBDBDA,AAAABCBBCDBBADBDBCCDCCACBCACBDACAAADDDAABDCDDDACCDBCAAADAAACADBCBBADBCCDBCABABADBBBCBDAD,,,3,4517,,,,,R_T1_GTRf__pat00001,,,,,,,,,,51,12,553300000000113530000000515300000007112000000000500000000000000000000000,,bb50a130,,,,,,,,47,0,7,bb50a130,6500,19970,,333321221522352521151131123125313335553325515513512133353331351222532151,AAAABCBBCDBBADBDBCCDCCACCBACBDACAAADDDAABDDCDDCADCBCAAADAAACADCBBBDABCDC,AAAABCBBCDBBADBDBCCDCCACBCACBDACAAADDDAABDCDDDACCDBCAAADAAACADBCBBADBCCD,,,7,19970,,,,,,,,,,,,,
214455,97,,,,,,,,,52,53,53,611552555220122152210000212123000007151512000000153511222120533533365335,,00004517,,,,,,,,49,12,0,4,4,4517,,3333212215223525211511311231253133355533255155135121333533313512225321511232323522125253,AAAABCBBCDBBADBDBCCDCCACCBACBDACAAADDDAABDDCDDCADCBCAAADAAACADCBBBDABCDCCBABABADBBCBDBDA,AAAABCBBCDBBADBDBCCDCCACBCACBDACAAADDDAABDCDDDACCDBCAAADAAACADBCBBADBCCDBCABABADBBBCBDAD,,,3,4517,,,,,R_T1_GTRf__pat00001,,,,,,,,,,51,12,553300000000353000000000553000000007200000000000500000000000000000000000,,bb90a165,,,,,,,,48,0,8,bb90a165,14850,34820,,333321221522352521151131123125313335553325515513512133353331351222532151,AAAABCBBCDBBADBDBCCDCCACCBACBDACAAADDDAABDDCDDCADCBCAAADAAACADCBBBDABCDC,AAAABCBBCDBBADBDBCCDCCACBCACBDACAAADDDAABDCDDDACCDBCAAADAAACADBCBBADBCCD,,,8,34820,,,,,,,,,,,,,
214488,98,,,,,,,,,53,53,25,611552555220122152212500212123000007151512000000153511222120533533365335,,00004521,,,,,,,,50,13,0,4,4,4521,,333321221522352521151131123125313335553325515513512133353331351222532151123232352212525353,AAAABCBBCDBBADBDBCCDCCACCBACBDACAAADDDAABDDCDDCADCBCAAADAAACADCBBBDABCDCCBABABADBBCBDBDADA,AAAABCBBCDBBADBDBCCDCCACBCACBDACAAADDDAABDCDDDACCDBCAAADAAACADBCBBADBCCDBCABABADBBBCBDADAD,,,3,4521,,,,,R_T1_GTRf__pat00001,,,,,,,,,,51,12,553300000000353000000000553000000007200000000000500000000000000000000000,,bb90a165,,,,,,,,48,0,8,bb90a165,14850,34820,,333321221522352521151131123125313335553325515513512133353331351222532151,AAAABCBBCDBBADBDBCCDCCACCBACBDACAAADDDAABDDCDDCADCBCAAADAAACADCBBBDABCDC,AAAABCBBCDBBADBDBCCDCCACBCACBDACAAADDDAABDCDDDACCDBCAAADAAACADBCBBADBCCD,,,8,34820,,,,,,,,,,,,,
214520,100,,,,,,,,,53,25,31,611552555225122152212500212123000007151512000000153511222120533533365335,,00004523,,,,,,,,51,14,0,2,2,4523,,33332122152235252115113112312531333555332551551351213335333135122253215112323235221252535325,AAAABCBBCDBBADBDBCCDCCACCBACBDACAAADDDAABDDCDDCADCBCAAADAAACADCBBBDABCDCCBABABADBBCBDBDADABD,AAAABCBBCDBBADBDBCCDCCACBCACBDACAAADDDAABDCDDDACCDBCAAADAAACADBCBBADBCCDBCABABADBBBCBDADADBD,,,3,4523,,,,,R_T1_GTRf__pat00001,,,,,,,,,51,12,32,000000000000300000000000000000000007200000000000500000000000000000000000,,00034826,,,,,,,,49,1,0,6,6,34826,,33332122152235252115113112312531333555332551551351213335333135122253215112,AAAABCBBCDBBADBDBCCDCCACCBACBDACAAADDDAABDDCDDCADCBCAAADAAACADCBBBDABCDCCB,AAAABCBBCDBBADBDBCCDCCACBCACBDACAAADDDAABDCDDDACCDBCAAADAAACADBCBBADBCCDBC,,,8,34826,,,,,,,,,,,,,
214582,101,,,,,,,,,53,25,31,611552555225122152212500212123000007151512000000153511222120533533365335,,00004523,,,,,,,,51,14,0,2,2,4523,,33332122152235252115113112312531333555332551551351213335333135122253215112323235221252535325,AAAABCBBCDBBADBDBCCDCCACCBACBDACAAADDDAABDDCDDCADCBCAAADAAACADCBBBDABCDCCBABABADBBCBDBDADABD,AAAABCBBCDBBADBDBCCDCCACBCACBDACAAADDDAABDCDDDACCDBCAAADAAACADBCBBADBCCDBCABABADBBBCBDADADBD,,,3,4523,,,,,R_T1_GTRf__pat00001,,,,,,,,,12,32,35,000000000000300000000000000000000007200000000000500000000000510000000000,,00034837,,,,,,,,50,2,0,11,11,34837,,3333212215223525211511311231253133355533255155135121333533313512225321511232,AAAABCBBCDBBADBDBCCDCCACCBACBDACAAADDDAABDDCDDCADCBCAAADAAACADCBBBDABCDCCBAB,AAAABCBBCDBBADBDBCCDCCACBCACBDACAAADDDAABDCDDDACCDBCAAADAAACADBCBBADBCCDBCAB,,,8,34837,,,,,,,,,,,,,
214634,102,,,,,,,,,53,25,31,611552555225122152212500212123000007151512000000153511222120533533365335,,00004523,,,,,,,,51,14,0,2,2,4523,,33332122152235252115113112312531333555332551551351213335333135122253215112323235221252535325,AAAABCBBCDBBADBDBCCDCCACCBACBDACAAADDDAABDDCDDCADCBCAAADAAACADCBBBDABCDCCBABABADBBCBDBDADABD,AAAABCBBCDBBADBDBCCDCCACBCACBDACAAADDDAABDCDDDACCDBCAAADAAACADBCBBADBCCDBCABABADBBBCBDADADBD,,,3,4523,,,,,R_T1_GTRf__pat00001,,,,,,,,,32,35,22,000000000000300000000000000000000007220000000000510000000000510000000000,,00034849,,,,,,,,51,3,0,12,12,34849,,333321221522352521151131123125313335553325515513512133353331351222532151123235,AAAABCBBCDBBADBDBCCDCCACCBACBDACAAADDDAABDDCDDCADCBCAAADAAACADCBBBDABCDCCBABAD,AAAABCBBCDBBADBDBCCDCCACBCACBDACAAADDDAABDCDDDACCDBCAAADAAACADBCBBADBCCDBCABAD,,,8,34849,,,,,,,,,,R_T1_GTR03_22200002,,,
214636,103,,,,,,,,,25,31,25,611552555225122152212566212123666667151512356266153511222126533533365335,,00004529,,,,,,,,52,15,0,6,6,4529,,3333212215223525211511311231253133355533255155135121333533313512225321511232323522125253532531,AAAABCBBCDBBADBDBCCDCCACCBACBDACAAADDDAABDDCDDCADCBCAAADAAACADCBBBDABCDCCBABABADBBCBDBDADABDAC,AAAABCBBCDBBADBDBCCDCCACBCACBDACAAADDDAABDCDDDACCDBCAAADAAACADBCBBADBCCDBCABABADBBBCBDADADBDAC,,,3,4529,,,,,R_T1_GTRf__pat00001,,,,,,,,,32,35,22,000000000000300000000000000000000007220000000000510000000000510000000000,,00034849,,,,,,,,51,3,0,12,12,34849,,333321221522352521151131123125313335553325515513512133353331351222532151123235,AAAABCBBCDBBADBDBCCDCCACCBACBDACAAADDDAABDDCDDCADCBCAAADAAACADCBBBDABCDCCBABAD,AAAABCBBCDBBADBDBCCDCCACBCACBDACAAADDDAABDCDDDACCDBCAAADAAACADBCBBADBCCDBCABAD,,,8,34849,,,,,,,,,,R_T1_GTR03_22200002,,,
214677,105,,,,,,,,,,31,25,611552555225122152212566212123666662151512356666153511222126533533365335,,00004531,,,,,lose,,,53,15,0,2,2,4531,,3333212215223525211511311231253133355533255155135121333533313512225321511232323522125253532531,AAAABCBBCDBBADBDBCCDCCACCBACBDACAAADDDAABDDCDDCADCBCAAADAAACADCBBBDABCDCCBABABADBBCBDBDADABDAC,AAAABCBBCDBBADBDBCCDCCACBCACBDACAAADDDAABDCDDDACCDBCAAADAAACADBCBBADBCCDBCABABADBBBCBDADADBDAC,,,3,4531,,,,,R_T1_GTRf__pat00001,,,,,,,,,32,35,22,000000000000300000000000000000000007220000000000510000000000510000000000,,00034849,,,,,,,,51,3,0,12,12,34849,,333321221522352521151131123125313335553325515513512133353331351222532151123235,AAAABCBBCDBBADBDBCCDCCACCBACBDACAAADDDAABDDCDDCADCBCAAADAAACADCBBBDABCDCCBABAD,AAAABCBBCDBBADBDBCCDCCACBCACBDACAAADDDAABDCDDDACCDBCAAADAAACADBCBBADBCCDBCABAD,,,8,34849,,,,,,,,,,R_T1_GTR03_22200002,,,
214686,104,,,,,,,,,,31,25,611552555225122152212566212123666662151512356666153511222126533533365335,,00004531,,,,,lose,,,53,15,0,2,2,4531,,3333212215223525211511311231253133355533255155135121333533313512225321511232323522125253532531,AAAABCBBCDBBADBDBCCDCCACCBACBDACAAADDDAABDDCDDCADCBCAAADAAACADCBBBDABCDCCBABABADBBCBDBDADABDAC,AAAABCBBCDBBADBDBCCDCCACBCACBDACAAADDDAABDCDDDACCDBCAAADAAACADBCBBADBCCDBCABABADBBBCBDADADBDAC,,,3,4531,,,,,R_T1_GTRf__pat00001,,,,,,,,,35,22,12,000000000000300000000000320000000007220000000000510000000000510000000000,,00034862,,,,,,,,52,4,0,13,13,34862,,33332122152235252115113112312531333555332551551351213335333135122253215112323522,AAAABCBBCDBBADBDBCCDCCACCBACBDACAAADDDAABDDCDDCADCBCAAADAAACADCBBBDABCDCCBABADBB,AAAABCBBCDBBADBDBCCDCCACBCACBDACAAADDDAABDCDDDACCDBCAAADAAACADBCBBADBCCDBCABADBB,,,8,34862,,,,,,,,,,,,,
214693,105,,,,,,,,,,31,25,611552555225122152212566212123666662151512356666153511222126533533365335,,00004531,,,,,lose,,,53,15,0,2,2,4531,,3333212215223525211511311231253133355533255155135121333533313512225321511232323522125253532531,AAAABCBBCDBBADBDBCCDCCACCBACBDACAAADDDAABDDCDDCADCBCAAADAAACADCBBBDABCDCCBABABADBBCBDBDADABDAC,AAAABCBBCDBBADBDBCCDCCACBCACBDACAAADDDAABDCDDDACCDBCAAADAAACADBCBBADBCCDBCABABADBBBCBDADADBDAC,,,3,4531,,,,,R_T1_GTRf__pat00001,,,,,,,,,,22,12,000000000000300000000000320000000007220000000000510000000000510000000000,,00034862,,,,,win,,,53,4,0,0,0,34862,,33332122152235252115113112312531333555332551551351213335333135122253215112323522,AAAABCBBCDBBADBDBCCDCCACCBACBDACAAADDDAABDDCDDCADCBCAAADAAACADCBBBDABCDCCBABADBB,AAAABCBBCDBBADBDBCCDCCACBCACBDACAAADDDAABDCDDDACCDBCAAADAAACADBCBBADBCCDBCABADBB,,,8,34862,,,,,,,,,,,,,
