184273,0,,,,,,,,,,15,33,000000000000000000000000000000000007000000000000000000000000000000000000,000000,00000000,,,,,,,,0,0,0,0,0,0,,15,AB,AB,,,0,0,,,,,,,,,,,,,,,15,33,000000000000000000000000000000000007000000000000000000000000000000000000,000000,00000000,,,,,,,,0,0,0,0,0,0,,15,AB,AB,,,0,0,,,,,,,,,,,,,
184424,2,,,,,,,,,15,33,55,000000000000000000000000000000000007000000000000000000000000000000000000,,00000000,,,,,,,,1,1,0,0,0,0,,1533,ABCC,ABCC,,,0,0,,,,,,,,,,,,,,15,33,55,000000000000000000000000000000000007000000000000000000000000000000000000,,00000000,,,,,,,,1,1,0,0,0,0,,1533,ABCC,ABCC,,,0,0,,,,,,,,,,,,,
184474,4,,,,,,,,,33,55,55,000000000000000000000000100000000007500000000000000000000000000000000000,,00000013,,,,,,,,2,2,0,13,13,13,,153355,BACCAA,ABCCAA,,,0,13,,,,,,,,,,,,,,33,55,55,000000000000000000000000100000000007500000000000000000000000000000000000,,00000013,,,,,,,,2,2,0,13,13,13,,153355,BACCAA,ABCCAA,,,0,13,,,,,,,,,,,,,
184526,6,,,,,,,,,55,55,32,300000000000300000000000100000000007500000000000000000000000000000000000,,00000026,,,,,,,,3,3,0,13,13,26,,15335555,BACCAAAA,ABCCAAAA,,,0,26,,,,,,,,,,,,,,55,55,32,300000000000300000000000100000000007500000000000000000000000000000000000,,00000026,,,,,,,,3,3,0,13,13,26,,15335555,BACCAAAA,ABCCAAAA,,,0,26,,,,,,,,,,,,,
184573,7,,,,,,,,,55,32,52,350000000000350000000000100000000007500000000000000000000000000000000000,,00000038,,,,,,,,4,4,0,12,12,38,,1533555532,BACCAAAACD,ABCCAAAACD,,,0,38,,,,,,,,,,L_T1_GTR03_22110001,,,,55,55,32,300000000000300000000000100000000007500000000000000000000000000000000000,,00000026,,,,,,,,3,3,0,13,13,26,,15335555,BACCAAAA,ABCCAAAA,,,0,26,,,,,,,,,,,,,
184576,8,,,,,,,,,55,32,52,350000000000350000000000100000000007500000000000000000000000000000000000,,00000038,,,,,,,,4,4,0,12,12,38,,1533555532,BACCAAAACD,ABCCAAAACD,,,0,38,,,,,,,,,,L_T1_GTR03_22110001,,,,55,32,52,350000000000350000000000100000000007500000000000000000000000000000000000,,00000038,,,,,,,,4,4,0,12,12,38,,1533555532,BACCAAAACD,ABCCAAAACD,,,0,38,,,,,,,,,,L_T1_GTR03_22110001,,,
184630,10,,,,,,,,,32,52,13,350000000000350000000000100000000007500000000000500000000000500000000000,,00000051,,,,,,,,5,5,0,13,13,51,,153355553252,BACCAAAACDAD,ABCCAAAACDAD,,,0,51,,,,,,,,,,,,,,32,52,13,350000000000350000000000100000000007500000000000500000000000500000000000,,00000051,,,,,,,,5,5,0,13,13,51,,153355553252,BACCAAAACDAD,ABCCAAAACDAD,,,0,51,,,,,,,,,,,,,
184678,12,,,,,,,,,52,13,25,350000000000350000000000132000000007500000000000500000000000500000000000,,00000063,,,,,,,,6,6,0,12,12,63,,15335555325213,BACCAAAACDADBC,ABCCAAAACDADBC,,,0,63,,,,,,,,,,,,,,52,13,25,350000000000350000000000130000000007520000000000500000000000500000000000,,00000063,,,,,,,,6,6,0,12,12,63,,15335555325213,BACCAAAACDADBC,ABCCAAAACDADBC,,,0,63,,,,,,,,,,,,,
184730,14,,,,,,,,,13,25,35,355200000000350000000000132000000007500000000000500000000000500000000000,,00000074,,,,,,,,7,7,0,11,11,74,,1533555532521325,BACCAAAACDADBCDA,ABCCAAAACDADBCAD,,,0,74,,,,,,,,,,,,,,13,25,35,350000000000350000000000130000000007520000000000500000000000525000000000,,00000074,,,,,,,,7,7,0,11,11,74,,1533555532521325,BACCAAAACDADBCDA,ABCCAAAACDADBCAD,,,0,74,,,,,,,,,,,,,
184775,16,,,,,,,,,25,35,12,355200000000353100000000132000000007500000000000500000000000500000000000,,00000084,,,,,,,,8,8,0,10,10,84,,153355553252132535,BACCAAAACDADBCDACA,ABCCAAAACDADBCADAC,,,0,84,,,,,L_T1_GTR___standard,,,,,L_T1_GTR03_33000001,,,,25,35,12,350000000000353100000000130000000007520000000000500000000000525000000000,,00000084,,,,,,,,8,8,0,10,10,84,,153355553252132535,BACCAAAACDADBCDACA,ABCCAAAACDADBCADAC,,,0,84,,,,,L_T1_GTR___hekomi__,,,,,,,,
184829,18,,,,,,,,,35,12,13,355200000000353100000000132000000007500000000000500000000000525000000000,,00000096,,,,,,,,9,9,0,12,12,96,,15335555325213253512,BACCAAAACDADBCDACABD,ABCCAAAACDADBCADACBD,,,0,96,,,,,L_T1_GTR___standard,,,,,L_T1_GTR03_33000001,,,,35,12,13,350000000000353100000000130000000007520000000000525000000000525000000000,,00000096,,,,,,,,9,9,0,12,12,96,,15335555325213253512,BACCAAAACDADBCDACABD,ABCCAAAACDADBCADACBD,,,0,96,,,,,L_T1_GTR___hekomi__,,,,,,,,
184878,19,,,,,,,,,12,13,23,355200000000353100000000132000000007500000000000500000000000525530000000,,00000105,,,,,,,,10,10,0,9,9,105,,1533555532521325351213,BACCAAAACDADBCDACABDBC,ABCCAAAACDADBCADACBDBC,,,0,105,,,,,L_T1_GTR___standard,,,,,L_T1_GTR03_33000001,,,,35,12,13,350000000000353100000000130000000007520000000000525000000000525000000000,,00000096,,,,,,,,9,9,0,12,12,96,,15335555325213253512,BACCAAAACDADBCDACABD,ABCCAAAACDADBCADACBD,,,0,96,,,,,L_T1_GTR___hekomi__,,,,,,,,
184898,20,,,,,,,,,12,13,23,355200000000353100000000132000000007500000000000500000000000525530000000,,00000105,,,,,,,,10,10,0,9,9,105,,1533555532521325351213,BACCAAAACDADBCDACABDBC,ABCCAAAACDADBCADACBDBC,,,0,105,,,,,L_T1_GTR___standard,,,,,L_T1_GTR03_33000001,,,,12,13,23,355000000000353130000000130000000007520000000000525000000000525000000000,,00000105,,,,,,,,10,10,0,9,9,105,,1533555532521325351213,BACCAAAACDADBCDACABDBC,ABCCAAAACDADBCADACBDBC,,,0,105,,,,,L_T1_GTR___standard,,,,,L_T1_GTR03_33000001,,,
184928,21,,,,,,,,,13,23,21,355200000000353100000000132000000007500000000000521000000000525530000000,,00000116,,,,,,,,11,11,0,11,11,116,,153355553252132535121323,BACCAAAACDADBCDACABDBCDC,ABCCAAAACDADBCADACBDBCCD,,,0,116,,,,,L_T1_GTR___standard,,,,,L_T1_GTR03_33000001/R_T1_GTR03_22110001,,,,12,13,23,355000000000353130000000130000000007520000000000525000000000525000000000,,00000105,,,,,,,,10,10,0,9,9,105,,1533555532521325351213,BACCAAAACDADBCDACABDBC,ABCCAAAACDADBCADACBDBC,,,0,105,,,,,L_T1_GTR___standard,,,,,L_T1_GTR03_33000001,,,
184942,22,,,,,,,,,13,23,21,355200000000353100000000132000000007500000000000521000000000525530000000,,00000116,,,,,,,,11,11,0,11,11,116,,153355553252132535121323,BACCAAAACDADBCDACABDBCDC,ABCCAAAACDADBCADACBDBCCD,,,0,116,,,,,L_T1_GTR___standard,,,,,L_T1_GTR03_33000001/R_T1_GTR03_22110001,,,,13,23,21,355000000000353130000000132100000007520000000000525000000000525000000000,,00000115,,,,,,,,11,11,0,10,10,115,,153355553252132535121323,BACCAAAACDADBCDACABDBCDC,ABCCAAAACDADBCADACBDBCCD,,,0,115,,,,,L_T1_GTR___standard,,,,,L_T1_GTR03_33000001,,,
184978,23,,,,,,,,,23,21,51,355200000000353100000000132000000007500000000000521130000000525530000000,,00000126,,,,,,,,12,12,0,10,10,126,,15335555325213253512132321,BACCAAAACDADBCDACABDBCDCDB,ABCCAAAACDADBCADACBDBCCDBD,,,0,126,,,,,L_T1_GTR___standard,,,,,L_T1_GTR03_33000001/R_T1_GTR03_22110001,,,,13,23,21,355000000000353130000000132100000007520000000000525000000000525000000000,,00000115,,,,,,,,11,11,0,10,10,115,,153355553252132535121323,BACCAAAACDADBCDACABDBCDC,ABCCAAAACDADBCADACBDBCCD,,,0,115,,,,,L_T1_GTR___standard,,,,,L_T1_GTR03_33000001,,,
184990,24,,,,,,,,,23,21,51,355200000000353100000000132000000007500000000000521130000000525530000000,,00000126,,,,,,,,12,12,0,10,10,126,,15335555325213253512132321,BACCAAAACDADBCDACABDBCDCDB,ABCCAAAACDADBCADACBDBCCDBD,,,0,126,,,,,L_T1_GTR___standard,,,,,L_T1_GTR03_33000001/R_T1_GTR03_22110001,,,,23,21,51,355130000000353130000000132100000007520000000000525000000000525000000000,,00000125,,,,,,,,12,12,0,10,10,125,,15335555325213253512132321,BACCAAAACDADBCDACABDBCDCDB,ABCCAAAACDADBCADACBDBCCDBD,,,0,125,,,,,L_T1_GTR___standard/L_T1_GTR___zabuton_,,,,,L_T1_GTR03_33000001,,,
185026,25,,,,,,,,,21,51,21,355220000000353130000000132000000007500000000000521130000000525530000000,,00000135,,,,,,,,13,13,0,9,9,135,,1533555532521325351213232151,BACCAAAACDADBCDACABDBCDCDBAB,ABCCAAAACDADBCADACBDBCCDBDAB,,,0,135,,,,,L_T1_GTR___standard,,,,,L_T1_GTR03_33000001/R_T1_GTR03_22110001,,,,23,21,51,355130000000353130000000132100000007520000000000525000000000525000000000,,00000125,,,,,,,,12,12,0,10,10,125,,15335555325213253512132321,BACCAAAACDADBCDACABDBCDCDB,ABCCAAAACDADBCADACBDBCCDBD,,,0,125,,,,,L_T1_GTR___standard/L_T1_GTR___zabuton_,,,,,L_T1_GTR03_33000001,,,
185029,26,,,,,,,,,21,51,21,355220000000353130000000132000000007500000000000521130000000525530000000,,00000135,,,,,,,,13,13,0,9,9,135,,1533555532521325351213232151,BACCAAAACDADBCDACABDBCDCDBAB,ABCCAAAACDADBCADACBDBCCDBDAB,,,0,135,,,,,L_T1_GTR___standard,,,,,L_T1_GTR03_33000001/R_T1_GTR03_22110001,,,,21,51,21,355130000000353130000000132132000007520000000000525000000000525000000000,,00000133,,,,,,,,13,13,0,8,8,133,,1533555532521325351213232151,BACCAAAACDADBCDACABDBCDCDBAB,ABCCAAAACDADBCADACBDBCCDBDAB,,,0,133,,,,,L_T1_GTR___standard/L_T1_GTR___zabuton_,,,,,L_T1_GTR03_33000001,,,
185072,27,,,,,,,,,21,51,21,355220000000353130000000132000000007500000000000521130000000525530000000,,00000135,,,,,,,,13,13,0,9,9,135,,1533555532521325351213232151,BACCAAAACDADBCDACABDBCDCDBAB,ABCCAAAACDADBCADACBDBCCDBDAB,,,0,135,,,,,L_T1_GTR___standard,,,,,L_T1_GTR03_33000001/R_T1_GTR03_22110001,,,,51,21,21,355131000000353132000000132132000007520000000000525000000000525000000000,,00000141,,,,,,,,14,14,0,8,8,141,,153355553252132535121323215121,BACCAAAACDADBCDACABDBCDCDBABDB,ABCCAAAACDADBCADACBDBCCDBDABBD,,,0,141,,,,,L_T1_GTR___standard/L_T1_GTR___zabuton_,,,,,L_T1_GTR03_33000001,,,
185076,28,,,,,,,,,51,21,21,355220000000353130000000132000000007521000000000521130000000525530000000,,00000147,,,,,,,,14,14,0,12,12,147,,153355553252132535121323215121,BACCAAAACDADBCDACABDBCDCDBABDB,ABCCAAAACDADBCADACBDBCCDBDABBD,,,0,147,,,,,L_T1_GTR___standard,,,,,L_T1_GTR03_33000001,,,,51,21,21,355131000000353132000000132132000007520000000000525000000000525000000000,,00000141,,,,,,,,14,14,0,8,8,141,,153355553252132535121323215121,BACCAAAACDADBCDACABDBCDCDBABDB,ABCCAAAACDADBCADACBDBCCDBDABBD,,,0,141,,,,,L_T1_GTR___standard/L_T1_GTR___zabuton_,,,,,L_T1_GTR03_33000001,,,
185118,30,,,,,,,,,21,21,21,355220000000353130000000132150000007521000000000521130000000525530000000,,00000156,,,,,,,,15,15,0,9,9,156,,15335555325213253512132321512121,BACCAAAACDADBCDACABDBCDCDBABDBDB,ABCCAAAACDADBCADACBDBCCDBDABBDBD,,,0,156,,,,,L_T1_GTR___standard,,,,,L_T1_GTR03_33000001,,,,21,21,21,355131000000353132000000132132000007521500000000525000000000525000000000,,00000151,,,,,,,,15,15,0,10,10,151,,15335555325213253512132321512121,BACCAAAACDADBCDACABDBCDCDBABDBDB,ABCCAAAACDADBCADACBDBCCDBDABBDBD,,,0,151,,,,,L_T1_GTR___standard/L_T1_GTR___zabuton_,,,,,L_T1_GTR03_33000001,,,
185161,31,,,,,,,,,21,21,35,355222100000353130000000132150000007521000000000521130000000525530000000,,00000164,,,,,,,,16,16,0,8,8,164,,1533555532521325351213232151212121,BACCAAAACDADBCDACABDBCDCDBABDBDBDB,ABCCAAAACDADBCADACBDBCCDBDABBDBDBD,,,0,164,,,,,L_T1_GTR___standard,,,,,L_T1_GTR03_33000001,,,,21,21,21,355131000000353132000000132132000007521500000000525000000000525000000000,,00000151,,,,,,,,15,15,0,10,10,151,,15335555325213253512132321512121,BACCAAAACDADBCDACABDBCDCDBABDBDB,ABCCAAAACDADBCADACBDBCCDBDABBDBD,,,0,151,,,,,L_T1_GTR___standard/L_T1_GTR___zabuton_,,,,,L_T1_GTR03_33000001,,,
185182,32,,,,,,,,,21,21,35,355222100000353130000000132150000007521000000000521130000000525530000000,,00000164,,,,,,,,16,16,0,8,8,164,,1533555532521325351213232151212121,BACCAAAACDADBCDACABDBCDCDBABDBDBDB,ABCCAAAACDADBCADACBDBCCDBDABBDBDBD,,,0,164,,,,,L_T1_GTR___standard,,,,,L_T1_GTR03_33000001,,,,21,21,35,355131000000353132000000132132000007521520000000525100000000525000000000,,00000160,,,,,,,,16,16,0,9,9,160,,1533555532521325351213232151212121,BACCAAAACDADBCDACABDBCDCDBABDBDBDB,ABCCAAAACDADBCADACBDBCCDBDABBDBDBD,,,0,160,,,,,L_T1_GTR___standard/L_T1_GTR___zabuton_,,,,,L_T1_GTR03_33000001,,,
185202,33,,,,,,,,,21,35,23,355222100000353131200000132150000007521000000000521130000000525530000000,,00000171,,,,,,,,17,17,0,7,7,171,,153355553252132535121323215121212135,BACCAAAACDADBCDACABDBCDCDBABDBDBDBCA,ABCCAAAACDADBCADACBDBCCDBDABBDBDBDAC,,,0,171,,,,,L_T1_GTR___standard,,,,,L_T1_GTR03_33000001,,,,21,21,35,355131000000353132000000132132000007521520000000525100000000525000000000,,00000160,,,,,,,,16,16,0,9,9,160,,1533555532521325351213232151212121,BACCAAAACDADBCDACABDBCDCDBABDBDBDB,ABCCAAAACDADBCADACBDBCCDBDABBDBDBD,,,0,160,,,,,L_T1_GTR___standard/L_T1_GTR___zabuton_,,,,,L_T1_GTR03_33000001,,,
185220,34,,,,,,,,,21,35,23,355222100000353131200000132150000007521000000000521130000000525530000000,,00000171,,,,,,,,17,17,0,7,7,171,,153355553252132535121323215121212135,BACCAAAACDADBCDACABDBCDCDBABDBDBDBCA,ABCCAAAACDADBCADACBDBCCDBDABBDBDBDAC,,,0,171,,,,,L_T1_GTR___standard,,,,,L_T1_GTR03_33000001,,,,21,35,23,355131000000353132100000132132200007521520000000525100000000525000000000,,00000167,,,,,,,,17,17,0,7,7,167,,153355553252132535121323215121212135,BACCAAAACDADBCDACABDBCDCDBABDBDBDBCA,ABCCAAAACDADBCADACBDBCCDBDABBDBDBDAC,,,0,167,,,,,L_T1_GTR___standard/L_T1_GTR___zabuton_,,,,,L_T1_GTR03_33000001,,,
185240,35,,,,,,,,,35,23,21,355222100000353131200000132151200007521000000000521130000000525530000000,,00000178,,,,,,,,18,18,0,7,7,178,,15335555325213253512132321512121213523,BACCAAAACDADBCDACABDBCDCDBABDBDBDBCADC,ABCCAAAACDADBCADACBDBCCDBDABBDBDBDACCD,,,0,178,,,,,L_T1_GTR___standard,,,,,L_T1_GTR03_33000001,,,,21,35,23,355131000000353132100000132132200007521520000000525100000000525000000000,,00000167,,,,,,,,17,17,0,7,7,167,,153355553252132535121323215121212135,BACCAAAACDADBCDACABDBCDCDBABDBDBDBCA,ABCCAAAACDADBCADACBDBCCDBDABBDBDBDAC,,,0,167,,,,,L_T1_GTR___standard/L_T1_GTR___zabuton_,,,,,L_T1_GTR03_33000001,,,
185260,36,,,,,,,,,35,23,21,355222100000353131200000132151200007521000000000521130000000525530000000,,00000178,,,,,,,,18,18,0,7,7,178,,15335555325213253512132321512121213523,BACCAAAACDADBCDACABDBCDCDBABDBDBDBCADC,ABCCAAAACDADBCADACBDBCCDBDABBDBDBDACCD,,,0,178,,,,,L_T1_GTR___standard,,,,,L_T1_GTR03_33000001,,,,35,23,21,355131120000353132100000132132200007521520000000525100000000525000000000,,00000173,,,,,,,,18,18,0,6,6,173,,15335555325213253512132321512121213523,BACCAAAACDADBCDACABDBCDCDBABDBDBDBCADC,ABCCAAAACDADBCADACBDBCCDBDABBDBDBDACCD,,,0,173,,,,,L_T1_GTR___standard/L_T1_GTR___zabuton_,,,,,L_T1_GTR03_33000001,,,
185285,37,,,,,,,,,23,21,33,355222100000353131200000132151200007521350000000521130000000525530000000,,00000188,,,,,,,,19,19,0,10,10,188,,1533555532521325351213232151212121352321,BACCAAAACDADBCDACABDBCDCDBABDBDBDBCADCDB,ABCCAAAACDADBCADACBDBCCDBDABBDBDBDACCDBD,,,0,188,,,,,L_T1_GTR___standard,,,,,L_T1_GTR03_33000001,,,,35,23,21,355131120000353132100000132132200007521520000000525100000000525000000000,,00000173,,,,,,,,18,18,0,6,6,173,,15335555325213253512132321512121213523,BACCAAAACDADBCDACABDBCDCDBABDBDBDBCADC,ABCCAAAACDADBCADACBDBCCDBDABBDBDBDACCD,,,0,173,,,,,L_T1_GTR___standard/L_T1_GTR___zabuton_,,,,,L_T1_GTR03_33000001,,,
185320,38,,,,,,,,,23,21,33,355222100000353131200000132151200007521350000000521130000000525530000000,,00000188,,,,,,,,19,19,0,10,10,188,,1533555532521325351213232151212121352321,BACCAAAACDADBCDACABDBCDCDBABDBDBDBCADCDB,ABCCAAAACDADBCADACBDBCCDBDABBDBDBDACCDBD,,,0,188,,,,,L_T1_GTR___standard,,,,,L_T1_GTR03_33000001,,,,23,21,33,355131120000353132100000132132200007521523000000525150000000525000000000,,00000181,,,,,,,,19,19,0,8,8,181,,1533555532521325351213232151212121352321,BACCAAAACDADBCDACABDBCDCDBABDBDBDBCADCDB,ABCCAAAACDADBCADACBDBCCDBDABBDBDBDACCDBD,,,0,181,,,,,L_T1_GTR___standard/L_T1_GTR___zabuton_,,,,,L_T1_GTR03_33000001,,,
185332,39,,,,,,,,,21,33,52,355222100000353131200000132151200007521350000000521132000000525533000000,,00000196,,,,,,,,20,20,0,8,8,196,,153355553252132535121323215121212135232133,BACCAAAACDADBCDACABDBCDCDBABDBDBDBCADCDBCC,ABCCAAAACDADBCADACBDBCCDBDABBDBDBDACCDBDCC,,,0,196,,,,,L_T1_GTR___standard,,,,,L_T1_GTR03_33000001,,,,23,21,33,355131120000353132100000132132200007521523000000525150000000525000000000,,00000181,,,,,,,,19,19,0,8,8,181,,1533555532521325351213232151212121352321,BACCAAAACDADBCDACABDBCDCDBABDBDBDBCADCDB,ABCCAAAACDADBCADACBDBCCDBDABBDBDBDACCDBD,,,0,181,,,,,L_T1_GTR___standard/L_T1_GTR___zabuton_,,,,,L_T1_GTR03_33000001,,,
185358,40,,,,,,,,,21,33,52,355222100000353131200000132151200007521350000000521132000000525533000000,,00000196,,,,,,,,20,20,0,8,8,196,,153355553252132535121323215121212135232133,BACCAAAACDADBCDACABDBCDCDBABDBDBDBCADCDBCC,ABCCAAAACDADBCADACBDBCCDBDABBDBDBDACCDBDCC,,,0,196,,,,,L_T1_GTR___standard,,,,,L_T1_GTR03_33000001,,,,21,33,52,355131122300353132100000132132200007521523000000525150000000525000000000,,00000186,,,,,,,,20,20,0,5,5,186,,153355553252132535121323215121212135232133,BACCAAAACDADBCDACABDBCDCDBABDBDBDBCADCDBCC,ABCCAAAACDADBCADACBDBCCDBDABBDBDBDACCDBDCC,,,0,186,,,,,L_T1_GTR___standard/L_T1_GTR___zabuton_,,,,,L_T1_GTR03_33000001,,,
185372,41,,,,,,,,,33,52,51,355222100000353131200000132151200007521351200000521132000000525533000000,,00000203,,,,,,,,21,21,0,7,7,203,,15335555325213253512132321512121213523213352,BACCAAAACDADBCDACABDBCDCDBABDBDBDBCADCDBCCAD,ABCCAAAACDADBCADACBDBCCDBDABBDBDBDACCDBDCCAD,,,0,203,,,,,L_T1_GTR___standard,,,,,L_T1_GTR03_33000001,,,,21,33,52,355131122300353132100000132132200007521523000000525150000000525000000000,,00000186,,,,,,,,20,20,0,5,5,186,,153355553252132535121323215121212135232133,BACCAAAACDADBCDACABDBCDCDBABDBDBDBCADCDBCC,ABCCAAAACDADBCADACBDBCCDBDABBDBDBDACCDBDCC,,,0,186,,,,,L_T1_GTR___standard/L_T1_GTR___zabuton_,,,,,L_T1_GTR03_33000001,,,
185412,42,,,,,,,,,52,51,22,355222100000353131200000132151200007521351200000521132330000525533000000,,00000209,,,,,,,,22,22,0,6,6,209,,1533555532521325351213232151212121352321335251,BACCAAAACDADBCDACABDBCDCDBABDBDBDBCADCDBCCADAB,ABCCAAAACDADBCADACBDBCCDBDABBDBDBDACCDBDCCADAB,,,0,209,,,,,L_T1_GTR___standard,,,,,L_T1_GTR03_33000001,,,,21,33,52,355131122300353132100000132132200007521523000000525150000000525000000000,,00000186,,,,,,,,20,20,0,5,5,186,,153355553252132535121323215121212135232133,BACCAAAACDADBCDACABDBCDCDBABDBDBDBCADCDBCC,ABCCAAAACDADBCADACBDBCCDBDABBDBDBDACCDBDCC,,,0,186,,,,,L_T1_GTR___standard/L_T1_GTR___zabuton_,,,,,L_T1_GTR03_33000001,,,
185426,43,,,,,,,,,52,51,22,355222100000353131200000132151200007521351200000521132330000525533000000,,00000209,,,,,,,,22,22,0,6,6,209,,1533555532521325351213232151212121352321335251,BACCAAAACDADBCDACABDBCDCDBABDBDBDBCADCDBCCADAB,ABCCAAAACDADBCADACBDBCCDBDABBDBDBDACCDBDCCADAB,,,0,209,,,,,L_T1_GTR___standard,,,,,L_T1_GTR03_33000001,,,,33,52,51,355131122300353132100000132132200007521523000000525152000000525100000000,,00000194,,,,,,,,21,21,0,8,8,194,,15335555325213253512132321512121213523213352,BACCAAAACDADBCDACABDBCDCDBABDBDBDBCADCDBCCAD,ABCCAAAACDADBCADACBDBCCDBDABBDBDBDACCDBDCCAD,,,0,194,,,,,L_T1_GTR___standard/L_T1_GTR___zabuton_,,,,,L_T1_GTR03_33000001,,,
185462,44,,,,,,,,,51,22,21,355222100000353131200000132151200007521351252000521132330000525533000000,,00000215,,,,,,,,23,23,0,6,6,215,,153355553252132535121323215121212135232133525122,BACCAAAACDADBCDACABDBCDCDBABDBDBDBCADCDBCCADABDD,ABCCAAAACDADBCADACBDBCCDBDABBDBDBDACCDBDCCADABDD,,,0,215,,,,,L_T1_GTR___standard,,,,,L_T1_GTR03_33000001,,,,33,52,51,355131122300353132100000132132200007521523000000525152000000525100000000,,00000194,,,,,,,,21,21,0,8,8,194,,15335555325213253512132321512121213523213352,BACCAAAACDADBCDACABDBCDCDBABDBDBDBCADCDBCCAD,ABCCAAAACDADBCADACBDBCCDBDABBDBDBDACCDBDCCAD,,,0,194,,,,,L_T1_GTR___standard/L_T1_GTR___zabuton_,,,,,L_T1_GTR03_33000001,,,
185466,45,,,,,,,,,51,22,21,355222100000353131200000132151200007521351252000521132330000525533000000,,00000215,,,,,,,,23,23,0,6,6,215,,153355553252132535121323215121212135232133525122,BACCAAAACDADBCDACABDBCDCDBABDBDBDBCADCDBCCADABDD,ABCCAAAACDADBCADACBDBCCDBDABBDBDBDACCDBDCCADABDD,,,0,215,,,,,L_T1_GTR___standard,,,,,L_T1_GTR03_33000001,,,,52,51,22,355131122300353132100000132132200007521523300000525152300000525100000000,,00000201,,,,,,,,22,22,0,7,7,201,,1533555532521325351213232151212121352321335251,BACCAAAACDADBCDACABDBCDCDBABDBDBDBCADCDBCCADAB,ABCCAAAACDADBCADACBDBCCDBDABBDBDBDACCDBDCCADAB,,,0,201,,,,,L_T1_GTR___standard/L_T1_GTR___zabuton_,,,,,L_T1_GTR03_33000001,,,
185498,46,,,,,,,,,22,21,55,355222100000353131210000132151250007521351252000521132330000525533000000,,00000221,,,,,,,,24,24,0,6,6,221,,15335555325213253512132321512121213523213352512221,BACCAAAACDADBCDACABDBCDCDBABDBDBDBCADCDBCCADABDDDB,ABCCAAAACDADBCADACBDBCCDBDABBDBDBDACCDBDCCADABDDBD,,,0,221,,,,,L_T1_GTR___standard,,,,,L_T1_GTR03_33000001,,,,52,51,22,355131122300353132100000132132200007521523300000525152300000525100000000,,00000201,,,,,,,,22,22,0,7,7,201,,1533555532521325351213232151212121352321335251,BACCAAAACDADBCDACABDBCDCDBABDBDBDBCADCDBCCADAB,ABCCAAAACDADBCADACBDBCCDBDABBDBDBDACCDBDCCADAB,,,0,201,,,,,L_T1_GTR___standard/L_T1_GTR___zabuton_,,,,,L_T1_GTR03_33000001,,,
185513,47,,,,,,,,,22,21,55,355222100000353131210000132151250007521351252000521132330000525533000000,,00000221,,,,,,,,24,24,0,6,6,221,,15335555325213253512132321512121213523213352512221,BACCAAAACDADBCDACABDBCDCDBABDBDBDBCADCDBCCADABDDDB,ABCCAAAACDADBCADACBDBCCDBDABBDBDBDACCDBDCCADABDDBD,,,0,221,,,,,L_T1_GTR___standard,,,,,L_T1_GTR03_33000001,,,,51,22,21,355131122300353132100000132132200007521523300000525152300000525152000000,,00000210,,,,,,,,23,23,0,9,9,210,,153355553252132535121323215121212135232133525122,BACCAAAACDADBCDACABDBCDCDBABDBDBDBCADCDBCCADABDD,ABCCAAAACDADBCADACBDBCCDBDABBDBDBDACCDBDCCADABDD,,,0,210,,,,,L_T1_GTR___standard/L_T1_GTR___zabuton_,,,,,L_T1_GTR03_33000001,,,
185536,48,,,,,,,,,21,55,33,355222122000353131210000132151250007521351252000521132330000525533000000,,00000226,,,,,,,,25,25,0,5,5,226,,1533555532521325351213232151212121352321335251222155,BACCAAAACDADBCDACABDBCDCDBABDBDBDBCADCDBCCADABDDDBAA,ABCCAAAACDADBCADACBDBCCDBDABBDBDBDACCDBDCCADABDDBDAA,,,0,226,,,,,L_T1_GTR___standard,,,,,L_T1_GTR03_33000001,,,,51,22,21,355131122300353132100000132132200007521523300000525152300000525152000000,,00000210,,,,,,,,23,23,0,9,9,210,,153355553252132535121323215121212135232133525122,BACCAAAACDADBCDACABDBCDCDBABDBDBDBCADCDBCCADABDD,ABCCAAAACDADBCADACBDBCCDBDABBDBDBDACCDBDCCADABDD,,,0,210,,,,,L_T1_GTR___standard/L_T1_GTR___zabuton_,,,,,L_T1_GTR03_33000001,,,
185549,49,,,,,,,,,21,55,33,355222122000353131210000132151250007521351252000521132330000525533000000,,00000226,,,,,,,,25,25,0,5,5,226,,1533555532521325351213232151212121352321335251222155,BACCAAAACDADBCDACABDBCDCDBABDBDBDBCADCDBCCADABDDDBAA,ABCCAAAACDADBCADACBDBCCDBDABBDBDBDACCDBDCCADABDDBDAA,,,0,226,,,,,L_T1_GTR___standard,,,,,L_T1_GTR03_33000001,,,,22,21,55,355131122315353132100000132132200007521523300000525152300000525152000000,,00000212,,,,,,,,24,24,0,2,2,212,,15335555325213253512132321512121213523213352512221,BACCAAAACDADBCDACABDBCDCDBABDBDBDBCADCDBCCADABDDDB,ABCCAAAACDADBCADACBDBCCDBDABBDBDBDACCDBDCCADABDDBD,,,0,212,,,,,L_T1_GTR___standard/L_T1_GTR___zabuton_,,,,,L_T1_GTR03_33000001,,,
185572,50,,,,,,,,,55,33,35,355222122210353131210000132151250007521351252000521132330000525533000000,,00000230,,,,,,,,26,26,0,4,4,230,,153355553252132535121323215121212135232133525122215533,BACCAAAACDADBCDACABDBCDCDBABDBDBDBCADCDBCCADABDDDBAACC,ABCCAAAACDADBCADACBDBCCDBDABBDBDBDACCDBDCCADABDDBDAACC,,,0,230,,,,,L_T1_GTR___standard,,,,,L_T1_GTR03_33000001,,,,22,21,55,355131122315353132100000132132200007521523300000525152300000525152000000,,00000212,,,,,,,,24,24,0,2,2,212,,15335555325213253512132321512121213523213352512221,BACCAAAACDADBCDACABDBCDCDBABDBDBDBCADCDBCCADABDDDB,ABCCAAAACDADBCADACBDBCCDBDABBDBDBDACCDBDCCADABDDBD,,,0,212,,,,,L_T1_GTR___standard/L_T1_GTR___zabuton_,,,,,L_T1_GTR03_33000001,,,
185598,51,,,,,,,,,55,33,35,355222122210353131210000132151250007521351252000521132330000525533000000,,00000230,,,,,,,,26,26,0,4,4,230,,153355553252132535121323215121212135232133525122215533,BACCAAAACDADBCDACABDBCDCDBABDBDBDBCADCDBCCADABDDDBAACC,ABCCAAAACDADBCADACBDBCCDBDABBDBDBDACCDBDCCADABDDBDAACC,,,0,230,,,,,L_T1_GTR___standard,,,,,L_T1_GTR03_33000001,,,,21,55,33,355131122315353132100000132132200007521523300000525152322000525152000000,,00000218,,,,,,,,25,25,0,6,6,218,,1533555532521325351213232151212121352321335251222155,BACCAAAACDADBCDACABDBCDCDBABDBDBDBCADCDBCCADABDDDBAA,ABCCAAAACDADBCADACBDBCCDBDABBDBDBDACCDBDCCADABDDBDAA,,,0,218,,,,,L_T1_GTR___standard/L_T1_GTR___zabuton_,,,,,L_T1_GTR03_33000001,,,
185620,52,,,,,,,,,33,35,15,355222122210353131210000132151250007521351252000521132330000525533550000,,00000237,,,,,,,,27,27,0,7,7,237,,15335555325213253512132321512121213523213352512221553335,BACCAAAACDADBCDACABDBCDCDBABDBDBDBCADCDBCCADABDDDBAACCCA,ABCCAAAACDADBCADACBDBCCDBDABBDBDBDACCDBDCCADABDDBDAACCAC,,,0,237,,,,,L_T1_GTR___standard,,,,,L_T1_GTR03_33000001,,,,21,55,33,355131122315353132100000132132200007521523300000525152322000525152000000,,00000218,,,,,,,,25,25,0,6,6,218,,1533555532521325351213232151212121352321335251222155,BACCAAAACDADBCDACABDBCDCDBABDBDBDBCADCDBCCADABDDDBAA,ABCCAAAACDADBCADACBDBCCDBDABBDBDBDACCDBDCCADABDDBDAA,,,0,218,,,,,L_T1_GTR___standard/L_T1_GTR___zabuton_,,,,,L_T1_GTR03_33000001,,,
185663,53,,,,,,,,,33,35,15,355222122210353131210000132151250007521351252000521132330000525533550000,,00000237,,,,,,,,27,27,0,7,7,237,,15335555325213253512132321512121213523213352512221553335,BACCAAAACDADBCDACABDBCDCDBABDBDBDBCADCDBCCADABDDDBAACCCA,ABCCAAAACDADBCADACBDBCCDBDABBDBDBDACCDBDCCADABDDBDAACCAC,,,0,237,,,,,L_T1_GTR___standard,,,,,L_T1_GTR03_33000001,,,,55,33,35,355131122315353132100000132132200007521523300000525152322100525152200000,,00000222,,,,,,,,26,26,0,4,4,222,,153355553252132535121323215121212135232133525122215533,BACCAAAACDADBCDACABDBCDCDBABDBDBDBCADCDBCCADABDDDBAACC,ABCCAAAACDADBCADACBDBCCDBDABBDBDBDACCDBDCCADABDDBDAACC,,,0,222,,,,,L_T1_GTR___standard/L_T1_GTR___zabuton_,,,,,L_T1_GTR03_33000001,,,
185677,54,,,,,,,,,35,15,23,355222122210353131210000132151250007521351252300521132333000525533550000,,00000241,,,,,,,,28,28,0,4,4,241,,1533555532521325351213232151212121352321335251222155333515,BACCAAAACDADBCDACABDBCDCDBABDBDBDBCADCDBCCADABDDDBAACCCABA,ABCCAAAACDADBCADACBDBCCDBDABBDBDBDACCDBDCCADABDDBDAACCACAB,,,0,241,,,,,L_T1_GTR___standard,,,,,L_T1_GTR03_33000001,,,,55,33,35,355131122315353132100000132132200007521523300000525152322100525152200000,,00000222,,,,,,,,26,26,0,4,4,222,,153355553252132535121323215121212135232133525122215533,BACCAAAACDADBCDACABDBCDCDBABDBDBDBCADCDBCCADABDDDBAACC,ABCCAAAACDADBCADACBDBCCDBDABBDBDBDACCDBDCCADABDDBDAACC,,,0,222,,,,,L_T1_GTR___standard/L_T1_GTR___zabuton_,,,,,L_T1_GTR03_33000001,,,
185699,55,,,,,,,,,35,15,23,355222122210353131210000132151250007521351252300521132333000525533550000,,00000241,,,,,,,,28,28,0,4,4,241,,1533555532521325351213232151212121352321335251222155333515,BACCAAAACDADBCDACABDBCDCDBABDBDBDBCADCDBCCADABDDDBAACCCABA,ABCCAAAACDADBCADACBDBCCDBDABBDBDBDACCDBDCCADABDDBDAACCACAB,,,0,241,,,,,L_T1_GTR___standard,,,,,L_T1_GTR03_33000001,,,,33,35,15,355131122315353132150000132132250007521523300000525152322100525152200000,,00000228,,,,,,,,27,27,0,6,6,228,,15335555325213253512132321512121213523213352512221553335,BACCAAAACDADBCDACABDBCDCDBABDBDBDBCADCDBCCADABDDDBAACCCA,ABCCAAAACDADBCADACBDBCCDBDABBDBDBDACCDBDCCADABDDBDAACCAC,,,0,228,,,,,L_T1_GTR___standard/L_T1_GTR___zabuton_,,,,,L_T1_GTR03_33000001,,,
185725,56,,,,,,,,,,15,23,355222122210353131210000132151250007521351252300521132333300525533555000,,bb50abb2,,,,,,,,29,0,1,bb50abb2,100,341,,1533555532521325351213232151212121352321335251222155333515,BACCAAAACDADBCDACABDBCDCDBABDBDBDBCADCDBCCADABDDDBAACCCABA,ABCCAAAACDADBCADACBDBCCDBDABBDBDBDACCDBDCCADABDDBDAACCACAB,,,1,341,,,,,L_T1_GTR___standard,,,,,L_T1_GTR03_33000001,,,,33,35,15,355131122315353132150000132132250007521523300000525152322100525152200000,,00000228,,,,,,,,27,27,0,6,6,228,,15335555325213253512132321512121213523213352512221553335,BACCAAAACDADBCDACABDBCDCDBABDBDBDBCADCDBCCADABDDDBAACCCA,ABCCAAAACDADBCADACBDBCCDBDABBDBDBDACCDBDCCADABDDBDAACCAC,,,0,228,,,,,L_T1_GTR___standard/L_T1_GTR___zabuton_,,,,,L_T1_GTR03_33000001,,,
185739,57,,,,,,,,,,15,23,355222122210353131210000132151250007521351252300521132333300525533555000,,bb50abb2,,,,,,,,29,0,1,bb50abb2,100,341,,1533555532521325351213232151212121352321335251222155333515,BACCAAAACDADBCDACABDBCDCDBABDBDBDBCADCDBCCADABDDDBAACCCABA,ABCCAAAACDADBCADACBDBCCDBDABBDBDBDACCDBDCCADABDDBDAACCACAB,,,1,341,,,,,L_T1_GTR___standard,,,,,L_T1_GTR03_33000001,,,,35,15,23,355131122315353132150000132132250007521523300000525152322100525152233000,,00000233,,,,,,,,28,28,0,5,5,233,,1533555532521325351213232151212121352321335251222155333515,BACCAAAACDADBCDACABDBCDCDBABDBDBDBCADCDBCCADABDDDBAACCCABA,ABCCAAAACDADBCADACBDBCCDBDABBDBDBDACCDBDCCADABDDBDAACCACAB,,,0,233,,,,,L_T1_GTR___standard/L_T1_GTR___zabuton_,,,,,L_T1_GTR03_33000001,,,
185780,58,,,,,,,,,,15,23,355222122210353131210000132151250007521351252300521132333300525533555000,,bb50abb2,,,,,,,,29,0,1,bb50abb2,100,341,,1533555532521325351213232151212121352321335251222155333515,BACCAAAACDADBCDACABDBCDCDBABDBDBDBCADCDBCCADABDDDBAACCCABA,ABCCAAAACDADBCADACBDBCCDBDABBDBDBDACCDBDCCADABDDBDAACCACAB,,,1,341,,,,,L_T1_GTR___standard,,,,,L_T1_GTR03_33000001,,,,15,23,15,355131122315353132150000132132250007521523300000525152322100525152233350,,00000237,,,,,,,,29,29,0,4,4,237,,153355553252132535121323215121212135232133525122215533351523,BACCAAAACDADBCDACABDBCDCDBABDBDBDBCADCDBCCADABDDDBAACCCABADC,ABCCAAAACDADBCADACBDBCCDBDABBDBDBDACCDBDCCADABDDBDAACCACABCD,,,0,237,,,,,L_T1_GTR___standard/L_T1_GTR___zabuton_,,,,,L_T1_GTR03_33000001,,,
185792,59,,,,,,,,,15,23,15,355222122210353131210000132151250007521351252000521132000000525533555000,,00000345,,,,,,,,30,1,0,4,4,345,,153355553252132535121323215121212135232133525122215533351523,BACCAAAACDADBCDACABDBCDCDBABDBDBDBCADCDBCCADABDDDBAACCCABADC,ABCCAAAACDADBCADACBDBCCDBDABBDBDBDACCDBDCCADABDDBDAACCACABCD,,,1,345,,,,,L_T1_GTR___standard,,,,,L_T1_GTR03_33000001,,,,15,23,15,355131122315353132150000132132250007521523300000525152322100525152233350,,00000237,,,,,,,,29,29,0,4,4,237,,153355553252132535121323215121212135232133525122215533351523,BACCAAAACDADBCDACABDBCDCDBABDBDBDBCADCDBCCADABDDDBAACCCABADC,ABCCAAAACDADBCADACBDBCCDBDABBDBDBDACCDBDCCADABDDBDAACCACABCD,,,0,237,,,,,L_T1_GTR___standard/L_T1_GTR___zabuton_,,,,,L_T1_GTR03_33000001,,,
185829,60,,,,,,,,,23,15,22,355222122211353131210000132151250007521351252000521132000000525533555000,,00000347,,,,,,,,31,2,0,2,2,347,,15335555325213253512132321512121213523213352512221553335152315,BACCAAAACDADBCDACABDBCDCDBABDBDBDBCADCDBCCADABDDDBAACCCABADCBA,ABCCAAAACDADBCADACBDBCCDBDABBDBDBDACCDBDCCADABDDBDAACCACABCDAB,,,1,347,,,,,L_T1_GTR___standard,,,,,L_T1_GTR03_33000001,,,,15,23,15,355131122315353132150000132132250007521523300000525152322100525152233350,,00000237,,,,,,,,29,29,0,4,4,237,,153355553252132535121323215121212135232133525122215533351523,BACCAAAACDADBCDACABDBCDCDBABDBDBDBCADCDBCCADABDDDBAACCCABADC,ABCCAAAACDADBCADACBDBCCDBDABBDBDBDACCDBDCCADABDDBDAACCACABCD,,,0,237,,,,,L_T1_GTR___standard/L_T1_GTR___zabuton_,,,,,L_T1_GTR03_33000001,,,
185858,61,,,,,,,,,23,15,22,355222122211353131210000132151250007521351252000521132000000525533555000,,00000347,,,,,,,,31,2,0,2,2,347,,15335555325213253512132321512121213523213352512221553335152315,BACCAAAACDADBCDACABDBCDCDBABDBDBDBCADCDBCCADABDDDBAACCCABADCBA,ABCCAAAACDADBCADACBDBCCDBDABBDBDBDACCDBDCCADABDDBDAACCACABCDAB,,,1,347,,,,,L_T1_GTR___standard,,,,,L_T1_GTR03_33000001,,,,23,15,22,355131122315353132155160132132256007521523350000525152322100525152233356,,00000241,,,,,,,,30,30,0,4,4,241,,15335555325213253512132321512121213523213352512221553335152315,BACCAAAACDADBCDACABDBCDCDBABDBDBDBCADCDBCCADABDDDBAACCCABADCBA,ABCCAAAACDADBCADACBDBCCDBDABBDBDBDACCDBDCCADABDDBDAACCACABCDAB,,,0,241,,,,,L_T1_GTR___standard/L_T1_GTR___zabuton_,,,,,L_T1_GTR03_33000001,,,
185892,62,,,,,,,,,15,22,32,355222122211353131210000132151250007521351252200521132300000525533555000,,00000351,,,,,,,,32,3,0,4,4,351,,1533555532521325351213232151212121352321335251222155333515231522,BACCAAAACDADBCDACABDBCDCDBABDBDBDBCADCDBCCADABDDDBAACCCABADCBADD,ABCCAAAACDADBCADACBDBCCDBDABBDBDBDACCDBDCCADABDDBDAACCACABCDABDD,,,1,351,,,,,L_T1_GTR___standard,,,,,L_T1_GTR03_33000001,,,,23,15,22,355131122315353132155160132132256007521523350000525152322100525152233356,,00000241,,,,,,,,30,30,0,4,4,241,,15335555325213253512132321512121213523213352512221553335152315,BACCAAAACDADBCDACABDBCDCDBABDBDBDBCADCDBCCADABDDDBAACCCABADCBA,ABCCAAAACDADBCADACBDBCCDBDABBDBDBDACCDBDCCADABDDBDAACCACABCDAB,,,0,241,,,,,L_T1_GTR___standard/L_T1_GTR___zabuton_,,,,,L_T1_GTR03_33000001,,,
185928,63,,,,,,,,,15,22,32,355222122211353131210000132151250007521351252200521132300000525533555000,,00000351,,,,,,,,32,3,0,4,4,351,,1533555532521325351213232151212121352321335251222155333515231522,BACCAAAACDADBCDACABDBCDCDBABDBDBDBCADCDBCCADABDDDBAACCCABADCBADD,ABCCAAAACDADBCADACBDBCCDBDABBDBDBDACCDBDCCADABDDBDAACCACABCDABDD,,,1,351,,,,,L_T1_GTR___standard,,,,,L_T1_GTR03_33000001,,,,15,22,32,355131122315353132155160132132256007521523362000525152322130525152233356,,00000244,,,,,,,,31,31,0,3,3,244,,1533555532521325351213232151212121352321335251222155333515231522,BACCAAAACDADBCDACABDBCDCDBABDBDBDBCADCDBCCADABDDDBAACCCABADCBADD,ABCCAAAACDADBCADACBDBCCDBDABBDBDBDACCDBDCCADABDDBDAACCACABCDABDD,,,0,244,,,,,L_T1_GTR___standard/L_T1_GTR___zabuton_,,,,,L_T1_GTR03_33000001,,,
185934,64,,,,,,,,,22,32,12,355222122211353131211000132151255007521351252200521132300000525533555000,,00000356,,,,,,,,33,4,0,5,5,356,,153355553252132535121323215121212135232133525122215533351523152232,BACCAAAACDADBCDACABDBCDCDBABDBDBDBCADCDBCCADABDDDBAACCCABADCBADDCD,ABCCAAAACDADBCADACBDBCCDBDABBDBDBDACCDBDCCADABDDBDAACCACABCDABDDCD,,,1,356,,,,,L_T1_GTR___standard,,,,,L_T1_GTR03_33000001,,,,15,22,32,355131122315353132155160132132256007521523362000525152322130525152233356,,00000244,,,,,,,,31,31,0,3,3,244,,1533555532521325351213232151212121352321335251222155333515231522,BACCAAAACDADBCDACABDBCDCDBABDBDBDBCADCDBCCADABDDDBAACCCABADCBADD,ABCCAAAACDADBCADACBDBCCDBDABBDBDBDACCDBDCCADABDDBDAACCACABCDABDD,,,0,244,,,,,L_T1_GTR___standard/L_T1_GTR___zabuton_,,,,,L_T1_GTR03_33000001,,,
185959,65,,,,,,,,,22,32,12,355222122211353131211000132151255007521351252200521132300000525533555000,,00000356,,,,,,,,33,4,0,5,5,356,,153355553252132535121323215121212135232133525122215533351523152232,BACCAAAACDADBCDACABDBCDCDBABDBDBDBCADCDBCCADABDDDBAACCCABADCBADDCD,ABCCAAAACDADBCADACBDBCCDBDABBDBDBDACCDBDCCADABDDBDAACCACABCDABDDCD,,,1,356,,,,,L_T1_GTR___standard,,,,,L_T1_GTR03_33000001,,,,22,32,12,355131122315353132155160132132256007521523362000525152322131525152233356,,00000246,,,,,,,,32,32,0,2,2,246,,153355553252132535121323215121212135232133525122215533351523152232,BACCAAAACDADBCDACABDBCDCDBABDBDBDBCADCDBCCADABDDDBAACCCABADCBADDCD,ABCCAAAACDADBCADACBDBCCDBDABBDBDBDACCDBDCCADABDDBDAACCACABCDABDDCD,,,0,246,,,,,L_T1_GTR___standard/L_T1_GTR___zabuton_,,,,,L_T1_GTR03_33000001,,,
185970,66,,,,,,,,,32,12,31,355222122211353131211000132151255007521351252200521132300000525533555220,,00000359,,,,,,,,34,5,0,3,3,359,,15335555325213253512132321512121213523213352512221553335152315223212,BACCAAAACDADBCDACABDBCDCDBABDBDBDBCADCDBCCADABDDDBAACCCABADCBADDCDBD,ABCCAAAACDADBCADACBDBCCDBDABBDBDBDACCDBDCCADABDDBDAACCACABCDABDDCDBD,,,1,359,,,,,L_T1_GTR___standard,,,,,L_T1_GTR03_33000001,,,,22,32,12,355131122315353132155160132132256007521523362000525152322131525152233356,,00000246,,,,,,,,32,32,0,2,2,246,,153355553252132535121323215121212135232133525122215533351523152232,BACCAAAACDADBCDACABDBCDCDBABDBDBDBCADCDBCCADABDDDBAACCCABADCBADDCD,ABCCAAAACDADBCADACBDBCCDBDABBDBDBDACCDBDCCADABDDBDAACCACABCDABDDCD,,,0,246,,,,,L_T1_GTR___standard/L_T1_GTR___zabuton_,,,,,L_T1_GTR03_33000001,,,
185992,67,,,,,,,,,32,12,31,355222122211353131211000132151255007521351252200521132300000525533555220,,00000359,,,,,,,,34,5,0,3,3,359,,15335555325213253512132321512121213523213352512221553335152315223212,BACCAAAACDADBCDACABDBCDCDBABDBDBDBCADCDBCCADABDDDBAACCCABADCBADDCDBD,ABCCAAAACDADBCADACBDBCCDBDABBDBDBDACCDBDCCADABDDBDAACCACABCDABDDCDBD,,,1,359,,,,,L_T1_GTR___standard,,,,,L_T1_GTR03_33000001,,,,32,12,31,355131122315353132155160132132256227521523362000525152322131525152233356,,00000250,,,,,,,,33,33,0,4,4,250,,15335555325213253512132321512121213523213352512221553335152315223212,BACCAAAACDADBCDACABDBCDCDBABDBDBDBCADCDBCCADABDDDBAACCCABADCBADDCDBD,ABCCAAAACDADBCADACBDBCCDBDABBDBDBDACCDBDCCADABDDBDAACCACABCDABDDCDBD,,,0,250,,,,,L_T1_GTR___standard/L_T1_GTR___zabuton_,,,,,L_T1_GTR03_33000001,,,
186013,68,,,,,,,,,12,31,33,355222122211353131211000132151255007521351252200521132332000525533555220,,00000361,,,,,,,,35,6,0,2,2,361,,1533555532521325351213232151212121352321335251222155333515231522321231,BACCAAAACDADBCDACABDBCDCDBABDBDBDBCADCDBCCADABDDDBAACCCABADCBADDCDBDCB,ABCCAAAACDADBCADACBDBCCDBDABBDBDBDACCDBDCCADABDDBDAACCACABCDABDDCDBDBC,,,1,361,,,,,L_T1_GTR___standard,,,,,L_T1_GTR03_33000001,,,,32,12,31,355131122315353132155160132132256227521523362000525152322131525152233356,,00000250,,,,,,,,33,33,0,4,4,250,,15335555325213253512132321512121213523213352512221553335152315223212,BACCAAAACDADBCDACABDBCDCDBABDBDBDBCADCDBCCADABDDDBAACCCABADCBADDCDBD,ABCCAAAACDADBCADACBDBCCDBDABBDBDBDACCDBDCCADABDDBDAACCACABCDABDDCDBD,,,0,250,,,,,L_T1_GTR___standard/L_T1_GTR___zabuton_,,,,,L_T1_GTR03_33000001,,,
186017,69,,,,,,,,,12,31,33,355222122211353131211000132151255007521351252200521132332000525533555220,,00000361,,,,,,,,35,6,0,2,2,361,,1533555532521325351213232151212121352321335251222155333515231522321231,BACCAAAACDADBCDACABDBCDCDBABDBDBDBCADCDBCCADABDDDBAACCCABADCBADDCDBDCB,ABCCAAAACDADBCADACBDBCCDBDABBDBDBDACCDBDCCADABDDBDAACCACABCDABDDCDBDBC,,,1,361,,,,,L_T1_GTR___standard,,,,,L_T1_GTR03_33000001,,,,,12,31,355131122315353132155160132132256227521523362230525152322131525152233356,,bb60abb3,,,,,,,,34,0,1,bb60abb3,180,430,,15335555325213253512132321512121213523213352512221553335152315223212,BACCAAAACDADBCDACABDBCDCDBABDBDBDBCADCDBCCADABDDDBAACCCABADCBADDCDBD,ABCCAAAACDADBCADACBDBCCDBDABBDBDBDACCDBDCCADABDDBDAACCACABCDABDDCDBD,,,1,430,,,,,L_T1_GTR___standard/L_T1_GTR___zabuton_,,,,,L_T1_GTR03_33000001,,,
186058,70,,,,,,,,,31,33,32,355222122211353131211120132151255007521351252200521132332000525533555220,,00000365,,,,,,,,36,7,0,4,4,365,,153355553252132535121323215121212135232133525122215533351523152232123133,BACCAAAACDADBCDACABDBCDCDBABDBDBDBCADCDBCCADABDDDBAACCCABADCBADDCDBDCBCC,ABCCAAAACDADBCADACBDBCCDBDABBDBDBDACCDBDCCADABDDBDAACCACABCDABDDCDBDBCCC,,,1,365,,,,,L_T1_GTR___standard,,,,,L_T1_GTR03_33000001,,,,,12,31,355131122315353132155160132132256227521523362230525152322131525152233356,,bb60abb3,,,,,,,,34,0,1,bb60abb3,180,430,,15335555325213253512132321512121213523213352512221553335152315223212,BACCAAAACDADBCDACABDBCDCDBABDBDBDBCADCDBCCADABDDDBAACCCABADCBADDCDBD,ABCCAAAACDADBCADACBDBCCDBDABBDBDBDACCDBDCCADABDDBDAACCACABCDABDDCDBD,,,1,430,,,,,L_T1_GTR___standard/L_T1_GTR___zabuton_,,,,,L_T1_GTR03_33000001,,,
186096,71,,,,,,,,,33,32,55,355222122211353131211121132151255007521351252200521132332000525533555220,,00000366,,,,,,,,37,8,0,1,1,366,,15335555325213253512132321512121213523213352512221553335152315223212313332,BACCAAAACDADBCDACABDBCDCDBABDBDBDBCADCDBCCADABDDDBAACCCABADCBADDCDBDCBCCCD,ABCCAAAACDADBCADACBDBCCDBDABBDBDBDACCDBDCCADABDDBDAACCACABCDABDDCDBDBCCCCD,,,1,366,,,,,L_T1_GTR___standard,,,,,L_T1_GTR03_33000001,,,,,12,31,355131122315353132155160132132256227521523362230525152322131525152233356,,bb60abb3,,,,,,,,34,0,1,bb60abb3,180,430,,15335555325213253512132321512121213523213352512221553335152315223212,BACCAAAACDADBCDACABDBCDCDBABDBDBDBCADCDBCCADABDDDBAACCCABADCBADDCDBD,ABCCAAAACDADBCADACBDBCCDBDABBDBDBDACCDBDCCADABDDBDAACCACABCDABDDCDBD,,,1,430,,,,,L_T1_GTR___standard/L_T1_GTR___zabuton_,,,,,L_T1_GTR03_33000001,,,
186101,72,,,,,,,,,33,32,55,355222122211353131211121132151255007521351252200521132332000525533555220,,00000366,,,,,,,,37,8,0,1,1,366,,15335555325213253512132321512121213523213352512221553335152315223212313332,BACCAAAACDADBCDACABDBCDCDBABDBDBDBCADCDBCCADABDDDBAACCCABADCBADDCDBDCBCCCD,ABCCAAAACDADBCADACBDBCCDBDABBDBDBDACCDBDCCADABDDBDAACCACABCDABDDCDBDBCCCCD,,,1,366,,,,,L_T1_GTR___standard,,,,,L_T1_GTR03_33000001,,,,,12,31,355131122315353132150000132132250007521523330000525152313150525152233356,,bb80abb8,,,,,,,,35,0,2,bb80abb8,640,1070,,15335555325213253512132321512121213523213352512221553335152315223212,BACCAAAACDADBCDACABDBCDCDBABDBDBDBCADCDBCCADABDDDBAACCCABADCBADDCDBD,ABCCAAAACDADBCADACBDBCCDBDABBDBDBDACCDBDCCADABDDBDAACCACABCDABDDCDBD,,,2,1070,,,,,L_T1_GTR___standard/L_T1_GTR___zabuton_,,,,,L_T1_GTR03_33000001,,,
186132,73,,,,,,,,,32,55,13,355222122211353131211121132151255007521351252200521132332330525533555220,,00000370,,,,,,,,38,9,0,4,4,370,,1533555532521325351213232151212121352321335251222155333515231522321231333255,BACCAAAACDADBCDACABDBCDCDBABDBDBDBCADCDBCCADABDDDBAACCCABADCBADDCDBDCBCCCDAA,ABCCAAAACDADBCADACBDBCCDBDABBDBDBDACCDBDCCADABDDBDAACCACABCDABDDCDBDBCCCCDAA,,,1,370,,,,,L_T1_GTR___standard,,,,,L_T1_GTR03_33000001,,,,,12,31,355131122315353132150000132132250007521523330000525152313150525152233356,,bb80abb8,,,,,,,,35,0,2,bb80abb8,640,1070,,15335555325213253512132321512121213523213352512221553335152315223212,BACCAAAACDADBCDACABDBCDCDBABDBDBDBCADCDBCCADABDDDBAACCCABADCBADDCDBD,ABCCAAAACDADBCADACBDBCCDBDABBDBDBDACCDBDCCADABDDBDAACCACABCDABDDCDBD,,,2,1070,,,,,L_T1_GTR___standard/L_T1_GTR___zabuton_,,,,,L_T1_GTR03_33000001,,,
186167,74,,,,,,,,,55,13,13,355222122211353131211123132151255307521351252200521132332333525533555220,,00000372,,,,,,,,39,10,0,2,2,372,,153355553252132535121323215121212135232133525122215533351523152232123133325513,BACCAAAACDADBCDACABDBCDCDBABDBDBDBCADCDBCCADABDDDBAACCCABADCBADDCDBDCBCCCDAABC,ABCCAAAACDADBCADACBDBCCDBDABBDBDBDACCDBDCCADABDDBDAACCACABCDABDDCDBDBCCCCDAABC,,,1,372,,,,,L_T1_GTR___standard,,,,,L_T1_GTR03_33000001,,,,,12,31,355131122315353132150000132132250007521523330000525152313150525152233356,,bb80abb8,,,,,,,,35,0,2,bb80abb8,640,1070,,15335555325213253512132321512121213523213352512221553335152315223212,BACCAAAACDADBCDACABDBCDCDBABDBDBDBCADCDBCCADABDDDBAACCCABADCBADDCDBD,ABCCAAAACDADBCADACBDBCCDBDABBDBDBDACCDBDCCADABDDBDAACCACABCDABDDCDBD,,,2,1070,,,,,L_T1_GTR___standard/L_T1_GTR___zabuton_,,,,,L_T1_GTR03_33000001,,,
186191,75,,,,,,,,,,13,13,355222122211353131211121132151255557521351252200521132332333525533555220,,bb50abb2,,,,,,,,40,0,1,bb50abb2,100,472,,153355553252132535121323215121212135232133525122215533351523152232123133325513,BACCAAAACDADBCDACABDBCDCDBABDBDBDBCADCDBCCADABDDDBAACCCABADCBADDCDBDCBCCCDAABC,ABCCAAAACDADBCADACBDBCCDBDABBDBDBDACCDBDCCADABDDBDAACCACABCDABDDCDBDBCCCCDAABC,,,1,472,,,,,L_T1_GTR___standard,,,,,L_T1_GTR03_33000001,,,,,12,31,355131122315353132150000132132250007521523330000525152313150525152233356,,bb80abb8,,,,,,,,35,0,2,bb80abb8,640,1070,,15335555325213253512132321512121213523213352512221553335152315223212,BACCAAAACDADBCDACABDBCDCDBABDBDBDBCADCDBCCADABDDDBAACCCABADCBADDCDBD,ABCCAAAACDADBCADACBDBCCDBDABBDBDBDACCDBDCCADABDDBDAACCACABCDABDDCDBD,,,2,1070,,,,,L_T1_GTR___standard/L_T1_GTR___zabuton_,,,,,L_T1_GTR03_33000001,,,
186196,76,,,,,,,,,,13,13,355222122211353131211121132151255557521351252200521132332333525533555220,,bb50abb2,,,,,,,,40,0,1,bb50abb2,100,472,,153355553252132535121323215121212135232133525122215533351523152232123133325513,BACCAAAACDADBCDACABDBCDCDBABDBDBDBCADCDBCCADABDDDBAACCCABADCBADDCDBDCBCCCDAABC,ABCCAAAACDADBCADACBDBCCDBDABBDBDBDACCDBDCCADABDDBDAACCACABCDABDDCDBDBCCCCDAABC,,,1,472,,,,,L_T1_GTR___standard,,,,,L_T1_GTR03_33000001,,,,12,31,33,355131122315353132155100132132250007521520000000525152115000525152256000,,00001073,,,,,,,,36,1,0,3,3,1073,,1533555532521325351213232151212121352321335251222155333515231522321231,BACCAAAACDADBCDACABDBCDCDBABDBDBDBCADCDBCCADABDDDBAACCCABADCBADDCDBDCB,ABCCAAAACDADBCADACBDBCCDBDABBDBDBDACCDBDCCADABDDBDAACCACABCDABDDCDBDBC,,,2,1073,,,,,L_T1_GTR___standard/L_T1_GTR___zabuton_,,,,,L_T1_GTR03_33000001,,,
186237,77,,,,,,,,,,13,13,355222122211353131211121132151255557521351252200521132332333525533555220,,bb50abb2,,,,,,,,40,0,1,bb50abb2,100,472,,153355553252132535121323215121212135232133525122215533351523152232123133325513,BACCAAAACDADBCDACABDBCDCDBABDBDBDBCADCDBCCADABDDDBAACCCABADCBADDCDBDCBCCCDAABC,ABCCAAAACDADBCADACBDBCCDBDABBDBDBDACCDBDCCADABDDBDAACCACABCDABDDCDBDBCCCCDAABC,,,1,472,,,,,L_T1_GTR___standard,,,,,L_T1_GTR03_33000001,,,,31,33,32,355131122315353132155100132132250007521520000000525152115200525152256100,,00001077,,,,,,,,37,2,0,4,4,1077,,153355553252132535121323215121212135232133525122215533351523152232123133,BACCAAAACDADBCDACABDBCDCDBABDBDBDBCADCDBCCADABDDDBAACCCABADCBADDCDBDCBCC,ABCCAAAACDADBCADACBDBCCDBDABBDBDBDACCDBDCCADABDDBDAACCACABCDABDDCDBDBCCC,,,2,1077,,,,,L_T1_GTR___standard/L_T1_GTR___zabuton_,,,,,L_T1_GTR03_33000001,,,
186277,78,,,,,,,,,,13,13,355222122211353131211121132151200007521351222000521132332333525533555220,,bb60ab11,,,,,,,,41,0,2,bb60ab11,660,1132,,153355553252132535121323215121212135232133525122215533351523152232123133325513,BACCAAAACDADBCDACABDBCDCDBABDBDBDBCADCDBCCADABDDDBAACCCABADCBADDCDBDCBCCCDAABC,ABCCAAAACDADBCADACBDBCCDBDABBDBDBDACCDBDCCADABDDBDAACCACABCDABDDCDBDBCCCCDAABC,,,2,1132,,,,,L_T1_GTR___standard,,,,,L_T1_GTR03_33000001,,,,31,33,32,355131122315353132155100132132250007521520000000525152115200525152256100,,00001077,,,,,,,,37,2,0,4,4,1077,,153355553252132535121323215121212135232133525122215533351523152232123133,BACCAAAACDADBCDACABDBCDCDBABDBDBDBCADCDBCCADABDDDBAACCCABADCBADDCDBDCBCC,ABCCAAAACDADBCADACBDBCCDBDABBDBDBDACCDBDCCADABDDBDAACCACABCDABDDCDBDBCCC,,,2,1077,,,,,L_T1_GTR___standard/L_T1_GTR___zabuton_,,,,,L_T1_GTR03_33000001,,,
186280,79,,,,,,,,,,13,13,355222122211353131211121132151200007521351222000521132332333525533555220,,bb60ab11,,,,,,,,41,0,2,bb60ab11,660,1132,,153355553252132535121323215121212135232133525122215533351523152232123133325513,BACCAAAACDADBCDACABDBCDCDBABDBDBDBCADCDBCCADABDDDBAACCCABADCBADDCDBDCBCCCDAABC,ABCCAAAACDADBCADACBDBCCDBDABBDBDBDACCDBDCCADABDDBDAACCACABCDABDDCDBDBCCCCDAABC,,,2,1132,,,,,L_T1_GTR___standard,,,,,L_T1_GTR03_33000001,,,,33,32,55,355131122315353132155100132132250007521521300000525152115200525152256100,,00001084,,,,,,,,38,3,0,7,7,1084,,15335555325213253512132321512121213523213352512221553335152315223212313332,BACCAAAACDADBCDACABDBCDCDBABDBDBDBCADCDBCCADABDDDBAACCCABADCBADDCDBDCBCCCD,ABCCAAAACDADBCADACBDBCCDBDABBDBDBDACCDBDCCADABDDBDAACCACABCDABDDCDBDBCCCCD,,,2,1084,,,,,L_T1_GTR___standard/L_T1_GTR___zabuton_,,,,,L_T1_GTR03_33000001,,,
186316,80,,,,,,,,,,13,13,355222122211353131211121132151200007521351222000521132332333525533555220,,bb60ab11,,,,,,,,41,0,2,bb60ab11,660,1132,,153355553252132535121323215121212135232133525122215533351523152232123133325513,BACCAAAACDADBCDACABDBCDCDBABDBDBDBCADCDBCCADABDDDBAACCCABADCBADDCDBDCBCCCDAABC,ABCCAAAACDADBCADACBDBCCDBDABBDBDBDACCDBDCCADABDDBDAACCACABCDABDDCDBDBCCCCDAABC,,,2,1132,,,,,L_T1_GTR___standard,,,,,L_T1_GTR03_33000001,,,,32,55,13,355131122315353132155100132132250007521521333000525152115200525152256100,,00001089,,,,,,,,39,4,0,5,5,1089,,1533555532521325351213232151212121352321335251222155333515231522321231333255,BACCAAAACDADBCDACABDBCDCDBABDBDBDBCADCDBCCADABDDDBAACCCABADCBADDCDBDCBCCCDAA,ABCCAAAACDADBCADACBDBCCDBDABBDBDBDACCDBDCCADABDDBDAACCACABCDABDDCDBDBCCCCDAA,,,2,1089,,,,,L_T1_GTR___standard/L_T1_GTR___zabuton_,,,,,L_T1_GTR03_33000001,,,
186356,81,,,,,,,,,,13,13,355222122211353131111213132151000007521351000000521132333332525533555220,,b160ab28,,,,,,,,42,0,3,b160ab28,4480,5612,,153355553252132535121323215121212135232133525122215533351523152232123133325513,BACCAAAACDADBCDACABDBCDCDBABDBDBDBCADCDBCCADABDDDBAACCCABADCBADDCDBDCBCCCDAABC,ABCCAAAACDADBCADACBDBCCDBDABBDBDBDACCDBDCCADABDDBDAACCACABCDABDDCDBDBCCCCDAABC,,,3,5612,,,,,L_T1_GTR___standard,,,,,L_T1_GTR03_33000001,,,,32,55,13,355131122315353132155100132132250007521521333000525152115200525152256100,,00001089,,,,,,,,39,4,0,5,5,1089,,1533555532521325351213232151212121352321335251222155333515231522321231333255,BACCAAAACDADBCDACABDBCDCDBABDBDBDBCADCDBCCADABDDDBAACCCABADCBADDCDBDCBCCCDAA,ABCCAAAACDADBCADACBDBCCDBDABBDBDBDACCDBDCCADABDDBDAACCACABCDABDDCDBDBCCCCDAA,,,2,1089,,,,,L_T1_GTR___standard/L_T1_GTR___zabuton_,,,,,L_T1_GTR03_33000001,,,
186374,82,,,,,,,,,,13,13,355222122211353131111213132151000007521351000000521132333332525533555220,,b160ab28,,,,,,,,42,0,3,b160ab28,4480,5612,,153355553252132535121323215121212135232133525122215533351523152232123133325513,BACCAAAACDADBCDACABDBCDCDBABDBDBDBCADCDBCCADABDDDBAACCCABADCBADDCDBDCBCCCDAABC,ABCCAAAACDADBCADACBDBCCDBDABBDBDBDACCDBDCCADABDDBDAACCACABCDABDDCDBDBCCCCDAABC,,,3,5612,,,,,L_T1_GTR___standard,,,,,L_T1_GTR03_33000001,,,,55,13,13,355131122315353132155100132132250007521521333200525152115230525152256100,,00001092,,,,,,,,40,5,0,3,3,1092,,153355553252132535121323215121212135232133525122215533351523152232123133325513,BACCAAAACDADBCDACABDBCDCDBABDBDBDBCADCDBCCADABDDDBAACCCABADCBADDCDBDCBCCCDAABC,ABCCAAAACDADBCADACBDBCCDBDABBDBDBDACCDBDCCADABDDBDAACCACABCDABDDCDBDBCCCCDAABC,,,2,1092,,,,,L_T1_GTR___standard/L_T1_GTR___zabuton_,,,,,L_T1_GTR03_33000001,,,
186399,83,,,,,,,,,,13,13,355222122211353131111213132151000007521351000000521132333332525533555220,,b160ab28,,,,,,,,42,0,3,b160ab28,4480,5612,,153355553252132535121323215121212135232133525122215533351523152232123133325513,BACCAAAACDADBCDACABDBCDCDBABDBDBDBCADCDBCCADABDDDBAACCCABADCBADDCDBDCBCCCDAABC,ABCCAAAACDADBCADACBDBCCDBDABBDBDBDACCDBDCCADABDDBDAACCACABCDABDDCDBDBCCCCDAABC,,,3,5612,,,,,L_T1_GTR___standard,,,,,L_T1_GTR03_33000001,,,,,13,13,355131122315353132155100132132255507521521333200525152115230525152256100,,bb50abb2,,,,,,,,41,0,1,bb50abb2,100,1192,,153355553252132535121323215121212135232133525122215533351523152232123133325513,BACCAAAACDADBCDACABDBCDCDBABDBDBDBCADCDBCCADABDDDBAACCCABADCBADDCDBDCBCCCDAABC,ABCCAAAACDADBCADACBDBCCDBDABBDBDBDACCDBDCCADABDDBDAACCACABCDABDDCDBDBCCCCDAABC,,,2,1192,,,,,L_T1_GTR___standard/L_T1_GTR___zabuton_,,,,,L_T1_GTR03_33000001,,,
186456,84,,,,,,,,,13,13,11,355222115000353131300000132150000007521350000000521132200000525533550220,,00005616,,,,,,,,43,1,0,4,4,5616,,15335555325213253512132321512121213523213352512221553335152315223212313332551313,BACCAAAACDADBCDACABDBCDCDBABDBDBDBCADCDBCCADABDDDBAACCCABADCBADDCDBDCBCCCDAABCBC,ABCCAAAACDADBCADACBDBCCDBDABBDBDBDACCDBDCCADABDDBDAACCACABCDABDDCDBDBCCCCDAABCBC,,,3,5616,,,,,L_T1_GTR___standard,,,,,L_T1_GTR03_33000001,,,,,13,13,355131122315353132155100132132255507521521333200525152115230525152256100,,bb50abb2,,,,,,,,41,0,1,bb50abb2,100,1192,,153355553252132535121323215121212135232133525122215533351523152232123133325513,BACCAAAACDADBCDACABDBCDCDBABDBDBDBCADCDBCCADABDDDBAACCCABADCBADDCDBDCBCCCDAABC,ABCCAAAACDADBCADACBDBCCDBDABBDBDBDACCDBDCCADABDDBDAACCACABCDABDDCDBDBCCCCDAABC,,,2,1192,,,,,L_T1_GTR___standard/L_T1_GTR___zabuton_,,,,,L_T1_GTR03_33000001,,,
186481,85,,,,,,,,,13,13,11,355222115000353131300000132150000007521350000000521132200000525533550220,,00005616,,,,,,,,43,1,0,4,4,5616,,15335555325213253512132321512121213523213352512221553335152315223212313332551313,BACCAAAACDADBCDACABDBCDCDBABDBDBDBCADCDBCCADABDDDBAACCCABADCBADDCDBDCBCCCDAABCBC,ABCCAAAACDADBCADACBDBCCDBDABBDBDBDACCDBDCCADABDDBDAACCACABCDABDDCDBDBCCCCDAABCBC,,,3,5616,,,,,L_T1_GTR___standard,,,,,L_T1_GTR03_33000001,,,,,13,13,355131122315353132110000132132200007521521333200525152115230525152256100,,bb40abb8,,,,,,,,42,0,2,bb40abb8,320,1512,,153355553252132535121323215121212135232133525122215533351523152232123133325513,BACCAAAACDADBCDACABDBCDCDBABDBDBDBCADCDBCCADABDDDBAACCCABADCBADDCDBDCBCCCDAABC,ABCCAAAACDADBCADACBDBCCDBDABBDBDBDACCDBDCCADABDDBDAACCACABCDABDDCDBDBCCCCDAABC,,,2,1512,,,,,L_T1_GTR___standard/L_T1_GTR___zabuton_,,,,,L_T1_GTR03_33000001,,,
186496,86,,,,,,,,,13,11,21,355222115000353131300000132151300007521350000000521132200000525533555220,,00005624,,,,,,,,44,2,0,8,8,5624,,1533555532521325351213232151212121352321335251222155333515231522321231333255131311,BACCAAAACDADBCDACABDBCDCDBABDBDBDBCADCDBCCADABDDDBAACCCABADCBADDCDBDCBCCCDAABCBCBB,ABCCAAAACDADBCADACBDBCCDBDABBDBDBDACCDBDCCADABDDBDAACCACABCDABDDCDBDBCCCCDAABCBCBB,,,3,5624,,,,,L_T1_GTR___standard,,,,,L_T1_GTR03_33000001,,,,,13,13,355131122315353132110000132132200007521521333200525152115230525152256100,,bb40abb8,,,,,,,,42,0,2,bb40abb8,320,1512,,153355553252132535121323215121212135232133525122215533351523152232123133325513,BACCAAAACDADBCDACABDBCDCDBABDBDBDBCADCDBCCADABDDDBAACCCABADCBADDCDBDCBCCCDAABC,ABCCAAAACDADBCADACBDBCCDBDABBDBDBDACCDBDCCADABDDBDAACCACABCDABDDCDBDBCCCCDAABC,,,2,1512,,,,,L_T1_GTR___standard/L_T1_GTR___zabuton_,,,,,L_T1_GTR03_33000001,,,
186540,87,,,,,,,,,11,21,33,355222115000353131300000132151300007521351300000521132200000525533550220,,00005632,,,,,,,,45,3,0,8,8,5632,,153355553252132535121323215121212135232133525122215533351523152232123133325513131121,BACCAAAACDADBCDACABDBCDCDBABDBDBDBCADCDBCCADABDDDBAACCCABADCBADDCDBDCBCCCDAABCBCBBDB,ABCCAAAACDADBCADACBDBCCDBDABBDBDBDACCDBDCCADABDDBDAACCACABCDABDDCDBDBCCCCDAABCBCBBBD,,,3,5632,,,,,L_T1_GTR___standard,,,,,L_T1_GTR03_33000001,,,,,13,13,355131122315353132110000132132200007521521333200525152115230525152256100,,bb40abb8,,,,,,,,42,0,2,bb40abb8,320,1512,,153355553252132535121323215121212135232133525122215533351523152232123133325513,BACCAAAACDADBCDACABDBCDCDBABDBDBDBCADCDBCCADABDDDBAACCCABADCBADDCDBDCBCCCDAABC,ABCCAAAACDADBCADACBDBCCDBDABBDBDBDACCDBDCCADABDDBDAACCACABCDABDDCDBDBCCCCDAABC,,,2,1512,,,,,L_T1_GTR___standard/L_T1_GTR___zabuton_,,,,,L_T1_GTR03_33000001,,,
186563,88,,,,,,,,,11,21,33,355222115000353131300000132151300007521351300000521132200000525533550220,,00005632,,,,,,,,45,3,0,8,8,5632,,153355553252132535121323215121212135232133525122215533351523152232123133325513131121,BACCAAAACDADBCDACABDBCDCDBABDBDBDBCADCDBCCADABDDDBAACCCABADCBADDCDBDCBCCCDAABCBCBBDB,ABCCAAAACDADBCADACBDBCCDBDABBDBDBDACCDBDCCADABDDBDAACCACABCDABDDCDBDBCCCCDAABCBCBBBD,,,3,5632,,,,,L_T1_GTR___standard,,,,,L_T1_GTR03_33000001,,,,,13,13,355132231500353132000000132132200007521521333200525152115230525152256100,,bb50ab18,,,,,,,,43,0,3,bb50ab18,900,2412,,153355553252132535121323215121212135232133525122215533351523152232123133325513,BACCAAAACDADBCDACABDBCDCDBABDBDBDBCADCDBCCADABDDDBAACCCABADCBADDCDBDCBCCCDAABC,ABCCAAAACDADBCADACBDBCCDBDABBDBDBDACCDBDCCADABDDBDAACCACABCDABDDCDBDBCCCCDAABC,,,3,2412,,,,,L_T1_GTR___standard/L_T1_GTR___zabuton_,,,,,L_T1_GTR03_33000001,,,
186578,89,,,,,,,,,21,33,11,355222115000353131300000132151300007521351310000521132210000525533555220,,00005638,,,,,,,,46,4,0,6,6,5638,,15335555325213253512132321512121213523213352512221553335152315223212313332551313112133,BACCAAAACDADBCDACABDBCDCDBABDBDBDBCADCDBCCADABDDDBAACCCABADCBADDCDBDCBCCCDAABCBCBBDBCC,ABCCAAAACDADBCADACBDBCCDBDABBDBDBDACCDBDCCADABDDBDAACCACABCDABDDCDBDBCCCCDAABCBCBBBDCC,,,3,5638,,,,,L_T1_GTR___standard,,,,,L_T1_GTR03_33000001,,,,,13,13,355132231500353132000000132132200007521521333200525152115230525152256100,,bb50ab18,,,,,,,,43,0,3,bb50ab18,900,2412,,153355553252132535121323215121212135232133525122215533351523152232123133325513,BACCAAAACDADBCDACABDBCDCDBABDBDBDBCADCDBCCADABDDDBAACCCABADCBADDCDBDCBCCCDAABC,ABCCAAAACDADBCADACBDBCCDBDABBDBDBDACCDBDCCADABDDBDAACCACABCDABDDCDBDBCCCCDAABC,,,3,2412,,,,,L_T1_GTR___standard/L_T1_GTR___zabuton_,,,,,L_T1_GTR03_33000001,,,
186616,90,,,,,,,,,33,11,55,355222115000353131320000132151310007521351310000521132210000525533555220,,00005644,,,,,,,,47,5,0,6,6,5644,,1533555532521325351213232151212121352321335251222155333515231522321231333255131311213311,BACCAAAACDADBCDACABDBCDCDBABDBDBDBCADCDBCCADABDDDBAACCCABADCBADDCDBDCBCCCDAABCBCBBDBCCBB,ABCCAAAACDADBCADACBDBCCDBDABBDBDBDACCDBDCCADABDDBDAACCACABCDABDDCDBDBCCCCDAABCBCBBBDCCBB,,,3,5644,,,,,L_T1_GTR___standard,,,,,L_T1_GTR03_33000001,,,,,13,13,355132231500353132000000132132200007521521333200525152115230525152256100,,bb50ab18,,,,,,,,43,0,3,bb50ab18,900,2412,,153355553252132535121323215121212135232133525122215533351523152232123133325513,BACCAAAACDADBCDACABDBCDCDBABDBDBDBCADCDBCCADABDDDBAACCCABADCBADDCDBDCBCCCDAABC,ABCCAAAACDADBCADACBDBCCDBDABBDBDBDACCDBDCCADABDDBDAACCACABCDABDDCDBDBCCCCDAABC,,,3,2412,,,,,L_T1_GTR___standard/L_T1_GTR___zabuton_,,,,,L_T1_GTR03_33000001,,,
186644,91,,,,,,,,,33,11,55,355222115000353131320000132151310007521351310000521132210000525533555220,,00005644,,,,,,,,47,5,0,6,6,5644,,1533555532521325351213232151212121352321335251222155333515231522321231333255131311213311,BACCAAAACDADBCDACABDBCDCDBABDBDBDBCADCDBCCADABDDDBAACCCABADCBADDCDBDCBCCCDAABCBCBBDBCCBB,ABCCAAAACDADBCADACBDBCCDBDABBDBDBDACCDBDCCADABDDBDAACCACABCDABDDCDBDBCCCCDAABCBCBBBDCCBB,,,3,5644,,,,,L_T1_GTR___standard,,,,,L_T1_GTR03_33000001,,,,,13,13,355133150000353130000000132130000007521521333200525152115230525152256100,,bb40ab32,,,,,,,,44,0,4,bb40ab32,1280,3692,,153355553252132535121323215121212135232133525122215533351523152232123133325513,BACCAAAACDADBCDACABDBCDCDBABDBDBDBCADCDBCCADABDDDBAACCCABADCBADDCDBDCBCCCDAABC,ABCCAAAACDADBCADACBDBCCDBDABBDBDBDACCDBDCCADABDDBDAACCACABCDABDDCDBDBCCCCDAABC,,,4,3692,,,,,L_T1_GTR___standard/L_T1_GTR___zabuton_,,,,,L_T1_GTR03_33000001,,,
186650,92,,,,,,,,,11,55,33,355222115000353131323000132151313007521351310000521132210000525533555220,,00005649,,,,,,,,48,6,0,5,5,5649,,153355553252132535121323215121212135232133525122215533351523152232123133325513131121331155,BACCAAAACDADBCDACABDBCDCDBABDBDBDBCADCDBCCADABDDDBAACCCABADCBADDCDBDCBCCCDAABCBCBBDBCCBBAA,ABCCAAAACDADBCADACBDBCCDBDABBDBDBDACCDBDCCADABDDBDAACCACABCDABDDCDBDBCCCCDAABCBCBBBDCCBBAA,,,3,5649,,,,,L_T1_GTR___standard,,,,,L_T1_GTR03_33000001,,,,,13,13,355133150000353130000000132130000007521521333200525152115230525152256100,,bb40ab32,,,,,,,,44,0,4,bb40ab32,1280,3692,,153355553252132535121323215121212135232133525122215533351523152232123133325513,BACCAAAACDADBCDACABDBCDCDBABDBDBDBCADCDBCCADABDDDBAACCCABADCBADDCDBDCBCCCDAABC,ABCCAAAACDADBCADACBDBCCDBDABBDBDBDACCDBDCCADABDDBDAACCACABCDABDDCDBDBCCCCDAABC,,,4,3692,,,,,L_T1_GTR___standard/L_T1_GTR___zabuton_,,,,,L_T1_GTR03_33000001,,,
186688,93,,,,,,,,,55,33,15,355222115000353131323000132151313117521351310000521132210000525533555220,,00005652,,,,,,,,49,7,0,3,3,5652,,15335555325213253512132321512121213523213352512221553335152315223212313332551313112133115533,BACCAAAACDADBCDACABDBCDCDBABDBDBDBCADCDBCCADABDDDBAACCCABADCBADDCDBDCBCCCDAABCBCBBDBCCBBAACC,ABCCAAAACDADBCADACBDBCCDBDABBDBDBDACCDBDCCADABDDBDAACCACABCDABDDCDBDBCCCCDAABCBCBBBDCCBBAACC,,,3,5652,,,,,L_T1_GTR___standard,,,,,L_T1_GTR03_33000001,,,,,13,13,355133150000353130000000132130000007521521333200525152115230525152256100,,bb40ab32,,,,,,,,44,0,4,bb40ab32,1280,3692,,153355553252132535121323215121212135232133525122215533351523152232123133325513,BACCAAAACDADBCDACABDBCDCDBABDBDBDBCADCDBCCADABDDDBAACCCABADCBADDCDBDCBCCCDAABC,ABCCAAAACDADBCADACBDBCCDBDABBDBDBDACCDBDCCADABDDBDAACCACABCDABDDCDBDBCCCCDAABC,,,4,3692,,,,,L_T1_GTR___standard/L_T1_GTR___zabuton_,,,,,L_T1_GTR03_33000001,,,
186726,94,,,,,,,,,33,15,22,355222115000353131323000132151313117521351315500521132210000525533555220,,00005656,,,,,,,,50,8,0,4,4,5656,,1533555532521325351213232151212121352321335251222155333515231522321231333255131311213311553315,BACCAAAACDADBCDACABDBCDCDBABDBDBDBCADCDBCCADABDDDBAACCCABADCBADDCDBDCBCCCDAABCBCBBDBCCBBAACCBA,ABCCAAAACDADBCADACBDBCCDBDABBDBDBDACCDBDCCADABDDBDAACCACABCDABDDCDBDBCCCCDAABCBCBBBDCCBBAACCAB,,,3,5656,,,,,L_T1_GTR___standard,,,,,L_T1_GTR03_33000001,,,,,13,13,355133150000353130000000132130000007521521333200525152115230525152256100,,bb40ab32,,,,,,,,44,0,4,bb40ab32,1280,3692,,153355553252132535121323215121212135232133525122215533351523152232123133325513,BACCAAAACDADBCDACABDBCDCDBABDBDBDBCADCDBCCADABDDDBAACCCABADCBADDCDBDCBCCCDAABC,ABCCAAAACDADBCADACBDBCCDBDABBDBDBDACCDBDCCADABDDBDAACCACABCDABDDCDBDBCCCCDAABC,,,4,3692,,,,,L_T1_GTR___standard/L_T1_GTR___zabuton_,,,,,L_T1_GTR03_33000001,,,
186727,95,,,,,,,,,33,15,22,355222115000353131323000132151313117521351315500521132210000525533555220,,00005656,,,,,,,,50,8,0,4,4,5656,,1533555532521325351213232151212121352321335251222155333515231522321231333255131311213311553315,BACCAAAACDADBCDACABDBCDCDBABDBDBDBCADCDBCCADABDDDBAACCCABADCBADDCDBDCBCCCDAABCBCBBDBCCBBAACCBA,ABCCAAAACDADBCADACBDBCCDBDABBDBDBDACCDBDCCADABDDBDAACCACABCDABDDCDBDBCCCCDAABCBCBBBDCCBBAACCAB,,,3,5656,,,,,L_T1_GTR___standard,,,,,L_T1_GTR03_33000001,,,,,13,13,355115000000353100000000132100000007521521333200525152115230525152256100,,bb40ab64,,,,,,,,45,0,5,bb40ab64,2560,6252,,153355553252132535121323215121212135232133525122215533351523152232123133325513,BACCAAAACDADBCDACABDBCDCDBABDBDBDBCADCDBCCADABDDDBAACCCABADCBADDCDBDCBCCCDAABC,ABCCAAAACDADBCADACBDBCCDBDABBDBDBDACCDBDCCADABDDBDAACCACABCDABDDCDBDBCCCCDAABC,,,5,6252,,,,,L_T1_GTR___standard,,,,,L_T1_GTR03_33000001,,,
186766,96,,,,,,,,,15,22,52,355222115000353131323000132151313117521351315500521132213300525533555220,,00005660,,,,,,,,51,9,0,4,4,5660,,153355553252132535121323215121212135232133525122215533351523152232123133325513131121331155331522,BACCAAAACDADBCDACABDBCDCDBABDBDBDBCADCDBCCADABDDDBAACCCABADCBADDCDBDCBCCCDAABCBCBBDBCCBBAACCBADD,ABCCAAAACDADBCADACBDBCCDBDABBDBDBDACCDBDCCADABDDBDAACCACABCDABDDCDBDBCCCCDAABCBCBBBDCCBBAACCABDD,,,3,5660,,,,,L_T1_GTR___standard,,,,,L_T1_GTR03_33000001,,,,,13,13,355115000000353100000000132100000007521521333200525152115230525152256100,,bb40ab64,,,,,,,,45,0,5,bb40ab64,2560,6252,,153355553252132535121323215121212135232133525122215533351523152232123133325513,BACCAAAACDADBCDACABDBCDCDBABDBDBDBCADCDBCCADABDDDBAACCCABADCBADDCDBDCBCCCDAABC,ABCCAAAACDADBCADACBDBCCDBDABBDBDBDACCDBDCCADABDDBDAACCACABCDABDDCDBDBCCCCDAABC,,,5,6252,,,,,L_T1_GTR___standard,,,,,L_T1_GTR03_33000001,,,
186800,97,,,,,,,,,22,52,33,355222115000353131323000132151313117521351315551521132213300525533555220,,00005662,,,,,,,,52,10,0,2,2,5662,,15335555325213253512132321512121213523213352512221553335152315223212313332551313112133115533152252,BACCAAAACDADBCDACABDBCDCDBABDBDBDBCADCDBCCADABDDDBAACCCABADCBADDCDBDCBCCCDAABCBCBBDBCCBBAACCBADDAD,ABCCAAAACDADBCADACBDBCCDBDABBDBDBDACCDBDCCADABDDBDAACCACABCDABDDCDBDBCCCCDAABCBCBBBDCCBBAACCABDDAD,,,3,5662,,,,,L_T1_GTR___standard,,,,,L_T1_GTR03_33000001,,,,,13,13,355115000000353100000000132100000007521521333200525152115230525152256100,,bb40ab64,,,,,,,,45,0,5,bb40ab64,2560,6252,,153355553252132535121323215121212135232133525122215533351523152232123133325513,BACCAAAACDADBCDACABDBCDCDBABDBDBDBCADCDBCCADABDDDBAACCCABADCBADDCDBDCBCCCDAABC,ABCCAAAACDADBCADACBDBCCDBDABBDBDBDACCDBDCCADABDDBDAACCACABCDABDDCDBDBCCCCDAABC,,,5,6252,,,,,L_T1_GTR___standard,,,,,L_T1_GTR03_33000001,,,
186808,98,,,,,,,,,22,52,33,355222115000353131323000132151313117521351315551521132213300525533555220,,00005662,,,,,,,,52,10,0,2,2,5662,,15335555325213253512132321512121213523213352512221553335152315223212313332551313112133115533152252,BACCAAAACDADBCDACABDBCDCDBABDBDBDBCADCDBCCADABDDDBAACCCABADCBADDCDBDCBCCCDAABCBCBBDBCCBBAACCBADDAD,ABCCAAAACDADBCADACBDBCCDBDABBDBDBDACCDBDCCADABDDBDAACCACABCDABDDCDBDBCCCCDAABCBCBBBDCCBBAACCABDDAD,,,3,5662,,,,,L_T1_GTR___standard,,,,,L_T1_GTR03_33000001,,,,,13,13,355500000000353000000000132000000007521521333200525152115230525152256100,,bb40ab96,,,,,,,,46,0,6,bb40ab96,3840,10092,,153355553252132535121323215121212135232133525122215533351523152232123133325513,BACCAAAACDADBCDACABDBCDCDBABDBDBDBCADCDBCCADABDDDBAACCCABADCBADDCDBDCBCCCDAABC,ABCCAAAACDADBCADACBDBCCDBDABBDBDBDACCDBDCCADABDDBDAACCACABCDABDDCDBDBCCCCDAABC,,,6,10092,,,,,,,,,,,,,
186886,99,,,,,,,,,22,52,33,355222115000353131323000132151313117521351315551521132213300525533555220,,00005662,,,,,,,,52,10,0,2,2,5662,,15335555325213253512132321512121213523213352512221553335152315223212313332551313112133115533152252,BACCAAAACDADBCDACABDBCDCDBABDBDBDBCADCDBCCADABDDDBAACCCABADCBADDCDBDCBCCCDAABCBCBBDBCCBBAACCBADDAD,ABCCAAAACDADBCADACBDBCCDBDABBDBDBDACCDBDCCADABDDBDAACCACABCDABDDCDBDBCCCCDAABCBCBBBDCCBBAACCABDDAD,,,3,5662,,,,,L_T1_GTR___standard,,,,,L_T1_GTR03_33000001,,,,,13,13,300000000000330000000000132000000007521521333200525152115230525152256100,,bb40a128,,,,,,,,47,0,7,bb40a128,5120,15212,,153355553252132535121323215121212135232133525122215533351523152232123133325513,BACCAAAACDADBCDACABDBCDCDBABDBDBDBCADCDBCCADABDDDBAACCCABADCBADDCDBDCBCCCDAABC,ABCCAAAACDADBCADACBDBCCDBDABBDBDBDACCDBDCCADABDDBDAACCACABCDABDDCDBDBCCCCDAABC,,,7,15212,,,,,,,,,,,,,
186967,100,,,,,,,,,22,52,33,355222115000353131323000132151313117521351315551521132213300525533555220,,00005662,,,,,,,,52,10,0,2,2,5662,,15335555325213253512132321512121213523213352512221553335152315223212313332551313112133115533152252,BACCAAAACDADBCDACABDBCDCDBABDBDBDBCADCDBCCADABDDDBAACCCABADCBADDCDBDCBCCCDAABCBCBBDBCCBBAACCBADDAD,ABCCAAAACDADBCADACBDBCCDBDABBDBDBDACCDBDCCADABDDBDAACCACABCDABDDCDBDBCCCCDAABCBCBBBDCCBBAACCABDDAD,,,3,5662,,,,,L_T1_GTR___standard,,,,,L_T1_GTR03_33000001,,,,,13,13,000000000000000000000000120000000007521521333200525152115230525152256100,,bb40a160,,,,,,,,48,0,8,bb40a160,6400,21612,,153355553252132535121323215121212135232133525122215533351523152232123133325513,BACCAAAACDADBCDACABDBCDCDBABDBDBDBCADCDBCCADABDDDBAACCCABADCBADDCDBDCBCCCDAABC,ABCCAAAACDADBCADACBDBCCDBDABBDBDBDACCDBDCCADABDDBDAACCACABCDABDDCDBDBCCCCDAABC,,,8,21612,,,,,,,,,,,,,
187047,101,,,,,,,,,22,52,33,355222115000353131323000132151313117521351315551521132213300525533555220,,00005662,,,,,,,,52,10,0,2,2,5662,,15335555325213253512132321512121213523213352512221553335152315223212313332551313112133115533152252,BACCAAAACDADBCDACABDBCDCDBABDBDBDBCADCDBCCADABDDDBAACCCABADCBADDCDBDCBCCCDAABCBCBBDBCCBBAACCBADDAD,ABCCAAAACDADBCADACBDBCCDBDABBDBDBDACCDBDCCADABDDBDAACCACABCDABDDCDBDBCCCCDAABCBCBBBDCCBBAACCABDDAD,,,3,5662,,,,,L_T1_GTR___standard,,,,,L_T1_GTR03_33000001,,,,,13,13,000000000000000000000000100000000007515213332000551521152300551522561000,,bb50a194,,,,,,,,49,0,9,bb50a194,9700,31312,,153355553252132535121323215121212135232133525122215533351523152232123133325513,BACCAAAACDADBCDACABDBCDCDBABDBDBDBCADCDBCCADABDDDBAACCCABADCBADDCDBDCBCCCDAABC,ABCCAAAACDADBCADACBDBCCDBDABBDBDBDACCDBDCCADABDDBDAACCACABCDABDDCDBDBCCCCDAABC,,,9,31312,,,,,,,,,,R_T1_GTR03_22110001,,,
187099,102,,,,,,,,,52,52,33,300022110000300031003200500151313207501351313112521002210000525000000000,,00005664,,,,,,,,53,11,0,2,2,5664,,1533555532521325351213232151212121352321335251222155333515231522321231333255131311213311553315225252,BACCAAAACDADBCDACABDBCDCDBABDBDBDBCADCDBCCADABDDDBAACCCABADCBADDCDBDCBCCCDAABCBCBBDBCCBBAACCBADDADAD,ABCCAAAACDADBCADACBDBCCDBDABBDBDBDACCDBDCCADABDDBDAACCACABCDABDDCDBDBCCCCDAABCBCBBBDCCBBAACCABDDADAD,,,3,5664,,,,,,,,,,R_T1_GTR03_22200001/R_T1_GTR03_22110001,,,,,13,13,000000000000000000000000100000000007515213332000551521152300551522561000,,bb50a194,,,,,,,,49,0,9,bb50a194,9700,31312,,153355553252132535121323215121212135232133525122215533351523152232123133325513,BACCAAAACDADBCDACABDBCDCDBABDBDBDBCADCDBCCADABDDDBAACCCABADCBADDCDBDCBCCCDAABC,ABCCAAAACDADBCADACBDBCCDBDABBDBDBDACCDBDCCADABDDBDAACCACABCDABDDCDBDBCCCCDAABC,,,9,31312,,,,,,,,,,R_T1_GTR03_22110001,,,
187128,103,,,,,,,,,52,52,33,300022110000300031003200500151313207501351313112521002210000525000000000,,00005664,,,,,,,,53,11,0,2,2,5664,,1533555532521325351213232151212121352321335251222155333515231522321231333255131311213311553315225252,BACCAAAACDADBCDACABDBCDCDBABDBDBDBCADCDBCCADABDDDBAACCCABADCBADDCDBDCBCCCDAABCBCBBDBCCBBAACCBADDADAD,ABCCAAAACDADBCADACBDBCCDBDABBDBDBDACCDBDCCADABDDBDAACCACABCDABDDCDBDBCCCCDAABCBCBBBDCCBBAACCABDDADAD,,,3,5664,,,,,,,,,,R_T1_GTR03_22200001/R_T1_GTR03_22110001,,,,,13,13,000000000000000000000000100000000007152133320000152115230000152256100000,,bb80a227,,,,,,,,50,0,10,bb80a227,18160,49472,,153355553252132535121323215121212135232133525122215533351523152232123133325513,BACCAAAACDADBCDACABDBCDCDBABDBDBDBCADCDBCCADABDDDBAACCCABADCBADDCDBDCBCCCDAABC,ABCCAAAACDADBCADACBDBCCDBDABBDBDBDACCDBDCCADABDDBDAACCACABCDABDDCDBDBCCCCDAABC,,,9,49472,,,,,,,,,,,,,
187181,104,,,,,,,,,52,52,33,300022110000300031000000100151313207501351313112521402310000525000000000,,00005664,,,,,,,,54,12,0,0,0,5664,,153355553252132535121323215121212135232133525122215533351523152232123133325513131121331155331522525252,BACCAAAACDADBCDACABDBCDCDBABDBDBDBCADCDBCCADABDDDBAACCCABADCBADDCDBDCBCCCDAABCBCBBDBCCBBAACCBADDADADAD,ABCCAAAACDADBCADACBDBCCDBDABBDBDBDACCDBDCCADABDDBDAACCACABCDABDDCDBDBCCCCDAABCBCBBBDCCBBAACCABDDADADAD,,,3,5664,,,,,,,,,,R_T1_GTR03_22110001,,,,,13,13,000000000000000000000000100000000007152133320000152115230000152256100000,,bb80a227,,,,,,,,50,0,10,bb80a227,18160,49472,,153355553252132535121323215121212135232133525122215533351523152232123133325513,BACCAAAACDADBCDACABDBCDCDBABDBDBDBCADCDBCCADABDDDBAACCCABADCBADDCDBDCBCCCDAABC,ABCCAAAACDADBCADACBDBCCDBDABBDBDBDACCDBDCCADABDDBDAACCACABCDABDDCDBDBCCCCDAABC,,,9,49472,,,,,,,,,,,,,
187213,105,,,,,,,,,52,52,33,300022110000300031000000100151313207501351313112521402310000525000000000,,00005664,,,,,,,,54,12,0,0,0,5664,,153355553252132535121323215121212135232133525122215533351523152232123133325513131121331155331522525252,BACCAAAACDADBCDACABDBCDCDBABDBDBDBCADCDBCCADABDDDBAACCCABADCBADDCDBDCBCCCDAABCBCBBDBCCBBAACCBADDADADAD,ABCCAAAACDADBCADACBDBCCDBDABBDBDBDACCDBDCCADABDDBDAACCACABCDABDDCDBDBCCCCDAABCBCBBBDCCBBAACCABDDADADAD,,,3,5664,,,,,,,,,,R_T1_GTR03_22110001,,,,,13,13,000000000000000000000000000000000007513332000000511523000000556100000000,,bb40a256,,,,,,,,51,0,11,bb40a256,10240,59712,,153355553252132535121323215121212135232133525122215533351523152232123133325513,BACCAAAACDADBCDACABDBCDCDBABDBDBDBCADCDBCCADABDDDBAACCCABADCBADDCDBDCBCCCDAABC,ABCCAAAACDADBCADACBDBCCDBDABBDBDBDACCDBDCCADABDDBDAACCACABCDABDDCDBDBCCCCDAABC,,,9,59712,,,,,,,,,,,,,
187264,106,,,,,,,,,52,52,33,300222000000300031023000105151313207521351313112520002310000520000000000,,00005664,,,,,,,,55,13,0,0,0,5664,,15335555325213253512132321512121213523213352512221553335152315223212313332551313112133115533152252525252,BACCAAAACDADBCDACABDBCDCDBABDBDBDBCADCDBCCADABDDDBAACCCABADCBADDCDBDCBCCCDAABCBCBBDBCCBBAACCBADDADADADAD,ABCCAAAACDADBCADACBDBCCDBDABBDBDBDACCDBDCCADABDDBDAACCACABCDABDDCDBDBCCCCDAABCBCBBBDCCBBAACCABDDADADADAD,,,3,5664,,,,,,,,,,,,,,,13,13,000000000000000000000000000000000007513332000000511523000000556100000000,,bb40a256,,,,,,,,51,0,11,bb40a256,10240,59712,,153355553252132535121323215121212135232133525122215533351523152232123133325513,BACCAAAACDADBCDACABDBCDCDBABDBDBDBCADCDBCCADABDDDBAACCCABADCBADDCDBDCBCCCDAABC,ABCCAAAACDADBCADACBDBCCDBDABBDBDBDACCDBDCCADABDDBDAACCACABCDABDDCDBDBCCCCDAABC,,,9,59712,,,,,,,,,,,,,
187297,107,,,,,,,,,52,52,33,300222000000300031023000105151313207521351313112520002310000520000000000,,00005664,,,,,,,,55,13,0,0,0,5664,,15335555325213253512132321512121213523213352512221553335152315223212313332551313112133115533152252525252,BACCAAAACDADBCDACABDBCDCDBABDBDBDBCADCDBCCADABDDDBAACCCABADCBADDCDBDCBCCCDAABCBCBBDBCCBBAACCBADDADADADAD,ABCCAAAACDADBCADACBDBCCDBDABBDBDBDACCDBDCCADABDDBDAACCACABCDABDDCDBDBCCCCDAABCBCBBBDCCBBAACCABDDADADADAD,,,3,5664,,,,,,,,,,,,,,,13,13,000000000000000000000000000000000007133320000000115230000000100000000000,,bb40a288,,,,,,,,52,0,12,bb40a288,11520,71232,,153355553252132535121323215121212135232133525122215533351523152232123133325513,BACCAAAACDADBCDACABDBCDCDBABDBDBDBCADCDBCCADABDDDBAACCCABADCBADDCDBDCBCCCDAABC,ABCCAAAACDADBCADACBDBCCDBDABBDBDBDACCDBDCCADABDDBDAACCACABCDABDDCDBDBCCCCDAABC,,,9,71232,,,,,,,,,,,,,
187349,108,,,,,,,,,52,52,33,300222000000300031000000100151313207520351313112500002310000520000000000,,00005664,,,,,,,,56,14,0,0,0,5664,,1533555532521325351213232151212121352321335251222155333515231522321231333255131311213311553315225252525252,BACCAAAACDADBCDACABDBCDCDBABDBDBDBCADCDBCCADABDDDBAACCCABADCBADDCDBDCBCCCDAABCBCBBDBCCBBAACCBADDADADADADAD,ABCCAAAACDADBCADACBDBCCDBDABBDBDBDACCDBDCCADABDDBDAACCACABCDABDDCDBDBCCCCDAABCBCBBBDCCBBAACCABDDADADADADAD,,,3,5664,,,,,,,,,,,,,,,13,13,000000000000000000000000000000000007133320000000115230000000100000000000,,bb40a288,,,,,,,,52,0,12,bb40a288,11520,71232,,153355553252132535121323215121212135232133525122215533351523152232123133325513,BACCAAAACDADBCDACABDBCDCDBABDBDBDBCADCDBCCADABDDDBAACCCABADCBADDCDBDCBCCCDAABC,ABCCAAAACDADBCADACBDBCCDBDABBDBDBDACCDBDCCADABDDBDAACCACABCDABDDCDBDBCCCCDAABC,,,9,71232,,,,,,,,,,,,,
187379,109,,,,,,,,,52,52,33,300222000000300031000000100151313207520351313112500002310000520000000000,,00005664,,,,,,,,56,14,0,0,0,5664,,1533555532521325351213232151212121352321335251222155333515231522321231333255131311213311553315225252525252,BACCAAAACDADBCDACABDBCDCDBABDBDBDBCADCDBCCADABDDDBAACCCABADCBADDCDBDCBCCCDAABCBCBBDBCCBBAACCBADDADADADADAD,ABCCAAAACDADBCADACBDBCCDBDABBDBDBDACCDBDCCADABDDBDAACCACABCDABDDCDBDBCCCCDAABCBCBBBDCCBBAACCABDDADADADADAD,,,3,5664,,,,,,,,,,,,,,,13,13,000000000000000000000000000000000007333200000000523000000000000000000000,,bb40a320,,,,,,,,53,0,13,bb40a320,12800,84032,,153355553252132535121323215121212135232133525122215533351523152232123133325513,BACCAAAACDADBCDACABDBCDCDBABDBDBDBCADCDBCCADABDDDBAACCCABADCBADDCDBDCBCCCDAABC,ABCCAAAACDADBCADACBDBCCDBDABBDBDBDACCDBDCCADABDDBDAACCACABCDABDDCDBDBCCCCDAABC,,,9,84032,,,,,,,,,,,,,
187399,111,,,,,,,,,,02,00,355222115000353131323200132151313112521351315551521132213300525533555220,,00005664,,,,,lose,,,58,15,0,0,0,5664,,153355553252132535121323215121212135232133525122215533351523152232123133325513131121331155331522525252525202,BACCAAAACDADBCDACABDBCDCDBABDBDBDBCADCDBCCADABDDDBAACCCABADCBADDCDBDCBCCCDAABCBCBBDBCCBBAACCBADDADADADADADED,ABCCAAAACDADBCADACBDBCCDBDABBDBDBDACCDBDCCADABDDBDAACCACABCDABDDCDBDBCCCCDAABCBCBBBDCCBBAACCABDDADADADADADDE,,,3,5664,,,,,L_T1_GTR___standard,,,,,L_T1_GTR03_33000001,,,,,13,13,000000000000000000000000000000000007333200000000523000000000000000000000,,bb40a320,,,,,,,,53,0,13,bb40a320,12800,84032,,153355553252132535121323215121212135232133525122215533351523152232123133325513,BACCAAAACDADBCDACABDBCDCDBABDBDBDBCADCDBCCADABDDDBAACCCABADCBADDCDBDCBCCCDAABC,ABCCAAAACDADBCADACBDBCCDBDABBDBDBDACCDBDCCADABDDBDAACCACABCDABDDCDBDBCCCCDAABC,,,9,84032,,,,,,,,,,,,,
187422,110,,,,,,,,,,02,00,355222115000353131323200132151313112521351315551521132213300525533555220,,00005664,,,,,lose,,,58,15,0,0,0,5664,,153355553252132535121323215121212135232133525122215533351523152232123133325513131121331155331522525252525202,BACCAAAACDADBCDACABDBCDCDBABDBDBDBCADCDBCCADABDDDBAACCCABADCBADDCDBDCBCCCDAABCBCBBDBCCBBAACCBADDADADADADADED,ABCCAAAACDADBCADACBDBCCDBDABBDBDBDACCDBDCCADABDDBDAACCACABCDABDDCDBDBCCCCDAABCBCBBBDCCBBAACCABDDADADADADADDE,,,3,5664,,,,,L_T1_GTR___standard,,,,,L_T1_GTR03_33000001,,,,,13,13,000000000000000000000000000000000007333200000000523000000000000000000000,,bb40a320,,,,,,,,53,0,13,bb40a320,12800,84032,,153355553252132535121323215121212135232133525122215533351523152232123133325513,BACCAAAACDADBCDACABDBCDCDBABDBDBDBCADCDBCCADABDDDBAACCCABADCBADDCDBDCBCCCDAABC,ABCCAAAACDADBCADACBDBCCDBDABBDBDBDACCDBDCCADABDDBDAACCACABCDABDDCDBDBCCCCDAABC,,,9,84032,,,,,,,,,,,,,
187458,111,,,,,,,,,,02,00,355222115000353131323200132151313112521351315551521132213300525533555220,,00005664,,,,,lose,,,58,15,0,0,0,5664,,153355553252132535121323215121212135232133525122215533351523152232123133325513131121331155331522525252525202,BACCAAAACDADBCDACABDBCDCDBABDBDBDBCADCDBCCADABDDDBAACCCABADCBADDCDBDCBCCCDAABCBCBBDBCCBBAACCBADDADADADADADED,ABCCAAAACDADBCADACBDBCCDBDABBDBDBDACCDBDCCADABDDBDAACCACABCDABDDCDBDBCCCCDAABCBCBBBDCCBBAACCABDDADADADADADDE,,,3,5664,,,,,L_T1_GTR___standard,,,,,L_T1_GTR03_33000001,,,,,13,13,000000000000000000000000000000000007200000000000520000000000000000000000,,00084037,,,,,win,,,54,0,13,5,5,84037,,153355553252132535121323215121212135232133525122215533351523152232123133325513,BACCAAAACDADBCDACABDBCDCDBABDBDBDBCADCDBCCADABDDDBAACCCABADCBADDCDBDCBCCCDAABC,ABCCAAAACDADBCADACBDBCCDBDABBDBDBDACCDBDCCADABDDBDAACCACABCDABDDCDBDBCCCCDAABC,,,9,84037,,,,,,,,,,,,,
