18347,0,,,,,,,,,,55,42,000000000000000000000000000000000007000000000000000000000000000000000000,000000,00000000,,,,,,,,0,0,0,0,0,0,,55,AA,AA,,,0,0,,,,,,,,,,,,,,,55,42,000000000000000000000000000000000007000000000000000000000000000000000000,000000,00000000,,,,,,,,0,0,0,0,0,0,,55,AA,AA,,,0,0,,,,,,,,,,,,,
18498,2,,,,,,,,,55,42,22,000000000000000000000000000000000007000000000000000000000000000000000000,,00000000,,,,,,,,1,1,0,0,0,0,,5542,AABC,AABC,,,0,0,,,,,,,,,,,,,,55,42,22,000000000000000000000000000000000007000000000000000000000000000000000000,,00000000,,,,,,,,1,1,0,0,0,0,,5542,AABC,AABC,,,0,0,,,,,,,,,,,,,
18549,3,,,,,,,,,42,22,54,500000000000500000000000000000000007000000000000000000000000000000000000,,00000013,,,,,,,,2,2,0,13,13,13,,554222,AACBBB,AABCBB,,,0,13,,,,,,,,,,,,,,55,42,22,000000000000000000000000000000000007000000000000000000000000000000000000,,00000000,,,,,,,,1,1,0,0,0,0,,5542,AABC,AABC,,,0,0,,,,,,,,,,,,,
18550,4,,,,,,,,,42,22,54,500000000000500000000000000000000007000000000000000000000000000000000000,,00000013,,,,,,,,2,2,0,13,13,13,,554222,AACBBB,AABCBB,,,0,13,,,,,,,,,,,,,,42,22,54,550000000000000000000000000000000007000000000000000000000000000000000000,,00000012,,,,,,,,2,2,0,12,12,12,,554222,AACBBB,AABCBB,,,0,12,,,,,,,,,,,,,
18599,5,,,,,,,,,22,54,51,500000000000500000000000400000000007200000000000000000000000000000000000,,00000026,,,,,,,,3,3,0,13,13,26,,55422254,AACBBBAC,AABCBBAC,,,0,26,,,,,,,,,,,,,,42,22,54,550000000000000000000000000000000007000000000000000000000000000000000000,,00000012,,,,,,,,2,2,0,12,12,12,,554222,AACBBB,AABCBB,,,0,12,,,,,,,,,,,,,
18601,6,,,,,,,,,22,54,51,500000000000500000000000400000000007200000000000000000000000000000000000,,00000026,,,,,,,,3,3,0,13,13,26,,55422254,AACBBBAC,AABCBBAC,,,0,26,,,,,,,,,,,,,,22,54,51,550000000000240000000000000000000007000000000000000000000000000000000000,,00000024,,,,,,,,3,3,0,12,12,24,,55422254,AACBBBAC,AABCBBAC,,,0,24,,,,,,,,,,,,,
18646,7,,,,,,,,,54,51,21,520000000000520000000000400000000007200000000000000000000000000000000000,,00000038,,,,,,,,4,4,0,12,12,38,,5542225451,AACBBBACAD,AABCBBACAD,,,0,38,,,,,,,,,,L_T1_GTR03_22110001,,,,22,54,51,550000000000240000000000000000000007000000000000000000000000000000000000,,00000024,,,,,,,,3,3,0,12,12,24,,55422254,AACBBBAC,AABCBBAC,,,0,24,,,,,,,,,,,,,
18651,8,,,,,,,,,54,51,21,520000000000520000000000400000000007200000000000000000000000000000000000,,00000038,,,,,,,,4,4,0,12,12,38,,5542225451,AACBBBACAD,AABCBBACAD,,,0,38,,,,,,,,,,L_T1_GTR03_22110001,,,,54,51,21,550000000000240000000000200000000007200000000000000000000000000000000000,,00000037,,,,,,,,4,4,0,13,13,37,,5542225451,AACBBBACAD,AABCBBACAD,,,0,37,,,,,,,,,,,,,
18694,9,,,,,,,,,51,21,44,520000000000520000000000450000000007240000000000000000000000000000000000,,00000050,,,,,,,,5,5,0,12,12,50,,554222545121,AACBBBACADBD,AABCBBACADBD,,,0,50,,,,,,,,,,L_T1_GTR03_32100001/L_T1_GTR03_22110001,,,,54,51,21,550000000000240000000000200000000007200000000000000000000000000000000000,,00000037,,,,,,,,4,4,0,13,13,37,,5542225451,AACBBBACAD,AABCBBACAD,,,0,37,,,,,,,,,,,,,
18701,10,,,,,,,,,51,21,44,520000000000520000000000450000000007240000000000000000000000000000000000,,00000050,,,,,,,,5,5,0,12,12,50,,554222545121,AACBBBACADBD,AABCBBACADBD,,,0,50,,,,,,,,,,L_T1_GTR03_32100001/L_T1_GTR03_22110001,,,,51,21,44,555000000000244000000000200000000007200000000000000000000000000000000000,,00000048,,,,,,,,5,5,0,11,11,48,,554222545121,AACBBBACADBD,AABCBBACADBD,,,0,48,,,,,,,,,,,,,
18745,11,,,,,,,,,21,44,14,520000000000525100000000450000000007240000000000000000000000000000000000,,00000061,,,,,,,,6,6,0,11,11,61,,55422254512144,AACBBBACADBDCC,AABCBBACADBDCC,,,0,61,,,,,L_T1_GTR___hekomi__,,,,,L_T1_GTR03_32100001/L_T1_GTR03_22110001,,,,51,21,44,555000000000244000000000200000000007200000000000000000000000000000000000,,00000048,,,,,,,,5,5,0,11,11,48,,554222545121,AACBBBACADBD,AABCBBACADBD,,,0,48,,,,,,,,,,,,,
18747,12,,,,,,,,,21,44,14,520000000000525100000000450000000007240000000000000000000000000000000000,,00000061,,,,,,,,6,6,0,11,11,61,,55422254512144,AACBBBACADBDCC,AABCBBACADBDCC,,,0,61,,,,,L_T1_GTR___hekomi__,,,,,L_T1_GTR03_32100001/L_T1_GTR03_22110001,,,,21,44,14,555100000000244500000000200000000007200000000000000000000000000000000000,,00000058,,,,,,,,6,6,0,10,10,58,,55422254512144,AACBBBACADBDCC,AABCBBACADBDCC,,,0,58,,,,,,,,,,,,,
18791,13,,,,,,,,,21,44,14,520000000000525100000000450000000007240000000000000000000000000000000000,,00000061,,,,,,,,6,6,0,11,11,61,,55422254512144,AACBBBACADBDCC,AABCBBACADBDCC,,,0,61,,,,,L_T1_GTR___hekomi__,,,,,L_T1_GTR03_32100001/L_T1_GTR03_22110001,,,,44,14,41,555112000000244500000000200000000007200000000000000000000000000000000000,,00000066,,,,,,,,7,7,0,8,8,66,,5542225451214414,AACBBBACADBDCCDC,AABCBBACADBDCCCD,,,0,66,,,,,,,,,,,,,
18795,14,,,,,,,,,44,14,41,522100000000525100000000450000000007240000000000000000000000000000000000,,00000072,,,,,,,,7,7,0,11,11,72,,5542225451214414,AACBBBACADBDCCDC,AABCBBACADBDCCCD,,,0,72,,,,,L_T1_GTR___standard,,,,,L_T1_GTR03_33000001/L_T1_GTR03_32100001,,,,44,14,41,555112000000244500000000200000000007200000000000000000000000000000000000,,00000066,,,,,,,,7,7,0,8,8,66,,5542225451214414,AACBBBACADBDCCDC,AABCBBACADBDCCCD,,,0,66,,,,,,,,,,,,,
18845,15,,,,,,,,,44,14,41,522100000000525100000000450000000007240000000000000000000000000000000000,,00000072,,,,,,,,7,7,0,11,11,72,,5542225451214414,AACBBBACADBDCCDC,AABCBBACADBDCCCD,,,0,72,,,,,L_T1_GTR___standard,,,,,L_T1_GTR03_33000001/L_T1_GTR03_32100001,,,,14,41,24,555112000000244500000000200000000007244000000000000000000000000000000000,,00000077,,,,,,,,8,8,0,11,11,77,,554222545121441441,AACBBBACADBDCCDCCD,AABCBBACADBDCCCDCD,,,0,77,,,,,,,,,,,,,
18849,16,,,,,,,,,14,41,24,522140000000525140000000450000000007240000000000000000000000000000000000,,00000081,,,,,,,,8,8,0,9,9,81,,554222545121441441,AACBBBACADBDCCDCCD,AABCBBACADBDCCCDCD,,,0,81,,,,,L_T1_GTR___standard,,,,,L_T1_GTR03_33000001/L_T1_GTR03_32100001,,,,14,41,24,555112000000244500000000200000000007244000000000000000000000000000000000,,00000077,,,,,,,,8,8,0,11,11,77,,554222545121441441,AACBBBACADBDCCDCCD,AABCBBACADBDCCCDCD,,,0,77,,,,,,,,,,,,,
18887,17,,,,,,,,,14,41,24,522140000000525140000000450000000007240000000000000000000000000000000000,,00000081,,,,,,,,8,8,0,9,9,81,,554222545121441441,AACBBBACADBDCCDCCD,AABCBBACADBDCCCDCD,,,0,81,,,,,L_T1_GTR___standard,,,,,L_T1_GTR03_33000001/L_T1_GTR03_32100001,,,,41,24,22,555112000000244541000000200000000007244000000000000000000000000000000000,,00000085,,,,,,,,9,9,0,8,8,85,,55422254512144144124,AACBBBACADBDCCDCCDBC,AABCBBACADBDCCCDCDBC,,,0,85,,,,,,,,,,,,,
18893,18,,,,,,,,,41,24,22,522140000000525140000000454100000007240000000000000000000000000000000000,,00000091,,,,,,,,9,9,0,10,10,91,,55422254512144144124,AACBBBACADBDCCDCCDBC,AABCBBACADBDCCCDCDBC,,,0,91,,,,,L_T1_GTR___standard/L_T1_GTR___zabuton_,,,,,L_T1_GTR03_33000001/L_T1_GTR03_32100001,,,,41,24,22,555112000000244541000000200000000007244000000000000000000000000000000000,,00000085,,,,,,,,9,9,0,8,8,85,,55422254512144144124,AACBBBACADBDCCDCCDBC,AABCBBACADBDCCCDCDBC,,,0,85,,,,,,,,,,,,,
18925,19,,,,,,,,,41,24,22,522140000000525140000000454100000007240000000000000000000000000000000000,,00000091,,,,,,,,9,9,0,10,10,91,,55422254512144144124,AACBBBACADBDCCDCCDBC,AABCBBACADBDCCCDCDBC,,,0,91,,,,,L_T1_GTR___standard/L_T1_GTR___zabuton_,,,,,L_T1_GTR03_33000001/L_T1_GTR03_32100001,,,,24,22,44,555112000000244541140000200000000007244000000000000000000000000000000000,,00000091,,,,,,,,10,10,0,6,6,91,,5542225451214414412422,AACBBBACADBDCCDCCDBCBB,AABCBBACADBDCCCDCDBCBB,,,0,91,,,,,,,,,,,,,
18937,20,,,,,,,,,24,22,44,522144100000525140000000454100000007240000000000000000000000000000000000,,00000099,,,,,,,,10,10,0,8,8,99,,5542225451214414412422,AACBBBACADBDCCDCCDBCBB,AABCBBACADBDCCCDCDBCBB,,,0,99,,,,,L_T1_GTR___standard/L_T1_GTR___zabuton_,,,,,L_T1_GTR03_33000001/L_T1_GTR03_32100001,,,,24,22,44,555112000000244541140000200000000007244000000000000000000000000000000000,,00000091,,,,,,,,10,10,0,6,6,91,,5542225451214414412422,AACBBBACADBDCCDCCDBCBB,AABCBBACADBDCCCDCDBCBB,,,0,91,,,,,,,,,,,,,
18969,21,,,,,,,,,24,22,44,522144100000525140000000454100000007240000000000000000000000000000000000,,00000099,,,,,,,,10,10,0,8,8,99,,5542225451214414412422,AACBBBACADBDCCDCCDBCBB,AABCBBACADBDCCCDCDBCBB,,,0,99,,,,,L_T1_GTR___standard/L_T1_GTR___zabuton_,,,,,L_T1_GTR03_33000001/L_T1_GTR03_32100001,,,,22,44,54,555112000000244541140000200000000007244420000000000000000000000000000000,,00000100,,,,,,,,11,11,0,9,9,100,,554222545121441441242244,AACBBBACADBDCCDCCDBCBBCC,AABCBBACADBDCCCDCDBCBBCC,,,0,100,,,,,,,,,,,,,
18993,22,,,,,,,,,22,44,54,522144100000525140000000454100000007240000000000240000000000000000000000,,00000112,,,,,,,,11,11,0,13,13,112,,554222545121441441242244,AACBBBACADBDCCDCCDBCBBCC,AABCBBACADBDCCCDCDBCBBCC,,,0,112,,,,,L_T1_GTR___standard/L_T1_GTR___zabuton_,,,,,L_T1_GTR03_33000001,,,,22,44,54,555112000000244541140000200000000007244420000000000000000000000000000000,,00000100,,,,,,,,11,11,0,9,9,100,,554222545121441441242244,AACBBBACADBDCCDCCDBCBBCC,AABCBBACADBDCCCDCDBCBBCC,,,0,100,,,,,,,,,,,,,
19008,23,,,,,,,,,22,44,54,522144100000525140000000454100000007240000000000240000000000000000000000,,00000112,,,,,,,,11,11,0,13,13,112,,554222545121441441242244,AACBBBACADBDCCDCCDBCBBCC,AABCBBACADBDCCCDCDBCBBCC,,,0,112,,,,,L_T1_GTR___standard/L_T1_GTR___zabuton_,,,,,L_T1_GTR03_33000001,,,,44,54,52,555112220000244541140000200000000007244420000000000000000000000000000000,,00000106,,,,,,,,12,12,0,6,6,106,,55422254512144144124224454,AACBBBACADBDCCDCCDBCBBCCAC,AABCBBACADBDCCCDCDBCBBCCAC,,,0,106,,,,,,,,,,,,,
19031,24,,,,,,,,,44,54,52,522144122000525140000000454100000007240000000000240000000000000000000000,,00000117,,,,,,,,12,12,0,5,5,117,,55422254512144144124224454,AACBBBACADBDCCDCCDBCBBCCAC,AABCBBACADBDCCCDCDBCBBCCAC,,,0,117,,,,,L_T1_GTR___standard/L_T1_GTR___zabuton_,,,,,L_T1_GTR03_33000001,,,,44,54,52,555112220000244541140000200000000007244420000000000000000000000000000000,,00000106,,,,,,,,12,12,0,6,6,106,,55422254512144144124224454,AACBBBACADBDCCDCCDBCBBCCAC,AABCBBACADBDCCCDCDBCBBCCAC,,,0,106,,,,,,,,,,,,,
19045,25,,,,,,,,,44,54,52,522144122000525140000000454100000007240000000000240000000000000000000000,,00000117,,,,,,,,12,12,0,5,5,117,,55422254512144144124224454,AACBBBACADBDCCDCCDBCBBCCAC,AABCBBACADBDCCCDCDBCBBCCAC,,,0,117,,,,,L_T1_GTR___standard/L_T1_GTR___zabuton_,,,,,L_T1_GTR03_33000001,,,,54,52,12,555112224400244541140000200000000007244420000000000000000000000000000000,,00000110,,,,,,,,13,13,0,4,4,110,,5542225451214414412422445452,AACBBBACADBDCCDCCDBCBBCCACAB,AABCBBACADBDCCCDCDBCBBCCACAB,,,0,110,,,,,,,,,,,,,
19065,26,,,,,,,,,54,52,12,522144122440525140000000454100000007240000000000240000000000000000000000,,00000120,,,,,,,,13,13,0,3,3,120,,5542225451214414412422445452,AACBBBACADBDCCDCCDBCBBCCACAB,AABCBBACADBDCCCDCDBCBBCCACAB,,,0,120,,,,,L_T1_GTR___standard/L_T1_GTR___zabuton_,,,,,L_T1_GTR03_33000001,,,,54,52,12,555112224400244541140000200000000007244420000000000000000000000000000000,,00000110,,,,,,,,13,13,0,4,4,110,,5542225451214414412422445452,AACBBBACADBDCCDCCDBCBBCCACAB,AABCBBACADBDCCCDCDBCBBCCACAB,,,0,110,,,,,,,,,,,,,
19081,27,,,,,,,,,54,52,12,522144122440525140000000454100000007240000000000240000000000000000000000,,00000120,,,,,,,,13,13,0,3,3,120,,5542225451214414412422445452,AACBBBACADBDCCDCCDBCBBCCACAB,AABCBBACADBDCCCDCDBCBBCCACAB,,,0,120,,,,,L_T1_GTR___standard/L_T1_GTR___zabuton_,,,,,L_T1_GTR03_33000001,,,,52,12,21,555112224445244541140000200000000007244420000000000000000000000000000000,,00000112,,,,,,,,14,14,0,2,2,112,,554222545121441441242244545212,AACBBBACADBDCCDCCDBCBBCCACABDB,AABCBBACADBDCCCDCDBCBBCCACABBD,,,0,112,,,,,,,,,,,,,
19117,28,,,,,,,,,54,52,12,522144122440525140000000454100000007240000000000240000000000000000000000,,00000120,,,,,,,,13,13,0,3,3,120,,5542225451214414412422445452,AACBBBACADBDCCDCCDBCBBCCACAB,AABCBBACADBDCCCDCDBCBBCCACAB,,,0,120,,,,,L_T1_GTR___standard/L_T1_GTR___zabuton_,,,,,L_T1_GTR03_33000001,,,,12,21,15,555112224445244541142500200000000007244420000000000000000000000000000000,,00000116,,,,,,,,15,15,0,4,4,116,,55422254512144144124224454521221,AACBBBACADBDCCDCCDBCBBCCACABDBBD,AABCBBACADBDCCCDCDBCBBCCACABBDBD,,,0,116,,,,,,,,,,,,,
19121,29,,,,,,,,,52,12,21,522144122440525140000000454100000007240000000000240000000000540000000000,,00000133,,,,,,,,14,14,0,13,13,133,,554222545121441441242244545212,AACBBBACADBDCCDCCDBCBBCCACABDB,AABCBBACADBDCCCDCDBCBBCCACABBD,,,0,133,,,,,L_T1_GTR___standard/L_T1_GTR___zabuton_,,,,,L_T1_GTR03_33000001,,,,12,21,15,555112224445244541142500200000000007244420000000000000000000000000000000,,00000116,,,,,,,,15,15,0,4,4,116,,55422254512144144124224454521221,AACBBBACADBDCCDCCDBCBBCCACABDBBD,AABCBBACADBDCCCDCDBCBBCCACABBDBD,,,0,116,,,,,,,,,,,,,
19173,31,,,,,,,,,12,21,15,522144122440525140000000454100000007242500000000240000000000540000000000,,00000143,,,,,,,,15,15,0,10,10,143,,55422254512144144124224454521221,AACBBBACADBDCCDCCDBCBBCCACABDBBD,AABCBBACADBDCCCDCDBCBBCCACABBDBD,,,0,143,,,,,L_T1_GTR___standard/L_T1_GTR___zabuton_,,,,,L_T1_GTR03_33000001,,,,21,15,51,555112224445244541142500200000000007244420000000120000000000000000000000,,00000129,,,,,,,,16,16,0,13,13,129,,5542225451214414412422445452122115,AACBBBACADBDCCDCCDBCBBCCACABDBBDDA,AABCBBACADBDCCCDCDBCBBCCACABBDBDAD,,,0,129,,,,,,,,,,,,,
19223,32,,,,,,,,,21,15,51,522144122440525140000000454100000007242500000000240000000000542100000000,,00000153,,,,,,,,16,16,0,10,10,153,,5542225451214414412422445452122115,AACBBBACADBDCCDCCDBCBBCCACABDBBDDA,AABCBBACADBDCCCDCDBCBBCCACABBDBDAD,,,0,153,,,,,L_T1_GTR___standard/L_T1_GTR___zabuton_,,,,,L_T1_GTR03_33000001,,,,21,15,51,555112224445244541142500200000000007244420000000120000000000000000000000,,00000129,,,,,,,,16,16,0,13,13,129,,5542225451214414412422445452122115,AACBBBACADBDCCDCCDBCBBCCACABDBBDDA,AABCBBACADBDCCCDCDBCBBCCACABBDBDAD,,,0,129,,,,,,,,,,,,,
19246,33,,,,,,,,,21,15,51,522144122440525140000000454100000007242500000000240000000000542100000000,,00000153,,,,,,,,16,16,0,10,10,153,,5542225451214414412422445452122115,AACBBBACADBDCCDCCDBCBBCCACABDBBDDA,AABCBBACADBDCCCDCDBCBBCCACABBDBDAD,,,0,153,,,,,L_T1_GTR___standard/L_T1_GTR___zabuton_,,,,,L_T1_GTR03_33000001,,,,15,51,21,555112224445244541142500200000000007244420000000122000000000100000000000,,00000140,,,,,,,,17,17,0,11,11,140,,554222545121441441242244545212211551,AACBBBACADBDCCDCCDBCBBCCACABDBBDDAAD,AABCBBACADBDCCCDCDBCBBCCACABBDBDADAD,,,0,140,,,,,,,,,,,,,
19295,34,,,,,,,,,15,51,21,522144122440525140000000454100000007242510000000242000000000542100000000,,00000162,,,,,,,,17,17,0,9,9,162,,554222545121441441242244545212211551,AACBBBACADBDCCDCCDBCBBCCACABDBBDDAAD,AABCBBACADBDCCCDCDBCBBCCACABBDBDADAD,,,0,162,,,,,L_T1_GTR___standard/L_T1_GTR___zabuton_,,,,,L_T1_GTR03_33000001,,,,15,51,21,555112224445244541142500200000000007244420000000122000000000100000000000,,00000140,,,,,,,,17,17,0,11,11,140,,554222545121441441242244545212211551,AACBBBACADBDCCDCCDBCBBCCACABDBBDDAAD,AABCBBACADBDCCCDCDBCBBCCACABBDBDADAD,,,0,140,,,,,,,,,,,,,
19301,35,,,,,,,,,15,51,21,522144122440525140000000454100000007242510000000242000000000542100000000,,00000162,,,,,,,,17,17,0,9,9,162,,554222545121441441242244545212211551,AACBBBACADBDCCDCCDBCBBCCACABDBBDDAAD,AABCBBACADBDCCCDCDBCBBCCACABBDBDADAD,,,0,162,,,,,L_T1_GTR___standard/L_T1_GTR___zabuton_,,,,,L_T1_GTR03_33000001,,,,51,21,25,555112224445244541142500200000000007244420000000122000000000115000000000,,00000152,,,,,,,,18,18,0,12,12,152,,55422254512144144124224454521221155121,AACBBBACADBDCCDCCDBCBBCCACABDBBDDAADBD,AABCBBACADBDCCCDCDBCBBCCACABBDBDADADBD,,,0,152,,,,,,,,,,,,,
19343,36,,,,,,,,,51,21,25,522144122440525140000000454100000007242510000000242510000000542100000000,,00000171,,,,,,,,18,18,0,9,9,171,,55422254512144144124224454521221155121,AACBBBACADBDCCDCCDBCBBCCACABDBBDDAADBD,AABCBBACADBDCCCDCDBCBBCCACABBDBDADADBD,,,0,171,,,,,L_T1_GTR___standard/L_T1_GTR___zabuton_,,,,,L_T1_GTR03_33000001,,,,51,21,25,555112224445244541142500200000000007244420000000122000000000115000000000,,00000152,,,,,,,,18,18,0,12,12,152,,55422254512144144124224454521221155121,AACBBBACADBDCCDCCDBCBBCCACABDBBDDAADBD,AABCBBACADBDCCCDCDBCBBCCACABBDBDADADBD,,,0,152,,,,,,,,,,,,,
19351,37,,,,,,,,,51,21,25,522144122440525140000000454100000007242510000000242510000000542100000000,,00000171,,,,,,,,18,18,0,9,9,171,,55422254512144144124224454521221155121,AACBBBACADBDCCDCCDBCBBCCACABDBBDDAADBD,AABCBBACADBDCCCDCDBCBBCCACABBDBDADADBD,,,0,171,,,,,L_T1_GTR___standard/L_T1_GTR___zabuton_,,,,,L_T1_GTR03_33000001,,,,21,25,55,555112224445244541142500200000000007244420000000122000000000115510000000,,00000162,,,,,,,,19,19,0,10,10,162,,5542225451214414412422445452122115512125,AACBBBACADBDCCDCCDBCBBCCACABDBBDDAADBDBA,AABCBBACADBDCCCDCDBCBBCCACABBDBDADADBDAB,,,0,162,,,,,,,,,,,,,
19397,38,,,,,,,,,51,21,25,522144122440525140000000454100000007242510000000242510000000542100000000,,00000171,,,,,,,,18,18,0,9,9,171,,55422254512144144124224454521221155121,AACBBBACADBDCCDCCDBCBBCCACABDBBDDAADBD,AABCBBACADBDCCCDCDBCBBCCACABBDBDADADBD,,,0,171,,,,,L_T1_GTR___standard/L_T1_GTR___zabuton_,,,,,L_T1_GTR03_33000001,,,,25,55,51,555112224445244541142500200000000007244420000000122000000000115511200000,,00000169,,,,,,,,20,20,0,7,7,169,,554222545121441441242244545212211551212555,AACBBBACADBDCCDCCDBCBBCCACABDBBDDAADBDBAAA,AABCBBACADBDCCCDCDBCBBCCACABBDBDADADBDABAA,,,0,169,,,,,,,,,,,,,
19409,39,,,,,,,,,21,25,55,522144122440525140000000454100000007242510000000242511000000542150000000,,00000179,,,,,,,,19,19,0,8,8,179,,5542225451214414412422445452122115512125,AACBBBACADBDCCDCCDBCBBCCACABDBBDDAADBDBA,AABCBBACADBDCCCDCDBCBBCCACABBDBDADADBDAB,,,0,179,,,,,L_T1_GTR___standard/L_T1_GTR___zabuton_,,,,,L_T1_GTR03_33000001,,,,25,55,51,555112224445244541142500200000000007244420000000122000000000115511200000,,00000169,,,,,,,,20,20,0,7,7,169,,554222545121441441242244545212211551212555,AACBBBACADBDCCDCCDBCBBCCACABDBBDDAADBDBAAA,AABCBBACADBDCCCDCDBCBBCCACABBDBDADADBDABAA,,,0,169,,,,,,,,,,,,,
19441,40,,,,,,,,,21,25,55,522144122440525140000000454100000007242510000000242511000000542150000000,,00000179,,,,,,,,19,19,0,8,8,179,,5542225451214414412422445452122115512125,AACBBBACADBDCCDCCDBCBBCCACABDBBDDAADBDBA,AABCBBACADBDCCCDCDBCBBCCACABBDBDADADBDAB,,,0,179,,,,,L_T1_GTR___standard/L_T1_GTR___zabuton_,,,,,L_T1_GTR03_33000001,,,,55,51,15,555112224445244541142500200000000007244420000000122520000000115511200000,,00000178,,,,,,,,21,21,0,9,9,178,,55422254512144144124224454521221155121255551,AACBBBACADBDCCDCCDBCBBCCACABDBBDDAADBDBAAAAD,AABCBBACADBDCCCDCDBCBBCCACABBDBDADADBDABAAAD,,,0,178,,,,,,,,,,,,,
19451,41,,,,,,,,,25,55,51,522144122440525140000000454100000007242512100000242511000000542150000000,,00000187,,,,,,,,20,20,0,8,8,187,,554222545121441441242244545212211551212555,AACBBBACADBDCCDCCDBCBBCCACABDBBDDAADBDBAAA,AABCBBACADBDCCCDCDBCBBCCACABBDBDADADBDABAA,,,0,187,,,,,L_T1_GTR___standard/L_T1_GTR___zabuton_,,,,,L_T1_GTR03_33000001,,,,55,51,15,555112224445244541142500200000000007244420000000122520000000115511200000,,00000178,,,,,,,,21,21,0,9,9,178,,55422254512144144124224454521221155121255551,AACBBBACADBDCCDCCDBCBBCCACABDBBDDAADBDBAAAAD,AABCBBACADBDCCCDCDBCBBCCACABBDBDADADBDABAAAD,,,0,178,,,,,,,,,,,,,
19462,42,,,,,,,,,25,55,51,522144122440525140000000454100000007242512100000242511000000542150000000,,00000187,,,,,,,,20,20,0,8,8,187,,554222545121441441242244545212211551212555,AACBBBACADBDCCDCCDBCBBCCACABDBBDDAADBDBAAA,AABCBBACADBDCCCDCDBCBBCCACABBDBDADADBDABAA,,,0,187,,,,,L_T1_GTR___standard/L_T1_GTR___zabuton_,,,,,L_T1_GTR03_33000001,,,,,51,15,555112224445244541142555200000000007244420000000122520000000115511200000,,bb40abb1,,,,,,,,22,0,1,bb40abb1,40,218,,55422254512144144124224454521221155121255551,AACBBBACADBDCCDCCDBCBBCCACABDBBDDAADBDBAAAAD,AABCBBACADBDCCCDCDBCBBCCACABBDBDADADBDABAAAD,,,1,218,,,,,,,,,,,,,
19493,43,,,,,,,,,55,51,15,522144122440525140000000454100000007242512100000242511000000542155200000,,00000194,,,,,,,,21,21,0,7,7,194,,55422254512144144124224454521221155121255551,AACBBBACADBDCCDCCDBCBBCCACABDBBDDAADBDBAAAAD,AABCBBACADBDCCCDCDBCBBCCACABBDBDADADBDABAAAD,,,0,194,,,,,L_T1_GTR___standard/L_T1_GTR___zabuton_,,,,,L_T1_GTR03_33000001,,,,,51,15,555112224445244541142555200000000007244420000000122520000000115511200000,,bb40abb1,,,,,,,,22,0,1,bb40abb1,40,218,,55422254512144144124224454521221155121255551,AACBBBACADBDCCDCCDBCBBCCACABDBBDDAADBDBAAAAD,AABCBBACADBDCCCDCDBCBBCCACABBDBDADADBDABAAAD,,,1,218,,,,,,,,,,,,,
19527,44,,,,,,,,,55,51,15,522144122440525140000000454100000007242512100000242511000000542155200000,,00000194,,,,,,,,21,21,0,7,7,194,,55422254512144144124224454521221155121255551,AACBBBACADBDCCDCCDBCBBCCACABDBBDDAADBDBAAAAD,AABCBBACADBDCCCDCDBCBBCCACABBDBDADADBDABAAAD,,,0,194,,,,,L_T1_GTR___standard/L_T1_GTR___zabuton_,,,,,L_T1_GTR03_33000001,,,,51,15,12,555112224400244541142000200000000007244420000000122520000000115511200000,,00000220,,,,,,,,23,1,0,2,2,220,,5542225451214414412422445452122115512125555115,AACBBBACADBDCCDCCDBCBBCCACABDBBDDAADBDBAAAADDA,AABCBBACADBDCCCDCDBCBBCCACABBDBDADADBDABAAADAD,,,1,220,,,,,,,,,,,,,
19569,45,,,,,,,,,55,51,15,522144122440525140000000454100000007242512100000242511000000542155200000,,00000194,,,,,,,,21,21,0,7,7,194,,55422254512144144124224454521221155121255551,AACBBBACADBDCCDCCDBCBBCCACABDBBDDAADBDBAAAAD,AABCBBACADBDCCCDCDBCBBCCACABBDBDADADBDABAAAD,,,0,194,,,,,L_T1_GTR___standard/L_T1_GTR___zabuton_,,,,,L_T1_GTR03_33000001,,,,15,12,41,555112224440244541142000200000000007244425000000122521000000115511200000,,00000228,,,,,,,,24,2,0,8,8,228,,554222545121441441242244545212211551212555511512,AACBBBACADBDCCDCCDBCBBCCACABDBBDDAADBDBAAAADDADB,AABCBBACADBDCCCDCDBCBBCCACABBDBDADADBDABAAADADBD,,,1,228,,,,,,,,,,,,,
19585,46,,,,,,,,,51,15,12,522144122446525140000000454155600007242512100000242511600000542155200000,,00000202,,,,,,,,22,22,0,8,8,202,,5542225451214414412422445452122115512125555115,AACBBBACADBDCCDCCDBCBBCCACABDBBDDAADBDBAAAADDA,AABCBBACADBDCCCDCDBCBBCCACABBDBDADADBDABAAADAD,,,0,202,,,,,L_T1_GTR___standard/L_T1_GTR___zabuton_,,,,,L_T1_GTR03_33000001,,,,15,12,41,555112224440244541142000200000000007244425000000122521000000115511200000,,00000228,,,,,,,,24,2,0,8,8,228,,554222545121441441242244545212211551212555511512,AACBBBACADBDCCDCCDBCBBCCACABDBBDDAADBDBAAAADDADB,AABCBBACADBDCCCDCDBCBBCCACABBDBDADADBDABAAADADBD,,,1,228,,,,,,,,,,,,,
19609,47,,,,,,,,,51,15,12,522144122446525140000000454155600007242512100000242511600000542155200000,,00000202,,,,,,,,22,22,0,8,8,202,,5542225451214414412422445452122115512125555115,AACBBBACADBDCCDCCDBCBBCCACABDBBDDAADBDBAAAADDA,AABCBBACADBDCCCDCDBCBBCCACABBDBDADADBDABAAADAD,,,0,202,,,,,L_T1_GTR___standard/L_T1_GTR___zabuton_,,,,,L_T1_GTR03_33000001,,,,12,41,25,555112224440244541142000200000000007244425000000122521510000115511200000,,00000234,,,,,,,,25,3,0,6,6,234,,55422254512144144124224454521221155121255551151241,AACBBBACADBDCCDCCDBCBBCCACABDBBDDAADBDBAAAADDADBCD,AABCBBACADBDCCCDCDBCBBCCACABBDBDADADBDABAAADADBDCD,,,1,234,,,,,,,,,,,,,
19621,48,,,,,,,,,15,12,41,522144122446525140000000454155650007242512110000242511600000542155200000,,00000208,,,,,,,,23,23,0,6,6,208,,554222545121441441242244545212211551212555511512,AACBBBACADBDCCDCCDBCBBCCACABDBBDDAADBDBAAAADDADB,AABCBBACADBDCCCDCDBCBBCCACABBDBDADADBDABAAADADBD,,,0,208,,,,,L_T1_GTR___standard/L_T1_GTR___zabuton_,,,,,L_T1_GTR03_33000001,,,,12,41,25,555112224440244541142000200000000007244425000000122521510000115511200000,,00000234,,,,,,,,25,3,0,6,6,234,,55422254512144144124224454521221155121255551151241,AACBBBACADBDCCDCCDBCBBCCACABDBBDDAADBDBAAAADDADBCD,AABCBBACADBDCCCDCDBCBBCCACABBDBDADADBDABAAADADBDCD,,,1,234,,,,,,,,,,,,,
19649,49,,,,,,,,,15,12,41,522144122446525140000000454155650007242512110000242511600000542155200000,,00000208,,,,,,,,23,23,0,6,6,208,,554222545121441441242244545212211551212555511512,AACBBBACADBDCCDCCDBCBBCCACABDBBDDAADBDBAAAADDADB,AABCBBACADBDCCCDCDBCBBCCACABBDBDADADBDABAAADADBD,,,0,208,,,,,L_T1_GTR___standard/L_T1_GTR___zabuton_,,,,,L_T1_GTR03_33000001,,,,41,25,25,555112224440244541142000200000000007244425000000122521510000115511221000,,00000239,,,,,,,,26,4,0,5,5,239,,5542225451214414412422445452122115512125555115124125,AACBBBACADBDCCDCCDBCBBCCACABDBBDDAADBDBAAAADDADBCDBA,AABCBBACADBDCCCDCDBCBBCCACABBDBDADADBDABAAADADBDCDAB,,,1,239,,,,,,,,,,,,,
19657,50,,,,,,,,,12,41,25,522144122446525140000000454155655007242512111000242511600000542155200000,,00000213,,,,,,,,24,24,0,5,5,213,,55422254512144144124224454521221155121255551151241,AACBBBACADBDCCDCCDBCBBCCACABDBBDDAADBDBAAAADDADBCD,AABCBBACADBDCCCDCDBCBBCCACABBDBDADADBDABAAADADBDCD,,,0,213,,,,,L_T1_GTR___standard/L_T1_GTR___zabuton_,,,,,L_T1_GTR03_33000001,,,,41,25,25,555112224440244541142000200000000007244425000000122521510000115511221000,,00000239,,,,,,,,26,4,0,5,5,239,,5542225451214414412422445452122115512125555115124125,AACBBBACADBDCCDCCDBCBBCCACABDBBDDAADBDBAAAADDADBCDBA,AABCBBACADBDCCCDCDBCBBCCACABBDBDADADBDABAAADADBDCDAB,,,1,239,,,,,,,,,,,,,
19684,51,,,,,,,,,12,41,25,522144122446525140000000454155655007242512111000242511600000542155200000,,00000213,,,,,,,,24,24,0,5,5,213,,55422254512144144124224454521221155121255551151241,AACBBBACADBDCCDCCDBCBBCCACABDBBDDAADBDBAAAADDADBCD,AABCBBACADBDCCCDCDBCBBCCACABBDBDADADBDABAAADADBDCD,,,0,213,,,,,L_T1_GTR___standard/L_T1_GTR___zabuton_,,,,,L_T1_GTR03_33000001,,,,25,25,45,555112224440244541142000200000000007244425000000122521510000115511221140,,00000242,,,,,,,,27,5,0,3,3,242,,554222545121441441242244545212211551212555511512412525,AACBBBACADBDCCDCCDBCBBCCACABDBBDDAADBDBAAAADDADBCDBABA,AABCBBACADBDCCCDCDBCBBCCACABBDBDADADBDABAAADADBDCDABAB,,,1,242,,,,,,,,,,,,,
19697,52,,,,,,,,,41,25,25,522144122446525140000000454155655007242512111000242511600000542155221000,,00000218,,,,,,,,25,25,0,5,5,218,,5542225451214414412422445452122115512125555115124125,AACBBBACADBDCCDCCDBCBBCCACABDBBDDAADBDBAAAADDADBCDBA,AABCBBACADBDCCCDCDBCBBCCACABBDBDADADBDABAAADADBDCDAB,,,0,218,,,,,L_T1_GTR___standard/L_T1_GTR___zabuton_,,,,,L_T1_GTR03_33000001,,,,25,25,45,555112224440244541142000200000000007244425000000122521510000115511221140,,00000242,,,,,,,,27,5,0,3,3,242,,554222545121441441242244545212211551212555511512412525,AACBBBACADBDCCDCCDBCBBCCACABDBBDDAADBDBAAAADDADBCDBABA,AABCBBACADBDCCCDCDBCBBCCACABBDBDADADBDABAAADADBDCDABAB,,,1,242,,,,,,,,,,,,,
19733,54,,,,,,,,,25,25,45,522144122446525140000000454155655007242512111000242511600000542155221140,,00000221,,,,,,,,26,26,0,3,3,221,,554222545121441441242244545212211551212555511512412525,AACBBBACADBDCCDCCDBCBBCCACABDBBDDAADBDBAAAADDADBCDBABA,AABCBBACADBDCCCDCDBCBBCCACABBDBDADADBDABAAADADBDCDABAB,,,0,221,,,,,L_T1_GTR___standard/L_T1_GTR___zabuton_,,,,,L_T1_GTR03_33000001,,,,25,45,14,555112224440244541142000200000000007244425000000122521512500115511221140,,00000247,,,,,,,,28,6,0,5,5,247,,55422254512144144124224454521221155121255551151241252545,AACBBBACADBDCCDCCDBCBBCCACABDBBDDAADBDBAAAADDADBCDBABACA,AABCBBACADBDCCCDCDBCBBCCACABBDBDADADBDABAAADADBDCDABABAC,,,1,247,,,,,,,,,,,,,
19767,55,,,,,,,,,25,25,45,522144122446525140000000454155655007242512111000242511600000542155221140,,00000221,,,,,,,,26,26,0,3,3,221,,554222545121441441242244545212211551212555511512412525,AACBBBACADBDCCDCCDBCBBCCACABDBBDDAADBDBAAAADDADBCDBABA,AABCBBACADBDCCCDCDBCBBCCACABBDBDADADBDABAAADADBDCDABAB,,,0,221,,,,,L_T1_GTR___standard/L_T1_GTR___zabuton_,,,,,L_T1_GTR03_33000001,,,,45,14,24,555112224440244541142250200000000007244425000000122521512500115511221140,,00000251,,,,,,,,29,7,0,4,4,251,,5542225451214414412422445452122115512125555115124125254514,AACBBBACADBDCCDCCDBCBBCCACABDBBDDAADBDBAAAADDADBCDBABACADC,AABCBBACADBDCCCDCDBCBBCCACABBDBDADADBDABAAADADBDCDABABACCD,,,1,251,,,,,,,,,,,,,
19795,56,,,,,,,,,25,45,14,522144122446525140000000454155655507242512111200242511600000542155221140,,00000224,,,,,,,,27,27,0,3,3,224,,55422254512144144124224454521221155121255551151241252545,AACBBBACADBDCCDCCDBCBBCCACABDBBDDAADBDBAAAADDADBCDBABACA,AABCBBACADBDCCCDCDBCBBCCACABBDBDADADBDABAAADADBDCDABABAC,,,0,224,,,,,L_T1_GTR___standard/L_T1_GTR___zabuton_,,,,,L_T1_GTR03_33000001,,,,45,14,24,555112224440244541142250200000000007244425000000122521512500115511221140,,00000251,,,,,,,,29,7,0,4,4,251,,5542225451214414412422445452122115512125555115124125254514,AACBBBACADBDCCDCCDBCBBCCACABDBBDDAADBDBAAAADDADBCDBABACADC,AABCBBACADBDCCCDCDBCBBCCACABBDBDADADBDABAAADADBDCDABABACCD,,,1,251,,,,,,,,,,,,,
19805,57,,,,,,,,,25,45,14,522144122446525140000000454155655507242512111200242511600000542155221140,,00000224,,,,,,,,27,27,0,3,3,224,,55422254512144144124224454521221155121255551151241252545,AACBBBACADBDCCDCCDBCBBCCACABDBBDDAADBDBAAAADDADBCDBABACA,AABCBBACADBDCCCDCDBCBBCCACABBDBDADADBDABAAADADBDCDABABAC,,,0,224,,,,,L_T1_GTR___standard/L_T1_GTR___zabuton_,,,,,L_T1_GTR03_33000001,,,,14,24,54,555112224440244541142250200000000007244425540000122521512500115511221140,,00000257,,,,,,,,30,8,0,6,6,257,,554222545121441441242244545212211551212555511512412525451424,AACBBBACADBDCCDCCDBCBBCCACABDBBDDAADBDBAAAADDADBCDBABACADCBC,AABCBBACADBDCCCDCDBCBBCCACABBDBDADADBDABAAADADBDCDABABACCDBC,,,1,257,,,,,,,,,,,,,
19865,58,,,,,,,,,45,14,24,522144122446525140000000454155655507242512111250242511620000542155221140,,00000227,,,,,,,,28,28,0,3,3,227,,5542225451214414412422445452122115512125555115124125254514,AACBBBACADBDCCDCCDBCBBCCACABDBBDDAADBDBAAAADDADBCDBABACADC,AABCBBACADBDCCCDCDBCBBCCACABBDBDADADBDABAAADADBDCDABABACCD,,,0,227,,,,,L_T1_GTR___standard/L_T1_GTR___zabuton_,,,,,L_T1_GTR03_33000001,,,,14,24,54,555112224440244541142250200000000007244425540000122521512500115511221140,,00000257,,,,,,,,30,8,0,6,6,257,,554222545121441441242244545212211551212555511512412525451424,AACBBBACADBDCCDCCDBCBBCCACABDBBDDAADBDBAAAADDADBCDBABACADCBC,AABCBBACADBDCCCDCDBCBBCCACABBDBDADADBDABAAADADBDCDABABACCDBC,,,1,257,,,,,,,,,,,,,
19878,59,,,,,,,,,45,14,24,522144122446525140000000454155655507242512111250242511620000542155221140,,00000227,,,,,,,,28,28,0,3,3,227,,5542225451214414412422445452122115512125555115124125254514,AACBBBACADBDCCDCCDBCBBCCACABDBBDDAADBDBAAAADDADBCDBABACADC,AABCBBACADBDCCCDCDBCBBCCACABBDBDADADBDABAAADADBDCDABABACCD,,,0,227,,,,,L_T1_GTR___standard/L_T1_GTR___zabuton_,,,,,L_T1_GTR03_33000001,,,,24,54,22,555112224440244541142250210000000007244425544000122521512500115511221140,,00000262,,,,,,,,31,9,0,5,5,262,,55422254512144144124224454521221155121255551151241252545142454,AACBBBACADBDCCDCCDBCBBCCACABDBBDDAADBDBAAAADDADBCDBABACADCBCAC,AABCBBACADBDCCCDCDBCBBCCACABBDBDADADBDABAAADADBDCDABABACCDBCAC,,,1,262,,,,,,,,,,,,,
19899,60,,,,,,,,,14,24,54,522144122446525140000000454155655507242512111250242511620000542155221144,,00000229,,,,,,,,29,29,0,2,2,229,,554222545121441441242244545212211551212555511512412525451424,AACBBBACADBDCCDCCDBCBBCCACABDBBDDAADBDBAAAADDADBCDBABACADCBC,AABCBBACADBDCCCDCDBCBBCCACABBDBDADADBDABAAADADBDCDABABACCDBC,,,0,229,,,,,L_T1_GTR___standard/L_T1_GTR___zabuton_,,,,,L_T1_GTR03_33000001,,,,24,54,22,555112224440244541142250210000000007244425544000122521512500115511221140,,00000262,,,,,,,,31,9,0,5,5,262,,55422254512144144124224454521221155121255551151241252545142454,AACBBBACADBDCCDCCDBCBBCCACABDBBDDAADBDBAAAADDADBCDBABACADCBCAC,AABCBBACADBDCCCDCDBCBBCCACABBDBDADADBDABAAADADBDCDABABACCDBCAC,,,1,262,,,,,,,,,,,,,
19926,61,,,,,,,,,,24,54,522144122446525140000000454155650007242512111250242511621400542155221144,,bb60abb3,,,,,,,,30,0,1,bb60abb3,180,409,,554222545121441441242244545212211551212555511512412525451424,AACBBBACADBDCCDCCDBCBBCCACABDBBDDAADBDBAAAADDADBCDBABACADCBC,AABCBBACADBDCCCDCDBCBBCCACABBDBDADADBDABAAADADBDCDABABACCDBC,,,1,409,,,,,L_T1_GTR___standard/L_T1_GTR___zabuton_,,,,,L_T1_GTR03_33000001,,,,24,54,22,555112224440244541142250210000000007244425544000122521512500115511221140,,00000262,,,,,,,,31,9,0,5,5,262,,55422254512144144124224454521221155121255551151241252545142454,AACBBBACADBDCCDCCDBCBBCCACABDBBDDAADBDBAAAADDADBCDBABACADCBCAC,AABCBBACADBDCCCDCDBCBBCCACABBDBDADADBDABAAADADBDCDABABACCDBCAC,,,1,262,,,,,,,,,,,,,
19953,62,,,,,,,,,,24,54,522144122446525140000000454155650007242512111250242511621400542155221144,,bb60abb3,,,,,,,,30,0,1,bb60abb3,180,409,,554222545121441441242244545212211551212555511512412525451424,AACBBBACADBDCCDCCDBCBBCCACABDBBDDAADBDBAAAADDADBCDBABACADCBC,AABCBBACADBDCCCDCDBCBBCCACABBDBDADADBDABAAADADBDCDABABACCDBC,,,1,409,,,,,L_T1_GTR___standard/L_T1_GTR___zabuton_,,,,,L_T1_GTR03_33000001,,,,54,22,12,555112224440244541142250212000000007244425544400122521512500115511221140,,00000266,,,,,,,,32,10,0,4,4,266,,5542225451214414412422445452122115512125555115124125254514245422,AACBBBACADBDCCDCCDBCBBCCACABDBBDDAADBDBAAAADDADBCDBABACADCBCACBB,AABCBBACADBDCCCDCDBCBBCCACABBDBDADADBDABAAADADBDCDABABACCDBCACBB,,,1,266,,,,,,,,,,,,,
19985,63,,,,,,,,,,24,54,522144122446525140000000454155650007242512111250242511621400542155221144,,bb60abb3,,,,,,,,30,0,1,bb60abb3,180,409,,554222545121441441242244545212211551212555511512412525451424,AACBBBACADBDCCDCCDBCBBCCACABDBBDDAADBDBAAAADDADBCDBABACADCBC,AABCBBACADBDCCCDCDBCBBCCACABBDBDADADBDABAAADADBDCDABABACCDBC,,,1,409,,,,,L_T1_GTR___standard/L_T1_GTR___zabuton_,,,,,L_T1_GTR03_33000001,,,,22,12,21,555112224440244541142250212000000007244425544450122521512540115511221140,,00000269,,,,,,,,33,11,0,3,3,269,,554222545121441441242244545212211551212555511512412525451424542212,AACBBBACADBDCCDCCDBCBBCCACABDBBDDAADBDBAAAADDADBCDBABACADCBCACBBDB,AABCBBACADBDCCCDCDBCBBCCACABBDBDADADBDABAAADADBDCDABABACCDBCACBBBD,,,1,269,,,,,,,,,,,,,
20014,64,,,,,,,,,,24,54,522144122446525140000000454155555007242512250000242511240000542155224450,,b110ab16,,,,,,,,31,0,2,b110ab16,1760,2169,,554222545121441441242244545212211551212555511512412525451424,AACBBBACADBDCCDCCDBCBBCCACABDBBDDAADBDBAAAADDADBCDBABACADCBC,AABCBBACADBDCCCDCDBCBBCCACABBDBDADADBDABAAADADBDCDABABACCDBC,,,2,2169,,,,,L_T1_GTR___standard/L_T1_GTR___zabuton_,,,,,L_T1_GTR03_33000001,,,,22,12,21,555112224440244541142250212000000007244425544450122521512540115511221140,,00000269,,,,,,,,33,11,0,3,3,269,,554222545121441441242244545212211551212555511512412525451424542212,AACBBBACADBDCCDCCDBCBBCCACABDBBDDAADBDBAAAADDADBCDBABACADCBCACBBDB,AABCBBACADBDCCCDCDBCBBCCACABBDBDADADBDABAAADADBDCDABABACCDBCACBBBD,,,1,269,,,,,,,,,,,,,
20037,65,,,,,,,,,,24,54,522144122446525140000000454155555007242512250000242511240000542155224450,,b110ab16,,,,,,,,31,0,2,b110ab16,1760,2169,,554222545121441441242244545212211551212555511512412525451424,AACBBBACADBDCCDCCDBCBBCCACABDBBDDAADBDBAAAADDADBCDBABACADCBC,AABCBBACADBDCCCDCDBCBBCCACABBDBDADADBDABAAADADBDCDABABACCDBC,,,2,2169,,,,,L_T1_GTR___standard/L_T1_GTR___zabuton_,,,,,L_T1_GTR03_33000001,,,,12,21,45,555112224442244541142250212000000007244425544450122521512540115511221140,,00000270,,,,,,,,34,12,0,1,1,270,,55422254512144144124224454521221155121255551151241252545142454221221,AACBBBACADBDCCDCCDBCBBCCACABDBBDDAADBDBAAAADDADBCDBABACADCBCACBBDBBD,AABCBBACADBDCCCDCDBCBBCCACABBDBDADADBDABAAADADBDCDABABACCDBCACBBBDBD,,,1,270,,,,,,,,,,,,,
20079,66,,,,,,,,,,24,54,522144122446525140000000454155555007242512250000242511240000542155224450,,b110ab16,,,,,,,,31,0,2,b110ab16,1760,2169,,554222545121441441242244545212211551212555511512412525451424,AACBBBACADBDCCDCCDBCBBCCACABDBBDDAADBDBAAAADDADBCDBABACADCBC,AABCBBACADBDCCCDCDBCBBCCACABBDBDADADBDABAAADADBDCDABABACCDBC,,,2,2169,,,,,L_T1_GTR___standard/L_T1_GTR___zabuton_,,,,,L_T1_GTR03_33000001,,,,21,45,15,555112224442244541142252212000000007244425544450122521512540115511221140,,00000271,,,,,,,,35,13,0,1,1,271,,5542225451214414412422445452122115512125555115124125254514245422122145,AACBBBACADBDCCDCCDBCBBCCACABDBBDDAADBDBAAAADDADBCDBABACADCBCACBBDBBDCA,AABCBBACADBDCCCDCDBCBBCCACABBDBDADADBDABAAADADBDCDABABACCDBCACBBBDBDAC,,,1,271,,,,,,,,,,,,,
20109,67,,,,,,,,,24,54,22,522144122446525140000000454100000007242510000000242511400000542155445000,,00002174,,,,,,,,32,1,0,5,5,2174,,55422254512144144124224454521221155121255551151241252545142454,AACBBBACADBDCCDCCDBCBBCCACABDBBDDAADBDBAAAADDADBCDBABACADCBCAC,AABCBBACADBDCCCDCDBCBBCCACABBDBDADADBDABAAADADBDCDABABACCDBCAC,,,2,2174,,,,,L_T1_GTR___standard/L_T1_GTR___zabuton_,,,,,L_T1_GTR03_33000001,,,,21,45,15,555112224442244541142252212000000007244425544450122521512540115511221140,,00000271,,,,,,,,35,13,0,1,1,271,,5542225451214414412422445452122115512125555115124125254514245422122145,AACBBBACADBDCCDCCDBCBBCCACABDBBDDAADBDBAAAADDADBCDBABACADCBCACBBDBBDCA,AABCBBACADBDCCCDCDBCBBCCACABBDBDADADBDABAAADADBDCDABABACCDBCACBBBDBDAC,,,1,271,,,,,,,,,,,,,
20155,68,,,,,,,,,54,22,12,522144122446525142400000454100000007242510000000242511400000542155445000,,00002182,,,,,,,,33,2,0,8,8,2182,,5542225451214414412422445452122115512125555115124125254514245422,AACBBBACADBDCCDCCDBCBBCCACABDBBDDAADBDBAAAADDADBCDBABACADCBCACBB,AABCBBACADBDCCCDCDBCBBCCACABBDBDADADBDABAAADADBDCDABABACCDBCACBB,,,2,2182,,,,,L_T1_GTR___standard/L_T1_GTR___zabuton_,,,,,L_T1_GTR03_33000001,,,,21,45,15,555112224442244541142252212000000007244425544450122521512540115511221140,,00000271,,,,,,,,35,13,0,1,1,271,,5542225451214414412422445452122115512125555115124125254514245422122145,AACBBBACADBDCCDCCDBCBBCCACABDBBDDAADBDBAAAADDADBCDBABACADCBCACBBDBBDCA,AABCBBACADBDCCCDCDBCBBCCACABBDBDADADBDABAAADADBDCDABABACCDBCACBBBDBDAC,,,1,271,,,,,,,,,,,,,
20217,69,,,,,,,,,54,22,12,522144122446525142400000454100000007242510000000242511400000542155445000,,00002182,,,,,,,,33,2,0,8,8,2182,,5542225451214414412422445452122115512125555115124125254514245422,AACBBBACADBDCCDCCDBCBBCCACABDBBDDAADBDBAAAADDADBCDBABACADCBCACBB,AABCBBACADBDCCCDCDBCBBCCACABBDBDADADBDABAAADADBDCDABABACCDBCACBB,,,2,2182,,,,,L_T1_GTR___standard/L_T1_GTR___zabuton_,,,,,L_T1_GTR03_33000001,,,,45,15,52,555112224442244541142252212666660007244425544452122521512541115511221146,,00000272,,,,,,,,36,14,0,1,1,272,,554222545121441441242244545212211551212555511512412525451424542212214515,AACBBBACADBDCCDCCDBCBBCCACABDBBDDAADBDBAAAADDADBCDBABACADCBCACBBDBBDCADA,AABCBBACADBDCCCDCDBCBBCCACABBDBDADADBDABAAADADBDCDABABACCDBCACBBBDBDACAD,,,1,272,,,,,,,,,,,,,
20225,70,,,,,,,,,22,12,21,522144122446525142400000454100000007242514000000242511450000542155445000,,00002188,,,,,,,,34,3,0,6,6,2188,,554222545121441441242244545212211551212555511512412525451424542212,AACBBBACADBDCCDCCDBCBBCCACABDBBDDAADBDBAAAADDADBCDBABACADCBCACBBDB,AABCBBACADBDCCCDCDBCBBCCACABBDBDADADBDABAAADADBDCDABABACCDBCACBBBD,,,2,2188,,,,,L_T1_GTR___standard/L_T1_GTR___zabuton_,,,,,L_T1_GTR03_33000001,,,,45,15,52,555112224442244541142252212666660007244425544452122521512541115511221146,,00000272,,,,,,,,36,14,0,1,1,272,,554222545121441441242244545212211551212555511512412525451424542212214515,AACBBBACADBDCCDCCDBCBBCCACABDBBDDAADBDBAAAADDADBCDBABACADCBCACBBDBBDCADA,AABCBBACADBDCCCDCDBCBBCCACABBDBDADADBDABAAADADBDCDABABACCDBCACBBBDBDACAD,,,1,272,,,,,,,,,,,,,
20240,71,,,,,,,,,22,12,21,522144122446525142400000454100000007242514000000242511450000542155445000,,00002188,,,,,,,,34,3,0,6,6,2188,,554222545121441441242244545212211551212555511512412525451424542212,AACBBBACADBDCCDCCDBCBBCCACABDBBDDAADBDBAAAADDADBCDBABACADCBCACBBDB,AABCBBACADBDCCCDCDBCBBCCACABBDBDADADBDABAAADADBDCDABABACCDBCACBBBD,,,2,2188,,,,,L_T1_GTR___standard/L_T1_GTR___zabuton_,,,,,L_T1_GTR03_33000001,,,,,15,52,555112224442244541142252212666664507244425544452122521512541115511221146,,bb40abb1,,,,,,,,37,0,1,bb40abb1,40,312,,554222545121441441242244545212211551212555511512412525451424542212214515,AACBBBACADBDCCDCCDBCBBCCACABDBBDDAADBDBAAAADDADBCDBABACADCBCACBBDBBDCADA,AABCBBACADBDCCCDCDBCBBCCACABBDBDADADBDABAAADADBDCDABABACCDBCACBBBDBDACAD,,,1,312,,,,,,,,,,,,,
20320,72,,,,,,,,,12,21,45,522144122446525142400000454122000007242514000000242511450000542155445000,,00002194,,,,,,,,35,4,0,6,6,2194,,55422254512144144124224454521221155121255551151241252545142454221221,AACBBBACADBDCCDCCDBCBBCCACABDBBDDAADBDBAAAADDADBCDBABACADCBCACBBDBBD,AABCBBACADBDCCCDCDBCBBCCACABBDBDADADBDABAAADADBDCDABABACCDBCACBBBDBD,,,2,2194,,,,,L_T1_GTR___standard/L_T1_GTR___zabuton_,,,,,L_T1_GTR03_33000001,,,,,15,52,555112224442244541142252212666664507244425544452122521512541115511221146,,bb40abb1,,,,,,,,37,0,1,bb40abb1,40,312,,554222545121441441242244545212211551212555511512412525451424542212214515,AACBBBACADBDCCDCCDBCBBCCACABDBBDDAADBDBAAAADDADBCDBABACADCBCACBBDBBDCADA,AABCBBACADBDCCCDCDBCBBCCACABBDBDADADBDABAAADADBDCDABABACCDBCACBBBDBDACAD,,,1,312,,,,,,,,,,,,,
20323,73,,,,,,,,,12,21,45,522144122446525142400000454122000007242514000000242511450000542155445000,,00002194,,,,,,,,35,4,0,6,6,2194,,55422254512144144124224454521221155121255551151241252545142454221221,AACBBBACADBDCCDCCDBCBBCCACABDBBDDAADBDBAAAADDADBCDBABACADCBCACBBDBBD,AABCBBACADBDCCCDCDBCBBCCACABBDBDADADBDABAAADADBDCDABABACCDBCACBBBDBD,,,2,2194,,,,,L_T1_GTR___standard/L_T1_GTR___zabuton_,,,,,L_T1_GTR03_33000001,,,,,15,52,555112224442244541142252212666650007244425552600122521512541115511221146,,bb50ab10,,,,,,,,38,0,2,bb50ab10,500,812,,554222545121441441242244545212211551212555511512412525451424542212214515,AACBBBACADBDCCDCCDBCBBCCACABDBBDDAADBDBAAAADDADBCDBABACADCBCACBBDBBDCADA,AABCBBACADBDCCCDCDBCBBCCACABBDBDADADBDABAAADADBDCDABABACCDBCACBBBDBDACAD,,,2,812,,,,,,,,,,,,,
20359,74,,,,,,,,,21,45,15,522144122446525142400000454122120007242514000000242511450000542155445000,,00002201,,,,,,,,36,5,0,7,7,2201,,5542225451214414412422445452122115512125555115124125254514245422122145,AACBBBACADBDCCDCCDBCBBCCACABDBBDDAADBDBAAAADDADBCDBABACADCBCACBBDBBDCA,AABCBBACADBDCCCDCDBCBBCCACABBDBDADADBDABAAADADBDCDABABACCDBCACBBBDBDAC,,,2,2201,,,,,L_T1_GTR___standard/L_T1_GTR___zabuton_,,,,,L_T1_GTR03_33000001,,,,,15,52,555112224442244541142252212666650007244425552600122521512541115511221146,,bb50ab10,,,,,,,,38,0,2,bb50ab10,500,812,,554222545121441441242244545212211551212555511512412525451424542212214515,AACBBBACADBDCCDCCDBCBBCCACABDBBDDAADBDBAAAADDADBCDBABACADCBCACBBDBBDCADA,AABCBBACADBDCCCDCDBCBBCCACABBDBDADADBDABAAADADBDCDABABACCDBCACBBBDBDACAD,,,2,812,,,,,,,,,,,,,
20410,75,,,,,,,,,21,45,15,522144122446525142400000454122120007242514000000242511450000542155445000,,00002201,,,,,,,,36,5,0,7,7,2201,,5542225451214414412422445452122115512125555115124125254514245422122145,AACBBBACADBDCCDCCDBCBBCCACABDBBDDAADBDBAAAADDADBCDBABACADCBCACBBDBBDCA,AABCBBACADBDCCCDCDBCBBCCACABBDBDADADBDABAAADADBDCDABABACCDBCACBBBDBDAC,,,2,2201,,,,,L_T1_GTR___standard/L_T1_GTR___zabuton_,,,,,L_T1_GTR03_33000001,,,,,15,52,555112224442244541142252212660000007244422600000122521125416115511221146,,bb40ab16,,,,,,,,39,0,3,bb40ab16,640,1452,,554222545121441441242244545212211551212555511512412525451424542212214515,AACBBBACADBDCCDCCDBCBBCCACABDBBDDAADBDBAAAADDADBCDBABACADCBCACBBDBBDCADA,AABCBBACADBDCCCDCDBCBBCCACABBDBDADADBDABAAADADBDCDABABACCDBCACBBBDBDACAD,,,3,1452,,,,,,,,,,,,,
20417,76,,,,,,,,,45,15,52,522144122446525142400000454122122007242514100000242511450000542155445000,,00002206,,,,,,,,37,6,0,5,5,2206,,554222545121441441242244545212211551212555511512412525451424542212214515,AACBBBACADBDCCDCCDBCBBCCACABDBBDDAADBDBAAAADDADBCDBABACADCBCACBBDBBDCADA,AABCBBACADBDCCCDCDBCBBCCACABBDBDADADBDABAAADADBDCDABABACCDBCACBBBDBDACAD,,,2,2206,,,,,L_T1_GTR___standard/L_T1_GTR___zabuton_,,,,,L_T1_GTR03_33000001,,,,,15,52,555112224442244541142252212660000007244422600000122521125416115511221146,,bb40ab16,,,,,,,,39,0,3,bb40ab16,640,1452,,554222545121441441242244545212211551212555511512412525451424542212214515,AACBBBACADBDCCDCCDBCBBCCACABDBBDDAADBDBAAAADDADBCDBABACADCBCACBBDBBDCADA,AABCBBACADBDCCCDCDBCBBCCACABBDBDADADBDABAAADADBDCDABABACCDBCACBBBDBDACAD,,,3,1452,,,,,,,,,,,,,
20471,77,,,,,,,,,15,52,11,522144122446525142400000454122122007242514100000242511454000542155445500,,00002210,,,,,,,,38,7,0,4,4,2210,,55422254512144144124224454521221155121255551151241252545142454221221451552,AACBBBACADBDCCDCCDBCBBCCACABDBBDDAADBDBAAAADDADBCDBABACADCBCACBBDBBDCADAAB,AABCBBACADBDCCCDCDBCBBCCACABBDBDADADBDABAAADADBDCDABABACCDBCACBBBDBDACADAB,,,2,2210,,,,,L_T1_GTR___standard/L_T1_GTR___zabuton_,,,,,L_T1_GTR03_33000001,,,,,15,52,555112224442244541142252212660000007244422600000122521125416115511221146,,bb40ab16,,,,,,,,39,0,3,bb40ab16,640,1452,,554222545121441441242244545212211551212555511512412525451424542212214515,AACBBBACADBDCCDCCDBCBBCCACABDBBDDAADBDBAAAADDADBCDBABACADCBCACBBDBBDCADA,AABCBBACADBDCCCDCDBCBBCCACABBDBDADADBDABAAADADBDCDABABACCDBCACBBBDBDACAD,,,3,1452,,,,,,,,,,,,,
20492,78,,,,,,,,,15,52,11,522144122446525142400000454122122007242514100000242511454000542155445500,,00002210,,,,,,,,38,7,0,4,4,2210,,55422254512144144124224454521221155121255551151241252545142454221221451552,AACBBBACADBDCCDCCDBCBBCCACABDBBDDAADBDBAAAADDADBCDBABACADCBCACBBDBBDCADAAB,AABCBBACADBDCCCDCDBCBBCCACABBDBDADADBDABAAADADBDCDABABACCDBCACBBBDBDACADAB,,,2,2210,,,,,L_T1_GTR___standard/L_T1_GTR___zabuton_,,,,,L_T1_GTR03_33000001,,,,,15,52,555112224442244541142252212660000007244422000000122522541600115522114660,,bb60ab35,,,,,,,,40,0,4,bb60ab35,2100,3552,,554222545121441441242244545212211551212555511512412525451424542212214515,AACBBBACADBDCCDCCDBCBBCCACABDBBDDAADBDBAAAADDADBCDBABACADCBCACBBDBBDCADA,AABCBBACADBDCCCDCDBCBBCCACABBDBDADADBDABAAADADBDCDABABACCDBCACBBBDBDACAD,,,4,3552,,,,,,,,,,,,,
20572,79,,,,,,,,,15,52,11,522144122446525142400000454122122007242514100000242511454000542155445500,,00002210,,,,,,,,38,7,0,4,4,2210,,55422254512144144124224454521221155121255551151241252545142454221221451552,AACBBBACADBDCCDCCDBCBBCCACABDBBDDAADBDBAAAADDADBCDBABACADCBCACBBDBBDCADAAB,AABCBBACADBDCCCDCDBCBBCCACABBDBDADADBDABAAADADBDCDABABACCDBCACBBBDBDACADAB,,,2,2210,,,,,L_T1_GTR___standard/L_T1_GTR___zabuton_,,,,,L_T1_GTR03_33000001,,,,,15,52,555112224442244541142252212600000007244400000000122554160000115511466000,,bb40ab64,,,,,,,,41,0,5,bb40ab64,2560,6112,,554222545121441441242244545212211551212555511512412525451424542212214515,AACBBBACADBDCCDCCDBCBBCCACABDBBDDAADBDBAAAADDADBCDBABACADCBCACBBDBBDCADA,AABCBBACADBDCCCDCDBCBBCCACABBDBDADADBDABAAADADBDCDABABACCDBCACBBBDBDACAD,,,5,6112,,,,,,,,,,,,,
20583,80,,,,,,,,,52,11,24,522144122446525142400000454122122507242514110000242511454000542155445500,,00002212,,,,,,,,39,8,0,2,2,2212,,5542225451214414412422445452122115512125555115124125254514245422122145155211,AACBBBACADBDCCDCCDBCBBCCACABDBBDDAADBDBAAAADDADBCDBABACADCBCACBBDBBDCADAABDD,AABCBBACADBDCCCDCDBCBBCCACABBDBDADADBDABAAADADBDCDABABACCDBCACBBBDBDACADABDD,,,2,2212,,,,,L_T1_GTR___standard/L_T1_GTR___zabuton_,,,,,L_T1_GTR03_33000001,,,,,15,52,555112224442244541142252212600000007244400000000122554160000115511466000,,bb40ab64,,,,,,,,41,0,5,bb40ab64,2560,6112,,554222545121441441242244545212211551212555511512412525451424542212214515,AACBBBACADBDCCDCCDBCBBCCACABDBBDDAADBDBAAAADDADBCDBABACADCBCACBBDBBDCADA,AABCBBACADBDCCCDCDBCBBCCACABBDBDADADBDABAAADADBDCDABABACCDBCACBBBDBDACAD,,,5,6112,,,,,,,,,,,,,
20621,81,,,,,,,,,11,24,14,522144122446525142400000454122122507242514110000242511454000542155445552,,00002215,,,,,,,,40,9,0,3,3,2215,,554222545121441441242244545212211551212555511512412525451424542212214515521124,AACBBBACADBDCCDCCDBCBBCCACABDBBDDAADBDBAAAADDADBCDBABACADCBCACBBDBBDCADAABDDBC,AABCBBACADBDCCCDCDBCBBCCACABBDBDADADBDABAAADADBDCDABABACCDBCACBBBDBDACADABDDBC,,,2,2215,,,,,L_T1_GTR___standard/L_T1_GTR___zabuton_,,,,,L_T1_GTR03_33000001,,,,,15,52,555112224442244541142252212600000007244400000000122554160000115511466000,,bb40ab64,,,,,,,,41,0,5,bb40ab64,2560,6112,,554222545121441441242244545212211551212555511512412525451424542212214515,AACBBBACADBDCCDCCDBCBBCCACABDBBDDAADBDBAAAADDADBCDBABACADCBCACBBDBBDCADA,AABCBBACADBDCCCDCDBCBBCCACABBDBDADADBDABAAADADBDCDABABACCDBCACBBBDBDACAD,,,5,6112,,,,,,,,,,,,,
20654,82,,,,,,,,,,24,14,522144122446525142400000454122122507242514111100242511454000542155445552,,bb50abb2,,,,,,,,41,0,1,bb50abb2,100,2315,,554222545121441441242244545212211551212555511512412525451424542212214515521124,AACBBBACADBDCCDCCDBCBBCCACABDBBDDAADBDBAAAADDADBCDBABACADCBCACBBDBBDCADAABDDBC,AABCBBACADBDCCCDCDBCBBCCACABBDBDADADBDABAAADADBDCDABABACCDBCACBBBDBDACADABDDBC,,,2,2315,,,,,L_T1_GTR___standard/L_T1_GTR___zabuton_,,,,,L_T1_GTR03_33000001,,,,,15,52,555112224442244541142252212600000007244400000000122554160000115511466000,,bb40ab64,,,,,,,,41,0,5,bb40ab64,2560,6112,,554222545121441441242244545212211551212555511512412525451424542212214515,AACBBBACADBDCCDCCDBCBBCCACABDBBDDAADBDBAAAADDADBCDBABACADCBCACBBDBBDCADA,AABCBBACADBDCCCDCDBCBBCCACABBDBDADADBDABAAADADBDCDABABACCDBCACBBBDBDACAD,,,5,6112,,,,,,,,,,,,,
20655,83,,,,,,,,,,24,14,522144122446525142400000454122122507242514111100242511454000542155445552,,bb50abb2,,,,,,,,41,0,1,bb50abb2,100,2315,,554222545121441441242244545212211551212555511512412525451424542212214515521124,AACBBBACADBDCCDCCDBCBBCCACABDBBDDAADBDBAAAADDADBCDBABACADCBCACBBDBBDCADAABDDBC,AABCBBACADBDCCCDCDBCBBCCACABBDBDADADBDABAAADADBDCDABABACCDBCACBBBDBDACADABDDBC,,,2,2315,,,,,L_T1_GTR___standard/L_T1_GTR___zabuton_,,,,,L_T1_GTR03_33000001,,,,,15,52,555112224442244541142252212600000007244400000000122416000000111146600000,,bb90a101,,,,,,,,42,0,6,bb90a101,9090,15202,,554222545121441441242244545212211551212555511512412525451424542212214515,AACBBBACADBDCCDCCDBCBBCCACABDBBDDAADBDBAAAADDADBCDBABACADCBCACBBDBBDCADA,AABCBBACADBDCCCDCDBCBBCCACABBDBDADADBDABAAADADBDCDABABACCDBCACBBBDBDACAD,,,6,15202,,,,,,,,,,,,,
20734,84,,,,,,,,,,24,14,522144122446525142400000454122225007242514000000242511454000542155445552,,bb50ab10,,,,,,,,42,0,2,bb50ab10,500,2815,,554222545121441441242244545212211551212555511512412525451424542212214515521124,AACBBBACADBDCCDCCDBCBBCCACABDBBDDAADBDBAAAADDADBCDBABACADCBCACBBDBBDCADAABDDBC,AABCBBACADBDCCCDCDBCBBCCACABBDBDADADBDABAAADADBDCDABABACCDBCACBBBDBDACADABDDBC,,,2,2815,,,,,L_T1_GTR___standard/L_T1_GTR___zabuton_,,,,,L_T1_GTR03_33000001,,,,,15,52,555112224442244541142252212600000007244400000000122416000000111146600000,,bb90a101,,,,,,,,42,0,6,bb90a101,9090,15202,,554222545121441441242244545212211551212555511512412525451424542212214515,AACBBBACADBDCCDCCDBCBBCCACABDBBDDAADBDBAAAADDADBCDBABACADCBCACBBDBBDCADA,AABCBBACADBDCCCDCDBCBBCCACABBDBDADADBDABAAADADBDCDABABACCDBCACBBBDBDACAD,,,6,15202,,,,,,,,,,,,,
20742,85,,,,,,,,,,24,14,522144122446525142400000454122225007242514000000242511454000542155445552,,bb50ab10,,,,,,,,42,0,2,bb50ab10,500,2815,,554222545121441441242244545212211551212555511512412525451424542212214515521124,AACBBBACADBDCCDCCDBCBBCCACABDBBDDAADBDBAAAADDADBCDBABACADCBCACBBDBBDCADAABDDBC,AABCBBACADBDCCCDCDBCBBCCACABBDBDADADBDABAAADADBDCDABABACCDBCACBBBDBDACADABDDBC,,,2,2815,,,,,L_T1_GTR___standard/L_T1_GTR___zabuton_,,,,,L_T1_GTR03_33000001,,,,,15,52,555112224442244541142252212000000007200000000000221600000000466000000000,,bb50a130,,,,,,,,43,0,7,bb50a130,6500,21702,,554222545121441441242244545212211551212555511512412525451424542212214515,AACBBBACADBDCCDCCDBCBBCCACABDBBDDAADBDBAAAADDADBCDBABACADCBCACBBDBBDCADA,AABCBBACADBDCCCDCDBCBBCCACABBDBDADADBDABAAADADBDCDABABACCDBCACBBBDBDACAD,,,7,21702,,,,,,,,,,,,,
20819,86,,,,,,,,,,24,14,522144122446525144000000454150000007242514000000242511454000542155445552,,bb40ab16,,,,,,,,43,0,3,bb40ab16,640,3455,,554222545121441441242244545212211551212555511512412525451424542212214515521124,AACBBBACADBDCCDCCDBCBBCCACABDBBDDAADBDBAAAADDADBCDBABACADCBCACBBDBBDCADAABDDBC,AABCBBACADBDCCCDCDBCBBCCACABBDBDADADBDABAAADADBDCDABABACCDBCACBBBDBDACADABDDBC,,,3,3455,,,,,L_T1_GTR___standard/L_T1_GTR___zabuton_,,,,,L_T1_GTR03_33000001,,,,,15,52,555112224442244541142252212000000007200000000000221600000000466000000000,,bb50a130,,,,,,,,43,0,7,bb50a130,6500,21702,,554222545121441441242244545212211551212555511512412525451424542212214515,AACBBBACADBDCCDCCDBCBBCCACABDBBDDAADBDBAAAADDADBCDBABACADCBCACBBDBBDCADA,AABCBBACADBDCCCDCDBCBBCCACABBDBDADADBDABAAADADBDCDABABACCDBCACBBBDBDACAD,,,7,21702,,,,,,,,,,,,,
20822,87,,,,,,,,,,24,14,522144122446525144000000454150000007242514000000242511454000542155445552,,bb40ab16,,,,,,,,43,0,3,bb40ab16,640,3455,,554222545121441441242244545212211551212555511512412525451424542212214515521124,AACBBBACADBDCCDCCDBCBBCCACABDBBDDAADBDBAAAADDADBCDBABACADCBCACBBDBBDCADAABDDBC,AABCBBACADBDCCCDCDBCBBCCACABBDBDADADBDABAAADADBDCDABABACCDBCACBBBDBDACADABDDBC,,,3,3455,,,,,L_T1_GTR___standard/L_T1_GTR___zabuton_,,,,,L_T1_GTR03_33000001,,,,,15,52,555112224442445411422521120000000007000000000000160000000000460000000000,,b130a168,,,,,,,,44,0,8,b130a168,21840,43542,,554222545121441441242244545212211551212555511512412525451424542212214515,AACBBBACADBDCCDCCDBCBBCCACABDBBDDAADBDBAAAADDADBCDBABACADCBCACBBDBBDCADA,AABCBBACADBDCCCDCDBCBBCCACABBDBDADADBDABAAADADBDCDABABACCDBCACBBBDBDACAD,,,8,43542,,,,,,,,,,,,,
20902,88,,,,,,,,,,24,14,522112244600525100000000454150000007242514000000242511454000542155445552,,bb40ab32,,,,,,,,44,0,4,bb40ab32,1280,4735,,554222545121441441242244545212211551212555511512412525451424542212214515521124,AACBBBACADBDCCDCCDBCBBCCACABDBBDDAADBDBAAAADDADBCDBABACADCBCACBBDBBDCADAABDDBC,AABCBBACADBDCCCDCDBCBBCCACABBDBDADADBDABAAADADBDCDABABACCDBCACBBBDBDACADABDDBC,,,4,4735,,,,,L_T1_GTR___standard,,,,,L_T1_GTR03_33000001,,,,,15,52,555112224442445411422521120000000007000000000000160000000000460000000000,,b130a168,,,,,,,,44,0,8,b130a168,21840,43542,,554222545121441441242244545212211551212555511512412525451424542212214515,AACBBBACADBDCCDCCDBCBBCCACABDBBDDAADBDBAAAADDADBCDBABACADCBCACBBDBBDCADA,AABCBBACADBDCCCDCDBCBBCCACABBDBDADADBDABAAADADBDCDABABACCDBCACBBBDBDACAD,,,8,43542,,,,,,,,,,,,,
20916,89,,,,,,,,,,24,14,522112244600525100000000454150000007242514000000242511454000542155445552,,bb40ab32,,,,,,,,44,0,4,bb40ab32,1280,4735,,554222545121441441242244545212211551212555511512412525451424542212214515521124,AACBBBACADBDCCDCCDBCBBCCACABDBBDDAADBDBAAAADDADBCDBABACADCBCACBBDBBDCADAABDDBC,AABCBBACADBDCCCDCDBCBBCCACABBDBDADADBDABAAADADBDCDABABACCDBCACBBBDBDACADABDDBC,,,4,4735,,,,,L_T1_GTR___standard,,,,,L_T1_GTR03_33000001,,,,,15,52,444220000000444452100000120000000007000000000000160000000000460000000000,,bb70a196,,,,,,,,45,0,9,bb70a196,13720,57262,,554222545121441441242244545212211551212555511512412525451424542212214515,AACBBBACADBDCCDCCDBCBBCCACABDBBDDAADBDBAAAADDADBCDBABACADCBCACBBDBBDCADA,AABCBBACADBDCCCDCDBCBBCCACABBDBDADADBDABAAADADBDCDABABACCDBCACBBBDBDACAD,,,9,57262,,,,,,,,,,,,,
20984,90,,,,,,,,,,24,14,522224460000525000000000454500000007242514000000242511454000542155445552,,bb50ab66,,,,,,,,45,0,5,bb50ab66,3300,8035,,554222545121441441242244545212211551212555511512412525451424542212214515521124,AACBBBACADBDCCDCCDBCBBCCACABDBBDDAADBDBAAAADDADBCDBABACADCBCACBBDBBDCADAABDDBC,AABCBBACADBDCCCDCDBCBBCCACABBDBDADADBDABAAADADBDCDABABACCDBCACBBBDBDACADABDDBC,,,5,8035,,,,,,,,,,,,,,,15,52,444220000000444452100000120000000007000000000000160000000000460000000000,,bb70a196,,,,,,,,45,0,9,bb70a196,13720,57262,,554222545121441441242244545212211551212555511512412525451424542212214515,AACBBBACADBDCCDCCDBCBBCCACABDBBDDAADBDBAAAADDADBCDBABACADCBCACBBDBBDCADA,AABCBBACADBDCCCDCDBCBBCCACABBDBDADADBDABAAADADBDCDABABACCDBCACBBBDBDACAD,,,9,57262,,,,,,,,,,,,,
21002,91,,,,,,,,,,24,14,522224460000525000000000454500000007242514000000242511454000542155445552,,bb50ab66,,,,,,,,45,0,5,bb50ab66,3300,8035,,554222545121441441242244545212211551212555511512412525451424542212214515521124,AACBBBACADBDCCDCCDBCBBCCACABDBBDDAADBDBAAAADDADBCDBABACADCBCACBBDBBDCADAABDDBC,AABCBBACADBDCCCDCDBCBBCCACABBDBDADADBDABAAADADBDCDABABACCDBCACBBBDBDACADABDDBC,,,5,8035,,,,,,,,,,,,,,,15,52,220000000000521000000000120000000007000000000000160000000000460000000000,,bb40a224,,,,,,,,46,0,10,bb40a224,8960,66222,,554222545121441441242244545212211551212555511512412525451424542212214515,AACBBBACADBDCCDCCDBCBBCCACABDBBDDAADBDBAAAADDADBCDBABACADCBCACBBDBBDCADA,AABCBBACADBDCCCDCDBCBBCCACABBDBDADADBDABAAADADBDCDABABACCDBCACBBBDBDACAD,,,9,66222,,,,,,,,,,,,,
21070,92,,,,,,,,,,24,14,544600000000550000000000454500000007242514000000242511454000542155445552,,bb40ab96,,,,,,,,46,0,6,bb40ab96,3840,11875,,554222545121441441242244545212211551212555511512412525451424542212214515521124,AACBBBACADBDCCDCCDBCBBCCACABDBBDDAADBDBAAAADDADBCDBABACADCBCACBBDBBDCADAABDDBC,AABCBBACADBDCCCDCDBCBBCCACABBDBDADADBDABAAADADBDCDABABACCDBCACBBBDBDACADABDDBC,,,6,11875,,,,,,,,,,,,,,,15,52,220000000000521000000000120000000007000000000000160000000000460000000000,,bb40a224,,,,,,,,46,0,10,bb40a224,8960,66222,,554222545121441441242244545212211551212555511512412525451424542212214515,AACBBBACADBDCCDCCDBCBBCCACABDBBDDAADBDBAAAADDADBCDBABACADCBCACBBDBBDCADA,AABCBBACADBDCCCDCDBCBBCCACABBDBDADADBDABAAADADBDCDABABACCDBCACBBBDBDACAD,,,9,66222,,,,,,,,,,,,,
21093,93,,,,,,,,,,24,14,544600000000550000000000454500000007242514000000242511454000542155445552,,bb40ab96,,,,,,,,46,0,6,bb40ab96,3840,11875,,554222545121441441242244545212211551212555511512412525451424542212214515521124,AACBBBACADBDCCDCCDBCBBCCACABDBBDDAADBDBAAAADDADBCDBABACADCBCACBBDBBDCADAABDDBC,AABCBBACADBDCCCDCDBCBBCCACABBDBDADADBDABAAADADBDCDABABACCDBCACBBBDBDACADABDDBC,,,6,11875,,,,,,,,,,,,,,15,52,11,000000000000510000000000100000000007000000000000160000000000460000000000,,00066227,,,,,,,,47,1,0,5,5,66227,,55422254512144144124224454521221155121255551151241252545142454221221451552,AACBBBACADBDCCDCCDBCBBCCACABDBBDDAADBDBAAAADDADBCDBABACADCBCACBBDBBDCADAAB,AABCBBACADBDCCCDCDBCBBCCACABBDBDADADBDABAAADADBDCDABABACCDBCACBBBDBDACADAB,,,9,66227,,,,,,,,,,,,,
21147,94,,,,,,,,,,24,14,544600000000550000000000454500000007242514000000242511454000542155445552,,bb40ab96,,,,,,,,46,0,6,bb40ab96,3840,11875,,554222545121441441242244545212211551212555511512412525451424542212214515521124,AACBBBACADBDCCDCCDBCBBCCACABDBBDDAADBDBAAAADDADBCDBABACADCBCACBBDBBDCADAABDDBC,AABCBBACADBDCCCDCDBCBBCCACABBDBDADADBDABAAADADBDCDABABACCDBCACBBBDBDACADABDDBC,,,6,11875,,,,,,,,,,,,,,52,11,24,000000000000510000000000115000000007000000000000160000000000460000000000,,00066239,,,,,,,,48,2,0,12,12,66239,,5542225451214414412422445452122115512125555115124125254514245422122145155211,AACBBBACADBDCCDCCDBCBBCCACABDBBDDAADBDBAAAADDADBCDBABACADCBCACBBDBBDCADAABDD,AABCBBACADBDCCCDCDBCBBCCACABBDBDADADBDABAAADADBDCDABABACCDBCACBBBDBDACADABDD,,,9,66239,,,,,,,,,,,,,
21158,95,,,,,,,,,,24,14,446000000000000000000000445000000007242514000000242511454000542155445552,,bb50a130,,,,,,,,47,0,7,bb50a130,6500,18375,,554222545121441441242244545212211551212555511512412525451424542212214515521124,AACBBBACADBDCCDCCDBCBBCCACABDBBDDAADBDBAAAADDADBCDBABACADCBCACBBDBBDCADAABDDBC,AABCBBACADBDCCCDCDBCBBCCACABBDBDADADBDABAAADADBDCDABABACCDBCACBBBDBDACADABDDBC,,,7,18375,,,,,,,,,,,,,,52,11,24,000000000000510000000000115000000007000000000000160000000000460000000000,,00066239,,,,,,,,48,2,0,12,12,66239,,5542225451214414412422445452122115512125555115124125254514245422122145155211,AACBBBACADBDCCDCCDBCBBCCACABDBBDDAADBDBAAAADDADBCDBABACADCBCACBBDBBDCADAABDD,AABCBBACADBDCCCDCDBCBBCCACABBDBDADADBDABAAADADBDCDABABACCDBCACBBBDBDACADABDD,,,9,66239,,,,,,,,,,,,,
21200,96,,,,,,,,,,24,14,446000000000000000000000445000000007242514000000242511454000542155445552,,bb50a130,,,,,,,,47,0,7,bb50a130,6500,18375,,554222545121441441242244545212211551212555511512412525451424542212214515521124,AACBBBACADBDCCDCCDBCBBCCACABDBBDDAADBDBAAAADDADBCDBABACADCBCACBBDBBDCADAABDDBC,AABCBBACADBDCCCDCDBCBBCCACABBDBDADADBDABAAADADBDCDABABACCDBCACBBBDBDACADABDDBC,,,7,18375,,,,,,,,,,,,,,11,24,14,000000000000510000000000115000000007520000000000160000000000460000000000,,00066252,,,,,,,,49,3,0,13,13,66252,,554222545121441441242244545212211551212555511512412525451424542212214515521124,AACBBBACADBDCCDCCDBCBBCCACABDBBDDAADBDBAAAADDADBCDBABACADCBCACBBDBBDCADAABDDBC,AABCBBACADBDCCCDCDBCBBCCACABBDBDADADBDABAAADADBDCDABABACCDBCACBBBDBDACADABDDBC,,,9,66252,,,,,,,,,,,,,
21240,97,,,,,,,,,,24,14,446000000000000000000000500000000007225140000000225114540000521554455520,,bb50a162,,,,,,,,48,0,8,bb50a162,8100,26475,,554222545121441441242244545212211551212555511512412525451424542212214515521124,AACBBBACADBDCCDCCDBCBBCCACABDBBDDAADBDBAAAADDADBCDBABACADCBCACBBDBBDCADAABDDBC,AABCBBACADBDCCCDCDBCBBCCACABBDBDADADBDABAAADADBDCDABABACCDBCACBBBDBDACADABDDBC,,,8,26475,,,,,,,,,,,,,,11,24,14,000000000000510000000000115000000007520000000000160000000000460000000000,,00066252,,,,,,,,49,3,0,13,13,66252,,554222545121441441242244545212211551212555511512412525451424542212214515521124,AACBBBACADBDCCDCCDBCBBCCACABDBBDDAADBDBAAAADDADBCDBABACADCBCACBBDBBDCADAABDDBC,AABCBBACADBDCCCDCDBCBBCCACABBDBDADADBDABAAADADBDCDABABACCDBCACBBBDBDACADABDDBC,,,9,66252,,,,,,,,,,,,,
21251,98,,,,,,,,,,24,14,446000000000000000000000500000000007225140000000225114540000521554455520,,bb50a162,,,,,,,,48,0,8,bb50a162,8100,26475,,554222545121441441242244545212211551212555511512412525451424542212214515521124,AACBBBACADBDCCDCCDBCBBCCACABDBBDDAADBDBAAAADDADBCDBABACADCBCACBBDBBDCADAABDDBC,AABCBBACADBDCCCDCDBCBBCCACABBDBDADADBDABAAADADBDCDABABACCDBCACBBBDBDACADABDDBC,,,8,26475,,,,,,,,,,,,,,24,14,41,000000000000510000000000115000000007520000000000161100000000460000000000,,00066262,,,,,,,,50,4,0,10,10,66262,,55422254512144144124224454521221155121255551151241252545142454221221451552112414,AACBBBACADBDCCDCCDBCBBCCACABDBBDDAADBDBAAAADDADBCDBABACADCBCACBBDBBDCADAABDDBCDC,AABCBBACADBDCCCDCDBCBBCCACABBDBDADADBDABAAADADBDCDABABACCDBCACBBBDBDACADABDDBCCD,,,9,66262,,,,,,,,,,,,,
21299,99,,,,,,,,,,24,14,446000000000000000000000500000000007225140000000225114540000521554455520,,bb50a162,,,,,,,,48,0,8,bb50a162,8100,26475,,554222545121441441242244545212211551212555511512412525451424542212214515521124,AACBBBACADBDCCDCCDBCBBCCACABDBBDDAADBDBAAAADDADBCDBABACADCBCACBBDBBDCADAABDDBC,AABCBBACADBDCCCDCDBCBBCCACABBDBDADADBDABAAADADBDCDABABACCDBCACBBBDBDACADABDDBC,,,8,26475,,,,,,,,,,,,,,14,41,54,000000000000510000000000115000000007522400000000161100000000460000000000,,00066273,,,,,,,,51,5,0,11,11,66273,,5542225451214414412422445452122115512125555115124125254514245422122145155211241441,AACBBBACADBDCCDCCDBCBBCCACABDBBDDAADBDBAAAADDADBCDBABACADCBCACBBDBBDCADAABDDBCDCCD,AABCBBACADBDCCCDCDBCBBCCACABBDBDADADBDABAAADADBDCDABABACCDBCACBBBDBDACADABDDBCCDCD,,,9,66273,,,,,,,,,,,,,
21322,100,,,,,,,,,,24,14,446000000000000000000000500000000007514000000000511454000000515544555200,,bb80a195,,,,,,,,49,0,9,bb80a195,15600,42075,,554222545121441441242244545212211551212555511512412525451424542212214515521124,AACBBBACADBDCCDCCDBCBBCCACABDBBDDAADBDBAAAADDADBCDBABACADCBCACBBDBBDCADAABDDBC,AABCBBACADBDCCCDCDBCBBCCACABBDBDADADBDABAAADADBDCDABABACCDBCACBBBDBDACADABDDBC,,,9,42075,,,,,,,,,,,,,,14,41,54,000000000000510000000000115000000007522400000000161100000000460000000000,,00066273,,,,,,,,51,5,0,11,11,66273,,5542225451214414412422445452122115512125555115124125254514245422122145155211241441,AACBBBACADBDCCDCCDBCBBCCACABDBBDDAADBDBAAAADDADBCDBABACADCBCACBBDBBDCADAABDDBCDCCD,AABCBBACADBDCCCDCDBCBBCCACABBDBDADADBDABAAADADBDCDABABACCDBCACBBBDBDACADABDDBCCDCD,,,9,66273,,,,,,,,,,,,,
21341,101,,,,,,,,,,24,14,446000000000000000000000500000000007514000000000511454000000515544555200,,bb80a195,,,,,,,,49,0,9,bb80a195,15600,42075,,554222545121441441242244545212211551212555511512412525451424542212214515521124,AACBBBACADBDCCDCCDBCBBCCACABDBBDDAADBDBAAAADDADBCDBABACADCBCACBBDBBDCADAABDDBC,AABCBBACADBDCCCDCDBCBBCCACABBDBDADADBDABAAADADBDCDABABACCDBCACBBBDBDACADABDDBC,,,9,42075,,,,,,,,,,,,,,41,54,12,000000000000510000000000115000000007522441000000161100000000460000000000,,00066281,,,,,,,,52,6,0,8,8,66281,,554222545121441441242244545212211551212555511512412525451424542212214515521124144154,AACBBBACADBDCCDCCDBCBBCCACABDBBDDAADBDBAAAADDADBCDBABACADCBCACBBDBBDCADAABDDBCDCCDAC,AABCBBACADBDCCCDCDBCBBCCACABBDBDADADBDABAAADADBDCDABABACCDBCACBBBDBDACADABDDBCCDCDAC,,,9,66281,,,,,,,,,,,,,
21383,102,,,,,,,,,,24,14,446000000000000000000000500000000007514000000000511454000000515544555200,,bb80a195,,,,,,,,49,0,9,bb80a195,15600,42075,,554222545121441441242244545212211551212555511512412525451424542212214515521124,AACBBBACADBDCCDCCDBCBBCCACABDBBDDAADBDBAAAADDADBCDBABACADCBCACBBDBBDCADAABDDBC,AABCBBACADBDCCCDCDBCBBCCACABBDBDADADBDABAAADADBDCDABABACCDBCACBBBDBDACADABDDBC,,,9,42075,,,,,,,,,,,,,,54,12,55,000000000000510000000000115140000007522441000000161100000000460000000000,,00066290,,,,,,,,53,7,0,9,9,66290,,55422254512144144124224454521221155121255551151241252545142454221221451552112414415412,AACBBBACADBDCCDCCDBCBBCCACABDBBDDAADBDBAAAADDADBCDBABACADCBCACBBDBBDCADAABDDBCDCCDACDB,AABCBBACADBDCCCDCDBCBBCCACABBDBDADADBDABAAADADBDCDABABACCDBCACBBBDBDACADABDDBCCDCDACBD,,,9,66290,,,,,,,,,,,,,
21431,103,,,,,,,,,,24,14,446000000000000000000000500000000007514000000000511454000000515544555200,,bb80a195,,,,,,,,49,0,9,bb80a195,15600,42075,,554222545121441441242244545212211551212555511512412525451424542212214515521124,AACBBBACADBDCCDCCDBCBBCCACABDBBDDAADBDBAAAADDADBCDBABACADCBCACBBDBBDCADAABDDBC,AABCBBACADBDCCCDCDBCBBCCACABBDBDADADBDABAAADADBDCDABABACCDBCACBBBDBDACADABDDBC,,,9,42075,,,,,,,,,,,,,,12,55,11,000000000000515400000000115140000007522441000000161100000000460000000000,,00066301,,,,,,,,54,8,0,11,11,66301,,5542225451214414412422445452122115512125555115124125254514245422122145155211241441541255,AACBBBACADBDCCDCCDBCBBCCACABDBBDDAADBDBAAAADDADBCDBABACADCBCACBBDBBDCADAABDDBCDCCDACDBAA,AABCBBACADBDCCCDCDBCBBCCACABBDBDADADBDABAAADADBDCDABABACCDBCACBBBDBDACADABDDBCCDCDACBDAA,,,9,66301,,,,,,,,,,,,,
21469,104,,,,,,,,,,24,14,446000000000000000000000500000000007514000000000511454000000515544555200,,bb80a195,,,,,,,,49,0,9,bb80a195,15600,42075,,554222545121441441242244545212211551212555511512412525451424542212214515521124,AACBBBACADBDCCDCCDBCBBCCACABDBBDDAADBDBAAAADDADBCDBABACADCBCACBBDBBDCADAABDDBC,AABCBBACADBDCCCDCDBCBBCCACABBDBDADADBDABAAADADBDCDABABACCDBCACBBBDBDACADABDDBC,,,9,42075,,,,,,,,,,,,,,55,11,54,000000000000515400000000115140000007522441210000161100000000460000000000,,00066307,,,,,,,,55,9,0,6,6,66307,,554222545121441441242244545212211551212555511512412525451424542212214515521124144154125511,AACBBBACADBDCCDCCDBCBBCCACABDBBDDAADBDBAAAADDADBCDBABACADCBCACBBDBBDCADAABDDBCDCCDACDBAADD,AABCBBACADBDCCCDCDBCBBCCACABBDBDADADBDABAAADADBDCDABABACCDBCACBBBDBDACADABDDBCCDCDACBDAADD,,,9,66307,,,,,,,,,,,,,
21507,105,,,,,,,,,24,14,41,446666660000666660000000666660000007466666000000454666660000554455526666,,00042079,,,,,,,,50,1,0,4,4,42079,,55422254512144144124224454521221155121255551151241252545142454221221451552112414,AACBBBACADBDCCDCCDBCBBCCACABDBBDDAADBDBAAAADDADBCDBABACADCBCACBBDBBDCADAABDDBCDC,AABCBBACADBDCCCDCDBCBBCCACABBDBDADADBDABAAADADBDCDABABACCDBCACBBBDBDACADABDDBCCD,,,9,42079,,,,,,,,,,,,,,55,11,54,000000000000515400000000115140000007522441210000161100000000460000000000,,00066307,,,,,,,,55,9,0,6,6,66307,,554222545121441441242244545212211551212555511512412525451424542212214515521124144154125511,AACBBBACADBDCCDCCDBCBBCCACABDBBDDAADBDBAAAADDADBCDBABACADCBCACBBDBBDCADAABDDBCDCCDACDBAADD,AABCBBACADBDCCCDCDBCBBCCACABBDBDADADBDABAAADADBDCDABABACCDBCACBBBDBDACADABDDBCCDCDACBDAADD,,,9,66307,,,,,,,,,,,,,
21511,106,,,,,,,,,24,14,41,446666660000666660000000666660000007466666000000454666660000554455526666,,00042079,,,,,,,,50,1,0,4,4,42079,,55422254512144144124224454521221155121255551151241252545142454221221451552112414,AACBBBACADBDCCDCCDBCBBCCACABDBBDDAADBDBAAAADDADBCDBABACADCBCACBBDBBDCADAABDDBCDC,AABCBBACADBDCCCDCDBCBBCCACABBDBDADADBDABAAADADBDCDABABACCDBCACBBBDBDACADABDDBCCD,,,9,42079,,,,,,,,,,,,,,11,54,21,000000000000515455000000115140000007522441210000161100000000460000000000,,00066315,,,,,,,,56,10,0,8,8,66315,,55422254512144144124224454521221155121255551151241252545142454221221451552112414415412551154,AACBBBACADBDCCDCCDBCBBCCACABDBBDDAADBDBAAAADDADBCDBABACADCBCACBBDBBDCADAABDDBCDCCDACDBAADDAC,AABCBBACADBDCCCDCDBCBBCCACABBDBDADADBDABAAADADBDCDABABACCDBCACBBBDBDACADABDDBCCDCDACBDAADDAC,,,9,66315,,,,,,,,,,,,,
21549,107,,,,,,,,,24,14,41,446666660000666660000000666660000007466666000000454666660000554455526666,,00042079,,,,,,,,50,1,0,4,4,42079,,55422254512144144124224454521221155121255551151241252545142454221221451552112414,AACBBBACADBDCCDCCDBCBBCCACABDBBDDAADBDBAAAADDADBCDBABACADCBCACBBDBBDCADAABDDBCDC,AABCBBACADBDCCCDCDBCBBCCACABBDBDADADBDABAAADADBDCDABABACCDBCACBBBDBDACADABDDBCCD,,,9,42079,,,,,,,,,,,,,,54,21,44,000000000000515455110000115140000007522441210000161100000000460000000000,,00066321,,,,,,,,57,11,0,6,6,66321,,5542225451214414412422445452122115512125555115124125254514245422122145155211241441541255115421,AACBBBACADBDCCDCCDBCBBCCACABDBBDDAADBDBAAAADDADBCDBABACADCBCACBBDBBDCADAABDDBCDCCDACDBAADDACBD,AABCBBACADBDCCCDCDBCBBCCACABBDBDADADBDABAAADADBDCDABABACCDBCACBBBDBDACADABDDBCCDCDACBDAADDACBD,,,9,66321,,,,,,,,,,,,,
21590,108,,,,,,,,,24,14,41,446666660000666660000000666660000007466666000000454666660000554455526666,,00042079,,,,,,,,50,1,0,4,4,42079,,55422254512144144124224454521221155121255551151241252545142454221221451552112414,AACBBBACADBDCCDCCDBCBBCCACABDBBDDAADBDBAAAADDADBCDBABACADCBCACBBDBBDCADAABDDBCDC,AABCBBACADBDCCCDCDBCBBCCACABBDBDADADBDABAAADADBDCDABABACCDBCACBBBDBDACADABDDBCCD,,,9,42079,,,,,,,,,,,,,,21,44,55,000000000000515455110000115145400007522441210000161100000000460000000000,,00066329,,,,,,,,58,12,0,8,8,66329,,554222545121441441242244545212211551212555511512412525451424542212214515521124144154125511542144,AACBBBACADBDCCDCCDBCBBCCACABDBBDDAADBDBAAAADDADBCDBABACADCBCACBBDBBDCADAABDDBCDCCDACDBAADDACBDCC,AABCBBACADBDCCCDCDBCBBCCACABBDBDADADBDABAAADADBDCDABABACCDBCACBBBDBDACADABDDBCCDCDACBDAADDACBDCC,,,9,66329,,,,,,,,,,,,,
21609,109,,,,,,,,,,14,41,420066666666661666666600666662466666466666666660410066666666500035126666,,00042087,,,,,lose,,,51,1,0,8,8,42087,,55422254512144144124224454521221155121255551151241252545142454221221451552112414,AACBBBACADBDCCDCCDBCBBCCACABDBBDDAADBDBAAAADDADBCDBABACADCBCACBBDBBDCADAABDDBCDC,AABCBBACADBDCCCDCDBCBBCCACABBDBDADADBDABAAADADBDCDABABACCDBCACBBBDBDACADABDDBCCD,,,9,42087,,,,,,,,,,,,,,21,44,55,000000000000515455110000115145400007522441210000161100000000460000000000,,00066329,,,,,,,,58,12,0,8,8,66329,,554222545121441441242244545212211551212555511512412525451424542212214515521124144154125511542144,AACBBBACADBDCCDCCDBCBBCCACABDBBDDAADBDBAAAADDADBCDBABACADCBCACBBDBBDCADAABDDBCDCCDACDBAADDACBDCC,AABCBBACADBDCCCDCDBCBBCCACABBDBDADADBDABAAADADBDCDABABACCDBCACBBBDBDACADABDDBCCDCDACBDAADDACBDCC,,,9,66329,,,,,,,,,,,,,
21616,109,,,,,,,,,,14,41,420066666666661666666600666662466666466666666660410066666666500035126666,,00042087,,,,,lose,,,51,1,0,8,8,42087,,55422254512144144124224454521221155121255551151241252545142454221221451552112414,AACBBBACADBDCCDCCDBCBBCCACABDBBDDAADBDBAAAADDADBCDBABACADCBCACBBDBBDCADAABDDBCDC,AABCBBACADBDCCCDCDBCBBCCACABBDBDADADBDABAAADADBDCDABABACCDBCACBBBDBDACADABDDBCCD,,,9,42087,,,,,,,,,,,,,,,44,55,000000000000515455111000115145420007522441210000161100000000460000000000,,00066334,,,,,win,,,59,12,0,5,5,66334,,554222545121441441242244545212211551212555511512412525451424542212214515521124144154125511542144,AACBBBACADBDCCDCCDBCBBCCACABDBBDDAADBDBAAAADDADBCDBABACADCBCACBBDBBDCADAABDDBCDCCDACDBAADDACBDCC,AABCBBACADBDCCCDCDBCBBCCACABBDBDADADBDABAAADADBDCDABABACCDBCACBBBDBDACADABDDBCCDCDACBDAADDACBDCC,,,9,66334,,,,,,,,,,,,,
