28880,0,,,,,,,,,,15,54,000000000000000000000000000000000007000000000000000000000000000000000000,000000,00000000,,,,,,,,0,0,0,0,0,0,,15,AB,AB,,,0,0,,,,,,,,,,,,,,,15,54,000000000000000000000000000000000007000000000000000000000000000000000000,000000,00000000,,,,,,,,0,0,0,0,0,0,,15,AB,AB,,,0,0,,,,,,,,,,,,,
29032,2,,,,,,,,,15,54,22,000000000000000000000000000000000007000000000000000000000000000000000000,,00000000,,,,,,,,1,1,0,0,0,0,,1554,BAAC,ABAC,,,0,0,,,,,,,,,,,,,,15,54,22,000000000000000000000000000000000007000000000000000000000000000000000000,,00000000,,,,,,,,1,1,0,0,0,0,,1554,BAAC,ABAC,,,0,0,,,,,,,,,,,,,
29083,4,,,,,,,,,54,22,11,510000000000000000000000000000000007000000000000000000000000000000000000,,00000012,,,,,,,,2,2,0,12,12,12,,155422,BAACDD,ABACDD,,,0,12,,,,,,,,,,,,,,54,22,11,000000000000500000000000100000000007000000000000000000000000000000000000,,00000013,,,,,,,,2,2,0,13,13,13,,155422,BAACDD,ABACDD,,,0,13,,,,,,,,,,,,,
29130,5,,,,,,,,,54,22,11,510000000000000000000000000000000007000000000000000000000000000000000000,,00000012,,,,,,,,2,2,0,12,12,12,,155422,BAACDD,ABACDD,,,0,12,,,,,,,,,,,,,,22,11,44,540000000000500000000000100000000007000000000000000000000000000000000000,,00000025,,,,,,,,3,3,0,12,12,25,,15542211,BAACDDBB,ABACDDBB,,,0,25,,,,,,,,,,,,,
29132,6,,,,,,,,,22,11,44,510000000000500000000000400000000007000000000000000000000000000000000000,,00000025,,,,,,,,3,3,0,13,13,25,,15542211,BAACDDBB,ABACDDBB,,,0,25,,,,,,,,,,,,,,22,11,44,540000000000500000000000100000000007000000000000000000000000000000000000,,00000025,,,,,,,,3,3,0,12,12,25,,15542211,BAACDDBB,ABACDDBB,,,0,25,,,,,,,,,,,,,
29182,7,,,,,,,,,22,11,44,510000000000500000000000400000000007000000000000000000000000000000000000,,00000025,,,,,,,,3,3,0,13,13,25,,15542211,BAACDDBB,ABACDDBB,,,0,25,,,,,,,,,,,,,,11,44,15,540000000000500000000000100000000007200000000000200000000000000000000000,,00000038,,,,,,,,4,4,0,13,13,38,,1554221144,BAACDDBBCC,ABACDDBBCC,,,0,38,,,,,,,,,,,,,
29185,8,,,,,,,,,11,44,15,510000000000500000000000400000000007200000000000200000000000000000000000,,00000038,,,,,,,,4,4,0,13,13,38,,1554221144,BAACDDBBCC,ABACDDBBCC,,,0,38,,,,,,,,,,,,,,11,44,15,540000000000500000000000100000000007200000000000200000000000000000000000,,00000038,,,,,,,,4,4,0,13,13,38,,1554221144,BAACDDBBCC,ABACDDBBCC,,,0,38,,,,,,,,,,,,,
29234,9,,,,,,,,,11,44,15,510000000000500000000000400000000007200000000000200000000000000000000000,,00000038,,,,,,,,4,4,0,13,13,38,,1554221144,BAACDDBBCC,ABACDDBBCC,,,0,38,,,,,,,,,,,,,,44,15,15,540000000000500000000000100000000007210000000000210000000000000000000000,,00000050,,,,,,,,5,5,0,12,12,50,,155422114415,BAACDDBBCCBA,ABACDDBBCCAB,,,0,50,,,,,,,,,,,,,
29252,10,,,,,,,,,44,15,15,511000000000510000000000400000000007200000000000200000000000000000000000,,00000049,,,,,,,,5,5,0,11,11,49,,155422114415,BAACDDBBCCBA,ABACDDBBCCAB,,,0,49,,,,,,,,,,,,,,44,15,15,540000000000500000000000100000000007210000000000210000000000000000000000,,00000050,,,,,,,,5,5,0,12,12,50,,155422114415,BAACDDBBCCBA,ABACDDBBCCAB,,,0,50,,,,,,,,,,,,,
29298,11,,,,,,,,,15,15,25,511000000000510000000000400000000007240000000000240000000000000000000000,,00000061,,,,,,,,6,6,0,12,12,61,,15542211441515,BAACDDBBCCBABA,ABACDDBBCCABAB,,,0,61,,,,,,,,,,,,,,44,15,15,540000000000500000000000100000000007210000000000210000000000000000000000,,00000050,,,,,,,,5,5,0,12,12,50,,155422114415,BAACDDBBCCBA,ABACDDBBCCAB,,,0,50,,,,,,,,,,,,,
29300,12,,,,,,,,,15,15,25,511000000000510000000000400000000007240000000000240000000000000000000000,,00000061,,,,,,,,6,6,0,12,12,61,,15542211441515,BAACDDBBCCBABA,ABACDDBBCCABAB,,,0,61,,,,,,,,,,,,,,15,15,25,544000000000540000000000100000000007210000000000210000000000000000000000,,00000061,,,,,,,,6,6,0,11,11,61,,15542211441515,BAACDDBBCCBABA,ABACDDBBCCABAB,,,0,61,,,,,,,,,,,,,
29346,13,,,,,,,,,15,15,25,511000000000510000000000400000000007240000000000240000000000000000000000,,00000061,,,,,,,,6,6,0,12,12,61,,15542211441515,BAACDDBBCCBABA,ABACDDBBCCABAB,,,0,61,,,,,,,,,,,,,,15,25,14,544000000000540000000000151000000007210000000000210000000000000000000000,,00000072,,,,,,,,7,7,0,11,11,72,,1554221144151525,BAACDDBBCCBABADA,ABACDDBBCCABABAD,,,0,72,,,,,,,,,,,,,
29366,14,,,,,,,,,15,25,14,511000000000510000000000450000000007241000000000240000000000000000000000,,00000072,,,,,,,,7,7,0,11,11,72,,1554221144151525,BAACDDBBCCBABADA,ABACDDBBCCABABAD,,,0,72,,,,,,,,,,,,,,15,25,14,544000000000540000000000151000000007210000000000210000000000000000000000,,00000072,,,,,,,,7,7,0,11,11,72,,1554221144151525,BAACDDBBCCBABADA,ABACDDBBCCABABAD,,,0,72,,,,,,,,,,,,,
29400,15,,,,,,,,,15,25,14,511000000000510000000000450000000007241000000000240000000000000000000000,,00000072,,,,,,,,7,7,0,11,11,72,,1554221144151525,BAACDDBBCCBABADA,ABACDDBBCCABABAD,,,0,72,,,,,,,,,,,,,,25,14,15,544000000000540000000000151000000007210000000000210000000000510000000000,,00000084,,,,,,,,8,8,0,12,12,84,,155422114415152514,BAACDDBBCCBABADABC,ABACDDBBCCABABADBC,,,0,84,,,,,,,,,,,,,
29416,16,,,,,,,,,25,14,15,511000000000510000000000450000000007241000000000241500000000000000000000,,00000083,,,,,,,,8,8,0,11,11,83,,155422114415152514,BAACDDBBCCBABADABC,ABACDDBBCCABABADBC,,,0,83,,,,,,,,,,,,,,25,14,15,544000000000540000000000151000000007210000000000210000000000510000000000,,00000084,,,,,,,,8,8,0,12,12,84,,155422114415152514,BAACDDBBCCBABADABC,ABACDDBBCCABABADBC,,,0,84,,,,,,,,,,,,,
29451,17,,,,,,,,,25,14,15,511000000000510000000000450000000007241000000000241500000000000000000000,,00000083,,,,,,,,8,8,0,11,11,83,,155422114415152514,BAACDDBBCCBABADABC,ABACDDBBCCABABADBC,,,0,83,,,,,,,,,,,,,,14,15,44,544000000000540000000000151000000007215000000000212000000000510000000000,,00000095,,,,,,,,9,9,0,11,11,95,,15542211441515251415,BAACDDBBCCBABADABCBA,ABACDDBBCCABABADBCAB,,,0,95,,,,,,,,,,,,,
29472,18,,,,,,,,,14,15,44,511000000000510000000000450000000007241000000000241500000000250000000000,,00000096,,,,,,,,9,9,0,13,13,96,,15542211441515251415,BAACDDBBCCBABADABCBA,ABACDDBBCCABABADBCAB,,,0,96,,,,,,,,,,,,,,14,15,44,544000000000540000000000151000000007215000000000212000000000510000000000,,00000095,,,,,,,,9,9,0,11,11,95,,15542211441515251415,BAACDDBBCCBABADABCBA,ABACDDBBCCABABADBCAB,,,0,95,,,,,,,,,,,,,
29498,19,,,,,,,,,14,15,44,511000000000510000000000450000000007241000000000241500000000250000000000,,00000096,,,,,,,,9,9,0,13,13,96,,15542211441515251415,BAACDDBBCCBABADABCBA,ABACDDBBCCABABADBCAB,,,0,96,,,,,,,,,,,,,,15,44,42,544140000000540000000000151000000007215000000000212000000000510000000000,,00000105,,,,,,,,10,10,0,10,10,105,,1554221144151525141544,BAACDDBBCCBABADABCBACC,ABACDDBBCCABABADBCABCC,,,0,105,,,,,,,,,,,,,
29537,20,,,,,,,,,15,44,42,511000000000510000000000454000000007241100000000241500000000250000000000,,00000106,,,,,,,,10,10,0,10,10,106,,1554221144151525141544,BAACDDBBCCBABADABCBACC,ABACDDBBCCABABADBCABCC,,,0,106,,,,,,,,,,,,,,15,44,42,544140000000540000000000151000000007215000000000212000000000510000000000,,00000105,,,,,,,,10,10,0,10,10,105,,1554221144151525141544,BAACDDBBCCBABADABCBACC,ABACDDBBCCABABADBCABCC,,,0,105,,,,,,,,,,,,,
29544,21,,,,,,,,,15,44,42,511000000000510000000000454000000007241100000000241500000000250000000000,,00000106,,,,,,,,10,10,0,10,10,106,,1554221144151525141544,BAACDDBBCCBABADABCBACC,ABACDDBBCCABABADBCABCC,,,0,106,,,,,,,,,,,,,,44,42,12,544140000000545100000000151000000007215000000000212000000000510000000000,,00000115,,,,,,,,11,11,0,10,10,115,,155422114415152514154442,BAACDDBBCCBABADABCBACCCD,ABACDDBBCCABABADBCABCCCD,,,0,115,,,,,L_T1_GTR___standard,,,,,L_T1_GTR03_33000001,,,
29586,23,,,,,,,,,44,42,12,511000000000510000000000454000000007241100000000241500000000255100000000,,00000116,,,,,,,,11,11,0,10,10,116,,155422114415152514154442,BAACDDBBCCBABADABCBACCCD,ABACDDBBCCABABADBCABCCCD,,,0,116,,,,,,,,,,R_T1_GTR03_22110002,,,,42,12,42,544144400000545100000000151000000007215000000000212000000000510000000000,,00000122,,,,,,,,12,12,0,7,7,122,,15542211441515251415444212,BAACDDBBCCBABADABCBACCCDBD,ABACDDBBCCABABADBCABCCCDBD,,,0,122,,,,,L_T1_GTR___standard,,,,,L_T1_GTR03_33000001,,,
29633,24,,,,,,,,,42,12,42,511440000000510000000000454000000007241100000000241500000000255100000000,,00000125,,,,,,,,12,12,0,9,9,125,,15542211441515251415444212,BAACDDBBCCBABADABCBACCCDBD,ABACDDBBCCABABADBCABCCCDBD,,,0,125,,,,,,,,,,R_T1_GTR03_22110002,,,,42,12,42,544144400000545100000000151000000007215000000000212000000000510000000000,,00000122,,,,,,,,12,12,0,7,7,122,,15542211441515251415444212,BAACDDBBCCBABADABCBACCCDBD,ABACDDBBCCABABADBCABCCCDBD,,,0,122,,,,,L_T1_GTR___standard,,,,,L_T1_GTR03_33000001,,,
29642,25,,,,,,,,,42,12,42,511440000000510000000000454000000007241100000000241500000000255100000000,,00000125,,,,,,,,12,12,0,9,9,125,,15542211441515251415444212,BAACDDBBCCBABADABCBACCCDBD,ABACDDBBCCABABADBCABCCCDBD,,,0,125,,,,,,,,,,R_T1_GTR03_22110002,,,,12,42,42,544144400000545100000000151200000007215400000000212000000000510000000000,,00000131,,,,,,,,13,13,0,9,9,131,,1554221144151525141544421242,BAACDDBBCCBABADABCBACCCDBDCD,ABACDDBBCCABABADBCABCCCDBDCD,,,0,131,,,,,L_T1_GTR___standard,,,,,L_T1_GTR03_33000001,,,
29678,26,,,,,,,,,12,42,42,511444200000510000000000454000000007241100000000241500000000255100000000,,00000133,,,,,,,,13,13,0,8,8,133,,1554221144151525141544421242,BAACDDBBCCBABADABCBACCCDBDCD,ABACDDBBCCABABADBCABCCCDBDCD,,,0,133,,,,,,,,,,R_T1_GTR03_22110002,,,,12,42,42,544144400000545100000000151200000007215400000000212000000000510000000000,,00000131,,,,,,,,13,13,0,9,9,131,,1554221144151525141544421242,BAACDDBBCCBABADABCBACCCDBDCD,ABACDDBBCCABABADBCABCCCDBDCD,,,0,131,,,,,L_T1_GTR___standard,,,,,L_T1_GTR03_33000001,,,
29716,27,,,,,,,,,42,42,11,511444221000510000000000454000000007241100000000241500000000255100000000,,00000138,,,,,,,,14,14,0,5,5,138,,155422114415152514154442124242,BAACDDBBCCBABADABCBACCCDBDCDCD,ABACDDBBCCABABADBCABCCCDBDCDCD,,,0,138,,,,,,,,,,R_T1_GTR03_22110002,,,,12,42,42,544144400000545100000000151200000007215400000000212000000000510000000000,,00000131,,,,,,,,13,13,0,9,9,131,,1554221144151525141544421242,BAACDDBBCCBABADABCBACCCDBDCD,ABACDDBBCCABABADBCABCCCDBDCD,,,0,131,,,,,L_T1_GTR___standard,,,,,L_T1_GTR03_33000001,,,
29725,28,,,,,,,,,42,42,11,511444221000510000000000454000000007241100000000241500000000255100000000,,00000138,,,,,,,,14,14,0,5,5,138,,155422114415152514154442124242,BAACDDBBCCBABADABCBACCCDBDCDCD,ABACDDBBCCABABADBCABCCCDBDCDCD,,,0,138,,,,,,,,,,R_T1_GTR03_22110002,,,,42,42,11,544144400000545112000000151200000007215400000000212000000000510000000000,,00000139,,,,,,,,14,14,0,8,8,139,,155422114415152514154442124242,BAACDDBBCCBABADABCBACCCDBDCDCD,ABACDDBBCCABABADBCABCCCDBDCDCD,,,0,139,,,,,L_T1_GTR___standard,,,,,L_T1_GTR03_33000001,,,
29763,29,,,,,,,,,42,11,54,511444221000510000000000454000000007241100000000241500000000255124000000,,00000146,,,,,,,,15,15,0,8,8,146,,15542211441515251415444212424211,BAACDDBBCCBABADABCBACCCDBDCDCDBB,ABACDDBBCCABABADBCABCCCDBDCDCDBB,,,0,146,,,,,,,,,,R_T1_GTR03_22110002,,,,42,42,11,544144400000545112000000151200000007215400000000212000000000510000000000,,00000139,,,,,,,,14,14,0,8,8,139,,155422114415152514154442124242,BAACDDBBCCBABADABCBACCCDBDCDCD,ABACDDBBCCABABADBCABCCCDBDCDCD,,,0,139,,,,,L_T1_GTR___standard,,,,,L_T1_GTR03_33000001,,,
29766,30,,,,,,,,,42,11,54,511444221000510000000000454000000007241100000000241500000000255124000000,,00000146,,,,,,,,15,15,0,8,8,146,,15542211441515251415444212424211,BAACDDBBCCBABADABCBACCCDBDCDCDBB,ABACDDBBCCABABADBCABCCCDBDCDCDBB,,,0,146,,,,,,,,,,R_T1_GTR03_22110002,,,,42,11,54,544144400000545112000000151220000007215440000000212000000000510000000000,,00000148,,,,,,,,15,15,0,9,9,148,,15542211441515251415444212424211,BAACDDBBCCBABADABCBACCCDBDCDCDBB,ABACDDBBCCABABADBCABCCCDBDCDCDBB,,,0,148,,,,,L_T1_GTR___standard,,,,,L_T1_GTR03_33000001,,,
29804,31,,,,,,,,,11,54,12,511444221000510000000000454000000007241124000000241500000000255124000000,,00000154,,,,,,,,16,16,0,8,8,154,,1554221144151525141544421242421154,BAACDDBBCCBABADABCBACCCDBDCDCDBBAC,ABACDDBBCCABABADBCABCCCDBDCDCDBBAC,,,0,154,,,,,,,,,,R_T1_GTR03_22110002,,,,42,11,54,544144400000545112000000151220000007215440000000212000000000510000000000,,00000148,,,,,,,,15,15,0,9,9,148,,15542211441515251415444212424211,BAACDDBBCCBABADABCBACCCDBDCDCDBB,ABACDDBBCCABABADBCABCCCDBDCDCDBB,,,0,148,,,,,L_T1_GTR___standard,,,,,L_T1_GTR03_33000001,,,
29806,32,,,,,,,,,11,54,12,511444221000510000000000454000000007241124000000241500000000255124000000,,00000154,,,,,,,,16,16,0,8,8,154,,1554221144151525141544421242421154,BAACDDBBCCBABADABCBACCCDBDCDCDBBAC,ABACDDBBCCABABADBCABCCCDBDCDCDBBAC,,,0,154,,,,,,,,,,R_T1_GTR03_22110002,,,,11,54,12,544144400000545112240000151220000007215440000000212000000000510000000000,,00000154,,,,,,,,16,16,0,6,6,154,,1554221144151525141544421242421154,BAACDDBBCCBABADABCBACCCDBDCDCDBBAC,ABACDDBBCCABABADBCABCCCDBDCDCDBBAC,,,0,154,,,,,L_T1_GTR___standard,,,,,L_T1_GTR03_33000001,,,
29843,34,,,,,,,,,54,12,45,511444221000510000000000454000000007241124110000241500000000255124000000,,00000160,,,,,,,,17,17,0,6,6,160,,155422114415152514154442124242115412,BAACDDBBCCBABADABCBACCCDBDCDCDBBACBD,ABACDDBBCCABABADBCABCCCDBDCDCDBBACBD,,,0,160,,,,,,,,,,R_T1_GTR03_22110002,,,,54,12,45,544144411000545112240000151220000007215440000000212000000000510000000000,,00000159,,,,,,,,17,17,0,5,5,159,,155422114415152514154442124242115412,BAACDDBBCCBABADABCBACCCDBDCDCDBBACBD,ABACDDBBCCABABADBCABCCCDBDCDCDBBACBD,,,0,159,,,,,L_T1_GTR___standard,,,,,L_T1_GTR03_33000001,,,
29895,35,,,,,,,,,54,12,45,511444221000510000000000454000000007241124110000241500000000255124000000,,00000160,,,,,,,,17,17,0,6,6,160,,155422114415152514154442124242115412,BAACDDBBCCBABADABCBACCCDBDCDCDBBACBD,ABACDDBBCCABABADBCABCCCDBDCDCDBBACBD,,,0,160,,,,,,,,,,R_T1_GTR03_22110002,,,,12,45,21,544144411000545112240000151220000007215440000000212540000000510000000000,,00000169,,,,,,,,18,18,0,10,10,169,,15542211441515251415444212424211541245,BAACDDBBCCBABADABCBACCCDBDCDCDBBACBDCA,ABACDDBBCCABABADBCABCCCDBDCDCDBBACBDAC,,,0,169,,,,,L_T1_GTR___standard,,,,,L_T1_GTR03_33000001,,,
29910,36,,,,,,,,,12,45,21,511444221000510000000000454000000007241124110000241550000000255124400000,,00000167,,,,,,,,18,18,0,7,7,167,,15542211441515251415444212424211541245,BAACDDBBCCBABADABCBACCCDBDCDCDBBACBDCA,ABACDDBBCCABABADBCABCCCDBDCDCDBBACBDAC,,,0,167,,,,,,,,,,R_T1_GTR03_22110002,,,,12,45,21,544144411000545112240000151220000007215440000000212540000000510000000000,,00000169,,,,,,,,18,18,0,10,10,169,,15542211441515251415444212424211541245,BAACDDBBCCBABADABCBACCCDBDCDCDBBACBDCA,ABACDDBBCCABABADBCABCCCDBDCDCDBBACBDAC,,,0,169,,,,,L_T1_GTR___standard,,,,,L_T1_GTR03_33000001,,,
29953,37,,,,,,,,,45,21,12,511444221000510000000000454210000007241124110000241550000000255124400000,,00000176,,,,,,,,19,19,0,9,9,176,,1554221144151525141544421242421154124521,BAACDDBBCCBABADABCBACCCDBDCDCDBBACBDCADB,ABACDDBBCCABABADBCABCCCDBDCDCDBBACBDACBD,,,0,176,,,,,,,,,,R_T1_GTR03_22110002,,,,12,45,21,544144411000545112240000151220000007215440000000212540000000510000000000,,00000169,,,,,,,,18,18,0,10,10,169,,15542211441515251415444212424211541245,BAACDDBBCCBABADABCBACCCDBDCDCDBBACBDCA,ABACDDBBCCABABADBCABCCCDBDCDCDBBACBDAC,,,0,169,,,,,L_T1_GTR___standard,,,,,L_T1_GTR03_33000001,,,
30020,38,,,,,,,,,21,12,24,511444221000515000000000454214000007241124110000241550000000255124400000,,00000184,,,,,,,,20,20,0,8,8,184,,155422114415152514154442124242115412452112,BAACDDBBCCBABADABCBACCCDBDCDCDBBACBDCADBBD,ABACDDBBCCABABADBCABCCCDBDCDCDBBACBDACBDBD,,,0,184,,,,,L_T1_GTR___standard,,,,,L_T1_GTR03_33000001/R_T1_GTR03_22110002,,,,12,45,21,544144411000545112240000151220000007215440000000212540000000510000000000,,00000169,,,,,,,,18,18,0,10,10,169,,15542211441515251415444212424211541245,BAACDDBBCCBABADABCBACCCDBDCDCDBBACBDCA,ABACDDBBCCABABADBCABCCCDBDCDCDBBACBDAC,,,0,169,,,,,L_T1_GTR___standard,,,,,L_T1_GTR03_33000001,,,
30067,39,,,,,,,,,12,24,11,511444221000515210000000454214000007241124110000241550000000255124400000,,00000195,,,,,,,,21,21,0,11,11,195,,15542211441515251415444212424211541245211224,BAACDDBBCCBABADABCBACCCDBDCDCDBBACBDCADBBDDC,ABACDDBBCCABABADBCABCCCDBDCDCDBBACBDACBDBDCD,,,0,195,,,,,L_T1_GTR___standard,,,,,L_T1_GTR03_33000001/R_T1_GTR03_22110002,,,,12,45,21,544144411000545112240000151220000007215440000000212540000000510000000000,,00000169,,,,,,,,18,18,0,10,10,169,,15542211441515251415444212424211541245,BAACDDBBCCBABADABCBACCCDBDCDCDBBACBDCA,ABACDDBBCCABABADBCABCCCDBDCDCDBBACBDAC,,,0,169,,,,,L_T1_GTR___standard,,,,,L_T1_GTR03_33000001,,,
30074,40,,,,,,,,,12,24,11,511444221000515210000000454214000007241124110000241550000000255124400000,,00000195,,,,,,,,21,21,0,11,11,195,,15542211441515251415444212424211541245211224,BAACDDBBCCBABADABCBACCCDBDCDCDBBACBDCADBBDDC,ABACDDBBCCABABADBCABCCCDBDCDCDBBACBDACBDBDCD,,,0,195,,,,,L_T1_GTR___standard,,,,,L_T1_GTR03_33000001/R_T1_GTR03_22110002,,,,45,21,12,544144411000545112240000151220000007215440000000212541000000512000000000,,00000173,,,,,,,,19,19,0,4,4,173,,1554221144151525141544421242421154124521,BAACDDBBCCBABADABCBACCCDBDCDCDBBACBDCADB,ABACDDBBCCABABADBCABCCCDBDCDCDBBACBDACBD,,,0,173,,,,,L_T1_GTR___standard,,,,,L_T1_GTR03_33000001,,,
30108,41,,,,,,,,,24,11,52,511444221000515211200000454214000007241124110000241550000000255124400000,,00000202,,,,,,,,22,22,0,7,7,202,,1554221144151525141544421242421154124521122411,BAACDDBBCCBABADABCBACCCDBDCDCDBBACBDCADBBDDCBB,ABACDDBBCCABABADBCABCCCDBDCDCDBBACBDACBDBDCDBB,,,0,202,,,,,L_T1_GTR___standard,,,,,L_T1_GTR03_33000001/R_T1_GTR03_22110002,,,,45,21,12,544144411000545112240000151220000007215440000000212541000000512000000000,,00000173,,,,,,,,19,19,0,4,4,173,,1554221144151525141544421242421154124521,BAACDDBBCCBABADABCBACCCDBDCDCDBBACBDCADB,ABACDDBBCCABABADBCABCCCDBDCDCDBBACBDACBD,,,0,173,,,,,L_T1_GTR___standard,,,,,L_T1_GTR03_33000001,,,
30170,42,,,,,,,,,11,52,55,511444221000515211200000454214400007241124112000241550000000255124400000,,00000207,,,,,,,,23,23,0,5,5,207,,155422114415152514154442124242115412452112241152,BAACDDBBCCBABADABCBACCCDBDCDCDBBACBDCADBBDDCBBAD,ABACDDBBCCABABADBCABCCCDBDCDCDBBACBDACBDBDCDBBAD,,,0,207,,,,,L_T1_GTR___standard,,,,,L_T1_GTR03_33000001/R_T1_GTR03_22110002,,,,45,21,12,544144411000545112240000151220000007215440000000212541000000512000000000,,00000173,,,,,,,,19,19,0,4,4,173,,1554221144151525141544421242421154124521,BAACDDBBCCBABADABCBACCCDBDCDCDBBACBDCADB,ABACDDBBCCABABADBCABCCCDBDCDCDBBACBDACBD,,,0,173,,,,,L_T1_GTR___standard,,,,,L_T1_GTR03_33000001,,,
30176,43,,,,,,,,,11,52,55,511444221000515211200000454214400007241124112000241550000000255124400000,,00000207,,,,,,,,23,23,0,5,5,207,,155422114415152514154442124242115412452112241152,BAACDDBBCCBABADABCBACCCDBDCDCDBBACBDCADBBDDCBBAD,ABACDDBBCCABABADBCABCCCDBDCDCDBBACBDACBDBDCDBBAD,,,0,207,,,,,L_T1_GTR___standard,,,,,L_T1_GTR03_33000001/R_T1_GTR03_22110002,,,,21,12,24,544144411000545112240000151220000007215440000000212541000000512450000000,,00000181,,,,,,,,20,20,0,8,8,181,,155422114415152514154442124242115412452112,BAACDDBBCCBABADABCBACCCDBDCDCDBBACBDCADBBD,ABACDDBBCCABABADBCABCCCDBDCDCDBBACBDACBDBD,,,0,181,,,,,L_T1_GTR___standard,,,,,L_T1_GTR03_33000001,,,
30196,44,,,,,,,,,,52,55,511444221000515211200000454214411007241124112000241550000000255124400000,,bb40abb1,,,,,,,,24,0,1,bb40abb1,40,247,,155422114415152514154442124242115412452112241152,BAACDDBBCCBABADABCBACCCDBDCDCDBBACBDCADBBDDCBBAD,ABACDDBBCCABABADBCABCCCDBDCDCDBBACBDACBDBDCDBBAD,,,1,247,,,,,L_T1_GTR___standard,,,,,L_T1_GTR03_33000001/R_T1_GTR03_22110002,,,,21,12,24,544144411000545112240000151220000007215440000000212541000000512450000000,,00000181,,,,,,,,20,20,0,8,8,181,,155422114415152514154442124242115412452112,BAACDDBBCCBABADABCBACCCDBDCDCDBBACBDCADBBD,ABACDDBBCCABABADBCABCCCDBDCDCDBBACBDACBDBD,,,0,181,,,,,L_T1_GTR___standard,,,,,L_T1_GTR03_33000001,,,
30218,45,,,,,,,,,,52,55,511444221000515211200000454214411007241124112000241550000000255124400000,,bb40abb1,,,,,,,,24,0,1,bb40abb1,40,247,,155422114415152514154442124242115412452112241152,BAACDDBBCCBABADABCBACCCDBDCDCDBBACBDCADBBDDCBBAD,ABACDDBBCCABABADBCABCCCDBDCDCDBBACBDACBDBDCDBBAD,,,1,247,,,,,L_T1_GTR___standard,,,,,L_T1_GTR03_33000001/R_T1_GTR03_22110002,,,,12,24,11,544144411000545112240000151221200007215440000000212541000000512450000000,,00000188,,,,,,,,21,21,0,7,7,188,,15542211441515251415444212424211541245211224,BAACDDBBCCBABADABCBACCCDBDCDCDBBACBDCADBBDDC,ABACDDBBCCABABADBCABCCCDBDCDCDBBACBDACBDBDCD,,,0,188,,,,,L_T1_GTR___standard,,,,,L_T1_GTR03_33000001,,,
30280,46,,,,,,,,,,52,55,511444221000515211200000454214411007241124112000241550000000255124400000,,bb40abb1,,,,,,,,24,0,1,bb40abb1,40,247,,155422114415152514154442124242115412452112241152,BAACDDBBCCBABADABCBACCCDBDCDCDBBACBDCADBBDDCBBAD,ABACDDBBCCABABADBCABCCCDBDCDCDBBACBDACBDBDCDBBAD,,,1,247,,,,,L_T1_GTR___standard,,,,,L_T1_GTR03_33000001/R_T1_GTR03_22110002,,,,24,11,52,544144411000545112240000151221200007215441000000212541200000512450000000,,00000195,,,,,,,,22,22,0,7,7,195,,1554221144151525141544421242421154124521122411,BAACDDBBCCBABADABCBACCCDBDCDCDBBACBDCADBBDDCBB,ABACDDBBCCABABADBCABCCCDBDCDCDBBACBDACBDBDCDBB,,,0,195,,,,,L_T1_GTR___standard,,,,,L_T1_GTR03_33000001,,,
30291,47,,,,,,,,,52,55,45,511444221000515211200000454214400007241124200000241550000000255124400000,,00000252,,,,,,,,25,1,0,5,5,252,,15542211441515251415444212424211541245211224115255,BAACDDBBCCBABADABCBACCCDBDCDCDBBACBDCADBBDDCBBADAA,ABACDDBBCCABABADBCABCCCDBDCDCDBBACBDACBDBDCDBBADAA,,,1,252,,,,,L_T1_GTR___standard,,,,,L_T1_GTR03_33000001/R_T1_GTR03_22110002,,,,24,11,52,544144411000545112240000151221200007215441000000212541200000512450000000,,00000195,,,,,,,,22,22,0,7,7,195,,1554221144151525141544421242421154124521122411,BAACDDBBCCBABADABCBACCCDBDCDCDBBACBDCADBBDDCBB,ABACDDBBCCABABADBCABCCCDBDCDCDBBACBDACBDBDCDBB,,,0,195,,,,,L_T1_GTR___standard,,,,,L_T1_GTR03_33000001,,,
30356,48,,,,,,,,,55,45,15,511444221000515211200000454214400007241124200000241552000000255124450000,,00000258,,,,,,,,26,2,0,6,6,258,,1554221144151525141544421242421154124521122411525545,BAACDDBBCCBABADABCBACCCDBDCDCDBBACBDCADBBDDCBBADAACA,ABACDDBBCCABABADBCABCCCDBDCDCDBBACBDACBDBDCDBBADAAAC,,,1,258,,,,,L_T1_GTR___standard,,,,,L_T1_GTR03_33000001/R_T1_GTR03_22110002,,,,24,11,52,544144411000545112240000151221200007215441000000212541200000512450000000,,00000195,,,,,,,,22,22,0,7,7,195,,1554221144151525141544421242421154124521122411,BAACDDBBCCBABADABCBACCCDBDCDCDBBACBDCADBBDDCBB,ABACDDBBCCABABADBCABCCCDBDCDCDBBACBDACBDBDCDBB,,,0,195,,,,,L_T1_GTR___standard,,,,,L_T1_GTR03_33000001,,,
30384,49,,,,,,,,,55,45,15,511444221000515211200000454214400007241124200000241552000000255124450000,,00000258,,,,,,,,26,2,0,6,6,258,,1554221144151525141544421242421154124521122411525545,BAACDDBBCCBABADABCBACCCDBDCDCDBBACBDCADBBDDCBBADAACA,ABACDDBBCCABABADBCABCCCDBDCDCDBBACBDACBDBDCDBBADAAAC,,,1,258,,,,,L_T1_GTR___standard,,,,,L_T1_GTR03_33000001/R_T1_GTR03_22110002,,,,,11,52,544144411000545112240000151221200007215441200000212541240000512450000000,,bb50abb2,,,,,,,,23,0,1,bb50abb2,100,295,,1554221144151525141544421242421154124521122411,BAACDDBBCCBABADABCBACCCDBDCDCDBBACBDCADBBDDCBB,ABACDDBBCCABABADBCABCCCDBDCDCDBBACBDACBDBDCDBB,,,1,295,,,,,L_T1_GTR___standard,,,,,L_T1_GTR03_33000001,,,
30396,50,,,,,,,,,45,15,15,511444221000515211200000454214400007241124200000241552550000255124450000,,00000264,,,,,,,,27,3,0,6,6,264,,155422114415152514154442124242115412452112241152554515,BAACDDBBCCBABADABCBACCCDBDCDCDBBACBDCADBBDDCBBADAACABA,ABACDDBBCCABABADBCABCCCDBDCDCDBBACBDACBDBDCDBBADAAACAB,,,1,264,,,,,L_T1_GTR___standard,,,,,L_T1_GTR03_33000001/R_T1_GTR03_22110002,,,,,11,52,544144411000545112240000151221200007215441200000212541240000512450000000,,bb50abb2,,,,,,,,23,0,1,bb50abb2,100,295,,1554221144151525141544421242421154124521122411,BAACDDBBCCBABADABCBACCCDBDCDCDBBACBDCADBBDDCBB,ABACDDBBCCABABADBCABCCCDBDCDCDBBACBDACBDBDCDBB,,,1,295,,,,,L_T1_GTR___standard,,,,,L_T1_GTR03_33000001,,,
30436,51,,,,,,,,,15,15,51,511444221000515211200000454214400007241124245000241552550000255124450000,,00000270,,,,,,,,28,4,0,6,6,270,,15542211441515251415444212424211541245211224115255451515,BAACDDBBCCBABADABCBACCCDBDCDCDBBACBDCADBBDDCBBADAACABABA,ABACDDBBCCABABADBCABCCCDBDCDCDBBACBDACBDBDCDBBADAAACABAB,,,1,270,,,,,L_T1_GTR___standard,,,,,L_T1_GTR03_33000001/R_T1_GTR03_22110002,,,,,11,52,544144411000545112240000151221200007215441200000212541240000512450000000,,bb50abb2,,,,,,,,23,0,1,bb50abb2,100,295,,1554221144151525141544421242421154124521122411,BAACDDBBCCBABADABCBACCCDBDCDCDBBACBDCADBBDDCBB,ABACDDBBCCABABADBCABCCCDBDCDCDBBACBDACBDBDCDBB,,,1,295,,,,,L_T1_GTR___standard,,,,,L_T1_GTR03_33000001,,,
30467,52,,,,,,,,,15,15,51,511444221000515211200000454214400007241124245000241552550000255124450000,,00000270,,,,,,,,28,4,0,6,6,270,,15542211441515251415444212424211541245211224115255451515,BAACDDBBCCBABADABCBACCCDBDCDCDBBACBDCADBBDDCBBADAACABABA,ABACDDBBCCABABADBCABCCCDBDCDCDBBACBDACBDBDCDBBADAAACABAB,,,1,270,,,,,L_T1_GTR___standard,,,,,L_T1_GTR03_33000001/R_T1_GTR03_22110002,,,,,11,52,544144411000545114000000151221000007215441000000212541400000512450000000,,bb40abb8,,,,,,,,24,0,2,bb40abb8,320,615,,1554221144151525141544421242421154124521122411,BAACDDBBCCBABADABCBACCCDBDCDCDBBACBDCADBBDDCBB,ABACDDBBCCABABADBCABCCCDBDCDCDBBACBDACBDBDCDBB,,,2,615,,,,,L_T1_GTR___standard,,,,,L_T1_GTR03_33000001,,,
30503,53,,,,,,,,,15,51,44,511444221000515211200000454214400007241124245500241552551000255124450000,,00000274,,,,,,,,29,5,0,4,4,274,,1554221144151525141544421242421154124521122411525545151551,BAACDDBBCCBABADABCBACCCDBDCDCDBBACBDCADBBDDCBBADAACABABAAB,ABACDDBBCCABABADBCABCCCDBDCDCDBBACBDACBDBDCDBBADAAACABABAB,,,1,274,,,,,L_T1_GTR___standard,,,,,L_T1_GTR03_33000001/R_T1_GTR03_22110002,,,,,11,52,544144411000545114000000151221000007215441000000212541400000512450000000,,bb40abb8,,,,,,,,24,0,2,bb40abb8,320,615,,1554221144151525141544421242421154124521122411,BAACDDBBCCBABADABCBACCCDBDCDCDBBACBDCADBBDDCBB,ABACDDBBCCABABADBCABCCCDBDCDCDBBACBDACBDBDCDBB,,,2,615,,,,,L_T1_GTR___standard,,,,,L_T1_GTR03_33000001,,,
30539,54,,,,,,,,,51,44,44,511444221000515211200000454214400007241124245500241552551150255124450000,,00000278,,,,,,,,30,6,0,4,4,278,,155422114415152514154442124242115412452112241152554515155144,BAACDDBBCCBABADABCBACCCDBDCDCDBBACBDCADBBDDCBBADAACABABAABCC,ABACDDBBCCABABADBCABCCCDBDCDCDBBACBDACBDBDCDBBADAAACABABABCC,,,1,278,,,,,L_T1_GTR___standard,,,,,L_T1_GTR03_33000001/R_T1_GTR03_22110002,,,,,11,52,544144411000545114000000151221000007215441000000212541400000512450000000,,bb40abb8,,,,,,,,24,0,2,bb40abb8,320,615,,1554221144151525141544421242421154124521122411,BAACDDBBCCBABADABCBACCCDBDCDCDBBACBDCADBBDDCBB,ABACDDBBCCABABADBCABCCCDBDCDCDBBACBDACBDBDCDBB,,,2,615,,,,,L_T1_GTR___standard,,,,,L_T1_GTR03_33000001,,,
30549,55,,,,,,,,,51,44,44,511444221000515211200000454214400007241124245500241552551150255124450000,,00000278,,,,,,,,30,6,0,4,4,278,,155422114415152514154442124242115412452112241152554515155144,BAACDDBBCCBABADABCBACCCDBDCDCDBBACBDCADBBDDCBBADAACABABAABCC,ABACDDBBCCABABADBCABCCCDBDCDCDBBACBDACBDBDCDBBADAAACABABABCC,,,1,278,,,,,L_T1_GTR___standard,,,,,L_T1_GTR03_33000001/R_T1_GTR03_22110002,,,,,11,52,544111000000545110000000151221000007215441000000212541400000512450000000,,bb50ab18,,,,,,,,25,0,3,bb50ab18,900,1515,,1554221144151525141544421242421154124521122411,BAACDDBBCCBABADABCBACCCDBDCDCDBBACBDCADBBDDCBB,ABACDDBBCCABABADBCABCCCDBDCDCDBBACBDACBDBDCDBB,,,3,1515,,,,,L_T1_GTR___standard,,,,,L_T1_GTR03_33000001,,,
30577,56,,,,,,,,,44,44,44,511444221000515211200000454214400007241124245500241552551150255124451500,,00000282,,,,,,,,31,7,0,4,4,282,,15542211441515251415444212424211541245211224115255451515514444,BAACDDBBCCBABADABCBACCCDBDCDCDBBACBDCADBBDDCBBADAACABABAABCCCC,ABACDDBBCCABABADBCABCCCDBDCDCDBBACBDACBDBDCDBBADAAACABABABCCCC,,,1,282,,,,,L_T1_GTR___standard,,,,,L_T1_GTR03_33000001/R_T1_GTR03_22110002,,,,,11,52,544111000000545110000000151221000007215441000000212541400000512450000000,,bb50ab18,,,,,,,,25,0,3,bb50ab18,900,1515,,1554221144151525141544421242421154124521122411,BAACDDBBCCBABADABCBACCCDBDCDCDBBACBDCADBBDDCBB,ABACDDBBCCABABADBCABCCCDBDCDCDBBACBDACBDBDCDBB,,,3,1515,,,,,L_T1_GTR___standard,,,,,L_T1_GTR03_33000001,,,
30615,57,,,,,,,,,44,44,44,511444221000515211200000454214400007241124245500241552551150255124451500,,00000282,,,,,,,,31,7,0,4,4,282,,15542211441515251415444212424211541245211224115255451515514444,BAACDDBBCCBABADABCBACCCDBDCDCDBBACBDCADBBDDCBBADAACABABAABCCCC,ABACDDBBCCABABADBCABCCCDBDCDCDBBACBDACBDBDCDBBADAAACABABABCCCC,,,1,282,,,,,L_T1_GTR___standard,,,,,L_T1_GTR03_33000001/R_T1_GTR03_22110002,,,,11,52,55,544000000000545000000000151221000007215441000000212541400000512450000000,,00001519,,,,,,,,26,1,0,4,4,1519,,155422114415152514154442124242115412452112241152,BAACDDBBCCBABADABCBACCCDBDCDCDBBACBDCADBBDDCBBAD,ABACDDBBCCABABADBCABCCCDBDCDCDBBACBDACBDBDCDBBAD,,,3,1519,,,,,L_T1_GTR___standard,,,,,L_T1_GTR03_33000001,,,
30662,58,,,,,,,,,44,44,44,511444221000515211200000454214400007241124245500241552551150255124451500,,00000282,,,,,,,,31,7,0,4,4,282,,15542211441515251415444212424211541245211224115255451515514444,BAACDDBBCCBABADABCBACCCDBDCDCDBBACBDCADBBDDCBBADAACABABAABCCCC,ABACDDBBCCABABADBCABCCCDBDCDCDBBACBDACBDBDCDBBADAAACABABABCCCC,,,1,282,,,,,L_T1_GTR___standard,,,,,L_T1_GTR03_33000001/R_T1_GTR03_22110002,,,,52,55,45,544110000000545000000000151221000007215441000000212541400000512450000000,,00001528,,,,,,,,27,2,0,9,9,1528,,15542211441515251415444212424211541245211224115255,BAACDDBBCCBABADABCBACCCDBDCDCDBBACBDCADBBDDCBBADAA,ABACDDBBCCABABADBCABCCCDBDCDCDBBACBDACBDBDCDBBADAA,,,3,1528,,,,,L_T1_GTR___standard,,,,,L_T1_GTR03_33000001,,,
30678,59,,,,,,,,,44,44,41,511444221666515211244666454214466607241124245566241552551156255124451566,,00000288,,,,,,,,32,8,0,6,6,288,,1554221144151525141544421242421154124521122411525545151551444444,BAACDDBBCCBABADABCBACCCDBDCDCDBBACBDCADBBDDCBBADAACABABAABCCCCCC,ABACDDBBCCABABADBCABCCCDBDCDCDBBACBDACBDBDCDBBADAAACABABABCCCCCC,,,1,288,,,,,L_T1_GTR___standard,,,,,L_T1_GTR03_33000001/R_T1_GTR03_22110002,,,,52,55,45,544110000000545000000000151221000007215441000000212541400000512450000000,,00001528,,,,,,,,27,2,0,9,9,1528,,15542211441515251415444212424211541245211224115255,BAACDDBBCCBABADABCBACCCDBDCDCDBBACBDCADBBDDCBBADAA,ABACDDBBCCABABADBCABCCCDBDCDCDBBACBDACBDBDCDBBADAA,,,3,1528,,,,,L_T1_GTR___standard,,,,,L_T1_GTR03_33000001,,,
30696,61,,,,,,,,,,44,41,511444221666515211244666454214466644241124245566241552551156255124451566,,00000291,,,,,lose,,,33,8,0,3,3,291,,1554221144151525141544421242421154124521122411525545151551444444,BAACDDBBCCBABADABCBACCCDBDCDCDBBACBDCADBBDDCBBADAACABABAABCCCCCC,ABACDDBBCCABABADBCABCCCDBDCDCDBBACBDACBDBDCDBBADAAACABABABCCCCCC,,,1,291,,,,,L_T1_GTR___standard,,,,,L_T1_GTR03_33000001/R_T1_GTR03_22110002,,,,52,55,45,544110000000545000000000151221000007215441000000212541400000512450000000,,00001528,,,,,,,,27,2,0,9,9,1528,,15542211441515251415444212424211541245211224115255,BAACDDBBCCBABADABCBACCCDBDCDCDBBACBDCADBBDDCBBADAA,ABACDDBBCCABABADBCABCCCDBDCDCDBBACBDACBDBDCDBBADAA,,,3,1528,,,,,L_T1_GTR___standard,,,,,L_T1_GTR03_33000001,,,
30706,61,,,,,,,,,,44,41,511444221666515211244666454214466644241124245566241552551156255124451566,,00000291,,,,,lose,,,33,8,0,3,3,291,,1554221144151525141544421242421154124521122411525545151551444444,BAACDDBBCCBABADABCBACCCDBDCDCDBBACBDCADBBDDCBBADAACABABAABCCCCCC,ABACDDBBCCABABADBCABCCCDBDCDCDBBACBDACBDBDCDBBADAAACABABABCCCCCC,,,1,291,,,,,L_T1_GTR___standard,,,,,L_T1_GTR03_33000001/R_T1_GTR03_22110002,,,,,45,15,544110000000545250000000151221000007215441000000212541400000512450000000,,00001537,,,,,win,,,29,3,0,0,0,1537,,1554221144151525141544421242421154124521122411525545,BAACDDBBCCBABADABCBACCCDBDCDCDBBACBDCADBBDDCBBADAACA,ABACDDBBCCABABADBCABCCCDBDCDCDBBACBDACBDBDCDBBADAAAC,,,3,1537,,,,,L_T1_GTR___standard,,,,,L_T1_GTR03_33000001,,,
30707,60,,,,,,,,,,44,41,511444221666515211244666454214466644241124245566241552551156255124451566,,00000291,,,,,lose,,,33,8,0,3,3,291,,1554221144151525141544421242421154124521122411525545151551444444,BAACDDBBCCBABADABCBACCCDBDCDCDBBACBDCADBBDDCBBADAACABABAABCCCCCC,ABACDDBBCCABABADBCABCCCDBDCDCDBBACBDACBDBDCDBBADAAACABABABCCCCCC,,,1,291,,,,,L_T1_GTR___standard,,,,,L_T1_GTR03_33000001/R_T1_GTR03_22110002,,,,,45,15,544110000000545250000000151221000007215441000000212541400000512450000000,,00001537,,,,,win,,,29,3,0,0,0,1537,,1554221144151525141544421242421154124521122411525545,BAACDDBBCCBABADABCBACCCDBDCDCDBBACBDCADBBDDCBBADAACA,ABACDDBBCCABABADBCABCCCDBDCDCDBBACBDACBDBDCDBBADAAAC,,,3,1537,,,,,L_T1_GTR___standard,,,,,L_T1_GTR03_33000001,,,
