30929,0,,,,,,,,,,32,22,000000000000000000000000000000000007000000000000000000000000000000000000,000000,00000000,,,,,,,,0,0,0,0,0,0,,32,AB,AB,,,0,0,,,,,,,,,,,,,,,32,22,000000000000000000000000000000000007000000000000000000000000000000000000,000000,00000000,,,,,,,,0,0,0,0,0,0,,32,AB,AB,,,0,0,,,,,,,,,,,,,
31080,2,,,,,,,,,32,22,11,000000000000000000000000000000000007000000000000000000000000000000000000,,00000000,,,,,,,,1,1,0,0,0,0,,3222,BAAA,ABAA,,,0,0,,,,,,,,,,,,,,32,22,11,000000000000000000000000000000000007000000000000000000000000000000000000,,00000000,,,,,,,,1,1,0,0,0,0,,3222,BAAA,ABAA,,,0,0,,,,,,,,,,,,,
31129,4,,,,,,,,,22,11,15,000000000000000000000000320000000007000000000000000000000000000000000000,,00000013,,,,,,,,2,2,0,13,13,13,,322211,BAAACC,ABAACC,,,0,13,,,,,,,,,,,,,,22,11,15,000000000000000000000000320000000007000000000000000000000000000000000000,,00000013,,,,,,,,2,2,0,13,13,13,,322211,BAAACC,ABAACC,,,0,13,,,,,,,,,,,,,
31180,6,,,,,,,,,11,15,35,200000000000200000000000320000000007000000000000000000000000000000000000,,00000026,,,,,,,,3,3,0,13,13,26,,32221115,BAAACCCD,ABAACCCD,,,0,26,,,,,,,,,,,,,,11,15,35,200000000000200000000000320000000007000000000000000000000000000000000000,,00000026,,,,,,,,3,3,0,13,13,26,,32221115,BAAACCCD,ABAACCCD,,,0,26,,,,,,,,,,,,,
31232,8,,,,,,,,,15,35,32,210000000000210000000000320000000007000000000000000000000000000000000000,,00000038,,,,,,,,4,4,0,12,12,38,,3222111535,BAAACCCDBD,ABAACCCDBD,,,0,38,,,,,,,,,,,,,,15,35,32,210000000000210000000000320000000007000000000000000000000000000000000000,,00000038,,,,,,,,4,4,0,12,12,38,,3222111535,BAAACCCDBD,ABAACCCDBD,,,0,38,,,,,,,,,,,,,
31282,10,,,,,,,,,35,32,11,211500000000210000000000320000000007000000000000000000000000000000000000,,00000049,,,,,,,,5,5,0,11,11,49,,322211153532,BAAACCCDBDBA,ABAACCCDBDAB,,,0,49,,,,,,,,,,,,,,35,32,11,211500000000210000000000320000000007000000000000000000000000000000000000,,00000049,,,,,,,,5,5,0,11,11,49,,322211153532,BAAACCCDBDBA,ABAACCCDBDAB,,,0,49,,,,,,,,,,,,,
31326,11,,,,,,,,,35,32,11,211500000000210000000000320000000007000000000000000000000000000000000000,,00000049,,,,,,,,5,5,0,11,11,49,,322211153532,BAAACCCDBDBA,ABAACCCDBDAB,,,0,49,,,,,,,,,,,,,,32,11,31,211500000000210000000000323500000007000000000000000000000000000000000000,,00000060,,,,,,,,6,6,0,11,11,60,,32221115353211,BAAACCCDBDBACC,ABAACCCDBDABCC,,,0,60,,,,,,,,,,,,,
31332,12,,,,,,,,,32,11,31,211500000000210000000000320000000007530000000000000000000000000000000000,,00000061,,,,,,,,6,6,0,12,12,61,,32221115353211,BAAACCCDBDBACC,ABAACCCDBDABCC,,,0,61,,,,,,,,,,L_T1_GTR03_32100001,,,,32,11,31,211500000000210000000000323500000007000000000000000000000000000000000000,,00000060,,,,,,,,6,6,0,11,11,60,,32221115353211,BAAACCCDBDBACC,ABAACCCDBDABCC,,,0,60,,,,,,,,,,,,,
31379,14,,,,,,,,,11,31,31,211500000000212000000000323000000007530000000000000000000000000000000000,,00000072,,,,,,,,7,7,0,11,11,72,,3222111535321131,BAAACCCDBDBACCBC,ABAACCCDBDABCCBC,,,0,72,,,,,L_T1_GTR___standard,,,,,L_T1_GTR03_33000001/L_T1_GTR03_32100001,,,,11,31,31,211500000000210000000000323500000007230000000000000000000000000000000000,,00000072,,,,,,,,7,7,0,12,12,72,,3222111535321131,BAAACCCDBDBACCBC,ABAACCCDBDABCCBC,,,0,72,,,,,,,,,,L_T1_GTR03_32100001,,,
31432,16,,,,,,,,,31,31,25,211500000000212000000000323000000007530000000000100000000000100000000000,,00000085,,,,,,,,8,8,0,13,13,85,,322211153532113131,BAAACCCDBDBACCBCBC,ABAACCCDBDABCCBCBC,,,0,85,,,,,L_T1_GTR___standard,,,,,L_T1_GTR03_33000001/L_T1_GTR03_32100001,,,,31,31,25,211500000000210000000000323500000007230000000000100000000000100000000000,,00000085,,,,,,,,8,8,0,13,13,85,,322211153532113131,BAAACCCDBDBACCBCBC,ABAACCCDBDABCCBCBC,,,0,85,,,,,,,,,,L_T1_GTR03_32100001,,,
31484,18,,,,,,,,,31,25,23,211500000000212000000000323000000007530000000000130000000000110000000000,,00000097,,,,,,,,9,9,0,12,12,97,,32221115353211313125,BAAACCCDBDBACCBCBCAD,ABAACCCDBDABCCBCBCAD,,,0,97,,,,,L_T1_GTR___standard,,,,,L_T1_GTR03_33000001,,,,31,25,23,211500000000210000000000323500000007230000000000131000000000100000000000,,00000097,,,,,,,,9,9,0,12,12,97,,32221115353211313125,BAAACCCDBDBACCBCBCAD,ABAACCCDBDABCCBCBCAD,,,0,97,,,,,,,,,,,,,
31528,19,,,,,,,,,25,23,53,211513000000212000000000323000000007530000000000130000000000110000000000,,00000105,,,,,,,,10,10,0,8,8,105,,3222111535321131312523,BAAACCCDBDBACCBCBCADAB,ABAACCCDBDABCCBCBCADAB,,,0,105,,,,,L_T1_GTR___standard,,,,,L_T1_GTR03_33000001,,,,31,25,23,211500000000210000000000323500000007230000000000131000000000100000000000,,00000097,,,,,,,,9,9,0,12,12,97,,32221115353211313125,BAAACCCDBDBACCBCBCAD,ABAACCCDBDABCCBCBCAD,,,0,97,,,,,,,,,,,,,
31538,20,,,,,,,,,25,23,53,211513000000212000000000323000000007530000000000130000000000110000000000,,00000105,,,,,,,,10,10,0,8,8,105,,3222111535321131312523,BAAACCCDBDBACCBCBCADAB,ABAACCCDBDABCCBCBCADAB,,,0,105,,,,,L_T1_GTR___standard,,,,,L_T1_GTR03_33000001,,,,25,23,53,211500000000210000000000323500000007230000000000131000000000131000000000,,00000109,,,,,,,,10,10,0,12,12,109,,3222111535321131312523,BAAACCCDBDBACCBCBCADAB,ABAACCCDBDABCCBCBCADAB,,,0,109,,,,,,,,,,,,,
31574,21,,,,,,,,,23,53,53,211513000000212520000000323000000007530000000000130000000000110000000000,,00000114,,,,,,,,11,11,0,9,9,114,,322211153532113131252353,BAAACCCDBDBACCBCBCADABDB,ABAACCCDBDABCCBCBCADABBD,,,0,114,,,,,L_T1_GTR___standard,,,,,L_T1_GTR03_33000001,,,,25,23,53,211500000000210000000000323500000007230000000000131000000000131000000000,,00000109,,,,,,,,10,10,0,12,12,109,,3222111535321131312523,BAAACCCDBDBACCBCBCADAB,ABAACCCDBDABCCBCBCADAB,,,0,109,,,,,,,,,,,,,
31589,22,,,,,,,,,23,53,53,211513000000212520000000323000000007530000000000130000000000110000000000,,00000114,,,,,,,,11,11,0,9,9,114,,322211153532113131252353,BAAACCCDBDBACCBCBCADABDB,ABAACCCDBDABCCBCBCADABBD,,,0,114,,,,,L_T1_GTR___standard,,,,,L_T1_GTR03_33000001,,,,23,53,53,211500000000212500000000323500000007230000000000131000000000131000000000,,00000120,,,,,,,,11,11,0,11,11,120,,322211153532113131252353,BAAACCCDBDBACCBCBCADABDB,ABAACCCDBDABCCBCBCADABBD,,,0,120,,,,,L_T1_GTR___standard/L_T1_GTR___zabuton_,,,,,L_T1_GTR03_33000001,,,
31632,23,,,,,,,,,53,53,11,211513300000212522000000323000000007530000000000130000000000110000000000,,00000121,,,,,,,,12,12,0,7,7,121,,32221115353211313125235353,BAAACCCDBDBACCBCBCADABDBDB,ABAACCCDBDABCCBCBCADABBDBD,,,0,121,,,,,L_T1_GTR___standard,,,,,L_T1_GTR03_33000001,,,,23,53,53,211500000000212500000000323500000007230000000000131000000000131000000000,,00000120,,,,,,,,11,11,0,11,11,120,,322211153532113131252353,BAAACCCDBDBACCBCBCADABDB,ABAACCCDBDABCCBCBCADABBD,,,0,120,,,,,L_T1_GTR___standard/L_T1_GTR___zabuton_,,,,,L_T1_GTR03_33000001,,,
31654,24,,,,,,,,,53,53,11,211513300000212522000000323000000007530000000000130000000000110000000000,,00000121,,,,,,,,12,12,0,7,7,121,,32221115353211313125235353,BAAACCCDBDBACCBCBCADABDBDB,ABAACCCDBDABCCBCBCADABBDBD,,,0,121,,,,,L_T1_GTR___standard,,,,,L_T1_GTR03_33000001,,,,53,53,11,211500000000212500000000323530000007232000000000131000000000131000000000,,00000129,,,,,,,,12,12,0,9,9,129,,32221115353211313125235353,BAAACCCDBDBACCBCBCADABDBDB,ABAACCCDBDABCCBCBCADABBDBD,,,0,129,,,,,L_T1_GTR___standard/L_T1_GTR___zabuton_,,,,,L_T1_GTR03_33000001,,,
31682,25,,,,,,,,,53,11,22,211513300000212522000000323000000007535300000000130000000000110000000000,,00000132,,,,,,,,13,13,0,11,11,132,,3222111535321131312523535311,BAAACCCDBDBACCBCBCADABDBDBCC,ABAACCCDBDABCCBCBCADABBDBDCC,,,0,132,,,,,L_T1_GTR___standard,,,,,L_T1_GTR03_33000001,,,,53,53,11,211500000000212500000000323530000007232000000000131000000000131000000000,,00000129,,,,,,,,12,12,0,9,9,129,,32221115353211313125235353,BAAACCCDBDBACCBCBCADABDBDB,ABAACCCDBDABCCBCBCADABBDBD,,,0,129,,,,,L_T1_GTR___standard/L_T1_GTR___zabuton_,,,,,L_T1_GTR03_33000001,,,
31700,26,,,,,,,,,53,11,22,211513300000212522000000323000000007535300000000130000000000110000000000,,00000132,,,,,,,,13,13,0,11,11,132,,3222111535321131312523535311,BAAACCCDBDBACCBCBCADABDBDBCC,ABAACCCDBDABCCBCBCADABBDBDCC,,,0,132,,,,,L_T1_GTR___standard,,,,,L_T1_GTR03_33000001,,,,53,11,22,211533000000212500000000323530000007232000000000131000000000131000000000,,00000137,,,,,,,,13,13,0,8,8,137,,3222111535321131312523535311,BAAACCCDBDBACCBCBCADABDBDBCC,ABAACCCDBDABCCBCBCADABBDBDCC,,,0,137,,,,,L_T1_GTR___standard/L_T1_GTR___zabuton_,,,,,L_T1_GTR03_33000001,,,
31732,27,,,,,,,,,11,22,33,211513300000212522000000323000000007535300000000130000000000115300000000,,00000143,,,,,,,,14,14,0,11,11,143,,322211153532113131252353531122,BAAACCCDBDBACCBCBCADABDBDBCCAA,ABAACCCDBDABCCBCBCADABBDBDCCAA,,,0,143,,,,,L_T1_GTR___standard,,,,,L_T1_GTR03_33000001,,,,53,11,22,211533000000212500000000323530000007232000000000131000000000131000000000,,00000137,,,,,,,,13,13,0,8,8,137,,3222111535321131312523535311,BAAACCCDBDBACCBCBCADABDBDBCC,ABAACCCDBDABCCBCBCADABBDBDCC,,,0,137,,,,,L_T1_GTR___standard/L_T1_GTR___zabuton_,,,,,L_T1_GTR03_33000001,,,
31764,28,,,,,,,,,11,22,33,211513300000212522000000323000000007535300000000130000000000115300000000,,00000143,,,,,,,,14,14,0,11,11,143,,322211153532113131252353531122,BAAACCCDBDBACCBCBCADABDBDBCCAA,ABAACCCDBDABCCBCBCADABBDBDCCAA,,,0,143,,,,,L_T1_GTR___standard,,,,,L_T1_GTR03_33000001,,,,11,22,33,211535500000212530000000323530000007232000000000131000000000131000000000,,00000144,,,,,,,,14,14,0,7,7,144,,322211153532113131252353531122,BAAACCCDBDBACCBCBCADABDBDBCCAA,ABAACCCDBDABCCBCBCADABBDBDCCAA,,,0,144,,,,,L_T1_GTR___standard/L_T1_GTR___zabuton_,,,,,L_T1_GTR03_33000001,,,
31803,30,,,,,,,,,22,33,25,211513300000212522000000323000000007535310000000131000000000115300000000,,00000152,,,,,,,,15,15,0,9,9,152,,32221115353211313125235353112233,BAAACCCDBDBACCBCBCADABDBDBCCAABB,ABAACCCDBDABCCBCBCADABBDBDCCAABB,,,0,152,,,,,L_T1_GTR___standard,,,,,L_T1_GTR03_33000001,,,,22,33,25,211535500000212531100000323530000007232000000000131000000000131000000000,,00000151,,,,,,,,15,15,0,7,7,151,,32221115353211313125235353112233,BAAACCCDBDBACCBCBCADABDBDBCCAABB,ABAACCCDBDABCCBCBCADABBDBDCCAABB,,,0,151,,,,,L_T1_GTR___standard/L_T1_GTR___zabuton_,,,,,L_T1_GTR03_33000001,,,
31839,31,,,,,,,,,33,25,51,211513322000212522000000323000000007535310000000131000000000115300000000,,00000157,,,,,,,,16,16,0,5,5,157,,3222111535321131312523535311223325,BAAACCCDBDBACCBCBCADABDBDBCCAABBAD,ABAACCCDBDABCCBCBCADABBDBDCCAABBAD,,,0,157,,,,,L_T1_GTR___standard,,,,,L_T1_GTR03_33000001,,,,22,33,25,211535500000212531100000323530000007232000000000131000000000131000000000,,00000151,,,,,,,,15,15,0,7,7,151,,32221115353211313125235353112233,BAAACCCDBDBACCBCBCADABDBDBCCAABB,ABAACCCDBDABCCBCBCADABBDBDCCAABB,,,0,151,,,,,L_T1_GTR___standard/L_T1_GTR___zabuton_,,,,,L_T1_GTR03_33000001,,,
31855,32,,,,,,,,,33,25,51,211513322000212522000000323000000007535310000000131000000000115300000000,,00000157,,,,,,,,16,16,0,5,5,157,,3222111535321131312523535311223325,BAAACCCDBDBACCBCBCADABDBDBCCAABBAD,ABAACCCDBDABCCBCBCADABBDBDCCAABBAD,,,0,157,,,,,L_T1_GTR___standard,,,,,L_T1_GTR03_33000001,,,,33,25,51,211535500000212531100000323530000007232000000000131200000000131200000000,,00000161,,,,,,,,16,16,0,10,10,161,,3222111535321131312523535311223325,BAAACCCDBDBACCBCBCADABDBDBCCAABBAD,ABAACCCDBDABCCBCBCADABBDBDCCAABBAD,,,0,161,,,,,L_T1_GTR___standard/L_T1_GTR___zabuton_,,,,,L_T1_GTR03_33000001,,,
31900,33,,,,,,,,,33,25,51,211513322000212522000000323000000007535310000000131000000000115300000000,,00000157,,,,,,,,16,16,0,5,5,157,,3222111535321131312523535311223325,BAAACCCDBDBACCBCBCADABDBDBCCAABBAD,ABAACCCDBDABCCBCBCADABBDBDCCAABBAD,,,0,157,,,,,L_T1_GTR___standard,,,,,L_T1_GTR03_33000001,,,,25,51,53,211535500000212531100000323530000007232000000000131230000000131230000000,,00000170,,,,,,,,17,17,0,9,9,170,,322211153532113131252353531122332551,BAAACCCDBDBACCBCBCADABDBDBCCAABBADDC,ABAACCCDBDABCCBCBCADABBDBDCCAABBADCD,,,0,170,,,,,L_T1_GTR___standard/L_T1_GTR___zabuton_,,,,,L_T1_GTR03_33000001,,,
31902,34,,,,,,,,,25,51,53,211513322300212522300000323000000007535310000000131000000000115300000000,,00000161,,,,,,,,17,17,0,4,4,161,,322211153532113131252353531122332551,BAAACCCDBDBACCBCBCADABDBDBCCAABBADDC,ABAACCCDBDABCCBCBCADABBDBDCCAABBADCD,,,0,161,,,,,L_T1_GTR___standard,,,,,L_T1_GTR03_33000001,,,,25,51,53,211535500000212531100000323530000007232000000000131230000000131230000000,,00000170,,,,,,,,17,17,0,9,9,170,,322211153532113131252353531122332551,BAAACCCDBDBACCBCBCADABDBDBCCAABBADDC,ABAACCCDBDABCCBCBCADABBDBDCCAABBADCD,,,0,170,,,,,L_T1_GTR___standard/L_T1_GTR___zabuton_,,,,,L_T1_GTR03_33000001,,,
31936,35,,,,,,,,,25,51,53,211513322300212522300000323000000007535310000000131000000000115300000000,,00000161,,,,,,,,17,17,0,4,4,161,,322211153532113131252353531122332551,BAAACCCDBDBACCBCBCADABDBDBCCAABBADDC,ABAACCCDBDABCCBCBCADABBDBDCCAABBADCD,,,0,161,,,,,L_T1_GTR___standard,,,,,L_T1_GTR03_33000001,,,,51,53,13,211535550000212531120000323530000007232000000000131230000000131230000000,,00000176,,,,,,,,18,18,0,6,6,176,,32221115353211313125235353112233255153,BAAACCCDBDBACCBCBCADABDBDBCCAABBADDCDB,ABAACCCDBDABCCBCBCADABBDBDCCAABBADCDBD,,,0,176,,,,,L_T1_GTR___standard/L_T1_GTR___zabuton_,,,,,L_T1_GTR03_33000001,,,
31944,36,,,,,,,,,51,53,13,211513322300212522300000323520000007535310000000131000000000115300000000,,00000170,,,,,,,,18,18,0,9,9,170,,32221115353211313125235353112233255153,BAAACCCDBDBACCBCBCADABDBDBCCAABBADDCDB,ABAACCCDBDABCCBCBCADABBDBDCCAABBADCDBD,,,0,170,,,,,L_T1_GTR___standard/L_T1_GTR___zabuton_,,,,,L_T1_GTR03_33000001,,,,51,53,13,211535550000212531120000323530000007232000000000131230000000131230000000,,00000176,,,,,,,,18,18,0,6,6,176,,32221115353211313125235353112233255153,BAAACCCDBDBACCBCBCADABDBDBCCAABBADDCDB,ABAACCCDBDABCCBCBCADABBDBDCCAABBADCDBD,,,0,176,,,,,L_T1_GTR___standard/L_T1_GTR___zabuton_,,,,,L_T1_GTR03_33000001,,,
31974,37,,,,,,,,,51,53,13,211513322300212522300000323520000007535310000000131000000000115300000000,,00000170,,,,,,,,18,18,0,9,9,170,,32221115353211313125235353112233255153,BAAACCCDBDBACCBCBCADABDBDBCCAABBADDCDB,ABAACCCDBDABCCBCBCADABBDBDCCAABBADCDBD,,,0,170,,,,,L_T1_GTR___standard/L_T1_GTR___zabuton_,,,,,L_T1_GTR03_33000001,,,,53,13,23,211535551000212531125000323530000007232000000000131230000000131230000000,,00000181,,,,,,,,19,19,0,5,5,181,,3222111535321131312523535311223325515313,BAAACCCDBDBACCBCBCADABDBDBCCAABBADDCDBCB,ABAACCCDBDABCCBCBCADABBDBDCCAABBADCDBDBC,,,0,181,,,,,L_T1_GTR___standard/L_T1_GTR___zabuton_,,,,,L_T1_GTR03_33000001,,,
32018,38,,,,,,,,,51,53,13,211513322300212522300000323520000007535310000000131000000000115300000000,,00000170,,,,,,,,18,18,0,9,9,170,,32221115353211313125235353112233255153,BAAACCCDBDBACCBCBCADABDBDBCCAABBADDCDB,ABAACCCDBDABCCBCBCADABBDBDCCAABBADCDBD,,,0,170,,,,,L_T1_GTR___standard/L_T1_GTR___zabuton_,,,,,L_T1_GTR03_33000001,,,,13,23,23,211535551000212531125000323530000007232350000000131230000000131230000000,,00000190,,,,,,,,20,20,0,9,9,190,,322211153532113131252353531122332551531323,BAAACCCDBDBACCBCBCADABDBDBCCAABBADDCDBCBAB,ABAACCCDBDABCCBCBCADABBDBDCCAABBADCDBDBCAB,,,0,190,,,,,L_T1_GTR___standard/L_T1_GTR___zabuton_,,,,,L_T1_GTR03_33000001,,,
32020,39,,,,,,,,,53,13,23,211513322300212522300000323520000007535310000000131500000000115310000000,,00000178,,,,,,,,19,19,0,8,8,178,,3222111535321131312523535311223325515313,BAAACCCDBDBACCBCBCADABDBDBCCAABBADDCDBCB,ABAACCCDBDABCCBCBCADABBDBDCCAABBADCDBDBC,,,0,178,,,,,L_T1_GTR___standard/L_T1_GTR___zabuton_,,,,,L_T1_GTR03_33000001,,,,13,23,23,211535551000212531125000323530000007232350000000131230000000131230000000,,00000190,,,,,,,,20,20,0,9,9,190,,322211153532113131252353531122332551531323,BAAACCCDBDBACCBCBCADABDBDBCCAABBADDCDBCBAB,ABAACCCDBDABCCBCBCADABBDBDCCAABBADCDBDBCAB,,,0,190,,,,,L_T1_GTR___standard/L_T1_GTR___zabuton_,,,,,L_T1_GTR03_33000001,,,
32054,40,,,,,,,,,53,13,23,211513322300212522300000323520000007535310000000131500000000115310000000,,00000178,,,,,,,,19,19,0,8,8,178,,3222111535321131312523535311223325515313,BAAACCCDBDBACCBCBCADABDBDBCCAABBADDCDBCB,ABAACCCDBDABCCBCBCADABBDBDCCAABBADCDBDBC,,,0,178,,,,,L_T1_GTR___standard/L_T1_GTR___zabuton_,,,,,L_T1_GTR03_33000001,,,,23,23,23,211535551130212531125000323530000007232350000000131230000000131230000000,,00000194,,,,,,,,21,21,0,4,4,194,,32221115353211313125235353112233255153132323,BAAACCCDBDBACCBCBCADABDBDBCCAABBADDCDBCBABAB,ABAACCCDBDABCCBCBCADABBDBDCCAABBADCDBDBCABAB,,,0,194,,,,,L_T1_GTR___standard/L_T1_GTR___zabuton_,,,,,L_T1_GTR03_33000001,,,
32081,41,,,,,,,,,13,23,23,211513322300212522300000323520000007535315000000131530000000115310000000,,00000186,,,,,,,,20,20,0,8,8,186,,322211153532113131252353531122332551531323,BAAACCCDBDBACCBCBCADABDBDBCCAABBADDCDBCBAB,ABAACCCDBDABCCBCBCADABBDBDCCAABBADCDBDBCAB,,,0,186,,,,,L_T1_GTR___standard/L_T1_GTR___zabuton_,,,,,L_T1_GTR03_33000001,,,,23,23,23,211535551130212531125000323530000007232350000000131230000000131230000000,,00000194,,,,,,,,21,21,0,4,4,194,,32221115353211313125235353112233255153132323,BAAACCCDBDBACCBCBCADABDBDBCCAABBADDCDBCBABAB,ABAACCCDBDABCCBCBCADABBDBDCCAABBADCDBDBCABAB,,,0,194,,,,,L_T1_GTR___standard/L_T1_GTR___zabuton_,,,,,L_T1_GTR03_33000001,,,
32094,42,,,,,,,,,13,23,23,211513322300212522300000323520000007535315000000131530000000115310000000,,00000186,,,,,,,,20,20,0,8,8,186,,322211153532113131252353531122332551531323,BAAACCCDBDBACCBCBCADABDBDBCCAABBADDCDBCBAB,ABAACCCDBDABCCBCBCADABBDBDCCAABBADCDBDBCAB,,,0,186,,,,,L_T1_GTR___standard/L_T1_GTR___zabuton_,,,,,L_T1_GTR03_33000001,,,,23,23,21,211535551130212531125000323532000007232353000000131230000000131230000000,,00000202,,,,,,,,22,22,0,8,8,202,,3222111535321131312523535311223325515313232323,BAAACCCDBDBACCBCBCADABDBDBCCAABBADDCDBCBABABAB,ABAACCCDBDABCCBCBCADABBDBDCCAABBADCDBDBCABABAB,,,0,202,,,,,L_T1_GTR___standard/L_T1_GTR___zabuton_,,,,,L_T1_GTR03_33000001,,,
32128,43,,,,,,,,,23,23,23,211513322300212522300000323520000007535315000000131530000000115311300000,,00000194,,,,,,,,21,21,0,8,8,194,,32221115353211313125235353112233255153132323,BAAACCCDBDBACCBCBCADABDBDBCCAABBADDCDBCBABAB,ABAACCCDBDABCCBCBCADABBDBDCCAABBADCDBDBCABAB,,,0,194,,,,,L_T1_GTR___standard/L_T1_GTR___zabuton_,,,,,L_T1_GTR03_33000001,,,,23,23,21,211535551130212531125000323532000007232353000000131230000000131230000000,,00000202,,,,,,,,22,22,0,8,8,202,,3222111535321131312523535311223325515313232323,BAAACCCDBDBACCBCBCADABDBDBCCAABBADDCDBCBABABAB,ABAACCCDBDABCCBCBCADABBDBDCCAABBADCDBDBCABABAB,,,0,202,,,,,L_T1_GTR___standard/L_T1_GTR___zabuton_,,,,,L_T1_GTR03_33000001,,,
32130,44,,,,,,,,,23,23,23,211513322300212522300000323520000007535315000000131530000000115311300000,,00000194,,,,,,,,21,21,0,8,8,194,,32221115353211313125235353112233255153132323,BAAACCCDBDBACCBCBCADABDBDBCCAABBADDCDBCBABAB,ABAACCCDBDABCCBCBCADABBDBDCCAABBADCDBDBCABAB,,,0,194,,,,,L_T1_GTR___standard/L_T1_GTR___zabuton_,,,,,L_T1_GTR03_33000001,,,,23,21,25,211535551130212531125000323532200007232353300000131230000000131230000000,,00000209,,,,,,,,23,23,0,7,7,209,,322211153532113131252353531122332551531323232321,BAAACCCDBDBACCBCBCADABDBDBCCAABBADDCDBCBABABABAC,ABAACCCDBDABCCBCBCADABBDBDCCAABBADCDBDBCABABABAC,,,0,209,,,,,L_T1_GTR___standard/L_T1_GTR___zabuton_,,,,,L_T1_GTR03_33000001,,,
32164,46,,,,,,,,,23,23,21,211513322323212522300000323520000007535315000000131530000000115311300000,,00000197,,,,,,,,22,22,0,3,3,197,,3222111535321131312523535311223325515313232323,BAAACCCDBDBACCBCBCADABDBDBCCAABBADDCDBCBABABAB,ABAACCCDBDABCCBCBCADABBDBDCCAABBADCDBDBCABABAB,,,0,197,,,,,L_T1_GTR___standard/L_T1_GTR___zabuton_,,,,,L_T1_GTR03_33000001,,,,21,25,31,211535551130212531125000323532232007232353300000131230000000131230000000,,00000214,,,,,,,,24,24,0,5,5,214,,32221115353211313125235353112233255153132323232125,BAAACCCDBDBACCBCBCADABDBDBCCAABBADDCDBCBABABABACAD,ABAACCCDBDABCCBCBCADABBDBDCCAABBADCDBDBCABABABACAD,,,0,214,,,,,L_T1_GTR___standard/L_T1_GTR___zabuton_,,,,,L_T1_GTR03_33000001,,,
32204,47,,,,,,,,,23,21,25,211513322323212522323000323520000007535315000000131530000000115311300000,,00000203,,,,,,,,23,23,0,6,6,203,,322211153532113131252353531122332551531323232321,BAAACCCDBDBACCBCBCADABDBDBCCAABBADDCDBCBABABABAC,ABAACCCDBDABCCBCBCADABBDBDCCAABBADCDBDBCABABABAC,,,0,203,,,,,L_T1_GTR___standard/L_T1_GTR___zabuton_,,,,,L_T1_GTR03_33000001,,,,21,25,31,211535551130212531125000323532232007232353300000131230000000131230000000,,00000214,,,,,,,,24,24,0,5,5,214,,32221115353211313125235353112233255153132323232125,BAAACCCDBDBACCBCBCADABDBDBCCAABBADDCDBCBABABABACAD,ABAACCCDBDABCCBCBCADABBDBDCCAABBADCDBDBCABABABACAD,,,0,214,,,,,L_T1_GTR___standard/L_T1_GTR___zabuton_,,,,,L_T1_GTR03_33000001,,,
32206,48,,,,,,,,,23,21,25,211513322323212522323000323520000007535315000000131530000000115311300000,,00000203,,,,,,,,23,23,0,6,6,203,,322211153532113131252353531122332551531323232321,BAAACCCDBDBACCBCBCADABDBDBCCAABBADDCDBCBABABABAC,ABAACCCDBDABCCBCBCADABBDBDCCAABBADCDBDBCABABABAC,,,0,203,,,,,L_T1_GTR___standard/L_T1_GTR___zabuton_,,,,,L_T1_GTR03_33000001,,,,25,31,32,211535551131212531125000323532232007232353300000131230000000131230000000,,00000215,,,,,,,,25,25,0,1,1,215,,3222111535321131312523535311223325515313232323212531,BAAACCCDBDBACCBCBCADABDBDBCCAABBADDCDBCBABABABACADBC,ABAACCCDBDABCCBCBCADABBDBDCCAABBADCDBDBCABABABACADBC,,,0,215,,,,,L_T1_GTR___standard/L_T1_GTR___zabuton_,,,,,L_T1_GTR03_33000001,,,
32238,49,,,,,,,,,21,25,31,211513322323212522323320323520000007535315000000131530000000115311300000,,00000206,,,,,,,,24,24,0,3,3,206,,32221115353211313125235353112233255153132323232125,BAAACCCDBDBACCBCBCADABDBDBCCAABBADDCDBCBABABABACAD,ABAACCCDBDABCCBCBCADABBDBDCCAABBADCDBDBCABABABACAD,,,0,206,,,,,L_T1_GTR___standard/L_T1_GTR___zabuton_,,,,,L_T1_GTR03_33000001,,,,25,31,32,211535551131212531125000323532232007232353300000131230000000131230000000,,00000215,,,,,,,,25,25,0,1,1,215,,3222111535321131312523535311223325515313232323212531,BAAACCCDBDBACCBCBCADABDBDBCCAABBADDCDBCBABABABACADBC,ABAACCCDBDABCCBCBCADABBDBDCCAABBADCDBDBCABABABACADBC,,,0,215,,,,,L_T1_GTR___standard/L_T1_GTR___zabuton_,,,,,L_T1_GTR03_33000001,,,
32289,50,,,,,,,,,25,31,32,211513322323212522323320323520000007535315000000131530000000115311300000,,00000207,,,,,,,,25,25,0,1,1,207,,3222111535321131312523535311223325515313232323212531,BAAACCCDBDBACCBCBCADABDBDBCCAABBADDCDBCBABABABACADBC,ABAACCCDBDABCCBCBCADABBDBDCCAABBADCDBDBCABABABACADBC,,,0,207,,,,,L_T1_GTR___standard/L_T1_GTR___zabuton_,,,,,L_T1_GTR03_33000001,,,,25,31,32,211535551131212531125000323532232007232353300000131230000000131230000000,,00000215,,,,,,,,25,25,0,1,1,215,,3222111535321131312523535311223325515313232323212531,BAAACCCDBDBACCBCBCADABDBDBCCAABBADDCDBCBABABABACADBC,ABAACCCDBDABCCBCBCADABBDBDCCAABBADCDBDBCABABABACADBC,,,0,215,,,,,L_T1_GTR___standard/L_T1_GTR___zabuton_,,,,,L_T1_GTR03_33000001,,,
32292,51,,,,,,,,,25,31,32,211513322323212522323320323520000007535315000000131530000000115311300000,,00000207,,,,,,,,25,25,0,1,1,207,,3222111535321131312523535311223325515313232323212531,BAAACCCDBDBACCBCBCADABDBDBCCAABBADDCDBCBABABABACADBC,ABAACCCDBDABCCBCBCADABBDBDCCAABBADCDBDBCABABABACADBC,,,0,207,,,,,L_T1_GTR___standard/L_T1_GTR___zabuton_,,,,,L_T1_GTR03_33000001,,,,31,32,15,211535551131212531125000323532232007232353300000131235200000131230000000,,00000221,,,,,,,,26,26,0,6,6,221,,322211153532113131252353531122332551531323232321253132,BAAACCCDBDBACCBCBCADABDBDBCCAABBADDCDBCBABABABACADBCBA,ABAACCCDBDABCCBCBCADABBDBDCCAABBADCDBDBCABABABACADBCAB,,,0,221,,,,,L_T1_GTR___standard/L_T1_GTR___zabuton_,,,,,L_T1_GTR03_33000001,,,
32327,52,,,,,,,,,31,32,15,211513322323212522323320323525200007535315000000131530000000115311300000,,00000214,,,,,,,,26,26,0,7,7,214,,322211153532113131252353531122332551531323232321253132,BAAACCCDBDBACCBCBCADABDBDBCCAABBADDCDBCBABABABACADBCBA,ABAACCCDBDABCCBCBCADABBDBDCCAABBADCDBDBCABABABACADBCAB,,,0,214,,,,,L_T1_GTR___standard/L_T1_GTR___zabuton_,,,,,L_T1_GTR03_33000001,,,,31,32,15,211535551131212531125000323532232007232353300000131235200000131230000000,,00000221,,,,,,,,26,26,0,6,6,221,,322211153532113131252353531122332551531323232321253132,BAAACCCDBDBACCBCBCADABDBDBCCAABBADDCDBCBABABABACADBCBA,ABAACCCDBDABCCBCBCADABBDBDCCAABBADCDBDBCABABABACADBCAB,,,0,221,,,,,L_T1_GTR___standard/L_T1_GTR___zabuton_,,,,,L_T1_GTR03_33000001,,,
32356,53,,,,,,,,,31,32,15,211513322323212522323320323525200007535315000000131530000000115311300000,,00000214,,,,,,,,26,26,0,7,7,214,,322211153532113131252353531122332551531323232321253132,BAAACCCDBDBACCBCBCADABDBDBCCAABBADDCDBCBABABABACADBCBA,ABAACCCDBDABCCBCBCADABBDBDCCAABBADCDBDBCABABABACADBCAB,,,0,214,,,,,L_T1_GTR___standard/L_T1_GTR___zabuton_,,,,,L_T1_GTR03_33000001,,,,32,15,25,211535551131212531125000323532232007232353300000131235210000131233000000,,00000227,,,,,,,,27,27,0,6,6,227,,32221115353211313125235353112233255153132323232125313215,BAAACCCDBDBACCBCBCADABDBDBCCAABBADDCDBCBABABABACADBCBACD,ABAACCCDBDABCCBCBCADABBDBDCCAABBADCDBDBCABABABACADBCABCD,,,0,227,,,,,L_T1_GTR___standard/L_T1_GTR___zabuton_,,,,,L_T1_GTR03_33000001,,,
32369,54,,,,,,,,,32,15,25,211513322323212522323320323525200007535315000000131531300000115311300000,,00000221,,,,,,,,27,27,0,7,7,221,,32221115353211313125235353112233255153132323232125313215,BAAACCCDBDBACCBCBCADABDBDBCCAABBADDCDBCBABABABACADBCBACD,ABAACCCDBDABCCBCBCADABBDBDCCAABBADCDBDBCABABABACADBCABCD,,,0,221,,,,,L_T1_GTR___standard/L_T1_GTR___zabuton_,,,,,L_T1_GTR03_33000001,,,,32,15,25,211535551131212531125000323532232007232353300000131235210000131233000000,,00000227,,,,,,,,27,27,0,6,6,227,,32221115353211313125235353112233255153132323232125313215,BAAACCCDBDBACCBCBCADABDBDBCCAABBADDCDBCBABABABACADBCBACD,ABAACCCDBDABCCBCBCADABBDBDCCAABBADCDBDBCABABABACADBCABCD,,,0,227,,,,,L_T1_GTR___standard/L_T1_GTR___zabuton_,,,,,L_T1_GTR03_33000001,,,
32396,55,,,,,,,,,32,15,25,211513322323212522323320323525200007535315000000131531300000115311300000,,00000221,,,,,,,,27,27,0,7,7,221,,32221115353211313125235353112233255153132323232125313215,BAAACCCDBDBACCBCBCADABDBDBCCAABBADDCDBCBABABABACADBCBACD,ABAACCCDBDABCCBCBCADABBDBDCCAABBADCDBDBCABABABACADBCABCD,,,0,221,,,,,L_T1_GTR___standard/L_T1_GTR___zabuton_,,,,,L_T1_GTR03_33000001,,,,15,25,23,211535551131212531125000323532232007232353323000131235210000131233000000,,00000232,,,,,,,,28,28,0,5,5,232,,3222111535321131312523535311223325515313232323212531321525,BAAACCCDBDBACCBCBCADABDBDBCCAABBADDCDBCBABABABACADBCBACDAD,ABAACCCDBDABCCBCBCADABBDBDCCAABBADCDBDBCABABABACADBCABCDAD,,,0,232,,,,,L_T1_GTR___standard/L_T1_GTR___zabuton_,,,,,L_T1_GTR03_33000001,,,
32405,56,,,,,,,,,15,25,23,211513322323212522323320323525232007535315000000131531300000115311300000,,00000227,,,,,,,,28,28,0,6,6,227,,3222111535321131312523535311223325515313232323212531321525,BAAACCCDBDBACCBCBCADABDBDBCCAABBADDCDBCBABABABACADBCBACDAD,ABAACCCDBDABCCBCBCADABBDBDCCAABBADCDBDBCABABABACADBCABCDAD,,,0,227,,,,,L_T1_GTR___standard/L_T1_GTR___zabuton_,,,,,L_T1_GTR03_33000001,,,,15,25,23,211535551131212531125000323532232007232353323000131235210000131233000000,,00000232,,,,,,,,28,28,0,5,5,232,,3222111535321131312523535311223325515313232323212531321525,BAAACCCDBDBACCBCBCADABDBDBCCAABBADDCDBCBABABABACADBCBACDAD,ABAACCCDBDABCCBCBCADABBDBDCCAABBADCDBDBCABABABACADBCABCDAD,,,0,232,,,,,L_T1_GTR___standard/L_T1_GTR___zabuton_,,,,,L_T1_GTR03_33000001,,,
32443,57,,,,,,,,,25,23,13,211513322323212522323320323525232007535315510000131531300000115311300000,,00000233,,,,,,,,29,29,0,6,6,233,,322211153532113131252353531122332551531323232321253132152523,BAAACCCDBDBACCBCBCADABDBDBCCAABBADDCDBCBABABABACADBCBACDADAB,ABAACCCDBDABCCBCBCADABBDBDCCAABBADCDBDBCABABABACADBCABCDADAB,,,0,233,,,,,L_T1_GTR___standard/L_T1_GTR___zabuton_,,,,,L_T1_GTR03_33000001,,,,15,25,23,211535551131212531125000323532232007232353323000131235210000131233000000,,00000232,,,,,,,,28,28,0,5,5,232,,3222111535321131312523535311223325515313232323212531321525,BAAACCCDBDBACCBCBCADABDBDBCCAABBADDCDBCBABABABACADBCBACDAD,ABAACCCDBDABCCBCBCADABBDBDCCAABBADCDBDBCABABABACADBCABCDAD,,,0,232,,,,,L_T1_GTR___standard/L_T1_GTR___zabuton_,,,,,L_T1_GTR03_33000001,,,
32498,58,,,,,,,,,23,13,52,211513322323212522323320323525232007535315512000131531350000115311300000,,00000238,,,,,,,,30,30,0,5,5,238,,32221115353211313125235353112233255153132323232125313215252313,BAAACCCDBDBACCBCBCADABDBDBCCAABBADDCDBCBABABABACADBCBACDADABCB,ABAACCCDBDABCCBCBCADABBDBDCCAABBADCDBDBCABABABACADBCABCDADABBC,,,0,238,,,,,L_T1_GTR___standard/L_T1_GTR___zabuton_,,,,,L_T1_GTR03_33000001,,,,15,25,23,211535551131212531125000323532232007232353323000131235210000131233000000,,00000232,,,,,,,,28,28,0,5,5,232,,3222111535321131312523535311223325515313232323212531321525,BAAACCCDBDBACCBCBCADABDBDBCCAABBADDCDBCBABABABACADBCBACDAD,ABAACCCDBDABCCBCBCADABBDBDCCAABBADCDBDBCABABABACADBCABCDAD,,,0,232,,,,,L_T1_GTR___standard/L_T1_GTR___zabuton_,,,,,L_T1_GTR03_33000001,,,
32501,59,,,,,,,,,23,13,52,211513322323212522323320323525232007535315512000131531350000115311300000,,00000238,,,,,,,,30,30,0,5,5,238,,32221115353211313125235353112233255153132323232125313215252313,BAAACCCDBDBACCBCBCADABDBDBCCAABBADDCDBCBABABABACADBCBACDADABCB,ABAACCCDBDABCCBCBCADABBDBDCCAABBADCDBDBCABABABACADBCABCDADABBC,,,0,238,,,,,L_T1_GTR___standard/L_T1_GTR___zabuton_,,,,,L_T1_GTR03_33000001,,,,25,23,13,211535551131212531125000323532232007232353323000131235211000131233500000,,00000236,,,,,,,,29,29,0,4,4,236,,322211153532113131252353531122332551531323232321253132152523,BAAACCCDBDBACCBCBCADABDBDBCCAABBADDCDBCBABABABACADBCBACDADAB,ABAACCCDBDABCCBCBCADABBDBDCCAABBADCDBDBCABABABACADBCABCDADAB,,,0,236,,,,,L_T1_GTR___standard/L_T1_GTR___zabuton_,,,,,L_T1_GTR03_33000001,,,
32530,60,,,,,,,,,13,52,15,211513322323212522323320323525232237535315512000131531350000115311300000,,00000242,,,,,,,,31,31,0,4,4,242,,3222111535321131312523535311223325515313232323212531321525231352,BAAACCCDBDBACCBCBCADABDBDBCCAABBADDCDBCBABABABACADBCBACDADABCBDA,ABAACCCDBDABCCBCBCADABBDBDCCAABBADCDBDBCABABABACADBCABCDADABBCAD,,,0,242,,,,,L_T1_GTR___standard/L_T1_GTR___zabuton_,,,,,L_T1_GTR03_33000001,,,,25,23,13,211535551131212531125000323532232007232353323000131235211000131233500000,,00000236,,,,,,,,29,29,0,4,4,236,,322211153532113131252353531122332551531323232321253132152523,BAAACCCDBDBACCBCBCADABDBDBCCAABBADDCDBCBABABABACADBCBACDADAB,ABAACCCDBDABCCBCBCADABBDBDCCAABBADCDBDBCABABABACADBCABCDADAB,,,0,236,,,,,L_T1_GTR___standard/L_T1_GTR___zabuton_,,,,,L_T1_GTR03_33000001,,,
32559,61,,,,,,,,,13,52,15,211513322323212522323320323525232237535315512000131531350000115311300000,,00000242,,,,,,,,31,31,0,4,4,242,,3222111535321131312523535311223325515313232323212531321525231352,BAAACCCDBDBACCBCBCADABDBDBCCAABBADDCDBCBABABABACADBCBACDADABCBDA,ABAACCCDBDABCCBCBCADABBDBDCCAABBADCDBDBCABABABACADBCABCDADABBCAD,,,0,242,,,,,L_T1_GTR___standard/L_T1_GTR___zabuton_,,,,,L_T1_GTR03_33000001,,,,23,13,52,211535551131212531125000323532232007232353323000131235211200131233550000,,00000240,,,,,,,,30,30,0,4,4,240,,32221115353211313125235353112233255153132323232125313215252313,BAAACCCDBDBACCBCBCADABDBDBCCAABBADDCDBCBABABABACADBCBACDADABCB,ABAACCCDBDABCCBCBCADABBDBDCCAABBADCDBDBCABABABACADBCABCDADABBC,,,0,240,,,,,L_T1_GTR___standard/L_T1_GTR___zabuton_,,,,,L_T1_GTR03_33000001,,,
32568,62,,,,,,,,,52,15,12,211513322323212522323320323525232237535315512000131531351300115311300000,,00000247,,,,,,,,32,32,0,5,5,247,,322211153532113131252353531122332551531323232321253132152523135215,BAAACCCDBDBACCBCBCADABDBDBCCAABBADDCDBCBABABABACADBCBACDADABCBDACD,ABAACCCDBDABCCBCBCADABBDBDCCAABBADCDBDBCABABABACADBCABCDADABBCADCD,,,0,247,,,,,L_T1_GTR___standard/L_T1_GTR___zabuton_,,,,,L_T1_GTR03_33000001,,,,23,13,52,211535551131212531125000323532232007232353323000131235211200131233550000,,00000240,,,,,,,,30,30,0,4,4,240,,32221115353211313125235353112233255153132323232125313215252313,BAAACCCDBDBACCBCBCADABDBDBCCAABBADDCDBCBABABABACADBCBACDADABCB,ABAACCCDBDABCCBCBCADABBDBDCCAABBADCDBDBCABABABACADBCABCDADABBC,,,0,240,,,,,L_T1_GTR___standard/L_T1_GTR___zabuton_,,,,,L_T1_GTR03_33000001,,,
32618,63,,,,,,,,,52,15,12,211513322323212522323320323525232237535315512000131531351300115311300000,,00000247,,,,,,,,32,32,0,5,5,247,,322211153532113131252353531122332551531323232321253132152523135215,BAAACCCDBDBACCBCBCADABDBDBCCAABBADDCDBCBABABABACADBCBACDADABCBDACD,ABAACCCDBDABCCBCBCADABBDBDCCAABBADCDBDBCABABABACADBCABCDADABBCADCD,,,0,247,,,,,L_T1_GTR___standard/L_T1_GTR___zabuton_,,,,,L_T1_GTR03_33000001,,,,13,52,15,211535551131212531125000323532232007232353323300131235211220131233550000,,00000243,,,,,,,,31,31,0,3,3,243,,3222111535321131312523535311223325515313232323212531321525231352,BAAACCCDBDBACCBCBCADABDBDBCCAABBADDCDBCBABABABACADBCBACDADABCBDA,ABAACCCDBDABCCBCBCADABBDBDCCAABBADCDBDBCABABABACADBCABCDADABBCAD,,,0,243,,,,,L_T1_GTR___standard/L_T1_GTR___zabuton_,,,,,L_T1_GTR03_33000001,,,
32632,64,,,,,,,,,15,12,52,211513322323212522323320323525232237535315512000131531351320115311350000,,00000250,,,,,,,,33,33,0,3,3,250,,32221115353211313125235353112233255153132323232125313215252313521512,BAAACCCDBDBACCBCBCADABDBDBCCAABBADDCDBCBABABABACADBCBACDADABCBDACDCA,ABAACCCDBDABCCBCBCADABBDBDCCAABBADCDBDBCABABABACADBCABCDADABBCADCDAC,,,0,250,,,,,L_T1_GTR___standard/L_T1_GTR___zabuton_,,,,,L_T1_GTR03_33000001,,,,13,52,15,211535551131212531125000323532232007232353323300131235211220131233550000,,00000243,,,,,,,,31,31,0,3,3,243,,3222111535321131312523535311223325515313232323212531321525231352,BAAACCCDBDBACCBCBCADABDBDBCCAABBADDCDBCBABABABACADBCBACDADABCBDA,ABAACCCDBDABCCBCBCADABBDBDCCAABBADCDBDBCABABABACADBCABCDADABBCAD,,,0,243,,,,,L_T1_GTR___standard/L_T1_GTR___zabuton_,,,,,L_T1_GTR03_33000001,,,
32672,65,,,,,,,,,12,52,11,211513322323212522323320323525232237535315512000131531351320115311355100,,00000254,,,,,,,,34,34,0,4,4,254,,3222111535321131312523535311223325515313232323212531321525231352151252,BAAACCCDBDBACCBCBCADABDBDBCCAABBADDCDBCBABABABACADBCBACDADABCBDACDCADA,ABAACCCDBDABCCBCBCADABBDBDCCAABBADCDBDBCABABABACADBCABCDADABBCADCDACAD,,,0,254,,,,,L_T1_GTR___standard/L_T1_GTR___zabuton_,,,,,L_T1_GTR03_33000001,,,,13,52,15,211535551131212531125000323532232007232353323300131235211220131233550000,,00000243,,,,,,,,31,31,0,3,3,243,,3222111535321131312523535311223325515313232323212531321525231352,BAAACCCDBDBACCBCBCADABDBDBCCAABBADDCDBCBABABABACADBCBACDADABCBDA,ABAACCCDBDABCCBCBCADABBDBDCCAABBADCDBDBCABABABACADBCABCDADABBCAD,,,0,243,,,,,L_T1_GTR___standard/L_T1_GTR___zabuton_,,,,,L_T1_GTR03_33000001,,,
32682,66,,,,,,,,,12,52,11,211513322323212522323320323525232237535315512000131531351320115311355100,,00000254,,,,,,,,34,34,0,4,4,254,,3222111535321131312523535311223325515313232323212531321525231352151252,BAAACCCDBDBACCBCBCADABDBDBCCAABBADDCDBCBABABABACADBCBACDADABCBDACDCADA,ABAACCCDBDABCCBCBCADABBDBDCCAABBADCDBDBCABABABACADBCABCDADABBCADCDACAD,,,0,254,,,,,L_T1_GTR___standard/L_T1_GTR___zabuton_,,,,,L_T1_GTR03_33000001,,,,52,15,12,211535551131212531125000323532232007232353323300131235211223131233551000,,00000245,,,,,,,,32,32,0,2,2,245,,322211153532113131252353531122332551531323232321253132152523135215,BAAACCCDBDBACCBCBCADABDBDBCCAABBADDCDBCBABABABACADBCBACDADABCBDACD,ABAACCCDBDABCCBCBCADABBDBDCCAABBADCDBDBCABABABACADBCABCDADABBCADCD,,,0,245,,,,,L_T1_GTR___standard/L_T1_GTR___zabuton_,,,,,L_T1_GTR03_33000001,,,
32700,67,,,,,,,,,,52,11,211513322323212522323320323525232237535315512210131531351320115311355100,,bb40abb1,,,,,,,,35,0,1,bb40abb1,40,294,,3222111535321131312523535311223325515313232323212531321525231352151252,BAAACCCDBDBACCBCBCADABDBDBCCAABBADDCDBCBABABABACADBCBACDADABCBDACDCADA,ABAACCCDBDABCCBCBCADABBDBDCCAABBADCDBDBCABABABACADBCABCDADABBCADCDACAD,,,1,294,,,,,L_T1_GTR___standard/L_T1_GTR___zabuton_,,,,,L_T1_GTR03_33000001,,,,52,15,12,211535551131212531125000323532232007232353323300131235211223131233551000,,00000245,,,,,,,,32,32,0,2,2,245,,322211153532113131252353531122332551531323232321253132152523135215,BAAACCCDBDBACCBCBCADABDBDBCCAABBADDCDBCBABABABACADBCBACDADABCBDACD,ABAACCCDBDABCCBCBCADABBDBDCCAABBADCDBDBCABABABACADBCABCDADABBCADCD,,,0,245,,,,,L_T1_GTR___standard/L_T1_GTR___zabuton_,,,,,L_T1_GTR03_33000001,,,
32726,68,,,,,,,,,,52,11,211513322323212522323320323525232237535315512210131531351320115311355100,,bb40abb1,,,,,,,,35,0,1,bb40abb1,40,294,,3222111535321131312523535311223325515313232323212531321525231352151252,BAAACCCDBDBACCBCBCADABDBDBCCAABBADDCDBCBABABABACADBCBACDADABCBDACDCADA,ABAACCCDBDABCCBCBCADABBDBDCCAABBADCDBDBCABABABACADBCABCDADABBCADCDACAD,,,1,294,,,,,L_T1_GTR___standard/L_T1_GTR___zabuton_,,,,,L_T1_GTR03_33000001,,,,15,12,52,211535551131212531125500323532232207232353323300131235211223131233551000,,00000249,,,,,,,,33,33,0,4,4,249,,32221115353211313125235353112233255153132323232125313215252313521512,BAAACCCDBDBACCBCBCADABDBDBCCAABBADDCDBCBABABABACADBCBACDADABCBDACDCA,ABAACCCDBDABCCBCBCADABBDBDCCAABBADCDBDBCABABABACADBCABCDADABBCADCDAC,,,0,249,,,,,L_T1_GTR___standard/L_T1_GTR___zabuton_,,,,,L_T1_GTR03_33000001,,,
32782,69,,,,,,,,,,52,11,211513322323212522323320323525233007535315511000131531351320115311355100,,bb50ab10,,,,,,,,36,0,2,bb50ab10,500,794,,3222111535321131312523535311223325515313232323212531321525231352151252,BAAACCCDBDBACCBCBCADABDBDBCCAABBADDCDBCBABABABACADBCBACDADABCBDACDCADA,ABAACCCDBDABCCBCBCADABBDBDCCAABBADCDBDBCABABABACADBCABCDADABBCADCDACAD,,,2,794,,,,,L_T1_GTR___standard/L_T1_GTR___zabuton_,,,,,L_T1_GTR03_33000001,,,,15,12,52,211535551131212531125500323532232207232353323300131235211223131233551000,,00000249,,,,,,,,33,33,0,4,4,249,,32221115353211313125235353112233255153132323232125313215252313521512,BAAACCCDBDBACCBCBCADABDBDBCCAABBADDCDBCBABABABACADBCBACDADABCBDACDCA,ABAACCCDBDABCCBCBCADABBDBDCCAABBADCDBDBCABABABACADBCABCDADABBCADCDAC,,,0,249,,,,,L_T1_GTR___standard/L_T1_GTR___zabuton_,,,,,L_T1_GTR03_33000001,,,
32863,70,,,,,,,,,,52,11,211513322232212522322000323525200007535315511000131531351320115311355100,,bb50ab18,,,,,,,,37,0,3,bb50ab18,900,1694,,3222111535321131312523535311223325515313232323212531321525231352151252,BAAACCCDBDBACCBCBCADABDBDBCCAABBADDCDBCBABABABACADBCBACDADABCBDACDCADA,ABAACCCDBDABCCBCBCADABBDBDCCAABBADCDBDBCABABABACADBCABCDADABBCADCDACAD,,,3,1694,,,,,L_T1_GTR___standard/L_T1_GTR___zabuton_,,,,,L_T1_GTR03_33000001,,,,15,12,52,211535551131212531125500323532232207232353323300131235211223131233551000,,00000249,,,,,,,,33,33,0,4,4,249,,32221115353211313125235353112233255153132323232125313215252313521512,BAAACCCDBDBACCBCBCADABDBDBCCAABBADDCDBCBABABABACADBCBACDADABCBDACDCA,ABAACCCDBDABCCBCBCADABBDBDCCAABBADCDBDBCABABABACADBCABCDADABBCADCDAC,,,0,249,,,,,L_T1_GTR___standard/L_T1_GTR___zabuton_,,,,,L_T1_GTR03_33000001,,,
32898,71,,,,,,,,,,52,11,211513322232212522322000323525200007535315511000131531351320115311355100,,bb50ab18,,,,,,,,37,0,3,bb50ab18,900,1694,,3222111535321131312523535311223325515313232323212531321525231352151252,BAAACCCDBDBACCBCBCADABDBDBCCAABBADDCDBCBABABABACADBCBACDADABCBDACDCADA,ABAACCCDBDABCCBCBCADABBDBDCCAABBADCDBDBCABABABACADBCABCDADABBCADCDACAD,,,3,1694,,,,,L_T1_GTR___standard/L_T1_GTR___zabuton_,,,,,L_T1_GTR03_33000001,,,,12,52,11,211535551131212531125515323532232207232353323300131235211223131233551000,,00000250,,,,,,,,34,34,0,1,1,250,,3222111535321131312523535311223325515313232323212531321525231352151252,BAAACCCDBDBACCBCBCADABDBDBCCAABBADDCDBCBABABABACADBCBACDADABCBDACDCADA,ABAACCCDBDABCCBCBCADABBDBDCCAABBADCDBDBCABABABACADBCABCDADABBCADCDACAD,,,0,250,,,,,L_T1_GTR___standard/L_T1_GTR___zabuton_,,,,,L_T1_GTR03_33000001,,,
32947,72,,,,,,,,,,52,11,211513332000212522300000323525200007535315511000131531351320115311355100,,bb40ab32,,,,,,,,38,0,4,bb40ab32,1280,2974,,3222111535321131312523535311223325515313232323212531321525231352151252,BAAACCCDBDBACCBCBCADABDBDBCCAABBADDCDBCBABABABACADBCBACDADABCBDACDCADA,ABAACCCDBDABCCBCBCADABBDBDCCAABBADCDBDBCABABABACADBCABCDADABBCADCDACAD,,,4,2974,,,,,L_T1_GTR___standard/L_T1_GTR___zabuton_,,,,,L_T1_GTR03_33000001,,,,12,52,11,211535551131212531125515323532232207232353323300131235211223131233551000,,00000250,,,,,,,,34,34,0,1,1,250,,3222111535321131312523535311223325515313232323212531321525231352151252,BAAACCCDBDBACCBCBCADABDBDBCCAABBADDCDBCBABABABACADBCBACDADABCBDACDCADA,ABAACCCDBDABCCBCBCADABBDBDCCAABBADCDBDBCABABABACADBCABCDADABBCADCDACAD,,,0,250,,,,,L_T1_GTR___standard/L_T1_GTR___zabuton_,,,,,L_T1_GTR03_33000001,,,
32952,73,,,,,,,,,,52,11,211513332000212522300000323525200007535315511000131531351320115311355100,,bb40ab32,,,,,,,,38,0,4,bb40ab32,1280,2974,,3222111535321131312523535311223325515313232323212531321525231352151252,BAAACCCDBDBACCBCBCADABDBDBCCAABBADDCDBCBABABABACADBCBACDADABCBDACDCADA,ABAACCCDBDABCCBCBCADABBDBDCCAABBADCDBDBCABABABACADBCABCDADABBCADCDACAD,,,4,2974,,,,,L_T1_GTR___standard/L_T1_GTR___zabuton_,,,,,L_T1_GTR03_33000001,,,,52,11,53,211535551131212531125515323532232227232353323310131235211223131233551000,,00000253,,,,,,,,35,35,0,3,3,253,,322211153532113131252353531122332551531323232321253132152523135215125211,BAAACCCDBDBACCBCBCADABDBDBCCAABBADDCDBCBABABABACADBCBACDADABCBDACDCADACC,ABAACCCDBDABCCBCBCADABBDBDCCAABBADCDBDBCABABABACADBCABCDADABBCADCDACADCC,,,0,253,,,,,L_T1_GTR___standard/L_T1_GTR___zabuton_,,,,,L_T1_GTR03_33000001,,,
33006,74,,,,,,,,,,52,11,211513332000212522300000323525200007535315511000131531351320115311355100,,bb40ab32,,,,,,,,38,0,4,bb40ab32,1280,2974,,3222111535321131312523535311223325515313232323212531321525231352151252,BAAACCCDBDBACCBCBCADABDBDBCCAABBADDCDBCBABABABACADBCBACDADABCBDACDCADA,ABAACCCDBDABCCBCBCADABBDBDCCAABBADCDBDBCABABABACADBCABCDADABBCADCDACAD,,,4,2974,,,,,L_T1_GTR___standard/L_T1_GTR___zabuton_,,,,,L_T1_GTR03_33000001,,,,11,53,22,211535551131212531125515323532232222232353323310131235211223131233551000,,00000254,,,,,,,,36,36,0,1,1,254,,32221115353211313125235353112233255153132323232125313215252313521512521153,BAAACCCDBDBACCBCBCADABDBDBCCAABBADDCDBCBABABABACADBCBACDADABCBDACDCADACCDB,ABAACCCDBDABCCBCBCADABBDBDCCAABBADCDBDBCABABABACADBCABCDADABBCADCDACADCCBD,,,0,254,,,,,L_T1_GTR___standard/L_T1_GTR___zabuton_,,,,,L_T1_GTR03_33000001,,,
33031,75,,,,,,,,,,52,11,211512000000212522000000323525200007535315511000131531351320115311355100,,bb40ab64,,,,,,,,39,0,5,bb40ab64,2560,5534,,3222111535321131312523535311223325515313232323212531321525231352151252,BAAACCCDBDBACCBCBCADABDBDBCCAABBADDCDBCBABABABACADBCBACDADABCBDACDCADA,ABAACCCDBDABCCBCBCADABBDBDCCAABBADCDBDBCABABABACADBCABCDADABBCADCDACAD,,,5,5534,,,,,L_T1_GTR___standard/L_T1_GTR___zabuton_,,,,,L_T1_GTR03_33000001,,,,11,53,22,211535551131212531125515323532232222232353323310131235211223131233551000,,00000254,,,,,,,,36,36,0,1,1,254,,32221115353211313125235353112233255153132323232125313215252313521512521153,BAAACCCDBDBACCBCBCADABDBDBCCAABBADDCDBCBABABABACADBCBACDADABCBDACDCADACCDB,ABAACCCDBDABCCBCBCADABBDBDCCAABBADCDBDBCABABABACADBCABCDADABBCADCDACADCCBD,,,0,254,,,,,L_T1_GTR___standard/L_T1_GTR___zabuton_,,,,,L_T1_GTR03_33000001,,,
33074,76,,,,,,,,,,52,11,211512000000212522000000323525200007535315511000131531351320115311355100,,bb40ab64,,,,,,,,39,0,5,bb40ab64,2560,5534,,3222111535321131312523535311223325515313232323212531321525231352151252,BAAACCCDBDBACCBCBCADABDBDBCCAABBADDCDBCBABABABACADBCBACDADABCBDACDCADA,ABAACCCDBDABCCBCBCADABBDBDCCAABBADCDBDBCABABABACADBCABCDADABBCADCDACAD,,,5,5534,,,,,L_T1_GTR___standard/L_T1_GTR___zabuton_,,,,,L_T1_GTR03_33000001,,,,,53,22,211535551131212531125515323532232227232353323310131235211223131233551110,,bb50abb2,,,,,,,,37,0,1,bb50abb2,100,354,,32221115353211313125235353112233255153132323232125313215252313521512521153,BAAACCCDBDBACCBCBCADABDBDBCCAABBADDCDBCBABABABACADBCBACDADABCBDACDCADACCDB,ABAACCCDBDABCCBCBCADABBDBDCCAABBADCDBDBCABABABACADBCABCDADABBCADCDACADCCBD,,,1,354,,,,,L_T1_GTR___standard/L_T1_GTR___zabuton_,,,,,L_T1_GTR03_33000001,,,
33111,77,,,,,,,,,,52,11,211510000000212500000000323552000007535315511000131531351320115311355100,,bb40ab96,,,,,,,,40,0,6,bb40ab96,3840,9374,,3222111535321131312523535311223325515313232323212531321525231352151252,BAAACCCDBDBACCBCBCADABDBDBCCAABBADDCDBCBABABABACADBCBACDADABCBDACDCADA,ABAACCCDBDABCCBCBCADABBDBDCCAABBADCDBDBCABABABACADBCABCDADABBCADCDACAD,,,6,9374,,,,,L_T1_GTR___standard,,,,,L_T1_GTR03_33000001,,,,,53,22,211535551131212531125515323532232227232353323310131235211223131233551110,,bb50abb2,,,,,,,,37,0,1,bb50abb2,100,354,,32221115353211313125235353112233255153132323232125313215252313521512521153,BAAACCCDBDBACCBCBCADABDBDBCCAABBADDCDBCBABABABACADBCBACDADABCBDACDCADACCDB,ABAACCCDBDABCCBCBCADABBDBDCCAABBADCDBDBCABABABACADBCABCDADABBCADCDACADCCBD,,,1,354,,,,,L_T1_GTR___standard/L_T1_GTR___zabuton_,,,,,L_T1_GTR03_33000001,,,
33155,78,,,,,,,,,,52,11,211510000000212500000000323552000007535315511000131531351320115311355100,,bb40ab96,,,,,,,,40,0,6,bb40ab96,3840,9374,,3222111535321131312523535311223325515313232323212531321525231352151252,BAAACCCDBDBACCBCBCADABDBDBCCAABBADDCDBCBABABABACADBCBACDADABCBDACDCADA,ABAACCCDBDABCCBCBCADABBDBDCCAABBADCDBDBCABABABACADBCABCDADABBCADCDACAD,,,6,9374,,,,,L_T1_GTR___standard,,,,,L_T1_GTR03_33000001,,,,,53,22,211535551131212531125515323532232220232353323310131235222300131233350000,,bb40abb8,,,,,,,,38,0,2,bb40abb8,320,674,,32221115353211313125235353112233255153132323232125313215252313521512521153,BAAACCCDBDBACCBCBCADABDBDBCCAABBADDCDBCBABABABACADBCBACDADABCBDACDCADACCDB,ABAACCCDBDABCCBCBCADABBDBDCCAABBADCDBDBCABABABACADBCABCDADABBCADCDACADCCBD,,,2,674,,,,,L_T1_GTR___standard/L_T1_GTR___zabuton_,,,,,L_T1_GTR03_33000001,,,
33193,79,,,,,,,,,,52,11,211100000000212000000000323200000007535315511000131531351320115311355100,,bb40a128,,,,,,,,41,0,7,bb40a128,5120,14494,,3222111535321131312523535311223325515313232323212531321525231352151252,BAAACCCDBDBACCBCBCADABDBDBCCAABBADDCDBCBABABABACADBCBACDADABCBDACDCADA,ABAACCCDBDABCCBCBCADABBDBDCCAABBADCDBDBCABABABACADBCABCDADABBCADCDACAD,,,7,14494,,,,,,,,,,,,,,,53,22,211535551131212531125515323532232220232353323310131235222300131233350000,,bb40abb8,,,,,,,,38,0,2,bb40abb8,320,674,,32221115353211313125235353112233255153132323232125313215252313521512521153,BAAACCCDBDBACCBCBCADABDBDBCCAABBADDCDBCBABABABACADBCBACDADABCBDACDCADACCDB,ABAACCCDBDABCCBCBCADABBDBDCCAABBADCDBDBCABABABACADBCABCDADABBCADCDACADCCBD,,,2,674,,,,,L_T1_GTR___standard/L_T1_GTR___zabuton_,,,,,L_T1_GTR03_33000001,,,
33239,80,,,,,,,,,,52,11,211100000000212000000000323200000007535315511000131531351320115311355100,,bb40a128,,,,,,,,41,0,7,bb40a128,5120,14494,,3222111535321131312523535311223325515313232323212531321525231352151252,BAAACCCDBDBACCBCBCADABDBDBCCAABBADDCDBCBABABABACADBCBACDADABCBDACDCADA,ABAACCCDBDABCCBCBCADABBDBDCCAABBADCDBDBCABABABACADBCABCDADABBCADCDACAD,,,7,14494,,,,,,,,,,,,,,,53,22,211535551131212531125515323532232227232353333100131235300000131233550000,,bb60ab19,,,,,,,,39,0,3,bb60ab19,1140,1814,,32221115353211313125235353112233255153132323232125313215252313521512521153,BAAACCCDBDBACCBCBCADABDBDBCCAABBADDCDBCBABABABACADBCBACDADABCBDACDCADACCDB,ABAACCCDBDABCCBCBCADABBDBDCCAABBADCDBDBCABABABACADBCABCDADABBCADCDACADCCBD,,,3,1814,,,,,L_T1_GTR___standard/L_T1_GTR___zabuton_,,,,,L_T1_GTR03_33000001,,,
33273,81,,,,,,,,,,52,11,200000000000220000000000323200000007535315511000131531351320115311355100,,bb40a160,,,,,,,,42,0,8,bb40a160,6400,20894,,3222111535321131312523535311223325515313232323212531321525231352151252,BAAACCCDBDBACCBCBCADABDBDBCCAABBADDCDBCBABABABACADBCBACDADABCBDACDCADA,ABAACCCDBDABCCBCBCADABBDBDCCAABBADCDBDBCABABABACADBCABCDADABBCADCDACAD,,,8,20894,,,,,,,,,,,,,,,53,22,211535551131212531125515323532232227232353333100131235300000131233550000,,bb60ab19,,,,,,,,39,0,3,bb60ab19,1140,1814,,32221115353211313125235353112233255153132323232125313215252313521512521153,BAAACCCDBDBACCBCBCADABDBDBCCAABBADDCDBCBABABABACADBCBACDADABCBDACDCADACCDB,ABAACCCDBDABCCBCBCADABBDBDCCAABBADCDBDBCABABABACADBCABCDADABBCADCDACADCCBD,,,3,1814,,,,,L_T1_GTR___standard/L_T1_GTR___zabuton_,,,,,L_T1_GTR03_33000001,,,
33325,82,,,,,,,,,,52,11,200000000000220000000000323200000007535315511000131531351320115311355100,,bb40a160,,,,,,,,42,0,8,bb40a160,6400,20894,,3222111535321131312523535311223325515313232323212531321525231352151252,BAAACCCDBDBACCBCBCADABDBDBCCAABBADDCDBCBABABABACADBCBACDADABCBDACDCADA,ABAACCCDBDABCCBCBCADABBDBDCCAABBADCDBDBCABABABACADBCABCDADABBCADCDACAD,,,8,20894,,,,,,,,,,,,,,,53,22,211535551131212531125515323532222207232351000000131235000000131233550000,,bb60ab35,,,,,,,,40,0,4,bb60ab35,2100,3914,,32221115353211313125235353112233255153132323232125313215252313521512521153,BAAACCCDBDBACCBCBCADABDBDBCCAABBADDCDBCBABABABACADBCBACDADABCBDACDCADACCDB,ABAACCCDBDABCCBCBCADABBDBDCCAABBADCDBDBCABABABACADBCABCDADABBCADCDACADCCBD,,,4,3914,,,,,L_T1_GTR___standard/L_T1_GTR___zabuton_,,,,,L_T1_GTR03_33000001,,,
33353,83,,,,,,,,,,52,11,000000000000000000000000332000000007535315511000131531351320115311355100,,bb40a192,,,,,,,,43,0,9,bb40a192,7680,28574,,3222111535321131312523535311223325515313232323212531321525231352151252,BAAACCCDBDBACCBCBCADABDBDBCCAABBADDCDBCBABABABACADBCBACDADABCBDACDCADA,ABAACCCDBDABCCBCBCADABBDBDCCAABBADCDBDBCABABABACADBCABCDADABBCADCDACAD,,,9,28574,,,,,,,,,,,,,,,53,22,211535551131212531125515323532222207232351000000131235000000131233550000,,bb60ab35,,,,,,,,40,0,4,bb60ab35,2100,3914,,32221115353211313125235353112233255153132323232125313215252313521512521153,BAAACCCDBDBACCBCBCADABDBDBCCAABBADDCDBCBABABABACADBCBACDADABCBDACDCADACCDB,ABAACCCDBDABCCBCBCADABBDBDCCAABBADCDBDBCABABABACADBCABCDADABBCADCDACADCCBD,,,4,3914,,,,,L_T1_GTR___standard/L_T1_GTR___zabuton_,,,,,L_T1_GTR03_33000001,,,
33405,84,,,,,,,,,,52,11,000000000000000000000000332000000007535315511000131531351320115311355100,,bb40a192,,,,,,,,43,0,9,bb40a192,7680,28574,,3222111535321131312523535311223325515313232323212531321525231352151252,BAAACCCDBDBACCBCBCADABDBDBCCAABBADDCDBCBABABABACADBCBACDADABCBDACDCADA,ABAACCCDBDABCCBCBCADABBDBDCCAABBADCDBDBCABABABACADBCABCDADABBCADCDACAD,,,9,28574,,,,,,,,,,,,,,,53,22,211535551131212531155155323530000007232351000000131235000000131233550000,,bb50ab66,,,,,,,,41,0,5,bb50ab66,3300,7214,,32221115353211313125235353112233255153132323232125313215252313521512521153,BAAACCCDBDBACCBCBCADABDBDBCCAABBADDCDBCBABABABACADBCBACDADABCBDACDCADACCDB,ABAACCCDBDABCCBCBCADABBDBDCCAABBADCDBDBCABABABACADBCABCDADABBCADCDACADCCBD,,,5,7214,,,,,L_T1_GTR___standard/L_T1_GTR___zabuton_,,,,,L_T1_GTR03_33000001,,,
33436,85,,,,,,,,,,52,11,000000000000000000000000200000000007553155110000115313513200115311355100,,bb40a224,,,,,,,,44,0,10,bb40a224,8960,37534,,3222111535321131312523535311223325515313232323212531321525231352151252,BAAACCCDBDBACCBCBCADABDBDBCCAABBADDCDBCBABABABACADBCBACDADABCBDACDCADA,ABAACCCDBDABCCBCBCADABBDBDCCAABBADCDBDBCABABABACADBCABCDADABBCADCDACAD,,,9,37534,,,,,,,,,,R_T1_GTR03_22200002,,,,,53,22,211535551131212531155155323530000007232351000000131235000000131233550000,,bb50ab66,,,,,,,,41,0,5,bb50ab66,3300,7214,,32221115353211313125235353112233255153132323232125313215252313521512521153,BAAACCCDBDBACCBCBCADABDBDBCCAABBADDCDBCBABABABACADBCBACDADABCBDACDCADACCDB,ABAACCCDBDABCCBCBCADABBDBDCCAABBADCDBDBCABABABACADBCABCDADABBCADCDACADCCBD,,,5,7214,,,,,L_T1_GTR___standard/L_T1_GTR___zabuton_,,,,,L_T1_GTR03_33000001,,,
33489,86,,,,,,,,,,52,11,000000000000000000000000200000000007553155110000115313513200115311355100,,bb40a224,,,,,,,,44,0,10,bb40a224,8960,37534,,3222111535321131312523535311223325515313232323212531321525231352151252,BAAACCCDBDBACCBCBCADABDBDBCCAABBADDCDBCBABABABACADBCBACDADABCBDACDCADA,ABAACCCDBDABCCBCBCADABBDBDCCAABBADCDBDBCABABABACADBCABCDADABBCADCDACAD,,,9,37534,,,,,,,,,,R_T1_GTR03_22200002,,,,,53,22,211531131200212531115500323530000007232351000000131235000000131233550000,,bb50ab98,,,,,,,,42,0,6,bb50ab98,4900,12114,,32221115353211313125235353112233255153132323232125313215252313521512521153,BAAACCCDBDBACCBCBCADABDBDBCCAABBADDCDBCBABABABACADBCBACDADABCBDACDCADACCDB,ABAACCCDBDABCCBCBCADABBDBDCCAABBADCDBDBCABABABACADBCABCDADABBCADCDACADCCBD,,,6,12114,,,,,L_T1_GTR___standard/L_T1_GTR___zabuton_,,,,,L_T1_GTR03_33000001,,,
33517,87,,,,,,,,,,52,11,000000000000000000000000200000000007553155110000531351320000531135510000,,bb40a256,,,,,,,,45,0,11,bb40a256,10240,47774,,3222111535321131312523535311223325515313232323212531321525231352151252,BAAACCCDBDBACCBCBCADABDBDBCCAABBADDCDBCBABABABACADBCBACDADABCBDACDCADA,ABAACCCDBDABCCBCBCADABBDBDCCAABBADCDBDBCABABABACADBCABCDADABBCADCDACAD,,,9,47774,,,,,R_T1_GTRs__pat00001,,,,,R_T1_GTR03_22200002,,,,,53,22,211531131200212531115500323530000007232351000000131235000000131233550000,,bb50ab98,,,,,,,,42,0,6,bb50ab98,4900,12114,,32221115353211313125235353112233255153132323232125313215252313521512521153,BAAACCCDBDBACCBCBCADABDBDBCCAABBADDCDBCBABABABACADBCBACDADABCBDACDCADACCDB,ABAACCCDBDABCCBCBCADABBDBDCCAABBADCDBDBCABABABACADBCABCDADABBCADCDACADCCBD,,,6,12114,,,,,L_T1_GTR___standard/L_T1_GTR___zabuton_,,,,,L_T1_GTR03_33000001,,,
33573,88,,,,,,,,,,52,11,000000000000000000000000200000000007553155110000531351320000531135510000,,bb40a256,,,,,,,,45,0,11,bb40a256,10240,47774,,3222111535321131312523535311223325515313232323212531321525231352151252,BAAACCCDBDBACCBCBCADABDBDBCCAABBADDCDBCBABABABACADBCBACDADABCBDACDCADA,ABAACCCDBDABCCBCBCADABBDBDCCAABBADCDBDBCABABABACADBCABCDADABBCADCDACAD,,,9,47774,,,,,R_T1_GTRs__pat00001,,,,,R_T1_GTR03_22200002,,,,,53,22,211533120000212535500000323530000007232351000000131235000000131233550000,,bb40a128,,,,,,,,43,0,7,bb40a128,5120,17234,,32221115353211313125235353112233255153132323232125313215252313521512521153,BAAACCCDBDBACCBCBCADABDBDBCCAABBADDCDBCBABABABACADBCBACDADABCBDACDCADACCDB,ABAACCCDBDABCCBCBCADABBDBDCCAABBADCDBDBCABABABACADBCABCDADABBCADCDACADCCBD,,,7,17234,,,,,L_T1_GTR___standard/L_T1_GTR___zabuton_,,,,,L_T1_GTR03_33000001,,,
33599,89,,,,,,,,,,52,11,000000000000000000000000200000000007315511000000313513200000311355100000,,bb40a288,,,,,,,,46,0,12,bb40a288,11520,59294,,3222111535321131312523535311223325515313232323212531321525231352151252,BAAACCCDBDBACCBCBCADABDBDBCCAABBADDCDBCBABABABACADBCBACDADABCBDACDCADA,ABAACCCDBDABCCBCBCADABBDBDCCAABBADCDBDBCABABABACADBCABCDADABBCADCDACAD,,,9,59294,,,,,,,,,,,,,,,53,22,211533120000212535500000323530000007232351000000131235000000131233550000,,bb40a128,,,,,,,,43,0,7,bb40a128,5120,17234,,32221115353211313125235353112233255153132323232125313215252313521512521153,BAAACCCDBDBACCBCBCADABDBDBCCAABBADDCDBCBABABABACADBCBACDADABCBDACDCADACCDB,ABAACCCDBDABCCBCBCADABBDBDCCAABBADCDBDBCABABABACADBCABCDADABBCADCDACADCCBD,,,7,17234,,,,,L_T1_GTR___standard/L_T1_GTR___zabuton_,,,,,L_T1_GTR03_33000001,,,
33655,90,,,,,,,,,,52,11,000000000000000000000000200000000007315511000000313513200000311355100000,,bb40a288,,,,,,,,46,0,12,bb40a288,11520,59294,,3222111535321131312523535311223325515313232323212531321525231352151252,BAAACCCDBDBACCBCBCADABDBDBCCAABBADDCDBCBABABABACADBCBACDADABCBDACDCADA,ABAACCCDBDABCCBCBCADABBDBDCCAABBADCDBDBCABABABACADBCABCDADABBCADCDACAD,,,9,59294,,,,,,,,,,,,,,,53,22,211512000000212555000000323500000007232351000000131235000000131233550000,,bb50a162,,,,,,,,44,0,8,bb50a162,8100,25334,,32221115353211313125235353112233255153132323232125313215252313521512521153,BAAACCCDBDBACCBCBCADABDBDBCCAABBADDCDBCBABABABACADBCBACDADABCBDACDCADACCDB,ABAACCCDBDABCCBCBCADABBDBDCCAABBADCDBDBCABABABACADBCABCDADABBCADCDACADCCBD,,,8,25334,,,,,L_T1_GTR___standard,,,,,L_T1_GTR03_33000001,,,
33681,91,,,,,,,,,,52,11,000000000000000000000000200000000007355110000000335132000000335510000000,,b100a327,,,,,,,,47,0,13,b100a327,32700,91994,,3222111535321131312523535311223325515313232323212531321525231352151252,BAAACCCDBDBACCBCBCADABDBDBCCAABBADDCDBCBABABABACADBCBACDADABCBDACDCADA,ABAACCCDBDABCCBCBCADABBDBDCCAABBADCDBDBCABABABACADBCABCDADABBCADCDACAD,,,9,91994,,,,,,,,,,R_T1_GTR03_22110001,,,,,53,22,211512000000212555000000323500000007232351000000131235000000131233550000,,bb50a162,,,,,,,,44,0,8,bb50a162,8100,25334,,32221115353211313125235353112233255153132323232125313215252313521512521153,BAAACCCDBDBACCBCBCADABDBDBCCAABBADDCDBCBABABABACADBCBACDADABCBDACDCADACCDB,ABAACCCDBDABCCBCBCADABBDBDCCAABBADCDBDBCABABABACADBCABCDADABBCADCDACADCCBD,,,8,25334,,,,,L_T1_GTR___standard,,,,,L_T1_GTR03_33000001,,,
33736,92,,,,,,,,,,52,11,000000000000000000000000200000000007355110000000335132000000335510000000,,b100a327,,,,,,,,47,0,13,b100a327,32700,91994,,3222111535321131312523535311223325515313232323212531321525231352151252,BAAACCCDBDBACCBCBCADABDBDBCCAABBADDCDBCBABABABACADBCBACDADABCBDACDCADA,ABAACCCDBDABCCBCBCADABBDBDCCAABBADCDBDBCABABABACADBCABCDADABBCADCDACAD,,,9,91994,,,,,,,,,,R_T1_GTR03_22110001,,,,,53,22,211120000000212000000000323000000007232351000000131235000000131233550000,,bb40a192,,,,,,,,45,0,9,bb40a192,7680,33014,,32221115353211313125235353112233255153132323232125313215252313521512521153,BAAACCCDBDBACCBCBCADABDBDBCCAABBADDCDBCBABABABACADBCBACDADABCBDACDCADACCDB,ABAACCCDBDABCCBCBCADABBDBDCCAABBADCDBDBCABABABACADBCABCDADABBCADCDACADCCBD,,,9,33014,,,,,,,,,,,,,
33767,93,,,,,,,,,,52,11,000000000000000000000000200000000007110000000000132000000000100000000000,,bb40a352,,,,,,,,48,0,14,bb40a352,14080,106074,,3222111535321131312523535311223325515313232323212531321525231352151252,BAAACCCDBDBACCBCBCADABDBDBCCAABBADDCDBCBABABABACADBCBACDADABCBDACDCADA,ABAACCCDBDABCCBCBCADABBDBDCCAABBADCDBDBCABABABACADBCABCDADABBCADCDACAD,,,9,106074,,,,,,,,,,,,,,,53,22,211120000000212000000000323000000007232351000000131235000000131233550000,,bb40a192,,,,,,,,45,0,9,bb40a192,7680,33014,,32221115353211313125235353112233255153132323232125313215252313521512521153,BAAACCCDBDBACCBCBCADABDBDBCCAABBADDCDBCBABABABACADBCBACDADABCBDACDCADACCDB,ABAACCCDBDABCCBCBCADABBDBDCCAABBADCDBDBCABABABACADBCABCDADABBCADCDACADCCBD,,,9,33014,,,,,,,,,,,,,
33819,94,,,,,,,,,,52,11,000000000000000000000000200000000007110000000000132000000000100000000000,,bb40a352,,,,,,,,48,0,14,bb40a352,14080,106074,,3222111535321131312523535311223325515313232323212531321525231352151252,BAAACCCDBDBACCBCBCADABDBDBCCAABBADDCDBCBABABABACADBCBACDADABCBDACDCADA,ABAACCCDBDABCCBCBCADABBDBDCCAABBADCDBDBCABABABACADBCABCDADABBCADCDACAD,,,9,106074,,,,,,,,,,,,,,,53,22,220000000000220000000000323000000007232351000000131235000000131233550000,,bb50a226,,,,,,,,46,0,10,bb50a226,11300,44314,,32221115353211313125235353112233255153132323232125313215252313521512521153,BAAACCCDBDBACCBCBCADABDBDBCCAABBADDCDBCBABABABACADBCBACDADABCBDACDCADACCDB,ABAACCCDBDABCCBCBCADABBDBDCCAABBADCDBDBCABABABACADBCABCDADABBCADCDACADCCBD,,,9,44314,,,,,,,,,,,,,
33858,95,,,,,,,,,52,11,53,000000000000000000000000200000000007000000000000320000000000000000000000,,00106077,,,,,,,,49,1,0,3,3,106077,,322211153532113131252353531122332551531323232321253132152523135215125211,BAAACCCDBDBACCBCBCADABDBDBCCAABBADDCDBCBABABABACADBCBACDADABCBDACDCADACC,ABAACCCDBDABCCBCBCADABBDBDCCAABBADCDBDBCABABABACADBCABCDADABBCADCDACADCC,,,9,106077,,,,,,,,,,,,,,,53,22,220000000000220000000000323000000007232351000000131235000000131233550000,,bb50a226,,,,,,,,46,0,10,bb50a226,11300,44314,,32221115353211313125235353112233255153132323232125313215252313521512521153,BAAACCCDBDBACCBCBCADABDBDBCCAABBADDCDBCBABABABACADBCBACDADABCBDACDCADACCDB,ABAACCCDBDABCCBCBCADABBDBDCCAABBADCDBDBCABABABACADBCABCDADABBCADCDACADCCBD,,,9,44314,,,,,,,,,,,,,
33899,96,,,,,,,,,52,11,53,000000000000000000000000200000000007000000000000320000000000000000000000,,00106077,,,,,,,,49,1,0,3,3,106077,,322211153532113131252353531122332551531323232321253132152523135215125211,BAAACCCDBDBACCBCBCADABDBDBCCAABBADDCDBCBABABABACADBCBACDADABCBDACDCADACC,ABAACCCDBDABCCBCBCADABBDBDCCAABBADCDBDBCABABABACADBCABCDADABBCADCDACADCC,,,9,106077,,,,,,,,,,,,,,,53,22,000000000000000000000000330000000007232351000000131235000000131233550000,,bb50a258,,,,,,,,47,0,11,bb50a258,12900,57214,,32221115353211313125235353112233255153132323232125313215252313521512521153,BAAACCCDBDBACCBCBCADABDBDBCCAABBADDCDBCBABABABACADBCBACDADABCBDACDCADACCDB,ABAACCCDBDABCCBCBCADABBDBDCCAABBADCDBDBCABABABACADBCABCDADABBCADCDACADCCBD,,,9,57214,,,,,,,,,,,,,
33910,97,,,,,,,,,11,53,22,000000000000000000000000200000000007520000000000320000000000000000000000,,00106090,,,,,,,,50,2,0,13,13,106090,,32221115353211313125235353112233255153132323232125313215252313521512521153,BAAACCCDBDBACCBCBCADABDBDBCCAABBADDCDBCBABABABACADBCBACDADABCBDACDCADACCDB,ABAACCCDBDABCCBCBCADABBDBDCCAABBADCDBDBCABABABACADBCABCDADABBCADCDACADCCBD,,,9,106090,,,,,,,,,,,,,,,53,22,000000000000000000000000330000000007232351000000131235000000131233550000,,bb50a258,,,,,,,,47,0,11,bb50a258,12900,57214,,32221115353211313125235353112233255153132323232125313215252313521512521153,BAAACCCDBDBACCBCBCADABDBDBCCAABBADDCDBCBABABABACADBCBACDADABCBDACDCADACCDB,ABAACCCDBDABCCBCBCADABBDBDCCAABBADCDBDBCABABABACADBCABCDADABBCADCDACADCCBD,,,9,57214,,,,,,,,,,,,,
33959,98,,,,,,,,,53,22,15,000000000000110000000000200000000007520000000000320000000000000000000000,,00106102,,,,,,,,51,3,0,12,12,106102,,3222111535321131312523535311223325515313232323212531321525231352151252115322,BAAACCCDBDBACCBCBCADABDBDBCCAABBADDCDBCBABABABACADBCBACDADABCBDACDCADACCDBAA,ABAACCCDBDABCCBCBCADABBDBDCCAABBADCDBDBCABABABACADBCABCDADABBCADCDACADCCBDAA,,,9,106102,,,,,,,,,,,,,,,53,22,000000000000000000000000330000000007232351000000131235000000131233550000,,bb50a258,,,,,,,,47,0,11,bb50a258,12900,57214,,32221115353211313125235353112233255153132323232125313215252313521512521153,BAAACCCDBDBACCBCBCADABDBDBCCAABBADDCDBCBABABABACADBCBACDADABCBDACDCADACCDB,ABAACCCDBDABCCBCBCADABBDBDCCAABBADCDBDBCABABABACADBCABCDADABBCADCDACADCCBD,,,9,57214,,,,,,,,,,,,,
33979,99,,,,,,,,,53,22,15,000000000000110000000000200000000007520000000000320000000000000000000000,,00106102,,,,,,,,51,3,0,12,12,106102,,3222111535321131312523535311223325515313232323212531321525231352151252115322,BAAACCCDBDBACCBCBCADABDBDBCCAABBADDCDBCBABABABACADBCBACDADABCBDACDCADACCDBAA,ABAACCCDBDABCCBCBCADABBDBDCCAABBADCDBDBCABABABACADBCABCDADABBCADCDACADCCBDAA,,,9,106102,,,,,,,,,,,,,,,53,22,000000000000000000000000000000000007223510000000112350000000112335500000,,bb40a288,,,,,,,,48,0,12,bb40a288,11520,68734,,32221115353211313125235353112233255153132323232125313215252313521512521153,BAAACCCDBDBACCBCBCADABDBDBCCAABBADDCDBCBABABABACADBCBACDADABCBDACDCADACCDB,ABAACCCDBDABCCBCBCADABBDBDCCAABBADCDBDBCABABABACADBCABCDADABBCADCDACADCCBD,,,9,68734,,,,,,,,,,R_T1_GTR03_22200002,,,
34006,100,,,,,,,,,22,15,11,000000000000110000000000200000000007525000000000323000000000000000000000,,00106113,,,,,,,,52,4,0,11,11,106113,,322211153532113131252353531122332551531323232321253132152523135215125211532215,BAAACCCDBDBACCBCBCADABDBDBCCAABBADDCDBCBABABABACADBCBACDADABCBDACDCADACCDBAACD,ABAACCCDBDABCCBCBCADABBDBDCCAABBADCDBDBCABABABACADBCABCDADABBCADCDACADCCBDAACD,,,9,106113,,,,,,,,,,,,,,,53,22,000000000000000000000000000000000007223510000000112350000000112335500000,,bb40a288,,,,,,,,48,0,12,bb40a288,11520,68734,,32221115353211313125235353112233255153132323232125313215252313521512521153,BAAACCCDBDBACCBCBCADABDBDBCCAABBADDCDBCBABABABACADBCBACDADABCBDACDCADACCDB,ABAACCCDBDABCCBCBCADABBDBDCCAABBADCDBDBCABABABACADBCABCDADABBCADCDACADCCBD,,,9,68734,,,,,,,,,,R_T1_GTR03_22200002,,,
34052,101,,,,,,,,,15,11,21,000000000000110000000000200000000007525000000000323220000000000000000000,,00106122,,,,,,,,53,5,0,9,9,106122,,32221115353211313125235353112233255153132323232125313215252313521512521153221511,BAAACCCDBDBACCBCBCADABDBDBCCAABBADDCDBCBABABABACADBCBACDADABCBDACDCADACCDBAACDCC,ABAACCCDBDABCCBCBCADABBDBDCCAABBADCDBDBCABABABACADBCABCDADABBCADCDACADCCBDAACDCC,,,9,106122,,,,,,,,,,,,,,,53,22,000000000000000000000000000000000007223510000000112350000000112335500000,,bb40a288,,,,,,,,48,0,12,bb40a288,11520,68734,,32221115353211313125235353112233255153132323232125313215252313521512521153,BAAACCCDBDBACCBCBCADABDBDBCCAABBADDCDBCBABABABACADBCBACDADABCBDACDCADACCDB,ABAACCCDBDABCCBCBCADABBDBDCCAABBADCDBDBCABABABACADBCABCDADABBCADCDACADCCBD,,,9,68734,,,,,,,,,,R_T1_GTR03_22200002,,,
34061,102,,,,,,,,,15,11,21,000000000000110000000000200000000007525000000000323220000000000000000000,,00106122,,,,,,,,53,5,0,9,9,106122,,32221115353211313125235353112233255153132323232125313215252313521512521153221511,BAAACCCDBDBACCBCBCADABDBDBCCAABBADDCDBCBABABABACADBCBACDADABCBDACDCADACCDBAACDCC,ABAACCCDBDABCCBCBCADABBDBDCCAABBADCDBDBCABABABACADBCABCDADABBCADCDACADCCBDAACDCC,,,9,106122,,,,,,,,,,,,,,,53,22,000000000000000000000000000000000007223510000000235000000000233550000000,,bb40a320,,,,,,,,49,0,13,bb40a320,12800,81534,,32221115353211313125235353112233255153132323232125313215252313521512521153,BAAACCCDBDBACCBCBCADABDBDBCCAABBADDCDBCBABABABACADBCBACDADABCBDACDCADACCDB,ABAACCCDBDABCCBCBCADABBDBDCCAABBADCDBDBCABABABACADBCABCDADABBCADCDACADCCBD,,,9,81534,,,,,,,,,,,,,
34096,103,,,,,,,,,11,21,21,000000000000110000000000200000000007525510000000323220000000000000000000,,00106131,,,,,,,,54,6,0,9,9,106131,,3222111535321131312523535311223325515313232323212531321525231352151252115322151121,BAAACCCDBDBACCBCBCADABDBDBCCAABBADDCDBCBABABABACADBCBACDADABCBDACDCADACCDBAACDCCAC,ABAACCCDBDABCCBCBCADABBDBDCCAABBADCDBDBCABABABACADBCABCDADABBCADCDACADCCBDAACDCCAC,,,9,106131,,,,,,,,,,,,,,,53,22,000000000000000000000000000000000007223510000000235000000000233550000000,,bb40a320,,,,,,,,49,0,13,bb40a320,12800,81534,,32221115353211313125235353112233255153132323232125313215252313521512521153,BAAACCCDBDBACCBCBCADABDBDBCCAABBADDCDBCBABABABACADBCBACDADABCBDACDCADACCDB,ABAACCCDBDABCCBCBCADABBDBDCCAABBADCDBDBCABABABACADBCABCDADABBCADCDACADCCBD,,,9,81534,,,,,,,,,,,,,
34136,104,,,,,,,,,21,21,31,000000000000110000000000200000000007525511100000323220000000000000000000,,00106138,,,,,,,,55,7,0,7,7,106138,,322211153532113131252353531122332551531323232321253132152523135215125211532215112121,BAAACCCDBDBACCBCBCADABDBDBCCAABBADDCDBCBABABABACADBCBACDADABCBDACDCADACCDBAACDCCACAC,ABAACCCDBDABCCBCBCADABBDBDCCAABBADCDBDBCABABABACADBCABCDADABBCADCDACADCCBDAACDCCACAC,,,9,106138,,,,,,,,,,,,,,,53,22,000000000000000000000000000000000007223510000000235000000000233550000000,,bb40a320,,,,,,,,49,0,13,bb40a320,12800,81534,,32221115353211313125235353112233255153132323232125313215252313521512521153,BAAACCCDBDBACCBCBCADABDBDBCCAABBADDCDBCBABABABACADBCBACDADABCBDACDCADACCDB,ABAACCCDBDABCCBCBCADABBDBDCCAABBADCDBDBCABABABACADBCABCDADABBCADCDACADCCBD,,,9,81534,,,,,,,,,,,,,
34144,105,,,,,,,,,21,21,31,000000000000110000000000200000000007525511100000323220000000000000000000,,00106138,,,,,,,,55,7,0,7,7,106138,,322211153532113131252353531122332551531323232321253132152523135215125211532215112121,BAAACCCDBDBACCBCBCADABDBDBCCAABBADDCDBCBABABABACADBCBACDADABCBDACDCADACCDBAACDCCACAC,ABAACCCDBDABCCBCBCADABBDBDCCAABBADCDBDBCABABABACADBCABCDADABBCADCDACADCCBDAACDCCACAC,,,9,106138,,,,,,,,,,,,,,,53,22,000000000000000000000000000000000007351000000000350000000000335500000000,,bb40a352,,,,,,,,50,0,14,bb40a352,14080,95614,,32221115353211313125235353112233255153132323232125313215252313521512521153,BAAACCCDBDBACCBCBCADABDBDBCCAABBADDCDBCBABABABACADBCBACDADABCBDACDCADACCDB,ABAACCCDBDABCCBCBCADABBDBDCCAABBADCDBDBCABABABACADBCABCDADABBCADCDACADCCBD,,,9,95614,,,,,,,,,,,,,
34182,106,,,,,,,,,21,31,12,000000000000110000000000212000000007525511100000323220000000000000000000,,00106149,,,,,,,,56,8,0,11,11,106149,,32221115353211313125235353112233255153132323232125313215252313521512521153221511212131,BAAACCCDBDBACCBCBCADABDBDBCCAABBADDCDBCBABABABACADBCBACDADABCBDACDCADACCDBAACDCCACACBC,ABAACCCDBDABCCBCBCADABBDBDCCAABBADCDBDBCABABABACADBCABCDADABBCADCDACADCCBDAACDCCACACBC,,,9,106149,,,,,,,,,,,,,,,53,22,000000000000000000000000000000000007351000000000350000000000335500000000,,bb40a352,,,,,,,,50,0,14,bb40a352,14080,95614,,32221115353211313125235353112233255153132323232125313215252313521512521153,BAAACCCDBDBACCBCBCADABDBDBCCAABBADDCDBCBABABABACADBCBACDADABCBDACDCADACCDB,ABAACCCDBDABCCBCBCADABBDBDCCAABBADCDBDBCABABABACADBCABCDADABBCADCDACADCCBD,,,9,95614,,,,,,,,,,,,,
34221,107,,,,,,,,,31,12,55,000000000000110000000000212000000007525511121000323220000000000000000000,,00106155,,,,,,,,57,9,0,6,6,106155,,3222111535321131312523535311223325515313232323212531321525231352151252115322151121213112,BAAACCCDBDBACCBCBCADABDBDBCCAABBADDCDBCBABABABACADBCBACDADABCBDACDCADACCDBAACDCCACACBCCA,ABAACCCDBDABCCBCBCADABBDBDCCAABBADCDBDBCABABABACADBCABCDADABBCADCDACADCCBDAACDCCACACBCAC,,,9,106155,,,,,,,,,,,,,,,53,22,000000000000000000000000000000000007351000000000350000000000335500000000,,bb40a352,,,,,,,,50,0,14,bb40a352,14080,95614,,32221115353211313125235353112233255153132323232125313215252313521512521153,BAAACCCDBDBACCBCBCADABDBDBCCAABBADDCDBCBABABABACADBCBACDADABCBDACDCADACCDB,ABAACCCDBDABCCBCBCADABBDBDCCAABBADCDBDBCABABABACADBCABCDADABBCADCDACADCCBD,,,9,95614,,,,,,,,,,,,,
34225,108,,,,,,,,,31,12,55,000000000000110000000000212000000007525511121000323220000000000000000000,,00106155,,,,,,,,57,9,0,6,6,106155,,3222111535321131312523535311223325515313232323212531321525231352151252115322151121213112,BAAACCCDBDBACCBCBCADABDBDBCCAABBADDCDBCBABABABACADBCBACDADABCBDACDCADACCDBAACDCCACACBCCA,ABAACCCDBDABCCBCBCADABBDBDCCAABBADCDBDBCABABABACADBCABCDADABBCADCDACADCCBDAACDCCACACBCAC,,,9,106155,,,,,,,,,,,,,,,53,22,000000000000000000000000000000000007510000000000500000000000550000000000,,bb40a384,,,,,,,,51,0,15,bb40a384,15360,110974,,32221115353211313125235353112233255153132323232125313215252313521512521153,BAAACCCDBDBACCBCBCADABDBDBCCAABBADDCDBCBABABABACADBCBACDADABCBDACDCADACCDB,ABAACCCDBDABCCBCBCADABBDBDCCAABBADCDBDBCABABABACADBCABCDADABBCADCDACADCCBD,,,9,110974,,,,,,,,,,,,,
34231,109,,,,,,,,,31,12,55,000000000000110000000000212000000007525511121000323220000000000000000000,,00106155,,,,,,,,57,9,0,6,6,106155,,3222111535321131312523535311223325515313232323212531321525231352151252115322151121213112,BAAACCCDBDBACCBCBCADABDBDBCCAABBADDCDBCBABABABACADBCBACDADABCBDACDCADACCDBAACDCCACACBCCA,ABAACCCDBDABCCBCBCADABBDBDCCAABBADCDBDBCABABABACADBCABCDADABBCADCDACADCCBDAACDCCACACBCAC,,,9,106155,,,,,,,,,,,,,,53,53,22,000000000000000000000000000000000007510000000000500000000000550000000000,,bb40a384,,,,,,,,52,1,0,bb40a384,15360,110974,,3222111535321131312523535311223325515313232323212531321525231352151252115353,BAAACCCDBDBACCBCBCADABDBDBCCAABBADDCDBCBABABABACADBCBACDADABCBDACDCADACCDBDB,ABAACCCDBDABCCBCBCADABBDBDCCAABBADCDBDBCABABABACADBCABCDADABBCADCDACADCCBDBD,,,9,110974,,,,,,,,,,,,,
34252,110,,,,,,,,,12,55,55,000000000000110000000000212000000007525511121130323220000000000000000000,,00106158,,,,,,,,58,10,0,3,3,106158,,322211153532113131252353531122332551531323232321253132152523135215125211532215112121311255,BAAACCCDBDBACCBCBCADABDBDBCCAABBADDCDBCBABABABACADBCBACDADABCBDACDCADACCDBAACDCCACACBCCADD,ABAACCCDBDABCCBCBCADABBDBDCCAABBADCDBDBCABABABACADBCABCDADABBCADCDACADCCBDAACDCCACACBCACDD,,,9,106158,,,,,,,,,,,,,,53,53,22,000000000000000000000000000000000007510000000000500000000000550000000000,,bb40a384,,,,,,,,52,1,0,bb40a384,15360,110974,,3222111535321131312523535311223325515313232323212531321525231352151252115353,BAAACCCDBDBACCBCBCADABDBDBCCAABBADDCDBCBABABABACADBCBACDADABCBDACDCADACCDBDB,ABAACCCDBDABCCBCBCADABBDBDCCAABBADCDBDBCABABABACADBCABCDADABBCADCDACADCCBDBD,,,9,110974,,,,,,,,,,,,,
34316,111,,,,,,,,,12,55,55,000000000000110000000000212000000007525511121130323220000000000000000000,,00106158,,,,,,,,58,10,0,3,3,106158,,322211153532113131252353531122332551531323232321253132152523135215125211532215112121311255,BAAACCCDBDBACCBCBCADABDBDBCCAABBADDCDBCBABABABACADBCBACDADABCBDACDCADACCDBAACDCCACACBCCADD,ABAACCCDBDABCCBCBCADABBDBDCCAABBADCDBDBCABABABACADBCABCDADABBCADCDACADCCBDAACDCCACACBCACDD,,,9,106158,,,,,,,,,,,,,,53,22,15,000000000000000000000000000000000007100000000000000000000000000000000000,,00110975,,,,,,,,53,2,0,1,1,110975,,322211153532113131252353531122332551531323232321253132152523135215125211535322,BAAACCCDBDBACCBCBCADABDBDBCCAABBADDCDBCBABABABACADBCBACDADABCBDACDCADACCDBDBAA,ABAACCCDBDABCCBCBCADABBDBDCCAABBADCDBDBCABABABACADBCABCDADABBCADCDACADCCBDBDAA,,,9,110975,,,,,,,,,,,,,
34333,112,,,,,,,,,55,55,15,000000000000110000000000212000000007525511121130323222000000100000000000,,00106166,,,,,,,,59,11,0,8,8,106166,,32221115353211313125235353112233255153132323232125313215252313521512521153221511212131125555,BAAACCCDBDBACCBCBCADABDBDBCCAABBADDCDBCBABABABACADBCBACDADABCBDACDCADACCDBAACDCCACACBCCADDDD,ABAACCCDBDABCCBCBCADABBDBDCCAABBADCDBDBCABABABACADBCABCDADABBCADCDACADCCBDAACDCCACACBCACDDDD,,,9,106166,,,,,,,,,,,,,,53,22,15,000000000000000000000000000000000007100000000000000000000000000000000000,,00110975,,,,,,,,53,2,0,1,1,110975,,322211153532113131252353531122332551531323232321253132152523135215125211535322,BAAACCCDBDBACCBCBCADABDBDBCCAABBADDCDBCBABABABACADBCBACDADABCBDACDCADACCDBDBAA,ABAACCCDBDABCCBCBCADABBDBDCCAABBADCDBDBCABABABACADBCABCDADABBCADCDACADCCBDBDAA,,,9,110975,,,,,,,,,,,,,
34364,113,,,,,,,,,55,55,15,000000000000110000000000212000000007525511121130323222000000100000000000,,00106166,,,,,,,,59,11,0,8,8,106166,,32221115353211313125235353112233255153132323232125313215252313521512521153221511212131125555,BAAACCCDBDBACCBCBCADABDBDBCCAABBADDCDBCBABABABACADBCBACDADABCBDACDCADACCDBAACDCCACACBCCADDDD,ABAACCCDBDABCCBCBCADABBDBDCCAABBADCDBDBCABABABACADBCABCDADABBCADCDACADCCBDAACDCCACACBCACDDDD,,,9,106166,,,,,,,,,,,,,,22,15,11,000000000000350000000000000000000007100000000000000000000000000000000000,,00110987,,,,,,,,54,3,0,12,12,110987,,32221115353211313125235353112233255153132323232125313215252313521512521153532215,BAAACCCDBDBACCBCBCADABDBDBCCAABBADDCDBCBABABABACADBCBACDADABCBDACDCADACCDBDBAACD,ABAACCCDBDABCCBCBCADABBDBDCCAABBADCDBDBCABABABACADBCABCDADABBCADCDACADCCBDBDAACD,,,9,110987,,,,,,,,,,,,,
34395,114,,,,,,,,,,55,15,000000000000110000000000212550000007525511121130323222000000100000000000,,bb40abb1,,,,,,,,60,0,1,bb40abb1,40,106206,,32221115353211313125235353112233255153132323232125313215252313521512521153221511212131125555,BAAACCCDBDBACCBCBCADABDBDBCCAABBADDCDBCBABABABACADBCBACDADABCBDACDCADACCDBAACDCCACACBCCADDDD,ABAACCCDBDABCCBCBCADABBDBDCCAABBADCDBDBCABABABACADBCABCDADABBCADCDACADCCBDAACDCCACACBCACDDDD,,,9,106206,,,,,,,,,,,,,,22,15,11,000000000000350000000000000000000007100000000000000000000000000000000000,,00110987,,,,,,,,54,3,0,12,12,110987,,32221115353211313125235353112233255153132323232125313215252313521512521153532215,BAAACCCDBDBACCBCBCADABDBDBCCAABBADDCDBCBABABABACADBCBACDADABCBDACDCADACCDBDBAACD,ABAACCCDBDABCCBCBCADABBDBDCCAABBADCDBDBCABABABACADBCABCDADABBCADCDACADCCBDBDAACD,,,9,110987,,,,,,,,,,,,,
34427,115,,,,,,,,,,55,15,000000000000110000000000212550000007525511121130323222000000100000000000,,bb40abb1,,,,,,,,60,0,1,bb40abb1,40,106206,,32221115353211313125235353112233255153132323232125313215252313521512521153221511212131125555,BAAACCCDBDBACCBCBCADABDBDBCCAABBADDCDBCBABABABACADBCBACDADABCBDACDCADACCDBAACDCCACACBCCADDDD,ABAACCCDBDABCCBCBCADABBDBDCCAABBADCDBDBCABABABACADBCABCDADABBCADCDACADCCBDAACDCCACACBCACDDDD,,,9,106206,,,,,,,,,,,,,,15,11,21,220000000000350000000000000000000007100000000000000000000000000000000000,,00110999,,,,,,,,55,4,0,12,12,110999,,3222111535321131312523535311223325515313232323212531321525231352151252115353221511,BAAACCCDBDBACCBCBCADABDBDBCCAABBADDCDBCBABABABACADBCBACDADABCBDACDCADACCDBDBAACDCC,ABAACCCDBDABCCBCBCADABBDBDCCAABBADCDBDBCABABABACADBCABCDADABBCADCDACADCCBDBDAACDCC,,,9,110999,,,,,,,,,,,,,
34476,116,,,,,,,,,,55,15,000000000000110000000000212550000007525511121130323222000000100000000000,,bb40abb1,,,,,,,,60,0,1,bb40abb1,40,106206,,32221115353211313125235353112233255153132323232125313215252313521512521153221511212131125555,BAAACCCDBDBACCBCBCADABDBDBCCAABBADDCDBCBABABABACADBCBACDADABCBDACDCADACCDBAACDCCACACBCCADDDD,ABAACCCDBDABCCBCBCADABBDBDCCAABBADCDBDBCABABABACADBCABCDADABBCADCDACADCCBDAACDCCACACBCACDDDD,,,9,106206,,,,,,,,,,,,,,11,21,21,220000000000350000000000150000000007100000000000000000000000000000000000,,00111012,,,,,,,,56,5,0,13,13,111012,,322211153532113131252353531122332551531323232321253132152523135215125211535322151121,BAAACCCDBDBACCBCBCADABDBDBCCAABBADDCDBCBABABABACADBCBACDADABCBDACDCADACCDBDBAACDCCAC,ABAACCCDBDABCCBCBCADABBDBDCCAABBADCDBDBCABABABACADBCABCDADABBCADCDACADCCBDBDAACDCCAC,,,9,111012,,,,,,,,,,,,,
34477,117,,,,,,,,,,55,15,000000000000110000000000212000000007521112113000323222000000100000000000,,bb40abb8,,,,,,,,61,0,2,bb40abb8,320,106526,,32221115353211313125235353112233255153132323232125313215252313521512521153221511212131125555,BAAACCCDBDBACCBCBCADABDBDBCCAABBADDCDBCBABABABACADBCBACDADABCBDACDCADACCDBAACDCCACACBCCADDDD,ABAACCCDBDABCCBCBCADABBDBDCCAABBADCDBDBCABABABACADBCABCDADABBCADCDACADCCBDAACDCCACACBCACDDDD,,,9,106526,,,,,,,,,,,,,,11,21,21,220000000000350000000000150000000007100000000000000000000000000000000000,,00111012,,,,,,,,56,5,0,13,13,111012,,322211153532113131252353531122332551531323232321253132152523135215125211535322151121,BAAACCCDBDBACCBCBCADABDBDBCCAABBADDCDBCBABABABACADBCBACDADABCBDACDCADACCDBDBAACDCCAC,ABAACCCDBDABCCBCBCADABBDBDCCAABBADCDBDBCABABABACADBCABCDADABBCADCDACADCCBDBDAACDCCAC,,,9,111012,,,,,,,,,,,,,
34523,118,,,,,,,,,,55,15,000000000000110000000000212000000007521112113000323222000000100000000000,,bb40abb8,,,,,,,,61,0,2,bb40abb8,320,106526,,32221115353211313125235353112233255153132323232125313215252313521512521153221511212131125555,BAAACCCDBDBACCBCBCADABDBDBCCAABBADDCDBCBABABABACADBCBACDADABCBDACDCADACCDBAACDCCACACBCCADDDD,ABAACCCDBDABCCBCBCADABBDBDCCAABBADCDBDBCABABABACADBCABCDADABBCADCDACADCCBDAACDCCACACBCACDDDD,,,9,106526,,,,,,,,,,,,,,21,21,31,220000000000350000000000151100000007100000000000000000000000000000000000,,00111022,,,,,,,,57,6,0,10,10,111022,,32221115353211313125235353112233255153132323232125313215252313521512521153532215112121,BAAACCCDBDBACCBCBCADABDBDBCCAABBADDCDBCBABABABACADBCBACDADABCBDACDCADACCDBDBAACDCCACAC,ABAACCCDBDABCCBCBCADABBDBDCCAABBADCDBDBCABABABACADBCABCDADABBCADCDACADCCBDBDAACDCCACAC,,,9,111022,,,,,,,,,,,,,
34558,119,,,,,,,,,,55,15,000000000000110000000000212000000007521111130000323000000000100000000000,,bb50ab18,,,,,,,,62,0,3,bb50ab18,900,107426,,32221115353211313125235353112233255153132323232125313215252313521512521153221511212131125555,BAAACCCDBDBACCBCBCADABDBDBCCAABBADDCDBCBABABABACADBCBACDADABCBDACDCADACCDBAACDCCACACBCCADDDD,ABAACCCDBDABCCBCBCADABBDBDCCAABBADCDBDBCABABABACADBCABCDADABBCADCDACADCCBDAACDCCACACBCACDDDD,,,9,107426,,,,,,,,,,,,,,21,21,31,220000000000350000000000151100000007100000000000000000000000000000000000,,00111022,,,,,,,,57,6,0,10,10,111022,,32221115353211313125235353112233255153132323232125313215252313521512521153532215112121,BAAACCCDBDBACCBCBCADABDBDBCCAABBADDCDBCBABABABACADBCBACDADABCBDACDCADACCDBDBAACDCCACAC,ABAACCCDBDABCCBCBCADABBDBDCCAABBADCDBDBCABABABACADBCABCDADABBCADCDACADCCBDBDAACDCCACAC,,,9,111022,,,,,,,,,,,,,
34570,120,,,,,,,,,,55,15,000000000000110000000000212000000007521111130000323000000000100000000000,,bb50ab18,,,,,,,,62,0,3,bb50ab18,900,107426,,32221115353211313125235353112233255153132323232125313215252313521512521153221511212131125555,BAAACCCDBDBACCBCBCADABDBDBCCAABBADDCDBCBABABABACADBCBACDADABCBDACDCADACCDBAACDCCACACBCCADDDD,ABAACCCDBDABCCBCBCADABBDBDCCAABBADCDBDBCABABABACADBCABCDADABBCADCDACADCCBDAACDCCACACBCACDDDD,,,9,107426,,,,,,,,,,,,,,21,31,12,222000000000351000000000151100000007100000000000000000000000000000000000,,00111033,,,,,,,,58,7,0,11,11,111033,,3222111535321131312523535311223325515313232323212531321525231352151252115353221511212131,BAAACCCDBDBACCBCBCADABDBDBCCAABBADDCDBCBABABABACADBCBACDADABCBDACDCADACCDBDBAACDCCACACBC,ABAACCCDBDABCCBCBCADABBDBDCCAABBADCDBDBCABABABACADBCABCDADABBCADCDACADCCBDBDAACDCCACACBC,,,9,111033,,,,,,,,,,,,,
34616,121,,,,,,,,,,55,15,000000000000110000000000212000000007521111130000323000000000100000000000,,bb50ab18,,,,,,,,62,0,3,bb50ab18,900,107426,,32221115353211313125235353112233255153132323232125313215252313521512521153221511212131125555,BAAACCCDBDBACCBCBCADABDBDBCCAABBADDCDBCBABABABACADBCBACDADABCBDACDCADACCDBAACDCCACACBCCADDDD,ABAACCCDBDABCCBCBCADABBDBDCCAABBADCDBDBCABABABACADBCABCDADABBCADCDACADCCBDAACDCCACACBCACDDDD,,,9,107426,,,,,,,,,,,,,,31,12,55,222100000000351200000000151100000007100000000000000000000000000000000000,,00111043,,,,,,,,59,8,0,10,10,111043,,322211153532113131252353531122332551531323232321253132152523135215125211535322151121213112,BAAACCCDBDBACCBCBCADABDBDBCCAABBADDCDBCBABABABACADBCBACDADABCBDACDCADACCDBDBAACDCCACACBCCA,ABAACCCDBDABCCBCBCADABBDBDCCAABBADCDBDBCABABABACADBCABCDADABBCADCDACADCCBDBDAACDCCACACBCAC,,,9,111043,,,,,,,,,,,,,
34660,122,,,,,,,,,,55,15,000000000000110000000000212000000007521111130000323000000000100000000000,,bb50ab18,,,,,,,,62,0,3,bb50ab18,900,107426,,32221115353211313125235353112233255153132323232125313215252313521512521153221511212131125555,BAAACCCDBDBACCBCBCADABDBDBCCAABBADDCDBCBABABABACADBCBACDADABCBDACDCADACCDBAACDCCACACBCCADDDD,ABAACCCDBDABCCBCBCADABBDBDCCAABBADCDBDBCABABABACADBCABCDADABBCADCDACADCCBDAACDCCACACBCACDDDD,,,9,107426,,,,,,,,,,,,,,12,55,55,222113000000351200000000151100000007100000000000000000000000000000000000,,00111051,,,,,,,,60,9,0,8,8,111051,,32221115353211313125235353112233255153132323232125313215252313521512521153532215112121311255,BAAACCCDBDBACCBCBCADABDBDBCCAABBADDCDBCBABABABACADBCBACDADABCBDACDCADACCDBDBAACDCCACACBCCADD,ABAACCCDBDABCCBCBCADABBDBDCCAABBADCDBDBCABABABACADBCABCDADABBCADCDACADCCBDBDAACDCCACACBCACDD,,,9,111051,,,,,,,,,,,,,
34702,123,,,,,,,,,,55,15,000000000000110000000000212000000007521111130000323000000000100000000000,,bb50ab18,,,,,,,,62,0,3,bb50ab18,900,107426,,32221115353211313125235353112233255153132323232125313215252313521512521153221511212131125555,BAAACCCDBDBACCBCBCADABDBDBCCAABBADDCDBCBABABABACADBCBACDADABCBDACDCADACCDBAACDCCACACBCCADDDD,ABAACCCDBDABCCBCBCADABBDBDCCAABBADCDBDBCABABABACADBCABCDADABBCADCDACADCCBDAACDCCACACBCACDDDD,,,9,107426,,,,,,,,,,,,,,55,55,15,222113000000351221000000151100000007100000000000000000000000000000000000,,00111059,,,,,,,,61,10,0,8,8,111059,,3222111535321131312523535311223325515313232323212531321525231352151252115353221511212131125555,BAAACCCDBDBACCBCBCADABDBDBCCAABBADDCDBCBABABABACADBCBACDADABCBDACDCADACCDBDBAACDCCACACBCCADDDD,ABAACCCDBDABCCBCBCADABBDBDCCAABBADCDBDBCABABABACADBCABCDADABBCADCDACADCCBDBDAACDCCACACBCACDDDD,,,9,111059,,,,,,,,,,,,,
34743,124,,,,,,,,,55,15,15,666660000000116666600000212666660007523666660000323666660000166666000000,,00107435,,,,,,,,63,1,0,9,9,107435,,3222111535321131312523535311223325515313232323212531321525231352151252115322151121213112555515,BAAACCCDBDBACCBCBCADABDBDBCCAABBADDCDBCBABABABACADBCBACDADABCBDACDCADACCDBAACDCCACACBCCADDDDCD,ABAACCCDBDABCCBCBCADABBDBDCCAABBADCDBDBCABABABACADBCABCDADABBCADCDACADCCBDAACDCCACACBCACDDDDCD,,,9,107435,,,,,,,,,,,,,,55,55,15,222113000000351221000000151100000007100000000000000000000000000000000000,,00111059,,,,,,,,61,10,0,8,8,111059,,3222111535321131312523535311223325515313232323212531321525231352151252115353221511212131125555,BAAACCCDBDBACCBCBCADABDBDBCCAABBADDCDBCBABABABACADBCBACDADABCBDACDCADACCDBDBAACDCCACACBCCADDDD,ABAACCCDBDABCCBCBCADABBDBDCCAABBADCDBDBCABABABACADBCABCDADABBCADCDACADCCBDBDAACDCCACACBCACDDDD,,,9,111059,,,,,,,,,,,,,
34772,125,,,,,,,,,55,15,15,666660000000116666600000212666660007523666660000323666660000166666000000,,00107435,,,,,,,,63,1,0,9,9,107435,,3222111535321131312523535311223325515313232323212531321525231352151252115322151121213112555515,BAAACCCDBDBACCBCBCADABDBDBCCAABBADDCDBCBABABABACADBCBACDADABCBDACDCADACCDBAACDCCACACBCCADDDDCD,ABAACCCDBDABCCBCBCADABBDBDCCAABBADCDBDBCABABABACADBCABCDADABBCADCDACADCCBDAACDCCACACBCACDDDDCD,,,9,107435,,,,,,,,,,,,,,55,15,15,222113000000351221000000151150000007150000000000000000000000000000000000,,001b1068,,,,,,,,62,11,0,8,8,111059,,322211153532113131252353531122332551531323232321253132152523135215125211535322151121213112555515,BAAACCCDBDBACCBCBCADABDBDBCCAABBADDCDBCBABABABACADBCBACDADABCBDACDCADACCDBDBAACDCCACACBCCADDDDCD,ABAACCCDBDABCCBCBCADABBDBDCCAABBADCDBDBCABABABACADBCABCDADABBCADCDACADCCBDBDAACDCCACACBCACDDDDCD,,,9,111059,,,,,,,,,,,,,
34810,126,,,,,,,,,55,15,15,666660000000116666600000212666660007523666660000323666660000166666000000,,00107435,,,,,,,,63,1,0,9,9,107435,,3222111535321131312523535311223325515313232323212531321525231352151252115322151121213112555515,BAAACCCDBDBACCBCBCADABDBDBCCAABBADDCDBCBABABABACADBCBACDADABCBDACDCADACCDBAACDCCACACBCCADDDDCD,ABAACCCDBDABCCBCBCADABBDBDCCAABBADCDBDBCABABABACADBCABCDADABBCADCDACADCCBDAACDCCACACBCACDDDDCD,,,9,107435,,,,,,,,,,,,,,15,15,23,222113000000351221000000151155500007150000000000000000000000000000000000,,00111075,,,,,,,,63,12,0,16,16,111075,,32221115353211313125235353112233255153132323232125313215252313521512521153532215112121311255551515,BAAACCCDBDBACCBCBCADABDBDBCCAABBADDCDBCBABABABACADBCBACDADABCBDACDCADACCDBDBAACDCCACACBCCADDDDCDCD,ABAACCCDBDABCCBCBCADABBDBDCCAABBADCDBDBCABABABACADBCABCDADABBCADCDACADCCBDBDAACDCCACACBCACDDDDCDCD,,,9,111075,,,,,,,,,,,,,
34829,127,,,,,,,,,,15,15,666666660000116666666600212666665566523666666660323666666666166666666600,,00107439,,,,,lose,,,64,1,0,4,4,107439,,3222111535321131312523535311223325515313232323212531321525231352151252115322151121213112555515,BAAACCCDBDBACCBCBCADABDBDBCCAABBADDCDBCBABABABACADBCBACDADABCBDACDCADACCDBAACDCCACACBCCADDDDCD,ABAACCCDBDABCCBCBCADABBDBDCCAABBADCDBDBCABABABACADBCABCDADABBCADCDACADCCBDAACDCCACACBCACDDDDCD,,,9,107439,,,,,,,,,,,,,,15,15,23,222113000000351221000000151155500007150000000000000000000000000000000000,,00111075,,,,,,,,63,12,0,16,16,111075,,32221115353211313125235353112233255153132323232125313215252313521512521153532215112121311255551515,BAAACCCDBDBACCBCBCADABDBDBCCAABBADDCDBCBABABABACADBCBACDADABCBDACDCADACCDBDBAACDCCACACBCCADDDDCDCD,ABAACCCDBDABCCBCBCADABBDBDCCAABBADCDBDBCABABABACADBCABCDADABBCADCDACADCCBDBDAACDCCACACBCACDDDDCDCD,,,9,111075,,,,,,,,,,,,,
34837,127,,,,,,,,,,15,15,666666660000116666666600212666665566523666666660323666666666166666666600,,00107439,,,,,lose,,,64,1,0,4,4,107439,,3222111535321131312523535311223325515313232323212531321525231352151252115322151121213112555515,BAAACCCDBDBACCBCBCADABDBDBCCAABBADDCDBCBABABABACADBCBACDADABCBDACDCADACCDBAACDCCACACBCCADDDDCD,ABAACCCDBDABCCBCBCADABBDBDCCAABBADCDBDBCABABABACADBCABCDADABBCADCDACADCCBDAACDCCACACBCACDDDDCD,,,9,107439,,,,,,,,,,,,,,,15,23,222113000000301221150000151155500007150000000000000000000000000000000000,,00111082,,,,,win,,,64,12,0,7,7,111082,,32221115353211313125235353112233255153132323232125313215252313521512521153532215112121311255551515,BAAACCCDBDBACCBCBCADABDBDBCCAABBADDCDBCBABABABACADBCBACDADABCBDACDCADACCDBDBAACDCCACACBCCADDDDCDCD,ABAACCCDBDABCCBCBCADABBDBDCCAABBADCDBDBCABABABACADBCABCDADABBCADCDACADCCBDBDAACDCCACACBCACDDDDCDCD,,,9,111082,,,,,,,,,,,,,
