10546,0,,,,,,,,,,25,24,000000000000000000000000000000000007000000000000000000000000000000000000,000000,00000000,,,,,,,,0,0,0,0,0,0,,25,AB,AB,,,0,0,,,,,,,,,,,,,,,25,24,000000000000000000000000000000000007000000000000000000000000000000000000,000000,00000000,,,,,,,,0,0,0,0,0,0,,25,AB,AB,,,0,0,,,,,,,,,,,,,
10696,2,,,,,,,,,25,24,22,000000000000000000000000000000000007000000000000000000000000000000000000,,00000000,,,,,,,,1,1,0,0,0,0,,2524,ABAC,ABAC,,,0,0,,,,,,,,,,,,,,25,24,22,000000000000000000000000000000000007000000000000000000000000000000000000,,00000000,,,,,,,,1,1,0,0,0,0,,2524,ABAC,ABAC,,,0,0,,,,,,,,,,,,,
10751,3,,,,,,,,,25,24,22,000000000000000000000000000000000007000000000000000000000000000000000000,,00000000,,,,,,,,1,1,0,0,0,0,,2524,ABAC,ABAC,,,0,0,,,,,,,,,,,,,,24,22,52,200000000000500000000000000000000007000000000000000000000000000000000000,,00000013,,,,,,,,2,2,0,13,13,13,,252422,ABACAA,ABACAA,,,0,13,,,,,,,,,,,,,
10755,4,,,,,,,,,24,22,52,250000000000000000000000000000000007000000000000000000000000000000000000,,00000013,,,,,,,,2,2,0,13,13,13,,252422,ABACAA,ABACAA,,,0,13,,,,,,,,,,,,,,24,22,52,200000000000500000000000000000000007000000000000000000000000000000000000,,00000013,,,,,,,,2,2,0,13,13,13,,252422,ABACAA,ABACAA,,,0,13,,,,,,,,,,,,,
10802,5,,,,,,,,,24,22,52,250000000000000000000000000000000007000000000000000000000000000000000000,,00000013,,,,,,,,2,2,0,13,13,13,,252422,ABACAA,ABACAA,,,0,13,,,,,,,,,,,,,,22,52,23,220000000000540000000000000000000007000000000000000000000000000000000000,,00000025,,,,,,,,3,3,0,12,12,25,,25242252,ABACAABA,ABACAAAB,,,0,25,,,,,,,,,,,,,
10804,6,,,,,,,,,22,52,23,250000000000200000000000400000000007000000000000000000000000000000000000,,00000026,,,,,,,,3,3,0,13,13,26,,25242252,ABACAABA,ABACAAAB,,,0,26,,,,,,,,,,,,,,22,52,23,220000000000540000000000000000000007000000000000000000000000000000000000,,00000025,,,,,,,,3,3,0,12,12,25,,25242252,ABACAABA,ABACAAAB,,,0,25,,,,,,,,,,,,,
10856,7,,,,,,,,,52,23,53,250000000000200000000000400000000007200000000000200000000000000000000000,,00000039,,,,,,,,4,4,0,13,13,39,,2524225223,ABACAABAAD,ABACAAABAD,,,0,39,,,,,,,,,,L_T1_GTR03_41100002,,,,22,52,23,220000000000540000000000000000000007000000000000000000000000000000000000,,00000025,,,,,,,,3,3,0,12,12,25,,25242252,ABACAABA,ABACAAAB,,,0,25,,,,,,,,,,,,,
10858,8,,,,,,,,,52,23,53,250000000000200000000000400000000007200000000000200000000000000000000000,,00000039,,,,,,,,4,4,0,13,13,39,,2524225223,ABACAABAAD,ABACAAABAD,,,0,39,,,,,,,,,,L_T1_GTR03_41100002,,,,52,23,53,220000000000540000000000000000000007000000000000200000000000200000000000,,00000038,,,,,,,,4,4,0,13,13,38,,2524225223,ABACAABAAD,ABACAAABAD,,,0,38,,,,,,,,,,,,,
10905,9,,,,,,,,,23,53,45,250000000000250000000000420000000007200000000000200000000000000000000000,,00000052,,,,,,,,5,5,0,13,13,52,,252422522353,ABACAABAADBD,ABACAAABADBD,,,0,52,,,,,,,,,,L_T1_GTR03_51000001,,,,52,23,53,220000000000540000000000000000000007000000000000200000000000200000000000,,00000038,,,,,,,,4,4,0,13,13,38,,2524225223,ABACAABAAD,ABACAAABAD,,,0,38,,,,,,,,,,,,,
10906,10,,,,,,,,,23,53,45,250000000000250000000000420000000007200000000000200000000000000000000000,,00000052,,,,,,,,5,5,0,13,13,52,,252422522353,ABACAABAADBD,ABACAAABADBD,,,0,52,,,,,,,,,,L_T1_GTR03_51000001,,,,23,53,45,220000000000540000000000500000000007200000000000200000000000200000000000,,00000051,,,,,,,,5,5,0,13,13,51,,252422522353,ABACAABAADBD,ABACAAABADBD,,,0,51,,,,,,,,,,,,,
10953,11,,,,,,,,,53,45,35,250000000000252300000000420000000007200000000000200000000000000000000000,,00000062,,,,,,,,6,6,0,10,10,62,,25242252235345,ABACAABAADBDCB,ABACAAABADBDBC,,,0,62,,,,,L_T1_GTR___hekomi__,,,,,L_T1_GTR03_51000001,,,,23,53,45,220000000000540000000000500000000007200000000000200000000000200000000000,,00000051,,,,,,,,5,5,0,13,13,51,,252422522353,ABACAABAADBD,ABACAAABADBD,,,0,51,,,,,,,,,,,,,
10959,12,,,,,,,,,53,45,35,250000000000252300000000420000000007200000000000200000000000000000000000,,00000062,,,,,,,,6,6,0,10,10,62,,25242252235345,ABACAABAADBDCB,ABACAAABADBDBC,,,0,62,,,,,L_T1_GTR___hekomi__,,,,,L_T1_GTR03_51000001,,,,53,45,35,222000000000543000000000500000000007200000000000200000000000200000000000,,00000062,,,,,,,,6,6,0,11,11,62,,25242252235345,ABACAABAADBDCB,ABACAAABADBDBC,,,0,62,,,,,,,,,,,,,
11002,13,,,,,,,,,45,35,25,255300000000252300000000420000000007200000000000200000000000000000000000,,00000073,,,,,,,,7,7,0,11,11,73,,2524225223534535,ABACAABAADBDCBDB,ABACAAABADBDBCBD,,,0,73,,,,,L_T1_GTR___standard,,,,,L_T1_GTR03_51000001/L_T1_GTR03_33000001,,,,53,45,35,222000000000543000000000500000000007200000000000200000000000200000000000,,00000062,,,,,,,,6,6,0,11,11,62,,25242252235345,ABACAABAADBDCB,ABACAAABADBDBC,,,0,62,,,,,,,,,,,,,
11004,14,,,,,,,,,45,35,25,255300000000252300000000420000000007200000000000200000000000000000000000,,00000073,,,,,,,,7,7,0,11,11,73,,2524225223534535,ABACAABAADBDCBDB,ABACAAABADBDBCBD,,,0,73,,,,,L_T1_GTR___standard,,,,,L_T1_GTR03_51000001/L_T1_GTR03_33000001,,,,45,35,25,222500000000543300000000500000000007200000000000200000000000200000000000,,00000072,,,,,,,,7,7,0,10,10,72,,2524225223534535,ABACAABAADBDCBDB,ABACAAABADBDBCBD,,,0,72,,,,,,,,,,,,,
11053,15,,,,,,,,,35,25,22,255300000000252300000000420000000007245000000000200000000000000000000000,,00000085,,,,,,,,8,8,0,12,12,85,,252422522353453525,ABACAABAADBDCBDBAB,ABACAAABADBDBCBDAB,,,0,85,,,,,L_T1_GTR___standard,,,,,L_T1_GTR03_51000001/L_T1_GTR03_33000001,,,,45,35,25,222500000000543300000000500000000007200000000000200000000000200000000000,,00000072,,,,,,,,7,7,0,10,10,72,,2524225223534535,ABACAABAADBDCBDB,ABACAAABADBDBCBD,,,0,72,,,,,,,,,,,,,
11055,16,,,,,,,,,35,25,22,255300000000252300000000420000000007245000000000200000000000000000000000,,00000085,,,,,,,,8,8,0,12,12,85,,252422522353453525,ABACAABAADBDCBDBAB,ABACAAABADBDBCBDAB,,,0,85,,,,,L_T1_GTR___standard,,,,,L_T1_GTR03_51000001/L_T1_GTR03_33000001,,,,35,25,22,222500000000543300000000540000000007250000000000200000000000200000000000,,00000084,,,,,,,,8,8,0,12,12,84,,252422522353453525,ABACAABAADBDCBDBAB,ABACAAABADBDBCBDAB,,,0,84,,,,,,,,,,,,,
11096,17,,,,,,,,,25,22,24,255353000000252300000000420000000007245000000000200000000000000000000000,,00000093,,,,,,,,9,9,0,8,8,93,,25242252235345352522,ABACAABAADBDCBDBABAA,ABACAAABADBDBCBDABAA,,,0,93,,,,,L_T1_GTR___standard,,,,,L_T1_GTR03_51000001/L_T1_GTR03_33000001,,,,35,25,22,222500000000543300000000540000000007250000000000200000000000200000000000,,00000084,,,,,,,,8,8,0,12,12,84,,252422522353453525,ABACAABAADBDCBDBAB,ABACAAABADBDBCBDAB,,,0,84,,,,,,,,,,,,,
11100,18,,,,,,,,,25,22,24,255353000000252300000000420000000007245000000000200000000000000000000000,,00000093,,,,,,,,9,9,0,8,8,93,,25242252235345352522,ABACAABAADBDCBDBABAA,ABACAAABADBDBCBDABAA,,,0,93,,,,,L_T1_GTR___standard,,,,,L_T1_GTR03_51000001/L_T1_GTR03_33000001,,,,25,22,24,222500000000543300000000543000000007255000000000200000000000200000000000,,00000095,,,,,,,,9,9,0,11,11,95,,25242252235345352522,ABACAABAADBDCBDBABAA,ABACAAABADBDBCBDABAA,,,0,95,,,,,,,,,,,,,
11143,19,,,,,,,,,25,22,24,255353000000252300000000420000000007245000000000200000000000000000000000,,00000093,,,,,,,,9,9,0,8,8,93,,25242252235345352522,ABACAABAADBDCBDBABAA,ABACAAABADBDBCBDABAA,,,0,93,,,,,L_T1_GTR___standard,,,,,L_T1_GTR03_51000001/L_T1_GTR03_33000001,,,,22,24,43,222550000000543320000000543000000007255000000000200000000000200000000000,,00000104,,,,,,,,10,10,0,9,9,104,,2524225223534535252224,ABACAABAADBDCBDBABAAAC,ABACAAABADBDBCBDABAAAC,,,0,104,,,,,,,,,,,,,
11152,20,,,,,,,,,22,24,43,255353000000252300000000420000000007245000000000200000000000250000000000,,00000106,,,,,,,,10,10,0,13,13,106,,2524225223534535252224,ABACAABAADBDCBDBABAAAC,ABACAAABADBDBCBDABAAAC,,,0,106,,,,,L_T1_GTR___standard,,,,,L_T1_GTR03_33000001,,,,22,24,43,222550000000543320000000543000000007255000000000200000000000200000000000,,00000104,,,,,,,,10,10,0,9,9,104,,2524225223534535252224,ABACAABAADBDCBDBABAAAC,ABACAAABADBDBCBDABAAAC,,,0,104,,,,,,,,,,,,,
11185,21,,,,,,,,,22,24,43,255353000000252300000000420000000007245000000000200000000000250000000000,,00000106,,,,,,,,10,10,0,13,13,106,,2524225223534535252224,ABACAABAADBDCBDBABAAAC,ABACAAABADBDBCBDABAAAC,,,0,106,,,,,L_T1_GTR___standard,,,,,L_T1_GTR03_33000001,,,,24,43,35,222552200000543320000000543000000007255000000000200000000000200000000000,,00000111,,,,,,,,11,11,0,7,7,111,,252422522353453525222443,ABACAABAADBDCBDBABAAACCD,ABACAAABADBDBCBDABAAACCD,,,0,111,,,,,,,,,,,,,
11197,22,,,,,,,,,24,43,35,255353000000252300000000420000000007245220000000200000000000250000000000,,00000115,,,,,,,,11,11,0,9,9,115,,252422522353453525222443,ABACAABAADBDCBDBABAAACCD,ABACAAABADBDBCBDABAAACCD,,,0,115,,,,,L_T1_GTR___standard,,,,,L_T1_GTR03_33000001,,,,24,43,35,222552200000543320000000543000000007255000000000200000000000200000000000,,00000111,,,,,,,,11,11,0,7,7,111,,252422522353453525222443,ABACAABAADBDCBDBABAAACCD,ABACAAABADBDBCBDABAAACCD,,,0,111,,,,,,,,,,,,,
11234,23,,,,,,,,,24,43,35,255353000000252300000000420000000007245220000000200000000000250000000000,,00000115,,,,,,,,11,11,0,9,9,115,,252422522353453525222443,ABACAABAADBDCBDBABAAACCD,ABACAAABADBDBCBDABAAACCD,,,0,115,,,,,L_T1_GTR___standard,,,,,L_T1_GTR03_33000001,,,,43,35,35,222552200000543320000000543000000007255000000000242000000000200000000000,,00000122,,,,,,,,12,12,0,11,11,122,,25242252235345352522244335,ABACAABAADBDCBDBABAAACCDDB,ABACAAABADBDBCBDABAAACCDBD,,,0,122,,,,,,,,,,,,,
11248,24,,,,,,,,,43,35,35,255353000000252300000000420000000007245220000000242000000000250000000000,,00000126,,,,,,,,12,12,0,11,11,126,,25242252235345352522244335,ABACAABAADBDCBDBABAAACCDDB,ABACAAABADBDBCBDABAAACCDBD,,,0,126,,,,,L_T1_GTR___standard,,,,,L_T1_GTR03_33000001,,,,43,35,35,222552200000543320000000543000000007255000000000242000000000200000000000,,00000122,,,,,,,,12,12,0,11,11,122,,25242252235345352522244335,ABACAABAADBDCBDBABAAACCDDB,ABACAAABADBDBCBDABAAACCDBD,,,0,122,,,,,,,,,,,,,
11294,25,,,,,,,,,35,35,24,255353000000252300000000424300000007245220000000242000000000250000000000,,00000137,,,,,,,,13,13,0,11,11,137,,2524225223534535252224433535,ABACAABAADBDCBDBABAAACCDDBDB,ABACAAABADBDBCBDABAAACCDBDBD,,,0,137,,,,,L_T1_GTR___standard/L_T1_GTR___zabuton_,,,,,L_T1_GTR03_33000001,,,,43,35,35,222552200000543320000000543000000007255000000000242000000000200000000000,,00000122,,,,,,,,12,12,0,11,11,122,,25242252235345352522244335,ABACAABAADBDCBDBABAAACCDDB,ABACAAABADBDBCBDABAAACCDBD,,,0,122,,,,,,,,,,,,,
11310,26,,,,,,,,,35,35,24,255353000000252300000000424300000007245220000000242000000000250000000000,,00000137,,,,,,,,13,13,0,11,11,137,,2524225223534535252224433535,ABACAABAADBDCBDBABAAACCDDBDB,ABACAAABADBDBCBDABAAACCDBDBD,,,0,137,,,,,L_T1_GTR___standard/L_T1_GTR___zabuton_,,,,,L_T1_GTR03_33000001,,,,35,35,24,222552200000543320000000543000000007255000000000242300000000240000000000,,00000132,,,,,,,,13,13,0,10,10,132,,2524225223534535252224433535,ABACAABAADBDCBDBABAAACCDDBDB,ABACAAABADBDBCBDABAAACCDBDBD,,,0,132,,,,,,,,,,,,,
11344,27,,,,,,,,,35,24,45,255353000000252300000000424300000007245220000000242000000000255300000000,,00000147,,,,,,,,14,14,0,10,10,147,,252422522353453525222443353524,ABACAABAADBDCBDBABAAACCDDBDBAC,ABACAAABADBDBCBDABAAACCDBDBDAC,,,0,147,,,,,L_T1_GTR___standard/L_T1_GTR___zabuton_,,,,,L_T1_GTR03_33000001/R_T1_GTR03_22110002,,,,35,35,24,222552200000543320000000543000000007255000000000242300000000240000000000,,00000132,,,,,,,,13,13,0,10,10,132,,2524225223534535252224433535,ABACAABAADBDCBDBABAAACCDDBDB,ABACAAABADBDBCBDABAAACCDBDBD,,,0,132,,,,,,,,,,,,,
11357,28,,,,,,,,,35,24,45,255353000000252300000000424300000007245220000000242000000000255300000000,,00000147,,,,,,,,14,14,0,10,10,147,,252422522353453525222443353524,ABACAABAADBDCBDBABAAACCDDBDBAC,ABACAAABADBDBCBDABAAACCDBDBDAC,,,0,147,,,,,L_T1_GTR___standard/L_T1_GTR___zabuton_,,,,,L_T1_GTR03_33000001/R_T1_GTR03_22110002,,,,35,24,45,222552200000543320000000543000000007255350000000242300000000240000000000,,00000142,,,,,,,,14,14,0,10,10,142,,252422522353453525222443353524,ABACAABAADBDCBDBABAAACCDDBDBAC,ABACAAABADBDBCBDABAAACCDBDBDAC,,,0,142,,,,,,,,,,,,,
11390,29,,,,,,,,,24,45,32,255353000000252300000000424300000007245220000000242530000000255300000000,,00000156,,,,,,,,15,15,0,9,9,156,,25242252235345352522244335352445,ABACAABAADBDCBDBABAAACCDDBDBACCB,ABACAAABADBDBCBDABAAACCDBDBDACBC,,,0,156,,,,,L_T1_GTR___standard/L_T1_GTR___zabuton_,,,,,L_T1_GTR03_33000001/R_T1_GTR03_22110002,,,,35,24,45,222552200000543320000000543000000007255350000000242300000000240000000000,,00000142,,,,,,,,14,14,0,10,10,142,,252422522353453525222443353524,ABACAABAADBDCBDBABAAACCDDBDBAC,ABACAAABADBDBCBDABAAACCDBDBDAC,,,0,142,,,,,,,,,,,,,
11399,30,,,,,,,,,24,45,32,255353000000252300000000424300000007245220000000242530000000255300000000,,00000156,,,,,,,,15,15,0,9,9,156,,25242252235345352522244335352445,ABACAABAADBDCBDBABAAACCDDBDBACCB,ABACAAABADBDBCBDABAAACCDBDBDACBC,,,0,156,,,,,L_T1_GTR___standard/L_T1_GTR___zabuton_,,,,,L_T1_GTR03_33000001/R_T1_GTR03_22110002,,,,24,45,32,222552200000543320000000543000000007255350000000242353000000240000000000,,00000150,,,,,,,,15,15,0,8,8,150,,25242252235345352522244335352445,ABACAABAADBDCBDBABAAACCDDBDBACCB,ABACAAABADBDBCBDABAAACCDBDBDACBC,,,0,150,,,,,,,,,,,,,
11435,31,,,,,,,,,45,32,23,255353000000252300000000424300000007245224000000242532000000255300000000,,00000164,,,,,,,,16,16,0,8,8,164,,2524225223534535252224433535244532,ABACAABAADBDCBDBABAAACCDDBDBACCBDA,ABACAAABADBDBCBDABAAACCDBDBDACBCAD,,,0,164,,,,,L_T1_GTR___standard/L_T1_GTR___zabuton_,,,,,L_T1_GTR03_33000001/R_T1_GTR03_22110002,,,,24,45,32,222552200000543320000000543000000007255350000000242353000000240000000000,,00000150,,,,,,,,15,15,0,8,8,150,,25242252235345352522244335352445,ABACAABAADBDCBDBABAAACCDDBDBACCB,ABACAAABADBDBCBDABAAACCDBDBDACBC,,,0,150,,,,,,,,,,,,,
11440,32,,,,,,,,,45,32,23,255353000000252300000000424300000007245224000000242532000000255300000000,,00000164,,,,,,,,16,16,0,8,8,164,,2524225223534535252224433535244532,ABACAABAADBDCBDBABAAACCDDBDBACCBDA,ABACAAABADBDBCBDABAAACCDBDBDACBCAD,,,0,164,,,,,L_T1_GTR___standard/L_T1_GTR___zabuton_,,,,,L_T1_GTR03_33000001/R_T1_GTR03_22110002,,,,45,32,23,222552200000543320000000543420000007255350000000242353000000240000000000,,00000159,,,,,,,,16,16,0,9,9,159,,2524225223534535252224433535244532,ABACAABAADBDCBDBABAAACCDDBDBACCBDA,ABACAAABADBDBCBDABAAACCDBDBDACBCAD,,,0,159,,,,,,,,,,,,,
11475,33,,,,,,,,,32,23,52,255353000000252300000000424354000007245224000000242532000000255300000000,,00000172,,,,,,,,17,17,0,8,8,172,,252422522353453525222443353524453223,ABACAABAADBDCBDBABAAACCDDBDBACCBDAAD,ABACAAABADBDBCBDABAAACCDBDBDACBCADAD,,,0,172,,,,,L_T1_GTR___standard/L_T1_GTR___zabuton_,,,,,L_T1_GTR03_33000001/R_T1_GTR03_22110002,,,,45,32,23,222552200000543320000000543420000007255350000000242353000000240000000000,,00000159,,,,,,,,16,16,0,9,9,159,,2524225223534535252224433535244532,ABACAABAADBDCBDBABAAACCDDBDBACCBDA,ABACAAABADBDBCBDABAAACCDBDBDACBCAD,,,0,159,,,,,,,,,,,,,
11482,34,,,,,,,,,32,23,52,255353000000252300000000424354000007245224000000242532000000255300000000,,00000172,,,,,,,,17,17,0,8,8,172,,252422522353453525222443353524453223,ABACAABAADBDCBDBABAAACCDDBDBACCBDAAD,ABACAAABADBDBCBDABAAACCDBDBDACBCADAD,,,0,172,,,,,L_T1_GTR___standard/L_T1_GTR___zabuton_,,,,,L_T1_GTR03_33000001/R_T1_GTR03_22110002,,,,32,23,52,222552200000543320000000543420000007255355400000242353000000240000000000,,00000166,,,,,,,,17,17,0,7,7,166,,252422522353453525222443353524453223,ABACAABAADBDCBDBABAAACCDDBDBACCBDAAD,ABACAAABADBDBCBDABAAACCDBDBDACBCADAD,,,0,166,,,,,,,,,,,,,
11521,35,,,,,,,,,23,52,43,255353000000252300000000424354000007245224000000242532000000255323000000,,00000180,,,,,,,,18,18,0,8,8,180,,25242252235345352522244335352445322352,ABACAABAADBDCBDBABAAACCDDBDBACCBDAADBA,ABACAAABADBDBCBDABAAACCDBDBDACBCADADAB,,,0,180,,,,,L_T1_GTR___standard/L_T1_GTR___zabuton_,,,,,L_T1_GTR03_33000001/R_T1_GTR03_22110002,,,,32,23,52,222552200000543320000000543420000007255355400000242353000000240000000000,,00000166,,,,,,,,17,17,0,7,7,166,,252422522353453525222443353524453223,ABACAABAADBDCBDBABAAACCDDBDBACCBDAAD,ABACAAABADBDBCBDABAAACCDBDBDACBCADAD,,,0,166,,,,,,,,,,,,,
11523,36,,,,,,,,,23,52,43,255353000000252300000000424354000007245224000000242532000000255323000000,,00000180,,,,,,,,18,18,0,8,8,180,,25242252235345352522244335352445322352,ABACAABAADBDCBDBABAAACCDDBDBACCBDAADBA,ABACAAABADBDBCBDABAAACCDBDBDACBCADADAB,,,0,180,,,,,L_T1_GTR___standard/L_T1_GTR___zabuton_,,,,,L_T1_GTR03_33000001/R_T1_GTR03_22110002,,,,23,52,43,222552200000543323000000543422000007255355400000242353000000240000000000,,00000174,,,,,,,,18,18,0,8,8,174,,25242252235345352522244335352445322352,ABACAABAADBDCBDBABAAACCDDBDBACCBDAADBA,ABACAAABADBDBCBDABAAACCDBDBDACBCADADAB,,,0,174,,,,,,,,,,,,,
11561,37,,,,,,,,,23,52,43,255353000000252300000000424354000007245224000000242532000000255323000000,,00000180,,,,,,,,18,18,0,8,8,180,,25242252235345352522244335352445322352,ABACAABAADBDCBDBABAAACCDDBDBACCBDAADBA,ABACAAABADBDBCBDABAAACCDBDBDACBCADADAB,,,0,180,,,,,L_T1_GTR___standard/L_T1_GTR___zabuton_,,,,,L_T1_GTR03_33000001/R_T1_GTR03_22110002,,,,52,43,32,222552200000543323320000543422000007255355400000242353000000240000000000,,00000180,,,,,,,,19,19,0,6,6,180,,2524225223534535252224433535244532235243,ABACAABAADBDCBDBABAAACCDDBDBACCBDAADBACD,ABACAAABADBDBCBDABAAACCDBDBDACBCADADABCD,,,0,180,,,,,,,,,,,,,
11563,38,,,,,,,,,52,43,32,255353000000252300000000424354000007245224000000242532000000255323320000,,00000186,,,,,,,,19,19,0,6,6,186,,2524225223534535252224433535244532235243,ABACAABAADBDCBDBABAAACCDDBDBACCBDAADBACD,ABACAAABADBDBCBDABAAACCDBDBDACBCADADABCD,,,0,186,,,,,L_T1_GTR___standard/L_T1_GTR___zabuton_,,,,,L_T1_GTR03_33000001/R_T1_GTR03_22110002,,,,52,43,32,222552200000543323320000543422000007255355400000242353000000240000000000,,00000180,,,,,,,,19,19,0,6,6,180,,2524225223534535252224433535244532235243,ABACAABAADBDCBDBABAAACCDDBDBACCBDAADBACD,ABACAAABADBDBCBDABAAACCDBDBDACBCADADABCD,,,0,180,,,,,,,,,,,,,
11619,39,,,,,,,,,52,43,32,255353000000252300000000424354000007245224000000242532000000255323320000,,00000186,,,,,,,,19,19,0,6,6,186,,2524225223534535252224433535244532235243,ABACAABAADBDCBDBABAAACCDDBDBACCBDAADBACD,ABACAAABADBDBCBDABAAACCDBDBDACBCADADABCD,,,0,186,,,,,L_T1_GTR___standard/L_T1_GTR___zabuton_,,,,,L_T1_GTR03_33000001/R_T1_GTR03_22110002,,,,43,32,55,222552250000543323322000543422000007255355400000242353000000240000000000,,00000185,,,,,,,,20,20,0,5,5,185,,252422522353453525222443353524453223524332,ABACAABAADBDCBDBABAAACCDDBDBACCBDAADBACDDA,ABACAAABADBDBCBDABAAACCDBDBDACBCADADABCDAD,,,0,185,,,,,,,,,,,,,
11626,40,,,,,,,,,43,32,55,255353000000252350000000424354200007245224000000242532000000255323320000,,00000193,,,,,,,,20,20,0,7,7,193,,252422522353453525222443353524453223524332,ABACAABAADBDCBDBABAAACCDDBDBACCBDAADBACDDA,ABACAAABADBDBCBDABAAACCDBDBDACBCADADABCDAD,,,0,193,,,,,L_T1_GTR___standard/L_T1_GTR___zabuton_,,,,,L_T1_GTR03_33000001/R_T1_GTR03_22110002,,,,43,32,55,222552250000543323322000543422000007255355400000242353000000240000000000,,00000185,,,,,,,,20,20,0,5,5,185,,252422522353453525222443353524453223524332,ABACAABAADBDCBDBABAAACCDDBDBACCBDAADBACDDA,ABACAAABADBDBCBDABAAACCDBDBDACBCADADABCDAD,,,0,185,,,,,,,,,,,,,
11671,41,,,,,,,,,43,32,55,255353000000252350000000424354200007245224000000242532000000255323320000,,00000193,,,,,,,,20,20,0,7,7,193,,252422522353453525222443353524453223524332,ABACAABAADBDCBDBABAAACCDDBDBACCBDAADBACDDA,ABACAAABADBDBCBDABAAACCDBDBDACBCADADABCDAD,,,0,193,,,,,L_T1_GTR___standard/L_T1_GTR___zabuton_,,,,,L_T1_GTR03_33000001/R_T1_GTR03_22110002,,,,32,55,24,222552250000543323322000543422000007255355400000242353000000244300000000,,00000196,,,,,,,,21,21,0,11,11,196,,25242252235345352522244335352445322352433255,ABACAABAADBDCBDBABAAACCDDBDBACCBDAADBACDDABB,ABACAAABADBDBCBDABAAACCDBDBDACBCADADABCDADBB,,,0,196,,,,,R_T1_Ljis__pat00001,,,,,,,,
11684,42,,,,,,,,,32,55,24,255353300000252354000000424354200007245224000000242532000000255323320000,,00000200,,,,,,,,21,21,0,7,7,200,,25242252235345352522244335352445322352433255,ABACAABAADBDCBDBABAAACCDDBDBACCBDAADBACDDABB,ABACAAABADBDBCBDABAAACCDBDBDACBCADADABCDADBB,,,0,200,,,,,L_T1_GTR___standard/L_T1_GTR___zabuton_,,,,,L_T1_GTR03_33000001/R_T1_GTR03_22110002,,,,32,55,24,222552250000543323322000543422000007255355400000242353000000244300000000,,00000196,,,,,,,,21,21,0,11,11,196,,25242252235345352522244335352445322352433255,ABACAABAADBDCBDBABAAACCDDBDBACCBDAADBACDDABB,ABACAAABADBDBCBDABAAACCDBDBDACBCADADABCDADBB,,,0,196,,,,,R_T1_Ljis__pat00001,,,,,,,,
11725,43,,,,,,,,,55,24,23,255353300000252354320000424354200007245224000000242532000000255323320000,,00000207,,,,,,,,22,22,0,7,7,207,,2524225223534535252224433535244532235243325524,ABACAABAADBDCBDBABAAACCDDBDBACCBDAADBACDDABBAC,ABACAAABADBDBCBDABAAACCDBDBDACBCADADABCDADBBAC,,,0,207,,,,,L_T1_GTR___standard/L_T1_GTR___zabuton_,,,,,L_T1_GTR03_33000001/R_T1_GTR03_22110002,,,,32,55,24,222552250000543323322000543422000007255355400000242353000000244300000000,,00000196,,,,,,,,21,21,0,11,11,196,,25242252235345352522244335352445322352433255,ABACAABAADBDCBDBABAAACCDDBDBACCBDAADBACDDABB,ABACAAABADBDBCBDABAAACCDBDBDACBCADADABCDADBB,,,0,196,,,,,R_T1_Ljis__pat00001,,,,,,,,
11733,44,,,,,,,,,55,24,23,255353300000252354320000424354200007245224000000242532000000255323320000,,00000207,,,,,,,,22,22,0,7,7,207,,2524225223534535252224433535244532235243325524,ABACAABAADBDCBDBABAAACCDDBDBACCBDAADBACDDABBAC,ABACAAABADBDBCBDABAAACCDBDBDACBCADADABCDADBBAC,,,0,207,,,,,L_T1_GTR___standard/L_T1_GTR___zabuton_,,,,,L_T1_GTR03_33000001/R_T1_GTR03_22110002,,,,55,24,23,222552250000543323322200543422300007255355400000242353000000244300000000,,00000200,,,,,,,,22,22,0,4,4,200,,2524225223534535252224433535244532235243325524,ABACAABAADBDCBDBABAAACCDDBDBACCBDAADBACDDABBAC,ABACAAABADBDBCBDABAAACCDBDBDACBCADADABCDADBBAC,,,0,200,,,,,R_T1_Ljis__pat00001,,,,,,,,
11771,45,,,,,,,,,55,24,23,255353300000252354320000424354200007245224000000242532000000255323320000,,00000207,,,,,,,,22,22,0,7,7,207,,2524225223534535252224433535244532235243325524,ABACAABAADBDCBDBABAAACCDDBDBACCBDAADBACDDABBAC,ABACAAABADBDBCBDABAAACCDBDBDACBCADADABCDADBBAC,,,0,207,,,,,L_T1_GTR___standard/L_T1_GTR___zabuton_,,,,,L_T1_GTR03_33000001/R_T1_GTR03_22110002,,,,24,23,53,222552255500543323322200543422300007255355400000242353000000244300000000,,00000205,,,,,,,,23,23,0,5,5,205,,252422522353453525222443353524453223524332552423,ABACAABAADBDCBDBABAAACCDDBDBACCBDAADBACDDABBACAD,ABACAAABADBDBCBDABAAACCDBDBDACBCADADABCDADBBACAD,,,0,205,,,,,R_T1_Ljis__pat00001,,,,,,,,
11773,46,,,,,,,,,24,23,53,255353300000252354320000424354200007245224500000242532500000255323320000,,00000214,,,,,,,,23,23,0,7,7,214,,252422522353453525222443353524453223524332552423,ABACAABAADBDCBDBABAAACCDDBDBACCBDAADBACDDABBACAD,ABACAAABADBDBCBDABAAACCDBDBDACBCADADABCDADBBACAD,,,0,214,,,,,L_T1_GTR___standard/L_T1_GTR___zabuton_,,,,,L_T1_GTR03_33000001/R_T1_GTR03_22110002,,,,24,23,53,222552255500543323322200543422300007255355400000242353000000244300000000,,00000205,,,,,,,,23,23,0,5,5,205,,252422522353453525222443353524453223524332552423,ABACAABAADBDCBDBABAAACCDDBDBACCBDAADBACDDABBACAD,ABACAAABADBDBCBDABAAACCDBDBDACBCADADABCDADBBACAD,,,0,205,,,,,R_T1_Ljis__pat00001,,,,,,,,
11813,47,,,,,,,,,23,53,53,255353324000252354320000424354200007245224500000242532000000255323320000,,00000220,,,,,,,,24,24,0,6,6,220,,25242252235345352522244335352445322352433255242353,ABACAABAADBDCBDBABAAACCDDBDBACCBDAADBACDDABBACADBD,ABACAAABADBDBCBDABAAACCDBDBDACBCADADABCDADBBACADBD,,,0,220,,,,,L_T1_GTR___standard/L_T1_GTR___zabuton_,,,,,L_T1_GTR03_33000001/R_T1_GTR03_22110002,,,,24,23,53,222552255500543323322200543422300007255355400000242353000000244300000000,,00000205,,,,,,,,23,23,0,5,5,205,,252422522353453525222443353524453223524332552423,ABACAABAADBDCBDBABAAACCDDBDBACCBDAADBACDDABBACAD,ABACAAABADBDBCBDABAAACCDBDBDACBCADADABCDADBBACAD,,,0,205,,,,,R_T1_Ljis__pat00001,,,,,,,,
11817,48,,,,,,,,,23,53,53,255353324000252354320000424354200007245224500000242532000000255323320000,,00000220,,,,,,,,24,24,0,6,6,220,,25242252235345352522244335352445322352433255242353,ABACAABAADBDCBDBABAAACCDDBDBACCBDAADBACDDABBACADBD,ABACAAABADBDBCBDABAAACCDBDBDACBCADADABCDADBBACADBD,,,0,220,,,,,L_T1_GTR___standard/L_T1_GTR___zabuton_,,,,,L_T1_GTR03_33000001/R_T1_GTR03_22110002,,,,23,53,53,222552255500543323322200543422300007255355442000242353000000244300000000,,00000210,,,,,,,,24,24,0,5,5,210,,25242252235345352522244335352445322352433255242353,ABACAABAADBDCBDBABAAACCDDBDBACCBDAADBACDDABBACADBD,ABACAAABADBDBCBDABAAACCDBDBDACBCADADABCDADBBACADBD,,,0,210,,,,,R_T1_Ljis__pat00001,,,,,,,,
11842,49,,,,,,,,,23,53,53,255353324000252354320000424354200007245224500000242532000000255323320000,,00000220,,,,,,,,24,24,0,6,6,220,,25242252235345352522244335352445322352433255242353,ABACAABAADBDCBDBABAAACCDDBDBACCBDAADBACDDABBACADBD,ABACAAABADBDBCBDABAAACCDBDBDACBCADADABCDADBBACADBD,,,0,220,,,,,L_T1_GTR___standard/L_T1_GTR___zabuton_,,,,,L_T1_GTR03_33000001/R_T1_GTR03_22110002,,,,,53,53,222552255500543323322200543422332007255355442000242353000000244300000000,,bb90abb5,,,,,,,,25,0,1,bb90abb5,450,660,,25242252235345352522244335352445322352433255242353,ABACAABAADBDCBDBABAAACCDDBDBACCBDAADBACDDABBACADBD,ABACAAABADBDBCBDABAAACCDBDBDACBCADADABCDADBBACADBD,,,1,660,,,,,R_T1_Ljis__pat00001,,,,,,,,
11874,50,,,,,,,,,53,53,34,255353324000252354320000424354200007245224500000242532520000255323323000,,00000225,,,,,,,,25,25,0,5,5,225,,2524225223534535252224433535244532235243325524235353,ABACAABAADBDCBDBABAAACCDDBDBACCBDAADBACDDABBACADBDBD,ABACAAABADBDBCBDABAAACCDBDBDACBCADADABCDADBBACADBDBD,,,0,225,,,,,L_T1_GTR___standard/L_T1_GTR___zabuton_,,,,,L_T1_GTR03_33000001/R_T1_GTR03_22110002,,,,,53,53,222552255500543323322200543422332007255355442000242353000000244300000000,,bb90abb5,,,,,,,,25,0,1,bb90abb5,450,660,,25242252235345352522244335352445322352433255242353,ABACAABAADBDCBDBABAAACCDDBDBACCBDAADBACDDABBACADBD,ABACAAABADBDBCBDABAAACCDBDBDACBCADADABCDADBBACADBD,,,1,660,,,,,R_T1_Ljis__pat00001,,,,,,,,
11906,51,,,,,,,,,53,53,34,255353324000252354320000424354200007245224500000242532520000255323323000,,00000225,,,,,,,,25,25,0,5,5,225,,2524225223534535252224433535244532235243325524235353,ABACAABAADBDCBDBABAAACCDDBDBACCBDAADBACDDABBACADBDBD,ABACAAABADBDBCBDABAAACCDBDBDACBCADADABCDADBBACADBDBD,,,0,225,,,,,L_T1_GTR___standard/L_T1_GTR___zabuton_,,,,,L_T1_GTR03_33000001/R_T1_GTR03_22110002,,,,53,53,34,222552255500543320000000543422000007255355440000242353000000244300000000,,00000665,,,,,,,,26,1,0,5,5,665,,2524225223534535252224433535244532235243325524235353,ABACAABAADBDCBDBABAAACCDDBDBACCBDAADBACDDABBACADBDBD,ABACAAABADBDBCBDABAAACCDBDBDACBCADADABCDADBBACADBDBD,,,1,665,,,,,R_T1_Ljis__pat00001,,,,,,,,
11950,52,,,,,,,,,53,53,34,255353324000252354320000424354200007245224500000242532520000255323323000,,00000225,,,,,,,,25,25,0,5,5,225,,2524225223534535252224433535244532235243325524235353,ABACAABAADBDCBDBABAAACCDDBDBACCBDAADBACDDABBACADBDBD,ABACAAABADBDBCBDABAAACCDBDBDACBCADADABCDADBBACADBDBD,,,0,225,,,,,L_T1_GTR___standard/L_T1_GTR___zabuton_,,,,,L_T1_GTR03_33000001/R_T1_GTR03_22110002,,,,53,34,42,222552255500543320000000543422000007255355440000242353350000244300000000,,00000671,,,,,,,,27,2,0,6,6,671,,252422522353453525222443353524453223524332552423535334,ABACAABAADBDCBDBABAAACCDDBDBACCBDAADBACDDABBACADBDBDDC,ABACAAABADBDBCBDABAAACCDBDBDACBCADADABCDADBBACADBDBDCD,,,1,671,,,,,R_T1_Ljis__pat00001,,,,,,,,
11968,53,,,,,,,,,53,34,42,255353324600252354326000424354260007245224553660242532526600255323323660,,00000231,,,,,,,,26,26,0,6,6,231,,252422522353453525222443353524453223524332552423535334,ABACAABAADBDCBDBABAAACCDDBDBACCBDAADBACDDABBACADBDBDDC,ABACAAABADBDBCBDABAAACCDBDBDACBCADADABCDADBBACADBDBDCD,,,0,231,,,,,L_T1_GTR___standard/L_T1_GTR___zabuton_,,,,,L_T1_GTR03_33000001/R_T1_GTR03_22110002,,,,53,34,42,222552255500543320000000543422000007255355440000242353350000244300000000,,00000671,,,,,,,,27,2,0,6,6,671,,252422522353453525222443353524453223524332552423535334,ABACAABAADBDCBDBABAAACCDDBDBACCBDAADBACDDABBACADBDBDDC,ABACAAABADBDBCBDABAAACCDBDBDACBCADADABCDADBBACADBDBDCD,,,1,671,,,,,R_T1_Ljis__pat00001,,,,,,,,
11990,54,,,,,,,,,53,34,42,255353324600252354326000424354260007245224553660242532526600255323323660,,00000231,,,,,,,,26,26,0,6,6,231,,252422522353453525222443353524453223524332552423535334,ABACAABAADBDCBDBABAAACCDDBDBACCBDAADBACDDABBACADBDBDDC,ABACAAABADBDBCBDABAAACCDBDBDACBCADADABCDADBBACADBDBDCD,,,0,231,,,,,L_T1_GTR___standard/L_T1_GTR___zabuton_,,,,,L_T1_GTR03_33000001/R_T1_GTR03_22110002,,,,,34,42,222552255500543320000000543422000007255355440000242353350000244353000000,,bb40abb1,,,,,,,,28,0,1,bb40abb1,40,711,,252422522353453525222443353524453223524332552423535334,ABACAABAADBDCBDBABAAACCDDBDBACCBDAADBACDDABBACADBDBDDC,ABACAAABADBDBCBDABAAACCDBDBDACBCADADABCDADBBACADBDBDCD,,,1,711,,,,,R_T1_Ljis__pat00001,,,,,,,,
12033,55,,,,,,,,,34,42,54,255353324600252354326000424354263007245224553665242532526600255323323660,,00000233,,,,,,,,27,27,0,2,2,233,,25242252235345352522244335352445322352433255242353533442,ABACAABAADBDCBDBABAAACCDDBDBACCBDAADBACDDABBACADBDBDDCCA,ABACAAABADBDBCBDABAAACCDBDBDACBCADADABCDADBBACADBDBDCDAC,,,0,233,,,,,L_T1_GTR___standard/L_T1_GTR___zabuton_,,,,,L_T1_GTR03_33000001/R_T1_GTR03_22110002,,,,,34,42,222552255500543320000000543422000007255355440000242353350000244353000000,,bb40abb1,,,,,,,,28,0,1,bb40abb1,40,711,,252422522353453525222443353524453223524332552423535334,ABACAABAADBDCBDBABAAACCDDBDBACCBDAADBACDDABBACADBDBDDC,ABACAAABADBDBCBDABAAACCDBDBDACBCADADABCDADBBACADBDBDCD,,,1,711,,,,,R_T1_Ljis__pat00001,,,,,,,,
12064,56,,,,,,,,,42,54,43,255353324600252354326400424354263307245224553665242532526600255323323660,,00000237,,,,,,,,28,28,0,4,4,237,,2524225223534535252224433535244532235243325524235353344254,ABACAABAADBDCBDBABAAACCDDBDBACCBDAADBACDDABBACADBDBDDCCABC,ABACAAABADBDBCBDABAAACCDBDBDACBCADADABCDADBBACADBDBDCDACBC,,,0,237,,,,,L_T1_GTR___standard/L_T1_GTR___zabuton_,,,,,L_T1_GTR03_33000001/R_T1_GTR03_22110002,,,,,34,42,222552255500543320000000543422000007255355440000242353350000244353000000,,bb40abb1,,,,,,,,28,0,1,bb40abb1,40,711,,252422522353453525222443353524453223524332552423535334,ABACAABAADBDCBDBABAAACCDDBDBACCBDAADBACDDABBACADBDBDDC,ABACAAABADBDBCBDABAAACCDBDBDACBCADADABCDADBBACADBDBDCD,,,1,711,,,,,R_T1_Ljis__pat00001,,,,,,,,
12070,57,,,,,,,,,42,54,43,255353324600252354326400424354263307245224553665242532526600255323323660,,00000237,,,,,,,,28,28,0,4,4,237,,2524225223534535252224433535244532235243325524235353344254,ABACAABAADBDCBDBABAAACCDDBDBACCBDAADBACDDABBACADBDBDDCCABC,ABACAAABADBDBCBDABAAACCDBDBDACBCADADABCDADBBACADBDBDCDACBC,,,0,237,,,,,L_T1_GTR___standard/L_T1_GTR___zabuton_,,,,,L_T1_GTR03_33000001/R_T1_GTR03_22110002,,,,,34,42,222552255500543320000000543422000007255344000000242333500000244330000000,,bb60ab11,,,,,,,,29,0,2,bb60ab11,660,1371,,252422522353453525222443353524453223524332552423535334,ABACAABAADBDCBDBABAAACCDDBDBACCBDAADBACDDABBACADBDBDDC,ABACAAABADBDBCBDABAAACCDBDBDACBCADADABCDADBBACADBDBDCD,,,2,1371,,,,,R_T1_Ljis__pat00001,,,,,,,,
12096,58,,,,,,,,,54,43,43,255353324620252354326440424354263307245224553665242532526600255323323660,,00000240,,,,,,,,29,29,0,3,3,240,,252422522353453525222443353524453223524332552423535334425443,ABACAABAADBDCBDBABAAACCDDBDBACCBDAADBACDDABBACADBDBDDCCABCCD,ABACAAABADBDBCBDABAAACCDBDBDACBCADADABCDADBBACADBDBDCDACBCCD,,,0,240,,,,,L_T1_GTR___standard/L_T1_GTR___zabuton_,,,,,L_T1_GTR03_33000001/R_T1_GTR03_22110002,,,,,34,42,222552255500543320000000543422000007255344000000242333500000244330000000,,bb60ab11,,,,,,,,29,0,2,bb60ab11,660,1371,,252422522353453525222443353524453223524332552423535334,ABACAABAADBDCBDBABAAACCDDBDBACCBDAADBACDDABBACADBDBDDC,ABACAAABADBDBCBDABAAACCDBDBDACBCADADABCDADBBACADBDBDCD,,,2,1371,,,,,R_T1_Ljis__pat00001,,,,,,,,
12128,59,,,,,,,,,43,43,42,255353324625252354326444424354263307245224553665242532526600255323323660,,00000242,,,,,,,,30,30,0,2,2,242,,25242252235345352522244335352445322352433255242353533442544343,ABACAABAADBDCBDBABAAACCDDBDBACCBDAADBACDDABBACADBDBDDCCABCCDCD,ABACAAABADBDBCBDABAAACCDBDBDACBCADADABCDADBBACADBDBDCDACBCCDCD,,,0,242,,,,,L_T1_GTR___standard/L_T1_GTR___zabuton_,,,,,L_T1_GTR03_33000001/R_T1_GTR03_22110002,,,,,34,42,222552255500543320000000543422000007255344000000242333500000244330000000,,bb60ab11,,,,,,,,29,0,2,bb60ab11,660,1371,,252422522353453525222443353524453223524332552423535334,ABACAABAADBDCBDBABAAACCDDBDBACCBDAADBACDDABBACADBDBDDC,ABACAAABADBDBCBDABAAACCDBDBDACBCADADABCDADBBACADBDBDCD,,,2,1371,,,,,R_T1_Ljis__pat00001,,,,,,,,
12149,60,,,,,,,,,,43,42,255353324625252354326444424354263007245224553665242532526600255323323660,,bb40abb1,,,,,,,,31,0,1,bb40abb1,40,282,,25242252235345352522244335352445322352433255242353533442544343,ABACAABAADBDCBDBABAAACCDDBDBACCBDAADBACDDABBACADBDBDDCCABCCDCD,ABACAAABADBDBCBDABAAACCDBDBDACBCADADABCDADBBACADBDBDCDACBCCDCD,,,1,282,,,,,L_T1_GTR___standard/L_T1_GTR___zabuton_,,,,,L_T1_GTR03_33000001/R_T1_GTR03_22110002,,,,,34,42,222552255500543320000000543422000007255344000000242333500000244330000000,,bb60ab11,,,,,,,,29,0,2,bb60ab11,660,1371,,252422522353453525222443353524453223524332552423535334,ABACAABAADBDCBDBABAAACCDDBDBACCBDAADBACDDABBACADBDBDDC,ABACAAABADBDBCBDABAAACCDBDBDACBCADADABCDADBBACADBDBDCD,,,2,1371,,,,,R_T1_Ljis__pat00001,,,,,,,,
12165,61,,,,,,,,,,43,42,255353324625252354326444424354263007245224553665242532526600255323323660,,bb40abb1,,,,,,,,31,0,1,bb40abb1,40,282,,25242252235345352522244335352445322352433255242353533442544343,ABACAABAADBDCBDBABAAACCDDBDBACCBDAADBACDDABBACADBDBDDCCABCCDCD,ABACAAABADBDBCBDABAAACCDBDBDACBCADADABCDADBBACADBDBDCDACBCCDCD,,,1,282,,,,,L_T1_GTR___standard/L_T1_GTR___zabuton_,,,,,L_T1_GTR03_33000001/R_T1_GTR03_22110002,,,,34,42,54,222552255500543320000000543422000007255440000000242500000000244000000000,,00001380,,,,,,,,30,1,0,9,9,1380,,25242252235345352522244335352445322352433255242353533442,ABACAABAADBDCBDBABAAACCDDBDBACCBDAADBACDDABBACADBDBDDCCA,ABACAAABADBDBCBDABAAACCDBDBDACBCADADABCDADBBACADBDBDCDAC,,,2,1380,,,,,R_T1_Ljis__pat00001,,,,,,,,
12230,62,,,,,,,,,,43,42,255353324625252354326444424354263007245224553665242532526600255323323660,,bb40abb1,,,,,,,,31,0,1,bb40abb1,40,282,,25242252235345352522244335352445322352433255242353533442544343,ABACAABAADBDCBDBABAAACCDDBDBACCBDAADBACDDABBACADBDBDDCCABCCDCD,ABACAAABADBDBCBDABAAACCDBDBDACBCADADABCDADBBACADBDBDCDACBCCDCD,,,1,282,,,,,L_T1_GTR___standard/L_T1_GTR___zabuton_,,,,,L_T1_GTR03_33000001/R_T1_GTR03_22110002,,,,42,54,43,222552255500543320000000543422400007255443000000242500000000244000000000,,00001387,,,,,,,,31,2,0,7,7,1387,,2524225223534535252224433535244532235243325524235353344254,ABACAABAADBDCBDBABAAACCDDBDBACCBDAADBACDDABBACADBDBDDCCABC,ABACAAABADBDBCBDABAAACCDBDBDACBCADADABCDADBBACADBDBDCDACBC,,,2,1387,,,,,R_T1_Ljis__pat00001,,,,,,,,
12238,63,,,,,,,,,,43,42,255353324250252354320000424354263337245224553650242532526600255323323660,,bb40abb8,,,,,,,,32,0,2,bb40abb8,320,602,,25242252235345352522244335352445322352433255242353533442544343,ABACAABAADBDCBDBABAAACCDDBDBACCBDAADBACDDABBACADBDBDDCCABCCDCD,ABACAAABADBDBCBDABAAACCDBDBDACBCADADABCDADBBACADBDBDCDACBCCDCD,,,2,602,,,,,L_T1_GTR___standard/L_T1_GTR___zabuton_,,,,,L_T1_GTR03_33000001/R_T1_GTR03_22110002,,,,42,54,43,222552255500543320000000543422400007255443000000242500000000244000000000,,00001387,,,,,,,,31,2,0,7,7,1387,,2524225223534535252224433535244532235243325524235353344254,ABACAABAADBDCBDBABAAACCDDBDBACCBDAADBACDDABBACADBDBDDCCABC,ABACAAABADBDBCBDABAAACCDBDBDACBCADADABCDADBBACADBDBDCDACBC,,,2,1387,,,,,R_T1_Ljis__pat00001,,,,,,,,
12260,64,,,,,,,,,,43,42,255353324250252354320000424354263337245224553650242532526600255323323660,,bb40abb8,,,,,,,,32,0,2,bb40abb8,320,602,,25242252235345352522244335352445322352433255242353533442544343,ABACAABAADBDCBDBABAAACCDDBDBACCBDAADBACDDABBACADBDBDDCCABCCDCD,ABACAAABADBDBCBDABAAACCDBDBDACBCADADABCDADBBACADBDBDCDACBCCDCD,,,2,602,,,,,L_T1_GTR___standard/L_T1_GTR___zabuton_,,,,,L_T1_GTR03_33000001/R_T1_GTR03_22110002,,,,,54,43,222552255500543322400000543422400007255443000000242500000000244000000000,,bb60abb3,,,,,,,,32,0,1,bb60abb3,180,1567,,2524225223534535252224433535244532235243325524235353344254,ABACAABAADBDCBDBABAAACCDDBDBACCBDAADBACDDABBACADBDBDDCCABC,ABACAAABADBDBCBDABAAACCDBDBDACBCADADABCDADBBACADBDBDCDACBC,,,2,1567,,,,,R_T1_Ljis__pat00001,,,,,,,,
12319,65,,,,,,,,,,43,42,255353324250252354320000424354200007245224555000242532526000255323323660,,bb40ab16,,,,,,,,33,0,3,bb40ab16,640,1242,,25242252235345352522244335352445322352433255242353533442544343,ABACAABAADBDCBDBABAAACCDDBDBACCBDAADBACDDABBACADBDBDDCCABCCDCD,ABACAAABADBDBCBDABAAACCDBDBDACBCADADABCDADBBACADBDBDCDACBCCDCD,,,3,1242,,,,,L_T1_GTR___standard/L_T1_GTR___zabuton_,,,,,L_T1_GTR03_33000001/R_T1_GTR03_22110002,,,,,54,43,222552255500543322400000543422400007255443000000242500000000244000000000,,bb60abb3,,,,,,,,32,0,1,bb60abb3,180,1567,,2524225223534535252224433535244532235243325524235353344254,ABACAABAADBDCBDBABAAACCDDBDBACCBDAADBACDDABBACADBDBDDCCABC,ABACAAABADBDBCBDABAAACCDBDBDACBCADADABCDADBBACADBDBDCDACBC,,,2,1567,,,,,R_T1_Ljis__pat00001,,,,,,,,
12342,66,,,,,,,,,,43,42,255353324250252354320000424354200007245224555000242532526000255323323660,,bb40ab16,,,,,,,,33,0,3,bb40ab16,640,1242,,25242252235345352522244335352445322352433255242353533442544343,ABACAABAADBDCBDBABAAACCDDBDBACCBDAADBACDDABBACADBDBDDCCABCCDCD,ABACAAABADBDBCBDABAAACCDBDBDACBCADADABCDADBBACADBDBDCDACBCCDCD,,,3,1242,,,,,L_T1_GTR___standard/L_T1_GTR___zabuton_,,,,,L_T1_GTR03_33000001/R_T1_GTR03_22110002,,,,,54,43,222555550000543340000000543440000007255443000000242500000000244000000000,,b100ab15,,,,,,,,33,0,2,b100ab15,1500,3067,,2524225223534535252224433535244532235243325524235353344254,ABACAABAADBDCBDBABAAACCDDBDBACCBDAADBACDDABBACADBDBDDCCABC,ABACAAABADBDBCBDABAAACCDBDBDACBCADADABCDADBBACADBDBDCDACBC,,,2,3067,,,,,R_T1_Ljis__pat00001,,,,,,,,
12409,67,,,,,,,,,43,42,33,255353324250252354320000424354200007245224000000242532200000255323323660,,00001246,,,,,,,,34,1,0,4,4,1246,,2524225223534535252224433535244532235243325524235353344254434342,ABACAABAADBDCBDBABAAACCDDBDBACCBDAADBACDDABBACADBDBDDCCABCCDCDCA,ABACAAABADBDBCBDABAAACCDBDBDACBCADADABCDADBBACADBDBDCDACBCCDCDAC,,,3,1246,,,,,L_T1_GTR___standard/L_T1_GTR___zabuton_,,,,,L_T1_GTR03_33000001/R_T1_GTR03_22110002,,,,,54,43,222555550000543340000000543440000007255443000000242500000000244000000000,,b100ab15,,,,,,,,33,0,2,b100ab15,1500,3067,,2524225223534535252224433535244532235243325524235353344254,ABACAABAADBDCBDBABAAACCDDBDBACCBDAADBACDDABBACADBDBDDCCABC,ABACAAABADBDBCBDABAAACCDBDBDACBCADADABCDADBBACADBDBDCDACBC,,,2,3067,,,,,R_T1_Ljis__pat00001,,,,,,,,
12432,68,,,,,,,,,43,42,33,255353324250252354320000424354200007245224000000242532200000255323323660,,00001246,,,,,,,,34,1,0,4,4,1246,,2524225223534535252224433535244532235243325524235353344254434342,ABACAABAADBDCBDBABAAACCDDBDBACCBDAADBACDDABBACADBDBDDCCABCCDCDCA,ABACAAABADBDBCBDABAAACCDBDBDACBCADADABCDADBBACADBDBDCDACBCCDCDAC,,,3,1246,,,,,L_T1_GTR___standard/L_T1_GTR___zabuton_,,,,,L_T1_GTR03_33000001/R_T1_GTR03_22110002,,,,54,43,43,222000000000543300000000543000000007255300000000242500000000244000000000,,00003074,,,,,,,,34,1,0,7,7,3074,,252422522353453525222443353524453223524332552423535334425443,ABACAABAADBDCBDBABAAACCDDBDBACCBDAADBACDDABBACADBDBDDCCABCCD,ABACAAABADBDBCBDABAAACCDBDBDACBCADADABCDADBBACADBDBDCDACBCCD,,,2,3074,,,,,R_T1_Ljis__pat00001,,,,,,,,
12491,69,,,,,,,,,43,42,33,255353324250252354320000424354200007245224000000242532200000255323323660,,00001246,,,,,,,,34,1,0,4,4,1246,,2524225223534535252224433535244532235243325524235353344254434342,ABACAABAADBDCBDBABAAACCDDBDBACCBDAADBACDDABBACADBDBDDCCABCCDCDCA,ABACAAABADBDBCBDABAAACCDBDBDACBCADADABCDADBBACADBDBDCDACBCCDCDAC,,,3,1246,,,,,L_T1_GTR___standard/L_T1_GTR___zabuton_,,,,,L_T1_GTR03_33000001/R_T1_GTR03_22110002,,,,,43,43,222000000000543300000000543000000007255300000000242550000000244400000000,,bb40abb1,,,,,,,,35,0,1,bb40abb1,40,3114,,252422522353453525222443353524453223524332552423535334425443,ABACAABAADBDCBDBABAAACCDDBDBACCBDAADBACDDABBACADBDBDDCCABCCD,ABACAAABADBDBCBDABAAACCDBDBDACBCADADABCDADBBACADBDBDCDACBCCD,,,2,3114,,,,,,,,,,,,,
12569,70,,,,,,,,,43,42,33,255353324250252354320000424354200007245224000000242532200000255323323660,,00001246,,,,,,,,34,1,0,4,4,1246,,2524225223534535252224433535244532235243325524235353344254434342,ABACAABAADBDCBDBABAAACCDDBDBACCBDAADBACDDABBACADBDBDDCCABCCDCDCA,ABACAAABADBDBCBDABAAACCDBDBDACBCADADABCDADBBACADBDBDCDACBCCDCDAC,,,3,1246,,,,,L_T1_GTR___standard/L_T1_GTR___zabuton_,,,,,L_T1_GTR03_33000001/R_T1_GTR03_22110002,,,,,43,43,222000000000543300000000543000000007255300000000225500000000200000000000,,bb80ab11,,,,,,,,36,0,2,bb80ab11,880,3994,,252422522353453525222443353524453223524332552423535334425443,ABACAABAADBDCBDBABAAACCDDBDBACCBDAADBACDDABBACADBDBDDCCABCCD,ABACAAABADBDBCBDABAAACCDBDBDACBCADADABCDADBBACADBDBDCDACBCCD,,,2,3994,,,,,,,,,,,,,
12596,71,,,,,,,,,,42,33,255353324256252354326600424354234666245224666000242532266600255323323666,,00001250,,,,,lose,,,35,1,0,4,4,1250,,2524225223534535252224433535244532235243325524235353344254434342,ABACAABAADBDCBDBABAAACCDDBDBACCBDAADBACDDABBACADBDBDDCCABCCDCDCA,ABACAAABADBDBCBDABAAACCDBDBDACBCADADABCDADBBACADBDBDCDACBCCDCDAC,,,3,1250,,,,,L_T1_GTR___standard/L_T1_GTR___zabuton_,,,,,L_T1_GTR03_33000001/R_T1_GTR03_22110002,,,,,43,43,222000000000543300000000543000000007255300000000225500000000200000000000,,bb80ab11,,,,,,,,36,0,2,bb80ab11,880,3994,,252422522353453525222443353524453223524332552423535334425443,ABACAABAADBDCBDBABAAACCDDBDBACCBDAADBACDDABBACADBDBDDCCABCCD,ABACAAABADBDBCBDABAAACCDBDBDACBCADADABCDADBBACADBDBDCDACBCCD,,,2,3994,,,,,,,,,,,,,
12649,71,,,,,,,,,,42,33,255353324256252354326600424354234666245224666000242532266600255323323666,,00001250,,,,,lose,,,35,1,0,4,4,1250,,2524225223534535252224433535244532235243325524235353344254434342,ABACAABAADBDCBDBABAAACCDDBDBACCBDAADBACDDABBACADBDBDDCCABCCDCDCA,ABACAAABADBDBCBDABAAACCDBDBDACBCADADABCDADBBACADBDBDCDACBCCDCDAC,,,3,1250,,,,,L_T1_GTR___standard/L_T1_GTR___zabuton_,,,,,L_T1_GTR03_33000001/R_T1_GTR03_22110002,,,,,43,43,222000000000543300000000543000000007300000000000000000000000000000000000,,00004003,,,,,win,,,37,0,2,9,9,4003,,252422522353453525222443353524453223524332552423535334425443,ABACAABAADBDCBDBABAAACCDDBDBACCBDAADBACDDABBACADBDBDDCCABCCD,ABACAAABADBDBCBDABAAACCDBDBDACBCADADABCDADBBACADBDBDCDACBCCD,,,2,4003,,,,,,,,,,,,,
