21844,0,,,,,,,,,,33,23,000000000000000000000000000000000007000000000000000000000000000000000000,000000,00000000,,,,,,,,0,0,0,0,0,0,,33,AA,AA,,,0,0,,,,,,,,,,,,,,,33,23,000000000000000000000000000000000007000000000000000000000000000000000000,000000,00000000,,,,,,,,0,0,0,0,0,0,,33,AA,AA,,,0,0,,,,,,,,,,,,,
21994,2,,,,,,,,,33,23,23,000000000000000000000000000000000007000000000000000000000000000000000000,,00000000,,,,,,,,1,1,0,0,0,0,,3323,AABA,AAAB,,,0,0,,,,,,,,,,,,,,33,23,23,000000000000000000000000000000000007000000000000000000000000000000000000,,00000000,,,,,,,,1,1,0,0,0,0,,3323,AABA,AAAB,,,0,0,,,,,,,,,,,,,
22046,4,,,,,,,,,23,23,34,300000000000300000000000000000000007000000000000000000000000000000000000,,00000013,,,,,,,,2,2,0,13,13,13,,332323,AABABA,AAABAB,,,0,13,,,,,,,,,,,,,,23,23,34,300000000000300000000000000000000007000000000000000000000000000000000000,,00000013,,,,,,,,2,2,0,13,13,13,,332323,AABABA,AAABAB,,,0,13,,,,,,,,,,,,,
22095,6,,,,,,,,,23,34,42,300000000000300000000000230000000007000000000000000000000000000000000000,,00000026,,,,,,,,3,3,0,13,13,26,,33232334,AABABAAC,AAABABAC,,,0,26,,,,,,,,,,,,,,23,34,42,300000000000300000000000320000000007000000000000000000000000000000000000,,00000025,,,,,,,,3,3,0,12,12,25,,33232334,AABABAAC,AAABABAC,,,0,25,,,,,,,,,,,,,
22145,8,,,,,,,,,34,42,44,300000000000300000000000230000000007320000000000000000000000000000000000,,00000038,,,,,,,,4,4,0,12,12,38,,3323233442,AABABAACCB,AAABABACBC,,,0,38,,,,,,,,,,L_T1_GTR03_32100001,,,,34,42,44,300000000000323000000000320000000007000000000000000000000000000000000000,,00000037,,,,,,,,4,4,0,12,12,37,,3323233442,AABABAACCB,AAABABACBC,,,0,37,,,,,,,,,,,,,
22198,9,,,,,,,,,34,42,44,300000000000300000000000230000000007320000000000000000000000000000000000,,00000038,,,,,,,,4,4,0,12,12,38,,3323233442,AABABAACCB,AAABABACBC,,,0,38,,,,,,,,,,L_T1_GTR03_32100001,,,,42,44,33,300000000000323000000000320000000007000000000000000000000000430000000000,,00000049,,,,,,,,5,5,0,12,12,49,,332323344244,AABABAACCBCC,AAABABACBCCC,,,0,49,,,,,,,,,,,,,
22200,10,,,,,,,,,42,44,33,300000000000300000000000230000000007320000000000300000000000400000000000,,00000051,,,,,,,,5,5,0,13,13,51,,332323344244,AABABAACCBCC,AAABABACBCCC,,,0,51,,,,,,,,,,L_T1_GTR03_51000001,,,,42,44,33,300000000000323000000000320000000007000000000000000000000000430000000000,,00000049,,,,,,,,5,5,0,12,12,49,,332323344244,AABABAACCBCC,AAABABACBCCC,,,0,49,,,,,,,,,,,,,
22254,11,,,,,,,,,42,44,33,300000000000300000000000230000000007320000000000300000000000400000000000,,00000051,,,,,,,,5,5,0,13,13,51,,332323344244,AABABAACCBCC,AAABABACBCCC,,,0,51,,,,,,,,,,L_T1_GTR03_51000001,,,,44,33,22,324000000000323000000000320000000007000000000000000000000000430000000000,,00000060,,,,,,,,6,6,0,11,11,60,,33232334424433,AABABAACCBCCAA,AAABABACBCCCAA,,,0,60,,,,,,,,,,,,,
22256,12,,,,,,,,,44,33,22,300000000000300000000000230000000007320000000000320000000000440000000000,,00000063,,,,,,,,6,6,0,12,12,63,,33232334424433,AABABAACCBCCAA,AAABABACBCCCAA,,,0,63,,,,,,,,,,L_T1_GTR03_51000001,,,,44,33,22,324000000000323000000000320000000007000000000000000000000000430000000000,,00000060,,,,,,,,6,6,0,11,11,60,,33232334424433,AABABAACCBCCAA,AAABABACBCCCAA,,,0,60,,,,,,,,,,,,,
22304,14,,,,,,,,,33,22,32,340000000000340000000000230000000007320000000000320000000000440000000000,,00000075,,,,,,,,7,7,0,12,12,75,,3323233442443322,AABABAACCBCCAABB,AAABABACBCCCAABB,,,0,75,,,,,,,,,,L_T1_GTR03_51000001,,,,33,22,32,324000000000323000000000320000000007400000000000400000000000430000000000,,00000073,,,,,,,,7,7,0,13,13,73,,3323233442443322,AABABAACCBCCAABB,AAABABACBCCCAABB,,,0,73,,,,,,,,,,,,,
22356,16,,,,,,,,,22,32,33,340000000000340000000000230000000007320000000000320000000000443300000000,,00000085,,,,,,,,8,8,0,10,10,85,,332323344244332232,AABABAACCBCCAABBAB,AAABABACBCCCAABBAB,,,0,85,,,,,,,,,,L_T1_GTR03_51000001,,,,22,32,33,324000000000323000000000320000000007430000000000430000000000430000000000,,00000085,,,,,,,,8,8,0,12,12,85,,332323344244332232,AABABAACCBCCAABBAB,AAABABACBCCCAABBAB,,,0,85,,,,,,,,,,,,,
22403,17,,,,,,,,,32,33,43,340000000000340000000000230000000007320000000000320000000000443322000000,,00000093,,,,,,,,9,9,0,8,8,93,,33232334424433223233,AABABAACCBCCAABBABAA,AAABABACBCCCAABBABAA,,,0,93,,,,,,,,,,L_T1_GTR03_51000001,,,,22,32,33,324000000000323000000000320000000007430000000000430000000000430000000000,,00000085,,,,,,,,8,8,0,12,12,85,,332323344244332232,AABABAACCBCCAABBAB,AAABABACBCCCAABBAB,,,0,85,,,,,,,,,,,,,
22405,18,,,,,,,,,32,33,43,340000000000340000000000230000000007320000000000320000000000443322000000,,00000093,,,,,,,,9,9,0,8,8,93,,33232334424433223233,AABABAACCBCCAABBABAA,AAABABACBCCCAABBABAA,,,0,93,,,,,,,,,,L_T1_GTR03_51000001,,,,32,33,43,324000000000323000000000320000000007430000000000430000000000432200000000,,00000095,,,,,,,,9,9,0,10,10,95,,33232334424433223233,AABABAACCBCCAABBABAA,AAABABACBCCCAABBABAA,,,0,95,,,,,,,,,,,,,
22446,19,,,,,,,,,33,43,54,340000000000343000000000232000000007320000000000320000000000443322000000,,00000104,,,,,,,,10,10,0,11,11,104,,3323233442443322323343,AABABAACCBCCAABBABAACA,AAABABACBCCCAABBABAAAC,,,0,104,,,,,L_T1_GTR___hekomi__,,,,,L_T1_GTR03_51000001,,,,32,33,43,324000000000323000000000320000000007430000000000430000000000432200000000,,00000095,,,,,,,,9,9,0,10,10,95,,33232334424433223233,AABABAACCBCCAABBABAA,AAABABACBCCCAABBABAA,,,0,95,,,,,,,,,,,,,
22450,20,,,,,,,,,33,43,54,340000000000343000000000232000000007320000000000320000000000443322000000,,00000104,,,,,,,,10,10,0,11,11,104,,3323233442443322323343,AABABAACCBCCAABBABAACA,AAABABACBCCCAABBABAAAC,,,0,104,,,,,L_T1_GTR___hekomi__,,,,,L_T1_GTR03_51000001,,,,33,43,54,324000000000323000000000320000000007432300000000430000000000432200000000,,00000105,,,,,,,,10,10,0,10,10,105,,3323233442443322323343,AABABAACCBCCAABBABAACA,AAABABACBCCCAABBABAAAC,,,0,105,,,,,,,,,,,,,
22490,21,,,,,,,,,43,54,53,340000000000343000000000232330000007320000000000320000000000443322000000,,00000113,,,,,,,,11,11,0,9,9,113,,332323344244332232334354,AABABAACCBCCAABBABAACADC,AAABABACBCCCAABBABAAACCD,,,0,113,,,,,L_T1_GTR___hekomi__,,,,,L_T1_GTR03_51000001,,,,33,43,54,324000000000323000000000320000000007432300000000430000000000432200000000,,00000105,,,,,,,,10,10,0,10,10,105,,3323233442443322323343,AABABAACCBCCAABBABAACA,AAABABACBCCCAABBABAAAC,,,0,105,,,,,,,,,,,,,
22499,22,,,,,,,,,43,54,53,340000000000343000000000232330000007320000000000320000000000443322000000,,00000113,,,,,,,,11,11,0,9,9,113,,332323344244332232334354,AABABAACCBCCAABBABAACADC,AAABABACBCCCAABBABAAACCD,,,0,113,,,,,L_T1_GTR___hekomi__,,,,,L_T1_GTR03_51000001,,,,43,54,53,324330000000323000000000320000000007432300000000430000000000432200000000,,00000114,,,,,,,,11,11,0,9,9,114,,332323344244332232334354,AABABAACCBCCAABBABAACADC,AAABABACBCCCAABBABAAACCD,,,0,114,,,,,,,,,,,,,
22539,23,,,,,,,,,54,53,42,340000000000343000000000232330000007320000000000324300000000443322000000,,00000124,,,,,,,,12,12,0,11,11,124,,33232334424433223233435453,AABABAACCBCCAABBABAACADCDA,AAABABACBCCCAABBABAAACCDAD,,,0,124,,,,,L_T1_GTR___hekomi__,,,,,L_T1_GTR03_51000001,,,,43,54,53,324330000000323000000000320000000007432300000000430000000000432200000000,,00000114,,,,,,,,11,11,0,9,9,114,,332323344244332232334354,AABABAACCBCCAABBABAACADC,AAABABACBCCCAABBABAAACCD,,,0,114,,,,,,,,,,,,,
22542,24,,,,,,,,,54,53,42,340000000000343000000000232330000007320000000000324300000000443322000000,,00000124,,,,,,,,12,12,0,11,11,124,,33232334424433223233435453,AABABAACCBCCAABBABAACADCDA,AAABABACBCCCAABBABAAACCDAD,,,0,124,,,,,L_T1_GTR___hekomi__,,,,,L_T1_GTR03_51000001,,,,54,53,42,324330000000323000000000324300000007432300000000430000000000432200000000,,00000125,,,,,,,,12,12,0,11,11,125,,33232334424433223233435453,AABABAACCBCCAABBABAACADCDA,AAABABACBCCCAABBABAAACCDAD,,,0,125,,,,,,,,,,,,,
22584,25,,,,,,,,,53,42,22,340000000000343000000000232330000007324500000000324300000000443322000000,,00000134,,,,,,,,13,13,0,10,10,134,,3323233442443322323343545342,AABABAACCBCCAABBABAACADCDACB,AAABABACBCCCAABBABAAACCDADBC,,,0,134,,,,,L_T1_GTR___hekomi__,,,,,L_T1_GTR03_51000001,,,,54,53,42,324330000000323000000000324300000007432300000000430000000000432200000000,,00000125,,,,,,,,12,12,0,11,11,125,,33232334424433223233435453,AABABAACCBCCAABBABAACADCDA,AAABABACBCCCAABBABAAACCDAD,,,0,125,,,,,,,,,,,,,
22604,26,,,,,,,,,53,42,22,340000000000343000000000232330000007324500000000324300000000443322000000,,00000134,,,,,,,,13,13,0,10,10,134,,3323233442443322323343545342,AABABAACCBCCAABBABAACADCDACB,AAABABACBCCCAABBABAAACCDADBC,,,0,134,,,,,L_T1_GTR___hekomi__,,,,,L_T1_GTR03_51000001,,,,53,42,22,324330000000323400000000324350000007432300000000430000000000432200000000,,00000134,,,,,,,,13,13,0,9,9,134,,3323233442443322323343545342,AABABAACCBCCAABBABAACADCDACB,AAABABACBCCCAABBABAAACCDADBC,,,0,134,,,,,,,,,,,,,
22626,27,,,,,,,,,42,22,23,340000000000343000000000232335300007324500000000324300000000443322000000,,00000142,,,,,,,,14,14,0,8,8,142,,332323344244332232334354534222,AABABAACCBCCAABBABAACADCDACBBB,AAABABACBCCCAABBABAAACCDADBCBB,,,0,142,,,,,L_T1_GTR___hekomi__,,,,,L_T1_GTR03_51000001,,,,53,42,22,324330000000323400000000324350000007432300000000430000000000432200000000,,00000134,,,,,,,,13,13,0,9,9,134,,3323233442443322323343545342,AABABAACCBCCAABBABAACADCDACB,AAABABACBCCCAABBABAAACCDADBC,,,0,134,,,,,,,,,,,,,
22646,28,,,,,,,,,42,22,23,340000000000343000000000232335300007324500000000324300000000443322000000,,00000142,,,,,,,,14,14,0,8,8,142,,332323344244332232334354534222,AABABAACCBCCAABBABAACADCDACBBB,AAABABACBCCCAABBABAAACCDADBCBB,,,0,142,,,,,L_T1_GTR___hekomi__,,,,,L_T1_GTR03_51000001,,,,42,22,23,324330000000323435000000324350000007432300000000430000000000432200000000,,00000142,,,,,,,,14,14,0,8,8,142,,332323344244332232334354534222,AABABAACCBCCAABBABAACADCDACBBB,AAABABACBCCCAABBABAAACCDADBCBB,,,0,142,,,,,,,,,,,,,
22676,29,,,,,,,,,22,23,34,344200000000343000000000232335300007324500000000324300000000443322000000,,00000153,,,,,,,,15,15,0,11,11,153,,33232334424433223233435453422223,AABABAACCBCCAABBABAACADCDACBBBBA,AAABABACBCCCAABBABAAACCDADBCBBAB,,,0,153,,,,,L_T1_GTR___standard,,,,,L_T1_GTR03_51000001/L_T1_GTR03_33000001,,,,42,22,23,324330000000323435000000324350000007432300000000430000000000432200000000,,00000142,,,,,,,,14,14,0,8,8,142,,332323344244332232334354534222,AABABAACCBCCAABBABAACADCDACBBB,AAABABACBCCCAABBABAAACCDADBCBB,,,0,142,,,,,,,,,,,,,
22690,30,,,,,,,,,22,23,34,344200000000343000000000232335300007324500000000324300000000443322000000,,00000153,,,,,,,,15,15,0,11,11,153,,33232334424433223233435453422223,AABABAACCBCCAABBABAACADCDACBBBBA,AAABABACBCCCAABBABAAACCDADBCBBAB,,,0,153,,,,,L_T1_GTR___standard,,,,,L_T1_GTR03_51000001/L_T1_GTR03_33000001,,,,22,23,34,324334200000323435000000324350000007432300000000430000000000432200000000,,00000150,,,,,,,,15,15,0,8,8,150,,33232334424433223233435453422223,AABABAACCBCCAABBABAACADCDACBBBBA,AAABABACBCCCAABBABAAACCDADBCBBAB,,,0,150,,,,,,,,,,,,,
22718,31,,,,,,,,,23,34,42,344200000000343220000000232335300007324500000000324300000000443322000000,,00000162,,,,,,,,16,16,0,9,9,162,,3323233442443322323343545342222334,AABABAACCBCCAABBABAACADCDACBBBBAAC,AAABABACBCCCAABBABAAACCDADBCBBABAC,,,0,162,,,,,L_T1_GTR___standard,,,,,L_T1_GTR03_51000001/L_T1_GTR03_33000001,,,,22,23,34,324334200000323435000000324350000007432300000000430000000000432200000000,,00000150,,,,,,,,15,15,0,8,8,150,,33232334424433223233435453422223,AABABAACCBCCAABBABAACADCDACBBBBA,AAABABACBCCCAABBABAAACCDADBCBBAB,,,0,150,,,,,,,,,,,,,
22748,32,,,,,,,,,23,34,42,344200000000343220000000232335300007324500000000324300000000443322000000,,00000162,,,,,,,,16,16,0,9,9,162,,3323233442443322323343545342222334,AABABAACCBCCAABBABAACADCDACBBBBAAC,AAABABACBCCCAABBABAAACCDADBCBBABAC,,,0,162,,,,,L_T1_GTR___standard,,,,,L_T1_GTR03_51000001/L_T1_GTR03_33000001,,,,23,34,42,324334220000323435200000324350000007432300000000430000000000432200000000,,00000156,,,,,,,,16,16,0,6,6,156,,3323233442443322323343545342222334,AABABAACCBCCAABBABAACADCDACBBBBAAC,AAABABACBCCCAABBABAAACCDADBCBBABAC,,,0,156,,,,,,,,,,,,,
22759,33,,,,,,,,,34,42,35,344200000000343223200000232335300007324500000000324300000000443322000000,,00000169,,,,,,,,17,17,0,7,7,169,,332323344244332232334354534222233442,AABABAACCBCCAABBABAACADCDACBBBBAACCB,AAABABACBCCCAABBABAAACCDADBCBBABACBC,,,0,169,,,,,L_T1_GTR___standard,,,,,L_T1_GTR03_51000001/L_T1_GTR03_33000001,,,,23,34,42,324334220000323435200000324350000007432300000000430000000000432200000000,,00000156,,,,,,,,16,16,0,6,6,156,,3323233442443322323343545342222334,AABABAACCBCCAABBABAACADCDACBBBBAAC,AAABABACBCCCAABBABAAACCDADBCBBABAC,,,0,156,,,,,,,,,,,,,
22784,34,,,,,,,,,34,42,35,344200000000343223200000232335300007324500000000324300000000443322000000,,00000169,,,,,,,,17,17,0,7,7,169,,332323344244332232334354534222233442,AABABAACCBCCAABBABAACADCDACBBBBAACCB,AAABABACBCCCAABBABAAACCDADBCBBABACBC,,,0,169,,,,,L_T1_GTR___standard,,,,,L_T1_GTR03_51000001/L_T1_GTR03_33000001,,,,34,42,35,324334223200323435200000324350000007432300000000430000000000432200000000,,00000160,,,,,,,,17,17,0,4,4,160,,332323344244332232334354534222233442,AABABAACCBCCAABBABAACADCDACBBBBAACCB,AAABABACBCCCAABBABAAACCDADBCBBABACBC,,,0,160,,,,,,,,,,,,,
22800,35,,,,,,,,,42,35,34,344200000000343223200000232335300007324500000000324300000000443322430000,,00000175,,,,,,,,18,18,0,6,6,175,,33232334424433223233435453422223344235,AABABAACCBCCAABBABAACADCDACBBBBAACCBAD,AAABABACBCCCAABBABAAACCDADBCBBABACBCAD,,,0,175,,,,,L_T1_GTR___standard,,,,,L_T1_GTR03_51000001/L_T1_GTR03_33000001,,,,34,42,35,324334223200323435200000324350000007432300000000430000000000432200000000,,00000160,,,,,,,,17,17,0,4,4,160,,332323344244332232334354534222233442,AABABAACCBCCAABBABAACADCDACBBBBAACCB,AAABABACBCCCAABBABAAACCDADBCBBABACBC,,,0,160,,,,,,,,,,,,,
22846,36,,,,,,,,,35,34,55,344200000000343223200000232335300007324500000000324324000000443322430000,,00000183,,,,,,,,19,19,0,8,8,183,,3323233442443322323343545342222334423534,AABABAACCBCCAABBABAACADCDACBBBBAACCBADAC,AAABABACBCCCAABBABAAACCDADBCBBABACBCADAC,,,0,183,,,,,L_T1_GTR___standard,,,,,L_T1_GTR03_51000001/L_T1_GTR03_33000001,,,,34,42,35,324334223200323435200000324350000007432300000000430000000000432200000000,,00000160,,,,,,,,17,17,0,4,4,160,,332323344244332232334354534222233442,AABABAACCBCCAABBABAACADCDACBBBBAACCB,AAABABACBCCCAABBABAAACCDADBCBBABACBC,,,0,160,,,,,,,,,,,,,
22856,37,,,,,,,,,35,34,55,344200000000343223200000232335300007324500000000324324000000443322430000,,00000183,,,,,,,,19,19,0,8,8,183,,3323233442443322323343545342222334423534,AABABAACCBCCAABBABAACADCDACBBBBAACCBADAC,AAABABACBCCCAABBABAAACCDADBCBBABACBCADAC,,,0,183,,,,,L_T1_GTR___standard,,,,,L_T1_GTR03_51000001/L_T1_GTR03_33000001,,,,42,35,34,324334223200323435200000324350000007432300000000434000000000432230000000,,00000169,,,,,,,,18,18,0,9,9,169,,33232334424433223233435453422223344235,AABABAACCBCCAABBABAACADCDACBBBBAACCBAD,AAABABACBCCCAABBABAAACCDADBCBBABACBCAD,,,0,169,,,,,,,,,,,,,
22907,38,,,,,,,,,35,34,55,344200000000343223200000232335300007324500000000324324000000443322430000,,00000183,,,,,,,,19,19,0,8,8,183,,3323233442443322323343545342222334423534,AABABAACCBCCAABBABAACADCDACBBBBAACCBADAC,AAABABACBCCCAABBABAAACCDADBCBBABACBCADAC,,,0,183,,,,,L_T1_GTR___standard,,,,,L_T1_GTR03_51000001/L_T1_GTR03_33000001,,,,35,34,55,324334223200323435200000324350000007432300000000434420000000432230000000,,00000179,,,,,,,,19,19,0,10,10,179,,3323233442443322323343545342222334423534,AABABAACCBCCAABBABAACADCDACBBBBAACCBADAC,AAABABACBCCCAABBABAAACCDADBCBBABACBCADAC,,,0,179,,,,,,,,,,,,,
22914,39,,,,,,,,,34,55,33,344200000000343223200000232335300007324550000000324324300000443322430000,,00000190,,,,,,,,20,20,0,7,7,190,,332323344244332232334354534222233442353455,AABABAACCBCCAABBABAACADCDACBBBBAACCBADACDD,AAABABACBCCCAABBABAAACCDADBCBBABACBCADACDD,,,0,190,,,,,L_T1_GTR___standard,,,,,L_T1_GTR03_51000001/L_T1_GTR03_33000001,,,,35,34,55,324334223200323435200000324350000007432300000000434420000000432230000000,,00000179,,,,,,,,19,19,0,10,10,179,,3323233442443322323343545342222334423534,AABABAACCBCCAABBABAACADCDACBBBBAACCBADAC,AAABABACBCCCAABBABAAACCDADBCBBABACBCADAC,,,0,179,,,,,,,,,,,,,
22943,40,,,,,,,,,34,55,33,344200000000343223200000232335300007324550000000324324300000443322430000,,00000190,,,,,,,,20,20,0,7,7,190,,332323344244332232334354534222233442353455,AABABAACCBCCAABBABAACADCDACBBBBAACCBADACDD,AAABABACBCCCAABBABAAACCDADBCBBABACBCADACDD,,,0,190,,,,,L_T1_GTR___standard,,,,,L_T1_GTR03_51000001/L_T1_GTR03_33000001,,,,34,55,33,324334223200323435253000324350000007432300000000434420000000432230000000,,00000184,,,,,,,,20,20,0,5,5,184,,332323344244332232334354534222233442353455,AABABAACCBCCAABBABAACADCDACBBBBAACCBADACDD,AAABABACBCCCAABBABAAACCDADBCBBABACBCADACDD,,,0,184,,,,,,,,,,,,,
22984,41,,,,,,,,,55,33,25,344200000000343223200000232335300007324554000000324324330000443322430000,,00000196,,,,,,,,21,21,0,6,6,196,,33232334424433223233435453422223344235345533,AABABAACCBCCAABBABAACADCDACBBBBAACCBADACDDAA,AAABABACBCCCAABBABAAACCDADBCBBABACBCADACDDAA,,,0,196,,,,,L_T1_GTR___standard,,,,,L_T1_GTR03_51000001/L_T1_GTR03_33000001,,,,34,55,33,324334223200323435253000324350000007432300000000434420000000432230000000,,00000184,,,,,,,,20,20,0,5,5,184,,332323344244332232334354534222233442353455,AABABAACCBCCAABBABAACADCDACBBBBAACCBADACDD,AAABABACBCCCAABBABAAACCDADBCBBABACBCADACDD,,,0,184,,,,,,,,,,,,,
22988,42,,,,,,,,,55,33,25,344200000000343223200000232335300007324554000000324324330000443322430000,,00000196,,,,,,,,21,21,0,6,6,196,,33232334424433223233435453422223344235345533,AABABAACCBCCAABBABAACADCDACBBBBAACCBADACDDAA,AAABABACBCCCAABBABAAACCDADBCBBABACBCADACDDAA,,,0,196,,,,,L_T1_GTR___standard,,,,,L_T1_GTR03_51000001/L_T1_GTR03_33000001,,,,55,33,25,324334223200323435253000324350000007432300000000434424000000432233000000,,00000192,,,,,,,,21,21,0,8,8,192,,33232334424433223233435453422223344235345533,AABABAACCBCCAABBABAACADCDACBBBBAACCBADACDDAA,AAABABACBCCCAABBABAAACCDADBCBBABACBCADACDDAA,,,0,192,,,,,,,,,,,,,
23022,43,,,,,,,,,33,25,55,344200000000343223200000232335300007324554000000324324330000443322435500,,00000200,,,,,,,,22,22,0,4,4,200,,3323233442443322323343545342222334423534553325,AABABAACCBCCAABBABAACADCDACBBBBAACCBADACDDAABD,AAABABACBCCCAABBABAAACCDADBCBBABACBCADACDDAABD,,,0,200,,,,,L_T1_GTR___standard,,,,,L_T1_GTR03_51000001/L_T1_GTR03_33000001,,,,55,33,25,324334223200323435253000324350000007432300000000434424000000432233000000,,00000192,,,,,,,,21,21,0,8,8,192,,33232334424433223233435453422223344235345533,AABABAACCBCCAABBABAACADCDACBBBBAACCBADACDDAA,AAABABACBCCCAABBABAAACCDADBCBBABACBCADACDDAA,,,0,192,,,,,,,,,,,,,
23054,44,,,,,,,,,33,25,55,344200000000343223200000232335300007324554000000324324330000443322435500,,00000200,,,,,,,,22,22,0,4,4,200,,3323233442443322323343545342222334423534553325,AABABAACCBCCAABBABAACADCDACBBBBAACCBADACDDAABD,AAABABACBCCCAABBABAAACCDADBCBBABACBCADACDDAABD,,,0,200,,,,,L_T1_GTR___standard,,,,,L_T1_GTR03_51000001/L_T1_GTR03_33000001,,,,33,25,55,324334223200323435253500324355000007432300000000434424000000432233000000,,00000196,,,,,,,,22,22,0,4,4,196,,3323233442443322323343545342222334423534553325,AABABAACCBCCAABBABAACADCDACBBBBAACCBADACDDAABD,AAABABACBCCCAABBABAAACCDADBCBBABACBCADACDDAABD,,,0,196,,,,,,,,,,,,,
23056,45,,,,,,,,,25,55,23,344200000000343223200000232335300007324554000000324324330000443322435533,,00000202,,,,,,,,23,23,0,2,2,202,,332323344244332232334354534222233442353455332555,AABABAACCBCCAABBABAACADCDACBBBBAACCBADACDDAABDDD,AAABABACBCCCAABBABAAACCDADBCBBABACBCADACDDAABDDD,,,0,202,,,,,L_T1_GTR___standard,,,,,L_T1_GTR03_51000001/L_T1_GTR03_33000001,,,,33,25,55,324334223200323435253500324355000007432300000000434424000000432233000000,,00000196,,,,,,,,22,22,0,4,4,196,,3323233442443322323343545342222334423534553325,AABABAACCBCCAABBABAACADCDACBBBBAACCBADACDDAABD,AAABABACBCCCAABBABAAACCDADBCBBABACBCADACDDAABD,,,0,196,,,,,,,,,,,,,
23091,46,,,,,,,,,25,55,23,344200000000343223200000232335300007324554000000324324330000443322435533,,00000202,,,,,,,,23,23,0,2,2,202,,332323344244332232334354534222233442353455332555,AABABAACCBCCAABBABAACADCDACBBBBAACCBADACDDAABDDD,AAABABACBCCCAABBABAAACCDADBCBBABACBCADACDDAABDDD,,,0,202,,,,,L_T1_GTR___standard,,,,,L_T1_GTR03_51000001/L_T1_GTR03_33000001,,,,25,55,23,324334223200323435253500324355330007432300000000434424000000432233000000,,00000202,,,,,,,,23,23,0,6,6,202,,332323344244332232334354534222233442353455332555,AABABAACCBCCAABBABAACADCDACBBBBAACCBADACDDAABDDD,AAABABACBCCCAABBABAAACCDADBCBBABACBCADACDDAABDDD,,,0,202,,,,,,,,,,,,,
23098,47,,,,,,,,,55,23,54,344200000000343223200000232335300007324554250000324324330000443322435533,,00000209,,,,,,,,24,24,0,7,7,209,,33232334424433223233435453422223344235345533255523,AABABAACCBCCAABBABAACADCDACBBBBAACCBADACDDAABDDDBA,AAABABACBCCCAABBABAAACCDADBCBBABACBCADACDDAABDDDAB,,,0,209,,,,,L_T1_GTR___standard,,,,,L_T1_GTR03_51000001/L_T1_GTR03_33000001,,,,25,55,23,324334223200323435253500324355330007432300000000434424000000432233000000,,00000202,,,,,,,,23,23,0,6,6,202,,332323344244332232334354534222233442353455332555,AABABAACCBCCAABBABAACADCDACBBBBAACCBADACDDAABDDD,AAABABACBCCCAABBABAAACCDADBCBBABACBCADACDDAABDDD,,,0,202,,,,,,,,,,,,,
23122,48,,,,,,,,,55,23,54,344200000000343223200000232335300007324554250000324324330000443322435533,,00000209,,,,,,,,24,24,0,7,7,209,,33232334424433223233435453422223344235345533255523,AABABAACCBCCAABBABAACADCDACBBBBAACCBADACDDAABDDDBA,AAABABACBCCCAABBABAAACCDADBCBBABACBCADACDDAABDDDAB,,,0,209,,,,,L_T1_GTR___standard,,,,,L_T1_GTR03_51000001/L_T1_GTR03_33000001,,,,55,23,54,324334223220323435253550324355330007432300000000434424000000432233000000,,00000205,,,,,,,,24,24,0,3,3,205,,33232334424433223233435453422223344235345533255523,AABABAACCBCCAABBABAACADCDACBBBBAACCBADACDDAABDDDBA,AAABABACBCCCAABBABAAACCDADBCBBABACBCADACDDAABDDDAB,,,0,205,,,,,,,,,,,,,
23136,49,,,,,,,,,23,54,24,344200000000343223255000232335300007324554250000324324330000443322435533,,00000214,,,,,,,,25,25,0,5,5,214,,3323233442443322323343545342222334423534553325552354,AABABAACCBCCAABBABAACADCDACBBBBAACCBADACDDAABDDDBADC,AAABABACBCCCAABBABAAACCDADBCBBABACBCADACDDAABDDDABCD,,,0,214,,,,,L_T1_GTR___standard,,,,,L_T1_GTR03_51000001/L_T1_GTR03_33000001,,,,55,23,54,324334223220323435253550324355330007432300000000434424000000432233000000,,00000205,,,,,,,,24,24,0,3,3,205,,33232334424433223233435453422223344235345533255523,AABABAACCBCCAABBABAACADCDACBBBBAACCBADACDDAABDDDBA,AAABABACBCCCAABBABAAACCDADBCBBABACBCADACDDAABDDDAB,,,0,205,,,,,,,,,,,,,
23152,50,,,,,,,,,23,54,24,344200000000343223255000232335300007324554250000324324330000443322435533,,00000214,,,,,,,,25,25,0,5,5,214,,3323233442443322323343545342222334423534553325552354,AABABAACCBCCAABBABAACADCDACBBBBAACCBADACDDAABDDDBADC,AAABABACBCCCAABBABAAACCDADBCBBABACBCADACDDAABDDDABCD,,,0,214,,,,,L_T1_GTR___standard,,,,,L_T1_GTR03_51000001/L_T1_GTR03_33000001,,,,23,54,24,324334223220323435253555324355330007432300000000434424000000432233000000,,00000207,,,,,,,,25,25,0,2,2,207,,3323233442443322323343545342222334423534553325552354,AABABAACCBCCAABBABAACADCDACBBBBAACCBADACDDAABDDDBADC,AAABABACBCCCAABBABAAACCDADBCBBABACBCADACDDAABDDDABCD,,,0,207,,,,,,,,,,,,,
23192,51,,,,,,,,,23,54,24,344200000000343223255000232335300007324554250000324324330000443322435533,,00000214,,,,,,,,25,25,0,5,5,214,,3323233442443322323343545342222334423534553325552354,AABABAACCBCCAABBABAACADCDACBBBBAACCBADACDDAABDDDBADC,AAABABACBCCCAABBABAAACCDADBCBBABACBCADACDDAABDDDABCD,,,0,214,,,,,L_T1_GTR___standard,,,,,L_T1_GTR03_51000001/L_T1_GTR03_33000001,,,,54,24,42,324334223220323435253555324355330007432300000000434424000000432233320000,,00000213,,,,,,,,26,26,0,6,6,213,,332323344244332232334354534222233442353455332555235424,AABABAACCBCCAABBABAACADCDACBBBBAACCBADACDDAABDDDBADCBC,AAABABACBCCCAABBABAAACCDADBCBBABACBCADACDDAABDDDABCDBC,,,0,213,,,,,,,,,,,,,
23203,52,,,,,,,,,54,24,42,344200000000343223255300232335320007324554250000324324330000443322435533,,00000218,,,,,,,,26,26,0,4,4,218,,332323344244332232334354534222233442353455332555235424,AABABAACCBCCAABBABAACADCDACBBBBAACCBADACDDAABDDDBADCBC,AAABABACBCCCAABBABAAACCDADBCBBABACBCADACDDAABDDDABCDBC,,,0,218,,,,,L_T1_GTR___standard,,,,,L_T1_GTR03_51000001/L_T1_GTR03_33000001,,,,54,24,42,324334223220323435253555324355330007432300000000434424000000432233320000,,00000213,,,,,,,,26,26,0,6,6,213,,332323344244332232334354534222233442353455332555235424,AABABAACCBCCAABBABAACADCDACBBBBAACCBADACDDAABDDDBADCBC,AAABABACBCCCAABBABAAACCDADBCBBABACBCADACDDAABDDDABCDBC,,,0,213,,,,,,,,,,,,,
23243,53,,,,,,,,,24,42,45,344200000000343223255300232335320007324554250000324324334500443322435533,,00000222,,,,,,,,27,27,0,4,4,222,,33232334424433223233435453422223344235345533255523542442,AABABAACCBCCAABBABAACADCDACBBBBAACCBADACDDAABDDDBADCBCCB,AAABABACBCCCAABBABAAACCDADBCBBABACBCADACDDAABDDDABCDBCBC,,,0,222,,,,,L_T1_GTR___standard,,,,,L_T1_GTR03_51000001/L_T1_GTR03_33000001,,,,54,24,42,324334223220323435253555324355330007432300000000434424000000432233320000,,00000213,,,,,,,,26,26,0,6,6,213,,332323344244332232334354534222233442353455332555235424,AABABAACCBCCAABBABAACADCDACBBBBAACCBADACDDAABDDDBADCBC,AAABABACBCCCAABBABAAACCDADBCBBABACBCADACDDAABDDDABCDBC,,,0,213,,,,,,,,,,,,,
23263,54,,,,,,,,,24,42,45,344200000000343223255300232335320007324554250000324324334500443322435533,,00000222,,,,,,,,27,27,0,4,4,222,,33232334424433223233435453422223344235345533255523542442,AABABAACCBCCAABBABAACADCDACBBBBAACCBADACDDAABDDDBADCBCCB,AAABABACBCCCAABBABAAACCDADBCBBABACBCADACDDAABDDDABCDBCBC,,,0,222,,,,,L_T1_GTR___standard,,,,,L_T1_GTR03_51000001/L_T1_GTR03_33000001,,,,24,42,45,324334223220323435253555324355330007432340000000434424500000432233320000,,00000220,,,,,,,,27,27,0,7,7,220,,33232334424433223233435453422223344235345533255523542442,AABABAACCBCCAABBABAACADCDACBBBBAACCBADACDDAABDDDBADCBCCB,AAABABACBCCCAABBABAAACCDADBCBBABACBCADACDDAABDDDABCDBCBC,,,0,220,,,,,,,,,,,,,
23302,56,,,,,,,,,42,45,23,344200000000343223255300232335320007324554254000324324334520443322435533,,00000225,,,,,,,,28,28,0,3,3,225,,3323233442443322323343545342222334423534553325552354244245,AABABAACCBCCAABBABAACADCDACBBBBAACCBADACDDAABDDDBADCBCCBCD,AAABABACBCCCAABBABAAACCDADBCBBABACBCADACDDAABDDDABCDBCBCCD,,,0,225,,,,,L_T1_GTR___standard,,,,,L_T1_GTR03_51000001/L_T1_GTR03_33000001,,,,42,45,23,324334223220323435253555324355330007432344200000434424500000432233320000,,00000227,,,,,,,,28,28,0,7,7,227,,3323233442443322323343545342222334423534553325552354244245,AABABAACCBCCAABBABAACADCDACBBBBAACCBADACDDAABDDDBADCBCCBCD,AAABABACBCCCAABBABAAACCDADBCBBABACBCADACDDAABDDDABCDBCBCCD,,,0,227,,,,,,,,,,,,,
23340,57,,,,,,,,,42,45,23,344200000000343223255300232335320007324554254000324324334520443322435533,,00000225,,,,,,,,28,28,0,3,3,225,,3323233442443322323343545342222334423534553325552354244245,AABABAACCBCCAABBABAACADCDACBBBBAACCBADACDDAABDDDBADCBCCBCD,AAABABACBCCCAABBABAAACCDADBCBBABACBCADACDDAABDDDABCDBCBCCD,,,0,225,,,,,L_T1_GTR___standard,,,,,L_T1_GTR03_51000001/L_T1_GTR03_33000001,,,,45,23,52,324334223220323435253555324355330007432344224000434424500000432233320000,,00000232,,,,,,,,29,29,0,5,5,232,,332323344244332232334354534222233442353455332555235424424523,AABABAACCBCCAABBABAACADCDACBBBBAACCBADACDDAABDDDBADCBCCBCDBA,AAABABACBCCCAABBABAAACCDADBCBBABACBCADACDDAABDDDABCDBCBCCDAB,,,0,232,,,,,,,,,,,,,
23351,58,,,,,,,,,45,23,52,344242000000343223255300232335320007324554254000324324334520443322435533,,00000234,,,,,,,,29,29,0,9,9,234,,332323344244332232334354534222233442353455332555235424424523,AABABAACCBCCAABBABAACADCDACBBBBAACCBADACDDAABDDDBADCBCCBCDBA,AAABABACBCCCAABBABAAACCDADBCBBABACBCADACDDAABDDDABCDBCBCCDAB,,,0,234,,,,,L_T1_GTR___standard,,,,,L_T1_GTR03_51000001/L_T1_GTR03_33000001,,,,45,23,52,324334223220323435253555324355330007432344224000434424500000432233320000,,00000232,,,,,,,,29,29,0,5,5,232,,332323344244332232334354534222233442353455332555235424424523,AABABAACCBCCAABBABAACADCDACBBBBAACCBADACDDAABDDDBADCBCCBCDBA,AAABABACBCCCAABBABAAACCDADBCBBABACBCADACDDAABDDDABCDBCBCCDAB,,,0,232,,,,,,,,,,,,,
23390,59,,,,,,,,,,23,52,344242000000343223255300232335320007324554254540324324334520443322435533,,bb40abb1,,,,,,,,30,0,1,bb40abb1,40,274,,332323344244332232334354534222233442353455332555235424424523,AABABAACCBCCAABBABAACADCDACBBBBAACCBADACDDAABDDDBADCBCCBCDBA,AAABABACBCCCAABBABAAACCDADBCBBABACBCADACDDAABDDDABCDBCBCCDAB,,,1,274,,,,,L_T1_GTR___standard,,,,,L_T1_GTR03_51000001/L_T1_GTR03_33000001,,,,45,23,52,324334223220323435253555324355330007432344224000434424500000432233320000,,00000232,,,,,,,,29,29,0,5,5,232,,332323344244332232334354534222233442353455332555235424424523,AABABAACCBCCAABBABAACADCDACBBBBAACCBADACDDAABDDDBADCBCCBCDBA,AAABABACBCCCAABBABAAACCDADBCBBABACBCADACDDAABDDDABCDBCBCCDAB,,,0,232,,,,,,,,,,,,,
23396,60,,,,,,,,,,23,52,344242000000343223255300232335320007324554254540324324334520443322435533,,bb40abb1,,,,,,,,30,0,1,bb40abb1,40,274,,332323344244332232334354534222233442353455332555235424424523,AABABAACCBCCAABBABAACADCDACBBBBAACCBADACDDAABDDDBADCBCCBCDBA,AAABABACBCCCAABBABAAACCDADBCBBABACBCADACDDAABDDDABCDBCBCCDAB,,,1,274,,,,,L_T1_GTR___standard,,,,,L_T1_GTR03_51000001/L_T1_GTR03_33000001,,,,23,52,34,324334223220323435253555324355330007432344224400434424550000432233320000,,00000236,,,,,,,,30,30,0,4,4,236,,33232334424433223233435453422223344235345533255523542442452352,AABABAACCBCCAABBABAACADCDACBBBBAACCBADACDDAABDDDBADCBCCBCDBADB,AAABABACBCCCAABBABAAACCDADBCBBABACBCADACDDAABDDDABCDBCBCCDABBD,,,0,236,,,,,,,,,,,,,
23438,61,,,,,,,,,,23,52,344242000000343223255300232335320007324554254540324324334520443322435533,,bb40abb1,,,,,,,,30,0,1,bb40abb1,40,274,,332323344244332232334354534222233442353455332555235424424523,AABABAACCBCCAABBABAACADCDACBBBBAACCBADACDDAABDDDBADCBCCBCDBA,AAABABACBCCCAABBABAAACCDADBCBBABACBCADACDDAABDDDABCDBCBCCDAB,,,1,274,,,,,L_T1_GTR___standard,,,,,L_T1_GTR03_51000001/L_T1_GTR03_33000001,,,,52,34,55,324334223220323435253555324355330007432344224400434424553000432233322000,,00000241,,,,,,,,31,31,0,5,5,241,,3323233442443322323343545342222334423534553325552354244245235234,AABABAACCBCCAABBABAACADCDACBBBBAACCBADACDDAABDDDBADCBCCBCDBADBAC,AAABABACBCCCAABBABAAACCDADBCBBABACBCADACDDAABDDDABCDBCBCCDABBDAC,,,0,241,,,,,,,,,,,,,
23471,62,,,,,,,,,,23,52,344242000000343223255300232335320007324554254400324324334200443322433300,,bb50ab10,,,,,,,,31,0,2,bb50ab10,500,774,,332323344244332232334354534222233442353455332555235424424523,AABABAACCBCCAABBABAACADCDACBBBBAACCBADACDDAABDDDBADCBCCBCDBA,AAABABACBCCCAABBABAAACCDADBCBBABACBCADACDDAABDDDABCDBCBCCDAB,,,2,774,,,,,L_T1_GTR___standard,,,,,L_T1_GTR03_51000001/L_T1_GTR03_33000001,,,,52,34,55,324334223220323435253555324355330007432344224400434424553000432233322000,,00000241,,,,,,,,31,31,0,5,5,241,,3323233442443322323343545342222334423534553325552354244245235234,AABABAACCBCCAABBABAACADCDACBBBBAACCBADACDDAABDDDBADCBCCBCDBADBAC,AAABABACBCCCAABBABAAACCDADBCBBABACBCADACDDAABDDDABCDBCBCCDABBDAC,,,0,241,,,,,,,,,,,,,
23476,63,,,,,,,,,,23,52,344242000000343223255300232335320007324554254400324324334200443322433300,,bb50ab10,,,,,,,,31,0,2,bb50ab10,500,774,,332323344244332232334354534222233442353455332555235424424523,AABABAACCBCCAABBABAACADCDACBBBBAACCBADACDDAABDDDBADCBCCBCDBA,AAABABACBCCCAABBABAAACCDADBCBBABACBCADACDDAABDDDABCDBCBCCDAB,,,2,774,,,,,L_T1_GTR___standard,,,,,L_T1_GTR03_51000001/L_T1_GTR03_33000001,,,,34,55,33,324334223220323435253555324355330007432344224400434424553000432233322250,,00000244,,,,,,,,32,32,0,3,3,244,,332323344244332232334354534222233442353455332555235424424523523455,AABABAACCBCCAABBABAACADCDACBBBBAACCBADACDDAABDDDBADCBCCBCDBADBACDD,AAABABACBCCCAABBABAAACCDADBCBBABACBCADACDDAABDDDABCDBCBCCDABBDACDD,,,0,244,,,,,,,,,,,,,
23516,64,,,,,,,,,,23,52,344242000000343223255300232335320007324554254400324324334200443322433300,,bb50ab10,,,,,,,,31,0,2,bb50ab10,500,774,,332323344244332232334354534222233442353455332555235424424523,AABABAACCBCCAABBABAACADCDACBBBBAACCBADACDDAABDDDBADCBCCBCDBA,AAABABACBCCCAABBABAAACCDADBCBBABACBCADACDDAABDDDABCDBCBCCDAB,,,2,774,,,,,L_T1_GTR___standard,,,,,L_T1_GTR03_51000001/L_T1_GTR03_33000001,,,,55,33,35,324334223220323435253055324355334307432344224400434424553000432233322250,,00000248,,,,,,,,33,33,0,4,4,248,,33232334424433223233435453422223344235345533255523542442452352345533,AABABAACCBCCAABBABAACADCDACBBBBAACCBADACDDAABDDDBADCBCCBCDBADBACDDAA,AAABABACBCCCAABBABAAACCDADBCBBABACBCADACDDAABDDDABCDBCBCCDABBDACDDAA,,,0,248,,,,,,,,,,,,,
23556,65,,,,,,,,,,23,52,344242000000343223255300232335320007324554254400324324420000443322400000,,bb40ab16,,,,,,,,32,0,3,bb40ab16,640,1414,,332323344244332232334354534222233442353455332555235424424523,AABABAACCBCCAABBABAACADCDACBBBBAACCBADACDDAABDDDBADCBCCBCDBA,AAABABACBCCCAABBABAAACCDADBCBBABACBCADACDDAABDDDABCDBCBCCDAB,,,3,1414,,,,,L_T1_GTR___standard,,,,,L_T1_GTR03_51000001/L_T1_GTR03_33000001,,,,55,33,35,324334223220323435253055324355334307432344224400434424553000432233322250,,00000248,,,,,,,,33,33,0,4,4,248,,33232334424433223233435453422223344235345533255523542442452352345533,AABABAACCBCCAABBABAACADCDACBBBBAACCBADACDDAABDDDBADCBCCBCDBADBACDDAA,AAABABACBCCCAABBABAAACCDADBCBBABACBCADACDDAABDDDABCDBCBCCDABBDACDDAA,,,0,248,,,,,,,,,,,,,
23559,66,,,,,,,,,,23,52,344242000000343223255300232335320007324554254400324324420000443322400000,,bb40ab16,,,,,,,,32,0,3,bb40ab16,640,1414,,332323344244332232334354534222233442353455332555235424424523,AABABAACCBCCAABBABAACADCDACBBBBAACCBADACDDAABDDDBADCBCCBCDBA,AAABABACBCCCAABBABAAACCDADBCBBABACBCADACDDAABDDDABCDBCBCCDAB,,,3,1414,,,,,L_T1_GTR___standard,,,,,L_T1_GTR03_51000001/L_T1_GTR03_33000001,,,,33,35,25,324334223220323435253555324355334307432344224400434424553550432233322250,,00000251,,,,,,,,34,34,0,3,3,251,,3323233442443322323343545342222334423534553325552354244245235234553335,AABABAACCBCCAABBABAACADCDACBBBBAACCBADACDDAABDDDBADCBCCBCDBADBACDDAAAD,AAABABACBCCCAABBABAAACCDADBCBBABACBCADACDDAABDDDABCDBCBCCDABBDACDDAAAD,,,0,251,,,,,,,,,,,,,
23595,67,,,,,,,,,,23,52,344242000000343223255300232335320007324554254400324324420000443322400000,,bb40ab16,,,,,,,,32,0,3,bb40ab16,640,1414,,332323344244332232334354534222233442353455332555235424424523,AABABAACCBCCAABBABAACADCDACBBBBAACCBADACDDAABDDDBADCBCCBCDBA,AAABABACBCCCAABBABAAACCDADBCBBABACBCADACDDAABDDDABCDBCBCCDAB,,,3,1414,,,,,L_T1_GTR___standard,,,,,L_T1_GTR03_51000001/L_T1_GTR03_33000001,,,,35,25,24,324334223220323435253555324355334307432344224400434424553550432233322253,,00000253,,,,,,,,35,35,0,2,2,253,,332323344244332232334354534222233442353455332555235424424523523455333525,AABABAACCBCCAABBABAACADCDACBBBBAACCBADACDDAABDDDBADCBCCBCDBADBACDDAAADBD,AAABABACBCCCAABBABAAACCDADBCBBABACBCADACDDAABDDDABCDBCBCCDABBDACDDAAADBD,,,0,253,,,,,,,,,,,,,
23627,68,,,,,,,,,,23,52,344242000000343223255300232335320007324554254400324324420000443322400000,,bb40ab16,,,,,,,,32,0,3,bb40ab16,640,1414,,332323344244332232334354534222233442353455332555235424424523,AABABAACCBCCAABBABAACADCDACBBBBAACCBADACDDAABDDDBADCBCCBCDBA,AAABABACBCCCAABBABAAACCDADBCBBABACBCADACDDAABDDDABCDBCBCCDAB,,,3,1414,,,,,L_T1_GTR___standard,,,,,L_T1_GTR03_51000001/L_T1_GTR03_33000001,,,,,25,24,324334223220323435253550324355334307432344224400434424553555432233322253,,bb40abb1,,,,,,,,36,0,1,bb40abb1,40,293,,332323344244332232334354534222233442353455332555235424424523523455333525,AABABAACCBCCAABBABAACADCDACBBBBAACCBADACDDAABDDDBADCBCCBCDBADBACDDAAADBD,AAABABACBCCCAABBABAAACCDADBCBBABACBCADACDDAABDDDABCDBCBCCDABBDACDDAAADBD,,,1,293,,,,,,,,,,,,,
23635,69,,,,,,,,,,23,52,344242000000343223255300232335320007324552544000324322000000443322000000,,bb50ab34,,,,,,,,33,0,4,bb50ab34,1700,3114,,332323344244332232334354534222233442353455332555235424424523,AABABAACCBCCAABBABAACADCDACBBBBAACCBADACDDAABDDDBADCBCCBCDBA,AAABABACBCCCAABBABAAACCDADBCBBABACBCADACDDAABDDDABCDBCBCCDAB,,,4,3114,,,,,L_T1_GTR___standard,,,,,L_T1_GTR03_51000001/L_T1_GTR03_33000001,,,,,25,24,324334223220323435253550324355334307432344224400434424553555432233322253,,bb40abb1,,,,,,,,36,0,1,bb40abb1,40,293,,332323344244332232334354534222233442353455332555235424424523523455333525,AABABAACCBCCAABBABAACADCDACBBBBAACCBADACDDAABDDDBADCBCCBCDBADBACDDAAADBD,AAABABACBCCCAABBABAAACCDADBCBBABACBCADACDDAABDDDABCDBCBCCDABBDACDDAAADBD,,,1,293,,,,,,,,,,,,,
23715,70,,,,,,,,,,23,52,344242000000343223255300232335320007324555440000324300000000443300000000,,bb40ab64,,,,,,,,34,0,5,bb40ab64,2560,5674,,332323344244332232334354534222233442353455332555235424424523,AABABAACCBCCAABBABAACADCDACBBBBAACCBADACDDAABDDDBADCBCCBCDBA,AAABABACBCCCAABBABAAACCDADBCBBABACBCADACDDAABDDDABCDBCBCCDAB,,,5,5674,,,,,L_T1_GTR___standard,,,,,L_T1_GTR03_51000001/L_T1_GTR03_33000001,,,,,25,24,324334223220323435253550324355334307432344224400434424553555432233322253,,bb40abb1,,,,,,,,36,0,1,bb40abb1,40,293,,332323344244332232334354534222233442353455332555235424424523523455333525,AABABAACCBCCAABBABAACADCDACBBBBAACCBADACDDAABDDDBADCBCCBCDBADBACDDAAADBD,AAABABACBCCCAABBABAAACCDADBCBBABACBCADACDDAABDDDABCDBCBCCDABBDACDDAAADBD,,,1,293,,,,,,,,,,,,,
23723,71,,,,,,,,,,23,52,344242000000343223255300232335320007324555440000324300000000443300000000,,bb40ab64,,,,,,,,34,0,5,bb40ab64,2560,5674,,332323344244332232334354534222233442353455332555235424424523,AABABAACCBCCAABBABAACADCDACBBBBAACCBADACDDAABDDDBADCBCCBCDBA,AAABABACBCCCAABBABAAACCDADBCBBABACBCADACDDAABDDDABCDBCBCCDAB,,,5,5674,,,,,L_T1_GTR___standard,,,,,L_T1_GTR03_51000001/L_T1_GTR03_33000001,,,,25,24,43,324334223220323435253555324355334307432344224400434424553300432233322233,,00000294,,,,,,,,37,1,0,1,1,294,,33232334424433223233435453422223344235345533255523542442452352345533352524,AABABAACCBCCAABBABAACADCDACBBBBAACCBADACDDAABDDDBADCBCCBCDBADBACDDAAADBDBC,AAABABACBCCCAABBABAAACCDADBCBBABACBCADACDDAABDDDABCDBCBCCDABBDACDDAAADBDBC,,,1,294,,,,,,,,,,,,,
23745,72,,,,,,,,,,23,52,344242000000343223255300232335320007324555440000324300000000443300000000,,bb40ab64,,,,,,,,34,0,5,bb40ab64,2560,5674,,332323344244332232334354534222233442353455332555235424424523,AABABAACCBCCAABBABAACADCDACBBBBAACCBADACDDAABDDDBADCBCCBCDBA,AAABABACBCCCAABBABAAACCDADBCBBABACBCADACDDAABDDDABCDBCBCCDAB,,,5,5674,,,,,L_T1_GTR___standard,,,,,L_T1_GTR03_51000001/L_T1_GTR03_33000001,,,,,24,43,324334223220323435253555324355334357432344224420434424553300432233322233,,bb40abb1,,,,,,,,38,0,1,bb40abb1,40,334,,33232334424433223233435453422223344235345533255523542442452352345533352524,AABABAACCBCCAABBABAACADCDACBBBBAACCBADACDDAABDDDBADCBCCBCDBADBACDDAAADBDBC,AAABABACBCCCAABBABAAACCDADBCBBABACBCADACDDAABDDDABCDBCBCCDABBDACDDAAADBDBC,,,1,334,,,,,,,,,,,,,
23801,73,,,,,,,,,,23,52,344242000000343223255300232333200007324440000000324300000000443300000000,,bb80ab99,,,,,,,,35,0,6,bb80ab99,7920,13594,,332323344244332232334354534222233442353455332555235424424523,AABABAACCBCCAABBABAACADCDACBBBBAACCBADACDDAABDDDBADCBCCBCDBA,AAABABACBCCCAABBABAAACCDADBCBBABACBCADACDDAABDDDABCDBCBCCDAB,,,6,13594,,,,,L_T1_GTR___standard,,,,,L_T1_GTR03_51000001/L_T1_GTR03_33000001,,,,,24,43,324334223220323435253555324355334357432344224420434424553300432233322233,,bb40abb1,,,,,,,,38,0,1,bb40abb1,40,334,,33232334424433223233435453422223344235345533255523542442452352345533352524,AABABAACCBCCAABBABAACADCDACBBBBAACCBADACDDAABDDDBADCBCCBCDBADBACDDAAADBDBC,AAABABACBCCCAABBABAAACCDADBCBBABACBCADACDDAABDDDABCDBCBCCDABBDACDDAAADBDBC,,,1,334,,,,,,,,,,,,,
23838,74,,,,,,,,,,23,52,344242000000343223255300232333200007324440000000324300000000443300000000,,bb80ab99,,,,,,,,35,0,6,bb80ab99,7920,13594,,332323344244332232334354534222233442353455332555235424424523,AABABAACCBCCAABBABAACADCDACBBBBAACCBADACDDAABDDDBADCBCCBCDBA,AAABABACBCCCAABBABAAACCDADBCBBABACBCADACDDAABDDDABCDBCBCCDAB,,,6,13594,,,,,L_T1_GTR___standard,,,,,L_T1_GTR03_51000001/L_T1_GTR03_33000001,,,,24,43,54,324334223220323435253500324355334307432344224420434424553300432233322233,,00000337,,,,,,,,39,1,0,3,3,337,,3323233442443322323343545342222334423534553325552354244245235234553335252443,AABABAACCBCCAABBABAACADCDACBBBBAACCBADACDDAABDDDBADCBCCBCDBADBACDDAAADBDBCCA,AAABABACBCCCAABBABAAACCDADBCBBABACBCADACDDAABDDDABCDBCBCCDABBDACDDAAADBDBCAC,,,1,337,,,,,,,,,,,,,
23886,75,,,,,,,,,,23,52,344242000000343222553000232200000007320000000000323000000000443300000000,,bb70a132,,,,,,,,36,0,7,bb70a132,9240,22834,,332323344244332232334354534222233442353455332555235424424523,AABABAACCBCCAABBABAACADCDACBBBBAACCBADACDDAABDDDBADCBCCBCDBA,AAABABACBCCCAABBABAAACCDADBCBBABACBCADACDDAABDDDABCDBCBCCDAB,,,7,22834,,,,,L_T1_GTR___standard,,,,,L_T1_GTR03_51000001/L_T1_GTR03_33000001,,,,24,43,54,324334223220323435253500324355334307432344224420434424553300432233322233,,00000337,,,,,,,,39,1,0,3,3,337,,3323233442443322323343545342222334423534553325552354244245235234553335252443,AABABAACCBCCAABBABAACADCDACBBBBAACCBADACDDAABDDDBADCBCCBCDBADBACDDAAADBDBCCA,AAABABACBCCCAABBABAAACCDADBCBBABACBCADACDDAABDDDABCDBCBCCDABBDACDDAAADBDBCAC,,,1,337,,,,,,,,,,,,,
23969,76,,,,,,,,,,23,52,344400000000343553000000230000000007320000000000323000000000443300000000,,bb40a160,,,,,,,,37,0,8,bb40a160,6400,29234,,332323344244332232334354534222233442353455332555235424424523,AABABAACCBCCAABBABAACADCDACBBBBAACCBADACDDAABDDDBADCBCCBCDBA,AAABABACBCCCAABBABAAACCDADBCBBABACBCADACDDAABDDDABCDBCBCCDAB,,,8,29234,,,,,,,,,,L_T1_GTR03_51000001,,,,24,43,54,324334223220323435253500324355334307432344224420434424553300432233322233,,00000337,,,,,,,,39,1,0,3,3,337,,3323233442443322323343545342222334423534553325552354244245235234553335252443,AABABAACCBCCAABBABAACADCDACBBBBAACCBADACDDAABDDDBADCBCCBCDBADBACDDAAADBDBCCA,AAABABACBCCCAABBABAAACCDADBCBBABACBCADACDDAABDDDABCDBCBCCDABBDACDDAAADBDBCAC,,,1,337,,,,,,,,,,,,,
23972,77,,,,,,,,,,23,52,344400000000343553000000230000000007320000000000323000000000443300000000,,bb40a160,,,,,,,,37,0,8,bb40a160,6400,29234,,332323344244332232334354534222233442353455332555235424424523,AABABAACCBCCAABBABAACADCDACBBBBAACCBADACDDAABDDDBADCBCCBCDBA,AAABABACBCCCAABBABAAACCDADBCBBABACBCADACDDAABDDDABCDBCBCCDAB,,,8,29234,,,,,,,,,,L_T1_GTR03_51000001,,,,43,54,32,324334223220323435253500324355334307432344224420434424553300432233322233,,00000337,,,,,,,,40,2,0,0,0,337,,332323344244332232334354534222233442353455332555235424424523523455333525244354,AABABAACCBCCAABBABAACADCDACBBBBAACCBADACDDAABDDDBADCBCCBCDBADBACDDAAADBDBCCADC,AAABABACBCCCAABBABAAACCDADBCBBABACBCADACDDAABDDDABCDBCBCCDABBDACDDAAADBDBCACCD,,,1,337,,,,,,,,,,,,,
24015,78,,,,,,,,,,23,52,344400000000343553000000230000000007320000000000323000000000443300000000,,bb40a160,,,,,,,,37,0,8,bb40a160,6400,29234,,332323344244332232334354534222233442353455332555235424424523,AABABAACCBCCAABBABAACADCDACBBBBAACCBADACDDAABDDDBADCBCCBCDBA,AAABABACBCCCAABBABAAACCDADBCBBABACBCADACDDAABDDDABCDBCBCCDAB,,,8,29234,,,,,,,,,,L_T1_GTR03_51000001,,,,,54,32,324334223220323435253500324355334307432344224420434424553334432233322233,,bb50abb2,,,,,,,,41,0,1,bb50abb2,100,437,,332323344244332232334354534222233442353455332555235424424523523455333525244354,AABABAACCBCCAABBABAACADCDACBBBBAACCBADACDDAABDDDBADCBCCBCDBADBACDDAAADBDBCCADC,AAABABACBCCCAABBABAAACCDADBCBBABACBCADACDDAABDDDABCDBCBCCDABBDACDDAAADBDBCACCD,,,1,437,,,,,,,,,,,,,
24049,79,,,,,,,,,,23,52,300000000000335530000000230000000007320000000000323000000000443300000000,,bb40a192,,,,,,,,38,0,9,bb40a192,7680,36914,,332323344244332232334354534222233442353455332555235424424523,AABABAACCBCCAABBABAACADCDACBBBBAACCBADACDDAABDDDBADCBCCBCDBA,AAABABACBCCCAABBABAAACCDADBCBBABACBCADACDDAABDDDABCDBCBCCDAB,,,9,36914,,,,,,,,,,,,,,,54,32,324334223220323435253500324355334307432344224420434424553334432233322233,,bb50abb2,,,,,,,,41,0,1,bb50abb2,100,437,,332323344244332232334354534222233442353455332555235424424523523455333525244354,AABABAACCBCCAABBABAACADCDACBBBBAACCBADACDDAABDDDBADCBCCBCDBADBACDDAAADBDBCCADC,AAABABACBCCCAABBABAAACCDADBCBBABACBCADACDDAABDDDABCDBCBCCDABBDACDDAAADBDBCACCD,,,1,437,,,,,,,,,,,,,
24101,80,,,,,,,,,,23,52,300000000000335530000000230000000007320000000000323000000000443300000000,,bb40a192,,,,,,,,38,0,9,bb40a192,7680,36914,,332323344244332232334354534222233442353455332555235424424523,AABABAACCBCCAABBABAACADCDACBBBBAACCBADACDDAABDDDBADCBCCBCDBA,AAABABACBCCCAABBABAAACCDADBCBBABACBCADACDDAABDDDABCDBCBCCDAB,,,9,36914,,,,,,,,,,,,,,,54,32,324334223220323435253500324355334307432344224420434424554000432233322220,,bb80ab11,,,,,,,,42,0,2,bb80ab11,880,1317,,332323344244332232334354534222233442353455332555235424424523523455333525244354,AABABAACCBCCAABBABAACADCDACBBBBAACCBADACDDAABDDDBADCBCCBCDBADBACDDAAADBDBCCADC,AAABABACBCCCAABBABAAACCDADBCBBABACBCADACDDAABDDDABCDBCBCCDABBDACDDAAADBDBCACCD,,,2,1317,,,,,,,,,,,,,
24140,81,,,,,,,,,23,52,34,000000000000553000000000200000000007320000000000323000000000443300000000,,00036917,,,,,,,,39,1,0,3,3,36917,,33232334424433223233435453422223344235345533255523542442452352,AABABAACCBCCAABBABAACADCDACBBBBAACCBADACDDAABDDDBADCBCCBCDBADB,AAABABACBCCCAABBABAAACCDADBCBBABACBCADACDDAABDDDABCDBCBCCDABBD,,,9,36917,,,,,,,,,,,,,,,54,32,324334223220323435253500324355334307432344224420434424554000432233322220,,bb80ab11,,,,,,,,42,0,2,bb80ab11,880,1317,,332323344244332232334354534222233442353455332555235424424523523455333525244354,AABABAACCBCCAABBABAACADCDACBBBBAACCBADACDDAABDDDBADCBCCBCDBADBACDDAAADBDBCCADC,AAABABACBCCCAABBABAAACCDADBCBBABACBCADACDDAABDDDABCDBCBCCDABBDACDDAAADBDBCACCD,,,2,1317,,,,,,,,,,,,,
24182,82,,,,,,,,,23,52,34,000000000000553000000000200000000007320000000000323000000000443300000000,,00036917,,,,,,,,39,1,0,3,3,36917,,33232334424433223233435453422223344235345533255523542442452352,AABABAACCBCCAABBABAACADCDACBBBBAACCBADACDDAABDDDBADCBCCBCDBADB,AAABABACBCCCAABBABAAACCDADBCBBABACBCADACDDAABDDDABCDBCBCCDABBD,,,9,36917,,,,,,,,,,,,,,,54,32,324334223220323435253500324355333007432344222000434424550000432233300000,,bb50ab18,,,,,,,,43,0,3,bb50ab18,900,2217,,332323344244332232334354534222233442353455332555235424424523523455333525244354,AABABAACCBCCAABBABAACADCDACBBBBAACCBADACDDAABDDDBADCBCCBCDBADBACDDAAADBDBCCADC,AAABABACBCCCAABBABAAACCDADBCBBABACBCADACDDAABDDDABCDBCBCCDABBDACDDAAADBDBCACCD,,,3,2217,,,,,,,,,,,,,
24217,83,,,,,,,,,52,34,55,200000000000553300000000200000000007320000000000323000000000443300000000,,00036927,,,,,,,,40,2,0,10,10,36927,,3323233442443322323343545342222334423534553325552354244245235234,AABABAACCBCCAABBABAACADCDACBBBBAACCBADACDDAABDDDBADCBCCBCDBADBAC,AAABABACBCCCAABBABAAACCDADBCBBABACBCADACDDAABDDDABCDBCBCCDABBDAC,,,9,36927,,,,,,,,,,,,,,,54,32,324334223220323435253500324355333007432344222000434424550000432233300000,,bb50ab18,,,,,,,,43,0,3,bb50ab18,900,2217,,332323344244332232334354534222233442353455332555235424424523523455333525244354,AABABAACCBCCAABBABAACADCDACBBBBAACCBADACDDAABDDDBADCBCCBCDBADBACDDAAADBDBCCADC,AAABABACBCCCAABBABAAACCDADBCBBABACBCADACDDAABDDDABCDBCBCCDABBDACDDAAADBDBCACCD,,,3,2217,,,,,,,,,,,,,
24263,84,,,,,,,,,52,34,55,200000000000553300000000200000000007320000000000323000000000443300000000,,00036927,,,,,,,,40,2,0,10,10,36927,,3323233442443322323343545342222334423534553325552354244245235234,AABABAACCBCCAABBABAACADCDACBBBBAACCBADACDDAABDDDBADCBCCBCDBADBAC,AAABABACBCCCAABBABAAACCDADBCBBABACBCADACDDAABDDDABCDBCBCCDABBDAC,,,9,36927,,,,,,,,,,,,,,,54,32,324334222200323435255000324355000007432344222000434424550000432233300000,,bb50ab34,,,,,,,,44,0,4,bb50ab34,1700,3917,,332323344244332232334354534222233442353455332555235424424523523455333525244354,AABABAACCBCCAABBABAACADCDACBBBBAACCBADACDDAABDDDBADCBCCBCDBADBACDDAAADBDBCCADC,AAABABACBCCCAABBABAAACCDADBCBBABACBCADACDDAABDDDABCDBCBCCDABBDACDDAAADBDBCACCD,,,4,3917,,,,,,,,,,,,,
24264,85,,,,,,,,,34,55,33,200000000000553300000000252000000007320000000000323000000000443300000000,,00036939,,,,,,,,41,3,0,12,12,36939,,332323344244332232334354534222233442353455332555235424424523523455,AABABAACCBCCAABBABAACADCDACBBBBAACCBADACDDAABDDDBADCBCCBCDBADBACDD,AAABABACBCCCAABBABAAACCDADBCBBABACBCADACDDAABDDDABCDBCBCCDABBDACDD,,,9,36939,,,,,,,,,,,,,,,54,32,324334222200323435255000324355000007432344222000434424550000432233300000,,bb50ab34,,,,,,,,44,0,4,bb50ab34,1700,3917,,332323344244332232334354534222233442353455332555235424424523523455333525244354,AABABAACCBCCAABBABAACADCDACBBBBAACCBADACDDAABDDDBADCBCCBCDBADBACDDAAADBDBCCADC,AAABABACBCCCAABBABAAACCDADBCBBABACBCADACDDAABDDDABCDBCBCCDABBDACDDAAADBDBCACCD,,,4,3917,,,,,,,,,,,,,
24328,86,,,,,,,,,55,33,35,200000000000553300000000252300000007324000000000323000000000443300000000,,00036949,,,,,,,,42,4,0,10,10,36949,,33232334424433223233435453422223344235345533255523542442452352345533,AABABAACCBCCAABBABAACADCDACBBBBAACCBADACDDAABDDDBADCBCCBCDBADBACDDAA,AAABABACBCCCAABBABAAACCDADBCBBABACBCADACDDAABDDDABCDBCBCCDABBDACDDAA,,,9,36949,,,,,,,,,,,,,,,54,32,324334222200323435255000324355000007432344222000434424550000432233300000,,bb50ab34,,,,,,,,44,0,4,bb50ab34,1700,3917,,332323344244332232334354534222233442353455332555235424424523523455333525244354,AABABAACCBCCAABBABAACADCDACBBBBAACCBADACDDAABDDDBADCBCCBCDBADBACDDAAADBDBCCADC,AAABABACBCCCAABBABAAACCDADBCBBABACBCADACDDAABDDDABCDBCBCCDABBDACDDAAADBDBCACCD,,,4,3917,,,,,,,,,,,,,
24343,87,,,,,,,,,55,33,35,200000000000553300000000252300000007324000000000323000000000443300000000,,00036949,,,,,,,,42,4,0,10,10,36949,,33232334424433223233435453422223344235345533255523542442452352345533,AABABAACCBCCAABBABAACADCDACBBBBAACCBADACDDAABDDDBADCBCCBCDBADBACDDAA,AAABABACBCCCAABBABAAACCDADBCBBABACBCADACDDAABDDDABCDBCBCCDABBDACDDAA,,,9,36949,,,,,,,,,,,,,,,54,32,324334000000323435550000324355000007432344222000434424550000432233300000,,bb50ab66,,,,,,,,45,0,5,bb50ab66,3300,7217,,332323344244332232334354534222233442353455332555235424424523523455333525244354,AABABAACCBCCAABBABAACADCDACBBBBAACCBADACDDAABDDDBADCBCCBCDBADBACDDAAADBDBCCADC,AAABABACBCCCAABBABAAACCDADBCBBABACBCADACDDAABDDDABCDBCBCCDABBDACDDAAADBDBCACCD,,,5,7217,,,,,,,,,,,,,
24372,88,,,,,,,,,33,35,25,200000000000553355000000252300000007324000000000323000000000443300000000,,00036957,,,,,,,,43,5,0,8,8,36957,,3323233442443322323343545342222334423534553325552354244245235234553335,AABABAACCBCCAABBABAACADCDACBBBBAACCBADACDDAABDDDBADCBCCBCDBADBACDDAAAD,AAABABACBCCCAABBABAAACCDADBCBBABACBCADACDDAABDDDABCDBCBCCDABBDACDDAAAD,,,9,36957,,,,,,,,,,,,,,,54,32,324334000000323435550000324355000007432344222000434424550000432233300000,,bb50ab66,,,,,,,,45,0,5,bb50ab66,3300,7217,,332323344244332232334354534222233442353455332555235424424523523455333525244354,AABABAACCBCCAABBABAACADCDACBBBBAACCBADACDDAABDDDBADCBCCBCDBADBACDDAAADBDBCCADC,AAABABACBCCCAABBABAAACCDADBCBBABACBCADACDDAABDDDABCDBCBCCDABBDACDDAAADBDBCACCD,,,5,7217,,,,,,,,,,,,,
24408,89,,,,,,,,,35,25,24,200000000000553355330000252300000007324000000000323000000000443300000000,,00036963,,,,,,,,44,6,0,6,6,36963,,332323344244332232334354534222233442353455332555235424424523523455333525,AABABAACCBCCAABBABAACADCDACBBBBAACCBADACDDAABDDDBADCBCCBCDBADBACDDAAADBD,AAABABACBCCCAABBABAAACCDADBCBBABACBCADACDDAABDDDABCDBCBCCDABBDACDDAAADBD,,,9,36963,,,,,,,,,,,,,,,54,32,324334000000323435550000324355000007432344222000434424550000432233300000,,bb50ab66,,,,,,,,45,0,5,bb50ab66,3300,7217,,332323344244332232334354534222233442353455332555235424424523523455333525244354,AABABAACCBCCAABBABAACADCDACBBBBAACCBADACDDAABDDDBADCBCCBCDBADBACDDAAADBDBCCADC,AAABABACBCCCAABBABAAACCDADBCBBABACBCADACDDAABDDDABCDBCBCCDABBDACDDAAADBDBCACCD,,,5,7217,,,,,,,,,,,,,
24444,90,,,,,,,,,25,24,43,200000000000553355335300252300000007324000000000323000000000443300000000,,00036967,,,,,,,,45,7,0,4,4,36967,,33232334424433223233435453422223344235345533255523542442452352345533352524,AABABAACCBCCAABBABAACADCDACBBBBAACCBADACDDAABDDDBADCBCCBCDBADBACDDAAADBDBC,AAABABACBCCCAABBABAAACCDADBCBBABACBCADACDDAABDDDABCDBCBCCDABBDACDDAAADBDBC,,,9,36967,,,,,,,,,,,,,,,54,32,324334000000323435550000324355000007432344222000434424550000432233300000,,bb50ab66,,,,,,,,45,0,5,bb50ab66,3300,7217,,332323344244332232334354534222233442353455332555235424424523523455333525244354,AABABAACCBCCAABBABAACADCDACBBBBAACCBADACDDAABDDDBADCBCCBCDBADBACDDAAADBDBCCADC,AAABABACBCCCAABBABAAACCDADBCBBABACBCADACDDAABDDDABCDBCBCCDABBDACDDAAADBDBCACCD,,,5,7217,,,,,,,,,,,,,
24484,91,,,,,,,,,24,43,54,200000000000553355335300252352000007324000000000323000000000443300000000,,00036975,,,,,,,,46,8,0,8,8,36975,,3323233442443322323343545342222334423534553325552354244245235234553335252443,AABABAACCBCCAABBABAACADCDACBBBBAACCBADACDDAABDDDBADCBCCBCDBADBACDDAAADBDBCCA,AAABABACBCCCAABBABAAACCDADBCBBABACBCADACDDAABDDDABCDBCBCCDABBDACDDAAADBDBCAC,,,9,36975,,,,,,,,,,,,,,,54,32,324334000000323435550000324355000007432344222000434424550000432233300000,,bb50ab66,,,,,,,,45,0,5,bb50ab66,3300,7217,,332323344244332232334354534222233442353455332555235424424523523455333525244354,AABABAACCBCCAABBABAACADCDACBBBBAACCBADACDDAABDDDBADCBCCBCDBADBACDDAAADBDBCCADC,AAABABACBCCCAABBABAAACCDADBCBBABACBCADACDDAABDDDABCDBCBCCDABBDACDDAAADBDBCACCD,,,5,7217,,,,,,,,,,,,,
24489,92,,,,,,,,,24,43,54,200000000000553355335300252352000007324000000000323000000000443300000000,,00036975,,,,,,,,46,8,0,8,8,36975,,3323233442443322323343545342222334423534553325552354244245235234553335252443,AABABAACCBCCAABBABAACADCDACBBBBAACCBADACDDAABDDDBADCBCCBCDBADBACDDAAADBDBCCA,AAABABACBCCCAABBABAAACCDADBCBBABACBCADACDDAABDDDABCDBCBCCDABBDACDDAAADBDBCAC,,,9,36975,,,,,,,,,,,,,,54,32,25,324334666660323436666600324366666007432344222666434424556666432233366666,,00007218,,,,,,,,46,1,0,1,1,7218,,33232334424433223233435453422223344235345533255523542442452352345533352524435432,AABABAACCBCCAABBABAACADCDACBBBBAACCBADACDDAABDDDBADCBCCBCDBADBACDDAAADBDBCCADCAB,AAABABACBCCCAABBABAAACCDADBCBBABACBCADACDDAABDDDABCDBCBCCDABBDACDDAAADBDBCACCDAB,,,5,7218,,,,,,,,,,,,,
24530,93,,,,,,,,,43,54,32,200000000000553355335300252352000007324200000000323400000000443300000000,,00036985,,,,,,,,47,9,0,10,10,36985,,332323344244332232334354534222233442353455332555235424424523523455333525244354,AABABAACCBCCAABBABAACADCDACBBBBAACCBADACDDAABDDDBADCBCCBCDBADBACDDAAADBDBCCADC,AAABABACBCCCAABBABAAACCDADBCBBABACBCADACDDAABDDDABCDBCBCCDABBDACDDAAADBDBCACCD,,,9,36985,,,,,,,,,,,,,,54,32,25,324334666660323436666600324366666007432344222666434424556666432233366666,,00007218,,,,,,,,46,1,0,1,1,7218,,33232334424433223233435453422223344235345533255523542442452352345533352524435432,AABABAACCBCCAABBABAACADCDACBBBBAACCBADACDDAABDDDBADCBCCBCDBADBACDDAAADBDBCCADCAB,AAABABACBCCCAABBABAAACCDADBCBBABACBCADACDDAABDDDABCDBCBCCDABBDACDDAAADBDBCACCDAB,,,5,7218,,,,,,,,,,,,,
24567,95,,,,,,,,,43,54,32,200000000000553355335300252352000007324200000000323400000000443300000000,,00036985,,,,,,,,47,9,0,10,10,36985,,332323344244332232334354534222233442353455332555235424424523523455333525244354,AABABAACCBCCAABBABAACADCDACBBBBAACCBADACDDAABDDDBADCBCCBCDBADBACDDAAADBDBCCADC,AAABABACBCCCAABBABAAACCDADBCBBABACBCADACDDAABDDDABCDBCBCCDABBDACDDAAADBDBCACCD,,,9,36985,,,,,,,,,,,,,,,32,25,324224666666323436666666324366666546432344222666430024556666430033366666,,00007222,,,,,lose,,,47,1,0,4,4,7222,,33232334424433223233435453422223344235345533255523542442452352345533352524435432,AABABAACCBCCAABBABAACADCDACBBBBAACCBADACDDAABDDDBADCBCCBCDBADBACDDAAADBDBCCADCAB,AAABABACBCCCAABBABAAACCDADBCBBABACBCADACDDAABDDDABCDBCBCCDABBDACDDAAADBDBCACCDAB,,,5,7222,,,,,,,,,,,,,
24577,95,,,,,,,,,,32,25,200000000000553355335300252352000007324200000000323430000000443340000000,,00036994,,,,,win,,,49,10,0,0,0,36994,,33232334424433223233435453422223344235345533255523542442452352345533352524435432,AABABAACCBCCAABBABAACADCDACBBBBAACCBADACDDAABDDDBADCBCCBCDBADBACDDAAADBDBCCADCAB,AAABABACBCCCAABBABAAACCDADBCBBABACBCADACDDAABDDDABCDBCBCCDABBDACDDAAADBDBCACCDAB,,,9,36994,,,,,,,,,,,,,,,32,25,324224666666323436666666324366666546432344222666430024556666430033366666,,00007222,,,,,lose,,,47,1,0,4,4,7222,,33232334424433223233435453422223344235345533255523542442452352345533352524435432,AABABAACCBCCAABBABAACADCDACBBBBAACCBADACDDAABDDDBADCBCCBCDBADBACDDAAADBDBCCADCAB,AAABABACBCCCAABBABAAACCDADBCBBABACBCADACDDAABDDDABCDBCBCCDABBDACDDAAADBDBCACCDAB,,,5,7222,,,,,,,,,,,,,
24578,94,,,,,,,,,,32,25,200000000000553355335300252352000007324200000000323430000000443340000000,,00036994,,,,,win,,,49,10,0,0,0,36994,,33232334424433223233435453422223344235345533255523542442452352345533352524435432,AABABAACCBCCAABBABAACADCDACBBBBAACCBADACDDAABDDDBADCBCCBCDBADBACDDAAADBDBCCADCAB,AAABABACBCCCAABBABAAACCDADBCBBABACBCADACDDAABDDDABCDBCBCCDABBDACDDAAADBDBCACCDAB,,,9,36994,,,,,,,,,,,,,,,32,25,324224666666323436666666324366666546432344222666430024556666430033366666,,00007222,,,,,lose,,,47,1,0,4,4,7222,,33232334424433223233435453422223344235345533255523542442452352345533352524435432,AABABAACCBCCAABBABAACADCDACBBBBAACCBADACDDAABDDDBADCBCCBCDBADBACDDAAADBDBCCADCAB,AAABABACBCCCAABBABAAACCDADBCBBABACBCADACDDAABDDDABCDBCBCCDABBDACDDAAADBDBCACCDAB,,,5,7222,,,,,,,,,,,,,
