7696,0,,,,,,,,,,33,25,000000000000000000000000000000000007000000000000000000000000000000000000,000000,00000000,,,,,,,,0,0,0,0,0,0,,33,AA,AA,,,0,0,,,,,,,,,,,,,,,33,25,000000000000000000000000000000000007000000000000000000000000000000000000,000000,00000000,,,,,,,,0,0,0,0,0,0,,33,AA,AA,,,0,0,,,,,,,,,,,,,
7847,2,,,,,,,,,33,25,53,000000000000000000000000000000000007000000000000000000000000000000000000,,00000000,,,,,,,,1,1,0,0,0,0,,3325,AABC,AABC,,,0,0,,,,,,,,,,,,,,33,25,53,000000000000000000000000000000000007000000000000000000000000000000000000,,00000000,,,,,,,,1,1,0,0,0,0,,3325,AABC,AABC,,,0,0,,,,,,,,,,,,,
7896,3,,,,,,,,,25,53,25,300000000000300000000000000000000007000000000000000000000000000000000000,,00000013,,,,,,,,2,2,0,13,13,13,,332553,AACBBA,AABCAB,,,0,13,,,,,,,,,,,,,,33,25,53,000000000000000000000000000000000007000000000000000000000000000000000000,,00000000,,,,,,,,1,1,0,0,0,0,,3325,AABC,AABC,,,0,0,,,,,,,,,,,,,
7900,4,,,,,,,,,25,53,25,300000000000300000000000000000000007000000000000000000000000000000000000,,00000013,,,,,,,,2,2,0,13,13,13,,332553,AACBBA,AABCAB,,,0,13,,,,,,,,,,,,,,25,53,25,330000000000000000000000000000000007000000000000000000000000000000000000,,00000012,,,,,,,,2,2,0,12,12,12,,332553,AACBBA,AABCAB,,,0,12,,,,,,,,,,,,,
7947,5,,,,,,,,,25,53,25,300000000000300000000000000000000007000000000000000000000000000000000000,,00000013,,,,,,,,2,2,0,13,13,13,,332553,AACBBA,AABCAB,,,0,13,,,,,,,,,,,,,,53,25,54,330000000000000000000000520000000007000000000000000000000000000000000000,,00000024,,,,,,,,3,3,0,12,12,24,,33255325,AACBBACB,AABCABBC,,,0,24,,,,,,,,,,,,,
7949,6,,,,,,,,,53,25,54,300000000000300000000000500000000007200000000000000000000000000000000000,,00000026,,,,,,,,3,3,0,13,13,26,,33255325,AACBBACB,AABCABBC,,,0,26,,,,,,,,,,,,,,53,25,54,330000000000000000000000520000000007000000000000000000000000000000000000,,00000024,,,,,,,,3,3,0,12,12,24,,33255325,AACBBACB,AABCABBC,,,0,24,,,,,,,,,,,,,
7997,7,,,,,,,,,25,54,43,300000000000300000000000530000000007250000000000000000000000000000000000,,00000038,,,,,,,,4,4,0,12,12,38,,3325532554,AACBBACBBD,AABCABBCBD,,,0,38,,,,,,,,,,L_T1_GTR03_32100001,,,,53,25,54,330000000000000000000000520000000007000000000000000000000000000000000000,,00000024,,,,,,,,3,3,0,12,12,24,,33255325,AACBBACB,AABCABBC,,,0,24,,,,,,,,,,,,,
7999,8,,,,,,,,,25,54,43,300000000000300000000000530000000007250000000000000000000000000000000000,,00000038,,,,,,,,4,4,0,12,12,38,,3325532554,AACBBACBBD,AABCABBCBD,,,0,38,,,,,,,,,,L_T1_GTR03_32100001,,,,25,54,43,330000000000530000000000520000000007000000000000000000000000000000000000,,00000037,,,,,,,,4,4,0,13,13,37,,3325532554,AACBBACBBD,AABCABBCBD,,,0,37,,,,,,,,,,,,,
8048,9,,,,,,,,,25,54,43,300000000000300000000000530000000007250000000000000000000000000000000000,,00000038,,,,,,,,4,4,0,12,12,38,,3325532554,AACBBACBBD,AABCABBCBD,,,0,38,,,,,,,,,,L_T1_GTR03_32100001,,,,54,43,53,330000000000530000000000520000000007520000000000000000000000000000000000,,00000049,,,,,,,,5,5,0,12,12,49,,332553255443,AACBBACBBDDA,AABCABBCBDAD,,,0,49,,,,,,,,,,,,,
8054,10,,,,,,,,,54,43,53,300000000000300000000000530000000007250000000000250000000000000000000000,,00000051,,,,,,,,5,5,0,13,13,51,,332553255443,AACBBACBBDDA,AABCABBCBDAD,,,0,51,,,,,,,,,,,,,,54,43,53,330000000000530000000000520000000007520000000000000000000000000000000000,,00000049,,,,,,,,5,5,0,12,12,49,,332553255443,AACBBACBBDDA,AABCABBCBDAD,,,0,49,,,,,,,,,,,,,
8099,11,,,,,,,,,54,43,53,300000000000300000000000530000000007250000000000250000000000000000000000,,00000051,,,,,,,,5,5,0,13,13,51,,332553255443,AACBBACBBDDA,AABCABBCBDAD,,,0,51,,,,,,,,,,,,,,43,53,45,335400000000530000000000520000000007520000000000000000000000000000000000,,00000060,,,,,,,,6,6,0,11,11,60,,33255325544353,AACBBACBBDDABA,AABCABBCBDADAB,,,0,60,,,,,,,,,,,,,
8118,12,,,,,,,,,43,53,45,300000000000340000000000535000000007250000000000250000000000000000000000,,00000062,,,,,,,,6,6,0,11,11,62,,33255325544353,AACBBACBBDDABA,AABCABBCBDADAB,,,0,62,,,,,,,,,,,,,,43,53,45,335400000000530000000000520000000007520000000000000000000000000000000000,,00000060,,,,,,,,6,6,0,11,11,60,,33255325544353,AACBBACBBDDABA,AABCABBCBDADAB,,,0,60,,,,,,,,,,,,,
8147,13,,,,,,,,,43,53,45,300000000000340000000000535000000007250000000000250000000000000000000000,,00000062,,,,,,,,6,6,0,11,11,62,,33255325544353,AACBBACBBDDABA,AABCABBCBDADAB,,,0,62,,,,,,,,,,,,,,53,45,55,335400000000534000000000523000000007520000000000000000000000000000000000,,00000071,,,,,,,,7,7,0,11,11,71,,3325532554435345,AACBBACBBDDABADB,AABCABBCBDADABBD,,,0,71,,,,,,,,,,,,,
8187,14,,,,,,,,,53,45,55,340000000000343000000000535000000007250000000000250000000000000000000000,,00000073,,,,,,,,7,7,0,11,11,73,,3325532554435345,AACBBACBBDDABADB,AABCABBCBDADABBD,,,0,73,,,,,L_T1_GTR___hekomi__,,,,,,,,,53,45,55,335400000000534000000000523000000007520000000000000000000000000000000000,,00000071,,,,,,,,7,7,0,11,11,71,,3325532554435345,AACBBACBBDDABADB,AABCABBCBDADABBD,,,0,71,,,,,,,,,,,,,
8190,15,,,,,,,,,53,45,55,340000000000343000000000535000000007250000000000250000000000000000000000,,00000073,,,,,,,,7,7,0,11,11,73,,3325532554435345,AACBBACBBDDABADB,AABCABBCBDADABBD,,,0,73,,,,,L_T1_GTR___hekomi__,,,,,,,,,45,55,24,335400000000534000000000523350000007520000000000000000000000000000000000,,00000080,,,,,,,,8,8,0,9,9,80,,332553255443534555,AACBBACBBDDABADBBB,AABCABBCBDADABBDBB,,,0,80,,,,,,,,,,,,,
8234,16,,,,,,,,,45,55,24,340000000000343500000000535300000007250000000000250000000000000000000000,,00000083,,,,,,,,8,8,0,10,10,83,,332553255443534555,AACBBACBBDDABADBBB,AABCABBCBDADABBDBB,,,0,83,,,,,L_T1_GTR___hekomi__,,,,,,,,,45,55,24,335400000000534000000000523350000007520000000000000000000000000000000000,,00000080,,,,,,,,8,8,0,9,9,80,,332553255443534555,AACBBACBBDDABADBBB,AABCABBCBDADABBDBB,,,0,80,,,,,,,,,,,,,
8236,17,,,,,,,,,45,55,24,340000000000343500000000535300000007250000000000250000000000000000000000,,00000083,,,,,,,,8,8,0,10,10,83,,332553255443534555,AACBBACBBDDABADBBB,AABCABBCBDADABBDBB,,,0,83,,,,,L_T1_GTR___hekomi__,,,,,,,,,55,24,34,335445000000534000000000523350000007520000000000000000000000000000000000,,00000089,,,,,,,,9,9,0,9,9,89,,33255325544353455524,AACBBACBBDDABADBBBCD,AABCABBCBDADABBDBBCD,,,0,89,,,,,,,,,,,,,
8277,18,,,,,,,,,45,55,24,340000000000343500000000535300000007250000000000250000000000000000000000,,00000083,,,,,,,,8,8,0,10,10,83,,332553255443534555,AACBBACBBDDABADBBB,AABCABBCBDADABBDBB,,,0,83,,,,,L_T1_GTR___hekomi__,,,,,,,,,24,34,24,335445550000534000000000523350000007520000000000000000000000000000000000,,00000095,,,,,,,,10,10,0,6,6,95,,3325532554435345552434,AACBBACBBDDABADBBBCDAD,AABCABBCBDADABBDBBCDAD,,,0,95,,,,,,,,,,,,,
8284,19,,,,,,,,,55,24,34,344500000000343500000000535300000007250000000000250000000000000000000000,,00000094,,,,,,,,9,9,0,11,11,94,,33255325544353455524,AACBBACBBDDABADBBBCD,AABCABBCBDADABBDBBCD,,,0,94,,,,,L_T1_GTR___standard,,,,,L_T1_GTR03_33000001,,,,24,34,24,335445550000534000000000523350000007520000000000000000000000000000000000,,00000095,,,,,,,,10,10,0,6,6,95,,3325532554435345552434,AACBBACBBDDABADBBBCDAD,AABCABBCBDADABBDBBCDAD,,,0,95,,,,,,,,,,,,,
8326,20,,,,,,,,,24,34,24,344500000000343500000000535355000007250000000000250000000000000000000000,,00000102,,,,,,,,10,10,0,8,8,102,,3325532554435345552434,AACBBACBBDDABADBBBCDAD,AABCABBCBDADABBDBBCDAD,,,0,102,,,,,L_T1_GTR___standard,,,,,L_T1_GTR03_33000001,,,,24,34,24,335445550000534000000000523350000007520000000000000000000000000000000000,,00000095,,,,,,,,10,10,0,6,6,95,,3325532554435345552434,AACBBACBBDDABADBBBCDAD,AABCABBCBDADABBDBBCDAD,,,0,95,,,,,,,,,,,,,
8331,21,,,,,,,,,24,34,24,344500000000343500000000535355000007250000000000250000000000000000000000,,00000102,,,,,,,,10,10,0,8,8,102,,3325532554435345552434,AACBBACBBDDABADBBBCDAD,AABCABBCBDADABBDBBCDAD,,,0,102,,,,,L_T1_GTR___standard,,,,,L_T1_GTR03_33000001,,,,34,24,35,335445550000534000000000523350000007520000000000200000000000400000000000,,00000108,,,,,,,,11,11,0,13,13,108,,332553255443534555243424,AACBBACBBDDABADBBBCDADCD,AABCABBCBDADABBDBBCDADCD,,,0,108,,,,,,,,,,,,,
8376,22,,,,,,,,,34,24,35,344500000000343500000000535355000007254000000000252000000000000000000000,,00000113,,,,,,,,11,11,0,11,11,113,,332553255443534555243424,AACBBACBBDDABADBBBCDADCD,AABCABBCBDADABBDBBCDADCD,,,0,113,,,,,L_T1_GTR___standard,,,,,L_T1_GTR03_33000001,,,,34,24,35,335445550000534000000000523350000007520000000000200000000000400000000000,,00000108,,,,,,,,11,11,0,13,13,108,,332553255443534555243424,AACBBACBBDDABADBBBCDADCD,AABCABBCBDADABBDBBCDADCD,,,0,108,,,,,,,,,,,,,
8385,23,,,,,,,,,34,24,35,344500000000343500000000535355000007254000000000252000000000000000000000,,00000113,,,,,,,,11,11,0,11,11,113,,332553255443534555243424,AACBBACBBDDABADBBBCDADCD,AABCABBCBDADABBDBBCDADCD,,,0,113,,,,,L_T1_GTR___standard,,,,,L_T1_GTR03_33000001,,,,24,35,32,335445550000534000000000523350000007520000000000200000000000443000000000,,00000119,,,,,,,,12,12,0,11,11,119,,33255325544353455524342435,AACBBACBBDDABADBBBCDADCDAB,AABCABBCBDADABBDBBCDADCDAB,,,0,119,,,,,,,,,,,,,
8421,24,,,,,,,,,24,35,32,344500000000343500000000535355000007254300000000252400000000000000000000,,00000123,,,,,,,,12,12,0,10,10,123,,33255325544353455524342435,AACBBACBBDDABADBBBCDADCDAB,AABCABBCBDADABBDBBCDADCDAB,,,0,123,,,,,L_T1_GTR___standard,,,,,L_T1_GTR03_33000001,,,,24,35,32,335445550000534000000000523350000007520000000000200000000000443000000000,,00000119,,,,,,,,12,12,0,11,11,119,,33255325544353455524342435,AACBBACBBDDABADBBBCDADCDAB,AABCABBCBDADABBDBBCDADCDAB,,,0,119,,,,,,,,,,,,,
8433,25,,,,,,,,,24,35,32,344500000000343500000000535355000007254300000000252400000000000000000000,,00000123,,,,,,,,12,12,0,10,10,123,,33255325544353455524342435,AACBBACBBDDABADBBBCDADCDAB,AABCABBCBDADABBDBBCDADCDAB,,,0,123,,,,,L_T1_GTR___standard,,,,,L_T1_GTR03_33000001,,,,35,32,35,335445550000534000000000523350000007520000000000242000000000443000000000,,00000130,,,,,,,,13,13,0,11,11,130,,3325532554435345552434243532,AACBBACBBDDABADBBBCDADCDABAC,AABCABBCBDADABBDBBCDADCDABAC,,,0,130,,,,,,,,,,,,,
8475,26,,,,,,,,,35,32,35,344500000000343500000000535355000007254300000000252400000000420000000000,,00000135,,,,,,,,13,13,0,12,12,135,,3325532554435345552434243532,AACBBACBBDDABADBBBCDADCDABAC,AABCABBCBDADABBDBBCDADCDABAC,,,0,135,,,,,L_T1_GTR___standard,,,,,L_T1_GTR03_33000001,,,,35,32,35,335445550000534000000000523350000007520000000000242000000000443000000000,,00000130,,,,,,,,13,13,0,11,11,130,,3325532554435345552434243532,AACBBACBBDDABADBBBCDADCDABAC,AABCABBCBDADABBDBBCDADCDABAC,,,0,130,,,,,,,,,,,,,
8479,27,,,,,,,,,35,32,35,344500000000343500000000535355000007254300000000252400000000420000000000,,00000135,,,,,,,,13,13,0,12,12,135,,3325532554435345552434243532,AACBBACBBDDABADBBBCDADCDABAC,AABCABBCBDADABBDBBCDADCDABAC,,,0,135,,,,,L_T1_GTR___standard,,,,,L_T1_GTR03_33000001,,,,32,35,24,335445550000534350000000523350000007520000000000242000000000443000000000,,00000140,,,,,,,,14,14,0,10,10,140,,332553255443534555243424353235,AACBBACBBDDABADBBBCDADCDABACAB,AABCABBCBDADABBDBBCDADCDABACAB,,,0,140,,,,,,,,,,,,,
8519,28,,,,,,,,,32,35,24,344550000000343530000000535355000007254300000000252400000000420000000000,,00000144,,,,,,,,14,14,0,9,9,144,,332553255443534555243424353235,AACBBACBBDDABADBBBCDADCDABACAB,AABCABBCBDADABBDBBCDADCDABACAB,,,0,144,,,,,L_T1_GTR___standard,,,,,L_T1_GTR03_33000001,,,,32,35,24,335445550000534350000000523350000007520000000000242000000000443000000000,,00000140,,,,,,,,14,14,0,10,10,140,,332553255443534555243424353235,AACBBACBBDDABADBBBCDADCDABACAB,AABCABBCBDADABBDBBCDADCDABACAB,,,0,140,,,,,,,,,,,,,
8528,29,,,,,,,,,32,35,24,344550000000343530000000535355000007254300000000252400000000420000000000,,00000144,,,,,,,,14,14,0,9,9,144,,332553255443534555243424353235,AACBBACBBDDABADBBBCDADCDABACAB,AABCABBCBDADABBDBBCDADCDABACAB,,,0,144,,,,,L_T1_GTR___standard,,,,,L_T1_GTR03_33000001,,,,35,24,53,335445550000534350000000523350000007520000000000242200000000443300000000,,00000150,,,,,,,,15,15,0,10,10,150,,33255325544353455524342435323524,AACBBACBBDDABADBBBCDADCDABACABCD,AABCABBCBDADABBDBBCDADCDABACABCD,,,0,150,,,,,,,,,,,,,
8558,30,,,,,,,,,35,24,53,344550000000343530000000535355320007254300000000252400000000420000000000,,00000151,,,,,,,,15,15,0,7,7,151,,33255325544353455524342435323524,AACBBACBBDDABADBBBCDADCDABACABCD,AABCABBCBDADABBDBBCDADCDABACABCD,,,0,151,,,,,L_T1_GTR___standard,,,,,L_T1_GTR03_33000001,,,,35,24,53,335445550000534350000000523350000007520000000000242200000000443300000000,,00000150,,,,,,,,15,15,0,10,10,150,,33255325544353455524342435323524,AACBBACBBDDABADBBBCDADCDABACABCD,AABCABBCBDADABBDBBCDADCDABACABCD,,,0,150,,,,,,,,,,,,,
8567,31,,,,,,,,,35,24,53,344550000000343530000000535355320007254300000000252400000000420000000000,,00000151,,,,,,,,15,15,0,7,7,151,,33255325544353455524342435323524,AACBBACBBDDABADBBBCDADCDABACABCD,AABCABBCBDADABBDBBCDADCDABACABCD,,,0,151,,,,,L_T1_GTR___standard,,,,,L_T1_GTR03_33000001,,,,24,53,44,335445550000534350000000523355300007520000000000242200000000443300000000,,00000157,,,,,,,,16,16,0,7,7,157,,3325532554435345552434243532352453,AACBBACBBDDABADBBBCDADCDABACABCDBA,AABCABBCBDADABBDBBCDADCDABACABCDAB,,,0,157,,,,,,,,,,,,,
8598,32,,,,,,,,,24,53,44,344550000000343533500000535355320007254300000000252400000000420000000000,,00000159,,,,,,,,16,16,0,8,8,159,,3325532554435345552434243532352453,AACBBACBBDDABADBBBCDADCDABACABCDBA,AABCABBCBDADABBDBBCDADCDABACABCDAB,,,0,159,,,,,L_T1_GTR___standard,,,,,L_T1_GTR03_33000001,,,,24,53,44,335445550000534350000000523355300007520000000000242200000000443300000000,,00000157,,,,,,,,16,16,0,7,7,157,,3325532554435345552434243532352453,AACBBACBBDDABADBBBCDADCDABACABCDBA,AABCABBCBDADABBDBBCDADCDABACABCDAB,,,0,157,,,,,,,,,,,,,
8612,33,,,,,,,,,24,53,44,344550000000343533500000535355320007254300000000252400000000420000000000,,00000159,,,,,,,,16,16,0,8,8,159,,3325532554435345552434243532352453,AACBBACBBDDABADBBBCDADCDABACABCDBA,AABCABBCBDADABBDBBCDADCDABACABCDAB,,,0,159,,,,,L_T1_GTR___standard,,,,,L_T1_GTR03_33000001,,,,53,44,32,335445550000534350000000523355300007524200000000242200000000443300000000,,00000167,,,,,,,,17,17,0,10,10,167,,332553255443534555243424353235245344,AACBBACBBDDABADBBBCDADCDABACABCDBADD,AABCABBCBDADABBDBBCDADCDABACABCDABDD,,,0,167,,,,,,,,,,,,,
8650,34,,,,,,,,,53,44,32,344550000000343533500000535355320007254300000000252400000000422400000000,,00000170,,,,,,,,17,17,0,11,11,170,,332553255443534555243424353235245344,AACBBACBBDDABADBBBCDADCDABACABCDBADD,AABCABBCBDADABBDBBCDADCDABACABCDABDD,,,0,170,,,,,L_T1_GTR___standard,,,,,L_T1_GTR03_33000001,,,,53,44,32,335445550000534350000000523355300007524200000000242200000000443300000000,,00000167,,,,,,,,17,17,0,10,10,167,,332553255443534555243424353235245344,AACBBACBBDDABADBBBCDADCDABACABCDBADD,AABCABBCBDADABBDBBCDADCDABACABCDABDD,,,0,167,,,,,,,,,,,,,
8659,35,,,,,,,,,53,44,32,344550000000343533500000535355320007254300000000252400000000422400000000,,00000170,,,,,,,,17,17,0,11,11,170,,332553255443534555243424353235245344,AACBBACBBDDABADBBBCDADCDABACABCDBADD,AABCABBCBDADABBDBBCDADCDABACABCDABDD,,,0,170,,,,,L_T1_GTR___standard,,,,,L_T1_GTR03_33000001,,,,44,32,54,335445550000534350000000523355300007524200000000242250000000443330000000,,00000176,,,,,,,,18,18,0,9,9,176,,33255325544353455524342435323524534432,AACBBACBBDDABADBBBCDADCDABACABCDBADDAC,AABCABBCBDADABBDBBCDADCDABACABCDABDDAC,,,0,176,,,,,,,,,,,,,
8695,37,,,,,,,,,44,32,54,344550000000343533500000535355320007254350000000252430000000422400000000,,00000179,,,,,,,,18,18,0,9,9,179,,33255325544353455524342435323524534432,AACBBACBBDDABADBBBCDADCDABACABCDBADDAC,AABCABBCBDADABBDBBCDADCDABACABCDABDDAC,,,0,179,,,,,L_T1_GTR___standard,,,,,L_T1_GTR03_33000001,,,,32,54,24,335445554400534350000000523355300007524200000000242250000000443330000000,,00000180,,,,,,,,19,19,0,4,4,180,,3325532554435345552434243532352453443254,AACBBACBBDDABADBBBCDADCDABACABCDBADDACBD,AABCABBCBDADABBDBBCDADCDABACABCDABDDACBD,,,0,180,,,,,,,,,,,,,
8738,38,,,,,,,,,32,54,24,344550000000343533500000535355320007254350000000252434400000422400000000,,00000186,,,,,,,,19,19,0,7,7,186,,3325532554435345552434243532352453443254,AACBBACBBDDABADBBBCDADCDABACABCDBADDACBD,AABCABBCBDADABBDBBCDADCDABACABCDABDDACBD,,,0,186,,,,,L_T1_GTR___standard,,,,,L_T1_GTR03_33000001,,,,32,54,24,335445554400534350000000523355300007524200000000242250000000443330000000,,00000180,,,,,,,,19,19,0,4,4,180,,3325532554435345552434243532352453443254,AACBBACBBDDABADBBBCDADCDABACABCDBADDACBD,AABCABBCBDADABBDBBCDADCDABACABCDABDDACBD,,,0,180,,,,,,,,,,,,,
8741,39,,,,,,,,,32,54,24,344550000000343533500000535355320007254350000000252434400000422400000000,,00000186,,,,,,,,19,19,0,7,7,186,,3325532554435345552434243532352453443254,AACBBACBBDDABADBBBCDADCDABACABCDBADDACBD,AABCABBCBDADABBDBBCDADCDABACABCDABDDACBD,,,0,186,,,,,L_T1_GTR___standard,,,,,L_T1_GTR03_33000001,,,,54,24,23,335445554400534350000000523355300007524232000000242250000000443330000000,,00000189,,,,,,,,20,20,0,9,9,189,,332553255443534555243424353235245344325424,AACBBACBBDDABADBBBCDADCDABACABCDBADDACBDCD,AABCABBCBDADABBDBBCDADCDABACABCDABDDACBDCD,,,0,189,,,,,,,,,,,,,
8783,40,,,,,,,,,32,54,24,344550000000343533500000535355320007254350000000252434400000422400000000,,00000186,,,,,,,,19,19,0,7,7,186,,3325532554435345552434243532352453443254,AACBBACBBDDABADBBBCDADCDABACABCDBADDACBD,AABCABBCBDADABBDBBCDADCDABACABCDABDDACBD,,,0,186,,,,,L_T1_GTR___standard,,,,,L_T1_GTR03_33000001,,,,24,23,44,335445554400534350000000523355300007524232000000242255000000443334000000,,00000197,,,,,,,,21,21,0,8,8,197,,33255325544353455524342435323524534432542423,AACBBACBBDDABADBBBCDADCDABACABCDBADDACBDCDCA,AABCABBCBDADABBDBBCDADCDABACABCDABDDACBDCDAC,,,0,197,,,,,,,,,,,,,
8785,41,,,,,,,,,54,24,23,344550000000343533500000535355320007254350000000252434400000422432000000,,00000195,,,,,,,,20,20,0,9,9,195,,332553255443534555243424353235245344325424,AACBBACBBDDABADBBBCDADCDABACABCDBADDACBDCD,AABCABBCBDADABBDBBCDADCDABACABCDABDDACBDCD,,,0,195,,,,,L_T1_GTR___standard,,,,,L_T1_GTR03_33000001,,,,24,23,44,335445554400534350000000523355300007524232000000242255000000443334000000,,00000197,,,,,,,,21,21,0,8,8,197,,33255325544353455524342435323524534432542423,AACBBACBBDDABADBBBCDADCDABACABCDBADDACBDCDCA,AABCABBCBDADABBDBBCDADCDABACABCDABDDACBDCDAC,,,0,197,,,,,,,,,,,,,
8825,42,,,,,,,,,54,24,23,344550000000343533500000535355320007254350000000252434400000422432000000,,00000195,,,,,,,,20,20,0,9,9,195,,332553255443534555243424353235245344325424,AACBBACBBDDABADBBBCDADCDABACABCDBADDACBDCD,AABCABBCBDADABBDBBCDADCDABACABCDABDDACBDCD,,,0,195,,,,,L_T1_GTR___standard,,,,,L_T1_GTR03_33000001,,,,23,44,44,335445554400534350000000523355300007524232000000242255200000443334400000,,00000204,,,,,,,,22,22,0,7,7,204,,3325532554435345552434243532352453443254242344,AACBBACBBDDABADBBBCDADCDABACABCDBADDACBDCDCADD,AABCABBCBDADABBDBBCDADCDABACABCDABDDACBDCDACDD,,,0,204,,,,,,,,,,,,,
8827,43,,,,,,,,,24,23,44,344550000000343533500000535355320007254354500000252434400000422432000000,,00000202,,,,,,,,21,21,0,7,7,202,,33255325544353455524342435323524534432542423,AACBBACBBDDABADBBBCDADCDABACABCDBADDACBDCDCA,AABCABBCBDADABBDBBCDADCDABACABCDABDDACBDCDAC,,,0,202,,,,,L_T1_GTR___standard,,,,,L_T1_GTR03_33000001,,,,23,44,44,335445554400534350000000523355300007524232000000242255200000443334400000,,00000204,,,,,,,,22,22,0,7,7,204,,3325532554435345552434243532352453443254242344,AACBBACBBDDABADBBBCDADCDABACABCDBADDACBDCDCADD,AABCABBCBDADABBDBBCDADCDABACABCDABDDACBDCDACDD,,,0,204,,,,,,,,,,,,,
8864,44,,,,,,,,,23,44,44,344550000000343533500000535355320007254354524000252434400000422432000000,,00000208,,,,,,,,22,22,0,6,6,208,,3325532554435345552434243532352453443254242344,AACBBACBBDDABADBBBCDADCDABACABCDBADDACBDCDCADD,AABCABBCBDADABBDBBCDADCDABACABCDABDDACBDCDACDD,,,0,208,,,,,L_T1_GTR___standard,,,,,L_T1_GTR03_33000001,,,,23,44,44,335445554400534350000000523355300007524232000000242255200000443334400000,,00000204,,,,,,,,22,22,0,7,7,204,,3325532554435345552434243532352453443254242344,AACBBACBBDDABADBBBCDADCDABACABCDBADDACBDCDCADD,AABCABBCBDADABBDBBCDADCDABACABCDABDDACBDCDACDD,,,0,204,,,,,,,,,,,,,
8882,45,,,,,,,,,23,44,44,344550000000343533500000535355320007254354524000252434400000422432000000,,00000208,,,,,,,,22,22,0,6,6,208,,3325532554435345552434243532352453443254242344,AACBBACBBDDABADBBBCDADCDABACABCDBADDACBDCDCADD,AABCABBCBDADABBDBBCDADCDABACABCDABDDACBDCDACDD,,,0,208,,,,,L_T1_GTR___standard,,,,,L_T1_GTR03_33000001,,,,44,44,52,335445554400534350000000523355330007524232200000242255200000443334400000,,00000210,,,,,,,,23,23,0,6,6,210,,332553255443534555243424353235245344325424234444,AACBBACBBDDABADBBBCDADCDABACABCDBADDACBDCDCADDDD,AABCABBCBDADABBDBBCDADCDABACABCDABDDACBDCDACDDDD,,,0,210,,,,,,,,,,,,,
8920,46,,,,,,,,,23,44,44,344550000000343533500000535355320007254354524000252434400000422432000000,,00000208,,,,,,,,22,22,0,6,6,208,,3325532554435345552434243532352453443254242344,AACBBACBBDDABADBBBCDADCDABACABCDBADDACBDCDCADD,AABCABBCBDADABBDBBCDADCDABACABCDABDDACBDCDACDD,,,0,208,,,,,L_T1_GTR___standard,,,,,L_T1_GTR03_33000001,,,,44,52,24,335445554400534350000000523355330007524232200000242255244000443334400000,,00000215,,,,,,,,24,24,0,5,5,215,,33255325544353455524342435323524534432542423444452,AACBBACBBDDABADBBBCDADCDABACABCDBADDACBDCDCADDDDBC,AABCABBCBDADABBDBBCDADCDABACABCDABDDACBDCDACDDDDBC,,,0,215,,,,,,,,,,,,,
8922,47,,,,,,,,,44,44,52,344550000000343533500000535355320007254354524000252434420000422432300000,,00000214,,,,,,,,23,23,0,6,6,214,,332553255443534555243424353235245344325424234444,AACBBACBBDDABADBBBCDADCDABACABCDBADDACBDCDCADDDD,AABCABBCBDADABBDBBCDADCDABACABCDABDDACBDCDACDDDD,,,0,214,,,,,L_T1_GTR___standard,,,,,L_T1_GTR03_33000001,,,,44,52,24,335445554400534350000000523355330007524232200000242255244000443334400000,,00000215,,,,,,,,24,24,0,5,5,215,,33255325544353455524342435323524534432542423444452,AACBBACBBDDABADBBBCDADCDABACABCDBADDACBDCDCADDDDBC,AABCABBCBDADABBDBBCDADCDABACABCDABDDACBDCDACDDDDBC,,,0,215,,,,,,,,,,,,,
8960,48,,,,,,,,,44,52,24,344550000000343533544000535355320007254354524000252434420000422432300000,,00000219,,,,,,,,24,24,0,5,5,219,,33255325544353455524342435323524534432542423444452,AACBBACBBDDABADBBBCDADCDABACABCDBADDACBDCDCADDDDBC,AABCABBCBDADABBDBBCDADCDABACABCDABDDACBDCDACDDDDBC,,,0,219,,,,,L_T1_GTR___standard,,,,,L_T1_GTR03_33000001,,,,44,52,24,335445554400534350000000523355330007524232200000242255244000443334400000,,00000215,,,,,,,,24,24,0,5,5,215,,33255325544353455524342435323524534432542423444452,AACBBACBBDDABADBBBCDADCDABACABCDBADDACBDCDCADDDDBC,AABCABBCBDADABBDBBCDADCDABACABCDABDDACBDCDACDDDDBC,,,0,215,,,,,,,,,,,,,
8962,49,,,,,,,,,44,52,24,344550000000343533544000535355320007254354524000252434420000422432300000,,00000219,,,,,,,,24,24,0,5,5,219,,33255325544353455524342435323524534432542423444452,AACBBACBBDDABADBBBCDADCDABACABCDBADDACBDCDCADDDDBC,AABCABBCBDADABBDBBCDADCDABACABCDABDDACBDCDACDDDDBC,,,0,219,,,,,L_T1_GTR___standard,,,,,L_T1_GTR03_33000001,,,,52,24,53,335445554400534354400000523355330007524232200000242255244000443334400000,,00000223,,,,,,,,25,25,0,8,8,223,,3325532554435345552434243532352453443254242344445224,AACBBACBBDDABADBBBCDADCDABACABCDBADDACBDCDCADDDDBCCD,AABCABBCBDADABBDBBCDADCDABACABCDABDDACBDCDACDDDDBCCD,,,0,223,,,,,,,,,,,,,
8984,50,,,,,,,,,,52,24,344550000000343533544000535355324407254354524000252434420000422432300000,,bb50abb2,,,,,,,,25,0,1,bb50abb2,100,319,,33255325544353455524342435323524534432542423444452,AACBBACBBDDABADBBBCDADCDABACABCDBADDACBDCDCADDDDBC,AABCABBCBDADABBDBBCDADCDABACABCDABDDACBDCDACDDDDBC,,,1,319,,,,,L_T1_GTR___standard,,,,,L_T1_GTR03_33000001,,,,52,24,53,335445554400534354400000523355330007524232200000242255244000443334400000,,00000223,,,,,,,,25,25,0,8,8,223,,3325532554435345552434243532352453443254242344445224,AACBBACBBDDABADBBBCDADCDABACABCDBADDACBDCDCADDDDBCCD,AABCABBCBDADABBDBBCDADCDABACABCDABDDACBDCDACDDDDBCCD,,,0,223,,,,,,,,,,,,,
9008,51,,,,,,,,,,52,24,344550000000343533544000535355324407254354524000252434420000422432300000,,bb50abb2,,,,,,,,25,0,1,bb50abb2,100,319,,33255325544353455524342435323524534432542423444452,AACBBACBBDDABADBBBCDADCDABACABCDBADDACBDCDCADDDDBC,AABCABBCBDADABBDBBCDADCDABACABCDABDDACBDCDACDDDDBC,,,1,319,,,,,L_T1_GTR___standard,,,,,L_T1_GTR03_33000001,,,,,24,53,335445554400534354450000523355332007524232200000242255244000443334400000,,bb40abb1,,,,,,,,26,0,1,bb40abb1,40,263,,3325532554435345552434243532352453443254242344445224,AACBBACBBDDABADBBBCDADCDABACABCDBADDACBDCDCADDDDBCCD,AABCABBCBDADABBDBBCDADCDABACABCDABDDACBDCDACDDDDBCCD,,,1,263,,,,,,,,,,,,,
9049,52,,,,,,,,,52,24,53,344550000000343533500000535355320007254354520000252434420000422432300000,,00000323,,,,,,,,26,1,0,4,4,323,,3325532554435345552434243532352453443254242344445224,AACBBACBBDDABADBBBCDADCDABACABCDBADDACBDCDCADDDDBCCD,AABCABBCBDADABBDBBCDADCDABACABCDABDDACBDCDACDDDDBCCD,,,1,323,,,,,L_T1_GTR___standard,,,,,L_T1_GTR03_33000001,,,,,24,53,335445554400534354450000523355332007524232200000242255244000443334400000,,bb40abb1,,,,,,,,26,0,1,bb40abb1,40,263,,3325532554435345552434243532352453443254242344445224,AACBBACBBDDABADBBBCDADCDABACABCDBADDACBDCDCADDDDBCCD,AABCABBCBDADABBDBBCDADCDABACABCDABDDACBDCDACDDDDBCCD,,,1,263,,,,,,,,,,,,,
9091,53,,,,,,,,,52,24,53,344550000000343533500000535355320007254354520000252434420000422432300000,,00000323,,,,,,,,26,1,0,4,4,323,,3325532554435345552434243532352453443254242344445224,AACBBACBBDDABADBBBCDADCDABACABCDBADDACBDCDCADDDDBCCD,AABCABBCBDADABBDBBCDADCDABACABCDABDDACBDCDACDDDDBCCD,,,1,323,,,,,L_T1_GTR___standard,,,,,L_T1_GTR03_33000001,,,,,24,53,335444400000534354400000523355332007524232200000242255244000443334400000,,bb60ab11,,,,,,,,27,0,2,bb60ab11,660,923,,3325532554435345552434243532352453443254242344445224,AACBBACBBDDABADBBBCDADCDABACABCDBADDACBDCDCADDDDBCCD,AABCABBCBDADABBDBBCDADCDABACABCDABDDACBDCDACDDDDBCCD,,,2,923,,,,,,,,,,,,,
9121,54,,,,,,,,,24,53,44,344550000000343533552000535355320007254354520000252434420000422432300000,,00000328,,,,,,,,27,2,0,5,5,328,,332553255443534555243424353235245344325424234444522453,AACBBACBBDDABADBBBCDADCDABACABCDBADDACBDCDCADDDDBCCDBA,AABCABBCBDADABBDBBCDADCDABACABCDABDDACBDCDACDDDDBCCDAB,,,1,328,,,,,L_T1_GTR___standard,,,,,L_T1_GTR03_33000001,,,,,24,53,335444400000534354400000523355332007524232200000242255244000443334400000,,bb60ab11,,,,,,,,27,0,2,bb60ab11,660,923,,3325532554435345552434243532352453443254242344445224,AACBBACBBDDABADBBBCDADCDABACABCDBADDACBDCDCADDDDBCCD,AABCABBCBDADABBDBBCDADCDABACABCDABDDACBDCDACDDDDBCCD,,,2,923,,,,,,,,,,,,,
9148,55,,,,,,,,,,53,44,344550000000343533552000535355320007254354522000252434424000422432300000,,bb40abb1,,,,,,,,28,0,1,bb40abb1,40,368,,332553255443534555243424353235245344325424234444522453,AACBBACBBDDABADBBBCDADCDABACABCDBADDACBDCDCADDDDBCCDBA,AABCABBCBDADABBDBBCDADCDABACABCDABDDACBDCDACDDDDBCCDAB,,,1,368,,,,,L_T1_GTR___standard,,,,,L_T1_GTR03_33000001,,,,,24,53,335444400000534354400000523355332007524232200000242255244000443334400000,,bb60ab11,,,,,,,,27,0,2,bb60ab11,660,923,,3325532554435345552434243532352453443254242344445224,AACBBACBBDDABADBBBCDADCDABACABCDBADDACBDCDCADDDDBCCD,AABCABBCBDADABBDBBCDADCDABACABCDABDDACBDCDACDDDDBCCD,,,2,923,,,,,,,,,,,,,
9155,56,,,,,,,,,,53,44,344550000000343533552000535355320007254354522000252434424000422432300000,,bb40abb1,,,,,,,,28,0,1,bb40abb1,40,368,,332553255443534555243424353235245344325424234444522453,AACBBACBBDDABADBBBCDADCDABACABCDBADDACBDCDCADDDDBCCDBA,AABCABBCBDADABBDBBCDADCDABACABCDABDDACBDCDACDDDDBCCDAB,,,1,368,,,,,L_T1_GTR___standard,,,,,L_T1_GTR03_33000001,,,,24,53,44,335000000000534350000000523355332007524232200000242255244000443334400000,,00000928,,,,,,,,28,1,0,5,5,928,,332553255443534555243424353235245344325424234444522453,AACBBACBBDDABADBBBCDADCDABACABCDBADDACBDCDCADDDDBCCDBA,AABCABBCBDADABBDBBCDADCDABACABCDABDDACBDCDACDDDDBCCDAB,,,2,928,,,,,,,,,,,,,
9218,57,,,,,,,,,,53,44,344550000000343533552000535355320007254354522000252434424000422432300000,,bb40abb1,,,,,,,,28,0,1,bb40abb1,40,368,,332553255443534555243424353235245344325424234444522453,AACBBACBBDDABADBBBCDADCDABACABCDBADDACBDCDCADDDDBCCDBA,AABCABBCBDADABBDBBCDADCDABACABCDABDDACBDCDACDDDDBCCDAB,,,1,368,,,,,L_T1_GTR___standard,,,,,L_T1_GTR03_33000001,,,,53,44,23,335000000000534350000000523355332207524232240000242255244000443334400000,,00000932,,,,,,,,29,2,0,4,4,932,,33255325544353455524342435323524534432542423444452245344,AACBBACBBDDABADBBBCDADCDABACABCDBADDACBDCDCADDDDBCCDBADD,AABCABBCBDADABBDBBCDADCDABACABCDABDDACBDCDACDDDDBCCDABDD,,,2,932,,,,,,,,,,,,,
9233,58,,,,,,,,,,53,44,344550000000343533552000535355300007254354500000252434440000422432300000,,bb40abb8,,,,,,,,29,0,2,bb40abb8,320,688,,332553255443534555243424353235245344325424234444522453,AACBBACBBDDABADBBBCDADCDABACABCDBADDACBDCDCADDDDBCCDBA,AABCABBCBDADABBDBBCDADCDABACABCDABDDACBDCDACDDDDBCCDAB,,,2,688,,,,,L_T1_GTR___standard,,,,,L_T1_GTR03_33000001,,,,53,44,23,335000000000534350000000523355332207524232240000242255244000443334400000,,00000932,,,,,,,,29,2,0,4,4,932,,33255325544353455524342435323524534432542423444452245344,AACBBACBBDDABADBBBCDADCDABACABCDBADDACBDCDCADDDDBCCDBADD,AABCABBCBDADABBDBBCDADCDABACABCDABDDACBDCDACDDDDBCCDABDD,,,2,932,,,,,,,,,,,,,
9265,59,,,,,,,,,,53,44,344550000000343533552000535355300007254354500000252434440000422432300000,,bb40abb8,,,,,,,,29,0,2,bb40abb8,320,688,,332553255443534555243424353235245344325424234444522453,AACBBACBBDDABADBBBCDADCDABACABCDBADDACBDCDCADDDDBCCDBA,AABCABBCBDADABBDBBCDADCDABACABCDABDDACBDCDACDDDDBCCDAB,,,2,688,,,,,L_T1_GTR___standard,,,,,L_T1_GTR03_33000001,,,,44,23,55,335000000000534350000000523355332207524232240000242255244000443334453000,,00000938,,,,,,,,30,3,0,6,6,938,,3325532554435345552434243532352453443254242344445224534423,AACBBACBBDDABADBBBCDADCDABACABCDBADDACBDCDCADDDDBCCDBADDCA,AABCABBCBDADABBDBBCDADCDABACABCDABDDACBDCDACDDDDBCCDABDDAC,,,2,938,,,,,,,,,,,,,
9310,60,,,,,,,,,,53,44,344550000000343533552000535355300007254354500000252434440000422432300000,,bb40abb8,,,,,,,,29,0,2,bb40abb8,320,688,,332553255443534555243424353235245344325424234444522453,AACBBACBBDDABADBBBCDADCDABACABCDBADDACBDCDCADDDDBCCDBA,AABCABBCBDADABBDBBCDADCDABACABCDABDDACBDCDACDDDDBCCDAB,,,2,688,,,,,L_T1_GTR___standard,,,,,L_T1_GTR03_33000001,,,,23,55,24,335440000000534350000000523355332207524232240000242255244000443334453000,,00000947,,,,,,,,31,4,0,9,9,947,,332553255443534555243424353235245344325424234444522453442355,AACBBACBBDDABADBBBCDADCDABACABCDBADDACBDCDCADDDDBCCDBADDCABB,AABCABBCBDADABBDBBCDADCDABACABCDABDDACBDCDACDDDDBCCDABDDACBB,,,2,947,,,,,,,,,,,,,
9313,61,,,,,,,,,,53,44,344550000000343533552000535355300007254355000000252430000000422432300000,,bb40ab16,,,,,,,,30,0,3,bb40ab16,640,1328,,332553255443534555243424353235245344325424234444522453,AACBBACBBDDABADBBBCDADCDABACABCDBADDACBDCDCADDDDBCCDBA,AABCABBCBDADABBDBBCDADCDABACABCDABDDACBDCDACDDDDBCCDAB,,,3,1328,,,,,L_T1_GTR___standard,,,,,L_T1_GTR03_33000001,,,,23,55,24,335440000000534350000000523355332207524232240000242255244000443334453000,,00000947,,,,,,,,31,4,0,9,9,947,,332553255443534555243424353235245344325424234444522453442355,AACBBACBBDDABADBBBCDADCDABACABCDBADDACBDCDCADDDDBCCDBADDCABB,AABCABBCBDADABBDBBCDADCDABACABCDABDDACBDCDACDDDDBCCDABDDACBB,,,2,947,,,,,,,,,,,,,
9346,62,,,,,,,,,,53,44,344550000000343533552000535355300007254355000000252430000000422432300000,,bb40ab16,,,,,,,,30,0,3,bb40ab16,640,1328,,332553255443534555243424353235245344325424234444522453,AACBBACBBDDABADBBBCDADCDABACABCDBADDACBDCDCADDDDBCCDBA,AABCABBCBDADABBDBBCDADCDABACABCDABDDACBDCDACDDDDBCCDAB,,,3,1328,,,,,L_T1_GTR___standard,,,,,L_T1_GTR03_33000001,,,,55,24,23,335440000000534350000000523355332207524232240000242255244000443334453320,,00000950,,,,,,,,32,5,0,3,3,950,,33255325544353455524342435323524534432542423444452245344235524,AACBBACBBDDABADBBBCDADCDABACABCDBADDACBDCDCADDDDBCCDBADDCABBCD,AABCABBCBDADABBDBBCDADCDABACABCDABDDACBDCDACDDDDBCCDABDDACBBCD,,,2,950,,,,,,,,,,,,,
9387,63,,,,,,,,,,53,44,344550000000343533552000535355300007254355000000252430000000422432300000,,bb40ab16,,,,,,,,30,0,3,bb40ab16,640,1328,,332553255443534555243424353235245344325424234444522453,AACBBACBBDDABADBBBCDADCDABACABCDBADDACBDCDCADDDDBCCDBA,AABCABBCBDADABBDBBCDADCDABACABCDABDDACBDCDACDDDDBCCDAB,,,3,1328,,,,,L_T1_GTR___standard,,,,,L_T1_GTR03_33000001,,,,24,23,23,335440000000534350000000523355332207524232240000242255244550443334453320,,00000953,,,,,,,,33,6,0,3,3,953,,3325532554435345552434243532352453443254242344445224534423552423,AACBBACBBDDABADBBBCDADCDABACABCDBADDACBDCDCADDDDBCCDBADDCABBCDCA,AABCABBCBDADABBDBBCDADCDABACABCDABDDACBDCDACDDDDBCCDABDDACBBCDAC,,,2,953,,,,,,,,,,,,,
9394,64,,,,,,,,,,53,44,344550000000343533552000535330000007254300000000252430000000422432300000,,bb50ab34,,,,,,,,31,0,4,bb50ab34,1700,3028,,332553255443534555243424353235245344325424234444522453,AACBBACBBDDABADBBBCDADCDABACABCDBADDACBDCDCADDDDBCCDBA,AABCABBCBDADABBDBBCDADCDABACABCDABDDACBDCDACDDDDBCCDAB,,,4,3028,,,,,L_T1_GTR___standard,,,,,L_T1_GTR03_33000001,,,,24,23,23,335440000000534350000000523355332207524232240000242255244550443334453320,,00000953,,,,,,,,33,6,0,3,3,953,,3325532554435345552434243532352453443254242344445224534423552423,AACBBACBBDDABADBBBCDADCDABACABCDBADDACBDCDCADDDDBCCDBADDCABBCDCA,AABCABBCBDADABBDBBCDADCDABACABCDABDDACBDCDACDDDDBCCDABDDACBBCDAC,,,2,953,,,,,,,,,,,,,
9427,65,,,,,,,,,,53,44,344550000000343533552000535330000007254300000000252430000000422432300000,,bb50ab34,,,,,,,,31,0,4,bb50ab34,1700,3028,,332553255443534555243424353235245344325424234444522453,AACBBACBBDDABADBBBCDADCDABACABCDBADDACBDCDCADDDDBCCDBA,AABCABBCBDADABBDBBCDADCDABACABCDABDDACBDCDACDDDDBCCDAB,,,4,3028,,,,,L_T1_GTR___standard,,,,,L_T1_GTR03_33000001,,,,23,23,22,335440000000534350000000523355332207524232240000242255244554443334453322,,00000955,,,,,,,,34,7,0,2,2,955,,332553255443534555243424353235245344325424234444522453442355242323,AACBBACBBDDABADBBBCDADCDABACABCDBADDACBDCDCADDDDBCCDBADDCABBCDCACA,AABCABBCBDADABBDBBCDADCDABACABCDABDDACBDCDACDDDDBCCDABDDACBBCDACAC,,,2,955,,,,,,,,,,,,,
9464,66,,,,,,,,,,53,44,344550000000343533552000535330000007254300000000252430000000422432300000,,bb50ab34,,,,,,,,31,0,4,bb50ab34,1700,3028,,332553255443534555243424353235245344325424234444522453,AACBBACBBDDABADBBBCDADCDABACABCDBADDACBDCDCADDDDBCCDBA,AABCABBCBDADABBDBBCDADCDABACABCDABDDACBDCDACDDDDBCCDAB,,,4,3028,,,,,L_T1_GTR___standard,,,,,L_T1_GTR03_33000001,,,,23,22,33,335440000000534350000000523355332207524232242300242255244556443334453322,,00000960,,,,,,,,35,8,0,5,5,960,,33255325544353455524342435323524534432542423444452245344235524232322,AACBBACBBDDABADBBBCDADCDABACABCDBADDACBDCDCADDDDBCCDBADDCABBCDCACACC,AABCABBCBDADABBDBBCDADCDABACABCDABDDACBDCDACDDDDBCCDABDDACBBCDACACCC,,,2,960,,,,,,,,,,,,,
9478,67,,,,,,,,,,53,44,344550000000343555200000535000000007254000000000252430000000422432300000,,bb50ab66,,,,,,,,32,0,5,bb50ab66,3300,6328,,332553255443534555243424353235245344325424234444522453,AACBBACBBDDABADBBBCDADCDABACABCDBADDACBDCDCADDDDBCCDBA,AABCABBCBDADABBDBBCDADCDABACABCDABDDACBDCDACDDDDBCCDAB,,,5,6328,,,,,L_T1_GTR___standard,,,,,L_T1_GTR03_33000001,,,,23,22,33,335440000000534350000000523355332207524232242300242255244556443334453322,,00000960,,,,,,,,35,8,0,5,5,960,,33255325544353455524342435323524534432542423444452245344235524232322,AACBBACBBDDABADBBBCDADCDABACABCDBADDACBDCDCADDDDBCCDBADDCABBCDCACACC,AABCABBCBDADABBDBBCDADCDABACABCDABDDACBDCDACDDDDBCCDABDDACBBCDACACCC,,,2,960,,,,,,,,,,,,,
9495,68,,,,,,,,,,53,44,344550000000343555200000535000000007254000000000252430000000422432300000,,bb50ab66,,,,,,,,32,0,5,bb50ab66,3300,6328,,332553255443534555243424353235245344325424234444522453,AACBBACBBDDABADBBBCDADCDABACABCDBADDACBDCDCADDDDBCCDBA,AABCABBCBDADABBDBBCDADCDABACABCDABDDACBDCDACDDDDBCCDAB,,,5,6328,,,,,L_T1_GTR___standard,,,,,L_T1_GTR03_33000001,,,,22,33,42,335440000000534350000000523355332237524232242320242255244554443334453322,,00000963,,,,,,,,36,9,0,3,3,963,,3325532554435345552434243532352453443254242344445224534423552423232233,AACBBACBBDDABADBBBCDADCDABACABCDBADDACBDCDCADDDDBCCDBADDCABBCDCACACCAA,AABCABBCBDADABBDBBCDADCDABACABCDABDDACBDCDACDDDDBCCDABDDACBBCDACACCCAA,,,2,963,,,,,,,,,,,,,
9525,69,,,,,,,,,,53,44,344550000000343555200000535000000007254000000000252430000000422432300000,,bb50ab66,,,,,,,,32,0,5,bb50ab66,3300,6328,,332553255443534555243424353235245344325424234444522453,AACBBACBBDDABADBBBCDADCDABACABCDBADDACBDCDCADDDDBCCDBA,AABCABBCBDADABBDBBCDADCDABACABCDABDDACBDCDACDDDDBCCDAB,,,5,6328,,,,,L_T1_GTR___standard,,,,,L_T1_GTR03_33000001,,,,33,42,24,335440000000534350000000523355332237524232242322242255244554443334453322,,00000965,,,,,,,,37,10,0,2,2,965,,332553255443534555243424353235245344325424234444522453442355242323223342,AACBBACBBDDABADBBBCDADCDABACABCDBADDACBDCDCADDDDBCCDBADDCABBCDCACACCAADC,AABCABBCBDADABBDBBCDADCDABACABCDABDDACBDCDACDDDDBCCDABDDACBBCDACACCCAACD,,,2,965,,,,,,,,,,,,,
9555,70,,,,,,,,,,53,44,344550000000343555200000535000000007254000000000252430000000422432300000,,bb50ab66,,,,,,,,32,0,5,bb50ab66,3300,6328,,332553255443534555243424353235245344325424234444522453,AACBBACBBDDABADBBBCDADCDABACABCDBADDACBDCDCADDDDBCCDBA,AABCABBCBDADABBDBBCDADCDABACABCDABDDACBDCDACDDDDBCCDAB,,,5,6328,,,,,L_T1_GTR___standard,,,,,L_T1_GTR03_33000001,,,,,42,24,335440000000534353300000523355332237524232242322242255244554443334453322,,bb40abb1,,,,,,,,38,0,1,bb40abb1,40,1005,,332553255443534555243424353235245344325424234444522453442355242323223342,AACBBACBBDDABADBBBCDADCDABACABCDBADDACBDCDCADDDDBCCDBADDCABBCDCACACCAADC,AABCABBCBDADABBDBBCDADCDABACABCDABDDACBDCDACDDDDBCCDABDDACBBCDACACCCAACD,,,2,1005,,,,,,,,,,,,,
9571,71,,,,,,,,,53,44,23,344000000000343200000000535000000007254000000000252430000000422432300000,,00006333,,,,,,,,33,1,0,5,5,6333,,33255325544353455524342435323524534432542423444452245344,AACBBACBBDDABADBBBCDADCDABACABCDBADDACBDCDCADDDDBCCDBADD,AABCABBCBDADABBDBBCDADCDABACABCDABDDACBDCDACDDDDBCCDABDD,,,5,6333,,,,,L_T1_GTR___standard,,,,,L_T1_GTR03_33000001,,,,,42,24,335440000000534353300000523355332237524232242322242255244554443334453322,,bb40abb1,,,,,,,,38,0,1,bb40abb1,40,1005,,332553255443534555243424353235245344325424234444522453442355242323223342,AACBBACBBDDABADBBBCDADCDABACABCDBADDACBDCDCADDDDBCCDBADDCABBCDCACACCAADC,AABCABBCBDADABBDBBCDADCDABACABCDABDDACBDCDACDDDDBCCDABDDACBBCDACACCCAACD,,,2,1005,,,,,,,,,,,,,
9615,72,,,,,,,,,44,23,55,344000000000343200000000535500000007254300000000252430000000422432300000,,00006343,,,,,,,,34,2,0,10,10,6343,,3325532554435345552434243532352453443254242344445224534423,AACBBACBBDDABADBBBCDADCDABACABCDBADDACBDCDCADDDDBCCDBADDCA,AABCABBCBDADABBDBBCDADCDABACABCDABDDACBDCDACDDDDBCCDABDDAC,,,5,6343,,,,,L_T1_GTR___standard,,,,,L_T1_GTR03_33000001,,,,,42,24,335440000000534353300000523355332237524232242322242255244554443334453322,,bb40abb1,,,,,,,,38,0,1,bb40abb1,40,1005,,332553255443534555243424353235245344325424234444522453442355242323223342,AACBBACBBDDABADBBBCDADCDABACABCDBADDACBDCDCADDDDBCCDBADDCABBCDCACACCAADC,AABCABBCBDADABBDBBCDADCDABACABCDABDDACBDCDACDDDDBCCDABDDACBBCDACACCCAACD,,,2,1005,,,,,,,,,,,,,
9636,73,,,,,,,,,44,23,55,344000000000343200000000535500000007254300000000252430000000422432300000,,00006343,,,,,,,,34,2,0,10,10,6343,,3325532554435345552434243532352453443254242344445224534423,AACBBACBBDDABADBBBCDADCDABACABCDBADDACBDCDCADDDDBCCDBADDCA,AABCABBCBDADABBDBBCDADCDABACABCDABDDACBDCDACDDDDBCCDABDDAC,,,5,6343,,,,,L_T1_GTR___standard,,,,,L_T1_GTR03_33000001,,,,,42,24,335440000000534350000000523355223007524232242322242255244554443334453322,,bb50ab10,,,,,,,,39,0,2,bb50ab10,500,1505,,332553255443534555243424353235245344325424234444522453442355242323223342,AACBBACBBDDABADBBBCDADCDABACABCDBADDACBDCDCADDDDBCCDBADDCABBCDCACACCAADC,AABCABBCBDADABBDBBCDADCDABACABCDABDDACBDCDACDDDDBCCDABDDACBBCDACACCCAACD,,,2,1505,,,,,,,,,,,,,
9657,74,,,,,,,,,23,55,24,344000000000343200000000535500000007254344000000252430000000422432300000,,00006351,,,,,,,,35,3,0,8,8,6351,,332553255443534555243424353235245344325424234444522453442355,AACBBACBBDDABADBBBCDADCDABACABCDBADDACBDCDCADDDDBCCDBADDCABB,AABCABBCBDADABBDBBCDADCDABACABCDABDDACBDCDACDDDDBCCDABDDACBB,,,5,6351,,,,,L_T1_GTR___standard,,,,,L_T1_GTR03_33000001,,,,,42,24,335440000000534350000000523355223007524232242322242255244554443334453322,,bb50ab10,,,,,,,,39,0,2,bb50ab10,500,1505,,332553255443534555243424353235245344325424234444522453442355242323223342,AACBBACBBDDABADBBBCDADCDABACABCDBADDACBDCDCADDDDBCCDBADDCABBCDCACACCAADC,AABCABBCBDADABBDBBCDADCDABACABCDABDDACBDCDACDDDDBCCDABDDACBBCDACACCCAACD,,,2,1505,,,,,,,,,,,,,
9699,75,,,,,,,,,55,24,23,344000000000343200000000535500000007254344000000252433200000422432300000,,00006358,,,,,,,,36,4,0,7,7,6358,,33255325544353455524342435323524534432542423444452245344235524,AACBBACBBDDABADBBBCDADCDABACABCDBADDACBDCDCADDDDBCCDBADDCABBCD,AABCABBCBDADABBDBBCDADCDABACABCDABDDACBDCDACDDDDBCCDABDDACBBCD,,,5,6358,,,,,L_T1_GTR___standard,,,,,L_T1_GTR03_33000001,,,,,42,24,335440000000534350000000523355223007524232242322242255244554443334453322,,bb50ab10,,,,,,,,39,0,2,bb50ab10,500,1505,,332553255443534555243424353235245344325424234444522453442355242323223342,AACBBACBBDDABADBBBCDADCDABACABCDBADDACBDCDCADDDDBCCDBADDCABBCDCACACCAADC,AABCABBCBDADABBDBBCDADCDABACABCDABDDACBDCDACDDDDBCCDABDDACBBCDACACCCAACD,,,2,1505,,,,,,,,,,,,,
9718,76,,,,,,,,,55,24,23,344000000000343200000000535500000007254344000000252433200000422432300000,,00006358,,,,,,,,36,4,0,7,7,6358,,33255325544353455524342435323524534432542423444452245344235524,AACBBACBBDDABADBBBCDADCDABACABCDBADDACBDCDCADDDDBCCDBADDCABBCD,AABCABBCBDADABBDBBCDADCDABACABCDABDDACBDCDACDDDDBCCDABDDACBBCD,,,5,6358,,,,,L_T1_GTR___standard,,,,,L_T1_GTR03_33000001,,,,,42,24,335440000000534350000000523355300007524234232220242255445540443334453322,,bb40ab16,,,,,,,,40,0,3,bb40ab16,640,2145,,332553255443534555243424353235245344325424234444522453442355242323223342,AACBBACBBDDABADBBBCDADCDABACABCDBADDACBDCDCADDDDBCCDBADDCABBCDCACACCAADC,AABCABBCBDADABBDBBCDADCDABACABCDABDDACBDCDACDDDDBCCDABDDACBBCDACACCCAACD,,,3,2145,,,,,,,,,,,,,
9745,77,,,,,,,,,24,23,23,344550000000343200000000535500000007254344000000252433200000422432300000,,00006367,,,,,,,,37,5,0,9,9,6367,,3325532554435345552434243532352453443254242344445224534423552423,AACBBACBBDDABADBBBCDADCDABACABCDBADDACBDCDCADDDDBCCDBADDCABBCDCA,AABCABBCBDADABBDBBCDADCDABACABCDABDDACBDCDACDDDDBCCDABDDACBBCDAC,,,5,6367,,,,,L_T1_GTR___standard,,,,,L_T1_GTR03_33000001,,,,,42,24,335440000000534350000000523355300007524234232220242255445540443334453322,,bb40ab16,,,,,,,,40,0,3,bb40ab16,640,2145,,332553255443534555243424353235245344325424234444522453442355242323223342,AACBBACBBDDABADBBBCDADCDABACABCDBADDACBDCDCADDDDBCCDBADDCABBCDCACACCAADC,AABCABBCBDADABBDBBCDADCDABACABCDABDDACBDCDACDDDDBCCDABDDACBBCDACACCCAACD,,,3,2145,,,,,,,,,,,,,
9793,78,,,,,,,,,23,23,22,344550000000343200000000535500000007254344000000252433224000422432300000,,00006373,,,,,,,,38,6,0,6,6,6373,,332553255443534555243424353235245344325424234444522453442355242323,AACBBACBBDDABADBBBCDADCDABACABCDBADDACBDCDCADDDDBCCDBADDCABBCDCACA,AABCABBCBDADABBDBBCDADCDABACABCDABDDACBDCDACDDDDBCCDABDDACBBCDACAC,,,5,6373,,,,,L_T1_GTR___standard,,,,,L_T1_GTR03_33000001,,,,,42,24,335440000000534350000000523355300007524234232220242255445540443334453322,,bb40ab16,,,,,,,,40,0,3,bb40ab16,640,2145,,332553255443534555243424353235245344325424234444522453442355242323223342,AACBBACBBDDABADBBBCDADCDABACABCDBADDACBDCDCADDDDBCCDBADDCABBCDCACACCAADC,AABCABBCBDADABBDBBCDADCDABACABCDABDDACBDCDACDDDDBCCDABDDACBBCDACACCCAACD,,,3,2145,,,,,,,,,,,,,
9801,79,,,,,,,,,23,23,22,344550000000343200000000535500000007254344000000252433224000422432300000,,00006373,,,,,,,,38,6,0,6,6,6373,,332553255443534555243424353235245344325424234444522453442355242323,AACBBACBBDDABADBBBCDADCDABACABCDBADDACBDCDCADDDDBCCDBADDCABBCDCACA,AABCABBCBDADABBDBBCDADCDABACABCDABDDACBDCDACDDDDBCCDABDDACBBCDACAC,,,5,6373,,,,,L_T1_GTR___standard,,,,,L_T1_GTR03_33000001,,,,,42,24,335440000000534350000000523355300007524234232220242255554000443335332200,,bb50ab34,,,,,,,,41,0,4,bb50ab34,1700,3845,,332553255443534555243424353235245344325424234444522453442355242323223342,AACBBACBBDDABADBBBCDADCDABACABCDBADDACBDCDCADDDDBCCDBADDCABBCDCACACCAADC,AABCABBCBDADABBDBBCDADCDABACABCDABDDACBDCDACDDDDBCCDABDDACBBCDACACCCAACD,,,4,3845,,,,,,,,,,,,,
9835,80,,,,,,,,,23,22,33,344550000000343200000000535500000007254344230000252433224000422432300000,,00006380,,,,,,,,39,7,0,7,7,6380,,33255325544353455524342435323524534432542423444452245344235524232322,AACBBACBBDDABADBBBCDADCDABACABCDBADDACBDCDCADDDDBCCDBADDCABBCDCACACC,AABCABBCBDADABBDBBCDADCDABACABCDABDDACBDCDACDDDDBCCDABDDACBBCDACACCC,,,5,6380,,,,,L_T1_GTR___standard,,,,,L_T1_GTR03_33000001,,,,,42,24,335440000000534350000000523355300007524234232220242255554000443335332200,,bb50ab34,,,,,,,,41,0,4,bb50ab34,1700,3845,,332553255443534555243424353235245344325424234444522453442355242323223342,AACBBACBBDDABADBBBCDADCDABACABCDBADDACBDCDCADDDDBCCDBADDCABBCDCACACCAADC,AABCABBCBDADABBDBBCDADCDABACABCDABDDACBDCDACDDDDBCCDABDDACBBCDACACCCAACD,,,4,3845,,,,,,,,,,,,,
9875,81,,,,,,,,,22,33,42,344550000000343200000000535500000007254344230000252433224000422432332000,,00006385,,,,,,,,40,8,0,5,5,6385,,3325532554435345552434243532352453443254242344445224534423552423232233,AACBBACBBDDABADBBBCDADCDABACABCDBADDACBDCDCADDDDBCCDBADDCABBCDCACACCAA,AABCABBCBDADABBDBBCDADCDABACABCDABDDACBDCDACDDDDBCCDABDDACBBCDACACCCAA,,,5,6385,,,,,L_T1_GTR___standard,,,,,L_T1_GTR03_33000001,,,,,42,24,335440000000534350000000523355300007524234232220242255554000443335332200,,bb50ab34,,,,,,,,41,0,4,bb50ab34,1700,3845,,332553255443534555243424353235245344325424234444522453442355242323223342,AACBBACBBDDABADBBBCDADCDABACABCDBADDACBDCDCADDDDBCCDBADDCABBCDCACACCAADC,AABCABBCBDADABBDBBCDADCDABACABCDABDDACBDCDACDDDDBCCDABDDACBBCDACACCCAACD,,,4,3845,,,,,,,,,,,,,
9888,82,,,,,,,,,22,33,42,344550000000343200000000535500000007254344230000252433224000422432332000,,00006385,,,,,,,,40,8,0,5,5,6385,,3325532554435345552434243532352453443254242344445224534423552423232233,AACBBACBBDDABADBBBCDADCDABACABCDBADDACBDCDCADDDDBCCDBADDCABBCDCACACCAA,AABCABBCBDADABBDBBCDADCDABACABCDABDDACBDCDACDDDDBCCDABDDACBBCDACACCCAA,,,5,6385,,,,,L_T1_GTR___standard,,,,,L_T1_GTR03_33000001,,,,,42,24,335440000000534350000000523355300007524234232220242240000000443333322000,,bb50ab66,,,,,,,,42,0,5,bb50ab66,3300,7145,,332553255443534555243424353235245344325424234444522453442355242323223342,AACBBACBBDDABADBBBCDADCDABACABCDBADDACBDCDCADDDDBCCDBADDCABBCDCACACCAADC,AABCABBCBDADABBDBBCDADCDABACABCDABDDACBDCDACDDDDBCCDABDDACBBCDACACCCAACD,,,5,7145,,,,,,,,,,,,,
9909,83,,,,,,,,,33,42,24,344500000000343200000000535500000007254344230000252433224000422432332220,,00006388,,,,,,,,41,9,0,3,3,6388,,332553255443534555243424353235245344325424234444522453442355242323223342,AACBBACBBDDABADBBBCDADCDABACABCDBADDACBDCDCADDDDBCCDBADDCABBCDCACACCAADC,AABCABBCBDADABBDBBCDADCDABACABCDABDDACBDCDACDDDDBCCDABDDACBBCDACACCCAACD,,,5,6388,,,,,L_T1_GTR___standard,,,,,L_T1_GTR03_33000001,,,,,42,24,335440000000534350000000523355300007524234232220242240000000443333322000,,bb50ab66,,,,,,,,42,0,5,bb50ab66,3300,7145,,332553255443534555243424353235245344325424234444522453442355242323223342,AACBBACBBDDABADBBBCDADCDABACABCDBADDACBDCDCADDDDBCCDBADDCABBCDCACACCAADC,AABCABBCBDADABBDBBCDADCDABACABCDABDDACBDCDACDDDDBCCDABDDACBBCDACACCCAACD,,,5,7145,,,,,,,,,,,,,
9948,84,,,,,,,,,42,24,42,344550000000343200000000535500000007254344230000252433224330422432332220,,00006390,,,,,,,,42,10,0,2,2,6390,,33255325544353455524342435323524534432542423444452245344235524232322334224,AACBBACBBDDABADBBBCDADCDABACABCDBADDACBDCDCADDDDBCCDBADDCABBCDCACACCAADCCD,AABCABBCBDADABBDBBCDADCDABACABCDABDDACBDCDACDDDDBCCDABDDACBBCDACACCCAACDCD,,,5,6390,,,,,L_T1_GTR___standard,,,,,L_T1_GTR03_33000001,,,,,42,24,335440000000534350000000523355300007524234232220242240000000443333322000,,bb50ab66,,,,,,,,42,0,5,bb50ab66,3300,7145,,332553255443534555243424353235245344325424234444522453442355242323223342,AACBBACBBDDABADBBBCDADCDABACABCDBADDACBDCDCADDDDBCCDBADDCABBCDCACACCAADC,AABCABBCBDADABBDBBCDADCDABACABCDABDDACBDCDACDDDDBCCDABDDACBBCDACACCCAACD,,,5,7145,,,,,,,,,,,,,
9976,85,,,,,,,,,42,24,42,344550000000343200000000535500000007254344230000252433224330422432332220,,00006390,,,,,,,,42,10,0,2,2,6390,,33255325544353455524342435323524534432542423444452245344235524232322334224,AACBBACBBDDABADBBBCDADCDABACABCDBADDACBDCDCADDDDBCCDBADDCABBCDCACACCAADCCD,AABCABBCBDADABBDBBCDADCDABACABCDABDDACBDCDACDDDDBCCDABDDACBBCDACACCCAACDCD,,,5,6390,,,,,L_T1_GTR___standard,,,,,L_T1_GTR03_33000001,,,,,42,24,335440000000534350000000523355300007524234232220242240000000442200000000,,bb50ab98,,,,,,,,43,0,6,bb50ab98,4900,12045,,332553255443534555243424353235245344325424234444522453442355242323223342,AACBBACBBDDABADBBBCDADCDABACABCDBADDACBDCDCADDDDBCCDBADDCABBCDCACACCAADC,AABCABBCBDADABBDBBCDADCDABACABCDABDDACBDCDACDDDDBCCDABDDACBBCDACACCCAACD,,,6,12045,,,,,,,,,,,,,
9993,86,,,,,,,,,24,42,53,344554200000343200000000535500000007254344230000252433224330422432332220,,00006398,,,,,,,,43,11,0,8,8,6398,,3325532554435345552434243532352453443254242344445224534423552423232233422442,AACBBACBBDDABADBBBCDADCDABACABCDBADDACBDCDCADDDDBCCDBADDCABBCDCACACCAADCCDDC,AABCABBCBDADABBDBBCDADCDABACABCDABDDACBDCDACDDDDBCCDABDDACBBCDACACCCAACDCDCD,,,5,6398,,,,,L_T1_GTR___standard,,,,,L_T1_GTR03_33000001,,,,,42,24,335440000000534350000000523355300007524234232220242240000000442200000000,,bb50ab98,,,,,,,,43,0,6,bb50ab98,4900,12045,,332553255443534555243424353235245344325424234444522453442355242323223342,AACBBACBBDDABADBBBCDADCDABACABCDBADDACBDCDCADDDDBCCDBADDCABBCDCACACCAADC,AABCABBCBDADABBDBBCDADCDABACABCDABDDACBDCDACDDDDBCCDABDDACBBCDACACCCAACD,,,6,12045,,,,,,,,,,,,,
10033,87,,,,,,,,,42,53,24,344554200000343200000000535500000007254344230000252433224330422432332224,,00006399,,,,,,,,44,12,0,1,1,6399,,332553255443534555243424353235245344325424234444522453442355242323223342244253,AACBBACBBDDABADBBBCDADCDABACABCDBADDACBDCDCADDDDBCCDBADDCABBCDCACACCAADCCDDCBA,AABCABBCBDADABBDBBCDADCDABACABCDABDDACBDCDACDDDDBCCDABDDACBBCDACACCCAACDCDCDAB,,,5,6399,,,,,L_T1_GTR___standard,,,,,L_T1_GTR03_33000001,,,,,42,24,335440000000534350000000523355300007524234232220242240000000442200000000,,bb50ab98,,,,,,,,43,0,6,bb50ab98,4900,12045,,332553255443534555243424353235245344325424234444522453442355242323223342,AACBBACBBDDABADBBBCDADCDABACABCDBADDACBDCDCADDDDBCCDBADDCABBCDCACACCAADC,AABCABBCBDADABBDBBCDADCDABACABCDABDDACBDCDACDDDDBCCDABDDACBBCDACACCCAACD,,,6,12045,,,,,,,,,,,,,
10059,88,,,,,,,,,42,53,24,344554200000343200000000535500000007254344230000252433224330422432332224,,00006399,,,,,,,,44,12,0,1,1,6399,,332553255443534555243424353235245344325424234444522453442355242323223342244253,AACBBACBBDDABADBBBCDADCDABACABCDBADDACBDCDCADDDDBCCDBADDCABBCDCACACCAADCCDDCBA,AABCABBCBDADABBDBBCDADCDABACABCDABDDACBDCDACDDDDBCCDABDDACBBCDACACCCAACDCDCDAB,,,5,6399,,,,,L_T1_GTR___standard,,,,,L_T1_GTR03_33000001,,,,,42,24,335440000000534350000000523355300007524342322200244000000000440000000000,,bb90a133,,,,,,,,44,0,7,bb90a133,11970,24015,,332553255443534555243424353235245344325424234444522453442355242323223342,AACBBACBBDDABADBBBCDADCDABACABCDBADDACBDCDCADDDDBCCDBADDCABBCDCACACCAADC,AABCABBCBDADABBDBBCDADCDABACABCDABDDACBDCDACDDDDBCCDABDDACBBCDACACCCAACD,,,7,24015,,,,,,,,,,,,,
10071,89,,,,,,,,,53,24,53,344554200000343200000000535500000007254344230000252433224332422432332224,,00006400,,,,,,,,45,13,0,1,1,6400,,33255325544353455524342435323524534432542423444452245344235524232322334224425324,AACBBACBBDDABADBBBCDADCDABACABCDBADDACBDCDCADDDDBCCDBADDCABBCDCACACCAADCCDDCBACD,AABCABBCBDADABBDBBCDADCDABACABCDABDDACBDCDACDDDDBCCDABDDACBBCDACACCCAACDCDCDABCD,,,5,6400,,,,,L_T1_GTR___standard,,,,,L_T1_GTR03_33000001,,,,,42,24,335440000000534350000000523355300007524342322200244000000000440000000000,,bb90a133,,,,,,,,44,0,7,bb90a133,11970,24015,,332553255443534555243424353235245344325424234444522453442355242323223342,AACBBACBBDDABADBBBCDADCDABACABCDBADDACBDCDCADDDDBCCDBADDCABBCDCACACCAADC,AABCABBCBDADABBDBBCDADCDABACABCDABDDACBDCDACDDDDBCCDABDDACBBCDACACCCAACD,,,7,24015,,,,,,,,,,,,,
10115,90,,,,,,,,,24,53,34,344554200000343250000000535530000007254344230000252433224332422432332224,,00006409,,,,,,,,46,14,0,9,9,6409,,3325532554435345552434243532352453443254242344445224534423552423232233422442532453,AACBBACBBDDABADBBBCDADCDABACABCDBADDACBDCDCADDDDBCCDBADDCABBCDCACACCAADCCDDCBACDBA,AABCABBCBDADABBDBBCDADCDABACABCDABDDACBDCDACDDDDBCCDABDDACBBCDACACCCAACDCDCDABCDAB,,,5,6409,,,,,L_T1_GTR___standard,,,,,L_T1_GTR03_33000001,,,,,42,24,335440000000534350000000523355300007524342322200244000000000440000000000,,bb90a133,,,,,,,,44,0,7,bb90a133,11970,24015,,332553255443534555243424353235245344325424234444522453442355242323223342,AACBBACBBDDABADBBBCDADCDABACABCDBADDACBDCDCADDDDBCCDBADDCABBCDCACACCAADC,AABCABBCBDADABBDBBCDADCDABACABCDABDDACBDCDACDDDDBCCDABDDACBBCDACACCCAACD,,,7,24015,,,,,,,,,,,,,
10151,91,,,,,,,,,24,53,34,344554200000343250000000535530000007254344230000252433224332422432332224,,00006409,,,,,,,,46,14,0,9,9,6409,,3325532554435345552434243532352453443254242344445224534423552423232233422442532453,AACBBACBBDDABADBBBCDADCDABACABCDBADDACBDCDCADDDDBCCDBADDCABBCDCACACCAADCCDDCBACDBA,AABCABBCBDADABBDBBCDADCDABACABCDABDDACBDCDACDDDDBCCDABDDACBBCDACACCCAACDCDCDABCDAB,,,5,6409,,,,,L_T1_GTR___standard,,,,,L_T1_GTR03_33000001,,,,42,24,42,335440000000534500000000525530000007524232220000200000000000000000000000,,00024022,,,,,,,,45,1,0,7,7,24022,,33255325544353455524342435323524534432542423444452245344235524232322334224,AACBBACBBDDABADBBBCDADCDABACABCDBADDACBDCDCADDDDBCCDBADDCABBCDCACACCAADCCD,AABCABBCBDADABBDBBCDADCDABACABCDABDDACBDCDACDDDDBCCDABDDACBBCDACACCCAACDCD,,,7,24022,,,,,,,,,,,,,
10194,92,,,,,,,,,24,53,34,344554200000343250000000535530000007254344230000252433224332422432332224,,00006409,,,,,,,,46,14,0,9,9,6409,,3325532554435345552434243532352453443254242344445224534423552423232233422442532453,AACBBACBBDDABADBBBCDADCDABACABCDBADDACBDCDCADDDDBCCDBADDCABBCDCACACCAADCCDDCBACDBA,AABCABBCBDADABBDBBCDADCDABACABCDABDDACBDCDACDDDDBCCDABDDACBBCDACACCCAACDCDCDABCDAB,,,5,6409,,,,,L_T1_GTR___standard,,,,,L_T1_GTR03_33000001,,,,24,42,53,335440000000534542000000525530000007524232220000200000000000000000000000,,00024031,,,,,,,,46,2,0,9,9,24031,,3325532554435345552434243532352453443254242344445224534423552423232233422442,AACBBACBBDDABADBBBCDADCDABACABCDBADDACBDCDCADDDDBCCDBADDCABBCDCACACCAADCCDDC,AABCABBCBDADABBDBBCDADCDABACABCDABDDACBDCDACDDDDBCCDABDDACBBCDACACCCAACDCDCD,,,7,24031,,,,,,,,,,,,,
10231,93,,,,,,,,,53,34,53,344554242666343256666600535536666607254344236666252433224332422432332224,,00006415,,,,,,,,47,15,0,6,6,6415,,332553255443534555243424353235245344325424234444522453442355242323223342244253245334,AACBBACBBDDABADBBBCDADCDABACABCDBADDACBDCDCADDDDBCCDBADDCABBCDCACACCAADCCDDCBACDBAAD,AABCABBCBDADABBDBBCDADCDABACABCDABDDACBDCDACDDDDBCCDABDDACBBCDACACCCAACDCDCDABCDABAD,,,5,6415,,,,,L_T1_GTR___standard,,,,,L_T1_GTR03_33000001,,,,24,42,53,335440000000534542000000525530000007524232220000200000000000000000000000,,00024031,,,,,,,,46,2,0,9,9,24031,,3325532554435345552434243532352453443254242344445224534423552423232233422442,AACBBACBBDDABADBBBCDADCDABACABCDBADDACBDCDCADDDDBCCDBADDCABBCDCACACCAADCCDDC,AABCABBCBDADABBDBBCDADCDABACABCDABDDACBDCDACDDDDBCCDABDDACBBCDACACCCAACDCDCD,,,7,24031,,,,,,,,,,,,,
10238,94,,,,,,,,,53,34,53,344554242666343256666600535536666607254344236666252433224332422432332224,,00006415,,,,,,,,47,15,0,6,6,6415,,332553255443534555243424353235245344325424234444522453442355242323223342244253245334,AACBBACBBDDABADBBBCDADCDABACABCDBADDACBDCDCADDDDBCCDBADDCABBCDCACACCAADCCDDCBACDBAAD,AABCABBCBDADABBDBBCDADCDABACABCDABDDACBDCDACDDDDBCCDABDDACBBCDACACCCAACDCDCDABCDABAD,,,5,6415,,,,,L_T1_GTR___standard,,,,,L_T1_GTR03_33000001,,,,42,53,24,335442400000534542000000525530000007524232220000200000000000000000000000,,00024039,,,,,,,,47,3,0,8,8,24039,,332553255443534555243424353235245344325424234444522453442355242323223342244253,AACBBACBBDDABADBBBCDADCDABACABCDBADDACBDCDCADDDDBCCDBADDCABBCDCACACCAADCCDDCBA,AABCABBCBDADABBDBBCDADCDABACABCDABDDACBDCDACDDDDBCCDABDDACBBCDACACCCAACDCDCDAB,,,7,24039,,,,,,,,,,,,,
10292,95,,,,,,,,,53,34,53,344554242666343256666600535536666607254344236666252433224332422432332224,,00006415,,,,,,,,47,15,0,6,6,6415,,332553255443534555243424353235245344325424234444522453442355242323223342244253245334,AACBBACBBDDABADBBBCDADCDABACABCDBADDACBDCDCADDDDBCCDBADDCABBCDCACACCAADCCDDCBACDBAAD,AABCABBCBDADABBDBBCDADCDABACABCDABDDACBDCDACDDDDBCCDABDDACBBCDACACCCAACDCDCDABCDABAD,,,5,6415,,,,,L_T1_GTR___standard,,,,,L_T1_GTR03_33000001,,,,53,24,53,335442400000534542000000525530000007524232220000200000000000240000000000,,00024051,,,,,,,,48,4,0,12,12,24051,,33255325544353455524342435323524534432542423444452245344235524232322334224425324,AACBBACBBDDABADBBBCDADCDABACABCDBADDACBDCDCADDDDBCCDBADDCABBCDCACACCAADCCDDCBACD,AABCABBCBDADABBDBBCDADCDABACABCDABDDACBDCDACDDDDBCCDABDDACBBCDACACCCAACDCDCDABCD,,,7,24051,,,,,,,,,,,,,
10307,96,,,,,,,,,,34,53,340004242666340156666666535536666653254344236666200000224332400000332224,,00006417,,,,,lose,,,48,15,0,2,2,6417,,332553255443534555243424353235245344325424234444522453442355242323223342244253245334,AACBBACBBDDABADBBBCDADCDABACABCDBADDACBDCDCADDDDBCCDBADDCABBCDCACACCAADCCDDCBACDBAAD,AABCABBCBDADABBDBBCDADCDABACABCDABDDACBDCDACDDDDBCCDABDDACBBCDACACCCAACDCDCDABCDABAD,,,5,6417,,,,,L_T1_GTR___standard,,,,,L_T1_GTR03_33000001,,,,53,24,53,335442400000534542000000525530000007524232220000200000000000240000000000,,00024051,,,,,,,,48,4,0,12,12,24051,,33255325544353455524342435323524534432542423444452245344235524232322334224425324,AACBBACBBDDABADBBBCDADCDABACABCDBADDACBDCDCADDDDBCCDBADDCABBCDCACACCAADCCDDCBACD,AABCABBCBDADABBDBBCDADCDABACABCDABDDACBDCDACDDDDBCCDABDDACBBCDACACCCAACDCDCDABCD,,,7,24051,,,,,,,,,,,,,
10325,96,,,,,,,,,,34,53,340004242666340156666666535536666653254344236666200000224332400000332224,,00006417,,,,,lose,,,48,15,0,2,2,6417,,332553255443534555243424353235245344325424234444522453442355242323223342244253245334,AACBBACBBDDABADBBBCDADCDABACABCDBADDACBDCDCADDDDBCCDBADDCABBCDCACACCAADCCDDCBACDBAAD,AABCABBCBDADABBDBBCDADCDABACABCDABDDACBDCDACDDDDBCCDABDDACBBCDACACCCAACDCDCDABCDABAD,,,5,6417,,,,,L_T1_GTR___standard,,,,,L_T1_GTR03_33000001,,,,,24,53,335442453000534542000000525530000007524232220000200000000000240000000000,,00024057,,,,,win,,,49,4,0,6,6,24057,,33255325544353455524342435323524534432542423444452245344235524232322334224425324,AACBBACBBDDABADBBBCDADCDABACABCDBADDACBDCDCADDDDBCCDBADDCABBCDCACACCAADCCDDCBACD,AABCABBCBDADABBDBBCDADCDABACABCDABDDACBDCDACDDDDBCCDABDDACBBCDACACCCAACDCDCDABCD,,,7,24057,,,,,,,,,,,,,
