68207,0,,,,,,,,,,15,25,000000000000000000000000000000000007000000000000000000000000000000000000,000000,00000000,,,,,,,,0,0,0,0,0,0,,15,AB,AB,,,0,0,,,,,,,,,,,,,,,15,25,000000000000000000000000000000000007000000000000000000000000000000000000,000000,00000000,,,,,,,,0,0,0,0,0,0,,15,AB,AB,,,0,0,,,,,,,,,,,,,
68358,2,,,,,,,,,15,25,51,000000000000000000000000000000000007000000000000000000000000000000000000,,00000000,,,,,,,,1,1,0,0,0,0,,1525,BACA,ABAC,,,0,0,,,,,,,,,,,,,,15,25,51,000000000000000000000000000000000007000000000000000000000000000000000000,,00000000,,,,,,,,1,1,0,0,0,0,,1525,BACA,ABAC,,,0,0,,,,,,,,,,,,,
68409,4,,,,,,,,,25,51,22,510000000000000000000000000000000007000000000000000000000000000000000000,,00000012,,,,,,,,2,2,0,12,12,12,,152551,BACAAB,ABACAB,,,0,12,,,,,,,,,,,,,,25,51,22,000000000000500000000000100000000007000000000000000000000000000000000000,,00000013,,,,,,,,2,2,0,13,13,13,,152551,BACAAB,ABACAB,,,0,13,,,,,,,,,,,,,
68457,5,,,,,,,,,25,51,22,510000000000000000000000000000000007000000000000000000000000000000000000,,00000012,,,,,,,,2,2,0,12,12,12,,152551,BACAAB,ABACAB,,,0,12,,,,,,,,,,,,,,51,22,24,520000000000500000000000100000000007000000000000000000000000000000000000,,00000024,,,,,,,,3,3,0,11,11,24,,15255122,BACAABCC,ABACABCC,,,0,24,,,,,,,,,,,,,
68459,6,,,,,,,,,51,22,24,510000000000500000000000200000000007000000000000000000000000000000000000,,00000025,,,,,,,,3,3,0,13,13,25,,15255122,BACAABCC,ABACABCC,,,0,25,,,,,,,,,,,,,,51,22,24,520000000000500000000000100000000007000000000000000000000000000000000000,,00000024,,,,,,,,3,3,0,11,11,24,,15255122,BACAABCC,ABACABCC,,,0,24,,,,,,,,,,,,,
68505,7,,,,,,,,,51,22,24,510000000000500000000000200000000007000000000000000000000000000000000000,,00000025,,,,,,,,3,3,0,13,13,25,,15255122,BACAABCC,ABACABCC,,,0,25,,,,,,,,,,,,,,22,24,54,520000000000500000000000151000000007000000000000000000000000000000000000,,00000036,,,,,,,,4,4,0,12,12,36,,1525512224,BACAABCCCD,ABACABCCCD,,,0,36,,,,,,,,,,L_T1_GTR03_31110001,,,
68507,8,,,,,,,,,22,24,54,510000000000510000000000250000000007000000000000000000000000000000000000,,00000037,,,,,,,,4,4,0,12,12,37,,1525512224,BACAABCCCD,ABACABCCCD,,,0,37,,,,,,,,,,,,,,22,24,54,520000000000500000000000151000000007000000000000000000000000000000000000,,00000036,,,,,,,,4,4,0,12,12,36,,1525512224,BACAABCCCD,ABACABCCCD,,,0,36,,,,,,,,,,L_T1_GTR03_31110001,,,
68557,9,,,,,,,,,24,54,22,510000000000510000000000250000000007220000000000000000000000000000000000,,00000049,,,,,,,,5,5,0,12,12,49,,152551222454,BACAABCCCDAD,ABACABCCCDAD,,,0,49,,,,,,,,,,L_T1_GTR03_33000002/L_T1_GTR03_32100001,,,,22,24,54,520000000000500000000000151000000007000000000000000000000000000000000000,,00000036,,,,,,,,4,4,0,12,12,36,,1525512224,BACAABCCCD,ABACABCCCD,,,0,36,,,,,,,,,,L_T1_GTR03_31110001,,,
68573,10,,,,,,,,,24,54,22,510000000000510000000000250000000007220000000000000000000000000000000000,,00000049,,,,,,,,5,5,0,12,12,49,,152551222454,BACAABCCCDAD,ABACABCCCDAD,,,0,49,,,,,,,,,,L_T1_GTR03_33000002/L_T1_GTR03_32100001,,,,24,54,22,522000000000520000000000151000000007000000000000000000000000000000000000,,00000047,,,,,,,,5,5,0,11,11,47,,152551222454,BACAABCCCDAD,ABACABCCCDAD,,,0,47,,,,,,,,,,,,,
68602,11,,,,,,,,,54,22,14,510000000000510000000000252000000007224000000000000000000000000000000000,,00000060,,,,,,,,6,6,0,11,11,60,,15255122245422,BACAABCCCDADCC,ABACABCCCDADCC,,,0,60,,,,,,,,,,L_T1_GTR03_33000002/L_T1_GTR03_32100001,,,,24,54,22,522000000000520000000000151000000007000000000000000000000000000000000000,,00000047,,,,,,,,5,5,0,11,11,47,,152551222454,BACAABCCCDAD,ABACABCCCDAD,,,0,47,,,,,,,,,,,,,
68617,12,,,,,,,,,54,22,14,510000000000510000000000252000000007224000000000000000000000000000000000,,00000060,,,,,,,,6,6,0,11,11,60,,15255122245422,BACAABCCCDADCC,ABACABCCCDADCC,,,0,60,,,,,,,,,,L_T1_GTR03_33000002/L_T1_GTR03_32100001,,,,54,22,14,522420000000520000000000151000000007000000000000000000000000000000000000,,00000056,,,,,,,,6,6,0,9,9,56,,15255122245422,BACAABCCCDADCC,ABACABCCCDADCC,,,0,56,,,,,,,,,,,,,
68658,13,,,,,,,,,22,14,12,510000000000510000000000252000000007224000000000400000000000500000000000,,00000073,,,,,,,,7,7,0,13,13,73,,1525512224542214,BACAABCCCDADCCBD,ABACABCCCDADCCBD,,,0,73,,,,,,,,,,L_T1_GTR03_33000002/L_T1_GTR03_32100001,,,,54,22,14,522420000000520000000000151000000007000000000000000000000000000000000000,,00000056,,,,,,,,6,6,0,9,9,56,,15255122245422,BACAABCCCDADCC,ABACABCCCDADCC,,,0,56,,,,,,,,,,,,,
68667,14,,,,,,,,,22,14,12,510000000000510000000000252000000007224000000000400000000000500000000000,,00000073,,,,,,,,7,7,0,13,13,73,,1525512224542214,BACAABCCCDADCCBD,ABACABCCCDADCCBD,,,0,73,,,,,,,,,,L_T1_GTR03_33000002/L_T1_GTR03_32100001,,,,22,14,12,522420000000525400000000151000000007000000000000000000000000000000000000,,00000067,,,,,,,,7,7,0,11,11,67,,1525512224542214,BACAABCCCDADCCBD,ABACABCCCDADCCBD,,,0,67,,,,,L_T1_GTR___standard,,,,,L_T1_GTR03_33000001,,,
68703,15,,,,,,,,,14,12,44,510000000000510000000000252000000007224220000000400000000000500000000000,,00000082,,,,,,,,8,8,0,9,9,82,,152551222454221412,BACAABCCCDADCCBDBC,ABACABCCCDADCCBDBC,,,0,82,,,,,,,,,,L_T1_GTR03_33000002/L_T1_GTR03_32100001,,,,22,14,12,522420000000525400000000151000000007000000000000000000000000000000000000,,00000067,,,,,,,,7,7,0,11,11,67,,1525512224542214,BACAABCCCDADCCBD,ABACABCCCDADCCBD,,,0,67,,,,,L_T1_GTR___standard,,,,,L_T1_GTR03_33000001,,,
68707,16,,,,,,,,,14,12,44,510000000000510000000000252000000007224220000000400000000000500000000000,,00000082,,,,,,,,8,8,0,9,9,82,,152551222454221412,BACAABCCCDADCCBDBC,ABACABCCCDADCCBDBC,,,0,82,,,,,,,,,,L_T1_GTR03_33000002/L_T1_GTR03_32100001,,,,14,12,44,522422200000525400000000151000000007000000000000000000000000000000000000,,00000074,,,,,,,,8,8,0,7,7,74,,152551222454221412,BACAABCCCDADCCBDBC,ABACABCCCDADCCBDBC,,,0,74,,,,,L_T1_GTR___standard,,,,,L_T1_GTR03_33000001,,,
68757,17,,,,,,,,,12,44,24,510000000000510000000000252000000007224220000000441000000000500000000000,,00000093,,,,,,,,9,9,0,11,11,93,,15255122245422141244,BACAABCCCDADCCBDBCDD,ABACABCCCDADCCBDBCDD,,,0,93,,,,,,,,,,L_T1_GTR03_33000002/L_T1_GTR03_32100001,,,,14,12,44,522422200000525400000000151000000007000000000000000000000000000000000000,,00000074,,,,,,,,8,8,0,7,7,74,,152551222454221412,BACAABCCCDADCCBDBC,ABACABCCCDADCCBDBC,,,0,74,,,,,L_T1_GTR___standard,,,,,L_T1_GTR03_33000001,,,
68769,18,,,,,,,,,12,44,24,510000000000510000000000252000000007224220000000441000000000500000000000,,00000093,,,,,,,,9,9,0,11,11,93,,15255122245422141244,BACAABCCCDADCCBDBCDD,ABACABCCCDADCCBDBCDD,,,0,93,,,,,,,,,,L_T1_GTR03_33000002/L_T1_GTR03_32100001,,,,12,44,24,522422200000525440000000151100000007000000000000000000000000000000000000,,00000083,,,,,,,,9,9,0,9,9,83,,15255122245422141244,BACAABCCCDADCCBDBCDD,ABACABCCCDADCCBDBCDD,,,0,83,,,,,L_T1_GTR___standard,,,,,L_T1_GTR03_33000001,,,
68805,19,,,,,,,,,44,24,15,511200000000510000000000252000000007224220000000441000000000500000000000,,00000104,,,,,,,,10,10,0,11,11,104,,1525512224542214124424,BACAABCCCDADCCBDBCDDCD,ABACABCCCDADCCBDBCDDCD,,,0,104,,,,,,,,,,L_T1_GTR03_33000002/L_T1_GTR03_32100001,,,,12,44,24,522422200000525440000000151100000007000000000000000000000000000000000000,,00000083,,,,,,,,9,9,0,9,9,83,,15255122245422141244,BACAABCCCDADCCBDBCDD,ABACABCCCDADCCBDBCDD,,,0,83,,,,,L_T1_GTR___standard,,,,,L_T1_GTR03_33000001,,,
68819,20,,,,,,,,,44,24,15,511200000000510000000000252000000007224220000000441000000000500000000000,,00000104,,,,,,,,10,10,0,11,11,104,,1525512224542214124424,BACAABCCCDADCCBDBCDDCD,ABACABCCCDADCCBDBCDDCD,,,0,104,,,,,,,,,,L_T1_GTR03_33000002/L_T1_GTR03_32100001,,,,44,24,15,522422200000525440000000151100000007210000000000000000000000000000000000,,00000095,,,,,,,,10,10,0,12,12,95,,1525512224542214124424,BACAABCCCDADCCBDBCDDCD,ABACABCCCDADCCBDBCDDCD,,,0,95,,,,,L_T1_GTR___standard,,,,,L_T1_GTR03_33000001/L_T1_GTR03_32100001,,,
68849,21,,,,,,,,,24,15,22,511200000000510000000000252440000007224220000000441000000000500000000000,,00000113,,,,,,,,11,11,0,9,9,113,,152551222454221412442415,BACAABCCCDADCCBDBCDDCDBA,ABACABCCCDADCCBDBCDDCDAB,,,0,113,,,,,,,,,,L_T1_GTR03_33000002/L_T1_GTR03_32100001,,,,44,24,15,522422200000525440000000151100000007210000000000000000000000000000000000,,00000095,,,,,,,,10,10,0,12,12,95,,1525512224542214124424,BACAABCCCDADCCBDBCDDCD,ABACABCCCDADCCBDBCDDCD,,,0,95,,,,,L_T1_GTR___standard,,,,,L_T1_GTR03_33000001/L_T1_GTR03_32100001,,,
68857,22,,,,,,,,,24,15,22,511200000000510000000000252440000007224220000000441000000000500000000000,,00000113,,,,,,,,11,11,0,9,9,113,,152551222454221412442415,BACAABCCCDADCCBDBCDDCDBA,ABACABCCCDADCCBDBCDDCDAB,,,0,113,,,,,,,,,,L_T1_GTR03_33000002/L_T1_GTR03_32100001,,,,24,15,22,522422244000525440000000151100000007210000000000000000000000000000000000,,00000100,,,,,,,,11,11,0,5,5,100,,152551222454221412442415,BACAABCCCDADCCBDBCDDCDBA,ABACABCCCDADCCBDBCDDCDAB,,,0,100,,,,,L_T1_GTR___standard,,,,,L_T1_GTR03_33000001/L_T1_GTR03_32100001,,,
68895,23,,,,,,,,,15,22,21,511224000000510000000000252440000007224220000000441000000000500000000000,,00000122,,,,,,,,12,12,0,9,9,122,,15255122245422141244241522,BACAABCCCDADCCBDBCDDCDBACC,ABACABCCCDADCCBDBCDDCDABCC,,,0,122,,,,,,,,,,L_T1_GTR03_33000002/L_T1_GTR03_32100001,,,,24,15,22,522422244000525440000000151100000007210000000000000000000000000000000000,,00000100,,,,,,,,11,11,0,5,5,100,,152551222454221412442415,BACAABCCCDADCCBDBCDDCDBA,ABACABCCCDADCCBDBCDDCDAB,,,0,100,,,,,L_T1_GTR___standard,,,,,L_T1_GTR03_33000001/L_T1_GTR03_32100001,,,
68911,24,,,,,,,,,15,22,21,511224000000510000000000252440000007224220000000441000000000500000000000,,00000122,,,,,,,,12,12,0,9,9,122,,15255122245422141244241522,BACAABCCCDADCCBDBCDDCDBACC,ABACABCCCDADCCBDBCDDCDABCC,,,0,122,,,,,,,,,,L_T1_GTR03_33000002/L_T1_GTR03_32100001,,,,15,22,21,522422244000525440000000151100000007210000000000200000000000400000000000,,00000113,,,,,,,,12,12,0,13,13,113,,15255122245422141244241522,BACAABCCCDADCCBDBCDDCDBACC,ABACABCCCDADCCBDBCDDCDABCC,,,0,113,,,,,L_T1_GTR___standard,,,,,L_T1_GTR03_33000001,,,
68941,25,,,,,,,,,22,21,51,511224000000510000000000252440000007224200000000441510000000500000000000,,00000131,,,,,,,,13,13,0,9,9,131,,1525512224542214124424152221,BACAABCCCDADCCBDBCDDCDBACCCB,ABACABCCCDADCCBDBCDDCDABCCBC,,,0,131,,,,,,,,,,L_T1_GTR03_33000002/L_T1_GTR03_32100001,,,,15,22,21,522422244000525440000000151100000007210000000000200000000000400000000000,,00000113,,,,,,,,12,12,0,13,13,113,,15255122245422141244241522,BACAABCCCDADCCBDBCDDCDBACC,ABACABCCCDADCCBDBCDDCDABCC,,,0,113,,,,,L_T1_GTR___standard,,,,,L_T1_GTR03_33000001,,,
68981,26,,,,,,,,,22,21,51,511224000000510000000000252440000007224200000000441510000000500000000000,,00000131,,,,,,,,13,13,0,9,9,131,,1525512224542214124424152221,BACAABCCCDADCCBDBCDDCDBACCCB,ABACABCCCDADCCBDBCDDCDABCCBC,,,0,131,,,,,,,,,,L_T1_GTR03_33000002/L_T1_GTR03_32100001,,,,22,21,51,522422244000525440000000151100000007215000000000210000000000400000000000,,00000124,,,,,,,,13,13,0,11,11,124,,1525512224542214124424152221,BACAABCCCDADCCBDBCDDCDBACCCB,ABACABCCCDADCCBDBCDDCDABCCBC,,,0,124,,,,,L_T1_GTR___standard,,,,,L_T1_GTR03_33000001,,,
68983,27,,,,,,,,,21,51,22,511224000000510000000000252440000007224220000000441512200000500000000000,,00000138,,,,,,,,14,14,0,7,7,138,,152551222454221412442415222151,BACAABCCCDADCCBDBCDDCDBACCCBAB,ABACABCCCDADCCBDBCDDCDABCCBCAB,,,0,138,,,,,,,,,,L_T1_GTR03_33000002/L_T1_GTR03_32100001,,,,22,21,51,522422244000525440000000151100000007215000000000210000000000400000000000,,00000124,,,,,,,,13,13,0,11,11,124,,1525512224542214124424152221,BACAABCCCDADCCBDBCDDCDBACCCB,ABACABCCCDADCCBDBCDDCDABCCBC,,,0,124,,,,,L_T1_GTR___standard,,,,,L_T1_GTR03_33000001,,,
69023,28,,,,,,,,,51,22,51,511224000000510000000000252440000007224220000000441512221000500000000000,,00000144,,,,,,,,15,15,0,6,6,144,,15255122245422141244241522215122,BACAABCCCDADCCBDBCDDCDBACCCBABCC,ABACABCCCDADCCBDBCDDCDABCCBCABCC,,,0,144,,,,,,,,,,L_T1_GTR03_33000002/L_T1_GTR03_32100001,,,,22,21,51,522422244000525440000000151100000007215000000000210000000000400000000000,,00000124,,,,,,,,13,13,0,11,11,124,,1525512224542214124424152221,BACAABCCCDADCCBDBCDDCDBACCCB,ABACABCCCDADCCBDBCDDCDABCCBC,,,0,124,,,,,L_T1_GTR___standard,,,,,L_T1_GTR03_33000001,,,
69032,29,,,,,,,,,51,22,51,511224000000510000000000252440000007224220000000441512221000500000000000,,00000144,,,,,,,,15,15,0,6,6,144,,15255122245422141244241522215122,BACAABCCCDADCCBDBCDDCDBACCCBABCC,ABACABCCCDADCCBDBCDDCDABCCBCABCC,,,0,144,,,,,,,,,,L_T1_GTR03_33000002/L_T1_GTR03_32100001,,,,21,51,22,522422244000525440000000151100000007215000000000210000000000422000000000,,00000135,,,,,,,,14,14,0,11,11,135,,152551222454221412442415222151,BACAABCCCDADCCBDBCDDCDBACCCBAB,ABACABCCCDADCCBDBCDDCDABCCBCAB,,,0,135,,,,,L_T1_GTR___standard,,,,,L_T1_GTR03_33000001,,,
69103,31,,,,,,,,,22,51,51,511224000000510000000000252440000007224220000000441512221100550000000000,,00000148,,,,,,,,16,16,0,4,4,148,,1525512224542214124424152221512251,BACAABCCCDADCCBDBCDDCDBACCCBABCCAB,ABACABCCCDADCCBDBCDDCDABCCBCABCCAB,,,0,148,,,,,,,,,,L_T1_GTR03_33000002/L_T1_GTR03_32100001,,,,51,22,51,522422244000525440000000151100000007215000000000212000000000422100000000,,00000145,,,,,,,,15,15,0,10,10,145,,15255122245422141244241522215122,BACAABCCCDADCCBDBCDDCDBACCCBABCC,ABACABCCCDADCCBDBCDDCDABCCBCABCC,,,0,145,,,,,L_T1_GTR___standard,,,,,L_T1_GTR03_33000001,,,
69141,32,,,,,,,,,51,51,24,511224000000510000000000252442200007224220000000441512221100550000000000,,00000155,,,,,,,,17,17,0,7,7,155,,152551222454221412442415222151225151,BACAABCCCDADCCBDBCDDCDBACCCBABCCABAB,ABACABCCCDADCCBDBCDDCDABCCBCABCCABAB,,,0,155,,,,,,,,,,L_T1_GTR03_33000002/L_T1_GTR03_32100001,,,,51,22,51,522422244000525440000000151100000007215000000000212000000000422100000000,,00000145,,,,,,,,15,15,0,10,10,145,,15255122245422141244241522215122,BACAABCCCDADCCBDBCDDCDBACCCBABCC,ABACABCCCDADCCBDBCDDCDABCCBCABCC,,,0,145,,,,,L_T1_GTR___standard,,,,,L_T1_GTR03_33000001,,,
69149,33,,,,,,,,,51,51,24,511224000000510000000000252442200007224220000000441512221100550000000000,,00000155,,,,,,,,17,17,0,7,7,155,,152551222454221412442415222151225151,BACAABCCCDADCCBDBCDDCDBACCCBABCCABAB,ABACABCCCDADCCBDBCDDCDABCCBCABCCABAB,,,0,155,,,,,,,,,,L_T1_GTR03_33000002/L_T1_GTR03_32100001,,,,22,51,51,522422244000525440000000151100000007215510000000212000000000422100000000,,00000155,,,,,,,,16,16,0,10,10,155,,1525512224542214124424152221512251,BACAABCCCDADCCBDBCDDCDBACCCBABCCAB,ABACABCCCDADCCBDBCDDCDABCCBCABCCAB,,,0,155,,,,,L_T1_GTR___standard,,,,,L_T1_GTR03_33000001,,,
69189,34,,,,,,,,,51,51,24,511224000000510000000000252442200007224220000000441512221100550000000000,,00000155,,,,,,,,17,17,0,7,7,155,,152551222454221412442415222151225151,BACAABCCCDADCCBDBCDDCDBACCCBABCCABAB,ABACABCCCDADCCBDBCDDCDABCCBCABCCABAB,,,0,155,,,,,,,,,,L_T1_GTR03_33000002/L_T1_GTR03_32100001,,,,51,51,24,522422244000525440000000151122000007215510000000212000000000422100000000,,00000163,,,,,,,,17,17,0,8,8,163,,152551222454221412442415222151225151,BACAABCCCDADCCBDBCDDCDBACCCBABCCABAB,ABACABCCCDADCCBDBCDDCDABCCBCABCCABAB,,,0,163,,,,,L_T1_GTR___standard,,,,,L_T1_GTR03_33000001,,,
69193,35,,,,,,,,,51,24,45,511224000000510000000000252442200007224220000000441512221100555100000000,,00000166,,,,,,,,18,18,0,11,11,166,,15255122245422141244241522215122515124,BACAABCCCDADCCBDBCDDCDBACCCBABCCABABCD,ABACABCCCDADCCBDBCDDCDABCCBCABCCABABCD,,,0,166,,,,,,,,,,L_T1_GTR03_33000002/L_T1_GTR03_32100001,,,,51,51,24,522422244000525440000000151122000007215510000000212000000000422100000000,,00000163,,,,,,,,17,17,0,8,8,163,,152551222454221412442415222151225151,BACAABCCCDADCCBDBCDDCDBACCCBABCCABAB,ABACABCCCDADCCBDBCDDCDABCCBCABCCABAB,,,0,163,,,,,L_T1_GTR___standard,,,,,L_T1_GTR03_33000001,,,
69239,37,,,,,,,,,24,45,41,511224000000510000000000252442200007224220000000441512221100555115000000,,00000174,,,,,,,,19,19,0,8,8,174,,1525512224542214124424152221512251512445,BACAABCCCDADCCBDBCDDCDBACCCBABCCABABCDDA,ABACABCCCDADCCBDBCDDCDABCCBCABCCABABCDAD,,,0,174,,,,,,,,,,L_T1_GTR03_33000002/L_T1_GTR03_32100001,,,,51,24,45,522422244000525440000000151122000007215510000000212510000000422100000000,,00000173,,,,,,,,18,18,0,10,10,173,,15255122245422141244241522215122515124,BACAABCCCDADCCBDBCDDCDBACCCBABCCABABCD,ABACABCCCDADCCBDBCDDCDABCCBCABCCABABCD,,,0,173,,,,,L_T1_GTR___standard,,,,,L_T1_GTR03_33000001,,,
69279,38,,,,,,,,,45,41,24,511224420000510000000000252442200007224220000000441512221100555115000000,,00000180,,,,,,,,20,20,0,6,6,180,,152551222454221412442415222151225151244541,BACAABCCCDADCCBDBCDDCDBACCCBABCCABABCDDADB,ABACABCCCDADCCBDBCDDCDABCCBCABCCABABCDADBD,,,0,180,,,,,,,,,,L_T1_GTR03_33000002/L_T1_GTR03_32100001,,,,51,24,45,522422244000525440000000151122000007215510000000212510000000422100000000,,00000173,,,,,,,,18,18,0,10,10,173,,15255122245422141244241522215122515124,BACAABCCCDADCCBDBCDDCDBACCCBABCCABABCD,ABACABCCCDADCCBDBCDDCDABCCBCABCCABABCD,,,0,173,,,,,L_T1_GTR___standard,,,,,L_T1_GTR03_33000001,,,
69299,39,,,,,,,,,45,41,24,511224420000510000000000252442200007224220000000441512221100555115000000,,00000180,,,,,,,,20,20,0,6,6,180,,152551222454221412442415222151225151244541,BACAABCCCDADCCBDBCDDCDBACCCBABCCABABCDDADB,ABACABCCCDADCCBDBCDDCDABCCBCABCCABABCDADBD,,,0,180,,,,,,,,,,L_T1_GTR03_33000002/L_T1_GTR03_32100001,,,,24,45,41,522422244000525440000000151122100007215515000000212510000000422100000000,,00000180,,,,,,,,19,19,0,7,7,180,,1525512224542214124424152221512251512445,BACAABCCCDADCCBDBCDDCDBACCCBABCCABABCDDA,ABACABCCCDADCCBDBCDDCDABCCBCABCCABABCDAD,,,0,180,,,,,L_T1_GTR___standard,,,,,L_T1_GTR03_33000001,,,
69324,40,,,,,,,,,41,24,51,511224420000515400000000252442200007224220000000441512221100555115000000,,00000190,,,,,,,,21,21,0,10,10,190,,15255122245422141244241522215122515124454124,BACAABCCCDADCCBDBCDDCDBACCCBABCCABABCDDADBCD,ABACABCCCDADCCBDBCDDCDABCCBCABCCABABCDADBDCD,,,0,190,,,,,L_T1_GTR___standard,,,,,L_T1_GTR03_33000001/L_T1_GTR03_33000002/L_T1_GTR03_32100001,,,,24,45,41,522422244000525440000000151122100007215515000000212510000000422100000000,,00000180,,,,,,,,19,19,0,7,7,180,,1525512224542214124424152221512251512445,BACAABCCCDADCCBDBCDDCDBACCCBABCCABABCDDA,ABACABCCCDADCCBDBCDDCDABCCBCABCCABABCDAD,,,0,180,,,,,L_T1_GTR___standard,,,,,L_T1_GTR03_33000001,,,
69330,41,,,,,,,,,41,24,51,511224420000515400000000252442200007224220000000441512221100555115000000,,00000190,,,,,,,,21,21,0,10,10,190,,15255122245422141244241522215122515124454124,BACAABCCCDADCCBDBCDDCDBACCCBABCCABABCDDADBCD,ABACABCCCDADCCBDBCDDCDABCCBCABCCABABCDADBDCD,,,0,190,,,,,L_T1_GTR___standard,,,,,L_T1_GTR03_33000001/L_T1_GTR03_33000002/L_T1_GTR03_32100001,,,,,45,41,522422244000525442400000151122100007215515000000212510000000422100000000,,bb60abb3,,,,,,,,20,0,1,bb60abb3,180,360,,1525512224542214124424152221512251512445,BACAABCCCDADCCBDBCDDCDBACCCBABCCABABCDDA,ABACABCCCDADCCBDBCDDCDABCCBCABCCABABCDAD,,,1,360,,,,,L_T1_GTR___standard,,,,,L_T1_GTR03_33000001,,,
69392,42,,,,,,,,,24,51,55,511224420000515400000000252442200007224220000000441512221110555115400000,,00000193,,,,,,,,22,22,0,3,3,193,,1525512224542214124424152221512251512445412451,BACAABCCCDADCCBDBCDDCDBACCCBABCCABABCDDADBCDAB,ABACABCCCDADCCBDBCDDCDABCCBCABCCABABCDADBDCDAB,,,0,193,,,,,L_T1_GTR___standard,,,,,L_T1_GTR03_33000001/L_T1_GTR03_33000002/L_T1_GTR03_32100001,,,,,45,41,522422244000525442400000151122100007215515000000212510000000422100000000,,bb60abb3,,,,,,,,20,0,1,bb60abb3,180,360,,1525512224542214124424152221512251512445,BACAABCCCDADCCBDBCDDCDBACCCBABCCABABCDDA,ABACABCCCDADCCBDBCDDCDABCCBCABCCABABCDAD,,,1,360,,,,,L_T1_GTR___standard,,,,,L_T1_GTR03_33000001,,,
69414,43,,,,,,,,,24,51,55,511224420000515400000000252442200007224220000000441512221110555115400000,,00000193,,,,,,,,22,22,0,3,3,193,,1525512224542214124424152221512251512445412451,BACAABCCCDADCCBDBCDDCDBACCCBABCCABABCDDADBCDAB,ABACABCCCDADCCBDBCDDCDABCCBCABCCABABCDADBDCDAB,,,0,193,,,,,L_T1_GTR___standard,,,,,L_T1_GTR03_33000001/L_T1_GTR03_33000002/L_T1_GTR03_32100001,,,,,45,41,522444000000525444000000151110000007215515000000212510000000422100000000,,b110ab16,,,,,,,,21,0,2,b110ab16,1760,2120,,1525512224542214124424152221512251512445,BACAABCCCDADCCBDBCDDCDBACCCBABCCABABCDDA,ABACABCCCDADCCBDBCDDCDABCCBCABCCABABCDAD,,,2,2120,,,,,L_T1_GTR___standard,,,,,L_T1_GTR03_33000001,,,
69445,44,,,,,,,,,,51,55,511224420000515400000000252442240007224222000000441512221110555115400000,,bb80abb5,,,,,,,,23,0,1,bb80abb5,400,593,,1525512224542214124424152221512251512445412451,BACAABCCCDADCCBDBCDDCDBACCCBABCCABABCDDADBCDAB,ABACABCCCDADCCBDBCDDCDABCCBCABCCABABCDADBDCDAB,,,1,593,,,,,L_T1_GTR___standard,,,,,L_T1_GTR03_33000001/L_T1_GTR03_33000002/L_T1_GTR03_32100001,,,,,45,41,522444000000525444000000151110000007215515000000212510000000422100000000,,b110ab16,,,,,,,,21,0,2,b110ab16,1760,2120,,1525512224542214124424152221512251512445,BACAABCCCDADCCBDBCDDCDBACCCBABCCABABCDDA,ABACABCCCDADCCBDBCDDCDABCCBCABCCABABCDAD,,,2,2120,,,,,L_T1_GTR___standard,,,,,L_T1_GTR03_33000001,,,
69494,45,,,,,,,,,,51,55,511224420000515400000000252442240007224222000000441512221110555115400000,,bb80abb5,,,,,,,,23,0,1,bb80abb5,400,593,,1525512224542214124424152221512251512445412451,BACAABCCCDADCCBDBCDDCDBACCCBABCCABABCDDADBCDAB,ABACABCCCDADCCBDBCDDCDABCCBCABCCABABCDADBDCDAB,,,1,593,,,,,L_T1_GTR___standard,,,,,L_T1_GTR03_33000001/L_T1_GTR03_33000002/L_T1_GTR03_32100001,,,,,45,41,522000000000525000000000150000000007215550000000212500000000422100000000,,bb40ab16,,,,,,,,22,0,3,bb40ab16,640,2760,,1525512224542214124424152221512251512445,BACAABCCCDADCCBDBCDDCDBACCCBABCCABABCDDA,ABACABCCCDADCCBDBCDDCDABCCBCABCCABABCDAD,,,3,2760,,,,,L_T1_GTR___standard,,,,,L_T1_GTR03_33000001,,,
69528,46,,,,,,,,,,51,55,511224420000515400000000252440000007224000000000441511110000555115400000,,b100ab14,,,,,,,,24,0,2,b100ab14,1400,1993,,1525512224542214124424152221512251512445412451,BACAABCCCDADCCBDBCDDCDBACCCBABCCABABCDDADBCDAB,ABACABCCCDADCCBDBCDDCDABCCBCABCCABABCDADBDCDAB,,,2,1993,,,,,L_T1_GTR___standard,,,,,L_T1_GTR03_33000001/L_T1_GTR03_33000002/L_T1_GTR03_32100001,,,,,45,41,522000000000525000000000150000000007215550000000212500000000422100000000,,bb40ab16,,,,,,,,22,0,3,bb40ab16,640,2760,,1525512224542214124424152221512251512445,BACAABCCCDADCCBDBCDDCDBACCCBABCCABABCDDA,ABACABCCCDADCCBDBCDDCDABCCBCABCCABABCDAD,,,3,2760,,,,,L_T1_GTR___standard,,,,,L_T1_GTR03_33000001,,,
69559,47,,,,,,,,,,51,55,511224420000515400000000252440000007224000000000441511110000555115400000,,b100ab14,,,,,,,,24,0,2,b100ab14,1400,1993,,1525512224542214124424152221512251512445412451,BACAABCCCDADCCBDBCDDCDBACCCBABCCABABCDDADBCDAB,ABACABCCCDADCCBDBCDDCDABCCBCABCCABABCDADBDCDAB,,,2,1993,,,,,L_T1_GTR___standard,,,,,L_T1_GTR03_33000001/L_T1_GTR03_33000002/L_T1_GTR03_32100001,,,,45,41,24,522000000000525000000000150000000007210000000000212000000000422100000000,,00002768,,,,,,,,23,1,0,8,8,2768,,152551222454221412442415222151225151244541,BACAABCCCDADCCBDBCDDCDBACCCBABCCABABCDDADB,ABACABCCCDADCCBDBCDDCDABCCBCABCCABABCDADBD,,,3,2768,,,,,L_T1_GTR___standard,,,,,L_T1_GTR03_33000001,,,
69592,48,,,,,,,,,51,51,55,511224420000515000000000252000000007224000000000441500000000555055400000,,00001999,,,,,,,,25,1,0,6,6,1999,,152551222454221412442415222151225151244541245151,BACAABCCCDADCCBDBCDDCDBACCCBABCCABABCDDADBCDABAB,ABACABCCCDADCCBDBCDDCDABCCBCABCCABABCDADBDCDABAB,,,2,1999,,,,,L_T1_GTR___standard,,,,,L_T1_GTR03_33000001/L_T1_GTR03_33000002/L_T1_GTR03_32100001,,,,45,41,24,522000000000525000000000150000000007210000000000212000000000422100000000,,00002768,,,,,,,,23,1,0,8,8,2768,,152551222454221412442415222151225151244541,BACAABCCCDADCCBDBCDDCDBACCCBABCCABABCDDADB,ABACABCCCDADCCBDBCDDCDABCCBCABCCABABCDADBD,,,3,2768,,,,,L_T1_GTR___standard,,,,,L_T1_GTR03_33000001,,,
69613,49,,,,,,,,,51,51,55,511224420000515000000000252000000007224000000000441500000000555055400000,,00001999,,,,,,,,25,1,0,6,6,1999,,152551222454221412442415222151225151244541245151,BACAABCCCDADCCBDBCDDCDBACCCBABCCABABCDDADBCDABAB,ABACABCCCDADCCBDBCDDCDABCCBCABCCABABCDADBDCDABAB,,,2,1999,,,,,L_T1_GTR___standard,,,,,L_T1_GTR03_33000001/L_T1_GTR03_33000002/L_T1_GTR03_32100001,,,,41,24,51,522000000000525450000000150000000007210000000000212000000000422100000000,,00002778,,,,,,,,24,2,0,10,10,2778,,15255122245422141244241522215122515124454124,BACAABCCCDADCCBDBCDDCDBACCCBABCCABABCDDADBCD,ABACABCCCDADCCBDBCDDCDABCCBCABCCABABCDADBDCD,,,3,2778,,,,,L_T1_GTR___standard,,,,,L_T1_GTR03_33000001,,,
69620,50,,,,,,,,,,51,55,511224420000515000000000252000000007224000000000441500000000555540000000,,bb50ab18,,,,,,,,26,0,1,bb50ab18,900,2899,,152551222454221412442415222151225151244541245151,BACAABCCCDADCCBDBCDDCDBACCCBABCCABABCDDADBCDABAB,ABACABCCCDADCCBDBCDDCDABCCBCABCCABABCDADBDCDABAB,,,2,2899,,,,,L_T1_GTR___standard,,,,,L_T1_GTR03_33000001/L_T1_GTR03_33000002/L_T1_GTR03_32100001,,,,41,24,51,522000000000525450000000150000000007210000000000212000000000422100000000,,00002778,,,,,,,,24,2,0,10,10,2778,,15255122245422141244241522215122515124454124,BACAABCCCDADCCBDBCDDCDBACCCBABCCABABCDDADBCD,ABACABCCCDADCCBDBCDDCDABCCBCABCCABABCDADBDCD,,,3,2778,,,,,L_T1_GTR___standard,,,,,L_T1_GTR03_33000001,,,
69657,51,,,,,,,,,,51,55,511224420000515000000000252000000007224000000000441500000000555540000000,,bb50ab18,,,,,,,,26,0,1,bb50ab18,900,2899,,152551222454221412442415222151225151244541245151,BACAABCCCDADCCBDBCDDCDBACCCBABCCABABCDDADBCDABAB,ABACABCCCDADCCBDBCDDCDABCCBCABCCABABCDADBDCDABAB,,,2,2899,,,,,L_T1_GTR___standard,,,,,L_T1_GTR03_33000001/L_T1_GTR03_33000002/L_T1_GTR03_32100001,,,,24,51,55,522000000000525450000000151400000007210000000000212000000000422100000000,,00002788,,,,,,,,25,3,0,10,10,2788,,1525512224542214124424152221512251512445412451,BACAABCCCDADCCBDBCDDCDBACCCBABCCABABCDDADBCDAB,ABACABCCCDADCCBDBCDDCDABCCBCABCCABABCDADBDCDAB,,,3,2788,,,,,L_T1_GTR___standard,,,,,L_T1_GTR03_33000001,,,
69703,52,,,,,,,,,,51,55,511224420000515000000000252000000007224000000000441500000000555540000000,,bb50ab18,,,,,,,,26,0,1,bb50ab18,900,2899,,152551222454221412442415222151225151244541245151,BACAABCCCDADCCBDBCDDCDBACCCBABCCABABCDDADBCDABAB,ABACABCCCDADCCBDBCDDCDABCCBCABCCABABCDADBDCDABAB,,,2,2899,,,,,L_T1_GTR___standard,,,,,L_T1_GTR03_33000001/L_T1_GTR03_33000002/L_T1_GTR03_32100001,,,,51,55,22,522420000000525450000000151400000007210000000000212000000000422100000000,,00002797,,,,,,,,26,4,0,9,9,2797,,152551222454221412442415222151225151244541245155,BACAABCCCDADCCBDBCDDCDBACCCBABCCABABCDDADBCDABAA,ABACABCCCDADCCBDBCDDCDABCCBCABCCABABCDADBDCDABAA,,,3,2797,,,,,L_T1_GTR___standard/L_T1_GTR___zabuton_,,,,,L_T1_GTR03_33000001,,,
69714,53,,,,,,,,,51,55,22,511224420000515000000000252000000007224000000000441000000000400000000000,,00002899,,,,,,,,27,1,0,0,0,2899,,15255122245422141244241522215122515124454124515155,BACAABCCCDADCCBDBCDDCDBACCCBABCCABABCDDADBCDABABAA,ABACABCCCDADCCBDBCDDCDABCCBCABCCABABCDADBDCDABABAA,,,2,2899,,,,,L_T1_GTR___standard,,,,,L_T1_GTR03_33000001/L_T1_GTR03_33000002/L_T1_GTR03_32100001,,,,51,55,22,522420000000525450000000151400000007210000000000212000000000422100000000,,00002797,,,,,,,,26,4,0,9,9,2797,,152551222454221412442415222151225151244541245155,BACAABCCCDADCCBDBCDDCDBACCCBABCCABABCDDADBCDABAA,ABACABCCCDADCCBDBCDDCDABCCBCABCCABABCDADBDCDABAA,,,3,2797,,,,,L_T1_GTR___standard/L_T1_GTR___zabuton_,,,,,L_T1_GTR03_33000001,,,
69765,54,,,,,,,,,55,22,11,511224420000515000000000252000000007224100000000441500000000400000000000,,00002909,,,,,,,,28,2,0,10,10,2909,,1525512224542214124424152221512251512445412451515522,BACAABCCCDADCCBDBCDDCDBACCCBABCCABABCDDADBCDABABAACC,ABACABCCCDADCCBDBCDDCDABCCBCABCCABABCDADBDCDABABAACC,,,2,2909,,,,,L_T1_GTR___standard,,,,,L_T1_GTR03_33000001/L_T1_GTR03_33000002/L_T1_GTR03_32100001,,,,51,55,22,522420000000525450000000151400000007210000000000212000000000422100000000,,00002797,,,,,,,,26,4,0,9,9,2797,,152551222454221412442415222151225151244541245155,BACAABCCCDADCCBDBCDDCDBACCCBABCCABABCDDADBCDABAA,ABACABCCCDADCCBDBCDDCDABCCBCABCCABABCDADBDCDABAA,,,3,2797,,,,,L_T1_GTR___standard/L_T1_GTR___zabuton_,,,,,L_T1_GTR03_33000001,,,
69793,55,,,,,,,,,55,22,11,511224420000515000000000252000000007224100000000441500000000400000000000,,00002909,,,,,,,,28,2,0,10,10,2909,,1525512224542214124424152221512251512445412451515522,BACAABCCCDADCCBDBCDDCDBACCCBABCCABABCDDADBCDABABAACC,ABACABCCCDADCCBDBCDDCDABCCBCABCCABABCDADBDCDABABAACC,,,2,2909,,,,,L_T1_GTR___standard,,,,,L_T1_GTR03_33000001/L_T1_GTR03_33000002/L_T1_GTR03_32100001,,,,55,22,11,522420000000525456000000151451000007210000000000212000000000422160000000,,00002806,,,,,,,,27,5,0,9,9,2806,,15255122245422141244241522215122515124454124515522,BACAABCCCDADCCBDBCDDCDBACCCBABCCABABCDDADBCDABAACC,ABACABCCCDADCCBDBCDDCDABCCBCABCCABABCDADBDCDABAACC,,,3,2806,,,,,L_T1_GTR___standard/L_T1_GTR___zabuton_,,,,,L_T1_GTR03_33000001,,,
69817,56,,,,,,,,,22,11,14,511224420000515000000000252000000007224100000000441500000000455000000000,,00002920,,,,,,,,29,3,0,11,11,2920,,152551222454221412442415222151225151244541245151552211,BACAABCCCDADCCBDBCDDCDBACCCBABCCABABCDDADBCDABABAACCBB,ABACABCCCDADCCBDBCDDCDABCCBCABCCABABCDADBDCDABABAACCBB,,,2,2920,,,,,L_T1_GTR___standard,,,,,L_T1_GTR03_33000001/L_T1_GTR03_33000002/L_T1_GTR03_32100001,,,,55,22,11,522420000000525456000000151451000007210000000000212000000000422160000000,,00002806,,,,,,,,27,5,0,9,9,2806,,15255122245422141244241522215122515124454124515522,BACAABCCCDADCCBDBCDDCDBACCCBABCCABABCDDADBCDABAACC,ABACABCCCDADCCBDBCDDCDABCCBCABCCABABCDADBDCDABAACC,,,3,2806,,,,,L_T1_GTR___standard/L_T1_GTR___zabuton_,,,,,L_T1_GTR03_33000001,,,
69831,57,,,,,,,,,22,11,14,511224420000515000000000252000000007224100000000441500000000455000000000,,00002920,,,,,,,,29,3,0,11,11,2920,,152551222454221412442415222151225151244541245151552211,BACAABCCCDADCCBDBCDDCDBACCCBABCCABABCDDADBCDABABAACCBB,ABACABCCCDADCCBDBCDDCDABCCBCABCCABABCDADBDCDABABAACCBB,,,2,2920,,,,,L_T1_GTR___standard,,,,,L_T1_GTR03_33000001/L_T1_GTR03_33000002/L_T1_GTR03_32100001,,,,22,11,14,522420000000525456550000151451000007210000000000212000000000422160000000,,00002812,,,,,,,,28,6,0,6,6,2812,,1525512224542214124424152221512251512445412451552211,BACAABCCCDADCCBDBCDDCDBACCCBABCCABABCDDADBCDABAACCBB,ABACABCCCDADCCBDBCDDCDABCCBCABCCABABCDADBDCDABAACCBB,,,3,2812,,,,,L_T1_GTR___standard/L_T1_GTR___zabuton_,,,,,L_T1_GTR03_33000001,,,
69862,58,,,,,,,,,11,14,54,511224420000515000000000252000000007224100000000441500000000455220000000,,00002929,,,,,,,,30,4,0,9,9,2929,,15255122245422141244241522215122515124454124515155221114,BACAABCCCDADCCBDBCDDCDBACCCBABCCABABCDDADBCDABABAACCBBBD,ABACABCCCDADCCBDBCDDCDABCCBCABCCABABCDADBDCDABABAACCBBBD,,,2,2929,,,,,L_T1_GTR___standard,,,,,L_T1_GTR03_33000001/L_T1_GTR03_33000002/L_T1_GTR03_32100001,,,,22,11,14,522420000000525456550000151451000007210000000000212000000000422160000000,,00002812,,,,,,,,28,6,0,6,6,2812,,1525512224542214124424152221512251512445412451552211,BACAABCCCDADCCBDBCDDCDBACCCBABCCABABCDDADBCDABAACCBB,ABACABCCCDADCCBDBCDDCDABCCBCABCCABABCDADBDCDABAACCBB,,,3,2812,,,,,L_T1_GTR___standard/L_T1_GTR___zabuton_,,,,,L_T1_GTR03_33000001,,,
69873,59,,,,,,,,,11,14,54,511224420000515000000000252000000007224100000000441500000000455220000000,,00002929,,,,,,,,30,4,0,9,9,2929,,15255122245422141244241522215122515124454124515155221114,BACAABCCCDADCCBDBCDDCDBACCCBABCCABABCDDADBCDABABAACCBBBD,ABACABCCCDADCCBDBCDDCDABCCBCABCCABABCDADBDCDABABAACCBBBD,,,2,2929,,,,,L_T1_GTR___standard,,,,,L_T1_GTR03_33000001/L_T1_GTR03_33000002/L_T1_GTR03_32100001,,,,11,14,54,522422000000525456550000151451000007210000000000212000000000422160000000,,00002819,,,,,,,,29,7,0,7,7,2819,,152551222454221412442415222151225151244541245155221114,BACAABCCCDADCCBDBCDDCDBACCCBABCCABABCDDADBCDABAACCBBBD,ABACABCCCDADCCBDBCDDCDABCCBCABCCABABCDADBDCDABAACCBBBD,,,3,2819,,,,,L_T1_GTR___standard/L_T1_GTR___zabuton_,,,,,L_T1_GTR03_33000001,,,
69909,60,,,,,,,,,14,54,21,511224420000515000000000252000000007224100000000441500000000455221100000,,00002936,,,,,,,,31,5,0,7,7,2936,,1525512224542214124424152221512251512445412451515522111454,BACAABCCCDADCCBDBCDDCDBACCCBABCCABABCDDADBCDABABAACCBBBDAD,ABACABCCCDADCCBDBCDDCDABCCBCABCCABABCDADBDCDABABAACCBBBDAD,,,2,2936,,,,,L_T1_GTR___standard,,,,,L_T1_GTR03_33000001/L_T1_GTR03_33000002/L_T1_GTR03_32100001,,,,11,14,54,522422000000525456550000151451000007210000000000212000000000422160000000,,00002819,,,,,,,,29,7,0,7,7,2819,,152551222454221412442415222151225151244541245155221114,BACAABCCCDADCCBDBCDDCDBACCCBABCCABABCDDADBCDABAACCBBBD,ABACABCCCDADCCBDBCDDCDABCCBCABCCABABCDADBDCDABAACCBBBD,,,3,2819,,,,,L_T1_GTR___standard/L_T1_GTR___zabuton_,,,,,L_T1_GTR03_33000001,,,
69911,61,,,,,,,,,14,54,21,511224420000515000000000252000000007224100000000441500000000455221100000,,00002936,,,,,,,,31,5,0,7,7,2936,,1525512224542214124424152221512251512445412451515522111454,BACAABCCCDADCCBDBCDDCDBACCCBABCCABABCDDADBCDABABAACCBBBDAD,ABACABCCCDADCCBDBCDDCDABCCBCABCCABABCDADBDCDABABAACCBBBDAD,,,2,2936,,,,,L_T1_GTR___standard,,,,,L_T1_GTR03_33000001/L_T1_GTR03_33000002/L_T1_GTR03_32100001,,,,14,54,21,522422200000525456550000151451110007210000000000212000000000422160000000,,00002825,,,,,,,,30,8,0,6,6,2825,,15255122245422141244241522215122515124454124515522111454,BACAABCCCDADCCBDBCDDCDBACCCBABCCABABCDDADBCDABAACCBBBDAD,ABACABCCCDADCCBDBCDDCDABCCBCABCCABABCDADBDCDABAACCBBBDAD,,,3,2825,,,,,L_T1_GTR___standard/L_T1_GTR___zabuton_,,,,,L_T1_GTR03_33000001,,,
69955,63,,,,,,,,,54,21,14,511224420000515140000000252000000007224100000000441500000000455221100000,,00002946,,,,,,,,32,6,0,10,10,2946,,152551222454221412442415222151225151244541245151552211145421,BACAABCCCDADCCBDBCDDCDBACCCBABCCABABCDDADBCDABABAACCBBBDADCB,ABACABCCCDADCCBDBCDDCDABCCBCABCCABABCDADBDCDABABAACCBBBDADBC,,,2,2946,,,,,L_T1_GTR___standard/L_T1_GTR___mahara__,,,,,L_T1_GTR03_33000001/L_T1_GTR03_33000002/L_T1_GTR03_32100001,,,,54,21,14,522422200000525456550000151451110007214100000000212000000000422160000000,,00002835,,,,,,,,31,9,0,10,10,2835,,1525512224542214124424152221512251512445412451552211145421,BACAABCCCDADCCBDBCDDCDBACCCBABCCABABCDDADBCDABAACCBBBDADCB,ABACABCCCDADCCBDBCDDCDABCCBCABCCABABCDADBDCDABAACCBBBDADBC,,,3,2835,,,,,L_T1_GTR___standard/L_T1_GTR___zabuton_,,,,,L_T1_GTR03_33000001,,,
69997,64,,,,,,,,,21,14,51,511224420000515145400000252000000007224100000000441500000000455221100000,,00002954,,,,,,,,33,7,0,8,8,2954,,15255122245422141244241522215122515124454124515155221114542114,BACAABCCCDADCCBDBCDDCDBACCCBABCCABABCDDADBCDABABAACCBBBDADCBBD,ABACABCCCDADCCBDBCDDCDABCCBCABCCABABCDADBDCDABABAACCBBBDADBCBD,,,2,2954,,,,,L_T1_GTR___standard/L_T1_GTR___mahara__,,,,,L_T1_GTR03_33000001/L_T1_GTR03_33000002/L_T1_GTR03_32100001,,,,54,21,14,522422200000525456550000151451110007214100000000212000000000422160000000,,00002835,,,,,,,,31,9,0,10,10,2835,,1525512224542214124424152221512251512445412451552211145421,BACAABCCCDADCCBDBCDDCDBACCCBABCCABABCDDADBCDABAACCBBBDADCB,ABACABCCCDADCCBDBCDDCDABCCBCABCCABABCDADBDCDABAACCBBBDADBC,,,3,2835,,,,,L_T1_GTR___standard/L_T1_GTR___zabuton_,,,,,L_T1_GTR03_33000001,,,
70025,65,,,,,,,,,21,14,51,511224420000515145400000252000000007224100000000441500000000455221100000,,00002954,,,,,,,,33,7,0,8,8,2954,,15255122245422141244241522215122515124454124515155221114542114,BACAABCCCDADCCBDBCDDCDBACCCBABCCABABCDDADBCDABABAACCBBBDADCBBD,ABACABCCCDADCCBDBCDDCDABCCBCABCCABABCDADBDCDABABAACCBBBDADBCBD,,,2,2954,,,,,L_T1_GTR___standard/L_T1_GTR___mahara__,,,,,L_T1_GTR03_33000001/L_T1_GTR03_33000002/L_T1_GTR03_32100001,,,,21,14,51,522422200000525436550000151451110007214100000000212400000000422165000000,,00002843,,,,,,,,32,10,0,8,8,2843,,152551222454221412442415222151225151244541245155221114542114,BACAABCCCDADCCBDBCDDCDBACCCBABCCABABCDDADBCDABAACCBBBDADCBBD,ABACABCCCDADCCBDBCDDCDABCCBCABCCABABCDADBDCDABAACCBBBDADBCBD,,,3,2843,,,,,L_T1_GTR___standard/L_T1_GTR___zabuton_,,,,,L_T1_GTR03_33000001,,,
70063,66,,,,,,,,,14,51,45,511224422000515145410000252000000007224100000000441500000000455221100000,,00002959,,,,,,,,34,8,0,5,5,2959,,1525512224542214124424152221512251512445412451515522111454211451,BACAABCCCDADCCBDBCDDCDBACCCBABCCABABCDDADBCDABABAACCBBBDADCBBDAB,ABACABCCCDADCCBDBCDDCDABCCBCABCCABABCDADBDCDABABAACCBBBDADBCBDAB,,,2,2959,,,,,L_T1_GTR___standard/L_T1_GTR___mahara__,,,,,L_T1_GTR03_33000001/L_T1_GTR03_33000002/L_T1_GTR03_32100001,,,,21,14,51,522422200000525436550000151451110007214100000000212400000000422165000000,,00002843,,,,,,,,32,10,0,8,8,2843,,152551222454221412442415222151225151244541245155221114542114,BACAABCCCDADCCBDBCDDCDBACCCBABCCABABCDDADBCDABAACCBBBDADCBBD,ABACABCCCDADCCBDBCDDCDABCCBCABCCABABCDADBDCDABAACCBBBDADBCBD,,,3,2843,,,,,L_T1_GTR___standard/L_T1_GTR___zabuton_,,,,,L_T1_GTR03_33000001,,,
70104,67,,,,,,,,,51,45,42,511224422000515145410000252410000007224100000000441500000000455221100000,,00002968,,,,,,,,35,9,0,9,9,2968,,152551222454221412442415222151225151244541245151552211145421145145,BACAABCCCDADCCBDBCDDCDBACCCBABCCABABCDDADBCDABABAACCBBBDADCBBDABDA,ABACABCCCDADCCBDBCDDCDABCCBCABCCABABCDADBDCDABABAACCBBBDADBCBDABAD,,,2,2968,,,,,L_T1_GTR___standard/L_T1_GTR___mahara__,,,,,L_T1_GTR03_33000001/L_T1_GTR03_33000002/L_T1_GTR03_32100001,,,,21,14,51,522422200000525436550000151451110007214100000000212400000000422165000000,,00002843,,,,,,,,32,10,0,8,8,2843,,152551222454221412442415222151225151244541245155221114542114,BACAABCCCDADCCBDBCDDCDBACCCBABCCABABCDDADBCDABAACCBBBDADCBBD,ABACABCCCDADCCBDBCDDCDABCCBCABCCABABCDADBDCDABAACCBBBDADBCBD,,,3,2843,,,,,L_T1_GTR___standard/L_T1_GTR___zabuton_,,,,,L_T1_GTR03_33000001,,,
70119,68,,,,,,,,,51,45,42,511224422000515145410000252410000007224100000000441500000000455221100000,,00002968,,,,,,,,35,9,0,9,9,2968,,152551222454221412442415222151225151244541245151552211145421145145,BACAABCCCDADCCBDBCDDCDBACCCBABCCABABCDDADBCDABABAACCBBBDADCBBDABDA,ABACABCCCDADCCBDBCDDCDABCCBCABCCABABCDADBDCDABABAACCBBBDADBCBDABAD,,,2,2968,,,,,L_T1_GTR___standard/L_T1_GTR___mahara__,,,,,L_T1_GTR03_33000001/L_T1_GTR03_33000002/L_T1_GTR03_32100001,,,,14,51,45,522422200000525456550000151451110007214112000000212400000000422165000000,,00002849,,,,,,,,33,11,0,6,6,2849,,15255122245422141244241522215122515124454124515522111454211451,BACAABCCCDADCCBDBCDDCDBACCCBABCCABABCDDADBCDABAACCBBBDADCBBDAB,ABACABCCCDADCCBDBCDDCDABCCBCABCCABABCDADBDCDABAACCBBBDADBCBDAB,,,3,2849,,,,,L_T1_GTR___standard/L_T1_GTR___zabuton_,,,,,L_T1_GTR03_33000001,,,
70167,70,,,,,,,,,45,42,41,511224422000515145411000252415000007224100000000441500000000455221100000,,00002973,,,,,,,,36,10,0,5,5,2973,,15255122245422141244241522215122515124454124515155221114542114514542,BACAABCCCDADCCBDBCDDCDBACCCBABCCABABCDDADBCDABABAACCBBBDADCBBDABDADC,ABACABCCCDADCCBDBCDDCDABCCBCABCCABABCDADBDCDABABAACCBBBDADBCBDABADCD,,,2,2973,,,,,L_T1_GTR___standard/L_T1_GTR___mahara__,,,,,L_T1_GTR03_33000001/L_T1_GTR03_33000002/L_T1_GTR03_32100001,,,,51,45,42,522422200000525456550000151451110007214112000000212414000000422165000000,,00002858,,,,,,,,34,12,0,9,9,2858,,1525512224542214124424152221512251512445412451552211145421145145,BACAABCCCDADCCBDBCDDCDBACCCBABCCABABCDDADBCDABAACCBBBDADCBBDABDA,ABACABCCCDADCCBDBCDDCDABCCBCABCCABABCDADBDCDABAACCBBBDADBCBDABAD,,,3,2858,,,,,L_T1_GTR___standard/L_T1_GTR___zabuton_,,,,,L_T1_GTR03_33000001,,,
70213,71,,,,,,,,,45,42,41,511224422000515145411000252415000007224100000000441500000000455221100000,,00002973,,,,,,,,36,10,0,5,5,2973,,15255122245422141244241522215122515124454124515155221114542114514542,BACAABCCCDADCCBDBCDDCDBACCCBABCCABABCDDADBCDABABAACCBBBDADCBBDABDADC,ABACABCCCDADCCBDBCDDCDABCCBCABCCABABCDADBDCDABABAACCBBBDADBCBDABADCD,,,2,2973,,,,,L_T1_GTR___standard/L_T1_GTR___mahara__,,,,,L_T1_GTR03_33000001/L_T1_GTR03_33000002/L_T1_GTR03_32100001,,,,45,42,41,522422200000525456550000151451110007214112000000212414500000422165100000,,00002865,,,,,,,,35,13,0,7,7,2865,,152551222454221412442415222151225151244541245155221114542114514542,BACAABCCCDADCCBDBCDDCDBACCCBABCCABABCDDADBCDABAACCBBBDADCBBDABDADC,ABACABCCCDADCCBDBCDDCDABCCBCABCCABABCDADBDCDABAACCBBBDADBCBDABADCD,,,3,2865,,,,,L_T1_GTR___standard/L_T1_GTR___zabuton_,,,,,L_T1_GTR03_33000001,,,
70235,72,,,,,,,,,42,41,15,511224422000515145411000252415500007224140000000441500000000455221100000,,00002980,,,,,,,,37,11,0,7,7,2980,,1525512224542214124424152221512251512445412451515522111454211451454241,BACAABCCCDADCCBDBCDDCDBACCCBABCCABABCDDADBCDABABAACCBBBDADCBBDABDADCDB,ABACABCCCDADCCBDBCDDCDABCCBCABCCABABCDADBDCDABABAACCBBBDADBCBDABADCDBD,,,2,2980,,,,,L_T1_GTR___standard/L_T1_GTR___mahara__,,,,,L_T1_GTR03_33000001/L_T1_GTR03_33000002/L_T1_GTR03_32100001,,,,45,42,41,522422200000525456550000151451110007214112000000212414500000422165100000,,00002865,,,,,,,,35,13,0,7,7,2865,,152551222454221412442415222151225151244541245155221114542114514542,BACAABCCCDADCCBDBCDDCDBACCCBABCCABABCDDADBCDABAACCBBBDADCBBDABDADC,ABACABCCCDADCCBDBCDDCDABCCBCABCCABABCDADBDCDABAACCBBBDADBCBDABADCD,,,3,2865,,,,,L_T1_GTR___standard/L_T1_GTR___zabuton_,,,,,L_T1_GTR03_33000001,,,
70269,73,,,,,,,,,42,41,15,511224422000515145411000252415500007224140000000441500000000455221100000,,00002980,,,,,,,,37,11,0,7,7,2980,,1525512224542214124424152221512251512445412451515522111454211451454241,BACAABCCCDADCCBDBCDDCDBACCCBABCCABABCDDADBCDABABAACCBBBDADCBBDABDADCDB,ABACABCCCDADCCBDBCDDCDABCCBCABCCABABCDADBDCDABABAACCBBBDADBCBDABADCDBD,,,2,2980,,,,,L_T1_GTR___standard/L_T1_GTR___mahara__,,,,,L_T1_GTR03_33000001/L_T1_GTR03_33000002/L_T1_GTR03_32100001,,,,42,41,15,522422200000525456550000151451110007214112400000212414550000422165100000,,00002871,,,,,,,,36,14,0,6,6,2871,,15255122245422141244241522215122515124454124515522111454211451454241,BACAABCCCDADCCBDBCDDCDBACCCBABCCABABCDDADBCDABAACCBBBDADCBBDABDADCDB,ABACABCCCDADCCBDBCDDCDABCCBCABCCABABCDADBDCDABAACCBBBDADBCBDABADCDBD,,,3,2871,,,,,L_T1_GTR___standard/L_T1_GTR___zabuton_,,,,,L_T1_GTR03_33000001,,,
70278,74,,,,,,,,,41,15,55,511224422000515145411000252415500007224140000000441524000000455221100000,,00002988,,,,,,,,38,12,0,8,8,2988,,152551222454221412442415222151225151244541245151552211145421145145424115,BACAABCCCDADCCBDBCDDCDBACCCBABCCABABCDDADBCDABABAACCBBBDADCBBDABDADCDBBA,ABACABCCCDADCCBDBCDDCDABCCBCABCCABABCDADBDCDABABAACCBBBDADBCBDABADCDBDAB,,,2,2988,,,,,L_T1_GTR___standard/L_T1_GTR___mahara__,,,,,L_T1_GTR03_33000001/L_T1_GTR03_33000002/L_T1_GTR03_32100001,,,,42,41,15,522422200000525456550000151451110007214112400000212414550000422165100000,,00002871,,,,,,,,36,14,0,6,6,2871,,15255122245422141244241522215122515124454124515522111454211451454241,BACAABCCCDADCCBDBCDDCDBACCCBABCCABABCDDADBCDABAACCBBBDADCBBDABDADCDB,ABACABCCCDADCCBDBCDDCDABCCBCABCCABABCDADBDCDABAACCBBBDADBCBDABADCDBD,,,3,2871,,,,,L_T1_GTR___standard/L_T1_GTR___zabuton_,,,,,L_T1_GTR03_33000001,,,
70321,75,,,,,,,,,15,55,14,511224422000515145411000252415500007224140000000441524410000455221100000,,00002995,,,,,,,,39,13,0,7,7,2995,,15255122245422141244241522215122515124454124515155221114542114514542411555,BACAABCCCDADCCBDBCDDCDBACCCBABCCABABCDDADBCDABABAACCBBBDADCBBDABDADCDBBAAA,ABACABCCCDADCCBDBCDDCDABCCBCABCCABABCDADBDCDABABAACCBBBDADBCBDABADCDBDABAA,,,2,2995,,,,,L_T1_GTR___standard/L_T1_GTR___mahara__,,,,,L_T1_GTR03_33000001/L_T1_GTR03_33000002/L_T1_GTR03_32100001,,,,42,41,15,522422200000525456550000151451110007214112400000212414550000422165100000,,00002871,,,,,,,,36,14,0,6,6,2871,,15255122245422141244241522215122515124454124515522111454211451454241,BACAABCCCDADCCBDBCDDCDBACCCBABCCABABCDDADBCDABAACCBBBDADCBBDABDADCDB,ABACABCCCDADCCBDBCDDCDABCCBCABCCABABCDADBDCDABAACCBBBDADBCBDABADCDBD,,,3,2871,,,,,L_T1_GTR___standard/L_T1_GTR___zabuton_,,,,,L_T1_GTR03_33000001,,,
70327,76,,,,,,,,,15,55,14,511224422000515145411000252415500007224140000000441524410000455221100000,,00002995,,,,,,,,39,13,0,7,7,2995,,15255122245422141244241522215122515124454124515155221114542114514542411555,BACAABCCCDADCCBDBCDDCDBACCCBABCCABABCDDADBCDABABAACCBBBDADCBBDABDADCDBBAAA,ABACABCCCDADCCBDBCDDCDABCCBCABCCABABCDADBDCDABABAACCBBBDADBCBDABADCDBDABAA,,,2,2995,,,,,L_T1_GTR___standard/L_T1_GTR___mahara__,,,,,L_T1_GTR03_33000001/L_T1_GTR03_33000002/L_T1_GTR03_32100001,,,,41,15,55,522422240000525456552000151451110007214112400000212414550000422165100000,,00002876,,,,,,,,37,15,0,5,5,2876,,1525512224542214124424152221512251512445412451552211145421145145424115,BACAABCCCDADCCBDBCDDCDBACCCBABCCABABCDDADBCDABAACCBBBDADCBBDABDADCDBBA,ABACABCCCDADCCBDBCDDCDABCCBCABCCABABCDADBDCDABAACCBBBDADBCBDABADCDBDAB,,,3,2876,,,,,L_T1_GTR___standard/L_T1_GTR___zabuton_,,,,,L_T1_GTR03_33000001,,,
70359,77,,,,,,,,,15,55,14,511224422000515145411000252415500007224140000000441524410000455221100000,,00002995,,,,,,,,39,13,0,7,7,2995,,15255122245422141244241522215122515124454124515155221114542114514542411555,BACAABCCCDADCCBDBCDDCDBACCCBABCCABABCDDADBCDABABAACCBBBDADCBBDABDADCDBBAAA,ABACABCCCDADCCBDBCDDCDABCCBCABCCABABCDADBDCDABABAACCBBBDADBCBDABADCDBDABAA,,,2,2995,,,,,L_T1_GTR___standard/L_T1_GTR___mahara__,,,,,L_T1_GTR03_33000001/L_T1_GTR03_33000002/L_T1_GTR03_32100001,,,,15,55,14,522422240000525456500000151451114107214112400000212414550000422165100000,,00002881,,,,,,,,38,16,0,5,5,2881,,152551222454221412442415222151225151244541245155221114542114514542411555,BACAABCCCDADCCBDBCDDCDBACCCBABCCABABCDDADBCDABAACCBBBDADCBBDABDADCDBBAAA,ABACABCCCDADCCBDBCDDCDABCCBCABCCABABCDADBDCDABAACCBBBDADBCBDABADCDBDABAA,,,3,2881,,,,,L_T1_GTR___standard/L_T1_GTR___zabuton_,,,,,L_T1_GTR03_33000001,,,
70379,78,,,,,,,,,55,14,44,511224422000515145411000252415500007224140000000441524411000455221150000,,00003000,,,,,,,,40,14,0,5,5,3000,,1525512224542214124424152221512251512445412451515522111454211451454241155514,BACAABCCCDADCCBDBCDDCDBACCCBABCCABABCDDADBCDABABAACCBBBDADCBBDABDADCDBBAAABD,ABACABCCCDADCCBDBCDDCDABCCBCABCCABABCDADBDCDABABAACCBBBDADBCBDABADCDBDABAABD,,,2,3000,,,,,L_T1_GTR___standard/L_T1_GTR___mahara__,,,,,L_T1_GTR03_33000001/L_T1_GTR03_33000002/L_T1_GTR03_32100001,,,,15,55,14,522422240000525456500000151451114107214112400000212414550000422165100000,,00002881,,,,,,,,38,16,0,5,5,2881,,152551222454221412442415222151225151244541245155221114542114514542411555,BACAABCCCDADCCBDBCDDCDBACCCBABCCABABCDDADBCDABAACCBBBDADCBBDABDADCDBBAAA,ABACABCCCDADCCBDBCDDCDABCCBCABCCABABCDADBDCDABAACCBBBDADBCBDABADCDBDABAA,,,3,2881,,,,,L_T1_GTR___standard/L_T1_GTR___zabuton_,,,,,L_T1_GTR03_33000001,,,
70401,79,,,,,,,,,55,14,44,511224422000515145411000252415500007224140000000441524411000455221150000,,00003000,,,,,,,,40,14,0,5,5,3000,,1525512224542214124424152221512251512445412451515522111454211451454241155514,BACAABCCCDADCCBDBCDDCDBACCCBABCCABABCDDADBCDABABAACCBBBDADCBBDABDADCDBBAAABD,ABACABCCCDADCCBDBCDDCDABCCBCABCCABABCDADBDCDABABAACCBBBDADBCBDABADCDBDABAABD,,,2,3000,,,,,L_T1_GTR___standard/L_T1_GTR___mahara__,,,,,L_T1_GTR03_33000001/L_T1_GTR03_33000002/L_T1_GTR03_32100001,,,,55,14,44,522422240000525456500000151451114107214112400000212414550000422165115000,,00002887,,,,,,,,39,17,0,6,6,2887,,15255122245422141244241522215122515124454124515522111454211451454241155514,BACAABCCCDADCCBDBCDDCDBACCCBABCCABABCDDADBCDABAACCBBBDADCBBDABDADCDBBAAABD,ABACABCCCDADCCBDBCDDCDABCCBCABCCABABCDADBDCDABAACCBBBDADBCBDABADCDBDABAABD,,,3,2887,,,,,L_T1_GTR___standard/L_T1_GTR___zabuton_,,,,,L_T1_GTR03_33000001,,,
70417,80,,,,,,,,,14,44,22,511224422000515145411000252415500007224140000000441524411000455221155500,,00003004,,,,,,,,41,15,0,4,4,3004,,152551222454221412442415222151225151244541245151552211145421145145424115551444,BACAABCCCDADCCBDBCDDCDBACCCBABCCABABCDDADBCDABABAACCBBBDADCBBDABDADCDBBAAABDDD,ABACABCCCDADCCBDBCDDCDABCCBCABCCABABCDADBDCDABABAACCBBBDADBCBDABADCDBDABAABDDD,,,2,3004,,,,,L_T1_GTR___standard/L_T1_GTR___mahara__,,,,,L_T1_GTR03_33000001/L_T1_GTR03_33000002/L_T1_GTR03_32100001,,,,55,14,44,522422240000525456500000151451114107214112400000212414550000422165115000,,00002887,,,,,,,,39,17,0,6,6,2887,,15255122245422141244241522215122515124454124515522111454211451454241155514,BACAABCCCDADCCBDBCDDCDBACCCBABCCABABCDDADBCDABAACCBBBDADCBBDABDADCDBBAAABD,ABACABCCCDADCCBDBCDDCDABCCBCABCCABABCDADBDCDABAACCBBBDADBCBDABADCDBDABAABD,,,3,2887,,,,,L_T1_GTR___standard/L_T1_GTR___zabuton_,,,,,L_T1_GTR03_33000001,,,
70432,81,,,,,,,,,14,44,22,511224422000515145411000252415500007224140000000441524411000455221155500,,00003004,,,,,,,,41,15,0,4,4,3004,,152551222454221412442415222151225151244541245151552211145421145145424115551444,BACAABCCCDADCCBDBCDDCDBACCCBABCCABABCDDADBCDABABAACCBBBDADCBBDABDADCDBBAAABDDD,ABACABCCCDADCCBDBCDDCDABCCBCABCCABABCDADBDCDABABAACCBBBDADBCBDABADCDBDABAABDDD,,,2,3004,,,,,L_T1_GTR___standard/L_T1_GTR___mahara__,,,,,L_T1_GTR03_33000001/L_T1_GTR03_33000002/L_T1_GTR03_32100001,,,,,14,44,522422240000525456552000151451114107214112400000212414555500422165115000,,bb50abb2,,,,,,,,40,0,1,bb50abb2,100,2987,,15255122245422141244241522215122515124454124515522111454211451454241155514,BACAABCCCDADCCBDBCDDCDBACCCBABCCABABCDDADBCDABAACCBBBDADCBBDABDADCDBBAAABD,ABACABCCCDADCCBDBCDDCDABCCBCABCCABABCDADBDCDABAACCBBBDADBCBDABADCDBDABAABD,,,3,2987,,,,,L_T1_GTR___standard/L_T1_GTR___zabuton_,,,,,L_T1_GTR03_33000001,,,
70497,82,,,,,,,,,14,44,22,511224422000515145411000252415500007224140000000441524411000455221155500,,00003004,,,,,,,,41,15,0,4,4,3004,,152551222454221412442415222151225151244541245151552211145421145145424115551444,BACAABCCCDADCCBDBCDDCDBACCCBABCCABABCDDADBCDABABAACCBBBDADCBBDABDADCDBBAAABDDD,ABACABCCCDADCCBDBCDDCDABCCBCABCCABABCDADBDCDABABAACCBBBDADBCBDABADCDBDABAABDDD,,,2,3004,,,,,L_T1_GTR___standard/L_T1_GTR___mahara__,,,,,L_T1_GTR03_33000001/L_T1_GTR03_33000002/L_T1_GTR03_32100001,,,,14,44,22,522422240000525456552000151451114107214112400000212414000000422165110000,,00002991,,,,,,,,41,1,0,4,4,2991,,1525512224542214124424152221512251512445412451552211145421145145424115551444,BACAABCCCDADCCBDBCDDCDBACCCBABCCABABCDDADBCDABAACCBBBDADCBBDABDADCDBBAAABDDD,ABACABCCCDADCCBDBCDDCDABCCBCABCCABABCDADBDCDABAACCBBBDADBCBDABADCDBDABAABDDD,,,3,2991,,,,,L_T1_GTR___standard/L_T1_GTR___zabuton_,,,,,L_T1_GTR03_33000001,,,
70545,83,,,,,,,,,44,22,14,511224422000515145411600252415500007224146000000441524411100455221155546,,00003005,,,,,,,,42,16,0,1,1,3005,,15255122245422141244241522215122515124454124515155221114542114514542411555144422,BACAABCCCDADCCBDBCDDCDBACCCBABCCABABCDDADBCDABABAACCBBBDADCBBDABDADCDBBAAABDDDCC,ABACABCCCDADCCBDBCDDCDABCCBCABCCABABCDADBDCDABABAACCBBBDADBCBDABADCDBDABAABDDDCC,,,2,3005,,,,,L_T1_GTR___standard/L_T1_GTR___mahara__,,,,,L_T1_GTR03_33000001/L_T1_GTR03_33000002/L_T1_GTR03_32100001,,,,14,44,22,522422240000525456552000151451114107214112400000212414000000422165110000,,00002991,,,,,,,,41,1,0,4,4,2991,,1525512224542214124424152221512251512445412451552211145421145145424115551444,BACAABCCCDADCCBDBCDDCDBACCCBABCCABABCDDADBCDABAACCBBBDADCBBDABDADCDBBAAABDDD,ABACABCCCDADCCBDBCDDCDABCCBCABCCABABCDADBDCDABAACCBBBDADBCBDABADCDBDABAABDDD,,,3,2991,,,,,L_T1_GTR___standard/L_T1_GTR___zabuton_,,,,,L_T1_GTR03_33000001,,,
70563,84,,,,,,,,,44,22,14,511224422000515145411600252415500007224146000000441524411100455221155546,,00003005,,,,,,,,42,16,0,1,1,3005,,15255122245422141244241522215122515124454124515155221114542114514542411555144422,BACAABCCCDADCCBDBCDDCDBACCCBABCCABABCDDADBCDABABAACCBBBDADCBBDABDADCDBBAAABDDDCC,ABACABCCCDADCCBDBCDDCDABCCBCABCCABABCDADBDCDABABAACCBBBDADBCBDABADCDBDABAABDDDCC,,,2,3005,,,,,L_T1_GTR___standard/L_T1_GTR___mahara__,,,,,L_T1_GTR03_33000001/L_T1_GTR03_33000002/L_T1_GTR03_32100001,,,,44,22,14,522422240000525456552000151451114107214112440000212414100000422165110000,,00002997,,,,,,,,42,2,0,6,6,2997,,152551222454221412442415222151225151244541245155221114542114514542411555144422,BACAABCCCDADCCBDBCDDCDBACCCBABCCABABCDDADBCDABAACCBBBDADCBBDABDADCDBBAAABDDDCC,ABACABCCCDADCCBDBCDDCDABCCBCABCCABABCDADBDCDABAACCBBBDADBCBDABADCDBDABAABDDDCC,,,3,2997,,,,,L_T1_GTR___standard/L_T1_GTR___zabuton_,,,,,L_T1_GTR03_33000001,,,
70583,85,,,,,,,,,,22,14,511224422000515145411600252415500007224146440000441524411100455221155546,,bb40abb1,,,,,,,,43,0,1,bb40abb1,40,3045,,15255122245422141244241522215122515124454124515155221114542114514542411555144422,BACAABCCCDADCCBDBCDDCDBACCCBABCCABABCDDADBCDABABAACCBBBDADCBBDABDADCDBBAAABDDDCC,ABACABCCCDADCCBDBCDDCDABCCBCABCCABABCDADBDCDABABAACCBBBDADBCBDABADCDBDABAABDDDCC,,,2,3045,,,,,L_T1_GTR___standard/L_T1_GTR___mahara__,,,,,L_T1_GTR03_33000001/L_T1_GTR03_33000002/L_T1_GTR03_32100001,,,,44,22,14,522422240000525456552000151451114107214112440000212414100000422165110000,,00002997,,,,,,,,42,2,0,6,6,2997,,152551222454221412442415222151225151244541245155221114542114514542411555144422,BACAABCCCDADCCBDBCDDCDBACCCBABCCABABCDDADBCDABAACCBBBDADCBBDABDADCDBBAAABDDDCC,ABACABCCCDADCCBDBCDDCDABCCBCABCCABABCDADBDCDABAACCBBBDADBCBDABADCDBDABAABDDDCC,,,3,2997,,,,,L_T1_GTR___standard/L_T1_GTR___zabuton_,,,,,L_T1_GTR03_33000001,,,
70609,86,,,,,,,,,,22,14,511224422000515145411600252415500007224146440000441524411100455221155546,,bb40abb1,,,,,,,,43,0,1,bb40abb1,40,3045,,15255122245422141244241522215122515124454124515155221114542114514542411555144422,BACAABCCCDADCCBDBCDDCDBACCCBABCCABABCDDADBCDABABAACCBBBDADCBBDABDADCDBBAAABDDDCC,ABACABCCCDADCCBDBCDDCDABCCBCABCCABABCDADBDCDABABAACCBBBDADBCBDABADCDBDABAABDDDCC,,,2,3045,,,,,L_T1_GTR___standard/L_T1_GTR___mahara__,,,,,L_T1_GTR03_33000001/L_T1_GTR03_33000002/L_T1_GTR03_32100001,,,,22,14,25,522422244400525456552000151451114107214112440000212414100000422165110000,,00003001,,,,,,,,43,3,0,4,4,3001,,15255122245422141244241522215122515124454124515522111454211451454241155514442214,BACAABCCCDADCCBDBCDDCDBACCCBABCCABABCDDADBCDABAACCBBBDADCBBDABDADCDBBAAABDDDCCBD,ABACABCCCDADCCBDBCDDCDABCCBCABCCABABCDADBDCDABAACCBBBDADBCBDABADCDBDABAABDDDCCBD,,,3,3001,,,,,L_T1_GTR___standard/L_T1_GTR___zabuton_,,,,,L_T1_GTR03_33000001,,,
70645,87,,,,,,,,,,22,14,511224422000515145411600252415500007224146440000441524411100455221155546,,bb40abb1,,,,,,,,43,0,1,bb40abb1,40,3045,,15255122245422141244241522215122515124454124515155221114542114514542411555144422,BACAABCCCDADCCBDBCDDCDBACCCBABCCABABCDDADBCDABABAACCBBBDADCBBDABDADCDBBAAABDDDCC,ABACABCCCDADCCBDBCDDCDABCCBCABCCABABCDADBDCDABABAACCBBBDADBCBDABADCDBDABAABDDDCC,,,2,3045,,,,,L_T1_GTR___standard/L_T1_GTR___mahara__,,,,,L_T1_GTR03_33000001/L_T1_GTR03_33000002/L_T1_GTR03_32100001,,,,14,25,44,522422244400525456552220151451114107214112440000212414100000422165110000,,00003004,,,,,,,,44,4,0,3,3,3004,,1525512224542214124424152221512251512445412451552211145421145145424115551444221425,BACAABCCCDADCCBDBCDDCDBACCCBABCCABABCDDADBCDABAACCBBBDADCBBDABDADCDBBAAABDDDCCBDCA,ABACABCCCDADCCBDBCDDCDABCCBCABCCABABCDADBDCDABAACCBBBDADBCBDABADCDBDABAABDDDCCBDAC,,,3,3004,,,,,L_T1_GTR___standard/L_T1_GTR___zabuton_,,,,,L_T1_GTR03_33000001,,,
70666,88,,,,,,,,,,22,14,511224422000515145411600252415500007224140000000441521110000455221155546,,bb50ab10,,,,,,,,44,0,2,bb50ab10,500,3545,,15255122245422141244241522215122515124454124515155221114542114514542411555144422,BACAABCCCDADCCBDBCDDCDBACCCBABCCABABCDDADBCDABABAACCBBBDADCBBDABDADCDBBAAABDDDCC,ABACABCCCDADCCBDBCDDCDABCCBCABCCABABCDADBDCDABABAACCBBBDADBCBDABADCDBDABAABDDDCC,,,2,3545,,,,,L_T1_GTR___standard/L_T1_GTR___mahara__,,,,,L_T1_GTR03_33000001/L_T1_GTR03_33000002/L_T1_GTR03_32100001,,,,14,25,44,522422244400525456552220151451114107214112440000212414100000422165110000,,00003004,,,,,,,,44,4,0,3,3,3004,,1525512224542214124424152221512251512445412451552211145421145145424115551444221425,BACAABCCCDADCCBDBCDDCDBACCCBABCCABABCDDADBCDABAACCBBBDADCBBDABDADCDBBAAABDDDCCBDCA,ABACABCCCDADCCBDBCDDCDABCCBCABCCABABCDADBDCDABAACCBBBDADBCBDABADCDBDABAABDDDCCBDAC,,,3,3004,,,,,L_T1_GTR___standard/L_T1_GTR___zabuton_,,,,,L_T1_GTR03_33000001,,,
70670,89,,,,,,,,,,22,14,511224422000515145411600252415500007224140000000441521110000455221155546,,bb50ab10,,,,,,,,44,0,2,bb50ab10,500,3545,,15255122245422141244241522215122515124454124515155221114542114514542411555144422,BACAABCCCDADCCBDBCDDCDBACCCBABCCABABCDDADBCDABABAACCBBBDADCBBDABDADCDBBAAABDDDCC,ABACABCCCDADCCBDBCDDCDABCCBCABCCABABCDADBDCDABABAACCBBBDADBCBDABADCDBDABAABDDDCC,,,2,3545,,,,,L_T1_GTR___standard/L_T1_GTR___mahara__,,,,,L_T1_GTR03_33000001/L_T1_GTR03_33000002/L_T1_GTR03_32100001,,,,,25,44,522422244400525456552220151451114107214112444100212414100000422165110000,,bb40abb1,,,,,,,,45,0,1,bb40abb1,40,3044,,1525512224542214124424152221512251512445412451552211145421145145424115551444221425,BACAABCCCDADCCBDBCDDCDBACCCBABCCABABCDDADBCDABAACCBBBDADCBBDABDADCDBBAAABDDDCCBDCA,ABACABCCCDADCCBDBCDDCDABCCBCABCCABABCDADBDCDABAACCBBBDADBCBDABADCDBDABAABDDDCCBDAC,,,3,3044,,,,,L_T1_GTR___standard/L_T1_GTR___zabuton_,,,,,L_T1_GTR03_33000001,,,
70754,90,,,,,,,,,,22,14,511224422000515145411600252415500007224140000000441521110000455221155546,,bb50ab10,,,,,,,,44,0,2,bb50ab10,500,3545,,15255122245422141244241522215122515124454124515155221114542114514542411555144422,BACAABCCCDADCCBDBCDDCDBACCCBABCCABABCDDADBCDABABAACCBBBDADCBBDABDADCDBBAAABDDDCC,ABACABCCCDADCCBDBCDDCDABCCBCABCCABABCDADBDCDABABAACCBBBDADBCBDABADCDBDABAABDDDCC,,,2,3545,,,,,L_T1_GTR___standard/L_T1_GTR___mahara__,,,,,L_T1_GTR03_33000001/L_T1_GTR03_33000002/L_T1_GTR03_32100001,,,,,25,44,522422244400525456552220151451111007214112100000212414100000422165110000,,bb80ab13,,,,,,,,46,0,2,bb80ab13,1040,4084,,1525512224542214124424152221512251512445412451552211145421145145424115551444221425,BACAABCCCDADCCBDBCDDCDBACCCBABCCABABCDDADBCDABAACCBBBDADCBBDABDADCDBBAAABDDDCCBDCA,ABACABCCCDADCCBDBCDDCDABCCBCABCCABABCDADBDCDABAACCBBBDADBCBDABADCDBDABAABDDDCCBDAC,,,3,4084,,,,,L_T1_GTR___standard/L_T1_GTR___zabuton_,,,,,L_T1_GTR03_33000001,,,
70757,91,,,,,,,,,22,14,25,511224422000515145411600252415500007224140000000441520000000455225554600,,00003552,,,,,,,,45,1,0,7,7,3552,,1525512224542214124424152221512251512445412451515522111454211451454241155514442214,BACAABCCCDADCCBDBCDDCDBACCCBABCCABABCDDADBCDABABAACCBBBDADCBBDABDADCDBBAAABDDDCCBD,ABACABCCCDADCCBDBCDDCDABCCBCABCCABABCDADBDCDABABAACCBBBDADBCBDABADCDBDABAABDDDCCBD,,,2,3552,,,,,L_T1_GTR___standard/L_T1_GTR___mahara__,,,,,L_T1_GTR03_33000001/L_T1_GTR03_33000002/L_T1_GTR03_32100001,,,,,25,44,522422244400525456552220151451111007214112100000212414100000422165110000,,bb80ab13,,,,,,,,46,0,2,bb80ab13,1040,4084,,1525512224542214124424152221512251512445412451552211145421145145424115551444221425,BACAABCCCDADCCBDBCDDCDBACCCBABCCABABCDDADBCDABAACCBBBDADCBBDABDADCDBBAAABDDDCCBDCA,ABACABCCCDADCCBDBCDDCDABCCBCABCCABABCDADBDCDABAACCBBBDADBCBDABADCDBDABAABDDDCCBDAC,,,3,4084,,,,,L_T1_GTR___standard/L_T1_GTR___zabuton_,,,,,L_T1_GTR03_33000001,,,
70797,92,,,,,,,,,14,25,44,511224422000515145411600252415500007224142200000441520000000455225554600,,00003559,,,,,,,,46,2,0,7,7,3559,,152551222454221412442415222151225151244541245151552211145421145145424115551444221425,BACAABCCCDADCCBDBCDDCDBACCCBABCCABABCDDADBCDABABAACCBBBDADCBBDABDADCDBBAAABDDDCCBDCA,ABACABCCCDADCCBDBCDDCDABCCBCABCCABABCDADBDCDABABAACCBBBDADBCBDABADCDBDABAABDDDCCBDAC,,,2,3559,,,,,L_T1_GTR___standard/L_T1_GTR___mahara__,,,,,L_T1_GTR03_33000001/L_T1_GTR03_33000002/L_T1_GTR03_32100001,,,,,25,44,522422244400525456552220151451111007214112100000212414100000422165110000,,bb80ab13,,,,,,,,46,0,2,bb80ab13,1040,4084,,1525512224542214124424152221512251512445412451552211145421145145424115551444221425,BACAABCCCDADCCBDBCDDCDBACCCBABCCABABCDDADBCDABAACCBBBDADCBBDABDADCDBBAAABDDDCCBDCA,ABACABCCCDADCCBDBCDDCDABCCBCABCCABABCDADBDCDABAACCBBBDADBCBDABADCDBDABAABDDDCCBDAC,,,3,4084,,,,,L_T1_GTR___standard/L_T1_GTR___zabuton_,,,,,L_T1_GTR03_33000001,,,
70833,93,,,,,,,,,25,44,44,511224422140515145411600252415500007224142200000441520000000455225554600,,00003563,,,,,,,,47,3,0,4,4,3563,,15255122245422141244241522215122515124454124515155221114542114514542411555144422142544,BACAABCCCDADCCBDBCDDCDBACCCBABCCABABCDDADBCDABABAACCBBBDADCBBDABDADCDBBAAABDDDCCBDCADD,ABACABCCCDADCCBDBCDDCDABCCBCABCCABABCDADBDCDABABAACCBBBDADBCBDABADCDBDABAABDDDCCBDACDD,,,2,3563,,,,,L_T1_GTR___standard/L_T1_GTR___mahara__,,,,,L_T1_GTR03_33000001/L_T1_GTR03_33000002/L_T1_GTR03_32100001,,,,,25,44,522422244400525456552220151451111007214112100000212414100000422165110000,,bb80ab13,,,,,,,,46,0,2,bb80ab13,1040,4084,,1525512224542214124424152221512251512445412451552211145421145145424115551444221425,BACAABCCCDADCCBDBCDDCDBACCCBABCCABABCDDADBCDABAACCBBBDADCBBDABDADCDBBAAABDDDCCBDCA,ABACABCCCDADCCBDBCDDCDABCCBCABCCABABCDADBDCDABAACCBBBDADBCBDABADCDBDABAABDDDCCBDAC,,,3,4084,,,,,L_T1_GTR___standard/L_T1_GTR___zabuton_,,,,,L_T1_GTR03_33000001,,,
70836,94,,,,,,,,,25,44,44,511224422140515145411600252415500007224142200000441520000000455225554600,,00003563,,,,,,,,47,3,0,4,4,3563,,15255122245422141244241522215122515124454124515155221114542114514542411555144422142544,BACAABCCCDADCCBDBCDDCDBACCCBABCCABABCDDADBCDABABAACCBBBDADCBBDABDADCDBBAAABDDDCCBDCADD,ABACABCCCDADCCBDBCDDCDABCCBCABCCABABCDADBDCDABABAACCBBBDADBCBDABADCDBDABAABDDDCCBDACDD,,,2,3563,,,,,L_T1_GTR___standard/L_T1_GTR___mahara__,,,,,L_T1_GTR03_33000001/L_T1_GTR03_33000002/L_T1_GTR03_32100001,,,,,25,44,522422244400525455522200151450000007214112000000212414000000422165000000,,bb40ab16,,,,,,,,47,0,3,bb40ab16,640,4724,,1525512224542214124424152221512251512445412451552211145421145145424115551444221425,BACAABCCCDADCCBDBCDDCDBACCCBABCCABABCDDADBCDABAACCBBBDADCBBDABDADCDBBAAABDDDCCBDCA,ABACABCCCDADCCBDBCDDCDABCCBCABCCABABCDADBDCDABAACCBBBDADBCBDABADCDBDABAABDDDCCBDAC,,,3,4724,,,,,L_T1_GTR___standard/L_T1_GTR___zabuton_,,,,,L_T1_GTR03_33000001,,,
70861,95,,,,,,,,,,44,44,511224422140515145411600252415550007224142220000441520000000455225554600,,bb40abb1,,,,,,,,48,0,1,bb40abb1,40,3603,,15255122245422141244241522215122515124454124515155221114542114514542411555144422142544,BACAABCCCDADCCBDBCDDCDBACCCBABCCABABCDDADBCDABABAACCBBBDADCBBDABDADCDBBAAABDDDCCBDCADD,ABACABCCCDADCCBDBCDDCDABCCBCABCCABABCDADBDCDABABAACCBBBDADBCBDABADCDBDABAABDDDCCBDACDD,,,2,3603,,,,,L_T1_GTR___standard/L_T1_GTR___mahara__,,,,,L_T1_GTR03_33000001/L_T1_GTR03_33000002/L_T1_GTR03_32100001,,,,,25,44,522422244400525455522200151450000007214112000000212414000000422165000000,,bb40ab16,,,,,,,,47,0,3,bb40ab16,640,4724,,1525512224542214124424152221512251512445412451552211145421145145424115551444221425,BACAABCCCDADCCBDBCDDCDBACCCBABCCABABCDDADBCDABAACCBBBDADCBBDABDADCDBBAAABDDDCCBDCA,ABACABCCCDADCCBDBCDDCDABCCBCABCCABABCDADBDCDABAACCBBBDADBCBDABADCDBDABAABDDDCCBDAC,,,3,4724,,,,,L_T1_GTR___standard/L_T1_GTR___zabuton_,,,,,L_T1_GTR03_33000001,,,
70920,96,,,,,,,,,,44,44,511224422140515145411600252415550007224142220000441520000000455225554600,,bb40abb1,,,,,,,,48,0,1,bb40abb1,40,3603,,15255122245422141244241522215122515124454124515155221114542114514542411555144422142544,BACAABCCCDADCCBDBCDDCDBACCCBABCCABABCDDADBCDABABAACCBBBDADCBBDABDADCDBBAAABDDDCCBDCADD,ABACABCCCDADCCBDBCDDCDABCCBCABCCABABCDADBDCDABABAACCBBBDADBCBDABADCDBDABAABDDDCCBDACDD,,,2,3603,,,,,L_T1_GTR___standard/L_T1_GTR___mahara__,,,,,L_T1_GTR03_33000001/L_T1_GTR03_33000002/L_T1_GTR03_32100001,,,,,25,44,522422244400525422200000151400000007214112000000212414000000422165000000,,bb60ab35,,,,,,,,48,0,4,bb60ab35,2100,6824,,1525512224542214124424152221512251512445412451552211145421145145424115551444221425,BACAABCCCDADCCBDBCDDCDBACCCBABCCABABCDDADBCDABAACCBBBDADCBBDABDADCDBBAAABDDDCCBDCA,ABACABCCCDADCCBDBCDDCDABCCBCABCCABABCDADBDCDABAACCBBBDADBCBDABADCDBDABAABDDDCCBDAC,,,4,6824,,,,,L_T1_GTR___standard/L_T1_GTR___zabuton_,,,,,L_T1_GTR03_33000001,,,
70940,97,,,,,,,,,,44,44,511224422140515144116000252410000007224142220000441520000000455225554600,,bb40abb8,,,,,,,,49,0,2,bb40abb8,320,3923,,15255122245422141244241522215122515124454124515155221114542114514542411555144422142544,BACAABCCCDADCCBDBCDDCDBACCCBABCCABABCDDADBCDABABAACCBBBDADCBBDABDADCDBBAAABDDDCCBDCADD,ABACABCCCDADCCBDBCDDCDABCCBCABCCABABCDADBDCDABABAACCBBBDADBCBDABADCDBDABAABDDDCCBDACDD,,,2,3923,,,,,L_T1_GTR___standard/L_T1_GTR___mahara__,,,,,L_T1_GTR03_33000001/L_T1_GTR03_33000002/L_T1_GTR03_32100001,,,,,25,44,522422244400525422200000151400000007214112000000212414000000422165000000,,bb60ab35,,,,,,,,48,0,4,bb60ab35,2100,6824,,1525512224542214124424152221512251512445412451552211145421145145424115551444221425,BACAABCCCDADCCBDBCDDCDBACCCBABCCABABCDDADBCDABAACCBBBDADCBBDABDADCDBBAAABDDDCCBDCA,ABACABCCCDADCCBDBCDDCDABCCBCABCCABABCDADBDCDABAACCBBBDADBCBDABADCDBDABAABDDDCCBDAC,,,4,6824,,,,,L_T1_GTR___standard/L_T1_GTR___zabuton_,,,,,L_T1_GTR03_33000001,,,
71004,98,,,,,,,,,,44,44,511224422140515144116000252410000007224142220000441520000000455225554600,,bb40abb8,,,,,,,,49,0,2,bb40abb8,320,3923,,15255122245422141244241522215122515124454124515155221114542114514542411555144422142544,BACAABCCCDADCCBDBCDDCDBACCCBABCCABABCDDADBCDABABAACCBBBDADCBBDABDADCDBBAAABDDDCCBDCADD,ABACABCCCDADCCBDBCDDCDABCCBCABCCABABCDADBDCDABABAACCBBBDADBCBDABADCDBDABAABDDDCCBDACDD,,,2,3923,,,,,L_T1_GTR___standard/L_T1_GTR___mahara__,,,,,L_T1_GTR03_33000001/L_T1_GTR03_33000002/L_T1_GTR03_32100001,,,,,25,44,522444400000525400000000151400000007214112000000212414000000422165000000,,bb60ab67,,,,,,,,49,0,5,bb60ab67,4020,10844,,1525512224542214124424152221512251512445412451552211145421145145424115551444221425,BACAABCCCDADCCBDBCDDCDBACCCBABCCABABCDDADBCDABAACCBBBDADCBBDABDADCDBBAAABDDDCCBDCA,ABACABCCCDADCCBDBCDDCDABCCBCABCCABABCDADBDCDABAACCBBBDADBCBDABADCDBDABAABDDDCCBDAC,,,5,10844,,,,,L_T1_GTR___standard,,,,,L_T1_GTR03_33000001,,,
71021,99,,,,,,,,,,44,44,511222214000515111600000252410000007224142220000441520000000455225554600,,bb80ab19,,,,,,,,50,0,3,bb80ab19,1520,5443,,15255122245422141244241522215122515124454124515155221114542114514542411555144422142544,BACAABCCCDADCCBDBCDDCDBACCCBABCCABABCDDADBCDABABAACCBBBDADCBBDABDADCDBBAAABDDDCCBDCADD,ABACABCCCDADCCBDBCDDCDABCCBCABCCABABCDADBDCDABABAACCBBBDADBCBDABADCDBDABAABDDDCCBDACDD,,,3,5443,,,,,L_T1_GTR___standard,,,,,L_T1_GTR03_33000001/L_T1_GTR03_33000002/L_T1_GTR03_32100001,,,,,25,44,522444400000525400000000151400000007214112000000212414000000422165000000,,bb60ab67,,,,,,,,49,0,5,bb60ab67,4020,10844,,1525512224542214124424152221512251512445412451552211145421145145424115551444221425,BACAABCCCDADCCBDBCDDCDBACCCBABCCABABCDDADBCDABAACCBBBDADCBBDABDADCDBBAAABDDDCCBDCA,ABACABCCCDADCCBDBCDDCDABCCBCABCCABABCDADBDCDABAACCBBBDADBCBDABADCDBDABAABDDDCCBDAC,,,5,10844,,,,,L_T1_GTR___standard,,,,,L_T1_GTR03_33000001,,,
71067,100,,,,,,,,,,44,44,511222214000515111600000252410000007224142220000441520000000455225554600,,bb80ab19,,,,,,,,50,0,3,bb80ab19,1520,5443,,15255122245422141244241522215122515124454124515155221114542114514542411555144422142544,BACAABCCCDADCCBDBCDDCDBACCCBABCCABABCDDADBCDABABAACCBBBDADCBBDABDADCDBBAAABDDDCCBDCADD,ABACABCCCDADCCBDBCDDCDABCCBCABCCABABCDADBDCDABABAACCBBBDADBCBDABADCDBDABAABDDDCCBDACDD,,,3,5443,,,,,L_T1_GTR___standard,,,,,L_T1_GTR03_33000001/L_T1_GTR03_33000002/L_T1_GTR03_32100001,,,,25,44,44,522000000000525000000000151000000007214112000000212414000000422165000000,,00010848,,,,,,,,50,1,0,4,4,10848,,152551222454221412442415222151225151244541245155221114542114514542411555144422142544,BACAABCCCDADCCBDBCDDCDBACCCBABCCABABCDDADBCDABAACCBBBDADCBBDABDADCDBBAAABDDDCCBDCADD,ABACABCCCDADCCBDBCDDCDABCCBCABCCABABCDADBDCDABAACCBBBDADBCBDABADCDBDABAABDDDCCBDACDD,,,5,10848,,,,,L_T1_GTR___standard,,,,,L_T1_GTR03_33000001,,,
71117,101,,,,,,,,,,44,44,511140000000515000000000252400000007224142220000441520000000455225554600,,bb40ab32,,,,,,,,51,0,4,bb40ab32,1280,6723,,15255122245422141244241522215122515124454124515155221114542114514542411555144422142544,BACAABCCCDADCCBDBCDDCDBACCCBABCCABABCDDADBCDABABAACCBBBDADCBBDABDADCDBBAAABDDDCCBDCADD,ABACABCCCDADCCBDBCDDCDABCCBCABCCABABCDADBDCDABABAACCBBBDADBCBDABADCDBDABAABDDDCCBDACDD,,,4,6723,,,,,,,,,,L_T1_GTR03_33000002/L_T1_GTR03_32100001,,,,25,44,44,522000000000525000000000151000000007214112000000212414000000422165000000,,00010848,,,,,,,,50,1,0,4,4,10848,,152551222454221412442415222151225151244541245155221114542114514542411555144422142544,BACAABCCCDADCCBDBCDDCDBACCCBABCCABABCDDADBCDABAACCBBBDADCBBDABDADCDBBAAABDDDCCBDCADD,ABACABCCCDADCCBDBCDDCDABCCBCABCCABABCDADBDCDABAACCBBBDADBCBDABADCDBDABAABDDDCCBDACDD,,,5,10848,,,,,L_T1_GTR___standard,,,,,L_T1_GTR03_33000001,,,
71118,102,,,,,,,,,,44,44,511140000000515000000000252400000007224142220000441520000000455225554600,,bb40ab32,,,,,,,,51,0,4,bb40ab32,1280,6723,,15255122245422141244241522215122515124454124515155221114542114514542411555144422142544,BACAABCCCDADCCBDBCDDCDBACCCBABCCABABCDDADBCDABABAACCBBBDADCBBDABDADCDBBAAABDDDCCBDCADD,ABACABCCCDADCCBDBCDDCDABCCBCABCCABABCDADBDCDABABAACCBBBDADBCBDABADCDBDABAABDDDCCBDACDD,,,4,6723,,,,,,,,,,L_T1_GTR03_33000002/L_T1_GTR03_32100001,,,,44,44,54,522000000000525000000000151000000007214112000000212414200000422165500000,,00010855,,,,,,,,51,2,0,7,7,10855,,15255122245422141244241522215122515124454124515522111454211451454241155514442214254444,BACAABCCCDADCCBDBCDDCDBACCCBABCCABABCDDADBCDABAACCBBBDADCBBDABDADCDBBAAABDDDCCBDCADDDD,ABACABCCCDADCCBDBCDDCDABCCBCABCCABABCDADBDCDABAACCBBBDADBCBDABADCDBDABAABDDDCCBDACDDDD,,,5,10855,,,,,L_T1_GTR___standard,,,,,L_T1_GTR03_33000001,,,
71167,103,,,,,,,,,,44,44,511140000000515000000000252400000007224142220000441520000000455225554600,,bb40ab32,,,,,,,,51,0,4,bb40ab32,1280,6723,,15255122245422141244241522215122515124454124515155221114542114514542411555144422142544,BACAABCCCDADCCBDBCDDCDBACCCBABCCABABCDDADBCDABABAACCBBBDADCBBDABDADCDBBAAABDDDCCBDCADD,ABACABCCCDADCCBDBCDDCDABCCBCABCCABABCDADBDCDABABAACCBBBDADBCBDABADCDBDABAABDDDCCBDACDD,,,4,6723,,,,,,,,,,L_T1_GTR03_33000002/L_T1_GTR03_32100001,,,,44,54,52,522400000000525400000000151000000007214112000000212414200000422165500000,,00010866,,,,,,,,52,3,0,11,11,10866,,1525512224542214124424152221512251512445412451552211145421145145424115551444221425444454,BACAABCCCDADCCBDBCDDCDBACCCBABCCABABCDDADBCDABAACCBBBDADCBBDABDADCDBBAAABDDDCCBDCADDDDAD,ABACABCCCDADCCBDBCDDCDABCCBCABCCABABCDADBDCDABAACCBBBDADBCBDABADCDBDABAABDDDCCBDACDDDDAD,,,5,10866,,,,,L_T1_GTR___standard,,,,,L_T1_GTR03_33000001,,,
71200,104,,,,,,,,,,44,44,540000000000550000000000252400000007224142220000441520000000455225554600,,bb40ab64,,,,,,,,52,0,5,bb40ab64,2560,9283,,15255122245422141244241522215122515124454124515155221114542114514542411555144422142544,BACAABCCCDADCCBDBCDDCDBACCCBABCCABABCDDADBCDABABAACCBBBDADCBBDABDADCDBBAAABDDDCCBDCADD,ABACABCCCDADCCBDBCDDCDABCCBCABCCABABCDADBDCDABABAACCBBBDADBCBDABADCDBDABAABDDDCCBDACDD,,,5,9283,,,,,,,,,,,,,,44,54,52,522400000000525400000000151000000007214112000000212414200000422165500000,,00010866,,,,,,,,52,3,0,11,11,10866,,1525512224542214124424152221512251512445412451552211145421145145424115551444221425444454,BACAABCCCDADCCBDBCDDCDBACCCBABCCABABCDDADBCDABAACCBBBDADCBBDABDADCDBBAAABDDDCCBDCADDDDAD,ABACABCCCDADCCBDBCDDCDABCCBCABCCABABCDADBDCDABAACCBBBDADBCBDABADCDBDABAABDDDCCBDACDDDDAD,,,5,10866,,,,,L_T1_GTR___standard,,,,,L_T1_GTR03_33000001,,,
71231,105,,,,,,,,,,44,44,540000000000550000000000252400000007224142220000441520000000455225554600,,bb40ab64,,,,,,,,52,0,5,bb40ab64,2560,9283,,15255122245422141244241522215122515124454124515155221114542114514542411555144422142544,BACAABCCCDADCCBDBCDDCDBACCCBABCCABABCDDADBCDABABAACCBBBDADCBBDABDADCDBBAAABDDDCCBDCADD,ABACABCCCDADCCBDBCDDCDABCCBCABCCABABCDADBDCDABABAACCBBBDADBCBDABADCDBDABAABDDDCCBDACDD,,,5,9283,,,,,,,,,,,,,,54,52,51,522400000000525400000000151400000007214112400000212414200000422165500000,,00010872,,,,,,,,53,4,0,6,6,10872,,152551222454221412442415222151225151244541245155221114542114514542411555144422142544445452,BACAABCCCDADCCBDBCDDCDBACCCBABCCABABCDDADBCDABAACCBBBDADCBBDABDADCDBBAAABDDDCCBDCADDDDADAC,ABACABCCCDADCCBDBCDDCDABCCBCABCCABABCDADBDCDABAACCBBBDADBCBDABADCDBDABAABDDDCCBDACDDDDADAC,,,5,10872,,,,,L_T1_GTR___standard/L_T1_GTR___zabuton_,,,,,L_T1_GTR03_33000001,,,
71273,106,,,,,,,,,,44,44,540000000000550000000000252400000007224142220000441520000000455225554600,,bb40ab64,,,,,,,,52,0,5,bb40ab64,2560,9283,,15255122245422141244241522215122515124454124515155221114542114514542411555144422142544,BACAABCCCDADCCBDBCDDCDBACCCBABCCABABCDDADBCDABABAACCBBBDADCBBDABDADCDBBAAABDDDCCBDCADD,ABACABCCCDADCCBDBCDDCDABCCBCABCCABABCDADBDCDABABAACCBBBDADBCBDABADCDBDABAABDDDCCBDACDD,,,5,9283,,,,,,,,,,,,,,52,51,41,522400000000525400000000151400000007214112400000212414240000422165550000,,00010878,,,,,,,,54,5,0,6,6,10878,,15255122245422141244241522215122515124454124515522111454211451454241155514442214254444545251,BACAABCCCDADCCBDBCDDCDBACCCBABCCABABCDDADBCDABAACCBBBDADCBBDABDADCDBBAAABDDDCCBDCADDDDADACAB,ABACABCCCDADCCBDBCDDCDABCCBCABCCABABCDADBDCDABAACCBBBDADBCBDABADCDBDABAABDDDCCBDACDDDDADACAB,,,5,10878,,,,,L_T1_GTR___standard/L_T1_GTR___zabuton_,,,,,L_T1_GTR03_33000001,,,
71279,107,,,,,,,,,,44,44,400000000000000000000000224000000007224142220000441520000000455225554600,,bb40ab96,,,,,,,,53,0,6,bb40ab96,3840,13123,,15255122245422141244241522215122515124454124515155221114542114514542411555144422142544,BACAABCCCDADCCBDBCDDCDBACCCBABCCABABCDDADBCDABABAACCBBBDADCBBDABDADCDBBAAABDDDCCBDCADD,ABACABCCCDADCCBDBCDDCDABCCBCABCCABABCDADBDCDABABAACCBBBDADBCBDABADCDBDABAABDDDCCBDACDD,,,6,13123,,,,,,,,,,,,,,52,51,41,522400000000525400000000151400000007214112400000212414240000422165550000,,00010878,,,,,,,,54,5,0,6,6,10878,,15255122245422141244241522215122515124454124515522111454211451454241155514442214254444545251,BACAABCCCDADCCBDBCDDCDBACCCBABCCABABCDDADBCDABAACCBBBDADCBBDABDADCDBBAAABDDDCCBDCADDDDADACAB,ABACABCCCDADCCBDBCDDCDABCCBCABCCABABCDADBDCDABAACCBBBDADBCBDABADCDBDABAABDDDCCBDACDDDDADACAB,,,5,10878,,,,,L_T1_GTR___standard/L_T1_GTR___zabuton_,,,,,L_T1_GTR03_33000001,,,
71320,108,,,,,,,,,,44,44,400000000000000000000000224000000007224142220000441520000000455225554600,,bb40ab96,,,,,,,,53,0,6,bb40ab96,3840,13123,,15255122245422141244241522215122515124454124515155221114542114514542411555144422142544,BACAABCCCDADCCBDBCDDCDBACCCBABCCABABCDDADBCDABABAACCBBBDADCBBDABDADCDBBAAABDDDCCBDCADD,ABACABCCCDADCCBDBCDDCDABCCBCABCCABABCDADBDCDABABAACCBBBDADBCBDABADCDBDABAABDDDCCBDACDD,,,6,13123,,,,,,,,,,,,,,51,41,55,522420000000525450000000151400000007214112400000212414240000422165000000,,00010887,,,,,,,,55,6,0,9,9,10887,,1525512224542214124424152221512251512445412451552211145421145145424115551444221425444454525141,BACAABCCCDADCCBDBCDDCDBACCCBABCCABABCDDADBCDABAACCBBBDADCBBDABDADCDBBAAABDDDCCBDCADDDDADACABDB,ABACABCCCDADCCBDBCDDCDABCCBCABCCABABCDADBDCDABAACCBBBDADBCBDABADCDBDABAABDDDCCBDACDDDDADACABBD,,,5,10887,,,,,L_T1_GTR___standard/L_T1_GTR___zabuton_,,,,,L_T1_GTR03_33000001,,,
71361,109,,,,,,,,,,44,44,400000000000000000000000224000000007224142220000441520000000455225554600,,bb40ab96,,,,,,,,53,0,6,bb40ab96,3840,13123,,15255122245422141244241522215122515124454124515155221114542114514542411555144422142544,BACAABCCCDADCCBDBCDDCDBACCCBABCCABABCDDADBCDABABAACCBBBDADCBBDABDADCDBBAAABDDDCCBDCADD,ABACABCCCDADCCBDBCDDCDABCCBCABCCABABCDADBDCDABABAACCBBBDADBCBDABADCDBDABAABDDDCCBDACDD,,,6,13123,,,,,,,,,,,,,,41,55,54,522421000000525455000000151400000007214112400000212414240000422165550000,,00010895,,,,,,,,56,7,0,8,8,10895,,152551222454221412442415222151225151244541245155221114542114514542411555144422142544445452514155,BACAABCCCDADCCBDBCDDCDBACCCBABCCABABCDDADBCDABAACCBBBDADCBBDABDADCDBBAAABDDDCCBDCADDDDADACABDBAA,ABACABCCCDADCCBDBCDDCDABCCBCABCCABABCDADBDCDABAACCBBBDADBCBDABADCDBDABAABDDDCCBDACDDDDADACABBDAA,,,5,10895,,,,,L_T1_GTR___standard/L_T1_GTR___zabuton_,,,,,L_T1_GTR03_33000001,,,
71364,110,,,,,,,,,,44,44,400000000000000000000000400000000007414222000000441520000000455225554600,,b110a136,,,,,,,,54,0,7,b110a136,14960,28083,,15255122245422141244241522215122515124454124515155221114542114514542411555144422142544,BACAABCCCDADCCBDBCDDCDBACCCBABCCABABCDDADBCDABABAACCBBBDADCBBDABDADCDBBAAABDDDCCBDCADD,ABACABCCCDADCCBDBCDDCDABCCBCABCCABABCDADBDCDABABAACCBBBDADBCBDABADCDBDABAABDDDCCBDACDD,,,7,28083,,,,,,,,,,,,,,41,55,54,522421000000525455000000151400000007214112400000212414240000422165550000,,00010895,,,,,,,,56,7,0,8,8,10895,,152551222454221412442415222151225151244541245155221114542114514542411555144422142544445452514155,BACAABCCCDADCCBDBCDDCDBACCCBABCCABABCDDADBCDABAACCBBBDADCBBDABDADCDBBAAABDDDCCBDCADDDDADACABDBAA,ABACABCCCDADCCBDBCDDCDABCCBCABCCABABCDADBDCDABAACCBBBDADBCBDABADCDBDABAABDDDCCBDACDDDDADACABBDAA,,,5,10895,,,,,L_T1_GTR___standard/L_T1_GTR___zabuton_,,,,,L_T1_GTR03_33000001,,,
71401,111,,,,,,,,,,44,44,400000000000000000000000400000000007414222000000441520000000455225554600,,b110a136,,,,,,,,54,0,7,b110a136,14960,28083,,15255122245422141244241522215122515124454124515155221114542114514542411555144422142544,BACAABCCCDADCCBDBCDDCDBACCCBABCCABABCDDADBCDABABAACCBBBDADCBBDABDADCDBBAAABDDDCCBDCADD,ABACABCCCDADCCBDBCDDCDABCCBCABCCABABCDADBDCDABABAACCBBBDADBCBDABADCDBDABAABDDDCCBDACDD,,,7,28083,,,,,,,,,,,,,,55,54,41,522421100000525455400000151400000007214112400000212414240000422165350000,,00010902,,,,,,,,57,8,0,7,7,10902,,15255122245422141244241522215122515124454124515522111454211451454241155514442214254444545251415554,BACAABCCCDADCCBDBCDDCDBACCCBABCCABABCDDADBCDABAACCBBBDADCBBDABDADCDBBAAABDDDCCBDCADDDDADACABDBAAAD,ABACABCCCDADCCBDBCDDCDABCCBCABCCABABCDADBDCDABAACCBBBDADBCBDABADCDBDABAABDDDCCBDACDDDDADACABBDAAAD,,,5,10902,,,,,L_T1_GTR___standard/L_T1_GTR___zabuton_,,,,,L_T1_GTR03_33000001,,,
71439,112,,,,,,,,,,44,44,400000000000000000000000400000000007414222000000441520000000455225554600,,b110a136,,,,,,,,54,0,7,b110a136,14960,28083,,15255122245422141244241522215122515124454124515155221114542114514542411555144422142544,BACAABCCCDADCCBDBCDDCDBACCCBABCCABABCDDADBCDABABAACCBBBDADCBBDABDADCDBBAAABDDDCCBDCADD,ABACABCCCDADCCBDBCDDCDABCCBCABCCABABCDADBDCDABABAACCBBBDADBCBDABADCDBDABAABDDDCCBDACDD,,,7,28083,,,,,,,,,,,,,,54,41,42,522421100000525455400000151400000007214112400000212414245500422165550000,,00010906,,,,,,,,58,9,0,4,4,10906,,1525512224542214124424152221512251512445412451552211145421145145424115551444221425444454525141555441,BACAABCCCDADCCBDBCDDCDBACCCBABCCABABCDDADBCDABAACCBBBDADCBBDABDADCDBBAAABDDDCCBDCADDDDADACABDBAAADDB,ABACABCCCDADCCBDBCDDCDABCCBCABCCABABCDADBDCDABAACCBBBDADBCBDABADCDBDABAABDDDCCBDACDDDDADACABBDAAADBD,,,5,10906,,,,,L_T1_GTR___standard/L_T1_GTR___zabuton_,,,,,L_T1_GTR03_33000001,,,
71448,113,,,,,,,,,,44,44,400000000000000000000000000000000007140000000000150000000000555554600000,,bb60a163,,,,,,,,55,0,8,bb60a163,9780,37863,,15255122245422141244241522215122515124454124515155221114542114514542411555144422142544,BACAABCCCDADCCBDBCDDCDBACCCBABCCABABCDDADBCDABABAACCBBBDADCBBDABDADCDBBAAABDDDCCBDCADD,ABACABCCCDADCCBDBCDDCDABCCBCABCCABABCDADBDCDABABAACCBBBDADBCBDABADCDBDABAABDDDCCBDACDD,,,8,37863,,,,,,,,,,,,,,54,41,42,522421100000525455400000151400000007214112400000212414245500422165550000,,00010906,,,,,,,,58,9,0,4,4,10906,,1525512224542214124424152221512251512445412451552211145421145145424115551444221425444454525141555441,BACAABCCCDADCCBDBCDDCDBACCCBABCCABABCDDADBCDABAACCBBBDADCBBDABDADCDBBAAABDDDCCBDCADDDDADACABDBAAADDB,ABACABCCCDADCCBDBCDDCDABCCBCABCCABABCDADBDCDABAACCBBBDADBCBDABADCDBDABAABDDDCCBDACDDDDADACABBDAAADBD,,,5,10906,,,,,L_T1_GTR___standard/L_T1_GTR___zabuton_,,,,,L_T1_GTR03_33000001,,,
71509,114,,,,,,,,,,44,44,400000000000000000000000000000000007140000000000150000000000555554600000,,bb60a163,,,,,,,,55,0,8,bb60a163,9780,37863,,15255122245422141244241522215122515124454124515155221114542114514542411555144422142544,BACAABCCCDADCCBDBCDDCDBACCCBABCCABABCDDADBCDABABAACCBBBDADCBBDABDADCDBBAAABDDDCCBDCADD,ABACABCCCDADCCBDBCDDCDABCCBCABCCABABCDADBDCDABABAACCBBBDADBCBDABADCDBDABAABDDDCCBDACDD,,,8,37863,,,,,,,,,,,,,,41,42,24,522421100000525455440000151450000007214112400000212414245500422165550000,,00010912,,,,,,,,59,10,0,6,6,10912,,152551222454221412442415222151225151244541245155221114542114514542411555144422142544445452514155544142,BACAABCCCDADCCBDBCDDCDBACCCBABCCABABCDDADBCDABAACCBBBDADCBBDABDADCDBBAAABDDDCCBDCADDDDADACABDBAAADDBDC,ABACABCCCDADCCBDBCDDCDABCCBCABCCABABCDADBDCDABAACCBBBDADBCBDABADCDBDABAABDDDCCBDACDDDDADACABBDAAADBDCD,,,5,10912,,,,,L_T1_GTR___standard/L_T1_GTR___zabuton_,,,,,L_T1_GTR03_33000001,,,
71547,115,,,,,,,,,44,44,54,400000000000000000000000000000000007140000000000100000000000460000000000,,00037869,,,,,,,,56,1,0,6,6,37869,,1525512224542214124424152221512251512445412451515522111454211451454241155514442214254444,BACAABCCCDADCCBDBCDDCDBACCCBABCCABABCDDADBCDABABAACCBBBDADCBBDABDADCDBBAAABDDDCCBDCADDDD,ABACABCCCDADCCBDBCDDCDABCCBCABCCABABCDADBDCDABABAACCBBBDADBCBDABADCDBDABAABDDDCCBDACDDDD,,,8,37869,,,,,,,,,,,,,,41,42,24,522421100000525455440000151450000007214112400000212414245500422165550000,,00010912,,,,,,,,59,10,0,6,6,10912,,152551222454221412442415222151225151244541245155221114542114514542411555144422142544445452514155544142,BACAABCCCDADCCBDBCDDCDBACCCBABCCABABCDDADBCDABAACCBBBDADCBBDABDADCDBBAAABDDDCCBDCADDDDADACABDBAAADDBDC,ABACABCCCDADCCBDBCDDCDABCCBCABCCABABCDADBDCDABAACCBBBDADBCBDABADCDBDABAABDDDCCBDACDDDDADACABBDAAADBDCD,,,5,10912,,,,,L_T1_GTR___standard/L_T1_GTR___zabuton_,,,,,L_T1_GTR03_33000001,,,
71597,116,,,,,,,,,44,54,52,400000000000000000000000000000000007140000000000144000000000460000000000,,00037880,,,,,,,,57,2,0,11,11,37880,,152551222454221412442415222151225151244541245151552211145421145145424115551444221425444454,BACAABCCCDADCCBDBCDDCDBACCCBABCCABABCDDADBCDABABAACCBBBDADCBBDABDADCDBBAAABDDDCCBDCADDDDAD,ABACABCCCDADCCBDBCDDCDABCCBCABCCABABCDADBDCDABABAACCBBBDADBCBDABADCDBDABAABDDDCCBDACDDDDAD,,,8,37880,,,,,,,,,,,,,,41,42,24,522421100000525455440000151450000007214112400000212414245500422165550000,,00010912,,,,,,,,59,10,0,6,6,10912,,152551222454221412442415222151225151244541245155221114542114514542411555144422142544445452514155544142,BACAABCCCDADCCBDBCDDCDBACCCBABCCABABCDDADBCDABAACCBBBDADCBBDABDADCDBBAAABDDDCCBDCADDDDADACABDBAAADDBDC,ABACABCCCDADCCBDBCDDCDABCCBCABCCABABCDADBDCDABAACCBBBDADBCBDABADCDBDABAABDDDCCBDACDDDDADACABBDAAADBDCD,,,5,10912,,,,,L_T1_GTR___standard/L_T1_GTR___zabuton_,,,,,L_T1_GTR03_33000001,,,
71625,117,,,,,,,,,44,54,52,400000000000000000000000000000000007140000000000144000000000460000000000,,00037880,,,,,,,,57,2,0,11,11,37880,,152551222454221412442415222151225151244541245151552211145421145145424115551444221425444454,BACAABCCCDADCCBDBCDDCDBACCCBABCCABABCDDADBCDABABAACCBBBDADCBBDABDADCDBBAAABDDDCCBDCADDDDAD,ABACABCCCDADCCBDBCDDCDABCCBCABCCABABCDADBDCDABABAACCBBBDADBCBDABADCDBDABAABDDDCCBDACDDDDAD,,,8,37880,,,,,,,,,,,,,,42,24,11,522421166666525455446666151456666607214112466666212414245566422165551466,,00010916,,,,,,,,60,11,0,4,4,10916,,15255122245422141244241522215122515124454124515522111454211451454241155514442214254444545251415554414224,BACAABCCCDADCCBDBCDDCDBACCCBABCCABABCDDADBCDABAACCBBBDADCBBDABDADCDBBAAABDDDCCBDCADDDDADACABDBAAADDBDCCD,ABACABCCCDADCCBDBCDDCDABCCBCABCCABABCDADBDCDABAACCBBBDADBCBDABADCDBDABAABDDDCCBDACDDDDADACABBDAAADBDCDCD,,,5,10916,,,,,L_T1_GTR___standard/L_T1_GTR___zabuton_,,,,,L_T1_GTR03_33000001,,,
71647,118,,,,,,,,,54,52,51,400000000000400000000000400000000007140000000000144000000000460000000000,,00037893,,,,,,,,58,3,0,13,13,37893,,15255122245422141244241522215122515124454124515155221114542114514542411555144422142544445452,BACAABCCCDADCCBDBCDDCDBACCCBABCCABABCDDADBCDABABAACCBBBDADCBBDABDADCDBBAAABDDDCCBDCADDDDADAC,ABACABCCCDADCCBDBCDDCDABCCBCABCCABABCDADBDCDABABAACCBBBDADBCBDABADCDBDABAABDDDCCBDACDDDDADAC,,,8,37893,,,,,,,,,,,,,,42,24,11,522421166666525455446666151456666607214112466666212414245566422165551466,,00010916,,,,,,,,60,11,0,4,4,10916,,15255122245422141244241522215122515124454124515522111454211451454241155514442214254444545251415554414224,BACAABCCCDADCCBDBCDDCDBACCCBABCCABABCDDADBCDABAACCBBBDADCBBDABDADCDBBAAABDDDCCBDCADDDDADACABDBAAADDBDCCD,ABACABCCCDADCCBDBCDDCDABCCBCABCCABABCDADBDCDABAACCBBBDADBCBDABADCDBDABAABDDDCCBDACDDDDADACABBDAAADBDCDCD,,,5,10916,,,,,L_T1_GTR___standard/L_T1_GTR___zabuton_,,,,,L_T1_GTR03_33000001,,,
71697,120,,,,,,,,,54,52,51,400000000000400000000000400000000007140000000000144000000000460000000000,,00037893,,,,,,,,58,3,0,13,13,37893,,15255122245422141244241522215122515124454124515155221114542114514542411555144422142544445452,BACAABCCCDADCCBDBCDDCDBACCCBABCCABABCDDADBCDABABAACCBBBDADCBBDABDADCDBBAAABDDDCCBDCADDDDADAC,ABACABCCCDADCCBDBCDDCDABCCBCABCCABABCDADBDCDABABAACCBBBDADBCBDABADCDBDABAABDDDCCBDACDDDDADAC,,,8,37893,,,,,,,,,,,,,,,24,11,500001166666500055446666151456666642230112466666200006245566400000051466,,00010919,,,,,lose,,,61,11,0,3,3,10919,,15255122245422141244241522215122515124454124515522111454211451454241155514442214254444545251415554414224,BACAABCCCDADCCBDBCDDCDBACCCBABCCABABCDDADBCDABAACCBBBDADCBBDABDADCDBBAAABDDDCCBDCADDDDADACABDBAAADDBDCCD,ABACABCCCDADCCBDBCDDCDABCCBCABCCABABCDADBDCDABAACCBBBDADBCBDABADCDBDABAABDDDCCBDACDDDDADACABBDAAADBDCDCD,,,5,10919,,,,,L_T1_GTR___standard/L_T1_GTR___zabuton_,,,,,L_T1_GTR03_33000001,,,
71701,119,,,,,,,,,52,51,41,454000000000400000000000400000000007140000000000144000000000460000000000,,00037905,,,,,,,,59,4,0,12,12,37905,,1525512224542214124424152221512251512445412451515522111454211451454241155514442214254444545251,BACAABCCCDADCCBDBCDDCDBACCCBABCCABABCDDADBCDABABAACCBBBDADCBBDABDADCDBBAAABDDDCCBDCADDDDADACAB,ABACABCCCDADCCBDBCDDCDABCCBCABCCABABCDADBDCDABABAACCBBBDADBCBDABADCDBDABAABDDDCCBDACDDDDADACAB,,,8,37905,,,,,,,,,,,,,,,24,11,500001166666500055446666151456666642230112466666200006245566400000051466,,00010919,,,,,lose,,,61,11,0,3,3,10919,,15255122245422141244241522215122515124454124515522111454211451454241155514442214254444545251415554414224,BACAABCCCDADCCBDBCDDCDBACCCBABCCABABCDDADBCDABAACCBBBDADCBBDABDADCDBBAAABDDDCCBDCADDDDADACABDBAAADDBDCCD,ABACABCCCDADCCBDBCDDCDABCCBCABCCABABCDADBDCDABAACCBBBDADBCBDABADCDBDABAABDDDCCBDACDDDDADACABBDAAADBDCDCD,,,5,10919,,,,,L_T1_GTR___standard/L_T1_GTR___zabuton_,,,,,L_T1_GTR03_33000001,,,
71706,120,,,,,,,,,,51,41,454000000000400000000000400000000527140000000000144000000000460000000000,,00037907,,,,,win,,,60,4,0,2,2,37907,,1525512224542214124424152221512251512445412451515522111454211451454241155514442214254444545251,BACAABCCCDADCCBDBCDDCDBACCCBABCCABABCDDADBCDABABAACCBBBDADCBBDABDADCDBBAAABDDDCCBDCADDDDADACAB,ABACABCCCDADCCBDBCDDCDABCCBCABCCABABCDADBDCDABABAACCBBBDADBCBDABADCDBDABAABDDDCCBDACDDDDADACAB,,,8,37907,,,,,,,,,,,,,,,24,11,500001166666500055446666151456666642230112466666200006245566400000051466,,00010919,,,,,lose,,,61,11,0,3,3,10919,,15255122245422141244241522215122515124454124515522111454211451454241155514442214254444545251415554414224,BACAABCCCDADCCBDBCDDCDBACCCBABCCABABCDDADBCDABAACCBBBDADCBBDABDADCDBBAAABDDDCCBDCADDDDADACABDBAAADDBDCCD,ABACABCCCDADCCBDBCDDCDABCCBCABCCABABCDADBDCDABAACCBBBDADBCBDABADCDBDABAABDDDCCBDACDDDDADACABBDAAADBDCDCD,,,5,10919,,,,,L_T1_GTR___standard/L_T1_GTR___zabuton_,,,,,L_T1_GTR03_33000001,,,
