58478,0,,,,,,,,,,12,14,000000000000000000000000000000000007000000000000000000000000000000000000,000000,00000000,,,,,,,,0,0,0,0,0,0,,12,AB,AB,,,0,0,,,,,,,,,,,,,,,12,14,000000000000000000000000000000000007000000000000000000000000000000000000,000000,00000000,,,,,,,,0,0,0,0,0,0,,12,AB,AB,,,0,0,,,,,,,,,,,,,
58627,2,,,,,,,,,12,14,14,000000000000000000000000000000000007000000000000000000000000000000000000,,00000000,,,,,,,,1,1,0,0,0,0,,1214,ABAC,ABAC,,,0,0,,,,,,,,,,,,,,12,14,14,000000000000000000000000000000000007000000000000000000000000000000000000,,00000000,,,,,,,,1,1,0,0,0,0,,1214,ABAC,ABAC,,,0,0,,,,,,,,,,,,,
58679,3,,,,,,,,,12,14,14,000000000000000000000000000000000007000000000000000000000000000000000000,,00000000,,,,,,,,1,1,0,0,0,0,,1214,ABAC,ABAC,,,0,0,,,,,,,,,,,,,,14,14,21,000000000000100000000000200000000007000000000000000000000000000000000000,,00000013,,,,,,,,2,2,0,13,13,13,,121414,ABACAC,ABACAC,,,0,13,,,,,,,,,,,,,
58683,4,,,,,,,,,14,14,21,120000000000000000000000000000000007000000000000000000000000000000000000,,00000013,,,,,,,,2,2,0,13,13,13,,121414,ABACAC,ABACAC,,,0,13,,,,,,,,,,,,,,14,14,21,000000000000100000000000200000000007000000000000000000000000000000000000,,00000013,,,,,,,,2,2,0,13,13,13,,121414,ABACAC,ABACAC,,,0,13,,,,,,,,,,,,,
58728,5,,,,,,,,,14,14,21,120000000000000000000000000000000007000000000000000000000000000000000000,,00000013,,,,,,,,2,2,0,13,13,13,,121414,ABACAC,ABACAC,,,0,13,,,,,,,,,,,,,,14,21,55,140000000000100000000000200000000007000000000000000000000000000000000000,,00000025,,,,,,,,3,3,0,12,12,25,,12141421,ABACACBA,ABACACAB,,,0,25,,,,,,,,,,,,,
58731,6,,,,,,,,,14,21,55,120000000000100000000000400000000007000000000000000000000000000000000000,,00000026,,,,,,,,3,3,0,13,13,26,,12141421,ABACACBA,ABACACAB,,,0,26,,,,,,,,,,,,,,14,21,55,140000000000100000000000200000000007000000000000000000000000000000000000,,00000025,,,,,,,,3,3,0,12,12,25,,12141421,ABACACBA,ABACACAB,,,0,25,,,,,,,,,,,,,
58777,7,,,,,,,,,14,21,55,120000000000100000000000400000000007000000000000000000000000000000000000,,00000026,,,,,,,,3,3,0,13,13,26,,12141421,ABACACBA,ABACACAB,,,0,26,,,,,,,,,,,,,,21,55,14,140000000000140000000000210000000007000000000000000000000000000000000000,,00000037,,,,,,,,4,4,0,12,12,37,,1214142155,ABACACBADD,ABACACABDD,,,0,37,,,,,,,,,,,,,
58781,8,,,,,,,,,21,55,14,120000000000100000000000414000000007000000000000000000000000000000000000,,00000039,,,,,,,,4,4,0,13,13,39,,1214142155,ABACACBADD,ABACACABDD,,,0,39,,,,,,,,,,L_T1_GTR03_31110001,,,,21,55,14,140000000000140000000000210000000007000000000000000000000000000000000000,,00000037,,,,,,,,4,4,0,12,12,37,,1214142155,ABACACBADD,ABACACABDD,,,0,37,,,,,,,,,,,,,
58823,9,,,,,,,,,21,55,14,120000000000100000000000414000000007000000000000000000000000000000000000,,00000039,,,,,,,,4,4,0,13,13,39,,1214142155,ABACACBADD,ABACACABDD,,,0,39,,,,,,,,,,L_T1_GTR03_31110001,,,,55,14,41,140000000000141000000000212000000007000000000000000000000000000000000000,,00000048,,,,,,,,5,5,0,11,11,48,,121414215514,ABACACBADDAC,ABACACABDDAC,,,0,48,,,,,L_T1_GTR___hekomi__,,,,,,,,
58831,10,,,,,,,,,55,14,41,120000000000121000000000414000000007000000000000000000000000000000000000,,00000050,,,,,,,,5,5,0,11,11,50,,121414215514,ABACACBADDAC,ABACACABDDAC,,,0,50,,,,,L_T1_GTR___hekomi__,,,,,,,,,55,14,41,140000000000141000000000212000000007000000000000000000000000000000000000,,00000048,,,,,,,,5,5,0,11,11,48,,121414215514,ABACACBADDAC,ABACACABDDAC,,,0,48,,,,,L_T1_GTR___hekomi__,,,,,,,,
58867,11,,,,,,,,,55,14,41,120000000000121000000000414000000007000000000000000000000000000000000000,,00000050,,,,,,,,5,5,0,11,11,50,,121414215514,ABACACBADDAC,ABACACABDDAC,,,0,50,,,,,L_T1_GTR___hekomi__,,,,,,,,,14,41,11,140000000000141500000000212500000007000000000000000000000000000000000000,,00000058,,,,,,,,6,6,0,10,10,58,,12141421551441,ABACACBADDACCA,ABACACABDDACAC,,,0,58,,,,,L_T1_GTR___hekomi__,,,,,,,,
58875,12,,,,,,,,,14,41,11,120000000000121500000000414500000007000000000000000000000000000000000000,,00000060,,,,,,,,6,6,0,10,10,60,,12141421551441,ABACACBADDACCA,ABACACABDDACAC,,,0,60,,,,,L_T1_GTR___hekomi__,,,,,,,,,14,41,11,140000000000141500000000212500000007000000000000000000000000000000000000,,00000058,,,,,,,,6,6,0,10,10,58,,12141421551441,ABACACBADDACCA,ABACACABDDACAC,,,0,58,,,,,L_T1_GTR___hekomi__,,,,,,,,
58917,13,,,,,,,,,14,41,11,120000000000121500000000414500000007000000000000000000000000000000000000,,00000060,,,,,,,,6,6,0,10,10,60,,12141421551441,ABACACBADDACCA,ABACACABDDACAC,,,0,60,,,,,L_T1_GTR___hekomi__,,,,,,,,,41,11,41,144100000000141500000000212500000007000000000000000000000000000000000000,,00000068,,,,,,,,7,7,0,10,10,68,,1214142155144111,ABACACBADDACCAAA,ABACACABDDACACAA,,,0,68,,,,,L_T1_GTR___standard,,,,,L_T1_GTR03_33000001,,,
58927,14,,,,,,,,,41,11,41,120000000000121500000000414500000007140000000000000000000000000000000000,,00000073,,,,,,,,7,7,0,13,13,73,,1214142155144111,ABACACBADDACCAAA,ABACACABDDACACAA,,,0,73,,,,,L_T1_GTR___hekomi__,,,,,L_T1_GTR03_32100001/L_T1_GTR03_22110001,,,,41,11,41,144100000000141500000000212500000007000000000000000000000000000000000000,,00000068,,,,,,,,7,7,0,10,10,68,,1214142155144111,ABACACBADDACCAAA,ABACACABDDACACAA,,,0,68,,,,,L_T1_GTR___standard,,,,,L_T1_GTR03_33000001,,,
58957,15,,,,,,,,,41,11,41,120000000000121500000000414500000007140000000000000000000000000000000000,,00000073,,,,,,,,7,7,0,13,13,73,,1214142155144111,ABACACBADDACCAAA,ABACACABDDACACAA,,,0,73,,,,,L_T1_GTR___hekomi__,,,,,L_T1_GTR03_32100001/L_T1_GTR03_22110001,,,,11,41,52,144114000000141500000000212500000007000000000000000000000000000000000000,,00000076,,,,,,,,8,8,0,8,8,76,,121414215514411141,ABACACBADDACCAAACA,ABACACABDDACACAAAC,,,0,76,,,,,L_T1_GTR___standard,,,,,L_T1_GTR03_33000001,,,
58981,16,,,,,,,,,11,41,52,120000000000121500000000414500000007140000000000140000000000000000000000,,00000085,,,,,,,,8,8,0,12,12,85,,121414215514411141,ABACACBADDACCAAACA,ABACACABDDACACAAAC,,,0,85,,,,,L_T1_GTR___hekomi__,,,,,L_T1_GTR03_51000001,,,,11,41,52,144114000000141500000000212500000007000000000000000000000000000000000000,,00000076,,,,,,,,8,8,0,8,8,76,,121414215514411141,ABACACBADDACCAAACA,ABACACABDDACACAAAC,,,0,76,,,,,L_T1_GTR___standard,,,,,L_T1_GTR03_33000001,,,
58997,17,,,,,,,,,11,41,52,120000000000121500000000414500000007140000000000140000000000000000000000,,00000085,,,,,,,,8,8,0,12,12,85,,121414215514411141,ABACACBADDACCAAACA,ABACACABDDACACAAAC,,,0,85,,,,,L_T1_GTR___hekomi__,,,,,L_T1_GTR03_51000001,,,,41,52,11,144114110000141500000000212500000007000000000000000000000000000000000000,,00000082,,,,,,,,9,9,0,6,6,82,,12141421551441114152,ABACACBADDACCAAACADB,ABACACABDDACACAAACBD,,,0,82,,,,,L_T1_GTR___standard,,,,,L_T1_GTR03_33000001,,,
59039,18,,,,,,,,,11,41,52,120000000000121500000000414500000007140000000000140000000000000000000000,,00000085,,,,,,,,8,8,0,12,12,85,,121414215514411141,ABACACBADDACCAAACA,ABACACABDDACACAAAC,,,0,85,,,,,L_T1_GTR___hekomi__,,,,,L_T1_GTR03_51000001,,,,52,11,51,144114110000141514000000212500000007000000000000000000000000000000000000,,00000090,,,,,,,,10,10,0,8,8,90,,1214142155144111415211,ABACACBADDACCAAACADBAA,ABACACABDDACACAAACBDAA,,,0,90,,,,,L_T1_GTR___standard,,,,,L_T1_GTR03_33000001,,,
59055,19,,,,,,,,,41,52,11,120000000000121500000000414500000007140000000000141000000000100000000000,,00000096,,,,,,,,9,9,0,11,11,96,,12141421551441114152,ABACACBADDACCAAACADB,ABACACABDDACACAAACBD,,,0,96,,,,,L_T1_GTR___hekomi__,,,,,,,,,52,11,51,144114110000141514000000212500000007000000000000000000000000000000000000,,00000090,,,,,,,,10,10,0,8,8,90,,1214142155144111415211,ABACACBADDACCAAACADBAA,ABACACABDDACACAAACBDAA,,,0,90,,,,,L_T1_GTR___standard,,,,,L_T1_GTR03_33000001,,,
59091,20,,,,,,,,,41,52,11,120000000000121500000000414500000007140000000000141000000000100000000000,,00000096,,,,,,,,9,9,0,11,11,96,,12141421551441114152,ABACACBADDACCAAACADB,ABACACABDDACACAAACBD,,,0,96,,,,,L_T1_GTR___hekomi__,,,,,,,,,11,51,52,144114110000141514000000212500000007520000000000000000000000000000000000,,00000103,,,,,,,,11,11,0,13,13,103,,121414215514411141521151,ABACACBADDACCAAACADBAADA,ABACACABDDACACAAACBDAAAD,,,0,103,,,,,L_T1_GTR___standard,,,,,L_T1_GTR03_33000001/L_T1_GTR03_32100001,,,
59108,21,,,,,,,,,52,11,51,120000000000121500000000414500000007140000000000141000000000141000000000,,00000108,,,,,,,,10,10,0,12,12,108,,1214142155144111415211,ABACACBADDACCAAACADBAA,ABACACABDDACACAAACBDAA,,,0,108,,,,,L_T1_GTR___hekomi__,,,,,,,,,11,51,52,144114110000141514000000212500000007520000000000000000000000000000000000,,00000103,,,,,,,,11,11,0,13,13,103,,121414215514411141521151,ABACACBADDACCAAACADBAADA,ABACACABDDACACAAACBDAAAD,,,0,103,,,,,L_T1_GTR___standard,,,,,L_T1_GTR03_33000001/L_T1_GTR03_32100001,,,
59143,22,,,,,,,,,52,11,51,120000000000121500000000414500000007140000000000141000000000141000000000,,00000108,,,,,,,,10,10,0,12,12,108,,1214142155144111415211,ABACACBADDACCAAACADBAA,ABACACABDDACACAAACBDAA,,,0,108,,,,,L_T1_GTR___hekomi__,,,,,,,,,51,52,54,144114110000141514000000212500000007520000000000100000000000100000000000,,00000116,,,,,,,,12,12,0,13,13,116,,12141421551441114152115152,ABACACBADDACCAAACADBAADADB,ABACACABDDACACAAACBDAAADBD,,,0,116,,,,,L_T1_GTR___standard,,,,,L_T1_GTR03_33000001/L_T1_GTR03_32100001,,,
59157,23,,,,,,,,,11,51,52,122500000000121500000000414500000007140000000000141000000000141000000000,,00000118,,,,,,,,11,11,0,10,10,118,,121414215514411141521151,ABACACBADDACCAAACADBAADA,ABACACABDDACACAAACBDAAAD,,,0,118,,,,,L_T1_GTR___standard/L_T1_GTR___zabuton_,,,,,L_T1_GTR03_33000001,,,,51,52,54,144114110000141514000000212500000007520000000000100000000000100000000000,,00000116,,,,,,,,12,12,0,13,13,116,,12141421551441114152115152,ABACACBADDACCAAACADBAADADB,ABACACABDDACACAAACBDAAADBD,,,0,116,,,,,L_T1_GTR___standard,,,,,L_T1_GTR03_33000001/L_T1_GTR03_32100001,,,
59197,24,,,,,,,,,11,51,52,122500000000121500000000414500000007140000000000141000000000141000000000,,00000118,,,,,,,,11,11,0,10,10,118,,121414215514411141521151,ABACACBADDACCAAACADBAADA,ABACACABDDACACAAACBDAAAD,,,0,118,,,,,L_T1_GTR___standard/L_T1_GTR___zabuton_,,,,,L_T1_GTR03_33000001,,,,52,54,54,144114110000141514000000212500000007520000000000100000000000115000000000,,00000127,,,,,,,,13,13,0,11,11,127,,1214142155144111415211515254,ABACACBADDACCAAACADBAADADBDC,ABACACABDDACACAAACBDAAADBDCD,,,0,127,,,,,L_T1_GTR___standard,,,,,L_T1_GTR03_33000001/L_T1_GTR03_32100001,,,
59199,25,,,,,,,,,51,52,54,122500000000121510000000414510000007140000000000141000000000141000000000,,00000127,,,,,,,,12,12,0,9,9,127,,12141421551441114152115152,ABACACBADDACCAAACADBAADADB,ABACACABDDACACAAACBDAAADBD,,,0,127,,,,,L_T1_GTR___standard/L_T1_GTR___zabuton_,,,,,L_T1_GTR03_33000001,,,,52,54,54,144114110000141514000000212500000007520000000000100000000000115000000000,,00000127,,,,,,,,13,13,0,11,11,127,,1214142155144111415211515254,ABACACBADDACCAAACADBAADADBDC,ABACACABDDACACAAACBDAAADBDCD,,,0,127,,,,,L_T1_GTR___standard,,,,,L_T1_GTR03_33000001/L_T1_GTR03_32100001,,,
59242,26,,,,,,,,,52,54,54,122515000000121510000000414510000007140000000000141000000000141000000000,,00000135,,,,,,,,13,13,0,8,8,135,,1214142155144111415211515254,ABACACBADDACCAAACADBAADADBDC,ABACACABDDACACAAACBDAAADBDCD,,,0,135,,,,,L_T1_GTR___standard/L_T1_GTR___zabuton_,,,,,L_T1_GTR03_33000001,,,,52,54,54,144114110000141514000000212500000007520000000000100000000000115000000000,,00000127,,,,,,,,13,13,0,11,11,127,,1214142155144111415211515254,ABACACBADDACCAAACADBAADADBDC,ABACACABDDACACAAACBDAAADBDCD,,,0,127,,,,,L_T1_GTR___standard,,,,,L_T1_GTR03_33000001/L_T1_GTR03_32100001,,,
59263,27,,,,,,,,,52,54,54,122515000000121510000000414510000007140000000000141000000000141000000000,,00000135,,,,,,,,13,13,0,8,8,135,,1214142155144111415211515254,ABACACBADDACCAAACADBAADADBDC,ABACACABDDACACAAACBDAAADBDCD,,,0,135,,,,,L_T1_GTR___standard/L_T1_GTR___zabuton_,,,,,L_T1_GTR03_33000001,,,,54,54,14,144114110000141514000000212500000007525000000000120000000000115000000000,,00000138,,,,,,,,14,14,0,11,11,138,,121414215514411141521151525454,ABACACBADDACCAAACADBAADADBDCDC,ABACACABDDACACAAACBDAAADBDCDCD,,,0,138,,,,,L_T1_GTR___standard,,,,,L_T1_GTR03_33000001,,,
59291,28,,,,,,,,,54,54,14,122515000000121510000000414510000007145200000000141000000000141000000000,,00000146,,,,,,,,14,14,0,11,11,146,,121414215514411141521151525454,ABACACBADDACCAAACADBAADADBDCDC,ABACACABDDACACAAACBDAAADBDCDCD,,,0,146,,,,,L_T1_GTR___standard/L_T1_GTR___zabuton_,,,,,L_T1_GTR03_33000001,,,,54,54,14,144114110000141514000000212500000007525000000000120000000000115000000000,,00000138,,,,,,,,14,14,0,11,11,138,,121414215514411141521151525454,ABACACBADDACCAAACADBAADADBDCDC,ABACACABDDACACAAACBDAAADBDCDCD,,,0,138,,,,,L_T1_GTR___standard,,,,,L_T1_GTR03_33000001,,,
59305,29,,,,,,,,,54,54,14,122515000000121510000000414510000007145200000000141000000000141000000000,,00000146,,,,,,,,14,14,0,11,11,146,,121414215514411141521151525454,ABACACBADDACCAAACADBAADADBDCDC,ABACACABDDACACAAACBDAAADBDCDCD,,,0,146,,,,,L_T1_GTR___standard/L_T1_GTR___zabuton_,,,,,L_T1_GTR03_33000001,,,,54,14,14,144114110000141514000000212554000007525000000000120000000000115000000000,,00000147,,,,,,,,15,15,0,9,9,147,,12141421551441114152115152545414,ABACACBADDACCAAACADBAADADBDCDCAC,ABACACABDDACACAAACBDAAADBDCDCDAC,,,0,147,,,,,L_T1_GTR___standard,,,,,L_T1_GTR03_33000001,,,
59332,30,,,,,,,,,54,14,14,122515000000121515400000414510000007145200000000141000000000141000000000,,00000154,,,,,,,,15,15,0,8,8,154,,12141421551441114152115152545414,ABACACBADDACCAAACADBAADADBDCDCAC,ABACACABDDACACAAACBDAAADBDCDCDAC,,,0,154,,,,,L_T1_GTR___standard/L_T1_GTR___zabuton_,,,,,L_T1_GTR03_33000001,,,,54,14,14,144114110000141514000000212554000007525000000000120000000000115000000000,,00000147,,,,,,,,15,15,0,9,9,147,,12141421551441114152115152545414,ABACACBADDACCAAACADBAADADBDCDCAC,ABACACABDDACACAAACBDAAADBDCDCDAC,,,0,147,,,,,L_T1_GTR___standard,,,,,L_T1_GTR03_33000001,,,
59355,31,,,,,,,,,54,14,14,122515000000121515400000414510000007145200000000141000000000141000000000,,00000154,,,,,,,,15,15,0,8,8,154,,12141421551441114152115152545414,ABACACBADDACCAAACADBAADADBDCDCAC,ABACACABDDACACAAACBDAAADBDCDCDAC,,,0,154,,,,,L_T1_GTR___standard/L_T1_GTR___zabuton_,,,,,L_T1_GTR03_33000001,,,,14,14,24,144114110000141514000000212554000007525000000000120000000000115540000000,,00000157,,,,,,,,16,16,0,10,10,157,,1214142155144111415211515254541414,ABACACBADDACCAAACADBAADADBDCDCACAC,ABACACABDDACACAAACBDAAADBDCDCDACAC,,,0,157,,,,,L_T1_GTR___standard,,,,,L_T1_GTR03_33000001,,,
59374,32,,,,,,,,,14,14,24,122515000000121515400000414515400007145200000000141000000000141000000000,,00000162,,,,,,,,16,16,0,8,8,162,,1214142155144111415211515254541414,ABACACBADDACCAAACADBAADADBDCDCACAC,ABACACABDDACACAAACBDAAADBDCDCDACAC,,,0,162,,,,,L_T1_GTR___standard/L_T1_GTR___zabuton_,,,,,L_T1_GTR03_33000001,,,,14,14,24,144114110000141514000000212554000007525000000000120000000000115540000000,,00000157,,,,,,,,16,16,0,10,10,157,,1214142155144111415211515254541414,ABACACBADDACCAAACADBAADADBDCDCACAC,ABACACABDDACACAAACBDAAADBDCDCDACAC,,,0,157,,,,,L_T1_GTR___standard,,,,,L_T1_GTR03_33000001,,,
59413,33,,,,,,,,,14,24,11,122515410000121515400000414515400007145200000000141000000000141000000000,,00000168,,,,,,,,17,17,0,6,6,168,,121414215514411141521151525454141424,ABACACBADDACCAAACADBAADADBDCDCACACBC,ABACACABDDACACAAACBDAAADBDCDCDACACBC,,,0,168,,,,,L_T1_GTR___standard/L_T1_GTR___zabuton_,,,,,L_T1_GTR03_33000001,,,,14,14,24,144114110000141514000000212554000007525000000000120000000000115540000000,,00000157,,,,,,,,16,16,0,10,10,157,,1214142155144111415211515254541414,ABACACBADDACCAAACADBAADADBDCDCACAC,ABACACABDDACACAAACBDAAADBDCDCDACAC,,,0,157,,,,,L_T1_GTR___standard,,,,,L_T1_GTR03_33000001,,,
59423,34,,,,,,,,,14,24,11,122515410000121515400000414515400007145200000000141000000000141000000000,,00000168,,,,,,,,17,17,0,6,6,168,,121414215514411141521151525454141424,ABACACBADDACCAAACADBAADADBDCDCACACBC,ABACACABDDACACAAACBDAAADBDCDCDACACBC,,,0,168,,,,,L_T1_GTR___standard/L_T1_GTR___zabuton_,,,,,L_T1_GTR03_33000001,,,,14,24,11,144114110000141514000000212554000007525400000000121000000000115540000000,,00000167,,,,,,,,17,17,0,10,10,167,,121414215514411141521151525454141424,ABACACBADDACCAAACADBAADADBDCDCACACBC,ABACACABDDACACAAACBDAAADBDCDCDACACBC,,,0,167,,,,,L_T1_GTR___standard,,,,,L_T1_GTR03_33000001,,,
59453,35,,,,,,,,,24,11,45,122515410000121515414000414515400007145200000000141000000000141000000000,,00000174,,,,,,,,18,18,0,6,6,174,,12141421551441114152115152545414142411,ABACACBADDACCAAACADBAADADBDCDCACACBCAA,ABACACABDDACACAAACBDAAADBDCDCDACACBCAA,,,0,174,,,,,L_T1_GTR___standard/L_T1_GTR___zabuton_,,,,,L_T1_GTR03_33000001,,,,14,24,11,144114110000141514000000212554000007525400000000121000000000115540000000,,00000167,,,,,,,,17,17,0,10,10,167,,121414215514411141521151525454141424,ABACACBADDACCAAACADBAADADBDCDCACACBC,ABACACABDDACACAAACBDAAADBDCDCDACACBC,,,0,167,,,,,L_T1_GTR___standard,,,,,L_T1_GTR03_33000001,,,
59457,36,,,,,,,,,24,11,45,122515410000121515414000414515400007145200000000141000000000141000000000,,00000174,,,,,,,,18,18,0,6,6,174,,12141421551441114152115152545414142411,ABACACBADDACCAAACADBAADADBDCDCACACBCAA,ABACACABDDACACAAACBDAAADBDCDCDACACBCAA,,,0,174,,,,,L_T1_GTR___standard/L_T1_GTR___zabuton_,,,,,L_T1_GTR03_33000001,,,,24,11,45,144114114100141514000000212554000007525400000000121000000000115540000000,,00000171,,,,,,,,18,18,0,4,4,171,,12141421551441114152115152545414142411,ABACACBADDACCAAACADBAADADBDCDCACACBCAA,ABACACABDDACACAAACBDAAADBDCDCDACACBCAA,,,0,171,,,,,L_T1_GTR___standard,,,,,L_T1_GTR03_33000001,,,
59499,37,,,,,,,,,11,45,42,122515410000121515414000414515400007145200000000141420000000141000000000,,00000183,,,,,,,,19,19,0,9,9,183,,1214142155144111415211515254541414241145,ABACACBADDACCAAACADBAADADBDCDCACACBCAACD,ABACACABDDACACAAACBDAAADBDCDCDACACBCAACD,,,0,183,,,,,L_T1_GTR___standard/L_T1_GTR___zabuton_,,,,,L_T1_GTR03_33000001,,,,24,11,45,144114114100141514000000212554000007525400000000121000000000115540000000,,00000171,,,,,,,,18,18,0,4,4,171,,12141421551441114152115152545414142411,ABACACBADDACCAAACADBAADADBDCDCACACBCAA,ABACACABDDACACAAACBDAAADBDCDCDACACBCAA,,,0,171,,,,,L_T1_GTR___standard,,,,,L_T1_GTR03_33000001,,,
59501,38,,,,,,,,,11,45,42,122515410000121515414000414515400007145200000000141420000000141000000000,,00000183,,,,,,,,19,19,0,9,9,183,,1214142155144111415211515254541414241145,ABACACBADDACCAAACADBAADADBDCDCACACBCAACD,ABACACABDDACACAAACBDAAADBDCDCDACACBCAACD,,,0,183,,,,,L_T1_GTR___standard/L_T1_GTR___zabuton_,,,,,L_T1_GTR03_33000001,,,,11,45,42,144114114100141514000000212554000007525400000000121000000000115544200000,,00000178,,,,,,,,19,19,0,7,7,178,,1214142155144111415211515254541414241145,ABACACBADDACCAAACADBAADADBDCDCACACBCAACD,ABACACABDDACACAAACBDAAADBDCDCDACACBCAACD,,,0,178,,,,,L_T1_GTR___standard,,,,,L_T1_GTR03_33000001,,,
59557,39,,,,,,,,,45,42,45,122515410000121515414100414515410007145200000000141420000000141000000000,,00000187,,,,,,,,20,20,0,4,4,187,,121414215514411141521151525454141424114542,ABACACBADDACCAAACADBAADADBDCDCACACBCAACDCB,ABACACABDDACACAAACBDAAADBDCDCDACACBCAACDBC,,,0,187,,,,,L_T1_GTR___standard/L_T1_GTR___zabuton_,,,,,L_T1_GTR03_33000001,,,,11,45,42,144114114100141514000000212554000007525400000000121000000000115544200000,,00000178,,,,,,,,19,19,0,7,7,178,,1214142155144111415211515254541414241145,ABACACBADDACCAAACADBAADADBDCDCACACBCAACD,ABACACABDDACACAAACBDAAADBDCDCDACACBCAACD,,,0,178,,,,,L_T1_GTR___standard,,,,,L_T1_GTR03_33000001,,,
59567,40,,,,,,,,,45,42,45,122515410000121515414100414515410007145200000000141420000000141000000000,,00000187,,,,,,,,20,20,0,4,4,187,,121414215514411141521151525454141424114542,ABACACBADDACCAAACADBAADADBDCDCACACBCAACDCB,ABACACABDDACACAAACBDAAADBDCDCDACACBCAACDBC,,,0,187,,,,,L_T1_GTR___standard/L_T1_GTR___zabuton_,,,,,L_T1_GTR03_33000001,,,,45,42,45,144114114110141514100000212554000007525400000000121000000000115544200000,,00000181,,,,,,,,20,20,0,3,3,181,,121414215514411141521151525454141424114542,ABACACBADDACCAAACADBAADADBDCDCACACBCAACDCB,ABACACABDDACACAAACBDAAADBDCDCDACACBCAACDBC,,,0,181,,,,,L_T1_GTR___standard,,,,,L_T1_GTR03_33000001,,,
59595,41,,,,,,,,,42,45,52,122515414500121515414100414515410007145200000000141420000000141000000000,,00000192,,,,,,,,21,21,0,5,5,192,,12141421551441114152115152545414142411454245,ABACACBADDACCAAACADBAADADBDCDCACACBCAACDCBCD,ABACACABDDACACAAACBDAAADBDCDCDACACBCAACDBCCD,,,0,192,,,,,L_T1_GTR___standard/L_T1_GTR___zabuton_,,,,,L_T1_GTR03_33000001,,,,45,42,45,144114114110141514100000212554000007525400000000121000000000115544200000,,00000181,,,,,,,,20,20,0,3,3,181,,121414215514411141521151525454141424114542,ABACACBADDACCAAACADBAADADBDCDCACACBCAACDCB,ABACACABDDACACAAACBDAAADBDCDCDACACBCAACDBC,,,0,181,,,,,L_T1_GTR___standard,,,,,L_T1_GTR03_33000001,,,
59609,42,,,,,,,,,42,45,52,122515414500121515414100414515410007145200000000141420000000141000000000,,00000192,,,,,,,,21,21,0,5,5,192,,12141421551441114152115152545414142411454245,ABACACBADDACCAAACADBAADADBDCDCACACBCAACDCBCD,ABACACABDDACACAAACBDAAADBDCDCDACACBCAACDBCCD,,,0,192,,,,,L_T1_GTR___standard/L_T1_GTR___zabuton_,,,,,L_T1_GTR03_33000001,,,,42,45,52,144114114115141514100000212554000007525400000000121000000000115544200000,,00000182,,,,,,,,21,21,0,1,1,182,,12141421551441114152115152545414142411454245,ABACACBADDACCAAACADBAADADBDCDCACACBCAACDCBCD,ABACACABDDACACAAACBDAAADBDCDCDACACBCAACDBCCD,,,0,182,,,,,L_T1_GTR___standard,,,,,L_T1_GTR03_33000001,,,
59647,43,,,,,,,,,45,52,44,122515414500121515414100414515410007145200000000141420000000141420000000,,00000202,,,,,,,,22,22,0,10,10,202,,1214142155144111415211515254541414241145424552,ABACACBADDACCAAACADBAADADBDCDCACACBCAACDCBCDDB,ABACACABDDACACAAACBDAAADBDCDCDACACBCAACDBCCDBD,,,0,202,,,,,L_T1_GTR___standard/L_T1_GTR___zabuton_,,,,,L_T1_GTR03_33000001,,,,42,45,52,144114114115141514100000212554000007525400000000121000000000115544200000,,00000182,,,,,,,,21,21,0,1,1,182,,12141421551441114152115152545414142411454245,ABACACBADDACCAAACADBAADADBDCDCACACBCAACDCBCD,ABACACABDDACACAAACBDAAADBDCDCDACACBCAACDBCCD,,,0,182,,,,,L_T1_GTR___standard,,,,,L_T1_GTR03_33000001,,,
59649,44,,,,,,,,,45,52,44,122515414500121515414100414515410007145200000000141420000000141420000000,,00000202,,,,,,,,22,22,0,10,10,202,,1214142155144111415211515254541414241145424552,ABACACBADDACCAAACADBAADADBDCDCACACBCAACDCBCDDB,ABACACABDDACACAAACBDAAADBDCDCDACACBCAACDBCCDBD,,,0,202,,,,,L_T1_GTR___standard/L_T1_GTR___zabuton_,,,,,L_T1_GTR03_33000001,,,,45,52,44,144114114115141514100000212554000007525400000000121000000000115544224000,,00000187,,,,,,,,22,22,0,5,5,187,,1214142155144111415211515254541414241145424552,ABACACBADDACCAAACADBAADADBDCDCACACBCAACDCBCDDB,ABACACABDDACACAAACBDAAADBDCDCDACACBCAACDBCCDBD,,,0,187,,,,,L_T1_GTR___standard,,,,,L_T1_GTR03_33000001,,,
59693,45,,,,,,,,,52,44,55,122515414500121515414100414515410007145254000000141420000000141420000000,,00000210,,,,,,,,23,23,0,8,8,210,,121414215514411141521151525454141424114542455244,ABACACBADDACCAAACADBAADADBDCDCACACBCAACDCBCDDBCC,ABACACABDDACACAAACBDAAADBDCDCDACACBCAACDBCCDBDCC,,,0,210,,,,,L_T1_GTR___standard/L_T1_GTR___zabuton_,,,,,L_T1_GTR03_33000001,,,,45,52,44,144114114115141514100000212554000007525400000000121000000000115544224000,,00000187,,,,,,,,22,22,0,5,5,187,,1214142155144111415211515254541414241145424552,ABACACBADDACCAAACADBAADADBDCDCACACBCAACDCBCDDB,ABACACABDDACACAAACBDAAADBDCDCDACACBCAACDBCCDBD,,,0,187,,,,,L_T1_GTR___standard,,,,,L_T1_GTR03_33000001,,,
59699,46,,,,,,,,,52,44,55,122515414500121515414100414515410007145254000000141420000000141420000000,,00000210,,,,,,,,23,23,0,8,8,210,,121414215514411141521151525454141424114542455244,ABACACBADDACCAAACADBAADADBDCDCACACBCAACDCBCDDBCC,ABACACABDDACACAAACBDAAADBDCDCDACACBCAACDBCCDBDCC,,,0,210,,,,,L_T1_GTR___standard/L_T1_GTR___zabuton_,,,,,L_T1_GTR03_33000001,,,,52,44,55,144114114115141514100000212554000007525400000000121540000000115544224000,,00000196,,,,,,,,23,23,0,9,9,196,,121414215514411141521151525454141424114542455244,ABACACBADDACCAAACADBAADADBDCDCACACBCAACDCBCDDBCC,ABACACABDDACACAAACBDAAADBDCDCDACACBCAACDBCCDBDCC,,,0,196,,,,,L_T1_GTR___standard,,,,,L_T1_GTR03_33000001,,,
59739,47,,,,,,,,,44,55,21,122515414500121515414100414515410007145254000000141425000000141422000000,,00000218,,,,,,,,24,24,0,8,8,218,,12141421551441114152115152545414142411454245524455,ABACACBADDACCAAACADBAADADBDCDCACACBCAACDCBCDDBCCDD,ABACACABDDACACAAACBDAAADBDCDCDACACBCAACDBCCDBDCCDD,,,0,218,,,,,L_T1_GTR___standard/L_T1_GTR___zabuton_,,,,,L_T1_GTR03_33000001,,,,52,44,55,144114114115141514100000212554000007525400000000121540000000115544224000,,00000196,,,,,,,,23,23,0,9,9,196,,121414215514411141521151525454141424114542455244,ABACACBADDACCAAACADBAADADBDCDCACACBCAACDCBCDDBCC,ABACACABDDACACAAACBDAAADBDCDCDACACBCAACDBCCDBDCC,,,0,196,,,,,L_T1_GTR___standard,,,,,L_T1_GTR03_33000001,,,
59743,48,,,,,,,,,44,55,21,122515414500121515414100414515410007145254000000141425000000141422000000,,00000218,,,,,,,,24,24,0,8,8,218,,12141421551441114152115152545414142411454245524455,ABACACBADDACCAAACADBAADADBDCDCACACBCAACDCBCDDBCCDD,ABACACABDDACACAAACBDAAADBDCDCDACACBCAACDBCCDBDCCDD,,,0,218,,,,,L_T1_GTR___standard/L_T1_GTR___zabuton_,,,,,L_T1_GTR03_33000001,,,,44,55,21,144114114115141514100000212554000007525425000000121540000000115544224000,,00000204,,,,,,,,24,24,0,8,8,204,,12141421551441114152115152545414142411454245524455,ABACACBADDACCAAACADBAADADBDCDCACACBCAACDCBCDDBCCDD,ABACACABDDACACAAACBDAAADBDCDCDACACBCAACDBCCDBDCCDD,,,0,204,,,,,L_T1_GTR___standard,,,,,L_T1_GTR03_33000001,,,
59777,49,,,,,,,,,44,55,21,122515414500121515414100414515410007145254000000141425000000141422000000,,00000218,,,,,,,,24,24,0,8,8,218,,12141421551441114152115152545414142411454245524455,ABACACBADDACCAAACADBAADADBDCDCACACBCAACDCBCDDBCCDD,ABACACABDDACACAAACBDAAADBDCDCDACACBCAACDBCCDBDCCDD,,,0,218,,,,,L_T1_GTR___standard/L_T1_GTR___zabuton_,,,,,L_T1_GTR03_33000001,,,,55,21,52,144114114115141514100000212554000007525425000000121540000000115544224440,,00000207,,,,,,,,25,25,0,3,3,207,,1214142155144111415211515254541414241145424552445521,ABACACBADDACCAAACADBAADADBDCDCACACBCAACDCBCDDBCCDDBA,ABACACABDDACACAAACBDAAADBDCDCDACACBCAACDBCCDBDCCDDAB,,,0,207,,,,,L_T1_GTR___standard,,,,,L_T1_GTR03_33000001,,,
59779,50,,,,,,,,,55,21,52,122515414500121515414100414515410007145254000000141425440000141422000000,,00000224,,,,,,,,25,25,0,6,6,224,,1214142155144111415211515254541414241145424552445521,ABACACBADDACCAAACADBAADADBDCDCACACBCAACDCBCDDBCCDDBA,ABACACABDDACACAAACBDAAADBDCDCDACACBCAACDBCCDBDCCDDAB,,,0,224,,,,,L_T1_GTR___standard/L_T1_GTR___zabuton_,,,,,L_T1_GTR03_33000001,,,,55,21,52,144114114115141514100000212554000007525425000000121540000000115544224440,,00000207,,,,,,,,25,25,0,3,3,207,,1214142155144111415211515254541414241145424552445521,ABACACBADDACCAAACADBAADADBDCDCACACBCAACDCBCDDBCCDDBA,ABACACABDDACACAAACBDAAADBDCDCDACACBCAACDBCCDBDCCDDAB,,,0,207,,,,,L_T1_GTR___standard,,,,,L_T1_GTR03_33000001,,,
59817,51,,,,,,,,,55,21,52,122515414500121515414100414515410007145254000000141425440000141422000000,,00000224,,,,,,,,25,25,0,6,6,224,,1214142155144111415211515254541414241145424552445521,ABACACBADDACCAAACADBAADADBDCDCACACBCAACDCBCDDBCCDDBA,ABACACABDDACACAAACBDAAADBDCDCDACACBCAACDBCCDBDCCDDAB,,,0,224,,,,,L_T1_GTR___standard/L_T1_GTR___zabuton_,,,,,L_T1_GTR03_33000001,,,,21,52,41,144114114115141514100000212554500007525425500000121540000000115544224440,,00000214,,,,,,,,26,26,0,7,7,214,,121414215514411141521151525454141424114542455244552152,ABACACBADDACCAAACADBAADADBDCDCACACBCAACDCBCDDBCCDDBADB,ABACACABDDACACAAACBDAAADBDCDCDACACBCAACDBCCDBDCCDDABBD,,,0,214,,,,,L_T1_GTR___standard,,,,,L_T1_GTR03_33000001,,,
59823,52,,,,,,,,,21,52,41,122515414500121515414100414515410007145254000000141425440000141422550000,,00000230,,,,,,,,26,26,0,6,6,230,,121414215514411141521151525454141424114542455244552152,ABACACBADDACCAAACADBAADADBDCDCACACBCAACDCBCDDBCCDDBADB,ABACACABDDACACAAACBDAAADBDCDCDACACBCAACDBCCDBDCCDDABBD,,,0,230,,,,,L_T1_GTR___standard/L_T1_GTR___zabuton_,,,,,L_T1_GTR03_33000001,,,,21,52,41,144114114115141514100000212554500007525425500000121540000000115544224440,,00000214,,,,,,,,26,26,0,7,7,214,,121414215514411141521151525454141424114542455244552152,ABACACBADDACCAAACADBAADADBDCDCACACBCAACDCBCDDBCCDDBADB,ABACACABDDACACAAACBDAAADBDCDCDACACBCAACDBCCDBDCCDDABBD,,,0,214,,,,,L_T1_GTR___standard,,,,,L_T1_GTR03_33000001,,,
59861,53,,,,,,,,,21,52,41,122515414500121515414100414515410007145254000000141425440000141422550000,,00000230,,,,,,,,26,26,0,6,6,230,,121414215514411141521151525454141424114542455244552152,ABACACBADDACCAAACADBAADADBDCDCACACBCAACDCBCDDBCCDDBADB,ABACACABDDACACAAACBDAAADBDCDCDACACBCAACDBCCDBDCCDDABBD,,,0,230,,,,,L_T1_GTR___standard/L_T1_GTR___zabuton_,,,,,L_T1_GTR03_33000001,,,,52,41,52,144114114115141514100000212554500007525425500000121542100000115544224440,,00000220,,,,,,,,27,27,0,6,6,220,,12141421551441114152115152545414142411454245524455215241,ABACACBADDACCAAACADBAADADBDCDCACACBCAACDCBCDDBCCDDBADBCA,ABACACABDDACACAAACBDAAADBDCDCDACACBCAACDBCCDBDCCDDABBDAC,,,0,220,,,,,L_T1_GTR___standard,,,,,L_T1_GTR03_33000001,,,
59888,54,,,,,,,,,52,41,52,122515414520121515414110414515410007145254000000141425440000141422550000,,00000233,,,,,,,,27,27,0,3,3,233,,12141421551441114152115152545414142411454245524455215241,ABACACBADDACCAAACADBAADADBDCDCACACBCAACDCBCDDBCCDDBADBCA,ABACACABDDACACAAACBDAAADBDCDCDACACBCAACDBCCDBDCCDDABBDAC,,,0,233,,,,,L_T1_GTR___standard/L_T1_GTR___zabuton_,,,,,L_T1_GTR03_33000001,,,,52,41,52,144114114115141514100000212554500007525425500000121542100000115544224440,,00000220,,,,,,,,27,27,0,6,6,220,,12141421551441114152115152545414142411454245524455215241,ABACACBADDACCAAACADBAADADBDCDCACACBCAACDCBCDDBCCDDBADBCA,ABACACABDDACACAAACBDAAADBDCDCDACACBCAACDBCCDBDCCDDABBDAC,,,0,220,,,,,L_T1_GTR___standard,,,,,L_T1_GTR03_33000001,,,
59897,55,,,,,,,,,52,41,52,122515414520121515414110414515410007145254000000141425440000141422550000,,00000233,,,,,,,,27,27,0,3,3,233,,12141421551441114152115152545414142411454245524455215241,ABACACBADDACCAAACADBAADADBDCDCACACBCAACDCBCDDBCCDDBADBCA,ABACACABDDACACAAACBDAAADBDCDCDACACBCAACDBCCDBDCCDDABBDAC,,,0,233,,,,,L_T1_GTR___standard/L_T1_GTR___zabuton_,,,,,L_T1_GTR03_33000001,,,,41,52,15,144114114115141514150000212554520007525425500000121542100000115544224440,,00000226,,,,,,,,28,28,0,6,6,226,,1214142155144111415211515254541414241145424552445521524152,ABACACBADDACCAAACADBAADADBDCDCACACBCAACDCBCDDBCCDDBADBCADB,ABACACABDDACACAAACBDAAADBDCDCDACACBCAACDBCCDBDCCDDABBDACBD,,,0,226,,,,,L_T1_GTR___standard,,,,,L_T1_GTR03_33000001,,,
59919,56,,,,,,,,,41,52,15,122515414522121515414115414515410007145254000000141425440000141422550000,,00000235,,,,,,,,28,28,0,2,2,235,,1214142155144111415211515254541414241145424552445521524152,ABACACBADDACCAAACADBAADADBDCDCACACBCAACDCBCDDBCCDDBADBCADB,ABACACABDDACACAAACBDAAADBDCDCDACACBCAACDBCCDBDCCDDABBDACBD,,,0,235,,,,,L_T1_GTR___standard/L_T1_GTR___zabuton_,,,,,L_T1_GTR03_33000001,,,,41,52,15,144114114115141514150000212554520007525425500000121542100000115544224440,,00000226,,,,,,,,28,28,0,6,6,226,,1214142155144111415211515254541414241145424552445521524152,ABACACBADDACCAAACADBAADADBDCDCACACBCAACDCBCDDBCCDDBADBCADB,ABACACABDDACACAAACBDAAADBDCDCDACACBCAACDBCCDBDCCDDABBDACBD,,,0,226,,,,,L_T1_GTR___standard,,,,,L_T1_GTR03_33000001,,,
59931,57,,,,,,,,,41,52,15,122515414522121515414115414515410007145254000000141425440000141422550000,,00000235,,,,,,,,28,28,0,2,2,235,,1214142155144111415211515254541414241145424552445521524152,ABACACBADDACCAAACADBAADADBDCDCACACBCAACDCBCDDBCCDDBADBCADB,ABACACABDDACACAAACBDAAADBDCDCDACACBCAACDBCCDBDCCDDABBDACBD,,,0,235,,,,,L_T1_GTR___standard/L_T1_GTR___zabuton_,,,,,L_T1_GTR03_33000001,,,,52,15,41,144114114115141514151400212554520007525425500000121542100000115544224440,,00000230,,,,,,,,29,29,0,4,4,230,,121414215514411141521151525454141424114542455244552152415215,ABACACBADDACCAAACADBAADADBDCDCACACBCAACDCBCDDBCCDDBADBCADBAD,ABACACABDDACACAAACBDAAADBDCDCDACACBCAACDBCCDBDCCDDABBDACBDAD,,,0,230,,,,,L_T1_GTR___standard,,,,,L_T1_GTR03_33000001,,,
59965,58,,,,,,,,,41,52,15,122515414522121515414115414515410007145254000000141425440000141422550000,,00000235,,,,,,,,28,28,0,2,2,235,,1214142155144111415211515254541414241145424552445521524152,ABACACBADDACCAAACADBAADADBDCDCACACBCAACDCBCDDBCCDDBADBCADB,ABACACABDDACACAAACBDAAADBDCDCDACACBCAACDBCCDBDCCDDABBDACBD,,,0,235,,,,,L_T1_GTR___standard/L_T1_GTR___zabuton_,,,,,L_T1_GTR03_33000001,,,,15,41,21,144114114115141514151400212554522507525425500000121542100000115544224440,,00000234,,,,,,,,30,30,0,4,4,234,,12141421551441114152115152545414142411454245524455215241521541,ABACACBADDACCAAACADBAADADBDCDCACACBCAACDCBCDDBCCDDBADBCADBADCA,ABACACABDDACACAAACBDAAADBDCDCDACACBCAACDBCCDBDCCDDABBDACBDADAC,,,0,234,,,,,L_T1_GTR___standard,,,,,L_T1_GTR03_33000001,,,
59967,59,,,,,,,,,52,15,41,122515414522121515414115414515410007145254140000141425440000141422550000,,00000241,,,,,,,,29,29,0,6,6,241,,121414215514411141521151525454141424114542455244552152415215,ABACACBADDACCAAACADBAADADBDCDCACACBCAACDCBCDDBCCDDBADBCADBAD,ABACACABDDACACAAACBDAAADBDCDCDACACBCAACDBCCDBDCCDDABBDACBDAD,,,0,241,,,,,L_T1_GTR___standard/L_T1_GTR___zabuton_,,,,,L_T1_GTR03_33000001,,,,15,41,21,144114114115141514151400212554522507525425500000121542100000115544224440,,00000234,,,,,,,,30,30,0,4,4,234,,12141421551441114152115152545414142411454245524455215241521541,ABACACBADDACCAAACADBAADADBDCDCACACBCAACDCBCDDBCCDDBADBCADBADCA,ABACACABDDACACAAACBDAAADBDCDCDACACBCAACDBCCDBDCCDDABBDACBDADAC,,,0,234,,,,,L_T1_GTR___standard,,,,,L_T1_GTR03_33000001,,,
59999,60,,,,,,,,,52,15,41,122515414522121515414115414515410007145254140000141425440000141422550000,,00000241,,,,,,,,29,29,0,6,6,241,,121414215514411141521151525454141424114542455244552152415215,ABACACBADDACCAAACADBAADADBDCDCACACBCAACDCBCDDBCCDDBADBCADBAD,ABACACABDDACACAAACBDAAADBDCDCDACACBCAACDBCCDBDCCDDABBDACBDAD,,,0,241,,,,,L_T1_GTR___standard/L_T1_GTR___zabuton_,,,,,L_T1_GTR03_33000001,,,,41,21,22,144114114115141514151400212554522507525425500000121542100000115544224441,,00000236,,,,,,,,31,31,0,2,2,236,,1214142155144111415211515254541414241145424552445521524152154121,ABACACBADDACCAAACADBAADADBDCDCACACBCAACDCBCDDBCCDDBADBCADBADCABA,ABACACABDDACACAAACBDAAADBDCDCDACACBCAACDBCCDBDCCDDABBDACBDADACAB,,,0,236,,,,,L_T1_GTR___standard,,,,,L_T1_GTR03_33000001,,,
60029,61,,,,,,,,,15,41,21,122515414522121515414115414515410007145254142500141425440000141422550000,,00000244,,,,,,,,30,30,0,3,3,244,,12141421551441114152115152545414142411454245524455215241521541,ABACACBADDACCAAACADBAADADBDCDCACACBCAACDCBCDDBCCDDBADBCADBADCA,ABACACABDDACACAAACBDAAADBDCDCDACACBCAACDBCCDBDCCDDABBDACBDADAC,,,0,244,,,,,L_T1_GTR___standard/L_T1_GTR___zabuton_,,,,,L_T1_GTR03_33000001,,,,41,21,22,144114114115141514151400212554522507525425500000121542100000115544224441,,00000236,,,,,,,,31,31,0,2,2,236,,1214142155144111415211515254541414241145424552445521524152154121,ABACACBADDACCAAACADBAADADBDCDCACACBCAACDCBCDDBCCDDBADBCADBADCABA,ABACACABDDACACAAACBDAAADBDCDCDACACBCAACDBCCDBDCCDDABBDACBDADACAB,,,0,236,,,,,L_T1_GTR___standard,,,,,L_T1_GTR03_33000001,,,
60039,62,,,,,,,,,15,41,21,122515414522121515414115414515410007145254142500141425440000141422550000,,00000244,,,,,,,,30,30,0,3,3,244,,12141421551441114152115152545414142411454245524455215241521541,ABACACBADDACCAAACADBAADADBDCDCACACBCAACDCBCDDBCCDDBADBCADBADCA,ABACACABDDACACAAACBDAAADBDCDCDACACBCAACDBCCDBDCCDDABBDACBDADAC,,,0,244,,,,,L_T1_GTR___standard/L_T1_GTR___zabuton_,,,,,L_T1_GTR03_33000001,,,,21,22,51,144114114115141514151400212554522507525425500000121542141000115544224441,,00000242,,,,,,,,32,32,0,6,6,242,,121414215514411141521151525454141424114542455244552152415215412122,ABACACBADDACCAAACADBAADADBDCDCACACBCAACDCBCDDBCCDDBADBCADBADCABABB,ABACACABDDACACAAACBDAAADBDCDCDACACBCAACDBCCDBDCCDDABBDACBDADACABBB,,,0,242,,,,,L_T1_GTR___standard,,,,,L_T1_GTR03_33000001,,,
60069,63,,,,,,,,,41,21,22,122515414522121515414115414515410007145254142500141425441500141422550000,,00000249,,,,,,,,31,31,0,5,5,249,,1214142155144111415211515254541414241145424552445521524152154121,ABACACBADDACCAAACADBAADADBDCDCACACBCAACDCBCDDBCCDDBADBCADBADCABA,ABACACABDDACACAAACBDAAADBDCDCDACACBCAACDBCCDBDCCDDABBDACBDADACAB,,,0,249,,,,,L_T1_GTR___standard/L_T1_GTR___zabuton_,,,,,L_T1_GTR03_33000001,,,,21,22,51,144114114115141514151400212554522507525425500000121542141000115544224441,,00000242,,,,,,,,32,32,0,6,6,242,,121414215514411141521151525454141424114542455244552152415215412122,ABACACBADDACCAAACADBAADADBDCDCACACBCAACDCBCDDBCCDDBADBCADBADCABABB,ABACACABDDACACAAACBDAAADBDCDCDACACBCAACDBCCDBDCCDDABBDACBDADACABBB,,,0,242,,,,,L_T1_GTR___standard,,,,,L_T1_GTR03_33000001,,,
60083,64,,,,,,,,,41,21,22,122515414522121515414115414515410007145254142500141425441500141422550000,,00000249,,,,,,,,31,31,0,5,5,249,,1214142155144111415211515254541414241145424552445521524152154121,ABACACBADDACCAAACADBAADADBDCDCACACBCAACDCBCDDBCCDDBADBCADBADCABA,ABACACABDDACACAAACBDAAADBDCDCDACACBCAACDBCCDBDCCDDABBDACBDADACAB,,,0,249,,,,,L_T1_GTR___standard/L_T1_GTR___zabuton_,,,,,L_T1_GTR03_33000001,,,,22,22,51,144114114115141514151400212554522507525425520000121542141100115544224441,,00000246,,,,,,,,33,33,0,4,4,246,,12141421551441114152115152545414142411454245524455215241521541212222,ABACACBADDACCAAACADBAADADBDCDCACACBCAACDCBCDDBCCDDBADBCADBADCABABBBB,ABACACABDDACACAAACBDAAADBDCDCDACACBCAACDBCCDBDCCDDABBDACBDADACABBBBB,,,0,246,,,,,L_T1_GTR___standard,,,,,L_T1_GTR03_33000001,,,
60097,65,,,,,,,,,41,21,22,122515414522121515414115414515410007145254142500141425441500141422550000,,00000249,,,,,,,,31,31,0,5,5,249,,1214142155144111415211515254541414241145424552445521524152154121,ABACACBADDACCAAACADBAADADBDCDCACACBCAACDCBCDDBCCDDBADBCADBADCABA,ABACACABDDACACAAACBDAAADBDCDCDACACBCAACDBCCDBDCCDDABBDACBDADACAB,,,0,249,,,,,L_T1_GTR___standard/L_T1_GTR___zabuton_,,,,,L_T1_GTR03_33000001,,,,22,51,24,144114114115141514151400212554522507525425520000121542141100115544224441,,00000246,,,,,,,,34,34,0,0,0,246,,1214142155144111415211515254541414241145424552445521524152154121222251,ABACACBADDACCAAACADBAADADBDCDCACACBCAACDCBCDDBCCDDBADBCADBADCABABBBBDA,ABACACABDDACACAAACBDAAADBDCDCDACACBCAACDBCCDBDCCDDABBDACBDADACABBBBBAD,,,0,246,,,,,L_T1_GTR___standard,,,,,L_T1_GTR03_33000001,,,
60107,66,,,,,,,,,21,22,51,122515414522121515414115414515410007145254142500141425441500141422551400,,00000253,,,,,,,,32,32,0,4,4,253,,121414215514411141521151525454141424114542455244552152415215412122,ABACACBADDACCAAACADBAADADBDCDCACACBCAACDCBCDDBCCDDBADBCADBADCABABB,ABACACABDDACACAAACBDAAADBDCDCDACACBCAACDBCCDBDCCDDABBDACBDADACABBB,,,0,253,,,,,L_T1_GTR___standard/L_T1_GTR___zabuton_,,,,,L_T1_GTR03_33000001,,,,22,51,24,144114114115141514151400212554522507525425520000121542141100115544224441,,00000246,,,,,,,,34,34,0,0,0,246,,1214142155144111415211515254541414241145424552445521524152154121222251,ABACACBADDACCAAACADBAADADBDCDCACACBCAACDCBCDDBCCDDBADBCADBADCABABBBBDA,ABACACABDDACACAAACBDAAADBDCDCDACACBCAACDBCCDBDCCDDABBDACBDADACABBBBBAD,,,0,246,,,,,L_T1_GTR___standard,,,,,L_T1_GTR03_33000001,,,
60141,67,,,,,,,,,22,51,24,122515414522121515414115414515410007145254142500141425441520141422551410,,00000256,,,,,,,,33,33,0,3,3,256,,12141421551441114152115152545414142411454245524455215241521541212251,ABACACBADDACCAAACADBAADADBDCDCACACBCAACDCBCDDBCCDDBADBCADBADCABABBDA,ABACACABDDACACAAACBDAAADBDCDCDACACBCAACDBCCDBDCCDDABBDACBDADACABBBAD,,,0,256,,,,,L_T1_GTR___standard/L_T1_GTR___zabuton_,,,,,L_T1_GTR03_33000001,,,,22,51,24,144114114115141514151400212554522507525425520000121542141100115544224441,,00000246,,,,,,,,34,34,0,0,0,246,,1214142155144111415211515254541414241145424552445521524152154121222251,ABACACBADDACCAAACADBAADADBDCDCACACBCAACDCBCDDBCCDDBADBCADBADCABABBBBDA,ABACACABDDACACAAACBDAAADBDCDCDACACBCAACDBCCDBDCCDDABBDACBDADACABBBBBAD,,,0,246,,,,,L_T1_GTR___standard,,,,,L_T1_GTR03_33000001,,,
60144,68,,,,,,,,,22,51,24,122515414522121515414115414515410007145254142500141425441520141422551410,,00000256,,,,,,,,33,33,0,3,3,256,,12141421551441114152115152545414142411454245524455215241521541212251,ABACACBADDACCAAACADBAADADBDCDCACACBCAACDCBCDDBCCDDBADBCADBADCABABBDA,ABACACABDDACACAAACBDAAADBDCDCDACACBCAACDBCCDBDCCDDABBDACBDADACABBBAD,,,0,256,,,,,L_T1_GTR___standard/L_T1_GTR___zabuton_,,,,,L_T1_GTR03_33000001,,,,,51,24,144114114115141514151400212554522527525425522000121542141100115544224441,,bb40abb1,,,,,,,,35,0,1,bb40abb1,40,286,,1214142155144111415211515254541414241145424552445521524152154121222251,ABACACBADDACCAAACADBAADADBDCDCACACBCAACDCBCDDBCCDDBADBCADBADCABABBBBDA,ABACACABDDACACAAACBDAAADBDCDCDACACBCAACDBCCDBDCCDDABBDACBDADACABBBBBAD,,,1,286,,,,,L_T1_GTR___standard,,,,,L_T1_GTR03_33000001,,,
60199,69,,,,,,,,,51,24,45,122515414522121515414115414515410007145254142520141425441522141422551410,,00000258,,,,,,,,34,34,0,2,2,258,,1214142155144111415211515254541414241145424552445521524152154121225124,ABACACBADDACCAAACADBAADADBDCDCACACBCAACDCBCDDBCCDDBADBCADBADCABABBDABC,ABACACABDDACACAAACBDAAADBDCDCDACACBCAACDBCCDBDCCDDABBDACBDADACABBBADBC,,,0,258,,,,,L_T1_GTR___standard/L_T1_GTR___zabuton_,,,,,L_T1_GTR03_33000001,,,,,51,24,144114114115141514151400212554522527525425522000121542141100115544224441,,bb40abb1,,,,,,,,35,0,1,bb40abb1,40,286,,1214142155144111415211515254541414241145424552445521524152154121222251,ABACACBADDACCAAACADBAADADBDCDCACACBCAACDCBCDDBCCDDBADBCADBADCABABBBBDA,ABACACABDDACACAAACBDAAADBDCDCDACACBCAACDBCCDBDCCDDABBDACBDADACABBBBBAD,,,1,286,,,,,L_T1_GTR___standard,,,,,L_T1_GTR03_33000001,,,
60228,70,,,,,,,,,51,24,45,122515414522121515414115414515410007145254142520141425441522141422551410,,00000258,,,,,,,,34,34,0,2,2,258,,1214142155144111415211515254541414241145424552445521524152154121225124,ABACACBADDACCAAACADBAADADBDCDCACACBCAACDCBCDDBCCDDBADBCADBADCABABBDABC,ABACACABDDACACAAACBDAAADBDCDCDACACBCAACDBCCDBDCCDDABBDACBDADACABBBADBC,,,0,258,,,,,L_T1_GTR___standard/L_T1_GTR___zabuton_,,,,,L_T1_GTR03_33000001,,,,,51,24,144114114115141514151400212554552007525425500000121542141100115544224441,,bb50ab10,,,,,,,,36,0,2,bb50ab10,500,786,,1214142155144111415211515254541414241145424552445521524152154121222251,ABACACBADDACCAAACADBAADADBDCDCACACBCAACDCBCDDBCCDDBADBCADBADCABABBBBDA,ABACACABDDACACAAACBDAAADBDCDCDACACBCAACDBCCDBDCCDDABBDACBDADACABBBBBAD,,,2,786,,,,,L_T1_GTR___standard,,,,,L_T1_GTR03_33000001,,,
60249,71,,,,,,,,,24,45,54,122515414522121515414115414515410007145254142520141425441522141422551411,,00000259,,,,,,,,35,35,0,1,1,259,,121414215514411141521151525454141424114542455244552152415215412122512445,ABACACBADDACCAAACADBAADADBDCDCACACBCAACDCBCDDBCCDDBADBCADBADCABABBDABCCD,ABACACABDDACACAAACBDAAADBDCDCDACACBCAACDBCCDBDCCDDABBDACBDADACABBBADBCCD,,,0,259,,,,,L_T1_GTR___standard/L_T1_GTR___zabuton_,,,,,L_T1_GTR03_33000001,,,,,51,24,144114114115141514151400212554552007525425500000121542141100115544224441,,bb50ab10,,,,,,,,36,0,2,bb50ab10,500,786,,1214142155144111415211515254541414241145424552445521524152154121222251,ABACACBADDACCAAACADBAADADBDCDCACACBCAACDCBCDDBCCDDBADBCADBADCABABBBBDA,ABACACABDDACACAAACBDAAADBDCDCDACACBCAACDBCCDBDCCDDABBDACBDADACABBBBBAD,,,2,786,,,,,L_T1_GTR___standard,,,,,L_T1_GTR03_33000001,,,
60276,72,,,,,,,,,,45,54,122515414522121515414115414515410007145254142522141425441522141422551411,,bb40abb1,,,,,,,,36,0,1,bb40abb1,40,299,,121414215514411141521151525454141424114542455244552152415215412122512445,ABACACBADDACCAAACADBAADADBDCDCACACBCAACDCBCDDBCCDDBADBCADBADCABABBDABCCD,ABACACABDDACACAAACBDAAADBDCDCDACACBCAACDBCCDBDCCDDABBDACBDADACABBBADBCCD,,,1,299,,,,,L_T1_GTR___standard/L_T1_GTR___zabuton_,,,,,L_T1_GTR03_33000001,,,,,51,24,144114114115141514151400212554552007525425500000121542141100115544224441,,bb50ab10,,,,,,,,36,0,2,bb50ab10,500,786,,1214142155144111415211515254541414241145424552445521524152154121222251,ABACACBADDACCAAACADBAADADBDCDCACACBCAACDCBCDDBCCDDBADBCADBADCABABBBBDA,ABACACABDDACACAAACBDAAADBDCDCDACACBCAACDBCCDBDCCDDABBDACBDADACABBBBBAD,,,2,786,,,,,L_T1_GTR___standard,,,,,L_T1_GTR03_33000001,,,
60308,73,,,,,,,,,,45,54,122515414522121515414115414515410007145254142522141425441522141422551411,,bb40abb1,,,,,,,,36,0,1,bb40abb1,40,299,,121414215514411141521151525454141424114542455244552152415215412122512445,ABACACBADDACCAAACADBAADADBDCDCACACBCAACDCBCDDBCCDDBADBCADBADCABABBDABCCD,ABACACABDDACACAAACBDAAADBDCDCDACACBCAACDBCCDBDCCDDABBDACBDADACABBBADBCCD,,,1,299,,,,,L_T1_GTR___standard/L_T1_GTR___zabuton_,,,,,L_T1_GTR03_33000001,,,,,51,24,144114114115141514114000212554200007525420000000121542141100115544224441,,bb40ab16,,,,,,,,37,0,3,bb40ab16,640,1426,,1214142155144111415211515254541414241145424552445521524152154121222251,ABACACBADDACCAAACADBAADADBDCDCACACBCAACDCBCDDBCCDDBADBCADBADCABABBBBDA,ABACACABDDACACAAACBDAAADBDCDCDACACBCAACDBCCDBDCCDDABBDACBDADACABBBBBAD,,,3,1426,,,,,L_T1_GTR___standard,,,,,L_T1_GTR03_33000001,,,
60367,74,,,,,,,,,45,54,43,122515414522121515414115414515410007145254142540141425441500141422551411,,00000301,,,,,,,,37,1,0,2,2,301,,12141421551441114152115152545414142411454245524455215241521541212251244554,ABACACBADDACCAAACADBAADADBDCDCACACBCAACDCBCDDBCCDDBADBCADBADCABABBDABCCDDC,ABACACABDDACACAAACBDAAADBDCDCDACACBCAACDBCCDBDCCDDABBDACBDADACABBBADBCCDCD,,,1,301,,,,,L_T1_GTR___standard/L_T1_GTR___zabuton_,,,,,L_T1_GTR03_33000001,,,,,51,24,144114114115141514114000212554200007525420000000121542141100115544224441,,bb40ab16,,,,,,,,37,0,3,bb40ab16,640,1426,,1214142155144111415211515254541414241145424552445521524152154121222251,ABACACBADDACCAAACADBAADADBDCDCACACBCAACDCBCDDBCCDDBADBCADBADCABABBBBDA,ABACACABDDACACAAACBDAAADBDCDCDACACBCAACDBCCDBDCCDDABBDACBDADACABBBBBAD,,,3,1426,,,,,L_T1_GTR___standard,,,,,L_T1_GTR03_33000001,,,
60391,75,,,,,,,,,45,54,43,122515414522121515414115414515410007145254142540141425441500141422551411,,00000301,,,,,,,,37,1,0,2,2,301,,12141421551441114152115152545414142411454245524455215241521541212251244554,ABACACBADDACCAAACADBAADADBDCDCACACBCAACDCBCDDBCCDDBADBCADBADCABABBDABCCDDC,ABACACABDDACACAAACBDAAADBDCDCDACACBCAACDBCCDBDCCDDABBDACBDADACABBBADBCCDCD,,,1,301,,,,,L_T1_GTR___standard/L_T1_GTR___zabuton_,,,,,L_T1_GTR03_33000001,,,,,51,24,144114411540141514400000212554200007525420000000121542141100115544224441,,bb50ab34,,,,,,,,38,0,4,bb50ab34,1700,3126,,1214142155144111415211515254541414241145424552445521524152154121222251,ABACACBADDACCAAACADBAADADBDCDCACACBCAACDCBCDDBCCDDBADBCADBADCABABBBBDA,ABACACABDDACACAAACBDAAADBDCDCDACACBCAACDBCCDBDCCDDABBDACBDADACABBBBBAD,,,4,3126,,,,,L_T1_GTR___standard,,,,,L_T1_GTR03_33000001,,,
60407,76,,,,,,,,,54,45,44,122515414522121515414115414515410007145254142540141425441554141422551411,,00000303,,,,,,,,38,2,0,2,2,303,,1214142155144111415211515254541414241145424552445521524152154121225124455445,ABACACBADDACCAAACADBAADADBDCDCACACBCAACDCBCDDBCCDDBADBCADBADCABABBDABCCDDCCD,ABACACABDDACACAAACBDAAADBDCDCDACACBCAACDBCCDBDCCDDABBDACBDADACABBBADBCCDCDCD,,,1,303,,,,,L_T1_GTR___standard/L_T1_GTR___zabuton_,,,,,L_T1_GTR03_33000001,,,,,51,24,144114411540141514400000212554200007525420000000121542141100115544224441,,bb50ab34,,,,,,,,38,0,4,bb50ab34,1700,3126,,1214142155144111415211515254541414241145424552445521524152154121222251,ABACACBADDACCAAACADBAADADBDCDCACACBCAACDCBCDDBCCDDBADBCADBADCABABBBBDA,ABACACABDDACACAAACBDAAADBDCDCDACACBCAACDBCCDBDCCDDABBDACBDADACABBBBBAD,,,4,3126,,,,,L_T1_GTR___standard,,,,,L_T1_GTR03_33000001,,,
60474,77,,,,,,,,,54,45,44,122515414522121515414115414515410007145254142540141425441554141422551411,,00000303,,,,,,,,38,2,0,2,2,303,,1214142155144111415211515254541414241145424552445521524152154121225124455445,ABACACBADDACCAAACADBAADADBDCDCACACBCAACDCBCDDBCCDDBADBCADBADCABABBDABCCDDCCD,ABACACABDDACACAAACBDAAADBDCDCDACACBCAACDBCCDBDCCDDABBDACBDADACABBBADBCCDCDCD,,,1,303,,,,,L_T1_GTR___standard/L_T1_GTR___zabuton_,,,,,L_T1_GTR03_33000001,,,,,51,24,144111154000141510000000212552000007525420000000121542141100115544224441,,bb50ab66,,,,,,,,39,0,5,bb50ab66,3300,6426,,1214142155144111415211515254541414241145424552445521524152154121222251,ABACACBADDACCAAACADBAADADBDCDCACACBCAACDCBCDDBCCDDBADBCADBADCABABBBBDA,ABACACABDDACACAAACBDAAADBDCDCDACACBCAACDBCCDBDCCDDABBDACBDADACABBBBBAD,,,5,6426,,,,,L_T1_GTR___standard,,,,,L_T1_GTR03_33000001,,,
60476,78,,,,,,,,,45,44,24,122515414522121515414115414515410007145254142540141425441554141422551411,,00000304,,,,,,,,39,3,0,1,1,304,,121414215514411141521151525454141424114542455244552152415215412122512445544544,ABACACBADDACCAAACADBAADADBDCDCACACBCAACDCBCDDBCCDDBADBCADBADCABABBDABCCDDCCDCC,ABACACABDDACACAAACBDAAADBDCDCDACACBCAACDBCCDBDCCDDABBDACBDADACABBBADBCCDCDCDCC,,,1,304,,,,,L_T1_GTR___standard/L_T1_GTR___zabuton_,,,,,L_T1_GTR03_33000001,,,,,51,24,144111154000141510000000212552000007525420000000121542141100115544224441,,bb50ab66,,,,,,,,39,0,5,bb50ab66,3300,6426,,1214142155144111415211515254541414241145424552445521524152154121222251,ABACACBADDACCAAACADBAADADBDCDCACACBCAACDCBCDDBCCDDBADBCADBADCABABBBBDA,ABACACABDDACACAAACBDAAADBDCDCDACACBCAACDBCCDBDCCDDABBDACBDADACABBBBBAD,,,5,6426,,,,,L_T1_GTR___standard,,,,,L_T1_GTR03_33000001,,,
60558,79,,,,,,,,,45,44,24,122515414522121515414115414515410007145254142540141425441554141422551411,,00000304,,,,,,,,39,3,0,1,1,304,,121414215514411141521151525454141424114542455244552152415215412122512445544544,ABACACBADDACCAAACADBAADADBDCDCACACBCAACDCBCDDBCCDDBADBCADBADCABABBDABCCDDCCDCC,ABACACABDDACACAAACBDAAADBDCDCDACACBCAACDBCCDBDCCDDABBDACBDADACABBBADBCCDCDCDCC,,,1,304,,,,,L_T1_GTR___standard/L_T1_GTR___zabuton_,,,,,L_T1_GTR03_33000001,,,,,51,24,144540000000141500000000212552000007525420000000121542141100115544224441,,bb40ab96,,,,,,,,40,0,6,bb40ab96,3840,10266,,1214142155144111415211515254541414241145424552445521524152154121222251,ABACACBADDACCAAACADBAADADBDCDCACACBCAACDCBCDDBCCDDBADBCADBADCABABBBBDA,ABACACABDDACACAAACBDAAADBDCDCDACACBCAACDBCCDBDCCDDABBDACBDADACABBBBBAD,,,6,10266,,,,,L_T1_GTR___standard,,,,,L_T1_GTR03_33000001,,,
60567,80,,,,,,,,,44,24,21,122515414522121515414115414515415407145254142540141425441554141422551411,,00000308,,,,,,,,40,4,0,4,4,308,,12141421551441114152115152545414142411454245524455215241521541212251244554454424,ABACACBADDACCAAACADBAADADBDCDCACACBCAACDCBCDDBCCDDBADBCADBADCABABBDABCCDDCCDCCBC,ABACACABDDACACAAACBDAAADBDCDCDACACBCAACDBCCDBDCCDDABBDACBDADACABBBADBCCDCDCDCCBC,,,1,308,,,,,L_T1_GTR___standard/L_T1_GTR___zabuton_,,,,,L_T1_GTR03_33000001,,,,,51,24,144540000000141500000000212552000007525420000000121542141100115544224441,,bb40ab96,,,,,,,,40,0,6,bb40ab96,3840,10266,,1214142155144111415211515254541414241145424552445521524152154121222251,ABACACBADDACCAAACADBAADADBDCDCACACBCAACDCBCDDBCCDDBADBCADBADCABABBBBDA,ABACACABDDACACAAACBDAAADBDCDCDACACBCAACDBCCDBDCCDDABBDACBDADACABBBBBAD,,,6,10266,,,,,L_T1_GTR___standard,,,,,L_T1_GTR03_33000001,,,
60610,81,,,,,,,,,,24,21,122515414522121515414115414515415447145254142544141425441554141422551411,,bb50abb2,,,,,,,,41,0,1,bb50abb2,100,408,,12141421551441114152115152545414142411454245524455215241521541212251244554454424,ABACACBADDACCAAACADBAADADBDCDCACACBCAACDCBCDDBCCDDBADBCADBADCABABBDABCCDDCCDCCBC,ABACACABDDACACAAACBDAAADBDCDCDACACBCAACDBCCDBDCCDDABBDACBDADACABBBADBCCDCDCDCCBC,,,1,408,,,,,L_T1_GTR___standard/L_T1_GTR___zabuton_,,,,,L_T1_GTR03_33000001,,,,,51,24,144540000000141500000000212552000007525420000000121542141100115544224441,,bb40ab96,,,,,,,,40,0,6,bb40ab96,3840,10266,,1214142155144111415211515254541414241145424552445521524152154121222251,ABACACBADDACCAAACADBAADADBDCDCACACBCAACDCBCDDBCCDDBADBCADBADCABABBBBDA,ABACACABDDACACAAACBDAAADBDCDCDACACBCAACDBCCDBDCCDDABBDACBDADACABBBBBAD,,,6,10266,,,,,L_T1_GTR___standard,,,,,L_T1_GTR03_33000001,,,
60640,82,,,,,,,,,,24,21,122515414522121515414115414515415447145254142544141425441554141422551411,,bb50abb2,,,,,,,,41,0,1,bb50abb2,100,408,,12141421551441114152115152545414142411454245524455215241521541212251244554454424,ABACACBADDACCAAACADBAADADBDCDCACACBCAACDCBCDDBCCDDBADBCADBADCABABBDABCCDDCCDCCBC,ABACACABDDACACAAACBDAAADBDCDCDACACBCAACDBCCDBDCCDDABBDACBDADACABBBADBCCDCDCDCCBC,,,1,408,,,,,L_T1_GTR___standard/L_T1_GTR___zabuton_,,,,,L_T1_GTR03_33000001,,,,,51,24,144400000000141000000000212200000007525420000000121542141100115544224441,,bb40a128,,,,,,,,41,0,7,bb40a128,5120,15386,,1214142155144111415211515254541414241145424552445521524152154121222251,ABACACBADDACCAAACADBAADADBDCDCACACBCAACDCBCDDBCCDDBADBCADBADCABABBBBDA,ABACACABDDACACAAACBDAAADBDCDCDACACBCAACDBCCDBDCCDDABBDACBDADACABBBBBAD,,,7,15386,,,,,,,,,,,,,
60690,83,,,,,,,,,,24,21,122515414522121515414115414515415007145254142500141425441500141422551411,,bb40abb8,,,,,,,,42,0,2,bb40abb8,320,728,,12141421551441114152115152545414142411454245524455215241521541212251244554454424,ABACACBADDACCAAACADBAADADBDCDCACACBCAACDCBCDDBCCDDBADBCADBADCABABBDABCCDDCCDCCBC,ABACACABDDACACAAACBDAAADBDCDCDACACBCAACDBCCDBDCCDDABBDACBDADACABBBADBCCDCDCDCCBC,,,2,728,,,,,L_T1_GTR___standard/L_T1_GTR___zabuton_,,,,,L_T1_GTR03_33000001,,,,,51,24,144400000000141000000000212200000007525420000000121542141100115544224441,,bb40a128,,,,,,,,41,0,7,bb40a128,5120,15386,,1214142155144111415211515254541414241145424552445521524152154121222251,ABACACBADDACCAAACADBAADADBDCDCACACBCAACDCBCDDBCCDDBADBCADBADCABABBBBDA,ABACACABDDACACAAACBDAAADBDCDCDACACBCAACDBCCDBDCCDDABBDACBDADACABBBBBAD,,,7,15386,,,,,,,,,,,,,
60720,84,,,,,,,,,,24,21,122515414522121515414115414515415007145254142500141425441500141422551411,,bb40abb8,,,,,,,,42,0,2,bb40abb8,320,728,,12141421551441114152115152545414142411454245524455215241521541212251244554454424,ABACACBADDACCAAACADBAADADBDCDCACACBCAACDCBCDDBCCDDBADBCADBADCABABBDABCCDDCCDCCBC,ABACACABDDACACAAACBDAAADBDCDCDACACBCAACDBCCDBDCCDDABBDACBDADACABBBADBCCDCDCDCCBC,,,2,728,,,,,L_T1_GTR___standard/L_T1_GTR___zabuton_,,,,,L_T1_GTR03_33000001,,,,,51,24,100000000000110000000000212200000007525420000000121542141100115544224441,,bb40a160,,,,,,,,42,0,8,bb40a160,6400,21786,,1214142155144111415211515254541414241145424552445521524152154121222251,ABACACBADDACCAAACADBAADADBDCDCACACBCAACDCBCDDBCCDDBADBCADBADCABABBBBDA,ABACACABDDACACAAACBDAAADBDCDCDACACBCAACDBCCDBDCCDDABBDACBDADACABBBBBAD,,,8,21786,,,,,,,,,,,,,
60755,85,,,,,,,,,24,21,45,122515414522121515414115414515415007145254142000141425441000141422551421,,00000730,,,,,,,,43,1,0,2,2,730,,1214142155144111415211515254541414241145424552445521524152154121225124455445442421,ABACACBADDACCAAACADBAADADBDCDCACACBCAACDCBCDDBCCDDBADBCADBADCABABBDABCCDDCCDCCBCBA,ABACACABDDACACAAACBDAAADBDCDCDACACBCAACDBCCDBDCCDDABBDACBDADACABBBADBCCDCDCDCCBCAB,,,2,730,,,,,L_T1_GTR___standard/L_T1_GTR___zabuton_,,,,,L_T1_GTR03_33000001,,,,,51,24,100000000000110000000000212200000007525420000000121542141100115544224441,,bb40a160,,,,,,,,42,0,8,bb40a160,6400,21786,,1214142155144111415211515254541414241145424552445521524152154121222251,ABACACBADDACCAAACADBAADADBDCDCACACBCAACDCBCDDBCCDDBADBCADBADCABABBBBDA,ABACACABDDACACAAACBDAAADBDCDCDACACBCAACDBCCDBDCCDDABBDACBDADACABBBBBAD,,,8,21786,,,,,,,,,,,,,
60801,86,,,,,,,,,21,45,55,122515414522121515414115414515415007145254142240141425441000141422551411,,00000734,,,,,,,,44,2,0,4,4,734,,121414215514411141521151525454141424114542455244552152415215412122512445544544242145,ABACACBADDACCAAACADBAADADBDCDCACACBCAACDCBCDDBCCDDBADBCADBADCABABBDABCCDDCCDCCBCBACD,ABACACABDDACACAAACBDAAADBDCDCDACACBCAACDBCCDBDCCDDABBDACBDADACABBBADBCCDCDCDCCBCABCD,,,2,734,,,,,L_T1_GTR___standard/L_T1_GTR___zabuton_,,,,,L_T1_GTR03_33000001,,,,,51,24,100000000000110000000000212200000007525420000000121542141100115544224441,,bb40a160,,,,,,,,42,0,8,bb40a160,6400,21786,,1214142155144111415211515254541414241145424552445521524152154121222251,ABACACBADDACCAAACADBAADADBDCDCACACBCAACDCBCDDBCCDDBADBCADBADCABABBBBDA,ABACACABDDACACAAACBDAAADBDCDCDACACBCAACDBCCDBDCCDDABBDACBDADACABBBBBAD,,,8,21786,,,,,,,,,,,,,
60802,87,,,,,,,,,21,45,55,122515414522121515414115414515415007145254142240141425441000141422551411,,00000734,,,,,,,,44,2,0,4,4,734,,121414215514411141521151525454141424114542455244552152415215412122512445544544242145,ABACACBADDACCAAACADBAADADBDCDCACACBCAACDCBCDDBCCDDBADBCADBADCABABBDABCCDDCCDCCBCBACD,ABACACABDDACACAAACBDAAADBDCDCDACACBCAACDBCCDBDCCDDABBDACBDADACABBBADBCCDCDCDCCBCABCD,,,2,734,,,,,L_T1_GTR___standard/L_T1_GTR___zabuton_,,,,,L_T1_GTR03_33000001,,,,,51,24,000000000000000000000000222000000007525420000000121542141100115544224441,,bb50a194,,,,,,,,43,0,9,bb50a194,9700,31486,,1214142155144111415211515254541414241145424552445521524152154121222251,ABACACBADDACCAAACADBAADADBDCDCACACBCAACDCBCDDBCCDDBADBCADBADCABABBBBDA,ABACACABDDACACAAACBDAAADBDCDCDACACBCAACDBCCDBDCCDDABBDACBDADACABBBBBAD,,,9,31486,,,,,,,,,,,,,
60859,88,,,,,,,,,45,55,25,122515414522121515414115414515415007145254142242141425441200141422551411,,00000736,,,,,,,,45,3,0,2,2,736,,12141421551441114152115152545414142411454245524455215241521541212251244554454424214555,ABACACBADDACCAAACADBAADADBDCDCACACBCAACDCBCDDBCCDDBADBCADBADCABABBDABCCDDCCDCCBCBACDDD,ABACACABDDACACAAACBDAAADBDCDCDACACBCAACDBCCDBDCCDDABBDACBDADACABBBADBCCDCDCDCCBCABCDDD,,,2,736,,,,,L_T1_GTR___standard/L_T1_GTR___zabuton_,,,,,L_T1_GTR03_33000001,,,,,51,24,000000000000000000000000222000000007525420000000121542141100115544224441,,bb50a194,,,,,,,,43,0,9,bb50a194,9700,31486,,1214142155144111415211515254541414241145424552445521524152154121222251,ABACACBADDACCAAACADBAADADBDCDCACACBCAACDCBCDDBCCDDBADBCADBADCABABBBBDA,ABACACABDDACACAAACBDAAADBDCDCDACACBCAACDBCCDBDCCDDABBDACBDADACABBBBBAD,,,9,31486,,,,,,,,,,,,,
60880,89,,,,,,,,,45,55,25,122515414522121515414115414515415007145254142242141425441200141422551411,,00000736,,,,,,,,45,3,0,2,2,736,,12141421551441114152115152545414142411454245524455215241521541212251244554454424214555,ABACACBADDACCAAACADBAADADBDCDCACACBCAACDCBCDDBCCDDBADBCADBADCABABBDABCCDDCCDCCBCBACDDD,ABACACABDDACACAAACBDAAADBDCDCDACACBCAACDBCCDBDCCDDABBDACBDADACABBBADBCCDCDCDCCBCABCDDD,,,2,736,,,,,L_T1_GTR___standard/L_T1_GTR___zabuton_,,,,,L_T1_GTR03_33000001,,,,,51,24,000000000000000000000000000000000007554200000000115421411000115544224441,,bb40a224,,,,,,,,44,0,10,bb40a224,8960,40446,,1214142155144111415211515254541414241145424552445521524152154121222251,ABACACBADDACCAAACADBAADADBDCDCACACBCAACDCBCDDBCCDDBADBCADBADCABABBBBDA,ABACACABDDACACAAACBDAAADBDCDCDACACBCAACDBCCDBDCCDDABBDACBDADACABBBBBAD,,,9,40446,,,,,,,,,,R_T1_GTR03_22200002,,,
60943,90,,,,,,,,,55,25,54,122515414522121515414115414515415007145254142241141425441245141422551411,,00000737,,,,,,,,46,4,0,1,1,737,,1214142155144111415211515254541414241145424552445521524152154121225124455445442421455525,ABACACBADDACCAAACADBAADADBDCDCACACBCAACDCBCDDBCCDDBADBCADBADCABABBDABCCDDCCDCCBCBACDDDBD,ABACACABDDACACAAACBDAAADBDCDCDACACBCAACDBCCDBDCCDDABBDACBDADACABBBADBCCDCDCDCCBCABCDDDBD,,,2,737,,,,,L_T1_GTR___standard/L_T1_GTR___zabuton_,,,,,L_T1_GTR03_33000001,,,,,51,24,000000000000000000000000000000000007554200000000115421411000115544224441,,bb40a224,,,,,,,,44,0,10,bb40a224,8960,40446,,1214142155144111415211515254541414241145424552445521524152154121222251,ABACACBADDACCAAACADBAADADBDCDCACACBCAACDCBCDDBCCDDBADBCADBADCABABBBBDA,ABACACABDDACACAAACBDAAADBDCDCDACACBCAACDBCCDBDCCDDABBDACBDADACABBBBBAD,,,9,40446,,,,,,,,,,R_T1_GTR03_22200002,,,
60962,91,,,,,,,,,55,25,54,122515414522121515414115414515415007145254142241141425441245141422551411,,00000737,,,,,,,,46,4,0,1,1,737,,1214142155144111415211515254541414241145424552445521524152154121225124455445442421455525,ABACACBADDACCAAACADBAADADBDCDCACACBCAACDCBCDDBCCDDBADBCADBADCABABBDABCCDDCCDCCBCBACDDDBD,ABACACABDDACACAAACBDAAADBDCDCDACACBCAACDBCCDBDCCDDABBDACBDADACABBBADBCCDCDCDCCBCABCDDDBD,,,2,737,,,,,L_T1_GTR___standard/L_T1_GTR___zabuton_,,,,,L_T1_GTR03_33000001,,,,,51,24,000000000000000000000000000000000007554200000000542141100000554422444150,,bb50a258,,,,,,,,45,0,11,bb50a258,12900,53346,,1214142155144111415211515254541414241145424552445521524152154121222251,ABACACBADDACCAAACADBAADADBDCDCACACBCAACDCBCDDBCCDDBADBCADBADCABABBBBDA,ABACACABDDACACAAACBDAAADBDCDCDACACBCAACDBCCDBDCCDDABBDACBDADACABBBBBAD,,,9,53346,,,,,,,,,,R_T1_GTR03_31110001,,,
61007,92,,,,,,,,,25,54,21,122515414522121515414115414515415557145254142241141425441245141422551411,,00000739,,,,,,,,47,5,0,2,2,739,,121414215514411141521151525454141424114542455244552152415215412122512445544544242145552554,ABACACBADDACCAAACADBAADADBDCDCACACBCAACDCBCDDBCCDDBADBCADBADCABABBDABCCDDCCDCCBCBACDDDBDDC,ABACACABDDACACAAACBDAAADBDCDCDACACBCAACDBCCDBDCCDDABBDACBDADACABBBADBCCDCDCDCCBCABCDDDBDCD,,,2,739,,,,,L_T1_GTR___standard/L_T1_GTR___zabuton_,,,,,L_T1_GTR03_33000001,,,,,51,24,000000000000000000000000000000000007554200000000542141100000554422444150,,bb50a258,,,,,,,,45,0,11,bb50a258,12900,53346,,1214142155144111415211515254541414241145424552445521524152154121222251,ABACACBADDACCAAACADBAADADBDCDCACACBCAACDCBCDDBCCDDBADBCADBADCABABBBBDA,ABACACABDDACACAAACBDAAADBDCDCDACACBCAACDBCCDBDCCDDABBDACBDADACABBBBBAD,,,9,53346,,,,,,,,,,R_T1_GTR03_31110001,,,
61032,93,,,,,,,,,,54,21,122515414522121515414115414515415555145254142241141425441245141422551411,,bb50abb2,,,,,,,,48,0,1,bb50abb2,100,839,,121414215514411141521151525454141424114542455244552152415215412122512445544544242145552554,ABACACBADDACCAAACADBAADADBDCDCACACBCAACDCBCDDBCCDDBADBCADBADCABABBDABCCDDCCDCCBCBACDDDBDDC,ABACACABDDACACAAACBDAAADBDCDCDACACBCAACDBCCDBDCCDDABBDACBDADACABBBADBCCDCDCDCCBCABCDDDBDCD,,,2,839,,,,,L_T1_GTR___standard/L_T1_GTR___zabuton_,,,,,L_T1_GTR03_33000001,,,,,51,24,000000000000000000000000000000000007554200000000542141100000554422444150,,bb50a258,,,,,,,,45,0,11,bb50a258,12900,53346,,1214142155144111415211515254541414241145424552445521524152154121222251,ABACACBADDACCAAACADBAADADBDCDCACACBCAACDCBCDDBCCDDBADBCADBADCABABBBBDA,ABACACABDDACACAAACBDAAADBDCDCDACACBCAACDBCCDBDCCDDABBDACBDADACABBBBBAD,,,9,53346,,,,,,,,,,R_T1_GTR03_31110001,,,
61046,94,,,,,,,,,,54,21,122515414522121515414115414515415555145254142241141425441245141422551411,,bb50abb2,,,,,,,,48,0,1,bb50abb2,100,839,,121414215514411141521151525454141424114542455244552152415215412122512445544544242145552554,ABACACBADDACCAAACADBAADADBDCDCACACBCAACDCBCDDBCCDDBADBCADBADCABABBDABCCDDCCDCCBCBACDDDBDDC,ABACACABDDACACAAACBDAAADBDCDCDACACBCAACDBCCDBDCCDDABBDACBDADACABBBADBCCDCDCDCCBCABCDDDBDCD,,,2,839,,,,,L_T1_GTR___standard/L_T1_GTR___zabuton_,,,,,L_T1_GTR03_33000001,,,,,51,24,000000000000000000000000000000000007420000000000421411000000442244415000,,bb40a288,,,,,,,,46,0,12,bb40a288,11520,64866,,1214142155144111415211515254541414241145424552445521524152154121222251,ABACACBADDACCAAACADBAADADBDCDCACACBCAACDCBCDDBCCDDBADBCADBADCABABBBBDA,ABACACABDDACACAAACBDAAADBDCDCDACACBCAACDBCCDBDCCDDABBDACBDADACABBBBBAD,,,9,64866,,,,,,,,,,,,,
61117,95,,,,,,,,,,54,21,122515414522121515414110414515412007145254142241141425441200141422551411,,bb40abb8,,,,,,,,49,0,2,bb40abb8,320,1159,,121414215514411141521151525454141424114542455244552152415215412122512445544544242145552554,ABACACBADDACCAAACADBAADADBDCDCACACBCAACDCBCDDBCCDDBADBCADBADCABABBDABCCDDCCDCCBCBACDDDBDDC,ABACACABDDACACAAACBDAAADBDCDCDACACBCAACDBCCDBDCCDDABBDACBDADACABBBADBCCDCDCDCCBCABCDDDBDCD,,,2,1159,,,,,L_T1_GTR___standard/L_T1_GTR___zabuton_,,,,,L_T1_GTR03_33000001,,,,,51,24,000000000000000000000000000000000007420000000000421411000000442244415000,,bb40a288,,,,,,,,46,0,12,bb40a288,11520,64866,,1214142155144111415211515254541414241145424552445521524152154121222251,ABACACBADDACCAAACADBAADADBDCDCACACBCAACDCBCDDBCCDDBADBCADBADCABABBBBDA,ABACACABDDACACAAACBDAAADBDCDCDACACBCAACDBCCDBDCCDDABBDACBDADACABBBBBAD,,,9,64866,,,,,,,,,,,,,
61126,96,,,,,,,,,,54,21,122515414522121515414110414515412007145254142241141425441200141422551411,,bb40abb8,,,,,,,,49,0,2,bb40abb8,320,1159,,121414215514411141521151525454141424114542455244552152415215412122512445544544242145552554,ABACACBADDACCAAACADBAADADBDCDCACACBCAACDCBCDDBCCDDBADBCADBADCABABBDABCCDDCCDCCBCBACDDDBDDC,ABACACABDDACACAAACBDAAADBDCDCDACACBCAACDBCCDBDCCDDABBDACBDADACABBBADBCCDCDCDCCBCABCDDDBDCD,,,2,1159,,,,,L_T1_GTR___standard/L_T1_GTR___zabuton_,,,,,L_T1_GTR03_33000001,,,,,51,24,000000000000000000000000000000000007200000000000214110000000224441500000,,bb80a323,,,,,,,,47,0,13,bb80a323,25840,90706,,1214142155144111415211515254541414241145424552445521524152154121222251,ABACACBADDACCAAACADBAADADBDCDCACACBCAACDCBCDDBCCDDBADBCADBADCABABBBBDA,ABACACABDDACACAAACBDAAADBDCDCDACACBCAACDBCCDBDCCDDABBDACBDADACABBBBBAD,,,9,90706,,,,,,,,,,,,,
61200,97,,,,,,,,,,54,21,122515414522121515414110414515410007145254144100141425441450141422551411,,bb40ab16,,,,,,,,50,0,3,bb40ab16,640,1799,,121414215514411141521151525454141424114542455244552152415215412122512445544544242145552554,ABACACBADDACCAAACADBAADADBDCDCACACBCAACDCBCDDBCCDDBADBCADBADCABABBDABCCDDCCDCCBCBACDDDBDDC,ABACACABDDACACAAACBDAAADBDCDCDACACBCAACDBCCDBDCCDDABBDACBDADACABBBADBCCDCDCDCCBCABCDDDBDCD,,,3,1799,,,,,L_T1_GTR___standard/L_T1_GTR___zabuton_,,,,,L_T1_GTR03_33000001,,,,,51,24,000000000000000000000000000000000007200000000000214110000000224441500000,,bb80a323,,,,,,,,47,0,13,bb80a323,25840,90706,,1214142155144111415211515254541414241145424552445521524152154121222251,ABACACBADDACCAAACADBAADADBDCDCACACBCAACDCBCDDBCCDDBADBCADBADCABABBBBDA,ABACACABDDACACAAACBDAAADBDCDCDACACBCAACDBCCDBDCCDDABBDACBDADACABBBBBAD,,,9,90706,,,,,,,,,,,,,
61214,98,,,,,,,,,,54,21,122515414522121515414110414515410007145254144100141425441450141422551411,,bb40ab16,,,,,,,,50,0,3,bb40ab16,640,1799,,121414215514411141521151525454141424114542455244552152415215412122512445544544242145552554,ABACACBADDACCAAACADBAADADBDCDCACACBCAACDCBCDDBCCDDBADBCADBADCABABBDABCCDDCCDCCBCBACDDDBDDC,ABACACABDDACACAAACBDAAADBDCDCDACACBCAACDBCCDBDCCDDABBDACBDADACABBBADBCCDCDCDCCBCABCDDDBDCD,,,3,1799,,,,,L_T1_GTR___standard/L_T1_GTR___zabuton_,,,,,L_T1_GTR03_33000001,,,,,51,24,000000000000000000000000000000000007000000000000111000000000150000000000,,bb40a352,,,,,,,,48,0,14,bb40a352,14080,104786,,1214142155144111415211515254541414241145424552445521524152154121222251,ABACACBADDACCAAACADBAADADBDCDCACACBCAACDCBCDDBCCDDBADBCADBADCABABBBBDA,ABACACABDDACACAAACBDAAADBDCDCDACACBCAACDBCCDBDCCDDABBDACBDADACABBBBBAD,,,9,104786,,,,,,,,,,,,,
61282,99,,,,,,,,,,54,21,122515414522121515414110414515410007145254110000141425145000141422551411,,bb60ab35,,,,,,,,51,0,4,bb60ab35,2100,3899,,121414215514411141521151525454141424114542455244552152415215412122512445544544242145552554,ABACACBADDACCAAACADBAADADBDCDCACACBCAACDCBCDDBCCDDBADBCADBADCABABBDABCCDDCCDCCBCBACDDDBDDC,ABACACABDDACACAAACBDAAADBDCDCDACACBCAACDBCCDBDCCDDABBDACBDADACABBBADBCCDCDCDCCBCABCDDDBDCD,,,4,3899,,,,,L_T1_GTR___standard/L_T1_GTR___zabuton_,,,,,L_T1_GTR03_33000001,,,,,51,24,000000000000000000000000000000000007000000000000111000000000150000000000,,bb40a352,,,,,,,,48,0,14,bb40a352,14080,104786,,1214142155144111415211515254541414241145424552445521524152154121222251,ABACACBADDACCAAACADBAADADBDCDCACACBCAACDCBCDDBCCDDBADBCADBADCABABBBBDA,ABACACABDDACACAAACBDAAADBDCDCDACACBCAACDBCCDBDCCDDABBDACBDADACABBBBBAD,,,9,104786,,,,,,,,,,,,,
61305,100,,,,,,,,,,54,21,122515414522121515414110414515410007145254110000141425145000141422551411,,bb60ab35,,,,,,,,51,0,4,bb60ab35,2100,3899,,121414215514411141521151525454141424114542455244552152415215412122512445544544242145552554,ABACACBADDACCAAACADBAADADBDCDCACACBCAACDCBCDDBCCDDBADBCADBADCABABBDABCCDDCCDCCBCBACDDDBDDC,ABACACABDDACACAAACBDAAADBDCDCDACACBCAACDBCCDBDCCDDABBDACBDADACABBBADBCCDCDCDCCBCABCDDDBDCD,,,4,3899,,,,,L_T1_GTR___standard/L_T1_GTR___zabuton_,,,,,L_T1_GTR03_33000001,,,,51,24,45,000000000000000000000000000000000007000000000000000000000000500000000000,,00104789,,,,,,,,49,1,0,3,3,104789,,121414215514411141521151525454141424114542455244552152415215412122225124,ABACACBADDACCAAACADBAADADBDCDCACACBCAACDCBCDDBCCDDBADBCADBADCABABBBBDABC,ABACACABDDACACAAACBDAAADBDCDCDACACBCAACDBCCDBDCCDDABBDACBDADACABBBBBADBC,,,9,104789,,,,,,,,,,,,,
61367,101,,,,,,,,,,54,21,122515414522121515414110414515410007145254110000141425145000141422551411,,bb60ab35,,,,,,,,51,0,4,bb60ab35,2100,3899,,121414215514411141521151525454141424114542455244552152415215412122512445544544242145552554,ABACACBADDACCAAACADBAADADBDCDCACACBCAACDCBCDDBCCDDBADBCADBADCABABBDABCCDDCCDCCBCBACDDDBDDC,ABACACABDDACACAAACBDAAADBDCDCDACACBCAACDBCCDBDCCDDABBDACBDADACABBBADBCCDCDCDCCBCABCDDDBDCD,,,4,3899,,,,,L_T1_GTR___standard/L_T1_GTR___zabuton_,,,,,L_T1_GTR03_33000001,,,,24,45,54,000000000000000000000000000000000007000000000000510000000000500000000000,,00104802,,,,,,,,50,2,0,13,13,104802,,12141421551441114152115152545414142411454245524455215241521541212222512445,ABACACBADDACCAAACADBAADADBDCDCACACBCAACDCBCDDBCCDDBADBCADBADCABABBBBDABCCD,ABACACABDDACACAAACBDAAADBDCDCDACACBCAACDBCCDBDCCDDABBDACBDADACABBBBBADBCCD,,,9,104802,,,,,,,,,,,,,
61368,102,,,,,,,,,,54,21,122515445220121515441100414515400007145254000000141425450000141422551411,,bb50ab66,,,,,,,,52,0,5,bb50ab66,3300,7199,,121414215514411141521151525454141424114542455244552152415215412122512445544544242145552554,ABACACBADDACCAAACADBAADADBDCDCACACBCAACDCBCDDBCCDDBADBCADBADCABABBDABCCDDCCDCCBCBACDDDBDDC,ABACACABDDACACAAACBDAAADBDCDCDACACBCAACDBCCDBDCCDDABBDACBDADACABBBADBCCDCDCDCCBCABCDDDBDCD,,,5,7199,,,,,L_T1_GTR___standard/L_T1_GTR___zabuton_,,,,,L_T1_GTR03_33000001,,,,24,45,54,000000000000000000000000000000000007000000000000510000000000500000000000,,00104802,,,,,,,,50,2,0,13,13,104802,,12141421551441114152115152545414142411454245524455215241521541212222512445,ABACACBADDACCAAACADBAADADBDCDCACACBCAACDCBCDDBCCDDBADBCADBADCABABBBBDABCCD,ABACACABDDACACAAACBDAAADBDCDCDACACBCAACDBCCDBDCCDDABBDACBDADACABBBBBADBCCD,,,9,104802,,,,,,,,,,,,,
61417,103,,,,,,,,,,54,21,122515445220121515441100414515400007145254000000141425450000141422551411,,bb50ab66,,,,,,,,52,0,5,bb50ab66,3300,7199,,121414215514411141521151525454141424114542455244552152415215412122512445544544242145552554,ABACACBADDACCAAACADBAADADBDCDCACACBCAACDCBCDDBCCDDBADBCADBADCABABBDABCCDDCCDCCBCBACDDDBDDC,ABACACABDDACACAAACBDAAADBDCDCDACACBCAACDBCCDBDCCDDABBDACBDADACABBBADBCCDCDCDCCBCABCDDDBDCD,,,5,7199,,,,,L_T1_GTR___standard/L_T1_GTR___zabuton_,,,,,L_T1_GTR03_33000001,,,,45,54,45,000000000000420000000000000000000007000000000000510000000000500000000000,,00104814,,,,,,,,51,3,0,12,12,104814,,1214142155144111415211515254541414241145424552445521524152154121222251244554,ABACACBADDACCAAACADBAADADBDCDCACACBCAACDCBCDDBCCDDBADBCADBADCABABBBBDABCCDDC,ABACACABDDACACAAACBDAAADBDCDCDACACBCAACDBCCDBDCCDDABBDACBDADACABBBBBADBCCDCD,,,9,104814,,,,,,,,,,,,,
61449,104,,,,,,,,,,54,21,122515522000121515110000414515000007145254000000141425450000141422551411,,bb40ab96,,,,,,,,53,0,6,bb40ab96,3840,11039,,121414215514411141521151525454141424114542455244552152415215412122512445544544242145552554,ABACACBADDACCAAACADBAADADBDCDCACACBCAACDCBCDDBCCDDBADBCADBADCABABBDABCCDDCCDCCBCBACDDDBDDC,ABACACABDDACACAAACBDAAADBDCDCDACACBCAACDBCCDBDCCDDABBDACBDADACABBBADBCCDCDCDCCBCABCDDDBDCD,,,6,11039,,,,,L_T1_GTR___standard/L_T1_GTR___zabuton_,,,,,L_T1_GTR03_33000001,,,,45,54,45,000000000000420000000000000000000007000000000000510000000000500000000000,,00104814,,,,,,,,51,3,0,12,12,104814,,1214142155144111415211515254541414241145424552445521524152154121222251244554,ABACACBADDACCAAACADBAADADBDCDCACACBCAACDCBCDDBCCDDBADBCADBADCABABBBBDABCCDDC,ABACACABDDACACAAACBDAAADBDCDCDACACBCAACDBCCDBDCCDDABBDACBDADACABBBBBADBCCDCD,,,9,104814,,,,,,,,,,,,,
61469,105,,,,,,,,,,54,21,122515522000121515110000414515000007145254000000141425450000141422551411,,bb40ab96,,,,,,,,53,0,6,bb40ab96,3840,11039,,121414215514411141521151525454141424114542455244552152415215412122512445544544242145552554,ABACACBADDACCAAACADBAADADBDCDCACACBCAACDCBCDDBCCDDBADBCADBADCABABBDABCCDDCCDCCBCBACDDDBDDC,ABACACABDDACACAAACBDAAADBDCDCDACACBCAACDBCCDBDCCDDABBDACBDADACABBBADBCCDCDCDCCBCABCDDDBDCD,,,6,11039,,,,,L_T1_GTR___standard/L_T1_GTR___zabuton_,,,,,L_T1_GTR03_33000001,,,,54,45,44,000000000000420000000000400000000007500000000000510000000000500000000000,,00104827,,,,,,,,52,4,0,13,13,104827,,121414215514411141521151525454141424114542455244552152415215412122225124455445,ABACACBADDACCAAACADBAADADBDCDCACACBCAACDCBCDDBCCDDBADBCADBADCABABBBBDABCCDDCCD,ABACACABDDACACAAACBDAAADBDCDCDACACBCAACDBCCDBDCCDDABBDACBDADACABBBBBADBCCDCDCD,,,9,104827,,,,,,,,,,,,,
61515,106,,,,,,,,,,54,21,122515522000121515110000414515000007145254000000141425450000141422551411,,bb40ab96,,,,,,,,53,0,6,bb40ab96,3840,11039,,121414215514411141521151525454141424114542455244552152415215412122512445544544242145552554,ABACACBADDACCAAACADBAADADBDCDCACACBCAACDCBCDDBCCDDBADBCADBADCABABBDABCCDDCCDCCBCBACDDDBDDC,ABACACABDDACACAAACBDAAADBDCDCDACACBCAACDBCCDBDCCDDABBDACBDADACABBBADBCCDCDCDCCBCABCDDDBDCD,,,6,11039,,,,,L_T1_GTR___standard/L_T1_GTR___zabuton_,,,,,L_T1_GTR03_33000001,,,,45,44,24,000000000000420000000000450000000007540000000000510000000000500000000000,,00104839,,,,,,,,53,5,0,12,12,104839,,12141421551441114152115152545414142411454245524455215241521541212222512445544544,ABACACBADDACCAAACADBAADADBDCDCACACBCAACDCBCDDBCCDDBADBCADBADCABABBBBDABCCDDCCDCC,ABACACABDDACACAAACBDAAADBDCDCDACACBCAACDBCCDBDCCDDABBDACBDADACABBBBBADBCCDCDCDCC,,,9,104839,,,,,,,,,,,,,
61532,107,,,,,,,,,,54,21,122512200000121511100000414510000007145254000000141425450000141422551411,,bb50a130,,,,,,,,54,0,7,bb50a130,6500,17539,,121414215514411141521151525454141424114542455244552152415215412122512445544544242145552554,ABACACBADDACCAAACADBAADADBDCDCACACBCAACDCBCDDBCCDDBADBCADBADCABABBDABCCDDCCDCCBCBACDDDBDDC,ABACACABDDACACAAACBDAAADBDCDCDACACBCAACDBCCDBDCCDDABBDACBDADACABBBADBCCDCDCDCCBCABCDDDBDCD,,,7,17539,,,,,L_T1_GTR___standard/L_T1_GTR___zabuton_,,,,,L_T1_GTR03_33000001,,,,45,44,24,000000000000420000000000450000000007540000000000510000000000500000000000,,00104839,,,,,,,,53,5,0,12,12,104839,,12141421551441114152115152545414142411454245524455215241521541212222512445544544,ABACACBADDACCAAACADBAADADBDCDCACACBCAACDCBCDDBCCDDBADBCADBADCABABBBBDABCCDDCCDCC,ABACACABDDACACAAACBDAAADBDCDCDACACBCAACDBCCDBDCCDDABBDACBDADACABBBBBADBCCDCDCDCC,,,9,104839,,,,,,,,,,,,,
61561,108,,,,,,,,,,54,21,122512200000121511100000414510000007145254000000141425450000141422551411,,bb50a130,,,,,,,,54,0,7,bb50a130,6500,17539,,121414215514411141521151525454141424114542455244552152415215412122512445544544242145552554,ABACACBADDACCAAACADBAADADBDCDCACACBCAACDCBCDDBCCDDBADBCADBADCABABBDABCCDDCCDCCBCBACDDDBDDC,ABACACABDDACACAAACBDAAADBDCDCDACACBCAACDBCCDBDCCDDABBDACBDADACABBBADBCCDCDCDCCBCABCDDDBDCD,,,7,17539,,,,,L_T1_GTR___standard/L_T1_GTR___zabuton_,,,,,L_T1_GTR03_33000001,,,,44,24,21,000000000000420000000000454000000007545000000000510000000000500000000000,,00104850,,,,,,,,54,6,0,11,11,104850,,1214142155144111415211515254541414241145424552445521524152154121222251244554454424,ABACACBADDACCAAACADBAADADBDCDCACACBCAACDCBCDDBCCDDBADBCADBADCABABBBBDABCCDDCCDCCBC,ABACACABDDACACAAACBDAAADBDCDCDACACBCAACDBCCDBDCCDDABBDACBDADACABBBBBADBCCDCDCDCCBC,,,9,104850,,,,,,,,,,,,,
61609,109,,,,,,,,,,54,21,122512200000121511100000414510000007145254000000141425450000141422551411,,bb50a130,,,,,,,,54,0,7,bb50a130,6500,17539,,121414215514411141521151525454141424114542455244552152415215412122512445544544242145552554,ABACACBADDACCAAACADBAADADBDCDCACACBCAACDCBCDDBCCDDBADBCADBADCABABBDABCCDDCCDCCBCBACDDDBDDC,ABACACABDDACACAAACBDAAADBDCDCDACACBCAACDBCCDBDCCDDABBDACBDADACABBBADBCCDCDCDCCBCABCDDDBDCD,,,7,17539,,,,,L_T1_GTR___standard/L_T1_GTR___zabuton_,,,,,L_T1_GTR03_33000001,,,,24,21,45,000000000000424400000000454000000007545000000000510000000000500000000000,,00104860,,,,,,,,55,7,0,10,10,104860,,121414215514411141521151525454141424114542455244552152415215412122225124455445442421,ABACACBADDACCAAACADBAADADBDCDCACACBCAACDCBCDDBCCDDBADBCADBADCABABBBBDABCCDDCCDCCBCBA,ABACACABDDACACAAACBDAAADBDCDCDACACBCAACDBCCDBDCCDDABBDACBDADACABBBBBADBCCDCDCDCCBCAB,,,9,104860,,,,,,,,,,,,,
61661,110,,,,,,,,,,54,21,122512200000121511100000414510000007145254000000141425450000141422551411,,bb50a130,,,,,,,,54,0,7,bb50a130,6500,17539,,121414215514411141521151525454141424114542455244552152415215412122512445544544242145552554,ABACACBADDACCAAACADBAADADBDCDCACACBCAACDCBCDDBCCDDBADBCADBADCABABBDABCCDDCCDCCBCBACDDDBDDC,ABACACABDDACACAAACBDAAADBDCDCDACACBCAACDBCCDBDCCDDABBDACBDADACABBBADBCCDCDCDCCBCABCDDDBDCD,,,7,17539,,,,,L_T1_GTR___standard/L_T1_GTR___zabuton_,,,,,L_T1_GTR03_33000001,,,,21,45,55,420000000000424400000000454000000007545000000000510000000000500000000000,,00104872,,,,,,,,56,8,0,12,12,104872,,12141421551441114152115152545414142411454245524455215241521541212222512445544544242145,ABACACBADDACCAAACADBAADADBDCDCACACBCAACDCBCDDBCCDDBADBCADBADCABABBBBDABCCDDCCDCCBCBACD,ABACACABDDACACAAACBDAAADBDCDCDACACBCAACDBCCDBDCCDDABBDACBDADACABBBBBADBCCDCDCDCCBCABCD,,,9,104872,,,,,,,,,,,,,
61705,111,,,,,,,,,54,21,24,122522666660121566666000414566666007145254666660141425456666141422551411,,00017540,,,,,,,,55,1,0,1,1,17540,,12141421551441114152115152545414142411454245524455215241521541212251244554454424214555255421,ABACACBADDACCAAACADBAADADBDCDCACACBCAACDCBCDDBCCDDBADBCADBADCABABBDABCCDDCCDCCBCBACDDDBDDCBA,ABACACABDDACACAAACBDAAADBDCDCDACACBCAACDBCCDBDCCDDABBDACBDADACABBBADBCCDCDCDCCBCABCDDDBDCDAB,,,7,17540,,,,,L_T1_GTR___standard/L_T1_GTR___zabuton_,,,,,L_T1_GTR03_33000001,,,,21,45,55,420000000000424400000000454000000007545000000000510000000000500000000000,,00104872,,,,,,,,56,8,0,12,12,104872,,12141421551441114152115152545414142411454245524455215241521541212222512445544544242145,ABACACBADDACCAAACADBAADADBDCDCACACBCAACDCBCDDBCCDDBADBCADBADCABABBBBDABCCDDCCDCCBCBACD,ABACACABDDACACAAACBDAAADBDCDCDACACBCAACDBCCDBDCCDDABBDACBDADACABBBBBADBCCDCDCDCCBCABCD,,,9,104872,,,,,,,,,,,,,
61711,112,,,,,,,,,54,21,24,122522666660121566666000414566666007145254666660141425456666141422551411,,00017540,,,,,,,,55,1,0,1,1,17540,,12141421551441114152115152545414142411454245524455215241521541212251244554454424214555255421,ABACACBADDACCAAACADBAADADBDCDCACACBCAACDCBCDDBCCDDBADBCADBADCABABBDABCCDDCCDCCBCBACDDDBDDCBA,ABACACABDDACACAAACBDAAADBDCDCDACACBCAACDBCCDBDCCDDABBDACBDADACABBBADBCCDCDCDCCBCABCDDDBDCDAB,,,7,17540,,,,,L_T1_GTR___standard/L_T1_GTR___zabuton_,,,,,L_T1_GTR03_33000001,,,,45,55,25,422100000000424400000000454000000007545000000000510000000000500000000000,,00104883,,,,,,,,57,9,0,11,11,104883,,1214142155144111415211515254541414241145424552445521524152154121222251244554454424214555,ABACACBADDACCAAACADBAADADBDCDCACACBCAACDCBCDDBCCDDBADBCADBADCABABBBBDABCCDDCCDCCBCBACDDD,ABACACABDDACACAAACBDAAADBDCDCDACACBCAACDBCCDBDCCDDABBDACBDADACABBBBBADBCCDCDCDCCBCABCDDD,,,9,104883,,,,,,,,,,,,,
61761,113,,,,,,,,,54,21,24,122522666660121566666000414566666007145254666660141425456666141422551411,,00017540,,,,,,,,55,1,0,1,1,17540,,12141421551441114152115152545414142411454245524455215241521541212251244554454424214555255421,ABACACBADDACCAAACADBAADADBDCDCACACBCAACDCBCDDBCCDDBADBCADBADCABABBDABCCDDCCDCCBCBACDDDBDDCBA,ABACACABDDACACAAACBDAAADBDCDCDACACBCAACDBCCDBDCCDDABBDACBDADACABBBADBCCDCDCDCCBCABCDDDBDCDAB,,,7,17540,,,,,L_T1_GTR___standard/L_T1_GTR___zabuton_,,,,,L_T1_GTR03_33000001,,,,55,25,54,422100000000424400000000454000000007545450000000510000000000500000000000,,00104893,,,,,,,,58,10,0,10,10,104893,,121414215514411141521151525454141424114542455244552152415215412122225124455445442421455525,ABACACBADDACCAAACADBAADADBDCDCACACBCAACDCBCDDBCCDDBADBCADBADCABABBBBDABCCDDCCDCCBCBACDDDBD,ABACACABDDACACAAACBDAAADBDCDCDACACBCAACDBCCDBDCCDDABBDACBDADACABBBBBADBCCDCDCDCCBCABCDDDBD,,,9,104893,,,,,,,,,,,,,
61787,115,,,,,,,,,,21,24,120224666666122266666666414566666546102254666666140425456666120022551411,,00017544,,,,,lose,,,56,1,0,4,4,17544,,12141421551441114152115152545414142411454245524455215241521541212251244554454424214555255421,ABACACBADDACCAAACADBAADADBDCDCACACBCAACDCBCDDBCCDDBADBCADBADCABABBDABCCDDCCDCCBCBACDDDBDDCBA,ABACACABDDACACAAACBDAAADBDCDCDACACBCAACDBCCDBDCCDDABBDACBDADACABBBADBCCDCDCDCCBCABCDDDBDCDAB,,,7,17544,,,,,L_T1_GTR___standard/L_T1_GTR___zabuton_,,,,,L_T1_GTR03_33000001,,,,55,25,54,422100000000424400000000454000000007545450000000510000000000500000000000,,00104893,,,,,,,,58,10,0,10,10,104893,,121414215514411141521151525454141424114542455244552152415215412122225124455445442421455525,ABACACBADDACCAAACADBAADADBDCDCACACBCAACDCBCDDBCCDDBADBCADBADCABABBBBDABCCDDCCDCCBCBACDDDBD,ABACACABDDACACAAACBDAAADBDCDCDACACBCAACDBCCDBDCCDDABBDACBDADACABBBBBADBCCDCDCDCCBCABCDDDBD,,,9,104893,,,,,,,,,,,,,
61803,115,,,,,,,,,,21,24,120224666666122266666666414566666546102254666666140425456666120022551411,,00017544,,,,,lose,,,56,1,0,4,4,17544,,12141421551441114152115152545414142411454245524455215241521541212251244554454424214555255421,ABACACBADDACCAAACADBAADADBDCDCACACBCAACDCBCDDBCCDDBADBCADBADCABABBDABCCDDCCDCCBCBACDDDBDDCBA,ABACACABDDACACAAACBDAAADBDCDCDACACBCAACDBCCDBDCCDDABBDACBDADACABBBADBCCDCDCDCCBCABCDDDBDCDAB,,,7,17544,,,,,L_T1_GTR___standard/L_T1_GTR___zabuton_,,,,,L_T1_GTR03_33000001,,,,,54,21,422100000000424400000000454550100007545450000000510000000000500000000000,,00104903,,,,,win,,,60,11,0,0,0,104903,,12141421551441114152115152545414142411454245524455215241521541212222512445544544242145552554,ABACACBADDACCAAACADBAADADBDCDCACACBCAACDCBCDDBCCDDBADBCADBADCABABBBBDABCCDDCCDCCBCBACDDDBDDC,ABACACABDDACACAAACBDAAADBDCDCDACACBCAACDBCCDBDCCDDABBDACBDADACABBBBBADBCCDCDCDCCBCABCDDDBDCD,,,9,104903,,,,,,,,,,,,,
61804,114,,,,,,,,,,21,24,120224666666122266666666414566666546102254666666140425456666120022551411,,00017544,,,,,lose,,,56,1,0,4,4,17544,,12141421551441114152115152545414142411454245524455215241521541212251244554454424214555255421,ABACACBADDACCAAACADBAADADBDCDCACACBCAACDCBCDDBCCDDBADBCADBADCABABBDABCCDDCCDCCBCBACDDDBDDCBA,ABACACABDDACACAAACBDAAADBDCDCDACACBCAACDBCCDBDCCDDABBDACBDADACABBBADBCCDCDCDCCBCABCDDDBDCDAB,,,7,17544,,,,,L_T1_GTR___standard/L_T1_GTR___zabuton_,,,,,L_T1_GTR03_33000001,,,,,54,21,422100000000424400000000454550100007545450000000510000000000500000000000,,00104903,,,,,win,,,60,11,0,0,0,104903,,12141421551441114152115152545414142411454245524455215241521541212222512445544544242145552554,ABACACBADDACCAAACADBAADADBDCDCACACBCAACDCBCDDBCCDDBADBCADBADCABABBBBDABCCDDCCDCCBCBACDDDBDDC,ABACACABDDACACAAACBDAAADBDCDCDACACBCAACDBCCDBDCCDDABBDACBDADACABBBBBADBCCDCDCDCCBCABCDDDBDCD,,,9,104903,,,,,,,,,,,,,
