51168,0,,,,,,,,,,22,12,000000000000000000000000000000000007000000000000000000000000000000000000,000000,00000000,,,,,,,,0,0,0,0,0,0,,22,AA,AA,,,0,0,,,,,,,,,,,,,,,22,12,000000000000000000000000000000000007000000000000000000000000000000000000,000000,00000000,,,,,,,,0,0,0,0,0,0,,22,AA,AA,,,0,0,,,,,,,,,,,,,
51320,2,,,,,,,,,22,12,31,000000000000000000000000000000000007000000000000000000000000000000000000,,00000000,,,,,,,,1,1,0,0,0,0,,2212,AABA,AAAB,,,0,0,,,,,,,,,,,,,,22,12,31,000000000000000000000000000000000007000000000000000000000000000000000000,,00000000,,,,,,,,1,1,0,0,0,0,,2212,AABA,AAAB,,,0,0,,,,,,,,,,,,,
51370,3,,,,,,,,,22,12,31,000000000000000000000000000000000007000000000000000000000000000000000000,,00000000,,,,,,,,1,1,0,0,0,0,,2212,AABA,AAAB,,,0,0,,,,,,,,,,,,,,12,31,14,200000000000200000000000000000000007000000000000000000000000000000000000,,00000013,,,,,,,,2,2,0,13,13,13,,221231,AABACB,AAABBC,,,0,13,,,,,,,,,,,,,
51372,4,,,,,,,,,12,31,14,200000000000200000000000000000000007000000000000000000000000000000000000,,00000013,,,,,,,,2,2,0,13,13,13,,221231,AABACB,AAABBC,,,0,13,,,,,,,,,,,,,,12,31,14,200000000000200000000000000000000007000000000000000000000000000000000000,,00000013,,,,,,,,2,2,0,13,13,13,,221231,AABACB,AAABBC,,,0,13,,,,,,,,,,,,,
51419,5,,,,,,,,,12,31,14,200000000000200000000000000000000007000000000000000000000000000000000000,,00000013,,,,,,,,2,2,0,13,13,13,,221231,AABACB,AAABBC,,,0,13,,,,,,,,,,,,,,31,14,14,200000000000200000000000120000000007000000000000000000000000000000000000,,00000026,,,,,,,,3,3,0,13,13,26,,22123114,AABACBBD,AAABBCBD,,,0,26,,,,,,,,,,,,,
51422,6,,,,,,,,,31,14,14,200000000000200000000000120000000007000000000000000000000000000000000000,,00000026,,,,,,,,3,3,0,13,13,26,,22123114,AABACBBD,AAABBCBD,,,0,26,,,,,,,,,,,,,,31,14,14,200000000000200000000000120000000007000000000000000000000000000000000000,,00000026,,,,,,,,3,3,0,13,13,26,,22123114,AABACBBD,AAABBCBD,,,0,26,,,,,,,,,,,,,
51472,7,,,,,,,,,31,14,14,200000000000200000000000120000000007000000000000000000000000000000000000,,00000026,,,,,,,,3,3,0,13,13,26,,22123114,AABACBBD,AAABBCBD,,,0,26,,,,,,,,,,,,,,14,14,21,200000000000200000000000120000000007310000000000000000000000000000000000,,00000039,,,,,,,,4,4,0,13,13,39,,2212311414,AABACBBDBD,AAABBCBDBD,,,0,39,,,,,,,,,,L_T1_GTR03_32100001,,,
51474,8,,,,,,,,,14,14,21,200000000000200000000000120000000007310000000000000000000000000000000000,,00000039,,,,,,,,4,4,0,13,13,39,,2212311414,AABACBBDBD,AAABBCBDBD,,,0,39,,,,,,,,,,L_T1_GTR03_32100001,,,,14,14,21,200000000000200000000000120000000007310000000000000000000000000000000000,,00000039,,,,,,,,4,4,0,13,13,39,,2212311414,AABACBBDBD,AAABBCBDBD,,,0,39,,,,,,,,,,L_T1_GTR03_32100001,,,
51526,10,,,,,,,,,14,21,23,200000000000200000000000120000000007310000000000410000000000000000000000,,00000051,,,,,,,,5,5,0,12,12,51,,221231141421,AABACBBDBDAB,AAABBCBDBDAB,,,0,51,,,,,,,,,,,,,,14,21,23,200000000000200000000000120000000007310000000000410000000000000000000000,,00000051,,,,,,,,5,5,0,12,12,51,,221231141421,AABACBBDBDAB,AAABBCBDBDAB,,,0,51,,,,,,,,,,,,,
51580,12,,,,,,,,,21,23,44,200000000000200000000000120000000007310000000000410000000000410000000000,,00000063,,,,,,,,6,6,0,12,12,63,,22123114142123,AABACBBDBDABAC,AAABBCBDBDABAC,,,0,63,,,,,,,,,,,,,,21,23,44,200000000000200000000000120000000007310000000000410000000000410000000000,,00000063,,,,,,,,6,6,0,12,12,63,,22123114142123,AABACBBDBDABAC,AAABBCBDBDABAC,,,0,63,,,,,,,,,,,,,
51624,14,,,,,,,,,23,44,12,200000000000200000000000121200000007310000000000410000000000410000000000,,00000073,,,,,,,,7,7,0,10,10,73,,2212311414212344,AABACBBDBDABACDD,AAABBCBDBDABACDD,,,0,73,,,,,,,,,,,,,,23,44,12,200000000000200000000000121200000007310000000000410000000000410000000000,,00000073,,,,,,,,7,7,0,10,10,73,,2212311414212344,AABACBBDBDABACDD,AAABBCBDBDABACDD,,,0,73,,,,,,,,,,,,,
51672,16,,,,,,,,,44,12,31,200000000000232000000000121200000007310000000000410000000000410000000000,,00000084,,,,,,,,8,8,0,11,11,84,,221231141421234412,AABACBBDBDABACDDBA,AAABBCBDBDABACDDAB,,,0,84,,,,,,,,,,L_T1_GTR03_41100001,,,,44,12,31,200000000000200000000000121200000007313200000000410000000000410000000000,,00000083,,,,,,,,8,8,0,10,10,83,,221231141421234412,AABACBBDBDABACDDBA,AAABBCBDBDABACDDAB,,,0,83,,,,,,,,,,,,,
51723,17,,,,,,,,,44,12,31,200000000000232000000000121200000007310000000000410000000000410000000000,,00000084,,,,,,,,8,8,0,11,11,84,,221231141421234412,AABACBBDBDABACDDBA,AAABBCBDBDABACDDAB,,,0,84,,,,,,,,,,L_T1_GTR03_41100001,,,,12,31,23,240000000000240000000000121200000007313200000000410000000000410000000000,,00000095,,,,,,,,9,9,0,12,12,95,,22123114142123441231,AABACBBDBDABACDDBACB,AAABBCBDBDABACDDABBC,,,0,95,,,,,,,,,,L_T1_GTR03_22110001,,,
51724,18,,,,,,,,,12,31,23,200000000000232000000000121200000007310000000000414000000000414000000000,,00000095,,,,,,,,9,9,0,11,11,95,,22123114142123441231,AABACBBDBDABACDDBACB,AAABBCBDBDABACDDABBC,,,0,95,,,,,,,,,,L_T1_GTR03_41100001,,,,12,31,23,240000000000240000000000121200000007313200000000410000000000410000000000,,00000095,,,,,,,,9,9,0,12,12,95,,22123114142123441231,AABACBBDBDABACDDBACB,AAABBCBDBDABACDDABBC,,,0,95,,,,,,,,,,L_T1_GTR03_22110001,,,
51766,19,,,,,,,,,12,31,23,200000000000232000000000121200000007310000000000414000000000414000000000,,00000095,,,,,,,,9,9,0,11,11,95,,22123114142123441231,AABACBBDBDABACDDBACB,AAABBCBDBDABACDDABBC,,,0,95,,,,,,,,,,L_T1_GTR03_41100001,,,,31,23,21,240000000000242100000000121200000007313200000000410000000000410000000000,,00000105,,,,,,,,10,10,0,10,10,105,,2212311414212344123123,AABACBBDBDABACDDBACBAC,AAABBCBDBDABACDDABBCAC,,,0,105,,,,,L_T1_GTR___hekomi__,,,,,L_T1_GTR03_22110001,,,
51770,20,,,,,,,,,31,23,21,200000000000232120000000121200000007310000000000414000000000414000000000,,00000105,,,,,,,,10,10,0,10,10,105,,2212311414212344123123,AABACBBDBDABACDDBACBAC,AAABBCBDBDABACDDABBCAC,,,0,105,,,,,,,,,,L_T1_GTR03_41100001,,,,31,23,21,240000000000242100000000121200000007313200000000410000000000410000000000,,00000105,,,,,,,,10,10,0,10,10,105,,2212311414212344123123,AABACBBDBDABACDDBACBAC,AAABBCBDBDABACDDABBCAC,,,0,105,,,,,L_T1_GTR___hekomi__,,,,,L_T1_GTR03_22110001,,,
51810,21,,,,,,,,,31,23,21,200000000000232120000000121200000007310000000000414000000000414000000000,,00000105,,,,,,,,10,10,0,10,10,105,,2212311414212344123123,AABACBBDBDABACDDBACBAC,AAABBCBDBDABACDDABBCAC,,,0,105,,,,,,,,,,L_T1_GTR03_41100001,,,,23,21,24,240000000000242110000000121230000007313200000000410000000000410000000000,,00000114,,,,,,,,11,11,0,9,9,114,,221231141421234412312321,AABACBBDBDABACDDBACBACAB,AAABBCBDBDABACDDABBCACAB,,,0,114,,,,,L_T1_GTR___hekomi__,,,,,L_T1_GTR03_22110001,,,
51822,22,,,,,,,,,23,21,24,231000000000232120000000121200000007310000000000414000000000414000000000,,00000117,,,,,,,,11,11,0,12,12,117,,221231141421234412312321,AABACBBDBDABACDDBACBACAB,AAABBCBDBDABACDDABBCACAB,,,0,117,,,,,L_T1_GTR___hekomi__,,,,,L_T1_GTR03_22110001,,,,23,21,24,240000000000242110000000121230000007313200000000410000000000410000000000,,00000114,,,,,,,,11,11,0,9,9,114,,221231141421234412312321,AABACBBDBDABACDDBACBACAB,AAABBCBDBDABACDDABBCACAB,,,0,114,,,,,L_T1_GTR___hekomi__,,,,,L_T1_GTR03_22110001,,,
51858,23,,,,,,,,,23,21,24,231000000000232120000000121200000007310000000000414000000000414000000000,,00000117,,,,,,,,11,11,0,12,12,117,,221231141421234412312321,AABACBBDBDABACDDBACBACAB,AAABBCBDBDABACDDABBCACAB,,,0,117,,,,,L_T1_GTR___hekomi__,,,,,L_T1_GTR03_22110001,,,,21,24,12,240000000000242110000000121230000007313200000000413200000000410000000000,,00000124,,,,,,,,12,12,0,10,10,124,,22123114142123441231232124,AABACBBDBDABACDDBACBACABAD,AAABBCBDBDABACDDABBCACABAD,,,0,124,,,,,L_T1_GTR___hekomi__,,,,,L_T1_GTR03_22110001,,,
51868,24,,,,,,,,,21,24,12,231000000000232120000000121200000007313200000000414000000000414000000000,,00000127,,,,,,,,12,12,0,10,10,127,,22123114142123441231232124,AABACBBDBDABACDDBACBACABAD,AAABBCBDBDABACDDABBCACABAD,,,0,127,,,,,L_T1_GTR___hekomi__,,,,,L_T1_GTR03_22110001,,,,21,24,12,240000000000242110000000121230000007313200000000413200000000410000000000,,00000124,,,,,,,,12,12,0,10,10,124,,22123114142123441231232124,AABACBBDBDABACDDBACBACABAD,AAABBCBDBDABACDDABBCACABAD,,,0,124,,,,,L_T1_GTR___hekomi__,,,,,L_T1_GTR03_22110001,,,
51903,25,,,,,,,,,21,24,12,231000000000232120000000121200000007313200000000414000000000414000000000,,00000127,,,,,,,,12,12,0,10,10,127,,22123114142123441231232124,AABACBBDBDABACDDBACBACABAD,AAABBCBDBDABACDDABBCACABAD,,,0,127,,,,,L_T1_GTR___hekomi__,,,,,L_T1_GTR03_22110001,,,,24,12,33,240000000000242112000000121231000007313200000000413200000000410000000000,,00000132,,,,,,,,13,13,0,8,8,132,,2212311414212344123123212412,AABACBBDBDABACDDBACBACABADBA,AAABBCBDBDABACDDABBCACABADAB,,,0,132,,,,,L_T1_GTR___hekomi__,,,,,L_T1_GTR03_22110001,,,
51914,26,,,,,,,,,24,12,33,231120000000232120000000121200000007313200000000414000000000414000000000,,00000136,,,,,,,,13,13,0,9,9,136,,2212311414212344123123212412,AABACBBDBDABACDDBACBACABADBA,AAABBCBDBDABACDDABBCACABADAB,,,0,136,,,,,L_T1_GTR___hekomi__,,,,,L_T1_GTR03_22110001,,,,24,12,33,240000000000242112000000121231000007313200000000413200000000410000000000,,00000132,,,,,,,,13,13,0,8,8,132,,2212311414212344123123212412,AABACBBDBDABACDDBACBACABADBA,AAABBCBDBDABACDDABBCACABADAB,,,0,132,,,,,L_T1_GTR___hekomi__,,,,,L_T1_GTR03_22110001,,,
51960,27,,,,,,,,,12,33,11,231122000000232124000000121200000007313200000000414000000000414000000000,,00000144,,,,,,,,14,14,0,8,8,144,,221231141421234412312321241233,AABACBBDBDABACDDBACBACABADBACC,AAABBCBDBDABACDDABBCACABADABCC,,,0,144,,,,,L_T1_GTR___hekomi__,,,,,L_T1_GTR03_22110001,,,,24,12,33,240000000000242112000000121231000007313200000000413200000000410000000000,,00000132,,,,,,,,13,13,0,8,8,132,,2212311414212344123123212412,AABACBBDBDABACDDBACBACABADBA,AAABBCBDBDABACDDABBCACABADAB,,,0,132,,,,,L_T1_GTR___hekomi__,,,,,L_T1_GTR03_22110001,,,
51976,28,,,,,,,,,12,33,11,231122000000232124000000121200000007313200000000414000000000414000000000,,00000144,,,,,,,,14,14,0,8,8,144,,221231141421234412312321241233,AABACBBDBDABACDDBACBACABADBACC,AAABBCBDBDABACDDABBCACABADABCC,,,0,144,,,,,L_T1_GTR___hekomi__,,,,,L_T1_GTR03_22110001,,,,12,33,11,244000000000242112200000121231000007313200000000413200000000410000000000,,00000139,,,,,,,,14,14,0,7,7,139,,221231141421234412312321241233,AABACBBDBDABACDDBACBACABADBACC,AAABBCBDBDABACDDABBCACABADABCC,,,0,139,,,,,L_T1_GTR___standard,,,,,L_T1_GTR03_33000001,,,
52003,29,,,,,,,,,33,11,32,231122100000232124200000121200000007313200000000414000000000414000000000,,00000151,,,,,,,,15,15,0,7,7,151,,22123114142123441231232124123311,AABACBBDBDABACDDBACBACABADBACCBB,AAABBCBDBDABACDDABBCACABADABCCBB,,,0,151,,,,,L_T1_GTR___hekomi__,,,,,L_T1_GTR03_22110001,,,,12,33,11,244000000000242112200000121231000007313200000000413200000000410000000000,,00000139,,,,,,,,14,14,0,7,7,139,,221231141421234412312321241233,AABACBBDBDABACDDBACBACABADBACC,AAABBCBDBDABACDDABBCACABADABCC,,,0,139,,,,,L_T1_GTR___standard,,,,,L_T1_GTR03_33000001,,,
52046,30,,,,,,,,,33,11,32,231122100000232124200000121200000007313200000000414000000000414000000000,,00000151,,,,,,,,15,15,0,7,7,151,,22123114142123441231232124123311,AABACBBDBDABACDDBACBACABADBACCBB,AAABBCBDBDABACDDABBCACABADABCCBB,,,0,151,,,,,L_T1_GTR___hekomi__,,,,,L_T1_GTR03_22110001,,,,33,11,32,244100000000242112220000121231000007313200000000413200000000410000000000,,00000145,,,,,,,,15,15,0,6,6,145,,22123114142123441231232124123311,AABACBBDBDABACDDBACBACABADBACCBB,AAABBCBDBDABACDDABBCACABADABCCBB,,,0,145,,,,,L_T1_GTR___standard,,,,,L_T1_GTR03_33000001,,,
52052,31,,,,,,,,,11,32,44,231122100000232124200000121200000007313200000000414300000000414300000000,,00000161,,,,,,,,16,16,0,10,10,161,,2212311414212344123123212412331132,AABACBBDBDABACDDBACBACABADBACCBBCA,AAABBCBDBDABACDDABBCACABADABCCBBAC,,,0,161,,,,,L_T1_GTR___hekomi__,,,,,L_T1_GTR03_22110001,,,,33,11,32,244100000000242112220000121231000007313200000000413200000000410000000000,,00000145,,,,,,,,15,15,0,6,6,145,,22123114142123441231232124123311,AABACBBDBDABACDDBACBACABADBACCBB,AAABBCBDBDABACDDABBCACABADABCCBB,,,0,145,,,,,L_T1_GTR___standard,,,,,L_T1_GTR03_33000001,,,
52089,33,,,,,,,,,32,44,42,231122110000232124210000121200000007313200000000414300000000414300000000,,00000167,,,,,,,,17,17,0,6,6,167,,221231141421234412312321241233113244,AABACBBDBDABACDDBACBACABADBACCBBCADD,AAABBCBDBDABACDDABBCACABADABCCBBACDD,,,0,167,,,,,L_T1_GTR___hekomi__,,,,,L_T1_GTR03_22110001,,,,11,32,44,244100000000242112220000121231000007313230000000413230000000410000000000,,00000154,,,,,,,,16,16,0,9,9,154,,2212311414212344123123212412331132,AABACBBDBDABACDDBACBACABADBACCBBCA,AAABBCBDBDABACDDABBCACABADABCCBBAC,,,0,154,,,,,L_T1_GTR___standard,,,,,L_T1_GTR03_33000001,,,
52127,34,,,,,,,,,32,44,42,231122110000232124210000121200000007313200000000414300000000414300000000,,00000167,,,,,,,,17,17,0,6,6,167,,221231141421234412312321241233113244,AABACBBDBDABACDDBACBACABADBACCBBCADD,AAABBCBDBDABACDDABBCACABADABCCBBACDD,,,0,167,,,,,L_T1_GTR___hekomi__,,,,,L_T1_GTR03_22110001,,,,32,44,42,244100000000242112220000121231110007313230000000413230000000410000000000,,00000160,,,,,,,,17,17,0,6,6,160,,221231141421234412312321241233113244,AABACBBDBDABACDDBACBACABADBACCBBCADD,AAABBCBDBDABACDDABBCACABADABCCBBACDD,,,0,160,,,,,L_T1_GTR___standard,,,,,L_T1_GTR03_33000001,,,
52138,35,,,,,,,,,44,42,43,231122110000232124210000121200000007313200000000414320000000414330000000,,00000176,,,,,,,,18,18,0,9,9,176,,22123114142123441231232124123311324442,AABACBBDBDABACDDBACBACABADBACCBBCADDDA,AAABBCBDBDABACDDABBCACABADABCCBBACDDAD,,,0,176,,,,,L_T1_GTR___hekomi__,,,,,L_T1_GTR03_22110001,,,,32,44,42,244100000000242112220000121231110007313230000000413230000000410000000000,,00000160,,,,,,,,17,17,0,6,6,160,,221231141421234412312321241233113244,AABACBBDBDABACDDBACBACABADBACCBBCADD,AAABBCBDBDABACDDABBCACABADABCCBBACDD,,,0,160,,,,,L_T1_GTR___standard,,,,,L_T1_GTR03_33000001,,,
52178,36,,,,,,,,,42,43,21,231122110000232124210000121244000007313200000000414320000000414330000000,,00000184,,,,,,,,19,19,0,8,8,184,,2212311414212344123123212412331132444243,AABACBBDBDABACDDBACBACABADBACCBBCADDDADC,AAABBCBDBDABACDDABBCACABADABCCBBACDDADCD,,,0,184,,,,,L_T1_GTR___hekomi__,,,,,L_T1_GTR03_22110001,,,,32,44,42,244100000000242112220000121231110007313230000000413230000000410000000000,,00000160,,,,,,,,17,17,0,6,6,160,,221231141421234412312321241233113244,AABACBBDBDABACDDBACBACABADBACCBBCADD,AAABBCBDBDABACDDABBCACABADABCCBBACDD,,,0,160,,,,,L_T1_GTR___standard,,,,,L_T1_GTR03_33000001,,,
52181,37,,,,,,,,,42,43,21,231122110000232124210000121244000007313200000000414320000000414330000000,,00000184,,,,,,,,19,19,0,8,8,184,,2212311414212344123123212412331132444243,AABACBBDBDABACDDBACBACABADBACCBBCADDDADC,AAABBCBDBDABACDDABBCACABADABCCBBACDDADCD,,,0,184,,,,,L_T1_GTR___hekomi__,,,,,L_T1_GTR03_22110001,,,,,44,42,244100000000242112220000121231112007313233000000413230000000410000000000,,bb40abb1,,,,,,,,18,0,1,bb40abb1,40,200,,221231141421234412312321241233113244,AABACBBDBDABACDDBACBACABADBACCBBCADD,AAABBCBDBDABACDDABBCACABADABCCBBACDD,,,1,200,,,,,L_T1_GTR___standard,,,,,L_T1_GTR03_33000001,,,
52213,38,,,,,,,,,,43,21,231122110000232124210000121244000007313242000000414320000000414330000000,,bb40abb1,,,,,,,,20,0,1,bb40abb1,40,224,,2212311414212344123123212412331132444243,AABACBBDBDABACDDBACBACABADBACCBBCADDDADC,AAABBCBDBDABACDDABBCACABADABCCBBACDDADCD,,,1,224,,,,,L_T1_GTR___hekomi__,,,,,L_T1_GTR03_22110001,,,,,44,42,244100000000242112220000121231112007313233000000413230000000410000000000,,bb40abb1,,,,,,,,18,0,1,bb40abb1,40,200,,221231141421234412312321241233113244,AABACBBDBDABACDDBACBACABADBACCBBCADD,AAABBCBDBDABACDDABBCACABADABCCBBACDD,,,1,200,,,,,L_T1_GTR___standard,,,,,L_T1_GTR03_33000001,,,
52262,39,,,,,,,,,,43,21,231122110000232124210000121244000007313242000000414320000000414330000000,,bb40abb1,,,,,,,,20,0,1,bb40abb1,40,224,,2212311414212344123123212412331132444243,AABACBBDBDABACDDBACBACABADBACCBBCADDDADC,AAABBCBDBDABACDDABBCACABADABCCBBACDDADCD,,,1,224,,,,,L_T1_GTR___hekomi__,,,,,L_T1_GTR03_22110001,,,,,44,42,244100000000242112220000121211120007313200000000413200000000410000000000,,b100ab14,,,,,,,,19,0,2,b100ab14,1400,1600,,221231141421234412312321241233113244,AABACBBDBDABACDDBACBACABADBACCBBCADD,AAABBCBDBDABACDDABBCACABADABCCBBACDD,,,2,1600,,,,,L_T1_GTR___standard,,,,,L_T1_GTR03_33000001,,,
52293,40,,,,,,,,,,43,21,231122110000232122100000121200000007313220000000414320000000414330000000,,bb80abb8,,,,,,,,21,0,2,bb80abb8,640,864,,2212311414212344123123212412331132444243,AABACBBDBDABACDDBACBACABADBACCBBCADDDADC,AAABBCBDBDABACDDABBCACABADABCCBBACDDADCD,,,2,864,,,,,L_T1_GTR___hekomi__,,,,,L_T1_GTR03_22110001,,,,,44,42,244100000000242112220000121211120007313200000000413200000000410000000000,,b100ab14,,,,,,,,19,0,2,b100ab14,1400,1600,,221231141421234412312321241233113244,AABACBBDBDABACDDBACBACABADBACCBBCADD,AAABBCBDBDABACDDABBCACABADABCCBBACDD,,,2,1600,,,,,L_T1_GTR___standard,,,,,L_T1_GTR03_33000001,,,
52322,41,,,,,,,,,,43,21,231122110000232122100000121200000007313220000000414320000000414330000000,,bb80abb8,,,,,,,,21,0,2,bb80abb8,640,864,,2212311414212344123123212412331132444243,AABACBBDBDABACDDBACBACABADBACCBBCADDDADC,AAABBCBDBDABACDDABBCACABADABCCBBACDDADCD,,,2,864,,,,,L_T1_GTR___hekomi__,,,,,L_T1_GTR03_22110001,,,,44,42,43,244000000000242000000000121200000007313200000000413200000000410000000000,,00001605,,,,,,,,20,1,0,5,5,1605,,22123114142123441231232124123311324442,AABACBBDBDABACDDBACBACABADBACCBBCADDDA,AAABBCBDBDABACDDABBCACABADABCCBBACDDAD,,,2,1605,,,,,L_T1_GTR___standard,,,,,L_T1_GTR03_33000001,,,
52340,42,,,,,,,,,43,43,21,231100110000232100000000121022000007313000000000414400000000414330000000,,bb80abb8,,,,,,,,22,1,0,bb80abb8,640,864,,221231141421234412312321241233113244424343,AABACBBDBDABACDDBACBACABADBACCBBCADDDADCDC,AAABBCBDBDABACDDABBCACABADABCCBBACDDADCDCD,,,2,864,,,,,L_T1_GTR___hekomi__,,,,,L_T1_GTR03_22110001,,,,44,42,43,244000000000242000000000121200000007313200000000413200000000410000000000,,00001605,,,,,,,,20,1,0,5,5,1605,,22123114142123441231232124123311324442,AABACBBDBDABACDDBACBACABADBACCBBCADDDA,AAABBCBDBDABACDDABBCACABADABCCBBACDDAD,,,2,1605,,,,,L_T1_GTR___standard,,,,,L_T1_GTR03_33000001,,,
52378,43,,,,,,,,,43,43,21,231100110000232100000000121022000007313000000000414400000000414330000000,,bb80abb8,,,,,,,,22,1,0,bb80abb8,640,864,,221231141421234412312321241233113244424343,AABACBBDBDABACDDBACBACABADBACCBBCADDDADCDC,AAABBCBDBDABACDDABBCACABADABCCBBACDDADCDCD,,,2,864,,,,,L_T1_GTR___hekomi__,,,,,L_T1_GTR03_22110001,,,,42,43,21,244000000000242000000000121200000007313244000000413200000000410000000000,,00001613,,,,,,,,21,2,0,8,8,1613,,2212311414212344123123212412331132444243,AABACBBDBDABACDDBACBACABADBACCBBCADDDADC,AAABBCBDBDABACDDABBCACABADABCCBBACDDADCD,,,2,1613,,,,,L_T1_GTR___standard,,,,,L_T1_GTR03_33000001,,,
52383,44,,,,,,,,,,43,21,231111000000232110000000121000000007313000000000414300000000414330000000,,bb60ab19,,,,,,,,23,0,1,bb60ab19,1140,2004,,221231141421234412312321241233113244424343,AABACBBDBDABACDDBACBACABADBACCBBCADDDADCDC,AAABBCBDBDABACDDABBCACABADABCCBBACDDADCDCD,,,2,2004,,,,,L_T1_GTR___hekomi__,,,,,L_T1_GTR03_22110001,,,,42,43,21,244000000000242000000000121200000007313244000000413200000000410000000000,,00001613,,,,,,,,21,2,0,8,8,1613,,2212311414212344123123212412331132444243,AABACBBDBDABACDDBACBACABADBACCBBCADDDADC,AAABBCBDBDABACDDABBCACABADABCCBBACDDADCD,,,2,1613,,,,,L_T1_GTR___standard,,,,,L_T1_GTR03_33000001,,,
52418,45,,,,,,,,,,43,21,231111000000232110000000121000000007313000000000414300000000414330000000,,bb60ab19,,,,,,,,23,0,1,bb60ab19,1140,2004,,221231141421234412312321241233113244424343,AABACBBDBDABACDDBACBACABADBACCBBCADDDADCDC,AAABBCBDBDABACDDABBCACABADABCCBBACDDADCDCD,,,2,2004,,,,,L_T1_GTR___hekomi__,,,,,L_T1_GTR03_22110001,,,,43,21,44,244000000000242000000000121200000007313244420000413200000000410000000000,,00001620,,,,,,,,22,3,0,7,7,1620,,221231141421234412312321241233113244424321,AABACBBDBDABACDDBACBACABADBACCBBCADDDADCAB,AAABBCBDBDABACDDABBCACABADABCCBBACDDADCDAB,,,2,1620,,,,,L_T1_GTR___standard,,,,,L_T1_GTR03_33000001,,,
52448,46,,,,,,,,,43,21,44,230000000000232000000000121000000007313000000000414300000000414330000000,,00002013,,,,,,,,24,1,0,9,9,2013,,22123114142123441231232124123311324442434321,AABACBBDBDABACDDBACBACABADBACCBBCADDDADCDCAB,AAABBCBDBDABACDDABBCACABADABCCBBACDDADCDCDAB,,,2,2013,,,,,L_T1_GTR___hekomi__,,,,,L_T1_GTR03_22110001,,,,43,21,44,244000000000242000000000121200000007313244420000413200000000410000000000,,00001620,,,,,,,,22,3,0,7,7,1620,,221231141421234412312321241233113244424321,AABACBBDBDABACDDBACBACABADBACCBBCADDDADCAB,AAABBCBDBDABACDDABBCACABADABCCBBACDDADCDAB,,,2,1620,,,,,L_T1_GTR___standard,,,,,L_T1_GTR03_33000001,,,
52496,47,,,,,,,,,21,44,22,233400000000232000000000121000000007313000000000414300000000414330000000,,00002023,,,,,,,,25,2,0,10,10,2023,,2212311414212344123123212412331132444243432144,AABACBBDBDABACDDBACBACABADBACCBBCADDDADCDCABDD,AAABBCBDBDABACDDABBCACABADABCCBBACDDADCDCDABDD,,,2,2023,,,,,L_T1_GTR___standard,,,,,L_T1_GTR03_33000001,,,,43,21,44,244000000000242000000000121200000007313244420000413200000000410000000000,,00001620,,,,,,,,22,3,0,7,7,1620,,221231141421234412312321241233113244424321,AABACBBDBDABACDDBACBACABADBACCBBCADDDADCAB,AAABBCBDBDABACDDABBCACABADABCCBBACDDADCDAB,,,2,1620,,,,,L_T1_GTR___standard,,,,,L_T1_GTR03_33000001,,,
52524,48,,,,,,,,,21,44,22,233400000000232000000000121000000007313000000000414300000000414330000000,,00002023,,,,,,,,25,2,0,10,10,2023,,2212311414212344123123212412331132444243432144,AABACBBDBDABACDDBACBACABADBACCBBCADDDADCDCABDD,AAABBCBDBDABACDDABBCACABADABCCBBACDDADCDCDABDD,,,2,2023,,,,,L_T1_GTR___standard,,,,,L_T1_GTR03_33000001,,,,21,44,22,244600000000242600000000121260000007313244426000413260000000413460000000,,00001630,,,,,,,,23,4,0,10,10,1630,,22123114142123441231232124123311324442432144,AABACBBDBDABACDDBACBACABADBACCBBCADDDADCABDD,AAABBCBDBDABACDDABBCACABADABCCBBACDDADCDABDD,,,2,1630,,,,,L_T1_GTR___standard,,,,,L_T1_GTR03_33000001,,,
52542,49,,,,,,,,,44,22,44,233400000000232000000000121000000007313210000000414300000000414330000000,,00002033,,,,,,,,26,3,0,10,10,2033,,221231141421234412312321241233113244424343214422,AABACBBDBDABACDDBACBACABADBACCBBCADDDADCDCABDDAA,AAABBCBDBDABACDDABBCACABADABCCBBACDDADCDCDABDDAA,,,2,2033,,,,,L_T1_GTR___standard,,,,,L_T1_GTR03_33000001,,,,21,44,22,244600000000242600000000121260000007313244426000413260000000413460000000,,00001630,,,,,,,,23,4,0,10,10,1630,,22123114142123441231232124123311324442432144,AABACBBDBDABACDDBACBACABADBACCBBCADDDADCABDD,AAABBCBDBDABACDDABBCACABADABCCBBACDDADCDABDD,,,2,1630,,,,,L_T1_GTR___standard,,,,,L_T1_GTR03_33000001,,,
52564,50,,,,,,,,,44,22,44,233400000000232000000000121000000007313210000000414300000000414330000000,,00002033,,,,,,,,26,3,0,10,10,2033,,221231141421234412312321241233113244424343214422,AABACBBDBDABACDDBACBACABADBACCBBCADDDADCDCABDDAA,AAABBCBDBDABACDDABBCACABADABCCBBACDDADCDCDABDDAA,,,2,2033,,,,,L_T1_GTR___standard,,,,,L_T1_GTR03_33000001,,,,44,22,44,244600000000242600000000121262100007313244426000413220000000413460000000,,00001638,,,,,,,,24,5,0,8,8,1638,,2212311414212344123123212412331132444243214422,AABACBBDBDABACDDBACBACABADBACCBBCADDDADCABDDAA,AAABBCBDBDABACDDABBCACABADABCCBBACDDADCDABDDAA,,,2,1638,,,,,L_T1_GTR___standard,,,,,L_T1_GTR03_33000001,,,
52587,51,,,,,,,,,22,44,34,233400000000232400000000121400000007313210000000414300000000414330000000,,00002043,,,,,,,,27,4,0,10,10,2043,,22123114142123441231232124123311324442434321442244,AABACBBDBDABACDDBACBACABADBACCBBCADDDADCDCABDDAADD,AAABBCBDBDABACDDABBCACABADABCCBBACDDADCDCDABDDAADD,,,2,2043,,,,,L_T1_GTR___standard/L_T1_GTR___zabuton_,,,,,L_T1_GTR03_33000001,,,,44,22,44,244600000000242600000000121262100007313244426000413220000000413460000000,,00001638,,,,,,,,24,5,0,8,8,1638,,2212311414212344123123212412331132444243214422,AABACBBDBDABACDDBACBACABADBACCBBCADDDADCABDDAA,AAABBCBDBDABACDDABBCACABADABCCBBACDDADCDABDDAA,,,2,1638,,,,,L_T1_GTR___standard,,,,,L_T1_GTR03_33000001,,,
52608,52,,,,,,,,,22,44,34,233400000000232400000000121400000007313210000000414300000000414330000000,,00002043,,,,,,,,27,4,0,10,10,2043,,22123114142123441231232124123311324442434321442244,AABACBBDBDABACDDBACBACABADBACCBBCADDDADCDCABDDAADD,AAABBCBDBDABACDDABBCACABADABCCBBACDDADCDCDABDDAADD,,,2,2043,,,,,L_T1_GTR___standard/L_T1_GTR___zabuton_,,,,,L_T1_GTR03_33000001,,,,22,44,34,244600000000242600000000121262100007313244426000413260000000413464400000,,00001645,,,,,,,,25,6,0,7,7,1645,,221231141421234412312321241233113244424321442244,AABACBBDBDABACDDBACBACABADBACCBBCADDDADCABDDAADD,AAABBCBDBDABACDDABBCACABADABCCBBACDDADCDABDDAADD,,,2,1645,,,,,L_T1_GTR___standard,,,,,L_T1_GTR03_33000001,,,
52628,53,,,,,,,,,44,34,21,233400000000232420000000121420000007313210000000414300000000414330000000,,00002052,,,,,,,,28,5,0,9,9,2052,,2212311414212344123123212412331132444243432144224434,AABACBBDBDABACDDBACBACABADBACCBBCADDDADCDCABDDAADDCD,AAABBCBDBDABACDDABBCACABADABCCBBACDDADCDCDABDDAADDCD,,,2,2052,,,,,L_T1_GTR___standard/L_T1_GTR___zabuton_,,,,,L_T1_GTR03_33000001,,,,22,44,34,244600000000242600000000121262100007313244426000413260000000413464400000,,00001645,,,,,,,,25,6,0,7,7,1645,,221231141421234412312321241233113244424321442244,AABACBBDBDABACDDBACBACABADBACCBBCADDDADCABDDAADD,AAABBCBDBDABACDDABBCACABADABCCBBACDDADCDABDDAADD,,,2,1645,,,,,L_T1_GTR___standard,,,,,L_T1_GTR03_33000001,,,
52652,54,,,,,,,,,44,34,21,233400000000232420000000121420000007313210000000414300000000414330000000,,00002052,,,,,,,,28,5,0,9,9,2052,,2212311414212344123123212412331132444243432144224434,AABACBBDBDABACDDBACBACABADBACCBBCADDDADCDCABDDAADDCD,AAABBCBDBDABACDDABBCACABADABCCBBACDDADCDCDABDDAADDCD,,,2,2052,,,,,L_T1_GTR___standard/L_T1_GTR___zabuton_,,,,,L_T1_GTR03_33000001,,,,44,34,21,244620000000242620000000121262100007313244426000413260000000413464400000,,00001654,,,,,,,,26,7,0,9,9,1654,,22123114142123441231232124123311324442432144224434,AABACBBDBDABACDDBACBACABADBACCBBCADDDADCABDDAADDCD,AAABBCBDBDABACDDABBCACABADABCCBBACDDADCDABDDAADDCD,,,2,1654,,,,,L_T1_GTR___standard,,,,,L_T1_GTR03_33000001,,,
52668,55,,,,,,,,,34,21,22,233400000000232424400000121420000007313210000000414300000000414330000000,,00002059,,,,,,,,29,6,0,7,7,2059,,221231141421234412312321241233113244424343214422443421,AABACBBDBDABACDDBACBACABADBACCBBCADDDADCDCABDDAADDCDAB,AAABBCBDBDABACDDABBCACABADABCCBBACDDADCDCDABDDAADDCDAB,,,2,2059,,,,,L_T1_GTR___standard/L_T1_GTR___zabuton_,,,,,L_T1_GTR03_33000001,,,,44,34,21,244620000000242620000000121262100007313244426000413260000000413464400000,,00001654,,,,,,,,26,7,0,9,9,1654,,22123114142123441231232124123311324442432144224434,AABACBBDBDABACDDBACBACABADBACCBBCADDDADCABDDAADDCD,AAABBCBDBDABACDDABBCACABADABCCBBACDDADCDABDDAADDCD,,,2,1654,,,,,L_T1_GTR___standard,,,,,L_T1_GTR03_33000001,,,
52704,56,,,,,,,,,34,21,22,233400000000232424400000121420000007313210000000414300000000414330000000,,00002059,,,,,,,,29,6,0,7,7,2059,,221231141421234412312321241233113244424343214422443421,AABACBBDBDABACDDBACBACABADBACCBBCADDDADCDCABDDAADDCDAB,AAABBCBDBDABACDDABBCACABADABCCBBACDDADCDCDABDDAADDCDAB,,,2,2059,,,,,L_T1_GTR___standard/L_T1_GTR___zabuton_,,,,,L_T1_GTR03_33000001,,,,34,21,22,244624400000242620000000121262100007313244426000413260000000413464400000,,00001660,,,,,,,,27,8,0,6,6,1660,,2212311414212344123123212412331132444243214422443421,AABACBBDBDABACDDBACBACABADBACCBBCADDDADCABDDAADDCDAB,AAABBCBDBDABACDDABBCACABADABCCBBACDDADCDABDDAADDCDAB,,,2,1660,,,,,L_T1_GTR___standard,,,,,L_T1_GTR03_33000001,,,
52715,57,,,,,,,,,21,22,34,233434000000232424400000121420000007313210000000414300000000414330000000,,00002068,,,,,,,,30,7,0,9,9,2068,,22123114142123441231232124123311324442434321442244342122,AABACBBDBDABACDDBACBACABADBACCBBCADDDADCDCABDDAADDCDABAA,AAABBCBDBDABACDDABBCACABADABCCBBACDDADCDCDABDDAADDCDABAA,,,2,2068,,,,,L_T1_GTR___standard/L_T1_GTR___zabuton_,,,,,L_T1_GTR03_33000001,,,,34,21,22,244624400000242620000000121262100007313244426000413260000000413464400000,,00001660,,,,,,,,27,8,0,6,6,1660,,2212311414212344123123212412331132444243214422443421,AABACBBDBDABACDDBACBACABADBACCBBCADDDADCABDDAADDCDAB,AAABBCBDBDABACDDABBCACABADABCCBBACDDADCDABDDAADDCDAB,,,2,1660,,,,,L_T1_GTR___standard,,,,,L_T1_GTR03_33000001,,,
52742,58,,,,,,,,,21,22,34,233434000000232424400000121420000007313210000000414300000000414330000000,,00002068,,,,,,,,30,7,0,9,9,2068,,22123114142123441231232124123311324442434321442244342122,AABACBBDBDABACDDBACBACABADBACCBBCADDDADCDCABDDAADDCDABAA,AAABBCBDBDABACDDABBCACABADABCCBBACDDADCDCDABDDAADDCDABAA,,,2,2068,,,,,L_T1_GTR___standard/L_T1_GTR___zabuton_,,,,,L_T1_GTR03_33000001,,,,21,22,34,244624443000242620000000121262100007313244426000413260000000413464400000,,00001665,,,,,,,,28,9,0,5,5,1665,,221231141421234412312321241233113244424321442244342122,AABACBBDBDABACDDBACBACABADBACCBBCADDDADCABDDAADDCDABAA,AAABBCBDBDABACDDABBCACABADABCCBBACDDADCDABDDAADDCDABAA,,,2,1665,,,,,L_T1_GTR___standard,,,,,L_T1_GTR03_33000001,,,
52754,59,,,,,,,,,22,34,13,233434000000232424400000121422000007313211000000414300000000414330000000,,00002076,,,,,,,,31,8,0,8,8,2076,,2212311414212344123123212412331132444243432144224434212234,AABACBBDBDABACDDBACBACABADBACCBBCADDDADCDCABDDAADDCDABAACD,AAABBCBDBDABACDDABBCACABADABCCBBACDDADCDCDABDDAADDCDABAACD,,,2,2076,,,,,L_T1_GTR___standard/L_T1_GTR___zabuton_,,,,,L_T1_GTR03_33000001,,,,21,22,34,244624443000242620000000121262100007313244426000413260000000413464400000,,00001665,,,,,,,,28,9,0,5,5,1665,,221231141421234412312321241233113244424321442244342122,AABACBBDBDABACDDBACBACABADBACCBBCADDDADCABDDAADDCDABAA,AAABBCBDBDABACDDABBCACABADABCCBBACDDADCDABDDAADDCDABAA,,,2,1665,,,,,L_T1_GTR___standard,,,,,L_T1_GTR03_33000001,,,
52793,60,,,,,,,,,34,13,12,233434000000232424422000121422000007313211000000414300000000414330000000,,00002081,,,,,,,,32,9,0,5,5,2081,,221231141421234412312321241233113244424343214422443421223413,AABACBBDBDABACDDBACBACABADBACCBBCADDDADCDCABDDAADDCDABAACDBC,AAABBCBDBDABACDDABBCACABADABCCBBACDDADCDCDABDDAADDCDABAACDBC,,,2,2081,,,,,L_T1_GTR___standard/L_T1_GTR___zabuton_,,,,,L_T1_GTR03_33000001,,,,21,22,34,244624443000242620000000121262100007313244426000413260000000413464400000,,00001665,,,,,,,,28,9,0,5,5,1665,,221231141421234412312321241233113244424321442244342122,AABACBBDBDABACDDBACBACABADBACCBBCADDDADCABDDAADDCDABAA,AAABBCBDBDABACDDABBCACABADABCCBBACDDADCDABDDAADDCDABAA,,,2,1665,,,,,L_T1_GTR___standard,,,,,L_T1_GTR03_33000001,,,
52802,61,,,,,,,,,34,13,12,233434000000232424422000121422000007313211000000414300000000414330000000,,00002081,,,,,,,,32,9,0,5,5,2081,,221231141421234412312321241233113244424343214422443421223413,AABACBBDBDABACDDBACBACABADBACCBBCADDDADCDCABDDAADDCDABAACDBC,AAABBCBDBDABACDDABBCACABADABCCBBACDDADCDCDABDDAADDCDABAACDBC,,,2,2081,,,,,L_T1_GTR___standard/L_T1_GTR___zabuton_,,,,,L_T1_GTR03_33000001,,,,22,34,13,244624443000242621000000121262120007313244426000413260000000413464400000,,00001671,,,,,,,,29,10,0,6,6,1671,,22123114142123441231232124123311324442432144224434212234,AABACBBDBDABACDDBACBACABADBACCBBCADDDADCABDDAADDCDABAACD,AAABBCBDBDABACDDABBCACABADABCCBBACDDADCDABDDAADDCDABAACD,,,2,1671,,,,,L_T1_GTR___standard,,,,,L_T1_GTR03_33000001,,,
52836,62,,,,,,,,,13,12,23,233434000000232424422000121422000007313211000000414343000000414330000000,,00002089,,,,,,,,33,10,0,8,8,2089,,22123114142123441231232124123311324442434321442244342122341312,AABACBBDBDABACDDBACBACABADBACCBBCADDDADCDCABDDAADDCDABAACDBCBA,AAABBCBDBDABACDDABBCACABADABCCBBACDDADCDCDABDDAADDCDABAACDBCAB,,,2,2089,,,,,L_T1_GTR___standard/L_T1_GTR___zabuton_,,,,,L_T1_GTR03_33000001,,,,22,34,13,244624443000242621000000121262120007313244426000413260000000413464400000,,00001671,,,,,,,,29,10,0,6,6,1671,,22123114142123441231232124123311324442432144224434212234,AABACBBDBDABACDDBACBACABADBACCBBCADDDADCABDDAADDCDABAACD,AAABBCBDBDABACDDABBCACABADABCCBBACDDADCDABDDAADDCDABAACD,,,2,1671,,,,,L_T1_GTR___standard,,,,,L_T1_GTR03_33000001,,,
52844,63,,,,,,,,,13,12,23,233434000000232424422000121422000007313211000000414343000000414330000000,,00002089,,,,,,,,33,10,0,8,8,2089,,22123114142123441231232124123311324442434321442244342122341312,AABACBBDBDABACDDBACBACABADBACCBBCADDDADCDCABDDAADDCDABAACDBCBA,AAABBCBDBDABACDDABBCACABADABCCBBACDDADCDCDABDDAADDCDABAACDBCAB,,,2,2089,,,,,L_T1_GTR___standard/L_T1_GTR___zabuton_,,,,,L_T1_GTR03_33000001,,,,34,13,12,244624443000242621000000121262120007313244426000413262200000413464400000,,00001678,,,,,,,,30,11,0,7,7,1678,,2212311414212344123123212412331132444243214422443421223413,AABACBBDBDABACDDBACBACABADBACCBBCADDDADCABDDAADDCDABAACDBC,AAABBCBDBDABACDDABBCACABADABCCBBACDDADCDABDDAADDCDABAACDBC,,,2,1678,,,,,L_T1_GTR___standard,,,,,L_T1_GTR03_33000001,,,
52874,64,,,,,,,,,12,23,33,233434000000232424422000121422000007313211310000414343000000414330000000,,00002095,,,,,,,,34,11,0,6,6,2095,,2212311414212344123123212412331132444243432144224434212234131223,AABACBBDBDABACDDBACBACABADBACCBBCADDDADCDCABDDAADDCDABAACDBCBAAC,AAABBCBDBDABACDDABBCACABADABCCBBACDDADCDCDABDDAADDCDABAACDBCABAC,,,2,2095,,,,,L_T1_GTR___standard/L_T1_GTR___zabuton_,,,,,L_T1_GTR03_33000001,,,,34,13,12,244624443000242621000000121262120007313244426000413262200000413464400000,,00001678,,,,,,,,30,11,0,7,7,1678,,2212311414212344123123212412331132444243214422443421223413,AABACBBDBDABACDDBACBACABADBACCBBCADDDADCABDDAADDCDABAACDBC,AAABBCBDBDABACDDABBCACABADABCCBBACDDADCDABDDAADDCDABAACDBC,,,2,1678,,,,,L_T1_GTR___standard,,,,,L_T1_GTR03_33000001,,,
52880,65,,,,,,,,,12,23,33,233434000000232424422000121422000007313211310000414343000000414330000000,,00002095,,,,,,,,34,11,0,6,6,2095,,2212311414212344123123212412331132444243432144224434212234131223,AABACBBDBDABACDDBACBACABADBACCBBCADDDADCDCABDDAADDCDABAACDBCBAAC,AAABBCBDBDABACDDABBCACABADABCCBBACDDADCDCDABDDAADDCDABAACDBCABAC,,,2,2095,,,,,L_T1_GTR___standard/L_T1_GTR___zabuton_,,,,,L_T1_GTR03_33000001,,,,13,12,23,244624443340242621000000121262120007313244426000413262200000413464400000,,00001682,,,,,,,,31,12,0,4,4,1682,,221231141421234412312321241233113244424321442244342122341312,AABACBBDBDABACDDBACBACABADBACCBBCADDDADCABDDAADDCDABAACDBCBA,AAABBCBDBDABACDDABBCACABADABCCBBACDDADCDABDDAADDCDABAACDBCAB,,,2,1682,,,,,L_T1_GTR___standard,,,,,L_T1_GTR03_33000001,,,
52919,66,,,,,,,,,23,33,11,233434210000232424422000121422000007313211310000414343000000414330000000,,00002101,,,,,,,,35,12,0,6,6,2101,,221231141421234412312321241233113244424343214422443421223413122333,AABACBBDBDABACDDBACBACABADBACCBBCADDDADCDCABDDAADDCDABAACDBCBAACCC,AAABBCBDBDABACDDABBCACABADABCCBBACDDADCDCDABDDAADDCDABAACDBCABACCC,,,2,2101,,,,,L_T1_GTR___standard/L_T1_GTR___zabuton_,,,,,L_T1_GTR03_33000001,,,,13,12,23,244624443340242621000000121262120007313244426000413262200000413464400000,,00001682,,,,,,,,31,12,0,4,4,1682,,221231141421234412312321241233113244424321442244342122341312,AABACBBDBDABACDDBACBACABADBACCBBCADDDADCABDDAADDCDABAACDBCBA,AAABBCBDBDABACDDABBCACABADABCCBBACDDADCDABDDAADDCDABAACDBCAB,,,2,1682,,,,,L_T1_GTR___standard,,,,,L_T1_GTR03_33000001,,,
52920,67,,,,,,,,,23,33,11,233434210000232424422000121422000007313211310000414343000000414330000000,,00002101,,,,,,,,35,12,0,6,6,2101,,221231141421234412312321241233113244424343214422443421223413122333,AABACBBDBDABACDDBACBACABADBACCBBCADDDADCDCABDDAADDCDABAACDBCBAACCC,AAABBCBDBDABACDDABBCACABADABCCBBACDDADCDCDABDDAADDCDABAACDBCABACCC,,,2,2101,,,,,L_T1_GTR___standard/L_T1_GTR___zabuton_,,,,,L_T1_GTR03_33000001,,,,12,23,33,244624443340242621130000121262120007313244426000413262200000413464400000,,00001689,,,,,,,,32,13,0,7,7,1689,,22123114142123441231232124123311324442432144224434212234131223,AABACBBDBDABACDDBACBACABADBACCBBCADDDADCABDDAADDCDABAACDBCBAAC,AAABBCBDBDABACDDABBCACABADABCCBBACDDADCDABDDAADDCDABAACDBCABAC,,,2,1689,,,,,L_T1_GTR___standard,,,,,L_T1_GTR03_33000001,,,
52952,68,,,,,,,,,23,33,11,233434210000232424422000121422000007313211310000414343000000414330000000,,00002101,,,,,,,,35,12,0,6,6,2101,,221231141421234412312321241233113244424343214422443421223413122333,AABACBBDBDABACDDBACBACABADBACCBBCADDDADCDCABDDAADDCDABAACDBCBAACCC,AAABBCBDBDABACDDABBCACABADABCCBBACDDADCDCDABDDAADDCDABAACDBCABACCC,,,2,2101,,,,,L_T1_GTR___standard/L_T1_GTR___zabuton_,,,,,L_T1_GTR03_33000001,,,,23,33,11,244624443341242621130000121262120007313244426000413262200000413464400000,,00001691,,,,,,,,33,14,0,2,2,1691,,2212311414212344123123212412331132444243214422443421223413122333,AABACBBDBDABACDDBACBACABADBACCBBCADDDADCABDDAADDCDABAACDBCBAACCC,AAABBCBDBDABACDDABBCACABADABCCBBACDDADCDABDDAADDCDABAACDBCABACCC,,,2,1691,,,,,L_T1_GTR___standard,,,,,L_T1_GTR03_33000001,,,
52980,69,,,,,,,,,33,11,11,233434210000232424422000121422000007313211310000414343300000414332000000,,00002108,,,,,,,,36,13,0,7,7,2108,,22123114142123441231232124123311324442434321442244342122341312233311,AABACBBDBDABACDDBACBACABADBACCBBCADDDADCDCABDDAADDCDABAACDBCBAACCCBB,AAABBCBDBDABACDDABBCACABADABCCBBACDDADCDCDABDDAADDCDABAACDBCABACCCBB,,,2,2108,,,,,L_T1_GTR___standard/L_T1_GTR___zabuton_,,,,,L_T1_GTR03_33000001,,,,23,33,11,244624443341242621130000121262120007313244426000413262200000413464400000,,00001691,,,,,,,,33,14,0,2,2,1691,,2212311414212344123123212412331132444243214422443421223413122333,AABACBBDBDABACDDBACBACABADBACCBBCADDDADCABDDAADDCDABAACDBCBAACCC,AAABBCBDBDABACDDABBCACABADABCCBBACDDADCDABDDAADDCDABAACDBCABACCC,,,2,1691,,,,,L_T1_GTR___standard,,,,,L_T1_GTR03_33000001,,,
52981,70,,,,,,,,,33,11,11,233434210000232424422000121422000007313211310000414343300000414332000000,,00002108,,,,,,,,36,13,0,7,7,2108,,22123114142123441231232124123311324442434321442244342122341312233311,AABACBBDBDABACDDBACBACABADBACCBBCADDDADCDCABDDAADDCDABAACDBCBAACCCBB,AAABBCBDBDABACDDABBCACABADABCCBBACDDADCDCDABDDAADDCDABAACDBCABACCCBB,,,2,2108,,,,,L_T1_GTR___standard/L_T1_GTR___zabuton_,,,,,L_T1_GTR03_33000001,,,,,33,11,244624443341242621133000121262122007313244426000413262200000413464400000,,bb40abb1,,,,,,,,34,0,1,bb40abb1,40,1731,,2212311414212344123123212412331132444243214422443421223413122333,AABACBBDBDABACDDBACBACABADBACCBBCADDDADCABDDAADDCDABAACDBCBAACCC,AAABBCBDBDABACDDABBCACABADABCCBBACDDADCDABDDAADDCDABAACDBCABACCC,,,2,1731,,,,,L_T1_GTR___standard,,,,,L_T1_GTR03_33000001,,,
53014,71,,,,,,,,,11,11,24,233434210000232424422000121422000007313211313300414343300000414332000000,,00002112,,,,,,,,37,14,0,4,4,2112,,2212311414212344123123212412331132444243432144224434212234131223331111,AABACBBDBDABACDDBACBACABADBACCBBCADDDADCDCABDDAADDCDABAACDBCBAACCCBBBB,AAABBCBDBDABACDDABBCACABADABCCBBACDDADCDCDABDDAADDCDABAACDBCABACCCBBBB,,,2,2112,,,,,L_T1_GTR___standard/L_T1_GTR___zabuton_,,,,,L_T1_GTR03_33000001,,,,,33,11,244624443341242621133000121262122007313244426000413262200000413464400000,,bb40abb1,,,,,,,,34,0,1,bb40abb1,40,1731,,2212311414212344123123212412331132444243214422443421223413122333,AABACBBDBDABACDDBACBACABADBACCBBCADDDADCABDDAADDCDABAACDBCBAACCC,AAABBCBDBDABACDDABBCACABADABCCBBACDDADCDABDDAADDCDABAACDBCABACCC,,,2,1731,,,,,L_T1_GTR___standard,,,,,L_T1_GTR03_33000001,,,
53056,72,,,,,,,,,11,24,42,233434210000232424422000121422000007313211313300414343311000414332000000,,00002118,,,,,,,,38,15,0,6,6,2118,,221231141421234412312321241233113244424343214422443421223413122333111124,AABACBBDBDABACDDBACBACABADBACCBBCADDDADCDCABDDAADDCDABAACDBCBAACCCBBBBAD,AAABBCBDBDABACDDABBCACABADABCCBBACDDADCDCDABDDAADDCDABAACDBCABACCCBBBBAD,,,2,2118,,,,,L_T1_GTR___standard/L_T1_GTR___zabuton_,,,,,L_T1_GTR03_33000001,,,,,33,11,244624443341242621133000121262122007313244426000413262200000413464400000,,bb40abb1,,,,,,,,34,0,1,bb40abb1,40,1731,,2212311414212344123123212412331132444243214422443421223413122333,AABACBBDBDABACDDBACBACABADBACCBBCADDDADCABDDAADDCDABAACDBCBAACCC,AAABBCBDBDABACDDABBCACABADABCCBBACDDADCDABDDAADDCDABAACDBCABACCC,,,2,1731,,,,,L_T1_GTR___standard,,,,,L_T1_GTR03_33000001,,,
53062,73,,,,,,,,,11,24,42,233434210000232424422000121422000007313211313300414343311000414332000000,,00002118,,,,,,,,38,15,0,6,6,2118,,221231141421234412312321241233113244424343214422443421223413122333111124,AABACBBDBDABACDDBACBACABADBACCBBCADDDADCDCABDDAADDCDABAACDBCBAACCCBBBBAD,AAABBCBDBDABACDDABBCACABADABCCBBACDDADCDCDABDDAADDCDABAACDBCABACCCBBBBAD,,,2,2118,,,,,L_T1_GTR___standard/L_T1_GTR___zabuton_,,,,,L_T1_GTR03_33000001,,,,,33,11,244624444120242621100000121262122007313244426000413262200000413464400000,,bb40abb8,,,,,,,,35,0,2,bb40abb8,320,2051,,2212311414212344123123212412331132444243214422443421223413122333,AABACBBDBDABACDDBACBACABADBACCBBCADDDADCABDDAADDCDABAACDBCBAACCC,AAABBCBDBDABACDDABBCACABADABCCBBACDDADCDABDDAADDCDABAACDBCABACCC,,,2,2051,,,,,L_T1_GTR___standard,,,,,L_T1_GTR03_33000001,,,
53140,74,,,,,,,,,24,42,43,233434211100232424422000121422000007313211313300414343311000414332000000,,00002120,,,,,,,,39,16,0,2,2,2120,,22123114142123441231232124123311324442434321442244342122341312233311112442,AABACBBDBDABACDDBACBACABADBACCBBCADDDADCDCABDDAADDCDABAACDBCBAACCCBBBBADDA,AAABBCBDBDABACDDABBCACABADABCCBBACDDADCDCDABDDAADDCDABAACDBCABACCCBBBBADAD,,,2,2120,,,,,L_T1_GTR___standard/L_T1_GTR___zabuton_,,,,,L_T1_GTR03_33000001,,,,,33,11,244624444120242621100000121262122007313244426000413262200000413464400000,,bb40abb8,,,,,,,,35,0,2,bb40abb8,320,2051,,2212311414212344123123212412331132444243214422443421223413122333,AABACBBDBDABACDDBACBACABADBACCBBCADDDADCABDDAADDCDABAACDBCBAACCC,AAABBCBDBDABACDDABBCACABADABCCBBACDDADCDABDDAADDCDABAACDBCABACCC,,,2,2051,,,,,L_T1_GTR___standard,,,,,L_T1_GTR03_33000001,,,
53149,75,,,,,,,,,24,42,43,233434211100232424422000121422000007313211313300414343311000414332000000,,00002120,,,,,,,,39,16,0,2,2,2120,,22123114142123441231232124123311324442434321442244342122341312233311112442,AABACBBDBDABACDDBACBACABADBACCBBCADDDADCDCABDDAADDCDABAACDBCBAACCCBBBBADDA,AAABBCBDBDABACDDABBCACABADABCCBBACDDADCDCDABDDAADDCDABAACDBCABACCCBBBBADAD,,,2,2120,,,,,L_T1_GTR___standard/L_T1_GTR___zabuton_,,,,,L_T1_GTR03_33000001,,,,,33,11,244621200000242621100000121262122007313244426000413262200000413464400000,,bb40ab16,,,,,,,,36,0,3,bb40ab16,640,2691,,2212311414212344123123212412331132444243214422443421223413122333,AABACBBDBDABACDDBACBACABADBACCBBCADDDADCABDDAADDCDABAACDBCBAACCC,AAABBCBDBDABACDDABBCACABADABCCBBACDDADCDABDDAADDCDABAACDBCABACCC,,,3,2691,,,,,L_T1_GTR___standard,,,,,L_T1_GTR03_33000001,,,
53223,76,,,,,,,,,42,43,14,233434211100232424422000121422000007313211313320414343311400414332000000,,00002122,,,,,,,,40,17,0,2,2,2122,,2212311414212344123123212412331132444243432144224434212234131223331111244243,AABACBBDBDABACDDBACBACABADBACCBBCADDDADCDCABDDAADDCDABAACDBCBAACCCBBBBADDADC,AAABBCBDBDABACDDABBCACABADABCCBBACDDADCDCDABDDAADDCDABAACDBCABACCCBBBBADADCD,,,2,2122,,,,,L_T1_GTR___standard/L_T1_GTR___zabuton_,,,,,L_T1_GTR03_33000001,,,,,33,11,244621200000242621100000121262122007313244426000413262200000413464400000,,bb40ab16,,,,,,,,36,0,3,bb40ab16,640,2691,,2212311414212344123123212412331132444243214422443421223413122333,AABACBBDBDABACDDBACBACABADBACCBBCADDDADCABDDAADDCDABAACDBCBAACCC,AAABBCBDBDABACDDABBCACABADABCCBBACDDADCDABDDAADDCDABAACDBCABACCC,,,3,2691,,,,,L_T1_GTR___standard,,,,,L_T1_GTR03_33000001,,,
53229,77,,,,,,,,,42,43,14,233434211100232424422000121422000007313211313320414343311400414332000000,,00002122,,,,,,,,40,17,0,2,2,2122,,2212311414212344123123212412331132444243432144224434212234131223331111244243,AABACBBDBDABACDDBACBACABADBACCBBCADDDADCDCABDDAADDCDABAACDBCBAACCCBBBBADDADC,AAABBCBDBDABACDDABBCACABADABCCBBACDDADCDCDABDDAADDCDABAACDBCABACCCBBBBADADCD,,,2,2122,,,,,L_T1_GTR___standard/L_T1_GTR___zabuton_,,,,,L_T1_GTR03_33000001,,,,,33,11,244622000000242620000000121262220007313244426000413262200000413464400000,,bb40ab32,,,,,,,,37,0,4,bb40ab32,1280,3971,,2212311414212344123123212412331132444243214422443421223413122333,AABACBBDBDABACDDBACBACABADBACCBBCADDDADCABDDAADDCDABAACDBCBAACCC,AAABBCBDBDABACDDABBCACABADABCCBBACDDADCDABDDAADDCDABAACDBCABACCC,,,4,3971,,,,,L_T1_GTR___standard,,,,,L_T1_GTR03_33000001,,,
53280,78,,,,,,,,,43,14,23,233434211100232424422420121422000007313211313320414343311400414332000000,,00002125,,,,,,,,41,18,0,3,3,2125,,221231141421234412312321241233113244424343214422443421223413122333111124424314,AABACBBDBDABACDDBACBACABADBACCBBCADDDADCDCABDDAADDCDABAACDBCBAACCCBBBBADDADCBD,AAABBCBDBDABACDDABBCACABADABCCBBACDDADCDCDABDDAADDCDABAACDBCABACCCBBBBADADCDBD,,,2,2125,,,,,L_T1_GTR___standard/L_T1_GTR___zabuton_,,,,,L_T1_GTR03_33000001,,,,,33,11,244622000000242620000000121262220007313244426000413262200000413464400000,,bb40ab32,,,,,,,,37,0,4,bb40ab32,1280,3971,,2212311414212344123123212412331132444243214422443421223413122333,AABACBBDBDABACDDBACBACABADBACCBBCADDDADCABDDAADDCDABAACDBCBAACCC,AAABBCBDBDABACDDABBCACABADABCCBBACDDADCDABDDAADDCDABAACDBCABACCC,,,4,3971,,,,,L_T1_GTR___standard,,,,,L_T1_GTR03_33000001,,,
53294,79,,,,,,,,,43,14,23,233434211100232424422420121422000007313211313320414343311400414332000000,,00002125,,,,,,,,41,18,0,3,3,2125,,221231141421234412312321241233113244424343214422443421223413122333111124424314,AABACBBDBDABACDDBACBACABADBACCBBCADDDADCDCABDDAADDCDABAACDBCBAACCCBBBBADDADCBD,AAABBCBDBDABACDDABBCACABADABCCBBACDDADCDCDABDDAADDCDABAACDBCABACCCBBBBADADCDBD,,,2,2125,,,,,L_T1_GTR___standard/L_T1_GTR___zabuton_,,,,,L_T1_GTR03_33000001,,,,33,11,11,244622000000242620000000121200000007313244400000413262200000413464400000,,00003976,,,,,,,,38,1,0,5,5,3976,,221231141421234412312321241233113244424321442244342122341312233311,AABACBBDBDABACDDBACBACABADBACCBBCADDDADCABDDAADDCDABAACDBCBAACCCBB,AAABBCBDBDABACDDABBCACABADABCCBBACDDADCDABDDAADDCDABAACDBCABACCCBB,,,4,3976,,,,,L_T1_GTR___standard,,,,,L_T1_GTR03_33000001,,,
53319,80,,,,,,,,,,14,23,233434211100232424422420121422340007313211313320414343311400414332000000,,bb40abb1,,,,,,,,42,0,1,bb40abb1,40,2165,,221231141421234412312321241233113244424343214422443421223413122333111124424314,AABACBBDBDABACDDBACBACABADBACCBBCADDDADCDCABDDAADDCDABAACDBCBAACCCBBBBADDADCBD,AAABBCBDBDABACDDABBCACABADABCCBBACDDADCDCDABDDAADDCDABAACDBCABACCCBBBBADADCDBD,,,2,2165,,,,,L_T1_GTR___standard/L_T1_GTR___zabuton_,,,,,L_T1_GTR03_33000001,,,,33,11,11,244622000000242620000000121200000007313244400000413262200000413464400000,,00003976,,,,,,,,38,1,0,5,5,3976,,221231141421234412312321241233113244424321442244342122341312233311,AABACBBDBDABACDDBACBACABADBACCBBCADDDADCABDDAADDCDABAACDBCBAACCCBB,AAABBCBDBDABACDDABBCACABADABCCBBACDDADCDABDDAADDCDABAACDBCABACCCBB,,,4,3976,,,,,L_T1_GTR___standard,,,,,L_T1_GTR03_33000001,,,
53332,81,,,,,,,,,,14,23,233434211100232424422420121422340007313211313320414343311400414332000000,,bb40abb1,,,,,,,,42,0,1,bb40abb1,40,2165,,221231141421234412312321241233113244424343214422443421223413122333111124424314,AABACBBDBDABACDDBACBACABADBACCBBCADDDADCDCABDDAADDCDABAACDBCBAACCCBBBBADDADCBD,AAABBCBDBDABACDDABBCACABADABCCBBACDDADCDCDABDDAADDCDABAACDBCABACCCBBBBADADCDBD,,,2,2165,,,,,L_T1_GTR___standard/L_T1_GTR___zabuton_,,,,,L_T1_GTR03_33000001,,,,11,11,24,244622000000242620000000121200000007313244433000413262200000413464400000,,00003981,,,,,,,,39,2,0,5,5,3981,,22123114142123441231232124123311324442432144224434212234131223331111,AABACBBDBDABACDDBACBACABADBACCBBCADDDADCABDDAADDCDABAACDBCBAACCCBBBB,AAABBCBDBDABACDDABBCACABADABCCBBACDDADCDABDDAADDCDABAACDBCABACCCBBBB,,,4,3981,,,,,L_T1_GTR___standard,,,,,L_T1_GTR03_33000001,,,
53370,82,,,,,,,,,,14,23,233434211100232424422420121422340007313211313320414343311400414332000000,,bb40abb1,,,,,,,,42,0,1,bb40abb1,40,2165,,221231141421234412312321241233113244424343214422443421223413122333111124424314,AABACBBDBDABACDDBACBACABADBACCBBCADDDADCDCABDDAADDCDABAACDBCBAACCCBBBBADDADCBD,AAABBCBDBDABACDDABBCACABADABCCBBACDDADCDCDABDDAADDCDABAACDBCABACCCBBBBADADCDBD,,,2,2165,,,,,L_T1_GTR___standard/L_T1_GTR___zabuton_,,,,,L_T1_GTR03_33000001,,,,11,24,42,244622000000242620000000121200000007313244433110413262200000413464400000,,00003984,,,,,,,,40,3,0,3,3,3984,,2212311414212344123123212412331132444243214422443421223413122333111124,AABACBBDBDABACDDBACBACABADBACCBBCADDDADCABDDAADDCDABAACDBCBAACCCBBBBAD,AAABBCBDBDABACDDABBCACABADABCCBBACDDADCDABDDAADDCDABAACDBCABACCCBBBBAD,,,4,3984,,,,,L_T1_GTR___standard,,,,,L_T1_GTR03_33000001,,,
53407,83,,,,,,,,,,14,23,233434211100232424422420121422400007313211133200414341140000414332000000,,bb90ab13,,,,,,,,43,0,2,bb90ab13,1170,3335,,221231141421234412312321241233113244424343214422443421223413122333111124424314,AABACBBDBDABACDDBACBACABADBACCBBCADDDADCDCABDDAADDCDABAACDBCBAACCCBBBBADDADCBD,AAABBCBDBDABACDDABBCACABADABCCBBACDDADCDCDABDDAADDCDABAACDBCABACCCBBBBADADCDBD,,,2,3335,,,,,L_T1_GTR___standard/L_T1_GTR___zabuton_,,,,,L_T1_GTR03_33000001,,,,11,24,42,244622000000242620000000121200000007313244433110413262200000413464400000,,00003984,,,,,,,,40,3,0,3,3,3984,,2212311414212344123123212412331132444243214422443421223413122333111124,AABACBBDBDABACDDBACBACABADBACCBBCADDDADCABDDAADDCDABAACDBCBAACCCBBBBAD,AAABBCBDBDABACDDABBCACABADABCCBBACDDADCDABDDAADDCDABAACDBCABACCCBBBBAD,,,4,3984,,,,,L_T1_GTR___standard,,,,,L_T1_GTR03_33000001,,,
53411,84,,,,,,,,,,14,23,233434211100232424422420121422400007313211133200414341140000414332000000,,bb90ab13,,,,,,,,43,0,2,bb90ab13,1170,3335,,221231141421234412312321241233113244424343214422443421223413122333111124424314,AABACBBDBDABACDDBACBACABADBACCBBCADDDADCDCABDDAADDCDABAACDBCBAACCCBBBBADDADCBD,AAABBCBDBDABACDDABBCACABADABCCBBACDDADCDCDABDDAADDCDABAACDBCABACCCBBBBADADCDBD,,,2,3335,,,,,L_T1_GTR___standard/L_T1_GTR___zabuton_,,,,,L_T1_GTR03_33000001,,,,24,42,43,244622000000242620000000121200000007313244433110413262211000413464400000,,00003990,,,,,,,,41,4,0,6,6,3990,,221231141421234412312321241233113244424321442244342122341312233311112442,AABACBBDBDABACDDBACBACABADBACCBBCADDDADCABDDAADDCDABAACDBCBAACCCBBBBADDA,AAABBCBDBDABACDDABBCACABADABCCBBACDDADCDABDDAADDCDABAACDBCABACCCBBBBADAD,,,4,3990,,,,,L_T1_GTR___standard,,,,,L_T1_GTR03_33000001,,,
53441,85,,,,,,,,,,14,23,233434211100232424422420121422400007313211133200414341140000414332000000,,bb90ab13,,,,,,,,43,0,2,bb90ab13,1170,3335,,221231141421234412312321241233113244424343214422443421223413122333111124424314,AABACBBDBDABACDDBACBACABADBACCBBCADDDADCDCABDDAADDCDABAACDBCBAACCCBBBBADDADCBD,AAABBCBDBDABACDDABBCACABADABCCBBACDDADCDCDABDDAADDCDABAACDBCABACCCBBBBADADCDBD,,,2,3335,,,,,L_T1_GTR___standard/L_T1_GTR___zabuton_,,,,,L_T1_GTR03_33000001,,,,,42,43,244622000000242620000000121242000007313244433110413262211000413464400000,,bb40abb1,,,,,,,,42,0,1,bb40abb1,40,4030,,221231141421234412312321241233113244424321442244342122341312233311112442,AABACBBDBDABACDDBACBACABADBACCBBCADDDADCABDDAADDCDABAACDBCBAACCCBBBBADDA,AAABBCBDBDABACDDABBCACABADABCCBBACDDADCDABDDAADDCDABAACDBCABACCCBBBBADAD,,,4,4030,,,,,L_T1_GTR___standard,,,,,L_T1_GTR03_33000001,,,
53493,86,,,,,,,,,,14,23,233432111000232422242000121422000007313233200000414344000000414332000000,,bb60ab19,,,,,,,,44,0,3,bb60ab19,1140,4475,,221231141421234412312321241233113244424343214422443421223413122333111124424314,AABACBBDBDABACDDBACBACABADBACCBBCADDDADCDCABDDAADDCDABAACDBCBAACCCBBBBADDADCBD,AAABBCBDBDABACDDABBCACABADABCCBBACDDADCDCDABDDAADDCDABAACDBCABACCCBBBBADADCDBD,,,3,4475,,,,,L_T1_GTR___standard/L_T1_GTR___zabuton_,,,,,L_T1_GTR03_33000001,,,,,42,43,244622000000242620000000121242000007313244433110413262211000413464400000,,bb40abb1,,,,,,,,42,0,1,bb40abb1,40,4030,,221231141421234412312321241233113244424321442244342122341312233311112442,AABACBBDBDABACDDBACBACABADBACCBBCADDDADCABDDAADDCDABAACDBCBAACCCBBBBADDA,AAABBCBDBDABACDDABBCACABADABCCBBACDDADCDABDDAADDCDABAACDBCABACCCBBBBADAD,,,4,4030,,,,,L_T1_GTR___standard,,,,,L_T1_GTR03_33000001,,,
53523,87,,,,,,,,,,14,23,233432111000232422242000121422000007313233200000414344000000414332000000,,bb60ab19,,,,,,,,44,0,3,bb60ab19,1140,4475,,221231141421234412312321241233113244424343214422443421223413122333111124424314,AABACBBDBDABACDDBACBACABADBACCBBCADDDADCDCABDDAADDCDABAACDBCBAACCCBBBBADDADCBD,AAABBCBDBDABACDDABBCACABADABCCBBACDDADCDCDABDDAADDCDABAACDBCABACCCBBBBADADCDBD,,,3,4475,,,,,L_T1_GTR___standard/L_T1_GTR___zabuton_,,,,,L_T1_GTR03_33000001,,,,,42,43,244622000000242620000000121220000007313233110000413222110000413464400000,,b130ab17,,,,,,,,43,0,2,b130ab17,2210,6240,,221231141421234412312321241233113244424321442244342122341312233311112442,AABACBBDBDABACDDBACBACABADBACCBBCADDDADCABDDAADDCDABAACDBCBAACCCBBBBADDA,AAABBCBDBDABACDDABBCACABADABCCBBACDDADCDABDDAADDCDABAACDBCABACCCBBBBADAD,,,4,6240,,,,,L_T1_GTR___standard,,,,,L_T1_GTR03_33000001,,,
53575,88,,,,,,,,,,14,23,233431110000232442000000121400000007313233200000414344000000414332000000,,bb40ab32,,,,,,,,45,0,4,bb40ab32,1280,5755,,221231141421234412312321241233113244424343214422443421223413122333111124424314,AABACBBDBDABACDDBACBACABADBACCBBCADDDADCDCABDDAADDCDABAACDBCBAACCCBBBBADDADCBD,AAABBCBDBDABACDDABBCACABADABCCBBACDDADCDCDABDDAADDCDABAACDBCABACCCBBBBADADCDBD,,,4,5755,,,,,L_T1_GTR___standard,,,,,L_T1_GTR03_33000001,,,,,42,43,244622000000242620000000121220000007313233110000413222110000413464400000,,b130ab17,,,,,,,,43,0,2,b130ab17,2210,6240,,221231141421234412312321241233113244424321442244342122341312233311112442,AABACBBDBDABACDDBACBACABADBACCBBCADDDADCABDDAADDCDABAACDBCBAACCCBBBBADDA,AAABBCBDBDABACDDABBCACABADABCCBBACDDADCDABDDAADDCDABAACDBCABACCCBBBBADAD,,,4,6240,,,,,L_T1_GTR___standard,,,,,L_T1_GTR03_33000001,,,
53603,89,,,,,,,,,,14,23,233431110000232442000000121400000007313233200000414344000000414332000000,,bb40ab32,,,,,,,,45,0,4,bb40ab32,1280,5755,,221231141421234412312321241233113244424343214422443421223413122333111124424314,AABACBBDBDABACDDBACBACABADBACCBBCADDDADCDCABDDAADDCDABAACDBCBAACCCBBBBADDADCBD,AAABBCBDBDABACDDABBCACABADABCCBBACDDADCDCDABDDAADDCDABAACDBCABACCCBBBBADADCDBD,,,4,5755,,,,,L_T1_GTR___standard,,,,,L_T1_GTR03_33000001,,,,,42,43,244000000000242000000000121000000007313330000000413000000000413444000000,,bb50ab18,,,,,,,,44,0,3,bb50ab18,900,7140,,221231141421234412312321241233113244424321442244342122341312233311112442,AABACBBDBDABACDDBACBACABADBACCBBCADDDADCABDDAADDCDABAACDBCBAACCCBBBBADDA,AAABBCBDBDABACDDABBCACABADABCCBBACDDADCDABDDAADDCDABAACDBCABACCCBBBBADAD,,,4,7140,,,,,L_T1_GTR___standard,,,,,L_T1_GTR03_33000001,,,
53657,90,,,,,,,,,,14,23,233311100000232200000000121000000007313233200000414344000000414332000000,,bb40ab64,,,,,,,,46,0,5,bb40ab64,2560,8315,,221231141421234412312321241233113244424343214422443421223413122333111124424314,AABACBBDBDABACDDBACBACABADBACCBBCADDDADCDCABDDAADDCDABAACDBCBAACCCBBBBADDADCBD,AAABBCBDBDABACDDABBCACABADABCCBBACDDADCDCDABDDAADDCDABAACDBCABACCCBBBBADADCDBD,,,5,8315,,,,,,,,,,,,,,,42,43,244000000000242000000000121000000007313330000000413000000000413444000000,,bb50ab18,,,,,,,,44,0,3,bb50ab18,900,7140,,221231141421234412312321241233113244424321442244342122341312233311112442,AABACBBDBDABACDDBACBACABADBACCBBCADDDADCABDDAADDCDABAACDBCBAACCCBBBBADDA,AAABBCBDBDABACDDABBCACABADABCCBBACDDADCDABDDAADDCDABAACDBCABACCCBBBBADAD,,,4,7140,,,,,L_T1_GTR___standard,,,,,L_T1_GTR03_33000001,,,
53694,91,,,,,,,,,,14,23,233311100000232200000000121000000007313233200000414344000000414332000000,,bb40ab64,,,,,,,,46,0,5,bb40ab64,2560,8315,,221231141421234412312321241233113244424343214422443421223413122333111124424314,AABACBBDBDABACDDBACBACABADBACCBBCADDDADCDCABDDAADDCDABAACDBCBAACCCBBBBADDADCBD,AAABBCBDBDABACDDABBCACABADABCCBBACDDADCDCDABDDAADDCDABAACDBCABACCCBBBBADADCDBD,,,5,8315,,,,,,,,,,,,,,42,43,14,244000000000242000000000121000000007310000000000410000000000414440000000,,00007147,,,,,,,,45,1,0,7,7,7147,,22123114142123441231232124123311324442432144224434212234131223331111244243,AABACBBDBDABACDDBACBACABADBACCBBCADDDADCABDDAADDCDABAACDBCBAACCCBBBBADDADC,AAABBCBDBDABACDDABBCACABADABCCBBACDDADCDABDDAADDCDABAACDBCABACCCBBBBADADCD,,,4,7147,,,,,L_T1_GTR___standard,,,,,L_T1_GTR03_33000001,,,
53738,92,,,,,,,,,,14,23,233311100000232200000000121000000007313233200000414344000000414332000000,,bb40ab64,,,,,,,,46,0,5,bb40ab64,2560,8315,,221231141421234412312321241233113244424343214422443421223413122333111124424314,AABACBBDBDABACDDBACBACABADBACCBBCADDDADCDCABDDAADDCDABAACDBCBAACCCBBBBADDADCBD,AAABBCBDBDABACDDABBCACABADABCCBBACDDADCDCDABDDAADDCDABAACDBCABACCCBBBBADADCDBD,,,5,8315,,,,,,,,,,,,,,43,14,23,244000000000242000000000121420000007310000000000410000000000414440000000,,00007157,,,,,,,,46,2,0,10,10,7157,,2212311414212344123123212412331132444243214422443421223413122333111124424314,AABACBBDBDABACDDBACBACABADBACCBBCADDDADCABDDAADDCDABAACDBCBAACCCBBBBADDADCBD,AAABBCBDBDABACDDABBCACABADABCCBBACDDADCDABDDAADDCDABAACDBCABACCCBBBBADADCDBD,,,4,7157,,,,,L_T1_GTR___standard,,,,,L_T1_GTR03_33000001,,,
53741,93,,,,,,,,,,14,23,211100000000222000000000121000000007313233200000414344000000414332000000,,bb50ab98,,,,,,,,47,0,6,bb50ab98,4900,13215,,221231141421234412312321241233113244424343214422443421223413122333111124424314,AABACBBDBDABACDDBACBACABADBACCBBCADDDADCDCABDDAADDCDABAACDBCBAACCCBBBBADDADCBD,AAABBCBDBDABACDDABBCACABADABCCBBACDDADCDCDABDDAADDCDABAACDBCABACCCBBBBADADCDBD,,,6,13215,,,,,,,,,,L_T1_GTR03_41100001,,,,43,14,23,244000000000242000000000121420000007310000000000410000000000414440000000,,00007157,,,,,,,,46,2,0,10,10,7157,,2212311414212344123123212412331132444243214422443421223413122333111124424314,AABACBBDBDABACDDBACBACABADBACCBBCADDDADCABDDAADDCDABAACDBCBAACCCBBBBADDADCBD,AAABBCBDBDABACDDABBCACABADABCCBBACDDADCDABDDAADDCDABAACDBCABACCCBBBBADADCDBD,,,4,7157,,,,,L_T1_GTR___standard,,,,,L_T1_GTR03_33000001,,,
53784,94,,,,,,,,,,14,23,211100000000222000000000121000000007313233200000414344000000414332000000,,bb50ab98,,,,,,,,47,0,6,bb50ab98,4900,13215,,221231141421234412312321241233113244424343214422443421223413122333111124424314,AABACBBDBDABACDDBACBACABADBACCBBCADDDADCDCABDDAADDCDABAACDBCBAACCCBBBBADDADCBD,AAABBCBDBDABACDDABBCACABADABCCBBACDDADCDCDABDDAADDCDABAACDBCABACCCBBBBADADCDBD,,,6,13215,,,,,,,,,,L_T1_GTR03_41100001,,,,14,23,13,244000000000242000000000121420000007313400000000410000000000414440000000,,00007167,,,,,,,,47,3,0,10,10,7167,,221231141421234412312321241233113244424321442244342122341312233311112442431423,AABACBBDBDABACDDBACBACABADBACCBBCADDDADCABDDAADDCDABAACDBCBAACCCBBBBADDADCBDAC,AAABBCBDBDABACDDABBCACABADABCCBBACDDADCDABDDAADDCDABAACDBCABACCCBBBBADADCDBDAC,,,4,7167,,,,,L_T1_GTR___standard,,,,,L_T1_GTR03_33000001,,,
53820,95,,,,,,,,,,14,23,111000000000000000000000110000000007313233200000414344000000414332000000,,bb50a130,,,,,,,,48,0,7,bb50a130,6500,19715,,221231141421234412312321241233113244424343214422443421223413122333111124424314,AABACBBDBDABACDDBACBACABADBACCBBCADDDADCDCABDDAADDCDABAACDBCBAACCCBBBBADDADCBD,AAABBCBDBDABACDDABBCACABADABCCBBACDDADCDCDABDDAADDCDABAACDBCABACCCBBBBADADCDBD,,,7,19715,,,,,,,,,,,,,,14,23,13,244000000000242000000000121420000007313400000000410000000000414440000000,,00007167,,,,,,,,47,3,0,10,10,7167,,221231141421234412312321241233113244424321442244342122341312233311112442431423,AABACBBDBDABACDDBACBACABADBACCBBCADDDADCABDDAADDCDABAACDBCBAACCCBBBBADDADCBDAC,AAABBCBDBDABACDDABBCACABADABCCBBACDDADCDABDDAADDCDABAACDBCABACCCBBBBADADCDBDAC,,,4,7167,,,,,L_T1_GTR___standard,,,,,L_T1_GTR03_33000001,,,
53832,96,,,,,,,,,,14,23,111000000000000000000000110000000007313233200000414344000000414332000000,,bb50a130,,,,,,,,48,0,7,bb50a130,6500,19715,,221231141421234412312321241233113244424343214422443421223413122333111124424314,AABACBBDBDABACDDBACBACABADBACCBBCADDDADCDCABDDAADDCDABAACDBCBAACCCBBBBADDADCBD,AAABBCBDBDABACDDABBCACABADABCCBBACDDADCDCDABDDAADDCDABAACDBCABACCCBBBBADADCDBD,,,7,19715,,,,,,,,,,,,,,23,13,11,244140000000242000000000121420000007313400000000410000000000414440000000,,00007177,,,,,,,,48,4,0,10,10,7177,,22123114142123441231232124123311324442432144224434212234131223331111244243142313,AABACBBDBDABACDDBACBACABADBACCBBCADDDADCABDDAADDCDABAACDBCBAACCCBBBBADDADCBDACBC,AAABBCBDBDABACDDABBCACABADABCCBBACDDADCDABDDAADDCDABAACDBCABACCCBBBBADADCDBDACBC,,,4,7177,,,,,L_T1_GTR___standard,,,,,L_T1_GTR03_33000001,,,
53900,97,,,,,,,,,,14,23,111000000000000000000000110000000007313233200000414344000000414332000000,,bb50a130,,,,,,,,48,0,7,bb50a130,6500,19715,,221231141421234412312321241233113244424343214422443421223413122333111124424314,AABACBBDBDABACDDBACBACABADBACCBBCADDDADCDCABDDAADDCDABAACDBCBAACCCBBBBADDADCBD,AAABBCBDBDABACDDABBCACABADABCCBBACDDADCDCDABDDAADDCDABAACDBCABACCCBBBBADADCDBD,,,7,19715,,,,,,,,,,,,,,13,11,43,244140000000242000000000121420000007313420000000413000000000414440000000,,00007186,,,,,,,,49,5,0,9,9,7186,,2212311414212344123123212412331132444243214422443421223413122333111124424314231311,AABACBBDBDABACDDBACBACABADBACCBBCADDDADCABDDAADDCDABAACDBCBAACCCBBBBADDADCBDACBCBB,AAABBCBDBDABACDDABBCACABADABCCBBACDDADCDABDDAADDCDABAACDBCABACCCBBBBADADCDBDACBCBB,,,4,7186,,,,,L_T1_GTR___standard,,,,,L_T1_GTR03_33000001,,,
53901,98,,,,,,,,,,14,23,111000000000000000000000000000000007332332000000443440000000443320000000,,bb40a160,,,,,,,,49,0,8,bb40a160,6400,26115,,221231141421234412312321241233113244424343214422443421223413122333111124424314,AABACBBDBDABACDDBACBACABADBACCBBCADDDADCDCABDDAADDCDABAACDBCBAACCCBBBBADDADCBD,AAABBCBDBDABACDDABBCACABADABCCBBACDDADCDCDABDDAADDCDABAACDBCABACCCBBBBADADCDBD,,,8,26115,,,,,,,,,,R_T1_GTR03_22200002,,,,13,11,43,244140000000242000000000121420000007313420000000413000000000414440000000,,00007186,,,,,,,,49,5,0,9,9,7186,,2212311414212344123123212412331132444243214422443421223413122333111124424314231311,AABACBBDBDABACDDBACBACABADBACCBBCADDDADCABDDAADDCDABAACDBCBAACCCBBBBADDADCBDACBCBB,AAABBCBDBDABACDDABBCACABADABCCBBACDDADCDABDDAADDCDABAACDBCABACCCBBBBADADCDBDACBCBB,,,4,7186,,,,,L_T1_GTR___standard,,,,,L_T1_GTR03_33000001,,,
53944,99,,,,,,,,,,14,23,111000000000000000000000000000000007332332000000443440000000443320000000,,bb40a160,,,,,,,,49,0,8,bb40a160,6400,26115,,221231141421234412312321241233113244424343214422443421223413122333111124424314,AABACBBDBDABACDDBACBACABADBACCBBCADDDADCDCABDDAADDCDABAACDBCBAACCCBBBBADDADCBD,AAABBCBDBDABACDDABBCACABADABCCBBACDDADCDCDABDDAADDCDABAACDBCABACCCBBBBADADCDBD,,,8,26115,,,,,,,,,,R_T1_GTR03_22200002,,,,11,43,21,244140000000242000000000121420000007313420000000413000000000414443100000,,00007193,,,,,,,,50,6,0,7,7,7193,,221231141421234412312321241233113244424321442244342122341312233311112442431423131143,AABACBBDBDABACDDBACBACABADBACCBBCADDDADCABDDAADDCDABAACDBCBAACCCBBBBADDADCBDACBCBBDC,AAABBCBDBDABACDDABBCACABADABCCBBACDDADCDABDDAADDCDABAACDBCABACCCBBBBADADCDBDACBCBBCD,,,4,7193,,,,,L_T1_GTR___standard,,,,,L_T1_GTR03_33000001,,,
53985,100,,,,,,,,,,14,23,111000000000000000000000000000000007332332000000344000000000332000000000,,bb50a194,,,,,,,,50,0,9,bb50a194,9700,35815,,221231141421234412312321241233113244424343214422443421223413122333111124424314,AABACBBDBDABACDDBACBACABADBACCBBCADDDADCDCABDDAADDCDABAACDBCBAACCCBBBBADDADCBD,AAABBCBDBDABACDDABBCACABADABCCBBACDDADCDCDABDDAADDCDABAACDBCABACCCBBBBADADCDBD,,,9,35815,,,,,,,,,,R_T1_GTR03_31110001,,,,11,43,21,244140000000242000000000121420000007313420000000413000000000414443100000,,00007193,,,,,,,,50,6,0,7,7,7193,,221231141421234412312321241233113244424321442244342122341312233311112442431423131143,AABACBBDBDABACDDBACBACABADBACCBBCADDDADCABDDAADDCDABAACDBCBAACCCBBBBADDADCBDACBCBBDC,AAABBCBDBDABACDDABBCACABADABCCBBACDDADCDABDDAADDCDABAACDBCABACCCBBBBADADCDBDACBCBBCD,,,4,7193,,,,,L_T1_GTR___standard,,,,,L_T1_GTR03_33000001,,,
53988,101,,,,,,,,,,14,23,111000000000000000000000000000000007332332000000344000000000332000000000,,bb50a194,,,,,,,,50,0,9,bb50a194,9700,35815,,221231141421234412312321241233113244424343214422443421223413122333111124424314,AABACBBDBDABACDDBACBACABADBACCBBCADDDADCDCABDDAADDCDABAACDBCBAACCCBBBBADDADCBD,AAABBCBDBDABACDDABBCACABADABCCBBACDDADCDCDABDDAADDCDABAACDBCABACCCBBBBADADCDBD,,,9,35815,,,,,,,,,,R_T1_GTR03_31110001,,,,43,21,43,244140000000242110000000121420000007313420000000413000000000414443100000,,00007202,,,,,,,,51,7,0,9,9,7202,,22123114142123441231232124123311324442432144224434212234131223331111244243142313114321,AABACBBDBDABACDDBACBACABADBACCBBCADDDADCABDDAADDCDABAACDBCBAACCCBBBBADDADCBDACBCBBDCAB,AAABBCBDBDABACDDABBCACABADABCCBBACDDADCDABDDAADDCDABAACDBCABACCCBBBBADADCDBDACBCBBCDAB,,,4,7202,,,,,L_T1_GTR___standard,,,,,L_T1_GTR03_33000001,,,
54058,102,,,,,,,,,,14,23,111000000000000000000000000000000007332332000000344000000000332000000000,,bb50a194,,,,,,,,50,0,9,bb50a194,9700,35815,,221231141421234412312321241233113244424343214422443421223413122333111124424314,AABACBBDBDABACDDBACBACABADBACCBBCADDDADCDCABDDAADDCDABAACDBCBAACCCBBBBADDADCBD,AAABBCBDBDABACDDABBCACABADABCCBBACDDADCDCDABDDAADDCDABAACDBCABACCCBBBBADADCDBD,,,9,35815,,,,,,,,,,R_T1_GTR03_31110001,,,,21,43,21,244140000000242110000000121420000007313424000000413300000000414443100000,,00007210,,,,,,,,52,8,0,8,8,7210,,2212311414212344123123212412331132444243214422443421223413122333111124424314231311432143,AABACBBDBDABACDDBACBACABADBACCBBCADDDADCABDDAADDCDABAACDBCBAACCCBBBBADDADCBDACBCBBDCABDC,AAABBCBDBDABACDDABBCACABADABCCBBACDDADCDABDDAADDCDABAACDBCABACCCBBBBADADCDBDACBCBBCDABCD,,,4,7210,,,,,L_T1_GTR___standard,,,,,L_T1_GTR03_33000001,,,
54076,103,,,,,,,,,14,23,13,111000000000000000000000000000000007233200000000440000000000200000000000,,00035821,,,,,,,,51,1,0,6,6,35821,,22123114142123441231232124123311324442434321442244342122341312233311112442431423,AABACBBDBDABACDDBACBACABADBACCBBCADDDADCDCABDDAADDCDABAACDBCBAACCCBBBBADDADCBDAC,AAABBCBDBDABACDDABBCACABADABCCBBACDDADCDCDABDDAADDCDABAACDBCABACCCBBBBADADCDBDAC,,,9,35821,,,,,,,,,,,,,,21,43,21,244140000000242110000000121420000007313424000000413300000000414443100000,,00007210,,,,,,,,52,8,0,8,8,7210,,2212311414212344123123212412331132444243214422443421223413122333111124424314231311432143,AABACBBDBDABACDDBACBACABADBACCBBCADDDADCABDDAADDCDABAACDBCBAACCCBBBBADDADCBDACBCBBDCABDC,AAABBCBDBDABACDDABBCACABADABCCBBACDDADCDABDDAADDCDABAACDBCABACCCBBBBADADCDBDACBCBBCDABCD,,,4,7210,,,,,L_T1_GTR___standard,,,,,L_T1_GTR03_33000001,,,
54128,104,,,,,,,,,23,13,11,111000000000000000000000000000000007233200000000440000000000241000000000,,00035832,,,,,,,,52,2,0,11,11,35832,,2212311414212344123123212412331132444243432144224434212234131223331111244243142313,AABACBBDBDABACDDBACBACABADBACCBBCADDDADCDCABDDAADDCDABAACDBCBAACCCBBBBADDADCBDACBC,AAABBCBDBDABACDDABBCACABADABCCBBACDDADCDCDABDDAADDCDABAACDBCABACCCBBBBADADCDBDACBC,,,9,35832,,,,,,,,,,,,,,21,43,21,244140000000242110000000121420000007313424000000413300000000414443100000,,00007210,,,,,,,,52,8,0,8,8,7210,,2212311414212344123123212412331132444243214422443421223413122333111124424314231311432143,AABACBBDBDABACDDBACBACABADBACCBBCADDDADCABDDAADDCDABAACDBCBAACCCBBBBADDADCBDACBCBBDCABDC,AAABBCBDBDABACDDABBCACABADABCCBBACDDADCDABDDAADDCDABAACDBCABACCCBBBBADADCDBDACBCBBCDABCD,,,4,7210,,,,,L_T1_GTR___standard,,,,,L_T1_GTR03_33000001,,,
54165,106,,,,,,,,,23,13,11,111000000000000000000000000000000007233200000000440000000000241000000000,,00035832,,,,,,,,52,2,0,11,11,35832,,2212311414212344123123212412331132444243432144224434212234131223331111244243142313,AABACBBDBDABACDDBACBACABADBACCBBCADDDADCDCABDDAADDCDABAACDBCBAACCCBBBBADDADCBDACBC,AAABBCBDBDABACDDABBCACABADABCCBBACDDADCDCDABDDAADDCDABAACDBCABACCCBBBBADADCDBDACBC,,,9,35832,,,,,,,,,,,,,,,43,21,244146666600242116666600121422166666313424666660413366666000412243166666,,00007218,,,,,lose,,,53,8,0,8,8,7218,,2212311414212344123123212412331132444243214422443421223413122333111124424314231311432143,AABACBBDBDABACDDBACBACABADBACCBBCADDDADCABDDAADDCDABAACDBCBAACCCBBBBADDADCBDACBCBBDCABDC,AAABBCBDBDABACDDABBCACABADABCCBBACDDADCDABDDAADDCDABAACDBCABACCCBBBBADADCDBDACBCBBCDABCD,,,4,7218,,,,,L_T1_GTR___standard,,,,,L_T1_GTR03_33000001,,,
54177,106,,,,,,,,,,11,43,111000000000000000000000230000000007233200000000440000000000241000000000,,00035845,,,,,win,,,54,3,0,0,0,35845,,221231141421234412312321241233113244424343214422443421223413122333111124424314231311,AABACBBDBDABACDDBACBACABADBACCBBCADDDADCDCABDDAADDCDABAACDBCBAACCCBBBBADDADCBDACBCBB,AAABBCBDBDABACDDABBCACABADABCCBBACDDADCDCDABDDAADDCDABAACDBCABACCCBBBBADADCDBDACBCBB,,,9,35845,,,,,,,,,,,,,,,43,21,244146666600242116666600121422166666313424666660413366666000412243166666,,00007218,,,,,lose,,,53,8,0,8,8,7218,,2212311414212344123123212412331132444243214422443421223413122333111124424314231311432143,AABACBBDBDABACDDBACBACABADBACCBBCADDDADCABDDAADDCDABAACDBCBAACCCBBBBADDADCBDACBCBBDCABDC,AAABBCBDBDABACDDABBCACABADABCCBBACDDADCDABDDAADDCDABAACDBCABACCCBBBBADADCDBDACBCBBCDABCD,,,4,7218,,,,,L_T1_GTR___standard,,,,,L_T1_GTR03_33000001,,,
54178,105,,,,,,,,,,11,43,111000000000000000000000230000000007233200000000440000000000241000000000,,00035845,,,,,win,,,54,3,0,0,0,35845,,221231141421234412312321241233113244424343214422443421223413122333111124424314231311,AABACBBDBDABACDDBACBACABADBACCBBCADDDADCDCABDDAADDCDABAACDBCBAACCCBBBBADDADCBDACBCBB,AAABBCBDBDABACDDABBCACABADABCCBBACDDADCDCDABDDAADDCDABAACDBCABACCCBBBBADADCDBDACBCBB,,,9,35845,,,,,,,,,,,,,,,43,21,244146666600242116666600121422166666313424666660413366666000412243166666,,00007218,,,,,lose,,,53,8,0,8,8,7218,,2212311414212344123123212412331132444243214422443421223413122333111124424314231311432143,AABACBBDBDABACDDBACBACABADBACCBBCADDDADCABDDAADDCDABAACDBCBAACCCBBBBADDADCBDACBCBBDCABDC,AAABBCBDBDABACDDABBCACABADABCCBBACDDADCDABDDAADDCDABAACDBCABACCCBBBBADADCDBDACBCBBCDABCD,,,4,7218,,,,,L_T1_GTR___standard,,,,,L_T1_GTR03_33000001,,,
