46032,0,,,,,,,,,,54,45,000000000000000000000000000000000007000000000000000000000000000000000000,000000,00000000,,,,,,,,0,0,0,0,0,0,,54,AB,AB,,,0,0,,,,,,,,,,,,,,,54,45,000000000000000000000000000000000007000000000000000000000000000000000000,000000,00000000,,,,,,,,0,0,0,0,0,0,,54,AB,AB,,,0,0,,,,,,,,,,,,,
46183,2,,,,,,,,,54,45,51,000000000000000000000000000000000007000000000000000000000000000000000000,,00000001,,,,,,,,1,1,0,1,1,1,,5445,ABBA,ABAB,,,0,1,,,,,,,,,,,,,,54,45,51,000000000000000000000000000000000007000000000000000000000000000000000000,,00000000,,,,,,,,1,1,0,0,0,0,,5445,ABBA,ABAB,,,0,0,,,,,,,,,,,,,
46232,3,,,,,,,,,45,51,11,000000000000450000000000000000000007000000000000000000000000000000000000,,00000012,,,,,,,,2,2,0,11,11,12,,544551,ABBAAC,ABABAC,,,0,12,,,,,,,,,,,,,,54,45,51,000000000000000000000000000000000007000000000000000000000000000000000000,,00000000,,,,,,,,1,1,0,0,0,0,,5445,ABBA,ABAB,,,0,0,,,,,,,,,,,,,
46234,4,,,,,,,,,45,51,11,000000000000450000000000000000000007000000000000000000000000000000000000,,00000012,,,,,,,,2,2,0,11,11,12,,544551,ABBAAC,ABABAC,,,0,12,,,,,,,,,,,,,,45,51,11,540000000000000000000000000000000007000000000000000000000000000000000000,,00000013,,,,,,,,2,2,0,13,13,13,,544551,ABBAAC,ABABAC,,,0,13,,,,,,,,,,,,,
46284,5,,,,,,,,,45,51,11,000000000000450000000000000000000007000000000000000000000000000000000000,,00000012,,,,,,,,2,2,0,11,11,12,,544551,ABBAAC,ABABAC,,,0,12,,,,,,,,,,,,,,51,11,55,540000000000540000000000000000000007000000000000000000000000000000000000,,00000025,,,,,,,,3,3,0,12,12,25,,54455111,ABBAACCC,ABABACCC,,,0,25,,,,,,,,,,,,,
46286,6,,,,,,,,,51,11,55,450000000000450000000000000000000007000000000000000000000000000000000000,,00000025,,,,,,,,3,3,0,13,13,25,,54455111,ABBAACCC,ABABACCC,,,0,25,,,,,,,,,,,,,,51,11,55,540000000000540000000000000000000007000000000000000000000000000000000000,,00000025,,,,,,,,3,3,0,12,12,25,,54455111,ABBAACCC,ABABACCC,,,0,25,,,,,,,,,,,,,
46333,7,,,,,,,,,51,11,55,450000000000450000000000000000000007000000000000000000000000000000000000,,00000025,,,,,,,,3,3,0,13,13,25,,54455111,ABBAACCC,ABABACCC,,,0,25,,,,,,,,,,,,,,11,55,34,540000000000540000000000150000000007000000000000000000000000000000000000,,00000037,,,,,,,,4,4,0,12,12,37,,5445511155,ABBAACCCAA,ABABACCCAA,,,0,37,,,,,,,,,,,,,
46338,8,,,,,,,,,11,55,34,455100000000450000000000000000000007000000000000000000000000000000000000,,00000036,,,,,,,,4,4,0,11,11,36,,5445511155,ABBAACCCAA,ABABACCCAA,,,0,36,,,,,,,,,,,,,,11,55,34,540000000000540000000000150000000007000000000000000000000000000000000000,,00000037,,,,,,,,4,4,0,12,12,37,,5445511155,ABBAACCCAA,ABABACCCAA,,,0,37,,,,,,,,,,,,,
46382,9,,,,,,,,,11,55,34,455100000000450000000000000000000007000000000000000000000000000000000000,,00000036,,,,,,,,4,4,0,11,11,36,,5445511155,ABBAACCCAA,ABABACCCAA,,,0,36,,,,,,,,,,,,,,55,34,44,540000000000540000000000150000000007110000000000000000000000000000000000,,00000049,,,,,,,,5,5,0,12,12,49,,544551115534,ABBAACCCAADB,ABABACCCAABD,,,0,49,,,,,,,,,,L_T1_GTR03_33000002/L_T1_GTR03_32100001,,,
46384,10,,,,,,,,,55,34,44,455111000000450000000000000000000007000000000000000000000000000000000000,,00000044,,,,,,,,5,5,0,8,8,44,,544551115534,ABBAACCCAADB,ABABACCCAABD,,,0,44,,,,,,,,,,,,,,55,34,44,540000000000540000000000150000000007110000000000000000000000000000000000,,00000049,,,,,,,,5,5,0,12,12,49,,544551115534,ABBAACCCAADB,ABABACCCAABD,,,0,49,,,,,,,,,,L_T1_GTR03_33000002/L_T1_GTR03_32100001,,,
46432,11,,,,,,,,,34,44,45,455111000000450000000000500000000007500000000000000000000000000000000000,,00000057,,,,,,,,6,6,0,13,13,57,,54455111553444,ABBAACCCAADBBB,ABABACCCAABDBB,,,0,57,,,,,,,,,,,,,,55,34,44,540000000000540000000000150000000007110000000000000000000000000000000000,,00000049,,,,,,,,5,5,0,12,12,49,,544551115534,ABBAACCCAADB,ABABACCCAABD,,,0,49,,,,,,,,,,L_T1_GTR03_33000002/L_T1_GTR03_32100001,,,
46436,12,,,,,,,,,34,44,45,455111000000450000000000500000000007500000000000000000000000000000000000,,00000057,,,,,,,,6,6,0,13,13,57,,54455111553444,ABBAACCCAADBBB,ABABACCCAABDBB,,,0,57,,,,,,,,,,,,,,34,44,45,540000000000540000000000150000000007110000000000550000000000000000000000,,00000061,,,,,,,,6,6,0,12,12,61,,54455111553444,ABBAACCCAADBBB,ABABACCCAABDBB,,,0,61,,,,,,,,,,L_T1_GTR03_33000002/L_T1_GTR03_32100001,,,
46482,14,,,,,,,,,44,45,41,455111000000450000000000540000000007530000000000000000000000000000000000,,00000069,,,,,,,,7,7,0,12,12,69,,5445511155344445,ABBAACCCAADBBBBA,ABABACCCAABDBBAB,,,0,69,,,,,,,,,,,,,,44,45,41,544300000000540000000000150000000007110000000000550000000000000000000000,,00000071,,,,,,,,7,7,0,10,10,71,,5445511155344445,ABBAACCCAADBBBBA,ABABACCCAABDBBAB,,,0,71,,,,,,,,,,L_T1_GTR03_33000002/L_T1_GTR03_32100001,,,
46536,16,,,,,,,,,45,41,34,455111000000450000000000540000000007530000000000000000000000440000000000,,00000081,,,,,,,,8,8,0,12,12,81,,544551115534444541,ABBAACCCAADBBBBABC,ABABACCCAABDBBABBC,,,0,81,,,,,,,,,,,,,,45,41,34,544300000000540000000000150000000007110000000000550000000000440000000000,,00000083,,,,,,,,8,8,0,12,12,83,,544551115534444541,ABBAACCCAADBBBBABC,ABABACCCAABDBBABBC,,,0,83,,,,,,,,,,L_T1_GTR03_33000002/L_T1_GTR03_32100001,,,
46582,18,,,,,,,,,41,34,13,455111000000454000000000545000000007530000000000000000000000440000000000,,00000092,,,,,,,,9,9,0,11,11,92,,54455111553444454134,ABBAACCCAADBBBBABCDB,ABABACCCAABDBBABBCBD,,,0,92,,,,,L_T1_GTR___standard,,,,,L_T1_GTR03_33000001/L_T1_GTR03_33000004,,,,41,34,13,544300000000545400000000150000000007110000000000550000000000440000000000,,00000093,,,,,,,,9,9,0,10,10,93,,54455111553444454134,ABBAACCCAADBBBBABCDB,ABABACCCAABDBBABBCBD,,,0,93,,,,,L_T1_GTR___standard/L_T1_GTR___mahara__,,,,,L_T1_GTR03_33000001/L_T1_GTR03_33000002/L_T1_GTR03_32100001,,,
46626,19,,,,,,,,,41,34,13,455111000000454000000000545000000007530000000000000000000000440000000000,,00000092,,,,,,,,9,9,0,11,11,92,,54455111553444454134,ABBAACCCAADBBBBABCDB,ABABACCCAABDBBABBCBD,,,0,92,,,,,L_T1_GTR___standard,,,,,L_T1_GTR03_33000001/L_T1_GTR03_33000004,,,,34,13,43,544300000000545400000000151400000007110000000000550000000000440000000000,,00000103,,,,,,,,10,10,0,10,10,103,,5445511155344445413413,ABBAACCCAADBBBBABCDBCD,ABABACCCAABDBBABBCBDCD,,,0,103,,,,,L_T1_GTR___standard,,,,,L_T1_GTR03_33000001/L_T1_GTR03_33000002/L_T1_GTR03_32100001,,,
46630,20,,,,,,,,,34,13,43,455111000000454000000000545000000007534100000000000000000000440000000000,,00000103,,,,,,,,10,10,0,11,11,103,,5445511155344445413413,ABBAACCCAADBBBBABCDBCD,ABABACCCAABDBBABBCBDCD,,,0,103,,,,,L_T1_GTR___standard,,,,,L_T1_GTR03_33000001/L_T1_GTR03_33000004,,,,34,13,43,544300000000545400000000151400000007110000000000550000000000440000000000,,00000103,,,,,,,,10,10,0,10,10,103,,5445511155344445413413,ABBAACCCAADBBBBABCDBCD,ABABACCCAABDBBABBCBDCD,,,0,103,,,,,L_T1_GTR___standard,,,,,L_T1_GTR03_33000001/L_T1_GTR03_33000002/L_T1_GTR03_32100001,,,
46670,21,,,,,,,,,34,13,43,455111000000454000000000545000000007534100000000000000000000440000000000,,00000103,,,,,,,,10,10,0,11,11,103,,5445511155344445413413,ABBAACCCAADBBBBABCDBCD,ABABACCCAABDBBABBCBDCD,,,0,103,,,,,L_T1_GTR___standard,,,,,L_T1_GTR03_33000001/L_T1_GTR03_33000004,,,,13,43,13,544334000000545400000000151400000007110000000000550000000000440000000000,,00000112,,,,,,,,11,11,0,9,9,112,,544551115534444541341343,ABBAACCCAADBBBBABCDBCDBD,ABABACCCAABDBBABBCBDCDBD,,,0,112,,,,,L_T1_GTR___standard,,,,,L_T1_GTR03_33000001/L_T1_GTR03_33000002/L_T1_GTR03_32100001,,,
46686,22,,,,,,,,,13,43,13,455111000000454000000000545000000007534100000000340000000000440000000000,,00000116,,,,,,,,11,11,0,13,13,116,,544551115534444541341343,ABBAACCCAADBBBBABCDBCDBD,ABABACCCAABDBBABBCBDCDBD,,,0,116,,,,,L_T1_GTR___standard,,,,,L_T1_GTR03_33000001/L_T1_GTR03_33000004,,,,13,43,13,544334000000545400000000151400000007110000000000550000000000440000000000,,00000112,,,,,,,,11,11,0,9,9,112,,544551115534444541341343,ABBAACCCAADBBBBABCDBCDBD,ABABACCCAABDBBABBCBDCDBD,,,0,112,,,,,L_T1_GTR___standard,,,,,L_T1_GTR03_33000001/L_T1_GTR03_33000002/L_T1_GTR03_32100001,,,
46711,23,,,,,,,,,13,43,13,455111000000454000000000545000000007534100000000340000000000440000000000,,00000116,,,,,,,,11,11,0,13,13,116,,544551115534444541341343,ABBAACCCAADBBBBABCDBCDBD,ABABACCCAABDBBABBCBDCDBD,,,0,116,,,,,L_T1_GTR___standard,,,,,L_T1_GTR03_33000001/L_T1_GTR03_33000004,,,,43,13,14,544334000000545431000000151400000007110000000000550000000000440000000000,,00000120,,,,,,,,12,12,0,8,8,120,,54455111553444454134134313,ABBAACCCAADBBBBABCDBCDBDCD,ABABACCCAABDBBABBCBDCDBDCD,,,0,120,,,,,L_T1_GTR___standard,,,,,L_T1_GTR03_33000001/L_T1_GTR03_33000002/L_T1_GTR03_32100001,,,
46738,24,,,,,,,,,43,13,14,455111000000454000000000545000000007534100000000341000000000443000000000,,00000127,,,,,,,,12,12,0,11,11,127,,54455111553444454134134313,ABBAACCCAADBBBBABCDBCDBDCD,ABABACCCAABDBBABBCBDCDBDCD,,,0,127,,,,,L_T1_GTR___standard,,,,,L_T1_GTR03_33000001/L_T1_GTR03_33000004,,,,43,13,14,544334000000545431000000151400000007110000000000550000000000440000000000,,00000120,,,,,,,,12,12,0,8,8,120,,54455111553444454134134313,ABBAACCCAADBBBBABCDBCDBDCD,ABABACCCAABDBBABBCBDCDBDCD,,,0,120,,,,,L_T1_GTR___standard,,,,,L_T1_GTR03_33000001/L_T1_GTR03_33000002/L_T1_GTR03_32100001,,,
46752,25,,,,,,,,,43,13,14,455111000000454000000000545000000007534100000000341000000000443000000000,,00000127,,,,,,,,12,12,0,11,11,127,,54455111553444454134134313,ABBAACCCAADBBBBABCDBCDBDCD,ABABACCCAABDBBABBCBDCDBDCD,,,0,127,,,,,L_T1_GTR___standard,,,,,L_T1_GTR03_33000001/L_T1_GTR03_33000004,,,,13,14,34,544334430000545431000000151400000007110000000000550000000000440000000000,,00000127,,,,,,,,13,13,0,7,7,127,,5445511155344445413413431314,ABBAACCCAADBBBBABCDBCDBDCDCB,ABABACCCAABDBBABBCBDCDBDCDBC,,,0,127,,,,,L_T1_GTR___standard,,,,,L_T1_GTR03_33000001/L_T1_GTR03_33000002/L_T1_GTR03_32100001,,,
46785,26,,,,,,,,,13,14,34,455111000000454340000000545000000007534100000000341000000000443000000000,,00000136,,,,,,,,13,13,0,9,9,136,,5445511155344445413413431314,ABBAACCCAADBBBBABCDBCDBDCDCB,ABABACCCAABDBBABBCBDCDBDCDBC,,,0,136,,,,,L_T1_GTR___standard,,,,,L_T1_GTR03_33000001/L_T1_GTR03_33000004,,,,13,14,34,544334430000545431000000151400000007110000000000550000000000440000000000,,00000127,,,,,,,,13,13,0,7,7,127,,5445511155344445413413431314,ABBAACCCAADBBBBABCDBCDBDCDCB,ABABACCCAABDBBABBCBDCDBDCDBC,,,0,127,,,,,L_T1_GTR___standard,,,,,L_T1_GTR03_33000001/L_T1_GTR03_33000002/L_T1_GTR03_32100001,,,
46793,27,,,,,,,,,13,14,34,455111000000454340000000545000000007534100000000341000000000443000000000,,00000136,,,,,,,,13,13,0,9,9,136,,5445511155344445413413431314,ABBAACCCAADBBBBABCDBCDBDCDCB,ABABACCCAABDBBABBCBDCDBDCDBC,,,0,136,,,,,L_T1_GTR___standard,,,,,L_T1_GTR03_33000001/L_T1_GTR03_33000004,,,,14,34,11,544334430000545431130000151400000007110000000000550000000000440000000000,,00000134,,,,,,,,14,14,0,7,7,134,,544551115534444541341343131434,ABBAACCCAADBBBBABCDBCDBDCDCBDB,ABABACCCAABDBBABBCBDCDBDCDBCBD,,,0,134,,,,,L_T1_GTR___standard,,,,,L_T1_GTR03_33000001/L_T1_GTR03_33000002/L_T1_GTR03_32100001,,,
46832,28,,,,,,,,,13,14,34,455111000000454340000000545000000007534100000000341000000000443000000000,,00000136,,,,,,,,13,13,0,9,9,136,,5445511155344445413413431314,ABBAACCCAADBBBBABCDBCDBDCDCB,ABABACCCAABDBBABBCBDCDBDCDBC,,,0,136,,,,,L_T1_GTR___standard,,,,,L_T1_GTR03_33000001/L_T1_GTR03_33000004,,,,34,11,53,544334430000545431130000151441000007110000000000550000000000440000000000,,00000142,,,,,,,,15,15,0,8,8,142,,54455111553444454134134313143411,ABBAACCCAADBBBBABCDBCDBDCDCBDBCC,ABABACCCAABDBBABBCBDCDBDCDBCBDCC,,,0,142,,,,,L_T1_GTR___standard,,,,,L_T1_GTR03_33000001/L_T1_GTR03_33000002/L_T1_GTR03_32100001,,,
46834,29,,,,,,,,,14,34,11,455111000000454340000000545000000007534100000000341100000000443300000000,,00000146,,,,,,,,14,14,0,10,10,146,,544551115534444541341343131434,ABBAACCCAADBBBBABCDBCDBDCDCBDB,ABABACCCAABDBBABBCBDCDBDCDBCBD,,,0,146,,,,,L_T1_GTR___standard,,,,,L_T1_GTR03_33000001/L_T1_GTR03_33000004,,,,34,11,53,544334430000545431130000151441000007110000000000550000000000440000000000,,00000142,,,,,,,,15,15,0,8,8,142,,54455111553444454134134313143411,ABBAACCCAADBBBBABCDBCDBDCDCBDBCC,ABABACCCAABDBBABBCBDCDBDCDBCBDCC,,,0,142,,,,,L_T1_GTR___standard,,,,,L_T1_GTR03_33000001/L_T1_GTR03_33000002/L_T1_GTR03_32100001,,,
46866,30,,,,,,,,,14,34,11,455111000000454340000000545000000007534100000000341100000000443300000000,,00000146,,,,,,,,14,14,0,10,10,146,,544551115534444541341343131434,ABBAACCCAADBBBBABCDBCDBDCDCBDB,ABABACCCAABDBBABBCBDCDBDCDBCBD,,,0,146,,,,,L_T1_GTR___standard,,,,,L_T1_GTR03_33000001/L_T1_GTR03_33000004,,,,11,53,11,544334434000545431133000151441000007110000000000550000000000440000000000,,00000147,,,,,,,,16,16,0,5,5,147,,5445511155344445413413431314341153,ABBAACCCAADBBBBABCDBCDBDCDCBDBCCAD,ABABACCCAABDBBABBCBDCDBDCDBCBDCCAD,,,0,147,,,,,L_T1_GTR___standard,,,,,L_T1_GTR03_33000001/L_T1_GTR03_33000002/L_T1_GTR03_32100001,,,
46874,31,,,,,,,,,34,11,53,455111000000454344100000545000000007534100000000341100000000443300000000,,00000153,,,,,,,,15,15,0,7,7,153,,54455111553444454134134313143411,ABBAACCCAADBBBBABCDBCDBDCDCBDBCC,ABABACCCAABDBBABBCBDCDBDCDBCBDCC,,,0,153,,,,,L_T1_GTR___standard,,,,,L_T1_GTR03_33000001/L_T1_GTR03_33000004,,,,11,53,11,544334434000545431133000151441000007110000000000550000000000440000000000,,00000147,,,,,,,,16,16,0,5,5,147,,5445511155344445413413431314341153,ABBAACCCAADBBBBABCDBCDBDCDCBDBCCAD,ABABACCCAABDBBABBCBDCDBDCDBCBDCCAD,,,0,147,,,,,L_T1_GTR___standard,,,,,L_T1_GTR03_33000001/L_T1_GTR03_33000002/L_T1_GTR03_32100001,,,
46895,32,,,,,,,,,34,11,53,455111000000454344100000545000000007534100000000341100000000443300000000,,00000153,,,,,,,,15,15,0,7,7,153,,54455111553444454134134313143411,ABBAACCCAADBBBBABCDBCDBDCDCBDBCC,ABABACCCAABDBBABBCBDCDBDCDBCBDCC,,,0,153,,,,,L_T1_GTR___standard,,,,,L_T1_GTR03_33000001/L_T1_GTR03_33000004,,,,,53,11,544334434000545431133000151441110007110000000000550000000000440000000000,,bb50abb2,,,,,,,,17,0,1,bb50abb2,100,247,,5445511155344445413413431314341153,ABBAACCCAADBBBBABCDBCDBDCDCBDBCCAD,ABABACCCAABDBBABBCBDCDBDCDBCBDCCAD,,,1,247,,,,,L_T1_GTR___standard,,,,,L_T1_GTR03_33000001/L_T1_GTR03_33000002/L_T1_GTR03_32100001,,,
46920,33,,,,,,,,,11,53,11,455111000000454344100000545000000007534100000000341140000000443330000000,,00000162,,,,,,,,16,16,0,9,9,162,,5445511155344445413413431314341153,ABBAACCCAADBBBBABCDBCDBDCDCBDBCCAD,ABABACCCAABDBBABBCBDCDBDCDBCBDCCAD,,,0,162,,,,,L_T1_GTR___standard,,,,,L_T1_GTR03_33000001/L_T1_GTR03_33000004,,,,,53,11,544334434000545431133000151441110007110000000000550000000000440000000000,,bb50abb2,,,,,,,,17,0,1,bb50abb2,100,247,,5445511155344445413413431314341153,ABBAACCCAADBBBBABCDBCDBDCDCBDBCCAD,ABABACCCAABDBBABBCBDCDBDCDBCBDCCAD,,,1,247,,,,,L_T1_GTR___standard,,,,,L_T1_GTR03_33000001/L_T1_GTR03_33000002/L_T1_GTR03_32100001,,,
46966,34,,,,,,,,,53,11,15,455111000000454344100000545000000007534100000000341140000000443331100000,,00000169,,,,,,,,17,17,0,7,7,169,,544551115534444541341343131434115311,ABBAACCCAADBBBBABCDBCDBDCDCBDBCCADCC,ABABACCCAABDBBABBCBDCDBDCDBCBDCCADCC,,,0,169,,,,,L_T1_GTR___standard,,,,,L_T1_GTR03_33000001/L_T1_GTR03_33000004,,,,,53,11,544334434000545431133000151441110007110000000000550000000000440000000000,,bb50abb2,,,,,,,,17,0,1,bb50abb2,100,247,,5445511155344445413413431314341153,ABBAACCCAADBBBBABCDBCDBDCDCBDBCCAD,ABABACCCAABDBBABBCBDCDBDCDBCBDCCAD,,,1,247,,,,,L_T1_GTR___standard,,,,,L_T1_GTR03_33000001/L_T1_GTR03_33000002/L_T1_GTR03_32100001,,,
46978,35,,,,,,,,,53,11,15,455111000000454344100000545000000007534100000000341140000000443331100000,,00000169,,,,,,,,17,17,0,7,7,169,,544551115534444541341343131434115311,ABBAACCCAADBBBBABCDBCDBDCDCBDBCCADCC,ABABACCCAABDBBABBCBDCDBDCDBCBDCCADCC,,,0,169,,,,,L_T1_GTR___standard,,,,,L_T1_GTR03_33000001/L_T1_GTR03_33000004,,,,,53,11,544334434000545433300000151440000007110000000000550000000000440000000000,,bb50ab10,,,,,,,,18,0,2,bb50ab10,500,747,,5445511155344445413413431314341153,ABBAACCCAADBBBBABCDBCDBDCDCBDBCCAD,ABABACCCAABDBBABBCBDCDBDCDBCBDCCAD,,,2,747,,,,,L_T1_GTR___standard,,,,,L_T1_GTR03_33000001/L_T1_GTR03_33000002/L_T1_GTR03_32100001,,,
47006,36,,,,,,,,,11,15,55,455111530000454344100000545000000007534100000000341140000000443331100000,,00000176,,,,,,,,18,18,0,7,7,176,,54455111553444454134134313143411531115,ABBAACCCAADBBBBABCDBCDBDCDCBDBCCADCCCA,ABABACCCAABDBBABBCBDCDBDCDBCBDCCADCCAC,,,0,176,,,,,L_T1_GTR___standard,,,,,L_T1_GTR03_33000001/L_T1_GTR03_33000004,,,,,53,11,544334434000545433300000151440000007110000000000550000000000440000000000,,bb50ab10,,,,,,,,18,0,2,bb50ab10,500,747,,5445511155344445413413431314341153,ABBAACCCAADBBBBABCDBCDBDCDCBDBCCAD,ABABACCCAABDBBABBCBDCDBDCDBCBDCCAD,,,2,747,,,,,L_T1_GTR___standard,,,,,L_T1_GTR03_33000001/L_T1_GTR03_33000002/L_T1_GTR03_32100001,,,
47056,37,,,,,,,,,15,55,55,455111530000454344111000545000000007534100000000341140000000443331100000,,00000180,,,,,,,,19,19,0,4,4,180,,5445511155344445413413431314341153111555,ABBAACCCAADBBBBABCDBCDBDCDCBDBCCADCCCAAA,ABABACCCAABDBBABBCBDCDBDCDBCBDCCADCCACAA,,,0,180,,,,,L_T1_GTR___standard,,,,,L_T1_GTR03_33000001/L_T1_GTR03_33000004,,,,,53,11,544334434000545433300000151440000007110000000000550000000000440000000000,,bb50ab10,,,,,,,,18,0,2,bb50ab10,500,747,,5445511155344445413413431314341153,ABBAACCCAADBBBBABCDBCDBDCDCBDBCCAD,ABABACCCAABDBBABBCBDCDBDCDBCBDCCAD,,,2,747,,,,,L_T1_GTR___standard,,,,,L_T1_GTR03_33000001/L_T1_GTR03_33000002/L_T1_GTR03_32100001,,,
47059,38,,,,,,,,,15,55,55,455111530000454344111000545000000007534100000000341140000000443331100000,,00000180,,,,,,,,19,19,0,4,4,180,,5445511155344445413413431314341153111555,ABBAACCCAADBBBBABCDBCDBDCDCBDBCCADCCCAAA,ABABACCCAABDBBABBCBDCDBDCDBCBDCCADCCACAA,,,0,180,,,,,L_T1_GTR___standard,,,,,L_T1_GTR03_33000001/L_T1_GTR03_33000004,,,,,53,11,544443400000545400000000151440000007110000000000550000000000440000000000,,bb80ab21,,,,,,,,19,0,3,bb80ab21,1680,2427,,5445511155344445413413431314341153,ABBAACCCAADBBBBABCDBCDBDCDCBDBCCAD,ABABACCCAABDBBABBCBDCDBDCDBCBDCCAD,,,3,2427,,,,,,,,,,L_T1_GTR03_33000002/L_T1_GTR03_32100001,,,
47089,39,,,,,,,,,,55,55,455111530000454344111000545000000007534115000000341140000000443331100000,,bb40abb1,,,,,,,,20,0,1,bb40abb1,40,220,,5445511155344445413413431314341153111555,ABBAACCCAADBBBBABCDBCDBDCDCBDBCCADCCCAAA,ABABACCCAABDBBABBCBDCDBDCDBCBDCCADCCACAA,,,1,220,,,,,L_T1_GTR___standard,,,,,L_T1_GTR03_33000001/L_T1_GTR03_33000004,,,,,53,11,544443400000545400000000151440000007110000000000550000000000440000000000,,bb80ab21,,,,,,,,19,0,3,bb80ab21,1680,2427,,5445511155344445413413431314341153,ABBAACCCAADBBBBABCDBCDBDCDCBDBCCAD,ABABACCCAABDBBABBCBDCDBDCDBCBDCCAD,,,3,2427,,,,,,,,,,L_T1_GTR03_33000002/L_T1_GTR03_32100001,,,
47145,40,,,,,,,,,,55,55,455111530000454344111000545000000007534115000000341140000000443331100000,,bb40abb1,,,,,,,,20,0,1,bb40abb1,40,220,,5445511155344445413413431314341153111555,ABBAACCCAADBBBBABCDBCDBDCDCBDBCCADCCCAAA,ABABACCCAABDBBABBCBDCDBDCDBCBDCCADCCACAA,,,1,220,,,,,L_T1_GTR___standard,,,,,L_T1_GTR03_33000001/L_T1_GTR03_33000004,,,,,53,11,534000000000550000000000151000000007110000000000550000000000440000000000,,bb40ab32,,,,,,,,20,0,4,bb40ab32,1280,3707,,5445511155344445413413431314341153,ABBAACCCAADBBBBABCDBCDBDCDCBDBCCAD,ABABACCCAABDBBABBCBDCDBDCDBCBDCCAD,,,4,3707,,,,,,,,,,,,,
47171,41,,,,,,,,,,55,55,455111530000454344111000545000000007534500000000344000000000443331100000,,bb50ab10,,,,,,,,21,0,2,bb50ab10,500,720,,5445511155344445413413431314341153111555,ABBAACCCAADBBBBABCDBCDBDCDCBDBCCADCCCAAA,ABABACCCAABDBBABBCBDCDBDCDBCBDCCADCCACAA,,,2,720,,,,,L_T1_GTR___standard,,,,,L_T1_GTR03_33000001/L_T1_GTR03_33000004,,,,,53,11,534000000000550000000000151000000007110000000000550000000000440000000000,,bb40ab32,,,,,,,,20,0,4,bb40ab32,1280,3707,,5445511155344445413413431314341153,ABBAACCCAADBBBBABCDBCDBDCDCBDBCCAD,ABABACCCAABDBBABBCBDCDBDCDBCBDCCAD,,,4,3707,,,,,,,,,,,,,
47225,42,,,,,,,,,,55,55,455111530000454344111000545000000007534500000000344000000000443331100000,,bb50ab10,,,,,,,,21,0,2,bb50ab10,500,720,,5445511155344445413413431314341153111555,ABBAACCCAADBBBBABCDBCDBDCDCBDBCCADCCCAAA,ABABACCCAABDBBABBCBDCDBDCDBCBDCCADCCACAA,,,2,720,,,,,L_T1_GTR___standard,,,,,L_T1_GTR03_33000001/L_T1_GTR03_33000004,,,,,53,11,340000000000000000000000110000000007110000000000550000000000440000000000,,bb40ab64,,,,,,,,21,0,5,bb40ab64,2560,6267,,5445511155344445413413431314341153,ABBAACCCAADBBBBABCDBCDBDCDCBDBCCAD,ABABACCCAABDBBABBCBDCDBDCDBCBDCCAD,,,5,6267,,,,,,,,,,,,,
47253,43,,,,,,,,,,55,55,455111530000454344111000545000000007535000000000300000000000333110000000,,bb40ab16,,,,,,,,22,0,3,bb40ab16,640,1360,,5445511155344445413413431314341153111555,ABBAACCCAADBBBBABCDBCDBDCDCBDBCCADCCCAAA,ABABACCCAABDBBABBCBDCDBDCDBCBDCCADCCACAA,,,3,1360,,,,,L_T1_GTR___standard,,,,,L_T1_GTR03_33000001,,,,,53,11,340000000000000000000000110000000007110000000000550000000000440000000000,,bb40ab64,,,,,,,,21,0,5,bb40ab64,2560,6267,,5445511155344445413413431314341153,ABBAACCCAADBBBBABCDBCDBDCDCBDBCCAD,ABABACCCAABDBBABBCBDCDBDCDBCBDCCAD,,,5,6267,,,,,,,,,,,,,
47290,44,,,,,,,,,,55,55,455111530000454344111000545000000007535000000000300000000000333110000000,,bb40ab16,,,,,,,,22,0,3,bb40ab16,640,1360,,5445511155344445413413431314341153111555,ABBAACCCAADBBBBABCDBCDBDCDCBDBCCADCCCAAA,ABABACCCAABDBBABBCBDCDBDCDBCBDCCADCCACAA,,,3,1360,,,,,L_T1_GTR___standard,,,,,L_T1_GTR03_33000001,,,,53,11,15,340000000000000000000000000000000007000000000000550000000000440000000000,,00006274,,,,,,,,22,1,0,7,7,6274,,544551115534444541341343131434115311,ABBAACCCAADBBBBABCDBCDBDCDCBDBCCADCC,ABABACCCAABDBBABBCBDCDBDCDBCBDCCADCC,,,5,6274,,,,,,,,,,,,,
47442,45,,,,,,,,,55,55,45,455111536666454344111666545666660007535666660000666660000000116666600000,,00001369,,,,,,,,23,1,0,9,9,1369,,544551115534444541341343131434115311155555,ABBAACCCAADBBBBABCDBCDBDCDCBDBCCADCCCAAAAA,ABABACCCAABDBBABBCBDCDBDCDBCBDCCADCCACAAAA,,,3,1369,,,,,L_T1_GTR___standard,,,,,L_T1_GTR03_33000001,,,,53,11,15,340000000000000000000000000000000007000000000000550000000000440000000000,,00006274,,,,,,,,22,1,0,7,7,6274,,544551115534444541341343131434115311,ABBAACCCAADBBBBABCDBCDBDCDCBDBCCADCC,ABABACCCAABDBBABBCBDCDBDCDBCBDCCADCC,,,5,6274,,,,,,,,,,,,,
47539,46,,,,,,,,,,55,45,455111536666454344111666545666665566535666666666666666666600116666666666,,00001373,,,,,lose,,,24,1,0,4,4,1373,,544551115534444541341343131434115311155555,ABBAACCCAADBBBBABCDBCDBDCDCBDBCCADCCCAAAAA,ABABACCCAABDBBABBCBDCDBDCDBCBDCCADCCACAAAA,,,3,1373,,,,,L_T1_GTR___standard,,,,,L_T1_GTR03_33000001,,,,53,11,15,340000000000000000000000000000000007000000000000550000000000440000000000,,00006274,,,,,,,,22,1,0,7,7,6274,,544551115534444541341343131434115311,ABBAACCCAADBBBBABCDBCDBDCDCBDBCCADCC,ABABACCCAABDBBABBCBDCDBDCDBCBDCCADCC,,,5,6274,,,,,,,,,,,,,
47549,46,,,,,,,,,,55,45,455111536666454344111666545666665566535666666666666666666600116666666666,,00001373,,,,,lose,,,24,1,0,4,4,1373,,544551115534444541341343131434115311155555,ABBAACCCAADBBBBABCDBCDBDCDCBDBCCADCCCAAAAA,ABABACCCAABDBBABBCBDCDBDCDBCBDCCADCCACAAAA,,,3,1373,,,,,L_T1_GTR___standard,,,,,L_T1_GTR03_33000001,,,,,11,15,340000000000000000000000003000000007005000000000550000000000440000000000,,00006274,,,,,win,,,23,1,0,0,0,6274,,544551115534444541341343131434115311,ABBAACCCAADBBBBABCDBCDBDCDCBDBCCADCC,ABABACCCAABDBBABBCBDCDBDCDBCBDCCADCC,,,5,6274,,,,,,,,,,,,,
