71965,0,,,,,,,,,,44,41,000000000000000000000000000000000007000000000000000000000000000000000000,000000,00000000,,,,,,,,0,0,0,0,0,0,,44,AA,AA,,,0,0,,,,,,,,,,,,,,,44,41,000000000000000000000000000000000007000000000000000000000000000000000000,000000,00000000,,,,,,,,0,0,0,0,0,0,,44,AA,AA,,,0,0,,,,,,,,,,,,,
72115,2,,,,,,,,,44,41,15,000000000000000000000000000000000007000000000000000000000000000000000000,,00000000,,,,,,,,1,1,0,0,0,0,,4441,AAAB,AAAB,,,0,0,,,,,,,,,,,,,,44,41,15,000000000000000000000000000000000007000000000000000000000000000000000000,,00000000,,,,,,,,1,1,0,0,0,0,,4441,AAAB,AAAB,,,0,0,,,,,,,,,,,,,
72167,3,,,,,,,,,41,15,22,400000000000400000000000000000000007000000000000000000000000000000000000,,00000013,,,,,,,,2,2,0,13,13,13,,444115,AAABBC,AAABBC,,,0,13,,,,,,,,,,,,,,44,41,15,000000000000000000000000000000000007000000000000000000000000000000000000,,00000000,,,,,,,,1,1,0,0,0,0,,4441,AAAB,AAAB,,,0,0,,,,,,,,,,,,,
72169,4,,,,,,,,,41,15,22,400000000000400000000000000000000007000000000000000000000000000000000000,,00000013,,,,,,,,2,2,0,13,13,13,,444115,AAABBC,AAABBC,,,0,13,,,,,,,,,,,,,,41,15,22,400000000000400000000000000000000007000000000000000000000000000000000000,,00000013,,,,,,,,2,2,0,13,13,13,,444115,AAABBC,AAABBC,,,0,13,,,,,,,,,,,,,
72213,5,,,,,,,,,15,22,44,400000000000400000000000140000000007000000000000000000000000000000000000,,00000025,,,,,,,,3,3,0,12,12,25,,44411522,AAABBCDD,AAABBCDD,,,0,25,,,,,,,,,,,,,,41,15,22,400000000000400000000000000000000007000000000000000000000000000000000000,,00000013,,,,,,,,2,2,0,13,13,13,,444115,AAABBC,AAABBC,,,0,13,,,,,,,,,,,,,
72215,6,,,,,,,,,15,22,44,400000000000400000000000140000000007000000000000000000000000000000000000,,00000025,,,,,,,,3,3,0,12,12,25,,44411522,AAABBCDD,AAABBCDD,,,0,25,,,,,,,,,,,,,,15,22,44,400000000000400000000000140000000007000000000000000000000000000000000000,,00000025,,,,,,,,3,3,0,12,12,25,,44411522,AAABBCDD,AAABBCDD,,,0,25,,,,,,,,,,,,,
72263,7,,,,,,,,,22,44,11,400000000000400000000000140000000007510000000000000000000000000000000000,,00000037,,,,,,,,4,4,0,12,12,37,,4441152244,AAABBCDDAA,AAABBCDDAA,,,0,37,,,,,,,,,,L_T1_GTR03_32100001,,,,15,22,44,400000000000400000000000140000000007000000000000000000000000000000000000,,00000025,,,,,,,,3,3,0,12,12,25,,44411522,AAABBCDD,AAABBCDD,,,0,25,,,,,,,,,,,,,
72266,8,,,,,,,,,22,44,11,400000000000400000000000140000000007510000000000000000000000000000000000,,00000037,,,,,,,,4,4,0,12,12,37,,4441152244,AAABBCDDAA,AAABBCDDAA,,,0,37,,,,,,,,,,L_T1_GTR03_32100001,,,,22,44,11,400000000000400000000000140000000007510000000000000000000000000000000000,,00000037,,,,,,,,4,4,0,12,12,37,,4441152244,AAABBCDDAA,AAABBCDDAA,,,0,37,,,,,,,,,,L_T1_GTR03_32100001,,,
72313,9,,,,,,,,,44,11,41,420000000000420000000000140000000007510000000000000000000000000000000000,,00000049,,,,,,,,5,5,0,12,12,49,,444115224411,AAABBCDDAABB,AAABBCDDAABB,,,0,49,,,,,,,,,,L_T1_GTR03_32100001/L_T1_GTR03_22110001,,,,22,44,11,400000000000400000000000140000000007510000000000000000000000000000000000,,00000037,,,,,,,,4,4,0,12,12,37,,4441152244,AAABBCDDAA,AAABBCDDAA,,,0,37,,,,,,,,,,L_T1_GTR03_32100001,,,
72317,10,,,,,,,,,44,11,41,420000000000420000000000140000000007510000000000000000000000000000000000,,00000049,,,,,,,,5,5,0,12,12,49,,444115224411,AAABBCDDAABB,AAABBCDDAABB,,,0,49,,,,,,,,,,L_T1_GTR03_32100001/L_T1_GTR03_22110001,,,,44,11,41,420000000000420000000000140000000007510000000000000000000000000000000000,,00000049,,,,,,,,5,5,0,12,12,49,,444115224411,AAABBCDDAABB,AAABBCDDAABB,,,0,49,,,,,,,,,,L_T1_GTR03_32100001/L_T1_GTR03_22110001,,,
72367,11,,,,,,,,,11,41,52,420000000000420000000000140000000007510000000000400000000000400000000000,,00000062,,,,,,,,6,6,0,13,13,62,,44411522441141,AAABBCDDAABBAB,AAABBCDDAABBAB,,,0,62,,,,,,,,,,L_T1_GTR03_32100001/L_T1_GTR03_22110001,,,,44,11,41,420000000000420000000000140000000007510000000000000000000000000000000000,,00000049,,,,,,,,5,5,0,12,12,49,,444115224411,AAABBCDDAABB,AAABBCDDAABB,,,0,49,,,,,,,,,,L_T1_GTR03_32100001/L_T1_GTR03_22110001,,,
72371,12,,,,,,,,,11,41,52,420000000000420000000000140000000007510000000000400000000000400000000000,,00000062,,,,,,,,6,6,0,13,13,62,,44411522441141,AAABBCDDAABBAB,AAABBCDDAABBAB,,,0,62,,,,,,,,,,L_T1_GTR03_32100001/L_T1_GTR03_22110001,,,,11,41,52,420000000000420000000000140000000007510000000000400000000000400000000000,,00000062,,,,,,,,6,6,0,13,13,62,,44411522441141,AAABBCDDAABBAB,AAABBCDDAABBAB,,,0,62,,,,,,,,,,L_T1_GTR03_32100001/L_T1_GTR03_22110001,,,
72421,14,,,,,,,,,41,52,51,420000000000420000000000140000000007510000000000410000000000410000000000,,00000074,,,,,,,,7,7,0,12,12,74,,4441152244114152,AAABBCDDAABBABCD,AAABBCDDAABBABCD,,,0,74,,,,,,,,,,L_T1_GTR03_22110001,,,,41,52,51,420000000000420000000000140000000007510000000000410000000000410000000000,,00000074,,,,,,,,7,7,0,12,12,74,,4441152244114152,AAABBCDDAABBABCD,AAABBCDDAABBABCD,,,0,74,,,,,,,,,,L_T1_GTR03_22110001,,,
72466,15,,,,,,,,,52,51,42,420000000000424000000000141000000007510000000000410000000000410000000000,,00000085,,,,,,,,8,8,0,11,11,85,,444115224411415251,AAABBCDDAABBABCDCB,AAABBCDDAABBABCDBC,,,0,85,,,,,L_T1_GTR___hekomi__,,,,,L_T1_GTR03_22110001,,,,41,52,51,420000000000420000000000140000000007510000000000410000000000410000000000,,00000074,,,,,,,,7,7,0,12,12,74,,4441152244114152,AAABBCDDAABBABCD,AAABBCDDAABBABCD,,,0,74,,,,,,,,,,L_T1_GTR03_22110001,,,
72468,16,,,,,,,,,52,51,42,420000000000424000000000141000000007510000000000410000000000410000000000,,00000085,,,,,,,,8,8,0,11,11,85,,444115224411415251,AAABBCDDAABBABCDCB,AAABBCDDAABBABCDBC,,,0,85,,,,,L_T1_GTR___hekomi__,,,,,L_T1_GTR03_22110001,,,,52,51,42,420000000000424000000000141000000007510000000000410000000000410000000000,,00000085,,,,,,,,8,8,0,11,11,85,,444115224411415251,AAABBCDDAABBABCDCB,AAABBCDDAABBABCDBC,,,0,85,,,,,L_T1_GTR___hekomi__,,,,,L_T1_GTR03_22110001,,,
72517,17,,,,,,,,,51,42,12,422500000000424000000000141000000007510000000000410000000000410000000000,,00000095,,,,,,,,9,9,0,10,10,95,,44411522441141525142,AAABBCDDAABBABCDCBAD,AAABBCDDAABBABCDBCAD,,,0,95,,,,,L_T1_GTR___standard,,,,,L_T1_GTR03_33000001,,,,52,51,42,420000000000424000000000141000000007510000000000410000000000410000000000,,00000085,,,,,,,,8,8,0,11,11,85,,444115224411415251,AAABBCDDAABBABCDCB,AAABBCDDAABBABCDBC,,,0,85,,,,,L_T1_GTR___hekomi__,,,,,L_T1_GTR03_22110001,,,
72519,18,,,,,,,,,51,42,12,422500000000424000000000141000000007510000000000410000000000410000000000,,00000095,,,,,,,,9,9,0,10,10,95,,44411522441141525142,AAABBCDDAABBABCDCBAD,AAABBCDDAABBABCDBCAD,,,0,95,,,,,L_T1_GTR___standard,,,,,L_T1_GTR03_33000001,,,,51,42,12,422500000000424000000000141000000007510000000000410000000000410000000000,,00000095,,,,,,,,9,9,0,10,10,95,,44411522441141525142,AAABBCDDAABBABCDCBAD,AAABBCDDAABBABCDBCAD,,,0,95,,,,,L_T1_GTR___standard,,,,,L_T1_GTR03_33000001,,,
72560,19,,,,,,,,,42,12,42,422500000000424510000000141000000007510000000000410000000000410000000000,,00000105,,,,,,,,10,10,0,10,10,105,,4441152244114152514212,AAABBCDDAABBABCDCBADBD,AAABBCDDAABBABCDBCADBD,,,0,105,,,,,L_T1_GTR___standard,,,,,L_T1_GTR03_33000001,,,,51,42,12,422500000000424000000000141000000007510000000000410000000000410000000000,,00000095,,,,,,,,9,9,0,10,10,95,,44411522441141525142,AAABBCDDAABBABCDCBAD,AAABBCDDAABBABCDBCAD,,,0,95,,,,,L_T1_GTR___standard,,,,,L_T1_GTR03_33000001,,,
72562,20,,,,,,,,,42,12,42,422500000000424510000000141000000007510000000000410000000000410000000000,,00000105,,,,,,,,10,10,0,10,10,105,,4441152244114152514212,AAABBCDDAABBABCDCBADBD,AAABBCDDAABBABCDBCADBD,,,0,105,,,,,L_T1_GTR___standard,,,,,L_T1_GTR03_33000001,,,,42,12,42,422500000000424510000000141000000007510000000000410000000000410000000000,,00000105,,,,,,,,10,10,0,10,10,105,,4441152244114152514212,AAABBCDDAABBABCDCBADBD,AAABBCDDAABBABCDBCADBD,,,0,105,,,,,L_T1_GTR___standard,,,,,L_T1_GTR03_33000001,,,
72611,21,,,,,,,,,12,42,52,422500000000424510000000141000000007512000000000414000000000410000000000,,00000116,,,,,,,,11,11,0,11,11,116,,444115224411415251421242,AAABBCDDAABBABCDCBADBDAD,AAABBCDDAABBABCDBCADBDAD,,,0,116,,,,,L_T1_GTR___standard,,,,,L_T1_GTR03_33000001,,,,42,12,42,422500000000424510000000141000000007510000000000410000000000410000000000,,00000105,,,,,,,,10,10,0,10,10,105,,4441152244114152514212,AAABBCDDAABBABCDCBADBD,AAABBCDDAABBABCDBCADBD,,,0,105,,,,,L_T1_GTR___standard,,,,,L_T1_GTR03_33000001,,,
72612,22,,,,,,,,,12,42,52,422500000000424510000000141000000007512000000000414000000000410000000000,,00000116,,,,,,,,11,11,0,11,11,116,,444115224411415251421242,AAABBCDDAABBABCDCBADBDAD,AAABBCDDAABBABCDBCADBDAD,,,0,116,,,,,L_T1_GTR___standard,,,,,L_T1_GTR03_33000001,,,,12,42,52,422500000000424510000000141000000007512000000000414000000000410000000000,,00000116,,,,,,,,11,11,0,11,11,116,,444115224411415251421242,AAABBCDDAABBABCDCBADBDAD,AAABBCDDAABBABCDBCADBDAD,,,0,116,,,,,L_T1_GTR___standard,,,,,L_T1_GTR03_33000001,,,
72659,23,,,,,,,,,42,52,45,422512000000424510000000141000000007512000000000414000000000410000000000,,00000125,,,,,,,,12,12,0,9,9,125,,44411522441141525142124252,AAABBCDDAABBABCDCBADBDADCD,AAABBCDDAABBABCDBCADBDADCD,,,0,125,,,,,L_T1_GTR___standard,,,,,L_T1_GTR03_33000001,,,,12,42,52,422500000000424510000000141000000007512000000000414000000000410000000000,,00000116,,,,,,,,11,11,0,11,11,116,,444115224411415251421242,AAABBCDDAABBABCDCBADBDAD,AAABBCDDAABBABCDBCADBDAD,,,0,116,,,,,L_T1_GTR___standard,,,,,L_T1_GTR03_33000001,,,
72661,24,,,,,,,,,42,52,45,422512000000424510000000141000000007512000000000414000000000410000000000,,00000125,,,,,,,,12,12,0,9,9,125,,44411522441141525142124252,AAABBCDDAABBABCDCBADBDADCD,AAABBCDDAABBABCDBCADBDADCD,,,0,125,,,,,L_T1_GTR___standard,,,,,L_T1_GTR03_33000001,,,,42,52,45,422512000000424510000000141000000007512000000000414000000000410000000000,,00000125,,,,,,,,12,12,0,9,9,125,,44411522441141525142124252,AAABBCDDAABBABCDCBADBDADCD,AAABBCDDAABBABCDBCADBDADCD,,,0,125,,,,,L_T1_GTR___standard,,,,,L_T1_GTR03_33000001,,,
72706,26,,,,,,,,,52,45,45,422512000000424510000000141000000007512200000000414400000000410000000000,,00000135,,,,,,,,13,13,0,10,10,135,,4441152244114152514212425245,AAABBCDDAABBABCDCBADBDADCDAC,AAABBCDDAABBABCDBCADBDADCDAC,,,0,135,,,,,L_T1_GTR___standard,,,,,L_T1_GTR03_33000001,,,,52,45,45,422512000000424510000000141000000007512200000000414400000000410000000000,,00000135,,,,,,,,13,13,0,10,10,135,,4441152244114152514212425245,AAABBCDDAABBABCDCBADBDADCDAC,AAABBCDDAABBABCDBCADBDADCDAC,,,0,135,,,,,L_T1_GTR___standard,,,,,L_T1_GTR03_33000001,,,
72757,27,,,,,,,,,45,45,12,422512000000424510000000141000000007512200000000414400000000415200000000,,00000146,,,,,,,,14,14,0,11,11,146,,444115224411415251421242524545,AAABBCDDAABBABCDCBADBDADCDACAC,AAABBCDDAABBABCDBCADBDADCDACAC,,,0,146,,,,,L_T1_GTR___standard,,,,,L_T1_GTR03_33000001,,,,52,45,45,422512000000424510000000141000000007512200000000414400000000410000000000,,00000135,,,,,,,,13,13,0,10,10,135,,4441152244114152514212425245,AAABBCDDAABBABCDCBADBDADCDAC,AAABBCDDAABBABCDBCADBDADCDAC,,,0,135,,,,,L_T1_GTR___standard,,,,,L_T1_GTR03_33000001,,,
72773,28,,,,,,,,,45,45,12,422512000000424510000000141000000007512200000000414400000000415200000000,,00000146,,,,,,,,14,14,0,11,11,146,,444115224411415251421242524545,AAABBCDDAABBABCDCBADBDADCDACAC,AAABBCDDAABBABCDBCADBDADCDACAC,,,0,146,,,,,L_T1_GTR___standard,,,,,L_T1_GTR03_33000001,,,,45,45,12,422512000000424512000000141500000007512200000000414400000000410000000000,,00000143,,,,,,,,14,14,0,8,8,143,,444115224411415251421242524545,AAABBCDDAABBABCDCBADBDADCDACAC,AAABBCDDAABBABCDBCADBDADCDACAC,,,0,143,,,,,L_T1_GTR___standard/L_T1_GTR___zabuton_,,,,,L_T1_GTR03_33000001,,,
72798,29,,,,,,,,,45,12,21,422512000000424510000000141540000007512200000000414400000000415200000000,,00000155,,,,,,,,15,15,0,9,9,155,,44411522441141525142124252454512,AAABBCDDAABBABCDCBADBDADCDACACBD,AAABBCDDAABBABCDBCADBDADCDACACBD,,,0,155,,,,,L_T1_GTR___standard/L_T1_GTR___zabuton_,,,,,L_T1_GTR03_33000001,,,,45,45,12,422512000000424512000000141500000007512200000000414400000000410000000000,,00000143,,,,,,,,14,14,0,8,8,143,,444115224411415251421242524545,AAABBCDDAABBABCDCBADBDADCDACAC,AAABBCDDAABBABCDBCADBDADCDACAC,,,0,143,,,,,L_T1_GTR___standard/L_T1_GTR___zabuton_,,,,,L_T1_GTR03_33000001,,,
72823,30,,,,,,,,,45,12,21,422512000000424510000000141540000007512200000000414400000000415200000000,,00000155,,,,,,,,15,15,0,9,9,155,,44411522441141525142124252454512,AAABBCDDAABBABCDCBADBDADCDACACBD,AAABBCDDAABBABCDBCADBDADCDACACBD,,,0,155,,,,,L_T1_GTR___standard/L_T1_GTR___zabuton_,,,,,L_T1_GTR03_33000001,,,,45,12,21,422512000000424512000000141500000007512200000000414400000000414500000000,,00000154,,,,,,,,15,15,0,11,11,154,,44411522441141525142124252454512,AAABBCDDAABBABCDCBADBDADCDACACBD,AAABBCDDAABBABCDBCADBDADCDACACBD,,,0,154,,,,,L_T1_GTR___standard/L_T1_GTR___zabuton_,,,,,L_T1_GTR03_33000001,,,
72845,31,,,,,,,,,12,21,25,422512000000424510000000141540000007512240000000414450000000415200000000,,00000164,,,,,,,,16,16,0,9,9,164,,4441152244114152514212425245451221,AAABBCDDAABBABCDCBADBDADCDACACBDDB,AAABBCDDAABBABCDBCADBDADCDACACBDBD,,,0,164,,,,,L_T1_GTR___standard/L_T1_GTR___zabuton_,,,,,L_T1_GTR03_33000001,,,,45,12,21,422512000000424512000000141500000007512200000000414400000000414500000000,,00000154,,,,,,,,15,15,0,11,11,154,,44411522441141525142124252454512,AAABBCDDAABBABCDCBADBDADCDACACBD,AAABBCDDAABBABCDBCADBDADCDACACBD,,,0,154,,,,,L_T1_GTR___standard/L_T1_GTR___zabuton_,,,,,L_T1_GTR03_33000001,,,
72868,32,,,,,,,,,12,21,25,422512000000424510000000141540000007512240000000414450000000415200000000,,00000164,,,,,,,,16,16,0,9,9,164,,4441152244114152514212425245451221,AAABBCDDAABBABCDCBADBDADCDACACBDDB,AAABBCDDAABBABCDBCADBDADCDACACBDBD,,,0,164,,,,,L_T1_GTR___standard/L_T1_GTR___zabuton_,,,,,L_T1_GTR03_33000001,,,,12,21,25,422512000000424512000000141500000007512240000000414450000000414500000000,,00000163,,,,,,,,16,16,0,9,9,163,,4441152244114152514212425245451221,AAABBCDDAABBABCDCBADBDADCDACACBDDB,AAABBCDDAABBABCDBCADBDADCDACACBDBD,,,0,163,,,,,L_T1_GTR___standard/L_T1_GTR___zabuton_,,,,,L_T1_GTR03_33000001,,,
72886,33,,,,,,,,,21,25,52,422512000000424511200000141540000007512240000000414450000000415200000000,,00000172,,,,,,,,17,17,0,8,8,172,,444115224411415251421242524545122125,AAABBCDDAABBABCDCBADBDADCDACACBDDBDC,AAABBCDDAABBABCDBCADBDADCDACACBDBDCD,,,0,172,,,,,L_T1_GTR___standard/L_T1_GTR___zabuton_,,,,,L_T1_GTR03_33000001,,,,12,21,25,422512000000424512000000141500000007512240000000414450000000414500000000,,00000163,,,,,,,,16,16,0,9,9,163,,4441152244114152514212425245451221,AAABBCDDAABBABCDCBADBDADCDACACBDDB,AAABBCDDAABBABCDBCADBDADCDACACBDBD,,,0,163,,,,,L_T1_GTR___standard/L_T1_GTR___zabuton_,,,,,L_T1_GTR03_33000001,,,
72909,34,,,,,,,,,21,25,52,422512000000424511200000141540000007512240000000414450000000415200000000,,00000172,,,,,,,,17,17,0,8,8,172,,444115224411415251421242524545122125,AAABBCDDAABBABCDCBADBDADCDACACBDDBDC,AAABBCDDAABBABCDBCADBDADCDACACBDBDCD,,,0,172,,,,,L_T1_GTR___standard/L_T1_GTR___zabuton_,,,,,L_T1_GTR03_33000001,,,,21,25,52,422512000000424512000000141512000007512240000000414450000000414500000000,,00000172,,,,,,,,17,17,0,9,9,172,,444115224411415251421242524545122125,AAABBCDDAABBABCDCBADBDADCDACACBDDBDC,AAABBCDDAABBABCDBCADBDADCDACACBDBDCD,,,0,172,,,,,L_T1_GTR___standard/L_T1_GTR___zabuton_,,,,,L_T1_GTR03_33000001,,,
72929,35,,,,,,,,,25,52,42,422512210000424511200000141540000007512240000000414450000000415200000000,,00000179,,,,,,,,18,18,0,7,7,179,,44411522441141525142124252454512212552,AAABBCDDAABBABCDCBADBDADCDACACBDDBDCCD,AAABBCDDAABBABCDBCADBDADCDACACBDBDCDCD,,,0,179,,,,,L_T1_GTR___standard/L_T1_GTR___zabuton_,,,,,L_T1_GTR03_33000001,,,,21,25,52,422512000000424512000000141512000007512240000000414450000000414500000000,,00000172,,,,,,,,17,17,0,9,9,172,,444115224411415251421242524545122125,AAABBCDDAABBABCDCBADBDADCDACACBDDBDC,AAABBCDDAABBABCDBCADBDADCDACACBDBDCD,,,0,172,,,,,L_T1_GTR___standard/L_T1_GTR___zabuton_,,,,,L_T1_GTR03_33000001,,,
72959,36,,,,,,,,,25,52,42,422512210000424511200000141540000007512240000000414450000000415200000000,,00000179,,,,,,,,18,18,0,7,7,179,,44411522441141525142124252454512212552,AAABBCDDAABBABCDCBADBDADCDACACBDDBDCCD,AAABBCDDAABBABCDBCADBDADCDACACBDBDCDCD,,,0,179,,,,,L_T1_GTR___standard/L_T1_GTR___zabuton_,,,,,L_T1_GTR03_33000001,,,,25,52,42,422512000000424512000000141512000007512241000000414452000000414500000000,,00000180,,,,,,,,18,18,0,8,8,180,,44411522441141525142124252454512212552,AAABBCDDAABBABCDCBADBDADCDACACBDDBDCCD,AAABBCDDAABBABCDBCADBDADCDACACBDBDCDCD,,,0,180,,,,,L_T1_GTR___standard/L_T1_GTR___zabuton_,,,,,L_T1_GTR03_33000001,,,
72977,37,,,,,,,,,52,42,14,422512210000424511200000141540000007512240000000414450000000415225000000,,00000188,,,,,,,,19,19,0,9,9,188,,4441152244114152514212425245451221255242,AAABBCDDAABBABCDCBADBDADCDACACBDDBDCCDAD,AAABBCDDAABBABCDBCADBDADCDACACBDBDCDCDAD,,,0,188,,,,,L_T1_GTR___standard/L_T1_GTR___zabuton_,,,,,L_T1_GTR03_33000001,,,,25,52,42,422512000000424512000000141512000007512241000000414452000000414500000000,,00000180,,,,,,,,18,18,0,8,8,180,,44411522441141525142124252454512212552,AAABBCDDAABBABCDCBADBDADCDACACBDDBDCCD,AAABBCDDAABBABCDBCADBDADCDACACBDBDCDCD,,,0,180,,,,,L_T1_GTR___standard/L_T1_GTR___zabuton_,,,,,L_T1_GTR03_33000001,,,
73025,38,,,,,,,,,52,42,14,422512210000424511200000141540000007512240000000414450000000415225000000,,00000188,,,,,,,,19,19,0,9,9,188,,4441152244114152514212425245451221255242,AAABBCDDAABBABCDCBADBDADCDACACBDDBDCCDAD,AAABBCDDAABBABCDBCADBDADCDACACBDBDCDCDAD,,,0,188,,,,,L_T1_GTR___standard/L_T1_GTR___zabuton_,,,,,L_T1_GTR03_33000001,,,,52,42,14,422512000000424512000000141512000007512241000000414452500000414520000000,,00000187,,,,,,,,19,19,0,7,7,187,,4441152244114152514212425245451221255242,AAABBCDDAABBABCDCBADBDADCDACACBDDBDCCDAD,AAABBCDDAABBABCDBCADBDADCDACACBDBDCDCDAD,,,0,187,,,,,L_T1_GTR___standard/L_T1_GTR___zabuton_,,,,,L_T1_GTR03_33000001,,,
73039,39,,,,,,,,,42,14,45,422512210000424511200000141540000007512240000000414452000000415225500000,,00000195,,,,,,,,20,20,0,7,7,195,,444115224411415251421242524545122125524214,AAABBCDDAABBABCDCBADBDADCDACACBDDBDCCDADBA,AAABBCDDAABBABCDBCADBDADCDACACBDBDCDCDADAB,,,0,195,,,,,L_T1_GTR___standard/L_T1_GTR___zabuton_,,,,,L_T1_GTR03_33000001,,,,52,42,14,422512000000424512000000141512000007512241000000414452500000414520000000,,00000187,,,,,,,,19,19,0,7,7,187,,4441152244114152514212425245451221255242,AAABBCDDAABBABCDCBADBDADCDACACBDDBDCCDAD,AAABBCDDAABBABCDBCADBDADCDACACBDBDCDCDAD,,,0,187,,,,,L_T1_GTR___standard/L_T1_GTR___zabuton_,,,,,L_T1_GTR03_33000001,,,
73068,40,,,,,,,,,42,14,45,422512210000424511200000141540000007512240000000414452000000415225500000,,00000195,,,,,,,,20,20,0,7,7,195,,444115224411415251421242524545122125524214,AAABBCDDAABBABCDCBADBDADCDACACBDDBDCCDADBA,AAABBCDDAABBABCDBCADBDADCDACACBDBDCDCDADAB,,,0,195,,,,,L_T1_GTR___standard/L_T1_GTR___zabuton_,,,,,L_T1_GTR03_33000001,,,,42,14,45,422512000000424512000000141512000007512241000000414452500000414522500000,,00000194,,,,,,,,20,20,0,7,7,194,,444115224411415251421242524545122125524214,AAABBCDDAABBABCDCBADBDADCDACACBDDBDCCDADBA,AAABBCDDAABBABCDBCADBDADCDACACBDBDCDCDADAB,,,0,194,,,,,L_T1_GTR___standard/L_T1_GTR___zabuton_,,,,,L_T1_GTR03_33000001,,,
73081,41,,,,,,,,,14,45,24,422512210000424511200000141542000007512244000000414452000000415225500000,,00000203,,,,,,,,21,21,0,8,8,203,,44411522441141525142124252454512212552421445,AAABBCDDAABBABCDCBADBDADCDACACBDDBDCCDADBAAC,AAABBCDDAABBABCDBCADBDADCDACACBDBDCDCDADABAC,,,0,203,,,,,L_T1_GTR___standard/L_T1_GTR___zabuton_,,,,,L_T1_GTR03_33000001,,,,42,14,45,422512000000424512000000141512000007512241000000414452500000414522500000,,00000194,,,,,,,,20,20,0,7,7,194,,444115224411415251421242524545122125524214,AAABBCDDAABBABCDCBADBDADCDACACBDDBDCCDADBA,AAABBCDDAABBABCDBCADBDADCDACACBDBDCDCDADAB,,,0,194,,,,,L_T1_GTR___standard/L_T1_GTR___zabuton_,,,,,L_T1_GTR03_33000001,,,
73110,42,,,,,,,,,14,45,24,422512210000424511200000141542000007512244000000414452000000415225500000,,00000203,,,,,,,,21,21,0,8,8,203,,44411522441141525142124252454512212552421445,AAABBCDDAABBABCDCBADBDADCDACACBDDBDCCDADBAAC,AAABBCDDAABBABCDBCADBDADCDACACBDBDCDCDADABAC,,,0,203,,,,,L_T1_GTR___standard/L_T1_GTR___zabuton_,,,,,L_T1_GTR03_33000001,,,,14,45,24,422512000000424512420000141512000007512241000000414452500000414522500000,,00000201,,,,,,,,21,21,0,7,7,201,,44411522441141525142124252454512212552421445,AAABBCDDAABBABCDCBADBDADCDACACBDDBDCCDADBAAC,AAABBCDDAABBABCDBCADBDADCDACACBDBDCDCDADABAC,,,0,201,,,,,L_T1_GTR___standard/L_T1_GTR___zabuton_,,,,,L_T1_GTR03_33000001,,,
73119,43,,,,,,,,,45,24,44,422512210000424511214000141542000007512244000000414452000000415225500000,,00000209,,,,,,,,22,22,0,6,6,209,,4441152244114152514212425245451221255242144524,AAABBCDDAABBABCDCBADBDADCDACACBDDBDCCDADBAACDA,AAABBCDDAABBABCDBCADBDADCDACACBDBDCDCDADABACAD,,,0,209,,,,,L_T1_GTR___standard/L_T1_GTR___zabuton_,,,,,L_T1_GTR03_33000001,,,,14,45,24,422512000000424512420000141512000007512241000000414452500000414522500000,,00000201,,,,,,,,21,21,0,7,7,201,,44411522441141525142124252454512212552421445,AAABBCDDAABBABCDCBADBDADCDACACBDDBDCCDADBAAC,AAABBCDDAABBABCDBCADBDADCDACACBDBDCDCDADABAC,,,0,201,,,,,L_T1_GTR___standard/L_T1_GTR___zabuton_,,,,,L_T1_GTR03_33000001,,,
73151,44,,,,,,,,,45,24,44,422512210000424511214000141542000007512244000000414452000000415225500000,,00000209,,,,,,,,22,22,0,6,6,209,,4441152244114152514212425245451221255242144524,AAABBCDDAABBABCDCBADBDADCDACACBDDBDCCDADBAACDA,AAABBCDDAABBABCDBCADBDADCDACACBDBDCDCDADABACAD,,,0,209,,,,,L_T1_GTR___standard/L_T1_GTR___zabuton_,,,,,L_T1_GTR03_33000001,,,,45,24,44,422512410000424512420000141512000007512241000000414452500000414522500000,,00000207,,,,,,,,22,22,0,6,6,207,,4441152244114152514212425245451221255242144524,AAABBCDDAABBABCDCBADBDADCDACACBDDBDCCDADBAACDA,AAABBCDDAABBABCDBCADBDADCDACACBDBDCDCDADABACAD,,,0,207,,,,,L_T1_GTR___standard/L_T1_GTR___zabuton_,,,,,L_T1_GTR03_33000001,,,
73159,45,,,,,,,,,24,44,24,422512214500424511214000141542000007512244000000414452000000415225500000,,00000214,,,,,,,,23,23,0,5,5,214,,444115224411415251421242524545122125524214452444,AAABBCDDAABBABCDCBADBDADCDACACBDDBDCCDADBAACDAAA,AAABBCDDAABBABCDBCADBDADCDACACBDBDCDCDADABACADAA,,,0,214,,,,,L_T1_GTR___standard/L_T1_GTR___zabuton_,,,,,L_T1_GTR03_33000001,,,,45,24,44,422512410000424512420000141512000007512241000000414452500000414522500000,,00000207,,,,,,,,22,22,0,6,6,207,,4441152244114152514212425245451221255242144524,AAABBCDDAABBABCDCBADBDADCDACACBDDBDCCDADBAACDA,AAABBCDDAABBABCDBCADBDADCDACACBDBDCDCDADABACAD,,,0,207,,,,,L_T1_GTR___standard/L_T1_GTR___zabuton_,,,,,L_T1_GTR03_33000001,,,
73184,46,,,,,,,,,24,44,24,422512214500424511214000141542000007512244000000414452000000415225500000,,00000214,,,,,,,,23,23,0,5,5,214,,444115224411415251421242524545122125524214452444,AAABBCDDAABBABCDCBADBDADCDACACBDDBDCCDADBAACDAAA,AAABBCDDAABBABCDBCADBDADCDACACBDBDCDCDADABACADAA,,,0,214,,,,,L_T1_GTR___standard/L_T1_GTR___zabuton_,,,,,L_T1_GTR03_33000001,,,,24,44,24,422512415000424512424000141512000007512241000000414452500000414522500000,,00000212,,,,,,,,23,23,0,5,5,212,,444115224411415251421242524545122125524214452444,AAABBCDDAABBABCDCBADBDADCDACACBDDBDCCDADBAACDAAA,AAABBCDDAABBABCDBCADBDADCDACACBDBDCDCDADABACADAA,,,0,212,,,,,L_T1_GTR___standard/L_T1_GTR___zabuton_,,,,,L_T1_GTR03_33000001,,,
73186,47,,,,,,,,,,44,24,422512214500424511214000141542240007512244000000414452000000415225500000,,bb50abb2,,,,,,,,24,0,1,bb50abb2,100,314,,444115224411415251421242524545122125524214452444,AAABBCDDAABBABCDCBADBDADCDACACBDDBDCCDADBAACDAAA,AAABBCDDAABBABCDBCADBDADCDACACBDBDCDCDADABACADAA,,,1,314,,,,,L_T1_GTR___standard/L_T1_GTR___zabuton_,,,,,L_T1_GTR03_33000001,,,,24,44,24,422512415000424512424000141512000007512241000000414452500000414522500000,,00000212,,,,,,,,23,23,0,5,5,212,,444115224411415251421242524545122125524214452444,AAABBCDDAABBABCDCBADBDADCDACACBDDBDCCDADBAACDAAA,AAABBCDDAABBABCDBCADBDADCDACACBDBDCDCDADABACADAA,,,0,212,,,,,L_T1_GTR___standard/L_T1_GTR___zabuton_,,,,,L_T1_GTR03_33000001,,,
73220,48,,,,,,,,,,44,24,422512214500424511214000141542240007512244000000414452000000415225500000,,bb50abb2,,,,,,,,24,0,1,bb50abb2,100,314,,444115224411415251421242524545122125524214452444,AAABBCDDAABBABCDCBADBDADCDACACBDDBDCCDADBAACDAAA,AAABBCDDAABBABCDBCADBDADCDACACBDBDCDCDADABACADAA,,,1,314,,,,,L_T1_GTR___standard/L_T1_GTR___zabuton_,,,,,L_T1_GTR03_33000001,,,,44,24,45,422512415000424512424000141512420007512241000000414452500000414522500000,,00000218,,,,,,,,24,24,0,6,6,218,,44411522441141525142124252454512212552421445244424,AAABBCDDAABBABCDCBADBDADCDACACBDDBDCCDADBAACDAAADA,AAABBCDDAABBABCDBCADBDADCDACACBDBDCDCDADABACADAAAD,,,0,218,,,,,L_T1_GTR___standard/L_T1_GTR___zabuton_,,,,,L_T1_GTR03_33000001,,,
73258,49,,,,,,,,,,44,24,422512214500424511214000141542240007512244000000414452000000415225500000,,bb50abb2,,,,,,,,24,0,1,bb50abb2,100,314,,444115224411415251421242524545122125524214452444,AAABBCDDAABBABCDCBADBDADCDACACBDDBDCCDADBAACDAAA,AAABBCDDAABBABCDBCADBDADCDACACBDBDCDCDADABACADAA,,,1,314,,,,,L_T1_GTR___standard/L_T1_GTR___zabuton_,,,,,L_T1_GTR03_33000001,,,,24,45,14,422512415000424512424000141512420007512241000000414452544000414522500000,,00000223,,,,,,,,25,25,0,5,5,223,,4441152244114152514212425245451221255242144524442445,AAABBCDDAABBABCDCBADBDADCDACACBDDBDCCDADBAACDAAADAAC,AAABBCDDAABBABCDBCADBDADCDACACBDBDCDCDADABACADAAADAC,,,0,223,,,,,L_T1_GTR___standard/L_T1_GTR___zabuton_,,,,,L_T1_GTR03_33000001,,,
73270,50,,,,,,,,,,44,24,422511450000424511140000141544000007512244000000414452000000415225500000,,bb90ab13,,,,,,,,25,0,2,bb90ab13,1170,1484,,444115224411415251421242524545122125524214452444,AAABBCDDAABBABCDCBADBDADCDACACBDDBDCCDADBAACDAAA,AAABBCDDAABBABCDBCADBDADCDACACBDBDCDCDADABACADAA,,,2,1484,,,,,L_T1_GTR___standard/L_T1_GTR___zabuton_,,,,,L_T1_GTR03_33000001,,,,24,45,14,422512415000424512424000141512420007512241000000414452544000414522500000,,00000223,,,,,,,,25,25,0,5,5,223,,4441152244114152514212425245451221255242144524442445,AAABBCDDAABBABCDCBADBDADCDACACBDDBDCCDADBAACDAAADAAC,AAABBCDDAABBABCDBCADBDADCDACACBDBDCDCDADABACADAAADAC,,,0,223,,,,,L_T1_GTR___standard/L_T1_GTR___zabuton_,,,,,L_T1_GTR03_33000001,,,
73288,51,,,,,,,,,,44,24,422511450000424511140000141544000007512244000000414452000000415225500000,,bb90ab13,,,,,,,,25,0,2,bb90ab13,1170,1484,,444115224411415251421242524545122125524214452444,AAABBCDDAABBABCDCBADBDADCDACACBDDBDCCDADBAACDAAA,AAABBCDDAABBABCDBCADBDADCDACACBDBDCDCDADABACADAA,,,2,1484,,,,,L_T1_GTR___standard/L_T1_GTR___zabuton_,,,,,L_T1_GTR03_33000001,,,,,45,14,422512415000424512424000141512420007512241420000414452544000414522500000,,bb40abb1,,,,,,,,26,0,1,bb40abb1,40,263,,4441152244114152514212425245451221255242144524442445,AAABBCDDAABBABCDCBADBDADCDACACBDDBDCCDADBAACDAAADAAC,AAABBCDDAABBABCDBCADBDADCDACACBDBDCDCDADABACADAAADAC,,,1,263,,,,,L_T1_GTR___standard/L_T1_GTR___zabuton_,,,,,L_T1_GTR03_33000001,,,
73363,52,,,,,,,,,44,24,45,422545000000424540000000141500000007512200000000414452000000415225500000,,00001491,,,,,,,,26,1,0,7,7,1491,,44411522441141525142124252454512212552421445244424,AAABBCDDAABBABCDCBADBDADCDACACBDDBDCCDADBAACDAAADA,AAABBCDDAABBABCDBCADBDADCDACACBDBDCDCDADABACADAAAD,,,2,1491,,,,,L_T1_GTR___standard/L_T1_GTR___zabuton_,,,,,L_T1_GTR03_33000001,,,,,45,14,422512415000424512424000141512420007512241420000414452544000414522500000,,bb40abb1,,,,,,,,26,0,1,bb40abb1,40,263,,4441152244114152514212425245451221255242144524442445,AAABBCDDAABBABCDCBADBDADCDACACBDDBDCCDADBAACDAAADAAC,AAABBCDDAABBABCDBCADBDADCDACACBDBDCDCDADABACADAAADAC,,,1,263,,,,,L_T1_GTR___standard/L_T1_GTR___zabuton_,,,,,L_T1_GTR03_33000001,,,
73368,53,,,,,,,,,44,24,45,422545000000424540000000141500000007512200000000414452000000415225500000,,00001491,,,,,,,,26,1,0,7,7,1491,,44411522441141525142124252454512212552421445244424,AAABBCDDAABBABCDCBADBDADCDACACBDDBDCCDADBAACDAAADA,AAABBCDDAABBABCDBCADBDADCDACACBDBDCDCDADABACADAAAD,,,2,1491,,,,,L_T1_GTR___standard/L_T1_GTR___zabuton_,,,,,L_T1_GTR03_33000001,,,,,45,14,422512150000424512240000141512200007512241200000414452544000414522500000,,bb60ab11,,,,,,,,27,0,2,bb60ab11,660,923,,4441152244114152514212425245451221255242144524442445,AAABBCDDAABBABCDCBADBDADCDACACBDDBDCCDADBAACDAAADAAC,AAABBCDDAABBABCDBCADBDADCDACACBDBDCDCDADABACADAAADAC,,,2,923,,,,,L_T1_GTR___standard/L_T1_GTR___zabuton_,,,,,L_T1_GTR03_33000001,,,
73411,54,,,,,,,,,24,45,14,422545000000424540000000141500000007512244000000414452000000415225500000,,00001500,,,,,,,,27,2,0,9,9,1500,,4441152244114152514212425245451221255242144524442445,AAABBCDDAABBABCDCBADBDADCDACACBDDBDCCDADBAACDAAADAAC,AAABBCDDAABBABCDBCADBDADCDACACBDBDCDCDADABACADAAADAC,,,2,1500,,,,,L_T1_GTR___standard/L_T1_GTR___zabuton_,,,,,L_T1_GTR03_33000001,,,,,45,14,422512150000424512240000141512200007512241200000414452544000414522500000,,bb60ab11,,,,,,,,27,0,2,bb60ab11,660,923,,4441152244114152514212425245451221255242144524442445,AAABBCDDAABBABCDCBADBDADCDACACBDDBDCCDADBAACDAAADAAC,AAABBCDDAABBABCDBCADBDADCDACACBDBDCDCDADABACADAAADAC,,,2,923,,,,,L_T1_GTR___standard/L_T1_GTR___zabuton_,,,,,L_T1_GTR03_33000001,,,
73449,55,,,,,,,,,45,14,44,422545000000424540000000141500000007512244420000414452000000415225500000,,00001506,,,,,,,,28,3,0,6,6,1506,,444115224411415251421242524545122125524214452444244514,AAABBCDDAABBABCDCBADBDADCDACACBDDBDCCDADBAACDAAADAACBA,AAABBCDDAABBABCDBCADBDADCDACACBDBDCDCDADABACADAAADACAB,,,2,1506,,,,,L_T1_GTR___standard/L_T1_GTR___zabuton_,,,,,L_T1_GTR03_33000001,,,,,45,14,422512150000424512240000141512200007512241200000414452544000414522500000,,bb60ab11,,,,,,,,27,0,2,bb60ab11,660,923,,4441152244114152514212425245451221255242144524442445,AAABBCDDAABBABCDCBADBDADCDACACBDDBDCCDADBAACDAAADAAC,AAABBCDDAABBABCDBCADBDADCDACACBDBDCDCDADABACADAAADAC,,,2,923,,,,,L_T1_GTR___standard/L_T1_GTR___zabuton_,,,,,L_T1_GTR03_33000001,,,
73450,56,,,,,,,,,45,14,44,422545000000424540000000141500000007512244420000414452000000415225500000,,00001506,,,,,,,,28,3,0,6,6,1506,,444115224411415251421242524545122125524214452444244514,AAABBCDDAABBABCDCBADBDADCDACACBDDBDCCDADBAACDAAADAACBA,AAABBCDDAABBABCDBCADBDADCDACACBDBDCDCDADABACADAAADACAB,,,2,1506,,,,,L_T1_GTR___standard/L_T1_GTR___zabuton_,,,,,L_T1_GTR03_33000001,,,,,45,14,422511500000424514000000141510000007512241000000414452544000414522500000,,bb40ab16,,,,,,,,28,0,3,bb40ab16,640,1563,,4441152244114152514212425245451221255242144524442445,AAABBCDDAABBABCDCBADBDADCDACACBDDBDCCDADBAACDAAADAAC,AAABBCDDAABBABCDBCADBDADCDACACBDBDCDCDADABACADAAADAC,,,3,1563,,,,,L_T1_GTR___standard/L_T1_GTR___zabuton_,,,,,L_T1_GTR03_33000001,,,
73489,57,,,,,,,,,14,44,52,422545000000424540000000141500000007512244420000414452540000415225500000,,00001512,,,,,,,,29,4,0,6,6,1512,,44411522441141525142124252454512212552421445244424451444,AAABBCDDAABBABCDCBADBDADCDACACBDDBDCCDADBAACDAAADAACBAAA,AAABBCDDAABBABCDBCADBDADCDACACBDBDCDCDADABACADAAADACABAA,,,2,1512,,,,,L_T1_GTR___standard/L_T1_GTR___zabuton_,,,,,L_T1_GTR03_33000001,,,,,45,14,422511500000424514000000141510000007512241000000414452544000414522500000,,bb40ab16,,,,,,,,28,0,3,bb40ab16,640,1563,,4441152244114152514212425245451221255242144524442445,AAABBCDDAABBABCDCBADBDADCDACACBDDBDCCDADBAACDAAADAAC,AAABBCDDAABBABCDBCADBDADCDACACBDBDCDCDADABACADAAADAC,,,3,1563,,,,,L_T1_GTR___standard/L_T1_GTR___zabuton_,,,,,L_T1_GTR03_33000001,,,
73531,58,,,,,,,,,14,44,52,422545000000424540000000141500000007512244420000414452540000415225500000,,00001512,,,,,,,,29,4,0,6,6,1512,,44411522441141525142124252454512212552421445244424451444,AAABBCDDAABBABCDCBADBDADCDACACBDDBDCCDADBAACDAAADAACBAAA,AAABBCDDAABBABCDBCADBDADCDACACBDBDCDCDADABACADAAADACABAA,,,2,1512,,,,,L_T1_GTR___standard/L_T1_GTR___zabuton_,,,,,L_T1_GTR03_33000001,,,,,45,14,422550000000424540000000141500000007512241000000414452544000414522500000,,bb40ab32,,,,,,,,29,0,4,bb40ab32,1280,2843,,4441152244114152514212425245451221255242144524442445,AAABBCDDAABBABCDCBADBDADCDACACBDDBDCCDADBAACDAAADAAC,AAABBCDDAABBABCDBCADBDADCDACACBDBDCDCDADABACADAAADAC,,,4,2843,,,,,L_T1_GTR___standard,,,,,L_T1_GTR03_33000001,,,
73532,59,,,,,,,,,44,52,12,422545000000424540000000141500000007512244424000414452541000415225500000,,00001517,,,,,,,,30,5,0,5,5,1517,,4441152244114152514212425245451221255242144524442445144452,AAABBCDDAABBABCDCBADBDADCDACACBDDBDCCDADBAACDAAADAACBAAACD,AAABBCDDAABBABCDBCADBDADCDACACBDBDCDCDADABACADAAADACABAACD,,,2,1517,,,,,L_T1_GTR___standard/L_T1_GTR___zabuton_,,,,,L_T1_GTR03_33000001,,,,,45,14,422550000000424540000000141500000007512241000000414452544000414522500000,,bb40ab32,,,,,,,,29,0,4,bb40ab32,1280,2843,,4441152244114152514212425245451221255242144524442445,AAABBCDDAABBABCDCBADBDADCDACACBDDBDCCDADBAACDAAADAAC,AAABBCDDAABBABCDBCADBDADCDACACBDBDCDCDADABACADAAADAC,,,4,2843,,,,,L_T1_GTR___standard,,,,,L_T1_GTR03_33000001,,,
73565,60,,,,,,,,,52,12,15,422545000000424540000000141500000007512244424440414432541000415225500000,,00001520,,,,,,,,31,6,0,3,3,1520,,444115224411415251421242524545122125524214452444244514445212,AAABBCDDAABBABCDCBADBDADCDACACBDDBDCCDADBAACDAAADAACBAAACDBD,AAABBCDDAABBABCDBCADBDADCDACACBDBDCDCDADABACADAAADACABAACDBD,,,2,1520,,,,,L_T1_GTR___standard/L_T1_GTR___zabuton_,,,,,L_T1_GTR03_33000001,,,,,45,14,422550000000424540000000141500000007512241000000414452544000414522500000,,bb40ab32,,,,,,,,29,0,4,bb40ab32,1280,2843,,4441152244114152514212425245451221255242144524442445,AAABBCDDAABBABCDCBADBDADCDACACBDDBDCCDADBAACDAAADAAC,AAABBCDDAABBABCDBCADBDADCDACACBDBDCDCDADABACADAAADAC,,,4,2843,,,,,L_T1_GTR___standard,,,,,L_T1_GTR03_33000001,,,
73623,61,,,,,,,,,52,12,15,422545000000424540000000141500000007512244424440414432541000415225500000,,00001520,,,,,,,,31,6,0,3,3,1520,,444115224411415251421242524545122125524214452444244514445212,AAABBCDDAABBABCDCBADBDADCDACACBDDBDCCDADBAACDAAADAACBAAACDBD,AAABBCDDAABBABCDBCADBDADCDACACBDBDCDCDADABACADAAADACABAACDBD,,,2,1520,,,,,L_T1_GTR___standard/L_T1_GTR___zabuton_,,,,,L_T1_GTR03_33000001,,,,45,14,44,422000000000424400000000141000000007512241000000414452544000414522500000,,00002849,,,,,,,,30,1,0,6,6,2849,,444115224411415251421242524545122125524214452444244514,AAABBCDDAABBABCDCBADBDADCDACACBDDBDCCDADBAACDAAADAACBA,AAABBCDDAABBABCDBCADBDADCDACACBDBDCDCDADABACADAAADACAB,,,4,2849,,,,,,,,,,,,,
73664,62,,,,,,,,,52,12,15,422545000000424540000000141500000007512244424440414432541000415225500000,,00001520,,,,,,,,31,6,0,3,3,1520,,444115224411415251421242524545122125524214452444244514445212,AAABBCDDAABBABCDCBADBDADCDACACBDDBDCCDADBAACDAAADAACBAAACDBD,AAABBCDDAABBABCDBCADBDADCDACACBDBDCDCDADABACADAAADACABAACDBD,,,2,1520,,,,,L_T1_GTR___standard/L_T1_GTR___zabuton_,,,,,L_T1_GTR03_33000001,,,,14,44,52,422000000000424400000000141000000007512241000000414452544000414522554000,,00002854,,,,,,,,31,2,0,5,5,2854,,44411522441141525142124252454512212552421445244424451444,AAABBCDDAABBABCDCBADBDADCDACACBDDBDCCDADBAACDAAADAACBAAA,AAABBCDDAABBABCDBCADBDADCDACACBDBDCDCDADABACADAAADACABAA,,,4,2854,,,,,,,,,,,,,
73695,63,,,,,,,,,12,15,24,422545526666424546660000141566600007512244424446414452541666415225566600,,00001526,,,,,,,,32,7,0,6,6,1526,,44411522441141525142124252454512212552421445244424451444521215,AAABBCDDAABBABCDCBADBDADCDACACBDDBDCCDADBAACDAAADAACBAAACDBDBC,AAABBCDDAABBABCDBCADBDADCDACACBDBDCDCDADABACADAAADACABAACDBDBC,,,2,1526,,,,,L_T1_GTR___standard/L_T1_GTR___zabuton_,,,,,L_T1_GTR03_33000001,,,,14,44,52,422000000000424400000000141000000007512241000000414452544000414522554000,,00002854,,,,,,,,31,2,0,5,5,2854,,44411522441141525142124252454512212552421445244424451444,AAABBCDDAABBABCDCBADBDADCDACACBDDBDCCDADBAACDAAADAACBAAA,AAABBCDDAABBABCDBCADBDADCDACACBDBDCDCDADABACADAAADACABAA,,,4,2854,,,,,,,,,,,,,
73707,64,,,,,,,,,12,15,24,422545526666424546660000141566600007512244424446414452541666415225566600,,00001526,,,,,,,,32,7,0,6,6,1526,,44411522441141525142124252454512212552421445244424451444521215,AAABBCDDAABBABCDCBADBDADCDACACBDDBDCCDADBAACDAAADAACBAAACDBDBC,AAABBCDDAABBABCDBCADBDADCDACACBDBDCDCDADABACADAAADACABAACDBDBC,,,2,1526,,,,,L_T1_GTR___standard/L_T1_GTR___zabuton_,,,,,L_T1_GTR03_33000001,,,,44,52,12,422000000000424441000000141000000007512241000000414452544000414522554000,,00002862,,,,,,,,32,3,0,8,8,2862,,4441152244114152514212425245451221255242144524442445144452,AAABBCDDAABBABCDCBADBDADCDACACBDDBDCCDADBAACDAAADAACBAAACD,AAABBCDDAABBABCDBCADBDADCDACACBDBDCDCDADABACADAAADACABAACD,,,4,2862,,,,,,,,,,,,,
73745,65,,,,,,,,,12,15,24,422545526666424546660000141566600007512244424446414452541666415225566600,,00001526,,,,,,,,32,7,0,6,6,1526,,44411522441141525142124252454512212552421445244424451444521215,AAABBCDDAABBABCDCBADBDADCDACACBDDBDCCDADBAACDAAADAACBAAACDBDBC,AAABBCDDAABBABCDBCADBDADCDACACBDBDCDCDADABACADAAADACABAACDBDBC,,,2,1526,,,,,L_T1_GTR___standard/L_T1_GTR___zabuton_,,,,,L_T1_GTR03_33000001,,,,52,12,15,422000000000424441440000141000000007512241000000414452544000414522554000,,00002868,,,,,,,,33,4,0,6,6,2868,,444115224411415251421242524545122125524214452444244514445212,AAABBCDDAABBABCDCBADBDADCDACACBDDBDCCDADBAACDAAADAACBAAACDBD,AAABBCDDAABBABCDBCADBDADCDACACBDBDCDCDADABACADAAADACABAACDBD,,,4,2868,,,,,,,,,,,,,
73751,66,,,,,,,,,15,24,42,422545526666424546661000141566620007512244424446414452541666415225566600,,00001531,,,,,,,,33,8,0,5,5,1531,,4441152244114152514212425245451221255242144524442445144452121524,AAABBCDDAABBABCDCBADBDADCDACACBDDBDCCDADBAACDAAADAACBAAACDBDBCDA,AAABBCDDAABBABCDBCADBDADCDACACBDBDCDCDADABACADAAADACABAACDBDBCAD,,,2,1531,,,,,L_T1_GTR___standard/L_T1_GTR___zabuton_,,,,,L_T1_GTR03_33000001,,,,52,12,15,422000000000424441440000141000000007512241000000414452544000414522554000,,00002868,,,,,,,,33,4,0,6,6,2868,,444115224411415251421242524545122125524214452444244514445212,AAABBCDDAABBABCDCBADBDADCDACACBDDBDCCDADBAACDAAADAACBAAACDBD,AAABBCDDAABBABCDBCADBDADCDACACBDBDCDCDADABACADAAADACABAACDBD,,,4,2868,,,,,,,,,,,,,
73785,67,,,,,,,,,24,42,12,422545526666424546661150141566620007512244424446414452541666415225566600,,00001535,,,,,,,,34,9,0,4,4,1535,,444115224411415251421242524545122125524214452444244514445212152442,AAABBCDDAABBABCDCBADBDADCDACACBDDBDCCDADBAACDAAADAACBAAACDBDBCDAAD,AAABBCDDAABBABCDBCADBDADCDACACBDBDCDCDADABACADAAADACABAACDBDBCADAD,,,2,1535,,,,,L_T1_GTR___standard/L_T1_GTR___zabuton_,,,,,L_T1_GTR03_33000001,,,,52,12,15,422000000000424441440000141000000007512241000000414452544000414522554000,,00002868,,,,,,,,33,4,0,6,6,2868,,444115224411415251421242524545122125524214452444244514445212,AAABBCDDAABBABCDCBADBDADCDACACBDDBDCCDADBAACDAAADAACBAAACDBD,AAABBCDDAABBABCDBCADBDADCDACACBDBDCDCDADABACADAAADACABAACDBD,,,4,2868,,,,,,,,,,,,,
73802,68,,,,,,,,,24,42,12,422545526666424546661150141566620007512244424446414452541666415225566600,,00001535,,,,,,,,34,9,0,4,4,1535,,444115224411415251421242524545122125524214452444244514445212152442,AAABBCDDAABBABCDCBADBDADCDACACBDDBDCCDADBAACDAAADAACBAAACDBDBCDAAD,AAABBCDDAABBABCDBCADBDADCDACACBDBDCDCDADABACADAAADACABAACDBDBCADAD,,,2,1535,,,,,L_T1_GTR___standard/L_T1_GTR___zabuton_,,,,,L_T1_GTR03_33000001,,,,,12,15,422000000000424441440000141200000007512241500000414452544000414522554000,,bb40abb1,,,,,,,,34,0,1,bb40abb1,40,2908,,444115224411415251421242524545122125524214452444244514445212,AAABBCDDAABBABCDCBADBDADCDACACBDDBDCCDADBAACDAAADAACBAAACDBD,AAABBCDDAABBABCDBCADBDADCDACACBDBDCDCDADABACADAAADACABAACDBD,,,4,2908,,,,,,,,,,,,,
73847,69,,,,,,,,,42,12,11,422545526666424546661154141566622007512244424446414452541266415225566600,,00001537,,,,,,,,35,10,0,2,2,1537,,44411522441141525142124252454512212552421445244424451444521215244212,AAABBCDDAABBABCDCBADBDADCDACACBDDBDCCDADBAACDAAADAACBAAACDBDBCDAADBD,AAABBCDDAABBABCDBCADBDADCDACACBDBDCDCDADABACADAAADACABAACDBDBCADADBD,,,2,1537,,,,,L_T1_GTR___standard/L_T1_GTR___zabuton_,,,,,L_T1_GTR03_33000001,,,,,12,15,422000000000424441440000141200000007512241500000414452544000414522554000,,bb40abb1,,,,,,,,34,0,1,bb40abb1,40,2908,,444115224411415251421242524545122125524214452444244514445212,AAABBCDDAABBABCDCBADBDADCDACACBDDBDCCDADBAACDAAADAACBAAACDBD,AAABBCDDAABBABCDBCADBDADCDACACBDBDCDCDADABACADAAADACABAACDBD,,,4,2908,,,,,,,,,,,,,
73894,70,,,,,,,,,42,12,11,422545526666424546661154141566622007512244424446414452541266415225566600,,00001537,,,,,,,,35,10,0,2,2,1537,,44411522441141525142124252454512212552421445244424451444521215244212,AAABBCDDAABBABCDCBADBDADCDACACBDDBDCCDADBAACDAAADAACBAAACDBDBCDAADBD,AAABBCDDAABBABCDBCADBDADCDACACBDBDCDCDADABACADAAADACABAACDBDBCADADBD,,,2,1537,,,,,L_T1_GTR___standard/L_T1_GTR___zabuton_,,,,,L_T1_GTR03_33000001,,,,12,15,24,422000000000424441440000141200000007512241000000414452440000414522400000,,00002915,,,,,,,,35,1,0,7,7,2915,,44411522441141525142124252454512212552421445244424451444521215,AAABBCDDAABBABCDCBADBDADCDACACBDDBDCCDADBAACDAAADAACBAAACDBDBC,AAABBCDDAABBABCDBCADBDADCDACACBDBDCDCDADABACADAAADACABAACDBDBC,,,4,2915,,,,,,,,,,,,,
73925,71,,,,,,,,,,12,11,422545526666424546661154141566622207512244424446414452541666415225566600,,bb40abb1,,,,,,,,36,0,1,bb40abb1,40,1577,,44411522441141525142124252454512212552421445244424451444521215244212,AAABBCDDAABBABCDCBADBDADCDACACBDDBDCCDADBAACDAAADAACBAAACDBDBCDAADBD,AAABBCDDAABBABCDBCADBDADCDACACBDBDCDCDADABACADAAADACABAACDBDBCADADBD,,,2,1577,,,,,L_T1_GTR___standard/L_T1_GTR___zabuton_,,,,,L_T1_GTR03_33000001,,,,12,15,24,422000000000424441440000141200000007512241000000414452440000414522400000,,00002915,,,,,,,,35,1,0,7,7,2915,,44411522441141525142124252454512212552421445244424451444521215,AAABBCDDAABBABCDCBADBDADCDACACBDDBDCCDADBAACDAAADAACBAAACDBDBC,AAABBCDDAABBABCDBCADBDADCDACACBDBDCDCDADABACADAAADACABAACDBDBC,,,4,2915,,,,,,,,,,,,,
73935,72,,,,,,,,,,12,11,422545526666424546661154141566622207512244424446414452541666415225566600,,bb40abb1,,,,,,,,36,0,1,bb40abb1,40,1577,,44411522441141525142124252454512212552421445244424451444521215244212,AAABBCDDAABBABCDCBADBDADCDACACBDDBDCCDADBAACDAAADAACBAAACDBDBCDAADBD,AAABBCDDAABBABCDBCADBDADCDACACBDBDCDCDADABACADAAADACABAACDBDBCADADBD,,,2,1577,,,,,L_T1_GTR___standard/L_T1_GTR___zabuton_,,,,,L_T1_GTR03_33000001,,,,15,24,42,422000000000424441440000141200000007512241120000414452440000414522400000,,00002922,,,,,,,,36,2,0,7,7,2922,,4441152244114152514212425245451221255242144524442445144452121524,AAABBCDDAABBABCDCBADBDADCDACACBDDBDCCDADBAACDAAADAACBAAACDBDBCDA,AAABBCDDAABBABCDBCADBDADCDACACBDBDCDCDADABACADAAADACABAACDBDBCAD,,,4,2922,,,,,,,,,,,,,
74007,73,,,,,,,,,,12,11,422545526666424546661154141566622207512244424446414452541666415225566600,,bb40abb1,,,,,,,,36,0,1,bb40abb1,40,1577,,44411522441141525142124252454512212552421445244424451444521215244212,AAABBCDDAABBABCDCBADBDADCDACACBDDBDCCDADBAACDAAADAACBAAACDBDBCDAADBD,AAABBCDDAABBABCDBCADBDADCDACACBDBDCDCDADABACADAAADACABAACDBDBCADADBD,,,2,1577,,,,,L_T1_GTR___standard/L_T1_GTR___zabuton_,,,,,L_T1_GTR03_33000001,,,,24,42,12,422000000000424441441000141250000007512241120000414452440000414522400000,,00002927,,,,,,,,37,3,0,5,5,2927,,444115224411415251421242524545122125524214452444244514445212152442,AAABBCDDAABBABCDCBADBDADCDACACBDDBDCCDADBAACDAAADAACBAAACDBDBCDAAD,AAABBCDDAABBABCDBCADBDADCDACACBDBDCDCDADABACADAAADACABAACDBDBCADAD,,,4,2927,,,,,,,,,,,,,
74012,74,,,,,,,,,,12,11,422545526666424546611544141566000007512244444466414452541666415225566600,,bb70ab12,,,,,,,,37,0,2,bb70ab12,840,2417,,44411522441141525142124252454512212552421445244424451444521215244212,AAABBCDDAABBABCDCBADBDADCDACACBDDBDCCDADBAACDAAADAACBAAACDBDBCDAADBD,AAABBCDDAABBABCDBCADBDADCDACACBDBDCDCDADABACADAAADACABAACDBDBCADADBD,,,2,2417,,,,,L_T1_GTR___standard/L_T1_GTR___zabuton_,,,,,L_T1_GTR03_33000001,,,,24,42,12,422000000000424441441000141250000007512241120000414452440000414522400000,,00002927,,,,,,,,37,3,0,5,5,2927,,444115224411415251421242524545122125524214452444244514445212152442,AAABBCDDAABBABCDCBADBDADCDACACBDDBDCCDADBAACDAAADAACBAAACDBDBCDAAD,AAABBCDDAABBABCDBCADBDADCDACACBDBDCDCDADABACADAAADACABAACDBDBCADAD,,,4,2927,,,,,,,,,,,,,
74051,75,,,,,,,,,,12,11,422545526666424546611544141566000007512244444466414452541666415225566600,,bb70ab12,,,,,,,,37,0,2,bb70ab12,840,2417,,44411522441141525142124252454512212552421445244424451444521215244212,AAABBCDDAABBABCDCBADBDADCDACACBDDBDCCDADBAACDAAADAACBAAACDBDBCDAADBD,AAABBCDDAABBABCDBCADBDADCDACACBDBDCDCDADABACADAAADACABAACDBDBCADADBD,,,2,2417,,,,,L_T1_GTR___standard/L_T1_GTR___zabuton_,,,,,L_T1_GTR03_33000001,,,,42,12,11,422000000000424441441000141250000007512241124000414452442000414522400000,,00002932,,,,,,,,38,4,0,5,5,2932,,44411522441141525142124252454512212552421445244424451444521215244212,AAABBCDDAABBABCDCBADBDADCDACACBDDBDCCDADBAACDAAADAACBAAACDBDBCDAADBD,AAABBCDDAABBABCDBCADBDADCDACACBDBDCDCDADABACADAAADACABAACDBDBCADADBD,,,4,2932,,,,,,,,,,,,,
74085,76,,,,,,,,,,12,11,422545526666424546611544141566000007512244444466414452541666415225566600,,bb70ab12,,,,,,,,37,0,2,bb70ab12,840,2417,,44411522441141525142124252454512212552421445244424451444521215244212,AAABBCDDAABBABCDCBADBDADCDACACBDDBDCCDADBAACDAAADAACBAAACDBDBCDAADBD,AAABBCDDAABBABCDBCADBDADCDACACBDBDCDCDADABACADAAADACABAACDBDBCADADBD,,,2,2417,,,,,L_T1_GTR___standard/L_T1_GTR___zabuton_,,,,,L_T1_GTR03_33000001,,,,12,11,12,422000000000424441441000141250000007512241124420414452442000414522400000,,00002936,,,,,,,,39,5,0,4,4,2936,,4441152244114152514212425245451221255242144524442445144452121524421211,AAABBCDDAABBABCDCBADBDADCDACACBDDBDCCDADBAACDAAADAACBAAACDBDBCDAADBDBB,AAABBCDDAABBABCDBCADBDADCDACACBDBDCDCDADABACADAAADACABAACDBDBCADADBDBB,,,4,2936,,,,,,,,,,,,,
74101,77,,,,,,,,,12,11,12,422545526666424546611544141500000007512260000000414452516600415225566000,,00002418,,,,,,,,38,1,0,1,1,2418,,4441152244114152514212425245451221255242144524442445144452121524421211,AAABBCDDAABBABCDCBADBDADCDACACBDDBDCCDADBAACDAAADAACBAAACDBDBCDAADBDBB,AAABBCDDAABBABCDBCADBDADCDACACBDBDCDCDADABACADAAADACABAACDBDBCADADBDBB,,,2,2418,,,,,L_T1_GTR___standard/L_T1_GTR___zabuton_,,,,,L_T1_GTR03_33000001,,,,12,11,12,422000000000424441441000141250000007512241124420414452442000414522400000,,00002936,,,,,,,,39,5,0,4,4,2936,,4441152244114152514212425245451221255242144524442445144452121524421211,AAABBCDDAABBABCDCBADBDADCDACACBDDBDCCDADBAACDAAADAACBAAACDBDBCDAADBDBB,AAABBCDDAABBABCDBCADBDADCDACACBDBDCDCDADABACADAAADACABAACDBDBCADADBDBB,,,4,2936,,,,,,,,,,,,,
74114,78,,,,,,,,,12,11,12,422545526666424546611544141500000007512260000000414452516600415225566000,,00002418,,,,,,,,38,1,0,1,1,2418,,4441152244114152514212425245451221255242144524442445144452121524421211,AAABBCDDAABBABCDCBADBDADCDACACBDDBDCCDADBAACDAAADAACBAAACDBDBCDAADBDBB,AAABBCDDAABBABCDBCADBDADCDACACBDBDCDCDADABACADAAADACABAACDBDBCADADBDBB,,,2,2418,,,,,L_T1_GTR___standard/L_T1_GTR___zabuton_,,,,,L_T1_GTR03_33000001,,,,,11,12,422000000000424441441000141251200007512241124420414452442000414522400000,,bb40abb1,,,,,,,,40,0,1,bb40abb1,40,2976,,4441152244114152514212425245451221255242144524442445144452121524421211,AAABBCDDAABBABCDCBADBDADCDACACBDDBDCCDADBAACDAAADAACBAAACDBDBCDAADBDBB,AAABBCDDAABBABCDBCADBDADCDACACBDBDCDCDADABACADAAADACABAACDBDBCADADBDBB,,,4,2976,,,,,,,,,,,,,
74149,79,,,,,,,,,11,12,42,422545526666424546611544141500000007512260000000414452516600415225566210,,00002421,,,,,,,,39,2,0,3,3,2421,,444115224411415251421242524545122125524214452444244514445212152442121112,AAABBCDDAABBABCDCBADBDADCDACACBDDBDCCDADBAACDAAADAACBAAACDBDBCDAADBDBBBD,AAABBCDDAABBABCDBCADBDADCDACACBDBDCDCDADABACADAAADACABAACDBDBCADADBDBBBD,,,2,2421,,,,,L_T1_GTR___standard/L_T1_GTR___zabuton_,,,,,L_T1_GTR03_33000001,,,,,11,12,422000000000424441441000141251200007512241124420414452442000414522400000,,bb40abb1,,,,,,,,40,0,1,bb40abb1,40,2976,,4441152244114152514212425245451221255242144524442445144452121524421211,AAABBCDDAABBABCDCBADBDADCDACACBDDBDCCDADBAACDAAADAACBAAACDBDBCDAADBDBB,AAABBCDDAABBABCDBCADBDADCDACACBDBDCDCDADABACADAAADACABAACDBDBCADADBDBB,,,4,2976,,,,,,,,,,,,,
74191,80,,,,,,,,,12,42,21,422545526666424546611544141500000007512261100000414452516600415225566210,,00002429,,,,,,,,40,3,0,8,8,2429,,44411522441141525142124252454512212552421445244424451444521215244212111242,AAABBCDDAABBABCDCBADBDADCDACACBDDBDCCDADBAACDAAADAACBAAACDBDBCDAADBDBBBDAD,AAABBCDDAABBABCDBCADBDADCDACACBDBDCDCDADABACADAAADACABAACDBDBCADADBDBBBDAD,,,2,2429,,,,,L_T1_GTR___standard/L_T1_GTR___zabuton_,,,,,L_T1_GTR03_33000001,,,,,11,12,422000000000424441441000141251200007512241124420414452442000414522400000,,bb40abb1,,,,,,,,40,0,1,bb40abb1,40,2976,,4441152244114152514212425245451221255242144524442445144452121524421211,AAABBCDDAABBABCDCBADBDADCDACACBDDBDCCDADBAACDAAADAACBAAACDBDBCDAADBDBB,AAABBCDDAABBABCDBCADBDADCDACACBDBDCDCDADABACADAAADACABAACDBDBCADADBDBB,,,4,2976,,,,,,,,,,,,,
74196,81,,,,,,,,,12,42,21,422545526666424546611544141500000007512261100000414452516600415225566210,,00002429,,,,,,,,40,3,0,8,8,2429,,44411522441141525142124252454512212552421445244424451444521215244212111242,AAABBCDDAABBABCDCBADBDADCDACACBDDBDCCDADBAACDAAADAACBAAACDBDBCDAADBDBBBDAD,AAABBCDDAABBABCDBCADBDADCDACACBDBDCDCDADABACADAAADACABAACDBDBCADADBDBBBDAD,,,2,2429,,,,,L_T1_GTR___standard/L_T1_GTR___zabuton_,,,,,L_T1_GTR03_33000001,,,,,11,12,422000000000424444410000141252000007512242442000414452442000414522400000,,b150ab17,,,,,,,,41,0,2,b150ab17,2550,5526,,4441152244114152514212425245451221255242144524442445144452121524421211,AAABBCDDAABBABCDCBADBDADCDACACBDDBDCCDADBAACDAAADAACBAAACDBDBCDAADBDBB,AAABBCDDAABBABCDBCADBDADCDACACBDBDCDCDADABACADAAADACABAACDBDBCADADBDBB,,,4,5526,,,,,,,,,,,,,
74224,82,,,,,,,,,42,21,15,422545526666424546611544141500000007512261100000414452516600415225566211,,00002431,,,,,,,,41,4,0,2,2,2431,,4441152244114152514212425245451221255242144524442445144452121524421211124221,AAABBCDDAABBABCDCBADBDADCDACACBDDBDCCDADBAACDAAADAACBAAACDBDBCDAADBDBBBDADDB,AAABBCDDAABBABCDBCADBDADCDACACBDBDCDCDADABACADAAADACABAACDBDBCADADBDBBBDADBD,,,2,2431,,,,,L_T1_GTR___standard/L_T1_GTR___zabuton_,,,,,L_T1_GTR03_33000001,,,,,11,12,422000000000424444410000141252000007512242442000414452442000414522400000,,b150ab17,,,,,,,,41,0,2,b150ab17,2550,5526,,4441152244114152514212425245451221255242144524442445144452121524421211,AAABBCDDAABBABCDCBADBDADCDACACBDDBDCCDADBAACDAAADAACBAAACDBDBCDAADBDBB,AAABBCDDAABBABCDBCADBDADCDACACBDBDCDCDADABACADAAADACABAACDBDBCADADBDBB,,,4,5526,,,,,,,,,,,,,
74289,83,,,,,,,,,21,15,12,422545526666424546611544141540000007512261120000414452516600415225566211,,00002437,,,,,,,,42,5,0,6,6,2437,,444115224411415251421242524545122125524214452444244514445212152442121112422115,AAABBCDDAABBABCDCBADBDADCDACACBDDBDCCDADBAACDAAADAACBAAACDBDBCDAADBDBBBDADDBBC,AAABBCDDAABBABCDBCADBDADCDACACBDBDCDCDADABACADAAADACABAACDBDBCADADBDBBBDADBDBC,,,2,2437,,,,,L_T1_GTR___standard/L_T1_GTR___zabuton_,,,,,L_T1_GTR03_33000001,,,,,11,12,422000000000424444410000141252000007512242442000414452442000414522400000,,b150ab17,,,,,,,,41,0,2,b150ab17,2550,5526,,4441152244114152514212425245451221255242144524442445144452121524421211,AAABBCDDAABBABCDCBADBDADCDACACBDDBDCCDADBAACDAAADAACBAAACDBDBCDAADBDBB,AAABBCDDAABBABCDBCADBDADCDACACBDBDCDCDADABACADAAADACABAACDBDBCADADBDBB,,,4,5526,,,,,,,,,,,,,
74294,84,,,,,,,,,21,15,12,422545526666424546611544141540000007512261120000414452516600415225566211,,00002437,,,,,,,,42,5,0,6,6,2437,,444115224411415251421242524545122125524214452444244514445212152442121112422115,AAABBCDDAABBABCDCBADBDADCDACACBDDBDCCDADBAACDAAADAACBAAACDBDBCDAADBDBBBDADDBBC,AAABBCDDAABBABCDBCADBDADCDACACBDBDCDCDADABACADAAADACABAACDBDBCADADBDBBBDADBDBC,,,2,2437,,,,,L_T1_GTR___standard/L_T1_GTR___zabuton_,,,,,L_T1_GTR03_33000001,,,,11,12,42,422000000000421000000000141250000007512242000000414452000000414500000000,,00005534,,,,,,,,42,1,0,8,8,5534,,444115224411415251421242524545122125524214452444244514445212152442121112,AAABBCDDAABBABCDCBADBDADCDACACBDDBDCCDADBAACDAAADAACBAAACDBDBCDAADBDBBBD,AAABBCDDAABBABCDBCADBDADCDACACBDBDCDCDADABACADAAADACABAACDBDBCADADBDBBBD,,,4,5534,,,,,,,,,,,,,
74332,85,,,,,,,,,21,15,12,422545526666424546611544141540000007512261120000414452516600415225566211,,00002437,,,,,,,,42,5,0,6,6,2437,,444115224411415251421242524545122125524214452444244514445212152442121112422115,AAABBCDDAABBABCDCBADBDADCDACACBDDBDCCDADBAACDAAADAACBAAACDBDBCDAADBDBBBDADDBBC,AAABBCDDAABBABCDBCADBDADCDACACBDBDCDCDADABACADAAADACABAACDBDBCADADBDBBBDADBDBC,,,2,2437,,,,,L_T1_GTR___standard/L_T1_GTR___zabuton_,,,,,L_T1_GTR03_33000001,,,,,12,42,422000000000421110000000141250000007512242000000414452000000414500000000,,bb40abb1,,,,,,,,43,0,1,bb40abb1,40,5574,,444115224411415251421242524545122125524214452444244514445212152442121112,AAABBCDDAABBABCDCBADBDADCDACACBDDBDCCDADBAACDAAADAACBAAACDBDBCDAADBDBBBD,AAABBCDDAABBABCDBCADBDADCDACACBDBDCDCDADABACADAAADACABAACDBDBCADADBDBBBD,,,4,5574,,,,,,,,,,,,,
74420,86,,,,,,,,,21,15,12,422545526666424546611544141540000007512261120000414452516600415225566211,,00002437,,,,,,,,42,5,0,6,6,2437,,444115224411415251421242524545122125524214452444244514445212152442121112422115,AAABBCDDAABBABCDCBADBDADCDACACBDDBDCCDADBAACDAAADAACBAAACDBDBCDAADBDBBBDADDBBC,AAABBCDDAABBABCDBCADBDADCDACACBDBDCDCDADABACADAAADACABAACDBDBCADADBDBBBDADBDBC,,,2,2437,,,,,L_T1_GTR___standard/L_T1_GTR___zabuton_,,,,,L_T1_GTR03_33000001,,,,12,42,21,422000000000420000000000142500000007512242000000414452000000414500000000,,00005583,,,,,,,,44,1,0,9,9,5583,,44411522441141525142124252454512212552421445244424451444521215244212111242,AAABBCDDAABBABCDCBADBDADCDACACBDDBDCCDADBAACDAAADAACBAAACDBDBCDAADBDBBBDAD,AAABBCDDAABBABCDBCADBDADCDACACBDBDCDCDADABACADAAADACABAACDBDBCADADBDBBBDAD,,,4,5583,,,,,,,,,,,,,
74462,87,,,,,,,,,21,15,12,422545526666424546611544141540000007512261120000414452516600415225566211,,00002437,,,,,,,,42,5,0,6,6,2437,,444115224411415251421242524545122125524214452444244514445212152442121112422115,AAABBCDDAABBABCDCBADBDADCDACACBDDBDCCDADBAACDAAADAACBAAACDBDBCDAADBDBBBDADDBBC,AAABBCDDAABBABCDBCADBDADCDACACBDBDCDCDADABACADAAADACABAACDBDBCADADBDBBBDADBDBC,,,2,2437,,,,,L_T1_GTR___standard/L_T1_GTR___zabuton_,,,,,L_T1_GTR03_33000001,,,,42,21,15,422000000000420000000000142512000007512242000000414452000000414500000000,,00005592,,,,,,,,45,2,0,9,9,5592,,4441152244114152514212425245451221255242144524442445144452121524421211124221,AAABBCDDAABBABCDCBADBDADCDACACBDDBDCCDADBAACDAAADAACBAAACDBDBCDAADBDBBBDADDB,AAABBCDDAABBABCDBCADBDADCDACACBDBDCDCDADABACADAAADACABAACDBDBCADADBDBBBDADBD,,,4,5592,,,,,,,,,,,,,
74465,88,,,,,,,,,15,12,42,422545526666424546611544141546666007512261121266414452516666415223066211,,00002441,,,,,,,,43,6,0,4,4,2441,,44411522441141525142124252454512212552421445244424451444521215244212111242211512,AAABBCDDAABBABCDCBADBDADCDACACBDDBDCCDADBAACDAAADAACBAAACDBDBCDAADBDBBBDADDBBCBD,AAABBCDDAABBABCDBCADBDADCDACACBDBDCDCDADABACADAAADACABAACDBDBCADADBDBBBDADBDBCBD,,,2,2441,,,,,L_T1_GTR___standard/L_T1_GTR___zabuton_,,,,,L_T1_GTR03_33000001,,,,42,21,15,422000000000420000000000142512000007512242000000414452000000414500000000,,00005592,,,,,,,,45,2,0,9,9,5592,,4441152244114152514212425245451221255242144524442445144452121524421211124221,AAABBCDDAABBABCDCBADBDADCDACACBDDBDCCDADBAACDAAADAACBAAACDBDBCDAADBDBBBDADDB,AAABBCDDAABBABCDBCADBDADCDACACBDBDCDCDADABACADAAADACABAACDBDBCADADBDBBBDADBD,,,4,5592,,,,,,,,,,,,,
74496,89,,,,,,,,,12,42,45,422545526666424546611544141546666157512261121266414452516666415225566211,,00002445,,,,,,,,44,7,0,4,4,2445,,4441152244114152514212425245451221255242144524442445144452121524421211124221151242,AAABBCDDAABBABCDCBADBDADCDACACBDDBDCCDADBAACDAAADAACBAAACDBDBCDAADBDBBBDADDBBCBDAD,AAABBCDDAABBABCDBCADBDADCDACACBDBDCDCDADABACADAAADACABAACDBDBCADADBDBBBDADBDBCBDAD,,,2,2445,,,,,L_T1_GTR___standard/L_T1_GTR___zabuton_,,,,,L_T1_GTR03_33000001,,,,42,21,15,422000000000420000000000142512000007512242000000414452000000414500000000,,00005592,,,,,,,,45,2,0,9,9,5592,,4441152244114152514212425245451221255242144524442445144452121524421211124221,AAABBCDDAABBABCDCBADBDADCDACACBDDBDCCDADBAACDAAADAACBAAACDBDBCDAADBDBBBDADDB,AAABBCDDAABBABCDBCADBDADCDACACBDBDCDCDADABACADAAADACABAACDBDBCADADBDBBBDADBD,,,4,5592,,,,,,,,,,,,,
74498,90,,,,,,,,,12,42,45,422545526666424546611544141546666157512261121266414452516666415225566211,,00002445,,,,,,,,44,7,0,4,4,2445,,4441152244114152514212425245451221255242144524442445144452121524421211124221151242,AAABBCDDAABBABCDCBADBDADCDACACBDDBDCCDADBAACDAAADAACBAAACDBDBCDAADBDBBBDADDBBCBDAD,AAABBCDDAABBABCDBCADBDADCDACACBDBDCDCDADABACADAAADACABAACDBDBCADADBDBBBDADBDBCBDAD,,,2,2445,,,,,L_T1_GTR___standard/L_T1_GTR___zabuton_,,,,,L_T1_GTR03_33000001,,,,,21,15,422000000000422400000000142512000007512242000000414452000000414500000000,,bb70abb4,,,,,,,,46,0,1,bb70abb4,280,5872,,4441152244114152514212425245451221255242144524442445144452121524421211124221,AAABBCDDAABBABCDCBADBDADCDACACBDDBDCCDADBAACDAAADAACBAAACDBDBCDAADBDBBBDADDB,AAABBCDDAABBABCDBCADBDADCDACACBDBDCDCDADABACADAAADACABAACDBDBCADADBDBBBDADBD,,,4,5872,,,,,,,,,,,,,
74584,91,,,,,,,,,12,42,45,422545526666424546611544141546666157512261121266414452516666415225566211,,00002445,,,,,,,,44,7,0,4,4,2445,,4441152244114152514212425245451221255242144524442445144452121524421211124221151242,AAABBCDDAABBABCDCBADBDADCDACACBDDBDCCDADBAACDAAADAACBAAACDBDBCDAADBDBBBDADDBBCBDAD,AAABBCDDAABBABCDBCADBDADCDACACBDBDCDCDADABACADAAADACABAACDBDBCADADBDBBBDADBDBCBDAD,,,2,2445,,,,,L_T1_GTR___standard/L_T1_GTR___zabuton_,,,,,L_T1_GTR03_33000001,,,,,21,15,400000000000440000000000145120000007514200000000414452000000414500000000,,bb80abb8,,,,,,,,47,0,2,bb80abb8,640,6512,,4441152244114152514212425245451221255242144524442445144452121524421211124221,AAABBCDDAABBABCDCBADBDADCDACACBDDBDCCDADBAACDAAADAACBAAACDBDBCDAADBDBBBDADDB,AAABBCDDAABBABCDBCADBDADCDACACBDBDCDCDADABACADAAADACABAACDBDBCADADBDBBBDADBD,,,4,6512,,,,,,,,,,,,,
74608,92,,,,,,,,,,42,45,422545526666424546611544141546666151512261121266414452516666415225566211,,00002447,,,,,lose,,,45,7,0,2,2,2447,,4441152244114152514212425245451221255242144524442445144452121524421211124221151242,AAABBCDDAABBABCDCBADBDADCDACACBDDBDCCDADBAACDAAADAACBAAACDBDBCDAADBDBBBDADDBBCBDAD,AAABBCDDAABBABCDBCADBDADCDACACBDBDCDCDADABACADAAADACABAACDBDBCADADBDBBBDADBDBCBDAD,,,2,2447,,,,,L_T1_GTR___standard/L_T1_GTR___zabuton_,,,,,L_T1_GTR03_33000001,,,,,21,15,400000000000440000000000145120000007514200000000414452000000414500000000,,bb80abb8,,,,,,,,47,0,2,bb80abb8,640,6512,,4441152244114152514212425245451221255242144524442445144452121524421211124221,AAABBCDDAABBABCDCBADBDADCDACACBDDBDCCDADBAACDAAADAACBAAACDBDBCDAADBDBBBDADDB,AAABBCDDAABBABCDBCADBDADCDACACBDBDCDCDADABACADAAADACABAACDBDBCADADBDBBBDADBD,,,4,6512,,,,,,,,,,,,,
74663,92,,,,,,,,,,42,45,422545526666424546611544141546666151512261121266414452516666415225566211,,00002447,,,,,lose,,,45,7,0,2,2,2447,,4441152244114152514212425245451221255242144524442445144452121524421211124221151242,AAABBCDDAABBABCDCBADBDADCDACACBDDBDCCDADBAACDAAADAACBAAACDBDBCDAADBDBBBDADDBBCBDAD,AAABBCDDAABBABCDBCADBDADCDACACBDBDCDCDADABACADAAADACABAACDBDBCADADBDBBBDADBDBCBDAD,,,2,2447,,,,,L_T1_GTR___standard/L_T1_GTR___zabuton_,,,,,L_T1_GTR03_33000001,,,,,21,15,000000000000000000000000151200000007512000000000415200000000415000000000,,00006522,,,,,win,,,48,0,2,10,10,6522,,4441152244114152514212425245451221255242144524442445144452121524421211124221,AAABBCDDAABBABCDCBADBDADCDACACBDDBDCCDADBAACDAAADAACBAAACDBDBCDAADBDBBBDADDB,AAABBCDDAABBABCDBCADBDADCDACACBDBDCDCDADABACADAAADACABAACDBDBCADADBDBBBDADBD,,,4,6522,,,,,,,,,,,,,
