47770,0,,,,,,,,,,41,14,000000000000000000000000000000000007000000000000000000000000000000000000,000000,00000000,,,,,,,,0,0,0,0,0,0,,41,AB,AB,,,0,0,,,,,,,,,,,,,,,41,14,000000000000000000000000000000000007000000000000000000000000000000000000,000000,00000000,,,,,,,,0,0,0,0,0,0,,41,AB,AB,,,0,0,,,,,,,,,,,,,
47920,2,,,,,,,,,41,14,33,000000000000000000000000000000000007000000000000000000000000000000000000,,00000000,,,,,,,,1,1,0,0,0,0,,4114,ABBA,ABAB,,,0,0,,,,,,,,,,,,,,41,14,33,000000000000000000000000000000000007000000000000000000000000000000000000,,00000000,,,,,,,,1,1,0,0,0,0,,4114,ABBA,ABAB,,,0,0,,,,,,,,,,,,,
47970,3,,,,,,,,,14,33,51,000000000000140000000000000000000007000000000000000000000000000000000000,,00000012,,,,,,,,2,2,0,12,12,12,,411433,ABBACC,ABABCC,,,0,12,,,,,,,,,,,,,,41,14,33,000000000000000000000000000000000007000000000000000000000000000000000000,,00000000,,,,,,,,1,1,0,0,0,0,,4114,ABBA,ABAB,,,0,0,,,,,,,,,,,,,
47972,4,,,,,,,,,14,33,51,000000000000140000000000000000000007000000000000000000000000000000000000,,00000012,,,,,,,,2,2,0,12,12,12,,411433,ABBACC,ABABCC,,,0,12,,,,,,,,,,,,,,14,33,51,410000000000000000000000000000000007000000000000000000000000000000000000,,00000013,,,,,,,,2,2,0,13,13,13,,411433,ABBACC,ABABCC,,,0,13,,,,,,,,,,,,,
48022,5,,,,,,,,,14,33,51,000000000000140000000000000000000007000000000000000000000000000000000000,,00000012,,,,,,,,2,2,0,12,12,12,,411433,ABBACC,ABABCC,,,0,12,,,,,,,,,,,,,,33,51,33,410000000000410000000000000000000007000000000000000000000000000000000000,,00000025,,,,,,,,3,3,0,12,12,25,,41143351,BAABCCDA,ABABCCAD,,,0,25,,,,,,,,,,,,,
48026,6,,,,,,,,,33,51,33,140000000000140000000000000000000007000000000000000000000000000000000000,,00000025,,,,,,,,3,3,0,13,13,25,,41143351,BAABCCDA,ABABCCAD,,,0,25,,,,,,,,,,,,,,33,51,33,410000000000410000000000000000000007000000000000000000000000000000000000,,00000025,,,,,,,,3,3,0,12,12,25,,41143351,BAABCCDA,ABABCCAD,,,0,25,,,,,,,,,,,,,
48070,7,,,,,,,,,33,51,33,140000000000140000000000000000000007000000000000000000000000000000000000,,00000025,,,,,,,,3,3,0,13,13,25,,41143351,BAABCCDA,ABABCCAD,,,0,25,,,,,,,,,,,,,,51,33,35,410000000000410000000000300000000007300000000000000000000000000000000000,,00000038,,,,,,,,4,4,0,13,13,38,,4114335133,BAABCCDACC,ABABCCADCC,,,0,38,,,,,,,,,,L_T1_GTR03_22200001/L_T1_GTR03_22110001,,,
48076,8,,,,,,,,,51,33,35,140000000000140000000000300000000007300000000000000000000000000000000000,,00000038,,,,,,,,4,4,0,13,13,38,,4114335133,BAABCCDACC,ABABCCADCC,,,0,38,,,,,,,,,,L_T1_GTR03_22200001/L_T1_GTR03_22110001,,,,51,33,35,410000000000410000000000300000000007300000000000000000000000000000000000,,00000038,,,,,,,,4,4,0,13,13,38,,4114335133,BAABCCDACC,ABABCCADCC,,,0,38,,,,,,,,,,L_T1_GTR03_22200001/L_T1_GTR03_22110001,,,
48118,9,,,,,,,,,51,33,35,140000000000140000000000300000000007300000000000000000000000000000000000,,00000038,,,,,,,,4,4,0,13,13,38,,4114335133,BAABCCDACC,ABABCCADCC,,,0,38,,,,,,,,,,L_T1_GTR03_22200001/L_T1_GTR03_22110001,,,,33,35,11,411500000000410000000000300000000007300000000000000000000000000000000000,,00000048,,,,,,,,5,5,0,10,10,48,,411433513335,BAABCCDACCCD,ABABCCADCCCD,,,0,48,,,,,,,,,,,,,
48126,10,,,,,,,,,33,35,11,140000000000140000000000310000000007350000000000000000000000000000000000,,00000050,,,,,,,,5,5,0,12,12,50,,411433513335,BAABCCDACCCD,ABABCCADCCCD,,,0,50,,,,,,,,,,L_T1_GTR03_22200001/L_T1_GTR03_22110001,,,,33,35,11,411500000000410000000000300000000007300000000000000000000000000000000000,,00000048,,,,,,,,5,5,0,10,10,48,,411433513335,BAABCCDACCCD,ABABCCADCCCD,,,0,48,,,,,,,,,,,,,
48164,11,,,,,,,,,33,35,11,140000000000140000000000310000000007350000000000000000000000000000000000,,00000050,,,,,,,,5,5,0,12,12,50,,411433513335,BAABCCDACCCD,ABABCCADCCCD,,,0,50,,,,,,,,,,L_T1_GTR03_22200001/L_T1_GTR03_22110001,,,,35,11,43,411533000000410000000000300000000007300000000000000000000000000000000000,,00000056,,,,,,,,6,6,0,8,8,56,,41143351333511,BAABCCDACCCDAA,ABABCCADCCCDAA,,,0,56,,,,,,,,,,,,,
48170,12,,,,,,,,,35,11,43,140000000000140000000000313300000007350000000000000000000000000000000000,,00000060,,,,,,,,6,6,0,10,10,60,,41143351333511,BAABCCDACCCDAA,ABABCCADCCCDAA,,,0,60,,,,,,,,,,L_T1_GTR03_22200001/L_T1_GTR03_22110001,,,,35,11,43,411533000000410000000000300000000007300000000000000000000000000000000000,,00000056,,,,,,,,6,6,0,8,8,56,,41143351333511,BAABCCDACCCDAA,ABABCCADCCCDAA,,,0,56,,,,,,,,,,,,,
48204,13,,,,,,,,,35,11,43,140000000000140000000000313300000007350000000000000000000000000000000000,,00000060,,,,,,,,6,6,0,10,10,60,,41143351333511,BAABCCDACCCDAA,ABABCCADCCCDAA,,,0,60,,,,,,,,,,L_T1_GTR03_22200001/L_T1_GTR03_22110001,,,,11,43,44,411533350000410000000000300000000007300000000000000000000000000000000000,,00000063,,,,,,,,7,7,0,7,7,63,,4114335133351143,BAABCCDACCCDAABC,ABABCCADCCCDAABC,,,0,63,,,,,,,,,,,,,
48224,14,,,,,,,,,11,43,44,140000000000140000000000313300000007350000000000350000000000000000000000,,00000073,,,,,,,,7,7,0,13,13,73,,4114335133351143,BAABCCDACCCDAABC,ABABCCADCCCDAABC,,,0,73,,,,,,,,,,,,,,11,43,44,411533350000410000000000300000000007300000000000000000000000000000000000,,00000063,,,,,,,,7,7,0,7,7,63,,4114335133351143,BAABCCDACCCDAABC,ABABCCADCCCDAABC,,,0,63,,,,,,,,,,,,,
48261,15,,,,,,,,,11,43,44,140000000000140000000000313300000007350000000000350000000000000000000000,,00000073,,,,,,,,7,7,0,13,13,73,,4114335133351143,BAABCCDACCCDAABC,ABABCCADCCCDAABC,,,0,73,,,,,,,,,,,,,,43,44,45,411533350000410000000000300000000007300000000000110000000000000000000000,,00000075,,,,,,,,8,8,0,12,12,75,,411433513335114344,BAABCCDACCCDAABCBB,ABABCCADCCCDAABCBB,,,0,75,,,,,,,,,,,,,
48278,16,,,,,,,,,43,44,45,140000000000140000000000313300000007350000000000350000000000110000000000,,00000085,,,,,,,,8,8,0,12,12,85,,411433513335114344,BAABCCDACCCDAABCBB,ABABCCADCCCDAABCBB,,,0,85,,,,,,,,,,,,,,43,44,45,411533350000410000000000300000000007300000000000110000000000000000000000,,00000075,,,,,,,,8,8,0,12,12,75,,411433513335114344,BAABCCDACCCDAABCBB,ABABCCADCCCDAABCBB,,,0,75,,,,,,,,,,,,,
48308,17,,,,,,,,,43,44,45,140000000000140000000000313300000007350000000000350000000000110000000000,,00000085,,,,,,,,8,8,0,12,12,85,,411433513335114344,BAABCCDACCCDAABCBB,ABABCCADCCCDAABCBB,,,0,85,,,,,,,,,,,,,,44,45,55,411533350000410000000000340000000007330000000000110000000000000000000000,,00000087,,,,,,,,9,9,0,12,12,87,,41143351333511434445,BAABCCDACCCDAABCBBBD,ABABCCADCCCDAABCBBBD,,,0,87,,,,,,,,,,L_T1_GTR03_33000002/L_T1_GTR03_32100001,,,
48330,18,,,,,,,,,44,45,55,144300000000140000000000313300000007350000000000350000000000110000000000,,00000096,,,,,,,,9,9,0,11,11,96,,41143351333511434445,BAABCCDACCCDAABCBBBD,ABABCCADCCCDAABCBBBD,,,0,96,,,,,,,,,,,,,,44,45,55,411533350000410000000000340000000007330000000000110000000000000000000000,,00000087,,,,,,,,9,9,0,12,12,87,,41143351333511434445,BAABCCDACCCDAABCBBBD,ABABCCADCCCDAABCBBBD,,,0,87,,,,,,,,,,L_T1_GTR03_33000002/L_T1_GTR03_32100001,,,
48360,19,,,,,,,,,44,45,55,144300000000140000000000313300000007350000000000350000000000110000000000,,00000096,,,,,,,,9,9,0,11,11,96,,41143351333511434445,BAABCCDACCCDAABCBBBD,ABABCCADCCCDAABCBBBD,,,0,96,,,,,,,,,,,,,,45,55,14,411533350000410000000000340000000007330000000000110000000000440000000000,,00000097,,,,,,,,10,10,0,10,10,97,,4114335133351143444555,BAABCCDACCCDAABCBBBDDD,ABABCCADCCCDAABCBBBDDD,,,0,97,,,,,,,,,,L_T1_GTR03_33000002/L_T1_GTR03_32100001,,,
48374,20,,,,,,,,,45,55,14,144300000000140000000000313300000007354400000000350000000000110000000000,,00000106,,,,,,,,10,10,0,10,10,106,,4114335133351143444555,BAABCCDACCCDAABCBBBDDD,ABABCCADCCCDAABCBBBDDD,,,0,106,,,,,,,,,,,,,,45,55,14,411533350000410000000000340000000007330000000000110000000000440000000000,,00000097,,,,,,,,10,10,0,10,10,97,,4114335133351143444555,BAABCCDACCCDAABCBBBDDD,ABABCCADCCCDAABCBBBDDD,,,0,97,,,,,,,,,,L_T1_GTR03_33000002/L_T1_GTR03_32100001,,,
48410,21,,,,,,,,,45,55,14,144300000000140000000000313300000007354400000000350000000000110000000000,,00000106,,,,,,,,10,10,0,10,10,106,,4114335133351143444555,BAABCCDACCCDAABCBBBDDD,ABABCCADCCCDAABCBBBDDD,,,0,106,,,,,,,,,,,,,,55,14,13,411533350000414500000000340000000007330000000000110000000000440000000000,,00000108,,,,,,,,11,11,0,11,11,108,,411433513335114344455514,BAABCCDACCCDAABCBBBDDDAB,ABABCCADCCCDAABCBBBDDDAB,,,0,108,,,,,L_T1_GTR___standard,,,,,L_T1_GTR03_33000001/L_T1_GTR03_33000002/L_T1_GTR03_32100001,,,
48424,22,,,,,,,,,55,14,13,144300000000140000000000313300000007354400000000355400000000110000000000,,00000116,,,,,,,,11,11,0,10,10,116,,411433513335114344455514,BAABCCDACCCDAABCBBBDDDAB,ABABCCADCCCDAABCBBBDDDAB,,,0,116,,,,,,,,,,,,,,55,14,13,411533350000414500000000340000000007330000000000110000000000440000000000,,00000108,,,,,,,,11,11,0,11,11,108,,411433513335114344455514,BAABCCDACCCDAABCBBBDDDAB,ABABCCADCCCDAABCBBBDDDAB,,,0,108,,,,,L_T1_GTR___standard,,,,,L_T1_GTR03_33000001/L_T1_GTR03_33000002/L_T1_GTR03_32100001,,,
48444,23,,,,,,,,,55,14,13,144300000000140000000000313300000007354400000000355400000000110000000000,,00000116,,,,,,,,11,11,0,10,10,116,,411433513335114344455514,BAABCCDACCCDAABCBBBDDDAB,ABABCCADCCCDAABCBBBDDDAB,,,0,116,,,,,,,,,,,,,,14,13,33,411533355500414500000000340000000007330000000000110000000000440000000000,,00000112,,,,,,,,12,12,0,4,4,112,,41143351333511434445551413,BAABCCDACCCDAABCBBBDDDABAC,ABABCCADCCCDAABCBBBDDDABAC,,,0,112,,,,,L_T1_GTR___standard,,,,,L_T1_GTR03_33000001/L_T1_GTR03_33000002/L_T1_GTR03_32100001,,,
48466,24,,,,,,,,,14,13,33,144300000000140000000000313300000007354450000000355450000000110000000000,,00000125,,,,,,,,12,12,0,9,9,125,,41143351333511434445551413,BAABCCDACCCDAABCBBBDDDABAC,ABABCCADCCCDAABCBBBDDDABAC,,,0,125,,,,,,,,,,,,,,14,13,33,411533355500414500000000340000000007330000000000110000000000440000000000,,00000112,,,,,,,,12,12,0,4,4,112,,41143351333511434445551413,BAABCCDACCCDAABCBBBDDDABAC,ABABCCADCCCDAABCBBBDDDABAC,,,0,112,,,,,L_T1_GTR___standard,,,,,L_T1_GTR03_33000001/L_T1_GTR03_33000002/L_T1_GTR03_32100001,,,
48492,25,,,,,,,,,14,13,33,144300000000140000000000313300000007354450000000355450000000110000000000,,00000125,,,,,,,,12,12,0,9,9,125,,41143351333511434445551413,BAABCCDACCCDAABCBBBDDDABAC,ABABCCADCCCDAABCBBBDDDABAC,,,0,125,,,,,,,,,,,,,,13,33,13,411533355500414500000000340000000007331000000000114000000000440000000000,,00000123,,,,,,,,13,13,0,11,11,123,,4114335133351143444555141333,BAABCCDACCCDAABCBBBDDDABACCC,ABABCCADCCCDAABCBBBDDDABACCC,,,0,123,,,,,L_T1_GTR___standard,,,,,L_T1_GTR03_33000001/L_T1_GTR03_33000002/L_T1_GTR03_32100001,,,
48516,26,,,,,,,,,13,33,13,144300000000140000000000313300000007354450000000355450000000114100000000,,00000135,,,,,,,,13,13,0,10,10,135,,4114335133351143444555141333,BAABCCDACCCDAABCBBBDDDABACCC,ABABCCADCCCDAABCBBBDDDABACCC,,,0,135,,,,,,,,,,,,,,13,33,13,411533355500414500000000340000000007331000000000114000000000440000000000,,00000123,,,,,,,,13,13,0,11,11,123,,4114335133351143444555141333,BAABCCDACCCDAABCBBBDDDABACCC,ABABCCADCCCDAABCBBBDDDABACCC,,,0,123,,,,,L_T1_GTR___standard,,,,,L_T1_GTR03_33000001/L_T1_GTR03_33000002/L_T1_GTR03_32100001,,,
48558,27,,,,,,,,,13,33,13,144300000000140000000000313300000007354450000000355450000000114100000000,,00000135,,,,,,,,13,13,0,10,10,135,,4114335133351143444555141333,BAABCCDACCCDAABCBBBDDDABACCC,ABABCCADCCCDAABCBBBDDDABACCC,,,0,135,,,,,,,,,,,,,,33,13,11,411533355500414500000000343000000007331100000000114000000000440000000000,,00000133,,,,,,,,14,14,0,10,10,133,,411433513335114344455514133313,BAABCCDACCCDAABCBBBDDDABACCCAC,ABABCCADCCCDAABCBBBDDDABACCCAC,,,0,133,,,,,L_T1_GTR___standard,,,,,L_T1_GTR03_33000001/L_T1_GTR03_33000002/L_T1_GTR03_32100001,,,
48584,28,,,,,,,,,33,13,11,144330000000141000000000313300000007354450000000355450000000114100000000,,00000144,,,,,,,,14,14,0,9,9,144,,411433513335114344455514133313,BAABCCDACCCDAABCBBBDDDABACCCAC,ABABCCADCCCDAABCBBBDDDABACCCAC,,,0,144,,,,,L_T1_GTR___standard,,,,,L_T1_GTR03_33000001,,,,33,13,11,411533355500414500000000343000000007331100000000114000000000440000000000,,00000133,,,,,,,,14,14,0,10,10,133,,411433513335114344455514133313,BAABCCDACCCDAABCBBBDDDABACCCAC,ABABCCADCCCDAABCBBBDDDABACCCAC,,,0,133,,,,,L_T1_GTR___standard,,,,,L_T1_GTR03_33000001/L_T1_GTR03_33000002/L_T1_GTR03_32100001,,,
48608,29,,,,,,,,,33,13,11,144330000000141000000000313300000007354450000000355450000000114100000000,,00000144,,,,,,,,14,14,0,9,9,144,,411433513335114344455514133313,BAABCCDACCCDAABCBBBDDDABACCCAC,ABABCCADCCCDAABCBBBDDDABACCCAC,,,0,144,,,,,L_T1_GTR___standard,,,,,L_T1_GTR03_33000001,,,,13,11,31,411533355500414500000000343000000007331100000000114000000000443300000000,,00000143,,,,,,,,15,15,0,10,10,143,,41143351333511434445551413331311,BAABCCDACCCDAABCBBBDDDABACCCACAA,ABABCCADCCCDAABCBBBDDDABACCCACAA,,,0,143,,,,,L_T1_GTR___standard,,,,,L_T1_GTR03_33000001/L_T1_GTR03_33000002/L_T1_GTR03_32100001,,,
48626,30,,,,,,,,,13,11,31,144330000000141000000000313300000007354453000000355453000000114100000000,,00000152,,,,,,,,15,15,0,8,8,152,,41143351333511434445551413331311,BAABCCDACCCDAABCBBBDDDABACCCACAA,ABABCCADCCCDAABCBBBDDDABACCCACAA,,,0,152,,,,,L_T1_GTR___standard,,,,,L_T1_GTR03_33000001,,,,13,11,31,411533355500414500000000343000000007331100000000114000000000443300000000,,00000143,,,,,,,,15,15,0,10,10,143,,41143351333511434445551413331311,BAABCCDACCCDAABCBBBDDDABACCCACAA,ABABCCADCCCDAABCBBBDDDABACCCACAA,,,0,143,,,,,L_T1_GTR___standard,,,,,L_T1_GTR03_33000001/L_T1_GTR03_33000002/L_T1_GTR03_32100001,,,
48650,31,,,,,,,,,13,11,31,144330000000141000000000313300000007354453000000355453000000114100000000,,00000152,,,,,,,,15,15,0,8,8,152,,41143351333511434445551413331311,BAABCCDACCCDAABCBBBDDDABACCCACAA,ABABCCADCCCDAABCBBBDDDABACCCACAA,,,0,152,,,,,L_T1_GTR___standard,,,,,L_T1_GTR03_33000001,,,,11,31,15,411533355500414500000000343310000007331100000000114000000000443300000000,,00000152,,,,,,,,16,16,0,9,9,152,,4114335133351143444555141333131131,BAABCCDACCCDAABCBBBDDDABACCCACAACA,ABABCCADCCCDAABCBBBDDDABACCCACAAAC,,,0,152,,,,,L_T1_GTR___standard,,,,,L_T1_GTR03_33000001/L_T1_GTR03_33000002/L_T1_GTR03_32100001,,,
48674,32,,,,,,,,,11,31,15,144330000000141000000000313300000007354453000000355453000000114113000000,,00000161,,,,,,,,16,16,0,9,9,161,,4114335133351143444555141333131131,BAABCCDACCCDAABCBBBDDDABACCCACAACA,ABABCCADCCCDAABCBBBDDDABACCCACAAAC,,,0,161,,,,,L_T1_GTR___standard,,,,,L_T1_GTR03_33000001,,,,11,31,15,411533355500414500000000343310000007331100000000114000000000443300000000,,00000152,,,,,,,,16,16,0,9,9,152,,4114335133351143444555141333131131,BAABCCDACCCDAABCBBBDDDABACCCACAACA,ABABCCADCCCDAABCBBBDDDABACCCACAAAC,,,0,152,,,,,L_T1_GTR___standard,,,,,L_T1_GTR03_33000001/L_T1_GTR03_33000002/L_T1_GTR03_32100001,,,
48692,33,,,,,,,,,11,31,15,144330000000141000000000313300000007354453000000355453000000114113000000,,00000161,,,,,,,,16,16,0,9,9,161,,4114335133351143444555141333131131,BAABCCDACCCDAABCBBBDDDABACCCACAACA,ABABCCADCCCDAABCBBBDDDABACCCACAAAC,,,0,161,,,,,L_T1_GTR___standard,,,,,L_T1_GTR03_33000001,,,,31,15,35,411533355500414511000000343310000007331100000000114000000000443300000000,,00000160,,,,,,,,17,17,0,8,8,160,,411433513335114344455514133313113115,BAABCCDACCCDAABCBBBDDDABACCCACAACAAD,ABABCCADCCCDAABCBBBDDDABACCCACAAACAD,,,0,160,,,,,L_T1_GTR___standard,,,,,L_T1_GTR03_33000001/L_T1_GTR03_33000002/L_T1_GTR03_32100001,,,
48718,34,,,,,,,,,31,15,35,144330000000141000000000313300000007354453000000355453100000114113100000,,00000168,,,,,,,,17,17,0,7,7,168,,411433513335114344455514133313113115,BAABCCDACCCDAABCBBBDDDABACCCACAACAAD,ABABCCADCCCDAABCBBBDDDABACCCACAAACAD,,,0,168,,,,,L_T1_GTR___standard,,,,,L_T1_GTR03_33000001,,,,31,15,35,411533355500414511000000343310000007331100000000114000000000443300000000,,00000160,,,,,,,,17,17,0,8,8,160,,411433513335114344455514133313113115,BAABCCDACCCDAABCBBBDDDABACCCACAACAAD,ABABCCADCCCDAABCBBBDDDABACCCACAAACAD,,,0,160,,,,,L_T1_GTR___standard,,,,,L_T1_GTR03_33000001/L_T1_GTR03_33000002/L_T1_GTR03_32100001,,,
48722,35,,,,,,,,,31,15,35,144330000000141000000000313300000007354453000000355453100000114113100000,,00000168,,,,,,,,17,17,0,7,7,168,,411433513335114344455514133313113115,BAABCCDACCCDAABCBBBDDDABACCCACAACAAD,ABABCCADCCCDAABCBBBDDDABACCCACAAACAD,,,0,168,,,,,L_T1_GTR___standard,,,,,L_T1_GTR03_33000001,,,,,15,35,411533355500414511310000343310000007331100000000114000000000443300000000,,bb40abb1,,,,,,,,18,0,1,bb40abb1,40,200,,411433513335114344455514133313113115,BAABCCDACCCDAABCBBBDDDABACCCACAACAAD,ABABCCADCCCDAABCBBBDDDABACCCACAAACAD,,,1,200,,,,,L_T1_GTR___standard,,,,,L_T1_GTR03_33000001/L_T1_GTR03_33000002/L_T1_GTR03_32100001,,,
48763,36,,,,,,,,,15,35,13,144330000000141000000000313300000007354453000000355453130000114113110000,,00000174,,,,,,,,18,18,0,6,6,174,,41143351333511434445551413331311311535,BAABCCDACCCDAABCBBBDDDABACCCACAACAADCD,ABABCCADCCCDAABCBBBDDDABACCCACAAACADCD,,,0,174,,,,,L_T1_GTR___standard,,,,,L_T1_GTR03_33000001,,,,,15,35,411533355500414511310000343310000007331100000000114000000000443300000000,,bb40abb1,,,,,,,,18,0,1,bb40abb1,40,200,,411433513335114344455514133313113115,BAABCCDACCCDAABCBBBDDDABACCCACAACAAD,ABABCCADCCCDAABCBBBDDDABACCCACAAACAD,,,1,200,,,,,L_T1_GTR___standard,,,,,L_T1_GTR03_33000001/L_T1_GTR03_33000002/L_T1_GTR03_32100001,,,
48805,37,,,,,,,,,15,35,13,144330000000141000000000313300000007354453000000355453130000114113110000,,00000174,,,,,,,,18,18,0,6,6,174,,41143351333511434445551413331311311535,BAABCCDACCCDAABCBBBDDDABACCCACAACAADCD,ABABCCADCCCDAABCBBBDDDABACCCACAAACADCD,,,0,174,,,,,L_T1_GTR___standard,,,,,L_T1_GTR03_33000001,,,,,15,35,411555500000414511100000343310000007331100000000114000000000443300000000,,bb90ab13,,,,,,,,19,0,2,bb90ab13,1170,1370,,411433513335114344455514133313113115,BAABCCDACCCDAABCBBBDDDABACCCACAACAAD,ABABCCADCCCDAABCBBBDDDABACCCACAAACAD,,,2,1370,,,,,L_T1_GTR___standard,,,,,L_T1_GTR03_33000001/L_T1_GTR03_33000002/L_T1_GTR03_32100001,,,
48806,38,,,,,,,,,35,13,41,144330000000141000000000313300000007354453000000355453135100114113110000,,00000178,,,,,,,,19,19,0,4,4,178,,4114335133351143444555141333131131153513,BAABCCDACCCDAABCBBBDDDABACCCACAACAADCDAC,ABABCCADCCCDAABCBBBDDDABACCCACAAACADCDAC,,,0,178,,,,,L_T1_GTR___standard,,,,,L_T1_GTR03_33000001,,,,,15,35,411555500000414511100000343310000007331100000000114000000000443300000000,,bb90ab13,,,,,,,,19,0,2,bb90ab13,1170,1370,,411433513335114344455514133313113115,BAABCCDACCCDAABCBBBDDDABACCCACAACAAD,ABABCCADCCCDAABCBBBDDDABACCCACAAACAD,,,2,1370,,,,,L_T1_GTR___standard,,,,,L_T1_GTR03_33000001/L_T1_GTR03_33000002/L_T1_GTR03_32100001,,,
48844,39,,,,,,,,,13,41,53,144330000000141000000000313300000007354453000000355453135100114113113500,,00000183,,,,,,,,20,20,0,5,5,183,,411433513335114344455514133313113115351341,BAABCCDACCCDAABCBBBDDDABACCCACAACAADCDACBA,ABABCCADCCCDAABCBBBDDDABACCCACAAACADCDACAB,,,0,183,,,,,L_T1_GTR___standard,,,,,L_T1_GTR03_33000001,,,,,15,35,411555500000414511100000343310000007331100000000114000000000443300000000,,bb90ab13,,,,,,,,19,0,2,bb90ab13,1170,1370,,411433513335114344455514133313113115,BAABCCDACCCDAABCBBBDDDABACCCACAACAAD,ABABCCADCCCDAABCBBBDDDABACCCACAAACAD,,,2,1370,,,,,L_T1_GTR___standard,,,,,L_T1_GTR03_33000001/L_T1_GTR03_33000002/L_T1_GTR03_32100001,,,
48872,40,,,,,,,,,13,41,53,144330000000141000000000313300000007354453000000355453135100114113113500,,00000183,,,,,,,,20,20,0,5,5,183,,411433513335114344455514133313113115351341,BAABCCDACCCDAABCBBBDDDABACCCACAACAADCDACBA,ABABCCADCCCDAABCBBBDDDABACCCACAAACADCDACAB,,,0,183,,,,,L_T1_GTR___standard,,,,,L_T1_GTR03_33000001,,,,15,35,13,411000000000414000000000343300000007331100000000114000000000443300000000,,00001377,,,,,,,,20,1,0,7,7,1377,,41143351333511434445551413331311311535,BAABCCDACCCDAABCBBBDDDABACCCACAACAADCD,ABABCCADCCCDAABCBBBDDDABACCCACAAACADCD,,,2,1377,,,,,L_T1_GTR___standard,,,,,L_T1_GTR03_33000001/L_T1_GTR03_33000002/L_T1_GTR03_32100001,,,
48883,41,,,,,,,,,,41,53,144330000000141000000000313300000007354453130000355453135100114113113500,,bb40abb1,,,,,,,,21,0,1,bb40abb1,40,223,,411433513335114344455514133313113115351341,BAABCCDACCCDAABCBBBDDDABACCCACAACAADCDACBA,ABABCCADCCCDAABCBBBDDDABACCCACAAACADCDACAB,,,1,223,,,,,L_T1_GTR___standard,,,,,L_T1_GTR03_33000001,,,,15,35,13,411000000000414000000000343300000007331100000000114000000000443300000000,,00001377,,,,,,,,20,1,0,7,7,1377,,41143351333511434445551413331311311535,BAABCCDACCCDAABCBBBDDDABACCCACAACAADCD,ABABCCADCCCDAABCBBBDDDABACCCACAAACADCD,,,2,1377,,,,,L_T1_GTR___standard,,,,,L_T1_GTR03_33000001/L_T1_GTR03_33000002/L_T1_GTR03_32100001,,,
48924,42,,,,,,,,,,41,53,144330000000141000000000313300000007354453130000355453135100114113113500,,bb40abb1,,,,,,,,21,0,1,bb40abb1,40,223,,411433513335114344455514133313113115351341,BAABCCDACCCDAABCBBBDDDABACCCACAACAADCDACBA,ABABCCADCCCDAABCBBBDDDABACCCACAAACADCDACAB,,,1,223,,,,,L_T1_GTR___standard,,,,,L_T1_GTR03_33000001,,,,35,13,41,411510000000414000000000343300000007331100000000114000000000443300000000,,00001386,,,,,,,,21,2,0,9,9,1386,,4114335133351143444555141333131131153513,BAABCCDACCCDAABCBBBDDDABACCCACAACAADCDAC,ABABCCADCCCDAABCBBBDDDABACCCACAAACADCDAC,,,2,1386,,,,,L_T1_GTR___standard,,,,,L_T1_GTR03_33000001/L_T1_GTR03_33000002/L_T1_GTR03_32100001,,,
48963,43,,,,,,,,,,41,53,144330000000141000000000313300000007354453300000355453351000114113350000,,bb60ab11,,,,,,,,22,0,2,bb60ab11,660,883,,411433513335114344455514133313113115351341,BAABCCDACCCDAABCBBBDDDABACCCACAACAADCDACBA,ABABCCADCCCDAABCBBBDDDABACCCACAAACADCDACAB,,,2,883,,,,,L_T1_GTR___standard,,,,,L_T1_GTR03_33000001,,,,35,13,41,411510000000414000000000343300000007331100000000114000000000443300000000,,00001386,,,,,,,,21,2,0,9,9,1386,,4114335133351143444555141333131131153513,BAABCCDACCCDAABCBBBDDDABACCCACAACAADCDAC,ABABCCADCCCDAABCBBBDDDABACCCACAAACADCDAC,,,2,1386,,,,,L_T1_GTR___standard,,,,,L_T1_GTR03_33000001/L_T1_GTR03_33000002/L_T1_GTR03_32100001,,,
48968,44,,,,,,,,,,41,53,144330000000141000000000313300000007354453300000355453351000114113350000,,bb60ab11,,,,,,,,22,0,2,bb60ab11,660,883,,411433513335114344455514133313113115351341,BAABCCDACCCDAABCBBBDDDABACCCACAACAADCDACBA,ABABCCADCCCDAABCBBBDDDABACCCACAAACADCDACAB,,,2,883,,,,,L_T1_GTR___standard,,,,,L_T1_GTR03_33000001,,,,13,41,53,411510000000414530000000343300000007331100000000114000000000443300000000,,00001395,,,,,,,,22,3,0,9,9,1395,,411433513335114344455514133313113115351341,BAABCCDACCCDAABCBBBDDDABACCCACAACAADCDACBA,ABABCCADCCCDAABCBBBDDDABACCCACAAACADCDACAB,,,2,1395,,,,,L_T1_GTR___standard,,,,,L_T1_GTR03_33000001/L_T1_GTR03_33000002/L_T1_GTR03_32100001,,,
49014,45,,,,,,,,,,41,53,144330000000141000000000313300000007354453300000355453351000114113350000,,bb60ab11,,,,,,,,22,0,2,bb60ab11,660,883,,411433513335114344455514133313113115351341,BAABCCDACCCDAABCBBBDDDABACCCACAACAADCDACBA,ABABCCADCCCDAABCBBBDDDABACCCACAAACADCDACAB,,,2,883,,,,,L_T1_GTR___standard,,,,,L_T1_GTR03_33000001,,,,41,53,33,411511000000414533000000343300000007331100000000114000000000443300000000,,00001403,,,,,,,,23,4,0,8,8,1403,,41143351333511434445551413331311311535134153,BAABCCDACCCDAABCBBBDDDABACCCACAACAADCDACBADC,ABABCCADCCCDAABCBBBDDDABACCCACAAACADCDACABCD,,,2,1403,,,,,L_T1_GTR___standard,,,,,L_T1_GTR03_33000001/L_T1_GTR03_33000002/L_T1_GTR03_32100001,,,
49047,46,,,,,,,,,,41,53,144330000000141000000000313300000007354450000000355455100000114115000000,,bb40ab16,,,,,,,,23,0,3,bb40ab16,640,1523,,411433513335114344455514133313113115351341,BAABCCDACCCDAABCBBBDDDABACCCACAACAADCDACBA,ABABCCADCCCDAABCBBBDDDABACCCACAAACADCDACAB,,,3,1523,,,,,L_T1_GTR___standard,,,,,L_T1_GTR03_33000001,,,,41,53,33,411511000000414533000000343300000007331100000000114000000000443300000000,,00001403,,,,,,,,23,4,0,8,8,1403,,41143351333511434445551413331311311535134153,BAABCCDACCCDAABCBBBDDDABACCCACAACAADCDACBADC,ABABCCADCCCDAABCBBBDDDABACCCACAAACADCDACABCD,,,2,1403,,,,,L_T1_GTR___standard,,,,,L_T1_GTR03_33000001/L_T1_GTR03_33000002/L_T1_GTR03_32100001,,,
49058,47,,,,,,,,,,41,53,144330000000141000000000313300000007354450000000355455100000114115000000,,bb40ab16,,,,,,,,23,0,3,bb40ab16,640,1523,,411433513335114344455514133313113115351341,BAABCCDACCCDAABCBBBDDDABACCCACAACAADCDACBA,ABABCCADCCCDAABCBBBDDDABACCCACAAACADCDACAB,,,3,1523,,,,,L_T1_GTR___standard,,,,,L_T1_GTR03_33000001,,,,53,33,55,411511000000414533000000343300000007331141000000114000000000443300000000,,00001412,,,,,,,,24,5,0,9,9,1412,,4114335133351143444555141333131131153513415333,BAABCCDACCCDAABCBBBDDDABACCCACAACAADCDACBADCCC,ABABCCADCCCDAABCBBBDDDABACCCACAAACADCDACABCDCC,,,2,1412,,,,,L_T1_GTR___standard,,,,,L_T1_GTR03_33000001/L_T1_GTR03_33000002/L_T1_GTR03_32100001,,,
49098,48,,,,,,,,,,41,53,144330000000141000000000313300000007354450000000355455100000114115000000,,bb40ab16,,,,,,,,23,0,3,bb40ab16,640,1523,,411433513335114344455514133313113115351341,BAABCCDACCCDAABCBBBDDDABACCCACAACAADCDACBA,ABABCCADCCCDAABCBBBDDDABACCCACAAACADCDACAB,,,3,1523,,,,,L_T1_GTR___standard,,,,,L_T1_GTR03_33000001,,,,33,55,44,411511000000414533000000343353000007331141000000114000000000443300000000,,00001421,,,,,,,,25,6,0,9,9,1421,,411433513335114344455514133313113115351341533355,BAABCCDACCCDAABCBBBDDDABACCCACAACAADCDACBADCCCDD,ABABCCADCCCDAABCBBBDDDABACCCACAAACADCDACABCDCCDD,,,2,1421,,,,,L_T1_GTR___standard,,,,,L_T1_GTR03_33000001/L_T1_GTR03_33000002/L_T1_GTR03_32100001,,,
49138,50,,,,,,,,,41,53,33,144330000000141000000000313300000007354400000000355410000000114110000000,,00001530,,,,,,,,24,1,0,7,7,1530,,41143351333511434445551413331311311535134153,BAABCCDACCCDAABCBBBDDDABACCCACAACAADCDACBADC,ABABCCADCCCDAABCBBBDDDABACCCACAAACADCDACABCD,,,3,1530,,,,,L_T1_GTR___standard,,,,,L_T1_GTR03_33000001,,,,55,44,33,411511000000414533000000343353000007331141330000114000000000443300000000,,00001427,,,,,,,,26,7,0,6,6,1427,,41143351333511434445551413331311311535134153335544,BAABCCDACCCDAABCBBBDDDABACCCACAACAADCDACBADCCCDDBB,ABABCCADCCCDAABCBBBDDDABACCCACAAACADCDACABCDCCDDBB,,,2,1427,,,,,L_T1_GTR___standard,,,,,L_T1_GTR03_33000001/L_T1_GTR03_33000002/L_T1_GTR03_32100001,,,
49182,51,,,,,,,,,53,33,55,144334100000141000000000313300000007354400000000355410000000114110000000,,00001538,,,,,,,,25,2,0,8,8,1538,,4114335133351143444555141333131131153513415333,BAABCCDACCCDAABCBBBDDDABACCCACAACAADCDACBADCCC,ABABCCADCCCDAABCBBBDDDABACCCACAAACADCDACABCDCC,,,3,1538,,,,,L_T1_GTR___standard,,,,,L_T1_GTR03_33000001,,,,55,44,33,411511000000414533000000343353000007331141330000114000000000443300000000,,00001427,,,,,,,,26,7,0,6,6,1427,,41143351333511434445551413331311311535134153335544,BAABCCDACCCDAABCBBBDDDABACCCACAACAADCDACBADCCCDDBB,ABABCCADCCCDAABCBBBDDDABACCCACAAACADCDACABCDCCDDBB,,,2,1427,,,,,L_T1_GTR___standard,,,,,L_T1_GTR03_33000001/L_T1_GTR03_33000002/L_T1_GTR03_32100001,,,
49226,52,,,,,,,,,53,33,55,144334100000141000000000313300000007354400000000355410000000114110000000,,00001538,,,,,,,,25,2,0,8,8,1538,,4114335133351143444555141333131131153513415333,BAABCCDACCCDAABCBBBDDDABACCCACAACAADCDACBADCCC,ABABCCADCCCDAABCBBBDDDABACCCACAAACADCDACABCDCC,,,3,1538,,,,,L_T1_GTR___standard,,,,,L_T1_GTR03_33000001,,,,44,33,35,411511350000414533600000343353000007331141330000114000000000443360000000,,00001433,,,,,,,,27,8,0,6,6,1433,,4114335133351143444555141333131131153513415333554433,BAABCCDACCCDAABCBBBDDDABACCCACAACAADCDACBADCCCDDBBCC,ABABCCADCCCDAABCBBBDDDABACCCACAAACADCDACABCDCCDDBBCC,,,2,1433,,,,,L_T1_GTR___standard,,,,,L_T1_GTR03_33000001/L_T1_GTR03_33000002/L_T1_GTR03_32100001,,,
49228,53,,,,,,,,,33,55,44,144334100000141530000000313300000007354400000000355410000000114110000000,,00001548,,,,,,,,26,3,0,10,10,1548,,411433513335114344455514133313113115351341533355,BAABCCDACCCDAABCBBBDDDABACCCACAACAADCDACBADCCCDD,ABABCCADCCCDAABCBBBDDDABACCCACAAACADCDACABCDCCDD,,,3,1548,,,,,L_T1_GTR___standard,,,,,L_T1_GTR03_33000001,,,,44,33,35,411511350000414533600000343353000007331141330000114000000000443360000000,,00001433,,,,,,,,27,8,0,6,6,1433,,4114335133351143444555141333131131153513415333554433,BAABCCDACCCDAABCBBBDDDABACCCACAACAADCDACBADCCCDDBBCC,ABABCCADCCCDAABCBBBDDDABACCCACAAACADCDACABCDCCDDBBCC,,,2,1433,,,,,L_T1_GTR___standard,,,,,L_T1_GTR03_33000001/L_T1_GTR03_33000002/L_T1_GTR03_32100001,,,
49263,54,,,,,,,,,33,55,44,144334100000141530000000313300000007354400000000355410000000114110000000,,00001548,,,,,,,,26,3,0,10,10,1548,,411433513335114344455514133313113115351341533355,BAABCCDACCCDAABCBBBDDDABACCCACAACAADCDACBADCCCDD,ABABCCADCCCDAABCBBBDDDABACCCACAAACADCDACABCDCCDD,,,3,1548,,,,,L_T1_GTR___standard,,,,,L_T1_GTR03_33000001,,,,33,35,13,411511550000414533600000343353440007331141330000114000000000443360000000,,00001439,,,,,,,,28,9,0,6,6,1439,,411433513335114344455514133313113115351341533355443335,BAABCCDACCCDAABCBBBDDDABACCCACAACAADCDACBADCCCDDBBCCCD,ABABCCADCCCDAABCBBBDDDABACCCACAAACADCDACABCDCCDDBBCCCD,,,2,1439,,,,,L_T1_GTR___standard,,,,,L_T1_GTR03_33000001/L_T1_GTR03_33000002/L_T1_GTR03_32100001,,,
49270,55,,,,,,,,,55,44,33,144334100000141530000000313300000007354433000000355410000000114110000000,,00001556,,,,,,,,27,4,0,8,8,1556,,41143351333511434445551413331311311535134153335544,BAABCCDACCCDAABCBBBDDDABACCCACAACAADCDACBADCCCDDBB,ABABCCADCCCDAABCBBBDDDABACCCACAAACADCDACABCDCCDDBB,,,3,1556,,,,,L_T1_GTR___standard,,,,,L_T1_GTR03_33000001,,,,33,35,13,411511550000414533600000343353440007331141330000114000000000443360000000,,00001439,,,,,,,,28,9,0,6,6,1439,,411433513335114344455514133313113115351341533355443335,BAABCCDACCCDAABCBBBDDDABACCCACAACAADCDACBADCCCDDBBCCCD,ABABCCADCCCDAABCBBBDDDABACCCACAAACADCDACABCDCCDDBBCCCD,,,2,1439,,,,,L_T1_GTR___standard,,,,,L_T1_GTR03_33000001/L_T1_GTR03_33000002/L_T1_GTR03_32100001,,,
49298,56,,,,,,,,,55,44,33,144334100000141530000000313300000007354433000000355410000000114110000000,,00001556,,,,,,,,27,4,0,8,8,1556,,41143351333511434445551413331311311535134153335544,BAABCCDACCCDAABCBBBDDDABACCCACAACAADCDACBADCCCDDBB,ABABCCADCCCDAABCBBBDDDABACCCACAAACADCDACABCDCCDDBB,,,3,1556,,,,,L_T1_GTR___standard,,,,,L_T1_GTR03_33000001,,,,35,13,41,411511550000414533633000343353440007331141330000114000000000443360000000,,00001444,,,,,,,,29,10,0,5,5,1444,,41143351333511434445551413331311311535134153335544333513,BAABCCDACCCDAABCBBBDDDABACCCACAACAADCDACBADCCCDDBBCCCDAC,ABABCCADCCCDAABCBBBDDDABACCCACAAACADCDACABCDCCDDBBCCCDAC,,,2,1444,,,,,L_T1_GTR___standard,,,,,L_T1_GTR03_33000001/L_T1_GTR03_33000002/L_T1_GTR03_32100001,,,
49316,57,,,,,,,,,44,33,35,144334100000141530000000313300000007354433000000355415000000114115000000,,00001564,,,,,,,,28,5,0,8,8,1564,,4114335133351143444555141333131131153513415333554433,BAABCCDACCCDAABCBBBDDDABACCCACAACAADCDACBADCCCDDBBCC,ABABCCADCCCDAABCBBBDDDABACCCACAAACADCDACABCDCCDDBBCC,,,3,1564,,,,,L_T1_GTR___standard,,,,,L_T1_GTR03_33000001,,,,35,13,41,411511550000414533633000343353440007331141330000114000000000443360000000,,00001444,,,,,,,,29,10,0,5,5,1444,,41143351333511434445551413331311311535134153335544333513,BAABCCDACCCDAABCBBBDDDABACCCACAACAADCDACBADCCCDDBBCCCDAC,ABABCCADCCCDAABCBBBDDDABACCCACAAACADCDACABCDCCDDBBCCCDAC,,,2,1444,,,,,L_T1_GTR___standard,,,,,L_T1_GTR03_33000001/L_T1_GTR03_33000002/L_T1_GTR03_32100001,,,
49348,58,,,,,,,,,44,33,35,144334100000141530000000313300000007354433000000355415000000114115000000,,00001564,,,,,,,,28,5,0,8,8,1564,,4114335133351143444555141333131131153513415333554433,BAABCCDACCCDAABCBBBDDDABACCCACAACAADCDACBADCCCDDBBCC,ABABCCADCCCDAABCBBBDDDABACCCACAAACADCDACABCDCCDDBBCC,,,3,1564,,,,,L_T1_GTR___standard,,,,,L_T1_GTR03_33000001,,,,13,41,14,411511550000414533633000343353440007331141330000114350000000443360000000,,00001454,,,,,,,,30,11,0,10,10,1454,,4114335133351143444555141333131131153513415333554433351341,BAABCCDACCCDAABCBBBDDDABACCCACAACAADCDACBADCCCDDBBCCCDACBA,ABABCCADCCCDAABCBBBDDDABACCCACAAACADCDACABCDCCDDBBCCCDACAB,,,2,1454,,,,,L_T1_GTR___standard,,,,,L_T1_GTR03_33000001/L_T1_GTR03_33000002/L_T1_GTR03_32100001,,,
49358,59,,,,,,,,,33,35,13,144334100000141534400000313300000007354433000000355415000000114115000000,,00001571,,,,,,,,29,6,0,7,7,1571,,411433513335114344455514133313113115351341533355443335,BAABCCDACCCDAABCBBBDDDABACCCACAACAADCDACBADCCCDDBBCCCD,ABABCCADCCCDAABCBBBDDDABACCCACAAACADCDACABCDCCDDBBCCCD,,,3,1571,,,,,L_T1_GTR___standard,,,,,L_T1_GTR03_33000001,,,,13,41,14,411511550000414533633000343353440007331141330000114350000000443360000000,,00001454,,,,,,,,30,11,0,10,10,1454,,4114335133351143444555141333131131153513415333554433351341,BAABCCDACCCDAABCBBBDDDABACCCACAACAADCDACBADCCCDDBBCCCDACBA,ABABCCADCCCDAABCBBBDDDABACCCACAAACADCDACABCDCCDDBBCCCDACAB,,,2,1454,,,,,L_T1_GTR___standard,,,,,L_T1_GTR03_33000001/L_T1_GTR03_33000002/L_T1_GTR03_32100001,,,
49396,60,,,,,,,,,35,13,41,144334133000141534400000313300000007354433000000355415000000114115000000,,00001576,,,,,,,,30,7,0,5,5,1576,,41143351333511434445551413331311311535134153335544333513,BAABCCDACCCDAABCBBBDDDABACCCACAACAADCDACBADCCCDDBBCCCDAC,ABABCCADCCCDAABCBBBDDDABACCCACAAACADCDACABCDCCDDBBCCCDAC,,,3,1576,,,,,L_T1_GTR___standard,,,,,L_T1_GTR03_33000001,,,,13,41,14,411511550000414533633000343353440007331141330000114350000000443360000000,,00001454,,,,,,,,30,11,0,10,10,1454,,4114335133351143444555141333131131153513415333554433351341,BAABCCDACCCDAABCBBBDDDABACCCACAACAADCDACBADCCCDDBBCCCDACBA,ABABCCADCCCDAABCBBBDDDABACCCACAAACADCDACABCDCCDDBBCCCDACAB,,,2,1454,,,,,L_T1_GTR___standard,,,,,L_T1_GTR03_33000001/L_T1_GTR03_33000002/L_T1_GTR03_32100001,,,
49402,61,,,,,,,,,35,13,41,144334133000141534400000313300000007354433000000355415000000114115000000,,00001576,,,,,,,,30,7,0,5,5,1576,,41143351333511434445551413331311311535134153335544333513,BAABCCDACCCDAABCBBBDDDABACCCACAACAADCDACBADCCCDDBBCCCDAC,ABABCCADCCCDAABCBBBDDDABACCCACAAACADCDACABCDCCDDBBCCCDAC,,,3,1576,,,,,L_T1_GTR___standard,,,,,L_T1_GTR03_33000001,,,,41,14,44,411511551000414533633300343353440007331141330000114350000000443360000000,,00001458,,,,,,,,31,12,0,4,4,1458,,411433513335114344455514133313113115351341533355443335134114,BAABCCDACCCDAABCBBBDDDABACCCACAACAADCDACBADCCCDDBBCCCDACBAAB,ABABCCADCCCDAABCBBBDDDABACCCACAAACADCDACABCDCCDDBBCCCDACABAB,,,2,1458,,,,,L_T1_GTR___standard,,,,,L_T1_GTR03_33000001/L_T1_GTR03_33000002/L_T1_GTR03_32100001,,,
49432,62,,,,,,,,,13,41,14,144334133000141534400000313300000007354433530000355415000000114115000000,,00001582,,,,,,,,31,8,0,6,6,1582,,4114335133351143444555141333131131153513415333554433351341,BAABCCDACCCDAABCBBBDDDABACCCACAACAADCDACBADCCCDDBBCCCDACBA,ABABCCADCCCDAABCBBBDDDABACCCACAAACADCDACABCDCCDDBBCCCDACAB,,,3,1582,,,,,L_T1_GTR___standard,,,,,L_T1_GTR03_33000001,,,,41,14,44,411511551000414533633300343353440007331141330000114350000000443360000000,,00001458,,,,,,,,31,12,0,4,4,1458,,411433513335114344455514133313113115351341533355443335134114,BAABCCDACCCDAABCBBBDDDABACCCACAACAADCDACBADCCCDDBBCCCDACBAAB,ABABCCADCCCDAABCBBBDDDABACCCACAAACADCDACABCDCCDDBBCCCDACABAB,,,2,1458,,,,,L_T1_GTR___standard,,,,,L_T1_GTR03_33000001/L_T1_GTR03_33000002/L_T1_GTR03_32100001,,,
49460,63,,,,,,,,,13,41,14,144334133000141534400000313300000007354433530000355415000000114115000000,,00001582,,,,,,,,31,8,0,6,6,1582,,4114335133351143444555141333131131153513415333554433351341,BAABCCDACCCDAABCBBBDDDABACCCACAACAADCDACBADCCCDDBBCCCDACBA,ABABCCADCCCDAABCBBBDDDABACCCACAAACADCDACABCDCCDDBBCCCDACAB,,,3,1582,,,,,L_T1_GTR___standard,,,,,L_T1_GTR03_33000001,,,,14,44,15,411511551000414533633310343353444007331141330000114350000000443360000000,,00001461,,,,,,,,32,13,0,3,3,1461,,41143351333511434445551413331311311535134153335544333513411444,BAABCCDACCCDAABCBBBDDDABACCCACAACAADCDACBADCCCDDBBCCCDACBAABBB,ABABCCADCCCDAABCBBBDDDABACCCACAAACADCDACABCDCCDDBBCCCDACABABBB,,,2,1461,,,,,L_T1_GTR___standard,,,,,L_T1_GTR03_33000001/L_T1_GTR03_33000002/L_T1_GTR03_32100001,,,
49474,64,,,,,,,,,41,14,44,144334133000141534400000313313000007354433530000355415000000114115000000,,00001591,,,,,,,,32,9,0,9,9,1591,,411433513335114344455514133313113115351341533355443335134114,BAABCCDACCCDAABCBBBDDDABACCCACAACAADCDACBADCCCDDBBCCCDACBAAB,ABABCCADCCCDAABCBBBDDDABACCCACAAACADCDACABCDCCDDBBCCCDACABAB,,,3,1591,,,,,L_T1_GTR___standard,,,,,L_T1_GTR03_33000001,,,,14,44,15,411511551000414533633310343353444007331141330000114350000000443360000000,,00001461,,,,,,,,32,13,0,3,3,1461,,41143351333511434445551413331311311535134153335544333513411444,BAABCCDACCCDAABCBBBDDDABACCCACAACAADCDACBADCCCDDBBCCCDACBAABBB,ABABCCADCCCDAABCBBBDDDABACCCACAAACADCDACABCDCCDDBBCCCDACABABBB,,,2,1461,,,,,L_T1_GTR___standard,,,,,L_T1_GTR03_33000001/L_T1_GTR03_33000002/L_T1_GTR03_32100001,,,
49507,65,,,,,,,,,41,14,44,144334133000141534400000313313000007354433530000355415000000114115000000,,00001591,,,,,,,,32,9,0,9,9,1591,,411433513335114344455514133313113115351341533355443335134114,BAABCCDACCCDAABCBBBDDDABACCCACAACAADCDACBADCCCDDBBCCCDACBAAB,ABABCCADCCCDAABCBBBDDDABACCCACAAACADCDACABCDCCDDBBCCCDACABAB,,,3,1591,,,,,L_T1_GTR___standard,,,,,L_T1_GTR03_33000001,,,,44,15,13,411511500000414533633310343353444007331141330000114351000000443364000000,,00001469,,,,,,,,33,14,0,8,8,1469,,4114335133351143444555141333131131153513415333554433351341144415,BAABCCDACCCDAABCBBBDDDABACCCACAACAADCDACBADCCCDDBBCCCDACBAABBBAD,ABABCCADCCCDAABCBBBDDDABACCCACAAACADCDACABCDCCDDBBCCCDACABABBBAD,,,2,1469,,,,,L_T1_GTR___standard,,,,,L_T1_GTR03_33000001/L_T1_GTR03_33000002/L_T1_GTR03_32100001,,,
49510,66,,,,,,,,,14,44,15,144334133000141534400000313313140007354433530000355415000000114115000000,,00001597,,,,,,,,33,10,0,6,6,1597,,41143351333511434445551413331311311535134153335544333513411444,BAABCCDACCCDAABCBBBDDDABACCCACAACAADCDACBADCCCDDBBCCCDACBAABBB,ABABCCADCCCDAABCBBBDDDABACCCACAAACADCDACABCDCCDDBBCCCDACABABBB,,,3,1597,,,,,L_T1_GTR___standard,,,,,L_T1_GTR03_33000001,,,,44,15,13,411511500000414533633310343353444007331141330000114351000000443364000000,,00001469,,,,,,,,33,14,0,8,8,1469,,4114335133351143444555141333131131153513415333554433351341144415,BAABCCDACCCDAABCBBBDDDABACCCACAACAADCDACBADCCCDDBBCCCDACBAABBBAD,ABABCCADCCCDAABCBBBDDDABACCCACAAACADCDACABCDCCDDBBCCCDACABABBBAD,,,2,1469,,,,,L_T1_GTR___standard,,,,,L_T1_GTR03_33000001/L_T1_GTR03_33000002/L_T1_GTR03_32100001,,,
49550,67,,,,,,,,,14,44,15,144334133000141534400000313313140007354433530000355415000000114115000000,,00001597,,,,,,,,33,10,0,6,6,1597,,41143351333511434445551413331311311535134153335544333513411444,BAABCCDACCCDAABCBBBDDDABACCCACAACAADCDACBADCCCDDBBCCCDACBAABBB,ABABCCADCCCDAABCBBBDDDABACCCACAAACADCDACABCDCCDDBBCCCDACABABBB,,,3,1597,,,,,L_T1_GTR___standard,,,,,L_T1_GTR03_33000001,,,,15,13,15,411511551000414533633310343353444007331141330000114351000000443364440000,,00001475,,,,,,,,34,15,0,6,6,1475,,411433513335114344455514133313113115351341533355443335134114441513,BAABCCDACCCDAABCBBBDDDABACCCACAACAADCDACBADCCCDDBBCCCDACBAABBBADAC,ABABCCADCCCDAABCBBBDDDABACCCACAAACADCDACABCDCCDDBBCCCDACABABBBADAC,,,2,1475,,,,,L_T1_GTR___standard,,,,,L_T1_GTR03_33000001/L_T1_GTR03_33000002/L_T1_GTR03_32100001,,,
49552,68,,,,,,,,,44,15,13,144334133000141534414000313313140007354433530000355415000000114115000000,,00001603,,,,,,,,34,11,0,6,6,1603,,4114335133351143444555141333131131153513415333554433351341144415,BAABCCDACCCDAABCBBBDDDABACCCACAACAADCDACBADCCCDDBBCCCDACBAABBBAD,ABABCCADCCCDAABCBBBDDDABACCCACAAACADCDACABCDCCDDBBCCCDACABABBBAD,,,3,1603,,,,,L_T1_GTR___standard,,,,,L_T1_GTR03_33000001,,,,15,13,15,411511551000414533633310343353444007331141330000114351000000443364440000,,00001475,,,,,,,,34,15,0,6,6,1475,,411433513335114344455514133313113115351341533355443335134114441513,BAABCCDACCCDAABCBBBDDDABACCCACAACAADCDACBADCCCDDBBCCCDACBAABBBADAC,ABABCCADCCCDAABCBBBDDDABACCCACAAACADCDACABCDCCDDBBCCCDACABABBBADAC,,,2,1475,,,,,L_T1_GTR___standard,,,,,L_T1_GTR03_33000001/L_T1_GTR03_33000002/L_T1_GTR03_32100001,,,
49592,69,,,,,,,,,44,15,13,144334133000141534414000313313140007354433530000355415000000114115000000,,00001603,,,,,,,,34,11,0,6,6,1603,,4114335133351143444555141333131131153513415333554433351341144415,BAABCCDACCCDAABCBBBDDDABACCCACAACAADCDACBADCCCDDBBCCCDACBAABBBAD,ABABCCADCCCDAABCBBBDDDABACCCACAAACADCDACABCDCCDDBBCCCDACABABBBAD,,,3,1603,,,,,L_T1_GTR___standard,,,,,L_T1_GTR03_33000001,,,,13,15,44,411511551000414533633310343353444007331141330000114351150000443364440000,,00001482,,,,,,,,35,16,0,7,7,1482,,41143351333511434445551413331311311535134153335544333513411444151315,BAABCCDACCCDAABCBBBDDDABACCCACAACAADCDACBADCCCDDBBCCCDACBAABBBADACAD,ABABCCADCCCDAABCBBBDDDABACCCACAAACADCDACABCDCCDDBBCCCDACABABBBADACAD,,,2,1482,,,,,L_T1_GTR___standard,,,,,L_T1_GTR03_33000001/L_T1_GTR03_33000002/L_T1_GTR03_32100001,,,
49596,70,,,,,,,,,15,13,15,144334133000141534414000313313140007354433530000355415400000114115400000,,00001610,,,,,,,,35,12,0,7,7,1610,,411433513335114344455514133313113115351341533355443335134114441513,BAABCCDACCCDAABCBBBDDDABACCCACAACAADCDACBADCCCDDBBCCCDACBAABBBADAC,ABABCCADCCCDAABCBBBDDDABACCCACAAACADCDACABCDCCDDBBCCCDACABABBBADAC,,,3,1610,,,,,L_T1_GTR___standard,,,,,L_T1_GTR03_33000001,,,,13,15,44,411511551000414533633310343353444007331141330000114351150000443364440000,,00001482,,,,,,,,35,16,0,7,7,1482,,41143351333511434445551413331311311535134153335544333513411444151315,BAABCCDACCCDAABCBBBDDDABACCCACAACAADCDACBADCCCDDBBCCCDACBAABBBADACAD,ABABCCADCCCDAABCBBBDDDABACCCACAAACADCDACABCDCCDDBBCCCDACABABBBADACAD,,,2,1482,,,,,L_T1_GTR___standard,,,,,L_T1_GTR03_33000001/L_T1_GTR03_33000002/L_T1_GTR03_32100001,,,
49630,71,,,,,,,,,15,13,15,144334133000141534414000313313140007354433530000355415400000114115400000,,00001610,,,,,,,,35,12,0,7,7,1610,,411433513335114344455514133313113115351341533355443335134114441513,BAABCCDACCCDAABCBBBDDDABACCCACAACAADCDACBADCCCDDBBCCCDACBAABBBADAC,ABABCCADCCCDAABCBBBDDDABACCCACAAACADCDACABCDCCDDBBCCCDACABABBBADAC,,,3,1610,,,,,L_T1_GTR___standard,,,,,L_T1_GTR03_33000001,,,,15,44,45,411511551000414533633310343353444007331141333100114351150000443364440000,,00001486,,,,,,,,36,17,0,4,4,1486,,4114335133351143444555141333131131153513415333554433351341144415131544,BAABCCDACCCDAABCBBBDDDABACCCACAACAADCDACBADCCCDDBBCCCDACBAABBBADACADBB,ABABCCADCCCDAABCBBBDDDABACCCACAAACADCDACABCDCCDDBBCCCDACABABBBADACADBB,,,2,1486,,,,,L_T1_GTR___standard,,,,,L_T1_GTR03_33000001/L_T1_GTR03_33000002/L_T1_GTR03_32100001,,,
49635,72,,,,,,,,,13,15,44,144334133000141534414000313313140007354433530000355415451000114115400000,,00001615,,,,,,,,36,13,0,5,5,1615,,41143351333511434445551413331311311535134153335544333513411444151315,BAABCCDACCCDAABCBBBDDDABACCCACAACAADCDACBADCCCDDBBCCCDACBAABBBADACAD,ABABCCADCCCDAABCBBBDDDABACCCACAAACADCDACABCDCCDDBBCCCDACABABBBADACAD,,,3,1615,,,,,L_T1_GTR___standard,,,,,L_T1_GTR03_33000001,,,,15,44,45,411511551000414533633310343353444007331141333100114351150000443364440000,,00001486,,,,,,,,36,17,0,4,4,1486,,4114335133351143444555141333131131153513415333554433351341144415131544,BAABCCDACCCDAABCBBBDDDABACCCACAACAADCDACBADCCCDDBBCCCDACBAABBBADACADBB,ABABCCADCCCDAABCBBBDDDABACCCACAAACADCDACABCDCCDDBBCCCDACABABBBADACADBB,,,2,1486,,,,,L_T1_GTR___standard,,,,,L_T1_GTR03_33000001/L_T1_GTR03_33000002/L_T1_GTR03_32100001,,,
49666,73,,,,,,,,,13,15,44,144334133000141534414000313313140007354433530000355415451000114115400000,,00001615,,,,,,,,36,13,0,5,5,1615,,41143351333511434445551413331311311535134153335544333513411444151315,BAABCCDACCCDAABCBBBDDDABACCCACAACAADCDACBADCCCDDBBCCCDACBAABBBADACAD,ABABCCADCCCDAABCBBBDDDABACCCACAAACADCDACABCDCCDDBBCCCDACABABBBADACAD,,,3,1615,,,,,L_T1_GTR___standard,,,,,L_T1_GTR03_33000001,,,,44,45,41,411511551000414533633310343353444007331141333100114351155100443364440000,,00001490,,,,,,,,37,18,0,4,4,1490,,411433513335114344455514133313113115351341533355443335134114441513154445,BAABCCDACCCDAABCBBBDDDABACCCACAACAADCDACBADCCCDDBBCCCDACBAABBBADACADBBBD,ABABCCADCCCDAABCBBBDDDABACCCACAAACADCDACABCDCCDDBBCCCDACABABBBADACADBBBD,,,2,1490,,,,,L_T1_GTR___standard,,,,,L_T1_GTR03_33000001/L_T1_GTR03_33000002/L_T1_GTR03_32100001,,,
49670,74,,,,,,,,,15,44,45,144334133000141534414000313313140007354433531300355415451000114115400000,,00001620,,,,,,,,37,14,0,5,5,1620,,4114335133351143444555141333131131153513415333554433351341144415131544,BAABCCDACCCDAABCBBBDDDABACCCACAACAADCDACBADCCCDDBBCCCDACBAABBBADACADBB,ABABCCADCCCDAABCBBBDDDABACCCACAAACADCDACABCDCCDDBBCCCDACABABBBADACADBB,,,3,1620,,,,,L_T1_GTR___standard,,,,,L_T1_GTR03_33000001,,,,44,45,41,411511551000414533633310343353444007331141333100114351155100443364440000,,00001490,,,,,,,,37,18,0,4,4,1490,,411433513335114344455514133313113115351341533355443335134114441513154445,BAABCCDACCCDAABCBBBDDDABACCCACAACAADCDACBADCCCDDBBCCCDACBAABBBADACADBBBD,ABABCCADCCCDAABCBBBDDDABACCCACAAACADCDACABCDCCDDBBCCCDACABABBBADACADBBBD,,,2,1490,,,,,L_T1_GTR___standard,,,,,L_T1_GTR03_33000001/L_T1_GTR03_33000002/L_T1_GTR03_32100001,,,
49693,75,,,,,,,,,15,44,45,144334133000141534414000313313140007354433531300355415451000114115400000,,00001620,,,,,,,,37,14,0,5,5,1620,,4114335133351143444555141333131131153513415333554433351341144415131544,BAABCCDACCCDAABCBBBDDDABACCCACAACAADCDACBADCCCDDBBCCCDACBAABBBADACADBB,ABABCCADCCCDAABCBBBDDDABACCCACAAACADCDACABCDCCDDBBCCCDACABABBBADACADBB,,,3,1620,,,,,L_T1_GTR___standard,,,,,L_T1_GTR03_33000001,,,,,45,41,411511551000414533633310343353444007331141333100114351155100443364444400,,bb50abb2,,,,,,,,38,0,1,bb50abb2,100,1590,,411433513335114344455514133313113115351341533355443335134114441513154445,BAABCCDACCCDAABCBBBDDDABACCCACAACAADCDACBADCCCDDBBCCCDACBAABBBADACADBBBD,ABABCCADCCCDAABCBBBDDDABACCCACAAACADCDACABCDCCDDBBCCCDACABABBBADACADBBBD,,,2,1590,,,,,L_T1_GTR___standard,,,,,L_T1_GTR03_33000001/L_T1_GTR03_33000002/L_T1_GTR03_32100001,,,
49726,76,,,,,,,,,44,45,41,144334133000141534414500313313141007354433531300355415451000114115400000,,00001624,,,,,,,,38,15,0,4,4,1624,,411433513335114344455514133313113115351341533355443335134114441513154445,BAABCCDACCCDAABCBBBDDDABACCCACAACAADCDACBADCCCDDBBCCCDACBAABBBADACADBBBD,ABABCCADCCCDAABCBBBDDDABACCCACAAACADCDACABCDCCDDBBCCCDACABABBBADACADBBBD,,,3,1624,,,,,L_T1_GTR___standard,,,,,L_T1_GTR03_33000001,,,,,45,41,411511551000414533633310343353444007331141333100114351155100443364444400,,bb50abb2,,,,,,,,38,0,1,bb50abb2,100,1590,,411433513335114344455514133313113115351341533355443335134114441513154445,BAABCCDACCCDAABCBBBDDDABACCCACAACAADCDACBADCCCDDBBCCCDACBAABBBADACADBBBD,ABABCCADCCCDAABCBBBDDDABACCCACAAACADCDACABCDCCDDBBCCCDACABABBBADACADBBBD,,,2,1590,,,,,L_T1_GTR___standard,,,,,L_T1_GTR03_33000001/L_T1_GTR03_33000002/L_T1_GTR03_32100001,,,
49758,77,,,,,,,,,44,45,41,144334133000141534414500313313141007354433531300355415451000114115400000,,00001624,,,,,,,,38,15,0,4,4,1624,,411433513335114344455514133313113115351341533355443335134114441513154445,BAABCCDACCCDAABCBBBDDDABACCCACAACAADCDACBADCCCDDBBCCCDACBAABBBADACADBBBD,ABABCCADCCCDAABCBBBDDDABACCCACAAACADCDACABCDCCDDBBCCCDACABABBBADACADBBBD,,,3,1624,,,,,L_T1_GTR___standard,,,,,L_T1_GTR03_33000001,,,,45,41,14,411511551000414533633310343353444007331141333100114351155100443300000000,,00001594,,,,,,,,39,1,0,4,4,1594,,41143351333511434445551413331311311535134153335544333513411444151315444541,BAABCCDACCCDAABCBBBDDDABACCCACAACAADCDACBADCCCDDBBCCCDACBAABBBADACADBBBDBA,ABABCCADCCCDAABCBBBDDDABACCCACAAACADCDACABCDCCDDBBCCCDACABABBBADACADBBBDAB,,,2,1594,,,,,L_T1_GTR___standard,,,,,L_T1_GTR03_33000001/L_T1_GTR03_33000002/L_T1_GTR03_32100001,,,
49804,78,,,,,,,,,44,45,41,144334133000141534414500313313141007354433531300355415451000114115400000,,00001624,,,,,,,,38,15,0,4,4,1624,,411433513335114344455514133313113115351341533355443335134114441513154445,BAABCCDACCCDAABCBBBDDDABACCCACAACAADCDACBADCCCDDBBCCCDACBAABBBADACADBBBD,ABABCCADCCCDAABCBBBDDDABACCCACAAACADCDACABCDCCDDBBCCCDACABABBBADACADBBBD,,,3,1624,,,,,L_T1_GTR___standard,,,,,L_T1_GTR03_33000001,,,,41,14,15,411511551000414533633310343353444007331141333100114351155100443354000000,,00001602,,,,,,,,40,2,0,8,8,1602,,4114335133351143444555141333131131153513415333554433351341144415131544454114,BAABCCDACCCDAABCBBBDDDABACCCACAACAADCDACBADCCCDDBBCCCDACBAABBBADACADBBBDBAAB,ABABCCADCCCDAABCBBBDDDABACCCACAAACADCDACABCDCCDDBBCCCDACABABBBADACADBBBDABAB,,,2,1602,,,,,L_T1_GTR___standard,,,,,L_T1_GTR03_33000001/L_T1_GTR03_33000002/L_T1_GTR03_32100001,,,
49818,79,,,,,,,,,45,41,14,144334133440141534414560313313141007354433531360355415451000114115460000,,00001627,,,,,,,,39,16,0,3,3,1627,,41143351333511434445551413331311311535134153335544333513411444151315444541,BAABCCDACCCDAABCBBBDDDABACCCACAACAADCDACBADCCCDDBBCCCDACBAABBBADACADBBBDBA,ABABCCADCCCDAABCBBBDDDABACCCACAAACADCDACABCDCCDDBBCCCDACABABBBADACADBBBDAB,,,3,1627,,,,,L_T1_GTR___standard,,,,,L_T1_GTR03_33000001,,,,41,14,15,411511551000414533633310343353444007331141333100114351155100443354000000,,00001602,,,,,,,,40,2,0,8,8,1602,,4114335133351143444555141333131131153513415333554433351341144415131544454114,BAABCCDACCCDAABCBBBDDDABACCCACAACAADCDACBADCCCDDBBCCCDACBAABBBADACADBBBDBAAB,ABABCCADCCCDAABCBBBDDDABACCCACAAACADCDACABCDCCDDBBCCCDACABABBBADACADBBBDABAB,,,2,1602,,,,,L_T1_GTR___standard,,,,,L_T1_GTR03_33000001/L_T1_GTR03_33000002/L_T1_GTR03_32100001,,,
49848,80,,,,,,,,,45,41,14,144334133440141534414560313313141007354433531360355415451000114115460000,,00001627,,,,,,,,39,16,0,3,3,1627,,41143351333511434445551413331311311535134153335544333513411444151315444541,BAABCCDACCCDAABCBBBDDDABACCCACAACAADCDACBADCCCDDBBCCCDACBAABBBADACADBBBDBA,ABABCCADCCCDAABCBBBDDDABACCCACAAACADCDACABCDCCDDBBCCCDACABABBBADACADBBBDAB,,,3,1627,,,,,L_T1_GTR___standard,,,,,L_T1_GTR03_33000001,,,,14,15,45,411511551000414533633310343353444007331141333110114351155140443354000000,,00001605,,,,,,,,41,3,0,3,3,1605,,411433513335114344455514133313113115351341533355443335134114441513154445411415,BAABCCDACCCDAABCBBBDDDABACCCACAACAADCDACBADCCCDDBBCCCDACBAABBBADACADBBBDBAABAD,ABABCCADCCCDAABCBBBDDDABACCCACAAACADCDACABCDCCDDBBCCCDACABABBBADACADBBBDABABAD,,,2,1605,,,,,L_T1_GTR___standard,,,,,L_T1_GTR03_33000001/L_T1_GTR03_33000002/L_T1_GTR03_32100001,,,
49867,81,,,,,,,,,41,14,15,144334133444141534414565313313141007354433531360355415451000114115460000,,00001628,,,,,,,,40,17,0,1,1,1628,,4114335133351143444555141333131131153513415333554433351341144415131544454114,BAABCCDACCCDAABCBBBDDDABACCCACAACAADCDACBADCCCDDBBCCCDACBAABBBADACADBBBDBAAB,ABABCCADCCCDAABCBBBDDDABACCCACAAACADCDACABCDCCDDBBCCCDACABABBBADACADBBBDABAB,,,3,1628,,,,,L_T1_GTR___standard,,,,,L_T1_GTR03_33000001,,,,14,15,45,411511551000414533633310343353444007331141333110114351155140443354000000,,00001605,,,,,,,,41,3,0,3,3,1605,,411433513335114344455514133313113115351341533355443335134114441513154445411415,BAABCCDACCCDAABCBBBDDDABACCCACAACAADCDACBADCCCDDBBCCCDACBAABBBADACADBBBDBAABAD,ABABCCADCCCDAABCBBBDDDABACCCACAAACADCDACABCDCCDDBBCCCDACABABBBADACADBBBDABABAD,,,2,1605,,,,,L_T1_GTR___standard,,,,,L_T1_GTR03_33000001/L_T1_GTR03_33000002/L_T1_GTR03_32100001,,,
49873,82,,,,,,,,,41,14,15,144334133444141534414565313313141007354433531360355415451000114115460000,,00001628,,,,,,,,40,17,0,1,1,1628,,4114335133351143444555141333131131153513415333554433351341144415131544454114,BAABCCDACCCDAABCBBBDDDABACCCACAACAADCDACBADCCCDDBBCCCDACBAABBBADACADBBBDBAAB,ABABCCADCCCDAABCBBBDDDABACCCACAAACADCDACABCDCCDDBBCCCDACABABBBADACADBBBDABAB,,,3,1628,,,,,L_T1_GTR___standard,,,,,L_T1_GTR03_33000001,,,,,15,45,411511551000414533633310343353444417331141333110114351155140443354000000,,bb90abb5,,,,,,,,42,0,1,bb90abb5,450,2055,,411433513335114344455514133313113115351341533355443335134114441513154445411415,BAABCCDACCCDAABCBBBDDDABACCCACAACAADCDACBADCCCDDBBCCCDACBAABBBADACADBBBDBAABAD,ABABCCADCCCDAABCBBBDDDABACCCACAAACADCDACABCDCCDDBBCCCDACABABBBADACADBBBDABABAD,,,2,2055,,,,,L_T1_GTR___standard,,,,,L_T1_GTR03_33000001/L_T1_GTR03_33000002/L_T1_GTR03_32100001,,,
49899,83,,,,,,,,,,14,15,144334133444141534414565313313141007354433531360355415451000114115461400,,bb40abb1,,,,,,,,41,0,1,bb40abb1,40,1668,,4114335133351143444555141333131131153513415333554433351341144415131544454114,BAABCCDACCCDAABCBBBDDDABACCCACAACAADCDACBADCCCDDBBCCCDACBAABBBADACADBBBDBAAB,ABABCCADCCCDAABCBBBDDDABACCCACAAACADCDACABCDCCDDBBCCCDACABABBBADACADBBBDABAB,,,3,1668,,,,,L_T1_GTR___standard,,,,,L_T1_GTR03_33000001,,,,,15,45,411511551000414533633310343353444417331141333110114351155140443354000000,,bb90abb5,,,,,,,,42,0,1,bb90abb5,450,2055,,411433513335114344455514133313113115351341533355443335134114441513154445411415,BAABCCDACCCDAABCBBBDDDABACCCACAACAADCDACBADCCCDDBBCCCDACBAABBBADACADBBBDBAABAD,ABABCCADCCCDAABCBBBDDDABACCCACAAACADCDACABCDCCDDBBCCCDACABABBBADACADBBBDABABAD,,,2,2055,,,,,L_T1_GTR___standard,,,,,L_T1_GTR03_33000001/L_T1_GTR03_33000002/L_T1_GTR03_32100001,,,
49951,84,,,,,,,,,,14,15,144334133444141534414565313313141007354433531360355415451000114115461400,,bb40abb1,,,,,,,,41,0,1,bb40abb1,40,1668,,4114335133351143444555141333131131153513415333554433351341144415131544454114,BAABCCDACCCDAABCBBBDDDABACCCACAACAADCDACBADCCCDDBBCCCDACBAABBBADACADBBBDBAAB,ABABCCADCCCDAABCBBBDDDABACCCACAAACADCDACABCDCCDDBBCCCDACABABBBADACADBBBDABAB,,,3,1668,,,,,L_T1_GTR___standard,,,,,L_T1_GTR03_33000001,,,,,15,45,411511551000414533333000343353000007331141333000114351155400443354000000,,bb60ab11,,,,,,,,43,0,2,bb60ab11,660,2715,,411433513335114344455514133313113115351341533355443335134114441513154445411415,BAABCCDACCCDAABCBBBDDDABACCCACAACAADCDACBADCCCDDBBCCCDACBAABBBADACADBBBDBAABAD,ABABCCADCCCDAABCBBBDDDABACCCACAAACADCDACABCDCCDDBBCCCDACABABBBADACADBBBDABABAD,,,2,2715,,,,,L_T1_GTR___standard,,,,,L_T1_GTR03_33000001/L_T1_GTR03_33000002/L_T1_GTR03_32100001,,,
49990,85,,,,,,,,,14,15,45,144334133444141534414565313313140007354433533600355415450000114115440000,,00001672,,,,,,,,42,1,0,4,4,1672,,411433513335114344455514133313113115351341533355443335134114441513154445411415,BAABCCDACCCDAABCBBBDDDABACCCACAACAADCDACBADCCCDDBBCCCDACBAABBBADACADBBBDBAABAD,ABABCCADCCCDAABCBBBDDDABACCCACAAACADCDACABCDCCDDBBCCCDACABABBBADACADBBBDABABAD,,,3,1672,,,,,L_T1_GTR___standard,,,,,L_T1_GTR03_33000001,,,,,15,45,411511551000414533333000343353000007331141333000114351155400443354000000,,bb60ab11,,,,,,,,43,0,2,bb60ab11,660,2715,,411433513335114344455514133313113115351341533355443335134114441513154445411415,BAABCCDACCCDAABCBBBDDDABACCCACAACAADCDACBADCCCDDBBCCCDACBAABBBADACADBBBDBAABAD,ABABCCADCCCDAABCBBBDDDABACCCACAAACADCDACABCDCCDDBBCCCDACABABBBADACADBBBDABABAD,,,2,2715,,,,,L_T1_GTR___standard,,,,,L_T1_GTR03_33000001/L_T1_GTR03_33000002/L_T1_GTR03_32100001,,,
50016,86,,,,,,,,,14,15,45,144334133444141534414565313313140007354433533600355415450000114115440000,,00001672,,,,,,,,42,1,0,4,4,1672,,411433513335114344455514133313113115351341533355443335134114441513154445411415,BAABCCDACCCDAABCBBBDDDABACCCACAACAADCDACBADCCCDDBBCCCDACBAABBBADACADBBBDBAABAD,ABABCCADCCCDAABCBBBDDDABACCCACAAACADCDACABCDCCDDBBCCCDACABABBBADACADBBBDABABAD,,,3,1672,,,,,L_T1_GTR___standard,,,,,L_T1_GTR03_33000001,,,,15,45,44,411511551000414500000000343350000007331141333000114351155400443354000000,,00002718,,,,,,,,44,1,0,3,3,2718,,41143351333511434445551413331311311535134153335544333513411444151315444541141545,BAABCCDACCCDAABCBBBDDDABACCCACAACAADCDACBADCCCDDBBCCCDACBAABBBADACADBBBDBAABADBD,ABABCCADCCCDAABCBBBDDDABACCCACAAACADCDACABCDCCDDBBCCCDACABABBBADACADBBBDABABADBD,,,2,2718,,,,,L_T1_GTR___standard,,,,,L_T1_GTR03_33000001/L_T1_GTR03_33000002/L_T1_GTR03_32100001,,,
50027,87,,,,,,,,,,15,45,144334133444141534414565313313140007354433533600355415450000114115444100,,bb40abb1,,,,,,,,43,0,1,bb40abb1,40,1712,,411433513335114344455514133313113115351341533355443335134114441513154445411415,BAABCCDACCCDAABCBBBDDDABACCCACAACAADCDACBADCCCDDBBCCCDACBAABBBADACADBBBDBAABAD,ABABCCADCCCDAABCBBBDDDABACCCACAAACADCDACABCDCCDDBBCCCDACABABBBADACADBBBDABABAD,,,3,1712,,,,,L_T1_GTR___standard,,,,,L_T1_GTR03_33000001,,,,15,45,44,411511551000414500000000343350000007331141333000114351155400443354000000,,00002718,,,,,,,,44,1,0,3,3,2718,,41143351333511434445551413331311311535134153335544333513411444151315444541141545,BAABCCDACCCDAABCBBBDDDABACCCACAACAADCDACBADCCCDDBBCCCDACBAABBBADACADBBBDBAABADBD,ABABCCADCCCDAABCBBBDDDABACCCACAAACADCDACABCDCCDDBBCCCDACABABBBADACADBBBDABABADBD,,,2,2718,,,,,L_T1_GTR___standard,,,,,L_T1_GTR03_33000001/L_T1_GTR03_33000002/L_T1_GTR03_32100001,,,
50068,88,,,,,,,,,,15,45,144334133444141534414565313313140007354433533600355415450000114115444100,,bb40abb1,,,,,,,,43,0,1,bb40abb1,40,1712,,411433513335114344455514133313113115351341533355443335134114441513154445411415,BAABCCDACCCDAABCBBBDDDABACCCACAACAADCDACBADCCCDDBBCCCDACBAABBBADACADBBBDBAABAD,ABABCCADCCCDAABCBBBDDDABACCCACAAACADCDACABCDCCDDBBCCCDACABABBBADACADBBBDABABAD,,,3,1712,,,,,L_T1_GTR___standard,,,,,L_T1_GTR03_33000001,,,,45,44,11,411511551000414515000000343350000007331141333000114351155400443354000000,,00002727,,,,,,,,45,2,0,9,9,2727,,4114335133351143444555141333131131153513415333554433351341144415131544454114154544,BAABCCDACCCDAABCBBBDDDABACCCACAACAADCDACBADCCCDDBBCCCDACBAABBBADACADBBBDBAABADBDBB,ABABCCADCCCDAABCBBBDDDABACCCACAAACADCDACABCDCCDDBBCCCDACABABBBADACADBBBDABABADBDBB,,,2,2727,,,,,L_T1_GTR___standard,,,,,L_T1_GTR03_33000001/L_T1_GTR03_33000002/L_T1_GTR03_32100001,,,
50106,89,,,,,,,,,,15,45,144334133444141534414565313313140007354433533600355415450000114115444100,,bb40abb1,,,,,,,,43,0,1,bb40abb1,40,1712,,411433513335114344455514133313113115351341533355443335134114441513154445411415,BAABCCDACCCDAABCBBBDDDABACCCACAACAADCDACBADCCCDDBBCCCDACBAABBBADACADBBBDBAABAD,ABABCCADCCCDAABCBBBDDDABACCCACAAACADCDACABCDCCDDBBCCCDACABABBBADACADBBBDABABAD,,,3,1712,,,,,L_T1_GTR___standard,,,,,L_T1_GTR03_33000001,,,,44,11,33,411511551000414515000000343355400007331141333000114351155400443354000000,,00002734,,,,,,,,46,3,0,7,7,2734,,411433513335114344455514133313113115351341533355443335134114441513154445411415454411,BAABCCDACCCDAABCBBBDDDABACCCACAACAADCDACBADCCCDDBBCCCDACBAABBBADACADBBBDBAABADBDBBAA,ABABCCADCCCDAABCBBBDDDABACCCACAAACADCDACABCDCCDDBBCCCDACABABBBADACADBBBDABABADBDBBAA,,,2,2734,,,,,L_T1_GTR___standard,,,,,L_T1_GTR03_33000001/L_T1_GTR03_33000002/L_T1_GTR03_32100001,,,
50109,90,,,,,,,,,,15,45,144334133444141534414565313313140007354433533600355415500000114115100000,,bb40abb8,,,,,,,,44,0,2,bb40abb8,320,2032,,411433513335114344455514133313113115351341533355443335134114441513154445411415,BAABCCDACCCDAABCBBBDDDABACCCACAACAADCDACBADCCCDDBBCCCDACBAABBBADACADBBBDBAABAD,ABABCCADCCCDAABCBBBDDDABACCCACAAACADCDACABCDCCDDBBCCCDACABABBBADACADBBBDABABAD,,,3,2032,,,,,L_T1_GTR___standard,,,,,L_T1_GTR03_33000001,,,,44,11,33,411511551000414515000000343355400007331141333000114351155400443354000000,,00002734,,,,,,,,46,3,0,7,7,2734,,411433513335114344455514133313113115351341533355443335134114441513154445411415454411,BAABCCDACCCDAABCBBBDDDABACCCACAACAADCDACBADCCCDDBBCCCDACBAABBBADACADBBBDBAABADBDBBAA,ABABCCADCCCDAABCBBBDDDABACCCACAAACADCDACABCDCCDDBBCCCDACABABBBADACADBBBDABABADBDBBAA,,,2,2734,,,,,L_T1_GTR___standard,,,,,L_T1_GTR03_33000001/L_T1_GTR03_33000002/L_T1_GTR03_32100001,,,
50144,91,,,,,,,,,,15,45,144334133444141534414565313313140007354433533600355415500000114115100000,,bb40abb8,,,,,,,,44,0,2,bb40abb8,320,2032,,411433513335114344455514133313113115351341533355443335134114441513154445411415,BAABCCDACCCDAABCBBBDDDABACCCACAACAADCDACBADCCCDDBBCCCDACBAABBBADACADBBBDBAABAD,ABABCCADCCCDAABCBBBDDDABACCCACAAACADCDACABCDCCDDBBCCCDACABABBBADACADBBBDABABAD,,,3,2032,,,,,L_T1_GTR___standard,,,,,L_T1_GTR03_33000001,,,,11,33,35,411511551000414515440000343355400007331141333000114351155400443354000000,,00002740,,,,,,,,47,4,0,6,6,2740,,41143351333511434445551413331311311535134153335544333513411444151315444541141545441133,BAABCCDACCCDAABCBBBDDDABACCCACAACAADCDACBADCCCDDBBCCCDACBAABBBADACADBBBDBAABADBDBBAACC,ABABCCADCCCDAABCBBBDDDABACCCACAAACADCDACABCDCCDDBBCCCDACABABBBADACADBBBDABABADBDBBAACC,,,2,2740,,,,,L_T1_GTR___standard,,,,,L_T1_GTR03_33000001/L_T1_GTR03_33000002/L_T1_GTR03_32100001,,,
50188,92,,,,,,,,,,15,45,144334133444141534414565313313140007354433533600355415500000114115100000,,bb40abb8,,,,,,,,44,0,2,bb40abb8,320,2032,,411433513335114344455514133313113115351341533355443335134114441513154445411415,BAABCCDACCCDAABCBBBDDDABACCCACAACAADCDACBADCCCDDBBCCCDACBAABBBADACADBBBDBAABAD,ABABCCADCCCDAABCBBBDDDABACCCACAAACADCDACABCDCCDDBBCCCDACABABBBADACADBBBDABABAD,,,3,2032,,,,,L_T1_GTR___standard,,,,,L_T1_GTR03_33000001,,,,33,35,31,411511551000414515440000343355400007331141333110114351155400443354000000,,00002743,,,,,,,,48,5,0,3,3,2743,,4114335133351143444555141333131131153513415333554433351341144415131544454114154544113335,BAABCCDACCCDAABCBBBDDDABACCCACAACAADCDACBADCCCDDBBCCCDACBAABBBADACADBBBDBAABADBDBBAACCCD,ABABCCADCCCDAABCBBBDDDABACCCACAAACADCDACABCDCCDDBBCCCDACABABBBADACADBBBDABABADBDBBAACCCD,,,2,2743,,,,,L_T1_GTR___standard,,,,,L_T1_GTR03_33000001/L_T1_GTR03_33000002/L_T1_GTR03_32100001,,,
50189,93,,,,,,,,,,15,45,144334133444141534414565313313140007354433336000355410000000114111000000,,bb90ab21,,,,,,,,45,0,3,bb90ab21,1890,3922,,411433513335114344455514133313113115351341533355443335134114441513154445411415,BAABCCDACCCDAABCBBBDDDABACCCACAACAADCDACBADCCCDDBBCCCDACBAABBBADACADBBBDBAABAD,ABABCCADCCCDAABCBBBDDDABACCCACAAACADCDACABCDCCDDBBCCCDACABABBBADACADBBBDABABAD,,,3,3922,,,,,L_T1_GTR___standard,,,,,L_T1_GTR03_33000001,,,,33,35,31,411511551000414515440000343355400007331141333110114351155400443354000000,,00002743,,,,,,,,48,5,0,3,3,2743,,4114335133351143444555141333131131153513415333554433351341144415131544454114154544113335,BAABCCDACCCDAABCBBBDDDABACCCACAACAADCDACBADCCCDDBBCCCDACBAABBBADACADBBBDBAABADBDBBAACCCD,ABABCCADCCCDAABCBBBDDDABACCCACAAACADCDACABCDCCDDBBCCCDACABABBBADACADBBBDABABADBDBBAACCCD,,,2,2743,,,,,L_T1_GTR___standard,,,,,L_T1_GTR03_33000001/L_T1_GTR03_33000002/L_T1_GTR03_32100001,,,
50247,94,,,,,,,,,,15,45,144334133444141534414565313313140007354433336000355410000000114111000000,,bb90ab21,,,,,,,,45,0,3,bb90ab21,1890,3922,,411433513335114344455514133313113115351341533355443335134114441513154445411415,BAABCCDACCCDAABCBBBDDDABACCCACAACAADCDACBADCCCDDBBCCCDACBAABBBADACADBBBDBAABAD,ABABCCADCCCDAABCBBBDDDABACCCACAAACADCDACABCDCCDDBBCCCDACABABBBADACADBBBDABABAD,,,3,3922,,,,,L_T1_GTR___standard,,,,,L_T1_GTR03_33000001,,,,,35,31,411511551000414515440000343355433007331141333110114351155400443354000000,,bb50abb2,,,,,,,,49,0,1,bb50abb2,100,2843,,4114335133351143444555141333131131153513415333554433351341144415131544454114154544113335,BAABCCDACCCDAABCBBBDDDABACCCACAACAADCDACBADCCCDDBBCCCDACBAABBBADACADBBBDBAABADBDBBAACCCD,ABABCCADCCCDAABCBBBDDDABACCCACAAACADCDACABCDCCDDBBCCCDACABABBBADACADBBBDABABADBDBBAACCCD,,,2,2843,,,,,L_T1_GTR___standard,,,,,L_T1_GTR03_33000001/L_T1_GTR03_33000002/L_T1_GTR03_32100001,,,
50273,95,,,,,,,,,,15,45,144334133444141534414565313311400007354400000000355400000000114000000000,,bb40ab32,,,,,,,,46,0,4,bb40ab32,1280,5202,,411433513335114344455514133313113115351341533355443335134114441513154445411415,BAABCCDACCCDAABCBBBDDDABACCCACAACAADCDACBADCCCDDBBCCCDACBAABBBADACADBBBDBAABAD,ABABCCADCCCDAABCBBBDDDABACCCACAAACADCDACABCDCCDDBBCCCDACABABBBADACADBBBDABABAD,,,4,5202,,,,,L_T1_GTR___standard,,,,,L_T1_GTR03_33000001,,,,,35,31,411511551000414515440000343355433007331141333110114351155400443354000000,,bb50abb2,,,,,,,,49,0,1,bb50abb2,100,2843,,4114335133351143444555141333131131153513415333554433351341144415131544454114154544113335,BAABCCDACCCDAABCBBBDDDABACCCACAACAADCDACBADCCCDDBBCCCDACBAABBBADACADBBBDBAABADBDBBAACCCD,ABABCCADCCCDAABCBBBDDDABACCCACAAACADCDACABCDCCDDBBCCCDACABABBBADACADBBBDABABADBDBBAACCCD,,,2,2843,,,,,L_T1_GTR___standard,,,,,L_T1_GTR03_33000001/L_T1_GTR03_33000002/L_T1_GTR03_32100001,,,
50331,96,,,,,,,,,,15,45,144334133444141534414565313311400007354400000000355400000000114000000000,,bb40ab32,,,,,,,,46,0,4,bb40ab32,1280,5202,,411433513335114344455514133313113115351341533355443335134114441513154445411415,BAABCCDACCCDAABCBBBDDDABACCCACAACAADCDACBADCCCDDBBCCCDACBAABBBADACADBBBDBAABAD,ABABCCADCCCDAABCBBBDDDABACCCACAAACADCDACABCDCCDDBBCCCDACABABBBADACADBBBDABABAD,,,4,5202,,,,,L_T1_GTR___standard,,,,,L_T1_GTR03_33000001,,,,,35,31,411511551000414515440000343355400007331141110000114351155400443354000000,,bb50ab10,,,,,,,,50,0,2,bb50ab10,500,3343,,4114335133351143444555141333131131153513415333554433351341144415131544454114154544113335,BAABCCDACCCDAABCBBBDDDABACCCACAACAADCDACBADCCCDDBBCCCDACBAABBBADACADBBBDBAABADBDBBAACCCD,ABABCCADCCCDAABCBBBDDDABACCCACAAACADCDACABCDCCDDBBCCCDACABABBBADACADBBBDABABADBDBBAACCCD,,,2,3343,,,,,L_T1_GTR___standard,,,,,L_T1_GTR03_33000001/L_T1_GTR03_33000002/L_T1_GTR03_32100001,,,
50355,97,,,,,,,,,,15,45,144331334440141531456500313311000007354400000000355400000000114000000000,,bb40ab64,,,,,,,,47,0,5,bb40ab64,2560,7762,,411433513335114344455514133313113115351341533355443335134114441513154445411415,BAABCCDACCCDAABCBBBDDDABACCCACAACAADCDACBADCCCDDBBCCCDACBAABBBADACADBBBDBAABAD,ABABCCADCCCDAABCBBBDDDABACCCACAAACADCDACABCDCCDDBBCCCDACABABBBADACADBBBDABABAD,,,5,7762,,,,,L_T1_GTR___standard,,,,,L_T1_GTR03_33000001,,,,,35,31,411511551000414515440000343355400007331141110000114351155400443354000000,,bb50ab10,,,,,,,,50,0,2,bb50ab10,500,3343,,4114335133351143444555141333131131153513415333554433351341144415131544454114154544113335,BAABCCDACCCDAABCBBBDDDABACCCACAACAADCDACBADCCCDDBBCCCDACBAABBBADACADBBBDBAABADBDBBAACCCD,ABABCCADCCCDAABCBBBDDDABACCCACAAACADCDACABCDCCDDBBCCCDACABABBBADACADBBBDABABADBDBBAACCCD,,,2,3343,,,,,L_T1_GTR___standard,,,,,L_T1_GTR03_33000001/L_T1_GTR03_33000002/L_T1_GTR03_32100001,,,
50413,98,,,,,,,,,,15,45,144331334440141531456500313311000007354400000000355400000000114000000000,,bb40ab64,,,,,,,,47,0,5,bb40ab64,2560,7762,,411433513335114344455514133313113115351341533355443335134114441513154445411415,BAABCCDACCCDAABCBBBDDDABACCCACAACAADCDACBADCCCDDBBCCCDACBAABBBADACADBBBDBAABAD,ABABCCADCCCDAABCBBBDDDABACCCACAAACADCDACABCDCCDDBBCCCDACABABBBADACADBBBDABABAD,,,5,7762,,,,,L_T1_GTR___standard,,,,,L_T1_GTR03_33000001,,,,,35,31,411511551000414515440000343355400007331140000000114355540000443354000000,,bb40ab16,,,,,,,,51,0,3,bb40ab16,640,3983,,4114335133351143444555141333131131153513415333554433351341144415131544454114154544113335,BAABCCDACCCDAABCBBBDDDABACCCACAACAADCDACBADCCCDDBBCCCDACBAABBBADACADBBBDBAABADBDBBAACCCD,ABABCCADCCCDAABCBBBDDDABACCCACAAACADCDACABCDCCDDBBCCCDACABABBBADACADBBBDABABADBDBBAACCCD,,,3,3983,,,,,L_T1_GTR___standard,,,,,L_T1_GTR03_33000001/L_T1_GTR03_33000002/L_T1_GTR03_32100001,,,
50433,99,,,,,,,,,,15,45,144333344400141534565000313300000007354400000000355400000000114000000000,,bb50ab98,,,,,,,,48,0,6,bb50ab98,4900,12662,,411433513335114344455514133313113115351341533355443335134114441513154445411415,BAABCCDACCCDAABCBBBDDDABACCCACAACAADCDACBADCCCDDBBCCCDACBAABBBADACADBBBDBAABAD,ABABCCADCCCDAABCBBBDDDABACCCACAAACADCDACABCDCCDDBBCCCDACABABBBADACADBBBDABABAD,,,6,12662,,,,,L_T1_GTR___standard,,,,,L_T1_GTR03_33000001,,,,,35,31,411511551000414515440000343355400007331140000000114355540000443354000000,,bb40ab16,,,,,,,,51,0,3,bb40ab16,640,3983,,4114335133351143444555141333131131153513415333554433351341144415131544454114154544113335,BAABCCDACCCDAABCBBBDDDABACCCACAACAADCDACBADCCCDDBBCCCDACBAABBBADACADBBBDBAABADBDBBAACCCD,ABABCCADCCCDAABCBBBDDDABACCCACAAACADCDACABCDCCDDBBCCCDACABABBBADACADBBBDABABADBDBBAACCCD,,,3,3983,,,,,L_T1_GTR___standard,,,,,L_T1_GTR03_33000001/L_T1_GTR03_33000002/L_T1_GTR03_32100001,,,
50506,100,,,,,,,,,,15,45,144333344400141534565000313300000007354400000000355400000000114000000000,,bb50ab98,,,,,,,,48,0,6,bb50ab98,4900,12662,,411433513335114344455514133313113115351341533355443335134114441513154445411415,BAABCCDACCCDAABCBBBDDDABACCCACAACAADCDACBADCCCDDBBCCCDACBAABBBADACADBBBDBAABAD,ABABCCADCCCDAABCBBBDDDABACCCACAAACADCDACABCDCCDDBBCCCDACABABBBADACADBBBDABABAD,,,6,12662,,,,,L_T1_GTR___standard,,,,,L_T1_GTR03_33000001,,,,35,31,35,411511551000414515440000343355400007331140000000114340000000443340000000,,00003987,,,,,,,,52,1,0,4,4,3987,,411433513335114344455514133313113115351341533355443335134114441513154445411415454411333531,BAABCCDACCCDAABCBBBDDDABACCCACAACAADCDACBADCCCDDBBCCCDACBAABBBADACADBBBDBAABADBDBBAACCCDCA,ABABCCADCCCDAABCBBBDDDABACCCACAAACADCDACABCDCCDDBBCCCDACABABBBADACADBBBDABABADBDBBAACCCDAC,,,3,3987,,,,,L_T1_GTR___standard,,,,,L_T1_GTR03_33000001/L_T1_GTR03_33000002/L_T1_GTR03_32100001,,,
50523,101,,,,,,,,,,15,45,144444000000141545650000313300000007354400000000355400000000114000000000,,bb70a132,,,,,,,,49,0,7,bb70a132,9240,21902,,411433513335114344455514133313113115351341533355443335134114441513154445411415,BAABCCDACCCDAABCBBBDDDABACCCACAACAADCDACBADCCCDDBBCCCDACBAABBBADACADBBBDBAABAD,ABABCCADCCCDAABCBBBDDDABACCCACAAACADCDACABCDCCDDBBCCCDACABABBBADACADBBBDABABAD,,,7,21902,,,,,,,,,,,,,,35,31,35,411511551000414515440000343355400007331140000000114340000000443340000000,,00003987,,,,,,,,52,1,0,4,4,3987,,411433513335114344455514133313113115351341533355443335134114441513154445411415454411333531,BAABCCDACCCDAABCBBBDDDABACCCACAACAADCDACBADCCCDDBBCCCDACBAABBBADACADBBBDBAABADBDBBAACCCDCA,ABABCCADCCCDAABCBBBDDDABACCCACAAACADCDACABCDCCDDBBCCCDACABABBBADACADBBBDABABADBDBBAACCCDAC,,,3,3987,,,,,L_T1_GTR___standard,,,,,L_T1_GTR03_33000001/L_T1_GTR03_33000002/L_T1_GTR03_32100001,,,
50552,102,,,,,,,,,,15,45,144444000000141545650000313300000007354400000000355400000000114000000000,,bb70a132,,,,,,,,49,0,7,bb70a132,9240,21902,,411433513335114344455514133313113115351341533355443335134114441513154445411415,BAABCCDACCCDAABCBBBDDDABACCCACAACAADCDACBADCCCDDBBCCCDACBAABBBADACADBBBDBAABAD,ABABCCADCCCDAABCBBBDDDABACCCACAAACADCDACABCDCCDDBBCCCDACABABBBADACADBBBDABABAD,,,7,21902,,,,,,,,,,,,,,31,35,43,411511551000414515440000343355400007331143000000114345000000443340000000,,00003995,,,,,,,,53,2,0,8,8,3995,,41143351333511434445551413331311311535134153335544333513411444151315444541141545441133353135,BAABCCDACCCDAABCBBBDDDABACCCACAACAADCDACBADCCCDDBBCCCDACBAABBBADACADBBBDBAABADBDBBAACCCDCACD,ABABCCADCCCDAABCBBBDDDABACCCACAAACADCDACABCDCCDDBBCCCDACABABBBADACADBBBDABABADBDBBAACCCDACCD,,,3,3995,,,,,L_T1_GTR___standard,,,,,L_T1_GTR03_33000001/L_T1_GTR03_33000002/L_T1_GTR03_32100001,,,
50590,103,,,,,,,,,,15,45,144444000000141545650000313300000007354400000000355400000000114000000000,,bb70a132,,,,,,,,49,0,7,bb70a132,9240,21902,,411433513335114344455514133313113115351341533355443335134114441513154445411415,BAABCCDACCCDAABCBBBDDDABACCCACAACAADCDACBADCCCDDBBCCCDACBAABBBADACADBBBDBAABAD,ABABCCADCCCDAABCBBBDDDABACCCACAAACADCDACABCDCCDDBBCCCDACABABBBADACADBBBDABABAD,,,7,21902,,,,,,,,,,,,,,35,43,44,411511551000414515440000343355400007331143130000114345000000443340000000,,00004001,,,,,,,,54,3,0,6,6,4001,,4114335133351143444555141333131131153513415333554433351341144415131544454114154544113335313543,BAABCCDACCCDAABCBBBDDDABACCCACAACAADCDACBADCCCDDBBCCCDACBAABBBADACADBBBDBAABADBDBBAACCCDCACDBC,ABABCCADCCCDAABCBBBDDDABACCCACAAACADCDACABCDCCDDBBCCCDACABABBBADACADBBBDABABADBDBBAACCCDACCDBC,,,3,4001,,,,,L_T1_GTR___standard,,,,,L_T1_GTR03_33000001/L_T1_GTR03_33000002/L_T1_GTR03_32100001,,,
50605,104,,,,,,,,,,15,45,100000000000115565000000313300000007354400000000355400000000114000000000,,bb40a160,,,,,,,,50,0,8,bb40a160,6400,28302,,411433513335114344455514133313113115351341533355443335134114441513154445411415,BAABCCDACCCDAABCBBBDDDABACCCACAACAADCDACBADCCCDDBBCCCDACBAABBBADACADBBBDBAABAD,ABABCCADCCCDAABCBBBDDDABACCCACAAACADCDACABCDCCDDBBCCCDACABABBBADACADBBBDABABAD,,,8,28302,,,,,,,,,,,,,,35,43,44,411511551000414515440000343355400007331143130000114345000000443340000000,,00004001,,,,,,,,54,3,0,6,6,4001,,4114335133351143444555141333131131153513415333554433351341144415131544454114154544113335313543,BAABCCDACCCDAABCBBBDDDABACCCACAACAADCDACBADCCCDDBBCCCDACBAABBBADACADBBBDBAABADBDBBAACCCDCACDBC,ABABCCADCCCDAABCBBBDDDABACCCACAAACADCDACABCDCCDDBBCCCDACABABBBADACADBBBDABABADBDBBAACCCDACCDBC,,,3,4001,,,,,L_T1_GTR___standard,,,,,L_T1_GTR03_33000001/L_T1_GTR03_33000002/L_T1_GTR03_32100001,,,
50630,105,,,,,,,,,,15,45,100000000000115565000000313300000007354400000000355400000000114000000000,,bb40a160,,,,,,,,50,0,8,bb40a160,6400,28302,,411433513335114344455514133313113115351341533355443335134114441513154445411415,BAABCCDACCCDAABCBBBDDDABACCCACAACAADCDACBADCCCDDBBCCCDACBAABBBADACADBBBDBAABAD,ABABCCADCCCDAABCBBBDDDABACCCACAAACADCDACABCDCCDDBBCCCDACABABBBADACADBBBDABABAD,,,8,28302,,,,,,,,,,,,,,43,44,41,411511551000414515440000343355400007331143130000114345530000443340000000,,00004007,,,,,,,,55,4,0,6,6,4007,,411433513335114344455514133313113115351341533355443335134114441513154445411415454411333531354344,BAABCCDACCCDAABCBBBDDDABACCCACAACAADCDACBADCCCDDBBCCCDACBAABBBADACADBBBDBAABADBDBBAACCCDCACDBCBB,ABABCCADCCCDAABCBBBDDDABACCCACAAACADCDACABCDCCDDBBCCCDACABABBBADACADBBBDABABADBDBBAACCCDACCDBCBB,,,3,4007,,,,,L_T1_GTR___standard,,,,,L_T1_GTR03_33000001/L_T1_GTR03_33000002/L_T1_GTR03_32100001,,,
50664,106,,,,,,,,,,15,45,100000000000115565000000313300000007354400000000355400000000114000000000,,bb40a160,,,,,,,,50,0,8,bb40a160,6400,28302,,411433513335114344455514133313113115351341533355443335134114441513154445411415,BAABCCDACCCDAABCBBBDDDABACCCACAACAADCDACBADCCCDDBBCCCDACBAABBBADACADBBBDBAABAD,ABABCCADCCCDAABCBBBDDDABACCCACAAACADCDACABCDCCDDBBCCCDACABABBBADACADBBBDABABAD,,,8,28302,,,,,,,,,,,,,,44,41,14,411511551000414515440000343355434007331143130000114345530000443340000000,,00004012,,,,,,,,56,5,0,5,5,4012,,41143351333511434445551413331311311535134153335544333513411444151315444541141545441133353135434441,BAABCCDACCCDAABCBBBDDDABACCCACAACAADCDACBADCCCDDBBCCCDACBAABBBADACADBBBDBAABADBDBBAACCCDCACDBCBBBA,ABABCCADCCCDAABCBBBDDDABACCCACAAACADCDACABCDCCDDBBCCCDACABABBBADACADBBBDABABADBDBBAACCCDACCDBCBBAB,,,3,4012,,,,,L_T1_GTR___standard,,,,,L_T1_GTR03_33000001/L_T1_GTR03_33000002/L_T1_GTR03_32100001,,,
50687,107,,,,,,,,,,15,45,000000000000556500000000333000000007354400000000355400000000114000000000,,bb50a194,,,,,,,,51,0,9,bb50a194,9700,38002,,411433513335114344455514133313113115351341533355443335134114441513154445411415,BAABCCDACCCDAABCBBBDDDABACCCACAACAADCDACBADCCCDDBBCCCDACBAABBBADACADBBBDBAABAD,ABABCCADCCCDAABCBBBDDDABACCCACAAACADCDACABCDCCDDBBCCCDACABABBBADACADBBBDABABAD,,,9,38002,,,,,,,,,,,,,,44,41,14,411511551000414515440000343355434007331143130000114345530000443340000000,,00004012,,,,,,,,56,5,0,5,5,4012,,41143351333511434445551413331311311535134153335544333513411444151315444541141545441133353135434441,BAABCCDACCCDAABCBBBDDDABACCCACAACAADCDACBADCCCDDBBCCCDACBAABBBADACADBBBDBAABADBDBBAACCCDCACDBCBBBA,ABABCCADCCCDAABCBBBDDDABACCCACAAACADCDACABCDCCDDBBCCCDACABABBBADACADBBBDABABADBDBBAACCCDACCDBCBBAB,,,3,4012,,,,,L_T1_GTR___standard,,,,,L_T1_GTR03_33000001/L_T1_GTR03_33000002/L_T1_GTR03_32100001,,,
50700,108,,,,,,,,,,15,45,000000000000556500000000333000000007354400000000355400000000114000000000,,bb50a194,,,,,,,,51,0,9,bb50a194,9700,38002,,411433513335114344455514133313113115351341533355443335134114441513154445411415,BAABCCDACCCDAABCBBBDDDABACCCACAACAADCDACBADCCCDDBBCCCDACBAABBBADACADBBBDBAABAD,ABABCCADCCCDAABCBBBDDDABACCCACAAACADCDACABCDCCDDBBCCCDACABABBBADACADBBBDABABAD,,,9,38002,,,,,,,,,,,,,,41,14,43,411511551000414515440000343355434007331143130000114345534400443340000000,,00004016,,,,,,,,57,6,0,4,4,4016,,4114335133351143444555141333131131153513415333554433351341144415131544454114154544113335313543444114,BAABCCDACCCDAABCBBBDDDABACCCACAACAADCDACBADCCCDDBBCCCDACBAABBBADACADBBBDBAABADBDBBAACCCDCACDBCBBBAAB,ABABCCADCCCDAABCBBBDDDABACCCACAAACADCDACABCDCCDDBBCCCDACABABBBADACADBBBDABABADBDBBAACCCDACCDBCBBABAB,,,3,4016,,,,,L_T1_GTR___standard,,,,,L_T1_GTR03_33000001/L_T1_GTR03_33000002/L_T1_GTR03_32100001,,,
50734,109,,,,,,,,,,15,45,000000000000556500000000333000000007354400000000355400000000114000000000,,bb50a194,,,,,,,,51,0,9,bb50a194,9700,38002,,411433513335114344455514133313113115351341533355443335134114441513154445411415,BAABCCDACCCDAABCBBBDDDABACCCACAACAADCDACBADCCCDDBBCCCDACBAABBBADACADBBBDBAABAD,ABABCCADCCCDAABCBBBDDDABACCCACAAACADCDACABCDCCDDBBCCCDACABABBBADACADBBBDABABAD,,,9,38002,,,,,,,,,,,,,,14,43,33,411511551000414515441400343355434007331143130000114345534400443340000000,,00004020,,,,,,,,58,7,0,4,4,4020,,411433513335114344455514133313113115351341533355443335134114441513154445411415454411333531354344411443,BAABCCDACCCDAABCBBBDDDABACCCACAACAADCDACBADCCCDDBBCCCDACBAABBBADACADBBBDBAABADBDBBAACCCDCACDBCBBBAABBC,ABABCCADCCCDAABCBBBDDDABACCCACAAACADCDACABCDCCDDBBCCCDACABABBBADACADBBBDABABADBDBBAACCCDACCDBCBBABABBC,,,3,4020,,,,,L_T1_GTR___standard,,,,,L_T1_GTR03_33000001/L_T1_GTR03_33000002/L_T1_GTR03_32100001,,,
50767,110,,,,,,,,,,15,45,000000000000555000000000000000000007544000000000554000000000114000000000,,bb40a224,,,,,,,,52,0,10,bb40a224,8960,46962,,411433513335114344455514133313113115351341533355443335134114441513154445411415,BAABCCDACCCDAABCBBBDDDABACCCACAACAADCDACBADCCCDDBBCCCDACBAABBBADACADBBBDBAABAD,ABABCCADCCCDAABCBBBDDDABACCCACAAACADCDACABCDCCDDBBCCCDACABABBBADACADBBBDABABAD,,,9,46962,,,,,,,,,,,,,,14,43,33,411511551000414515441400343355434007331143130000114345534400443340000000,,00004020,,,,,,,,58,7,0,4,4,4020,,411433513335114344455514133313113115351341533355443335134114441513154445411415454411333531354344411443,BAABCCDACCCDAABCBBBDDDABACCCACAACAADCDACBADCCCDDBBCCCDACBAABBBADACADBBBDBAABADBDBBAACCCDCACDBCBBBAABBC,ABABCCADCCCDAABCBBBDDDABACCCACAAACADCDACABCDCCDDBBCCCDACABABBBADACADBBBDABABADBDBBAACCCDACCDBCBBABABBC,,,3,4020,,,,,L_T1_GTR___standard,,,,,L_T1_GTR03_33000001/L_T1_GTR03_33000002/L_T1_GTR03_32100001,,,
50780,111,,,,,,,,,,15,45,000000000000555000000000000000000007544000000000554000000000114000000000,,bb40a224,,,,,,,,52,0,10,bb40a224,8960,46962,,411433513335114344455514133313113115351341533355443335134114441513154445411415,BAABCCDACCCDAABCBBBDDDABACCCACAACAADCDACBADCCCDDBBCCCDACBAABBBADACADBBBDBAABAD,ABABCCADCCCDAABCBBBDDDABACCCACAAACADCDACABCDCCDDBBCCCDACABABBBADACADBBBDABABAD,,,9,46962,,,,,,,,,,,,,,43,33,15,411511551000414515441400343355434007331143130000114345534400443341400000,,00004028,,,,,,,,59,8,0,8,8,4028,,41143351333511434445551413331311311535134153335544333513411444151315444541141545441133353135434441144333,BAABCCDACCCDAABCBBBDDDABACCCACAACAADCDACBADCCCDDBBCCCDACBAABBBADACADBBBDBAABADBDBBAACCCDCACDBCBBBAABBCCC,ABABCCADCCCDAABCBBBDDDABACCCACAAACADCDACABCDCCDDBBCCCDACABABBBADACADBBBDABABADBDBBAACCCDACCDBCBBABABBCCC,,,3,4028,,,,,L_T1_GTR___standard,,,,,L_T1_GTR03_33000001/L_T1_GTR03_33000002/L_T1_GTR03_32100001,,,
50818,112,,,,,,,,,,15,45,000000000000555000000000000000000007544000000000554000000000114000000000,,bb40a224,,,,,,,,52,0,10,bb40a224,8960,46962,,411433513335114344455514133313113115351341533355443335134114441513154445411415,BAABCCDACCCDAABCBBBDDDABACCCACAACAADCDACBADCCCDDBBCCCDACBAABBBADACADBBBDBAABAD,ABABCCADCCCDAABCBBBDDDABACCCACAAACADCDACABCDCCDDBBCCCDACABABBBADACADBBBDABABAD,,,9,46962,,,,,,,,,,,,,,33,15,54,411511551000414515441400343355434007331143130000114345534443443341400000,,00004032,,,,,,,,60,9,0,4,4,4032,,4114335133351143444555141333131131153513415333554433351341144415131544454114154544113335313543444114433315,BAABCCDACCCDAABCBBBDDDABACCCACAACAADCDACBADCCCDDBBCCCDACBAABBBADACADBBBDBAABADBDBBAACCCDCACDBCBBBAABBCCCAD,ABABCCADCCCDAABCBBBDDDABACCCACAAACADCDACABCDCCDDBBCCCDACABABBBADACADBBBDABABADBDBBAACCCDACCDBCBBABABBCCCAD,,,3,4032,,,,,L_T1_GTR___standard,,,,,L_T1_GTR03_33000001/L_T1_GTR03_33000002/L_T1_GTR03_32100001,,,
50832,113,,,,,,,,,15,45,44,000000000000555000000000000000000007500000000000500000000000110000000000,,00046966,,,,,,,,53,1,0,4,4,46966,,41143351333511434445551413331311311535134153335544333513411444151315444541141545,BAABCCDACCCDAABCBBBDDDABACCCACAACAADCDACBADCCCDDBBCCCDACBAABBBADACADBBBDBAABADBD,ABABCCADCCCDAABCBBBDDDABACCCACAAACADCDACABCDCCDDBBCCCDACABABBBADACADBBBDABABADBD,,,9,46966,,,,,,,,,,,,,,33,15,54,411511551000414515441400343355434007331143130000114345534443443341400000,,00004032,,,,,,,,60,9,0,4,4,4032,,4114335133351143444555141333131131153513415333554433351341144415131544454114154544113335313543444114433315,BAABCCDACCCDAABCBBBDDDABACCCACAACAADCDACBADCCCDDBBCCCDACBAABBBADACADBBBDBAABADBDBBAACCCDCACDBCBBBAABBCCCAD,ABABCCADCCCDAABCBBBDDDABACCCACAAACADCDACABCDCCDDBBCCCDACABABBBADACADBBBDABABADBDBBAACCCDACCDBCBBABABBCCCAD,,,3,4032,,,,,L_T1_GTR___standard,,,,,L_T1_GTR03_33000001/L_T1_GTR03_33000002/L_T1_GTR03_32100001,,,
50886,114,,,,,,,,,45,44,11,000000000000555000000000000000000007500000000000550000000000111500000000,,00046977,,,,,,,,54,2,0,11,11,46977,,4114335133351143444555141333131131153513415333554433351341144415131544454114154544,BAABCCDACCCDAABCBBBDDDABACCCACAACAADCDACBADCCCDDBBCCCDACBAABBBADACADBBBDBAABADBDBB,ABABCCADCCCDAABCBBBDDDABACCCACAAACADCDACABCDCCDDBBCCCDACABABBBADACADBBBDABABADBDBB,,,9,46977,,,,,,,,,,,,,,33,15,54,411511551000414515441400343355434007331143130000114345534443443341400000,,00004032,,,,,,,,60,9,0,4,4,4032,,4114335133351143444555141333131131153513415333554433351341144415131544454114154544113335313543444114433315,BAABCCDACCCDAABCBBBDDDABACCCACAACAADCDACBADCCCDDBBCCCDACBAABBBADACADBBBDBAABADBDBBAACCCDCACDBCBBBAABBCCCAD,ABABCCADCCCDAABCBBBDDDABACCCACAAACADCDACABCDCCDDBBCCCDACABABBBADACADBBBDABABADBDBBAACCCDACCDBCBBABABBCCCAD,,,3,4032,,,,,L_T1_GTR___standard,,,,,L_T1_GTR03_33000001/L_T1_GTR03_33000002/L_T1_GTR03_32100001,,,
50904,115,,,,,,,,,45,44,11,000000000000555000000000000000000007500000000000550000000000111500000000,,00046977,,,,,,,,54,2,0,11,11,46977,,4114335133351143444555141333131131153513415333554433351341144415131544454114154544,BAABCCDACCCDAABCBBBDDDABACCCACAACAADCDACBADCCCDDBBCCCDACBAABBBADACADBBBDBAABADBDBB,ABABCCADCCCDAABCBBBDDDABACCCACAAACADCDACABCDCCDDBBCCCDACABABBBADACADBBBDABABADBDBB,,,9,46977,,,,,,,,,,,,,,,15,54,411511551666414515441433343355434666331143136666114345534443443341466666,,00004034,,,,,lose,,,61,9,0,2,2,4034,,4114335133351143444555141333131131153513415333554433351341144415131544454114154544113335313543444114433315,BAABCCDACCCDAABCBBBDDDABACCCACAACAADCDACBADCCCDDBBCCCDACBAABBBADACADBBBDBAABADBDBBAACCCDCACDBCBBBAABBCCCAD,ABABCCADCCCDAABCBBBDDDABACCCACAAACADCDACABCDCCDDBBCCCDACABABBBADACADBBBDABABADBDBBAACCCDACCDBCBBABABBCCCAD,,,3,4034,,,,,L_T1_GTR___standard,,,,,L_T1_GTR03_33000001/L_T1_GTR03_33000002/L_T1_GTR03_32100001,,,
50911,115,,,,,,,,,,44,11,000000000000555000000000000000000007504000000000550000000000111500000000,,00046986,,,,,win,,,55,2,0,9,9,46986,,4114335133351143444555141333131131153513415333554433351341144415131544454114154544,BAABCCDACCCDAABCBBBDDDABACCCACAACAADCDACBADCCCDDBBCCCDACBAABBBADACADBBBDBAABADBDBB,ABABCCADCCCDAABCBBBDDDABACCCACAAACADCDACABCDCCDDBBCCCDACABABBBADACADBBBDABABADBDBB,,,9,46986,,,,,,,,,,,,,,,15,54,411511551666414515441433343355434666331143136666114345534443443341466666,,00004034,,,,,lose,,,61,9,0,2,2,4034,,4114335133351143444555141333131131153513415333554433351341144415131544454114154544113335313543444114433315,BAABCCDACCCDAABCBBBDDDABACCCACAACAADCDACBADCCCDDBBCCCDACBAABBBADACADBBBDBAABADBDBBAACCCDCACDBCBBBAABBCCCAD,ABABCCADCCCDAABCBBBDDDABACCCACAAACADCDACABCDCCDDBBCCCDACABABBBADACADBBBDABABADBDBBAACCCDACCDBCBBABABBCCCAD,,,3,4034,,,,,L_T1_GTR___standard,,,,,L_T1_GTR03_33000001/L_T1_GTR03_33000002/L_T1_GTR03_32100001,,,
