88568,0,,,,,,,,,,52,25,000000000000000000000000000000000007000000000000000000000000000000000000,000000,00000000,,,,,,,,0,0,0,0,0,0,,52,AB,AB,,,0,0,,,,,,,,,,,,,,,52,25,000000000000000000000000000000000007000000000000000000000000000000000000,000000,00000000,,,,,,,,0,0,0,0,0,0,,52,AB,AB,,,0,0,,,,,,,,,,,,,
88719,2,,,,,,,,,52,25,14,000000000000000000000000000000000007000000000000000000000000000000000000,,00000000,,,,,,,,1,1,0,0,0,0,,5225,ABBA,ABAB,,,0,0,,,,,,,,,,,,,,52,25,14,000000000000000000000000000000000007000000000000000000000000000000000000,,00000000,,,,,,,,1,1,0,0,0,0,,5225,ABBA,ABAB,,,0,0,,,,,,,,,,,,,
88768,3,,,,,,,,,25,14,44,000000000000250000000000000000000007000000000000000000000000000000000000,,00000012,,,,,,,,2,2,0,12,12,12,,522514,ABBACD,ABABCD,,,0,12,,,,,,,,,,,,,,52,25,14,000000000000000000000000000000000007000000000000000000000000000000000000,,00000000,,,,,,,,1,1,0,0,0,0,,5225,ABBA,ABAB,,,0,0,,,,,,,,,,,,,
88775,4,,,,,,,,,25,14,44,000000000000250000000000000000000007000000000000000000000000000000000000,,00000012,,,,,,,,2,2,0,12,12,12,,522514,ABBACD,ABABCD,,,0,12,,,,,,,,,,,,,,25,14,44,520000000000000000000000000000000007000000000000000000000000000000000000,,00000013,,,,,,,,2,2,0,13,13,13,,522514,ABBACD,ABABCD,,,0,13,,,,,,,,,,,,,
88822,6,,,,,,,,,14,44,24,250000000000250000000000000000000007000000000000000000000000000000000000,,00000025,,,,,,,,3,3,0,13,13,25,,52251444,ABBADCCC,ABABCDCC,,,0,25,,,,,,,,,,,,,,14,44,24,520000000000520000000000000000000007000000000000000000000000000000000000,,00000025,,,,,,,,3,3,0,12,12,25,,52251444,ABBADCCC,ABABCDCC,,,0,25,,,,,,,,,,,,,
88875,8,,,,,,,,,44,24,55,250000000000250000000000100000000007400000000000000000000000000000000000,,00000038,,,,,,,,4,4,0,13,13,38,,5225144424,BAABDCCCAC,ABABCDCCAC,,,0,38,,,,,,,,,,L_T1_GTR03_22110001,,,,44,24,55,520000000000520000000000100000000007400000000000000000000000000000000000,,00000038,,,,,,,,4,4,0,13,13,38,,5225144424,BAABDCCCAC,ABABCDCCAC,,,0,38,,,,,,,,,,L_T1_GTR03_22110001,,,
88927,9,,,,,,,,,44,24,55,250000000000250000000000100000000007400000000000000000000000000000000000,,00000038,,,,,,,,4,4,0,13,13,38,,5225144424,BAABDCCCAC,ABABCDCCAC,,,0,38,,,,,,,,,,L_T1_GTR03_22110001,,,,24,55,11,520000000000520000000000100000000007400000000000400000000000400000000000,,00000051,,,,,,,,5,5,0,13,13,51,,522514442455,BAABDCCCACBB,ABABCDCCACBB,,,0,51,,,,,,,,,,,,,
88929,10,,,,,,,,,24,55,11,250000000000250000000000100000000007400000000000400000000000400000000000,,00000051,,,,,,,,5,5,0,13,13,51,,522514442455,BAABDCCCACBB,ABABCDCCACBB,,,0,51,,,,,,,,,,,,,,24,55,11,520000000000520000000000100000000007400000000000400000000000400000000000,,00000051,,,,,,,,5,5,0,13,13,51,,522514442455,BAABDCCCACBB,ABABCDCCACBB,,,0,51,,,,,,,,,,,,,
88977,12,,,,,,,,,55,11,42,250000000000252400000000100000000007400000000000400000000000400000000000,,00000062,,,,,,,,6,6,0,11,11,62,,52251444245511,BAABDCCCACBBDD,ABABCDCCACBBDD,,,0,62,,,,,,,,,,,,,,55,11,42,522400000000520000000000100000000007400000000000400000000000400000000000,,00000062,,,,,,,,6,6,0,11,11,62,,52251444245511,BAABDCCCACBBDD,ABABCDCCACBBDD,,,0,62,,,,,,,,,,,,,
89029,13,,,,,,,,,11,42,14,250000000000252400000000100000000007400000000000400000000000455000000000,,00000073,,,,,,,,7,7,0,11,11,73,,5225144424551142,BAABDCCCACBBDDCA,ABABCDCCACBBDDAC,,,0,73,,,,,,,,,,,,,,55,11,42,522400000000520000000000100000000007400000000000400000000000400000000000,,00000062,,,,,,,,6,6,0,11,11,62,,52251444245511,BAABDCCCACBBDD,ABABCDCCACBBDD,,,0,62,,,,,,,,,,,,,
89043,14,,,,,,,,,11,42,14,250000000000252400000000100000000007400000000000400000000000455000000000,,00000073,,,,,,,,7,7,0,11,11,73,,5225144424551142,BAABDCCCACBBDDCA,ABABCDCCACBBDDAC,,,0,73,,,,,,,,,,,,,,11,42,14,522400000000525000000000150000000007400000000000400000000000400000000000,,00000073,,,,,,,,7,7,0,11,11,73,,5225144424551142,BAABDCCCACBBDDCA,ABABCDCCACBBDDAC,,,0,73,,,,,L_T1_GTR___standard,,,,,L_T1_GTR03_33000001,,,
89080,15,,,,,,,,,42,14,11,250000000000252400000000100000000007410000000000410000000000455000000000,,00000085,,,,,,,,8,8,0,12,12,85,,522514442455114214,BAABDCCCACBBDDCADC,ABABCDCCACBBDDACCD,,,0,85,,,,,,,,,,,,,,11,42,14,522400000000525000000000150000000007400000000000400000000000400000000000,,00000073,,,,,,,,7,7,0,11,11,73,,5225144424551142,BAABDCCCACBBDDCA,ABABCDCCACBBDDAC,,,0,73,,,,,L_T1_GTR___standard,,,,,L_T1_GTR03_33000001,,,
89093,16,,,,,,,,,42,14,11,250000000000252400000000100000000007410000000000410000000000455000000000,,00000085,,,,,,,,8,8,0,12,12,85,,522514442455114214,BAABDCCCACBBDDCADC,ABABCDCCACBBDDACCD,,,0,85,,,,,,,,,,,,,,42,14,11,522400000000525000000000150000000007410000000000410000000000400000000000,,00000085,,,,,,,,8,8,0,12,12,85,,522514442455114214,BAABDCCCACBBDDCADC,ABABCDCCACBBDDACCD,,,0,85,,,,,L_T1_GTR___standard,,,,,L_T1_GTR03_33000001,,,
89152,17,,,,,,,,,14,11,54,250000000000252440000000120000000007410000000000410000000000455000000000,,00000094,,,,,,,,9,9,0,9,9,94,,52251444245511421411,BAABDCCCACBBDDCADCDD,ABABCDCCACBBDDACCDDD,,,0,94,,,,,L_T1_GTR___hekomi__,,,,,,,,,42,14,11,522400000000525000000000150000000007410000000000410000000000400000000000,,00000085,,,,,,,,8,8,0,12,12,85,,522514442455114214,BAABDCCCACBBDDCADC,ABABCDCCACBBDDACCD,,,0,85,,,,,L_T1_GTR___standard,,,,,L_T1_GTR03_33000001,,,
89157,18,,,,,,,,,14,11,54,250000000000252440000000120000000007410000000000410000000000455000000000,,00000094,,,,,,,,9,9,0,9,9,94,,52251444245511421411,BAABDCCCACBBDDCADCDD,ABABCDCCACBBDDACCDDD,,,0,94,,,,,L_T1_GTR___hekomi__,,,,,,,,,14,11,54,522420000000525400000000150000000007410000000000410000000000400000000000,,00000094,,,,,,,,9,9,0,9,9,94,,52251444245511421411,BAABDCCCACBBDDCADCDD,ABABCDCCACBBDDACCDDD,,,0,94,,,,,L_T1_GTR___standard,,,,,L_T1_GTR03_33000001,,,
89199,19,,,,,,,,,11,54,45,250000000000252440000000121400000007410000000000410000000000455000000000,,00000105,,,,,,,,10,10,0,11,11,105,,5225144424551142141154,BAABDCCCACBBDDCADCDDBC,ABABCDCCACBBDDACCDDDBC,,,0,105,,,,,L_T1_GTR___hekomi__,,,,,,,,,14,11,54,522420000000525400000000150000000007410000000000410000000000400000000000,,00000094,,,,,,,,9,9,0,9,9,94,,52251444245511421411,BAABDCCCACBBDDCADCDD,ABABCDCCACBBDDACCDDD,,,0,94,,,,,L_T1_GTR___standard,,,,,L_T1_GTR03_33000001,,,
89208,20,,,,,,,,,11,54,45,250000000000252440000000121400000007410000000000410000000000455000000000,,00000105,,,,,,,,10,10,0,11,11,105,,5225144424551142141154,BAABDCCCACBBDDCADCDDBC,ABABCDCCACBBDDACCDDDBC,,,0,105,,,,,L_T1_GTR___hekomi__,,,,,,,,,11,54,45,522420000000525400000000150000000007410000000000410000000000414000000000,,00000106,,,,,,,,10,10,0,12,12,106,,5225144424551142141154,BAABDCCCACBBDDCADCDDBC,ABABCDCCACBBDDACCDDDBC,,,0,106,,,,,L_T1_GTR___standard,,,,,L_T1_GTR03_33000001,,,
89247,21,,,,,,,,,54,45,25,251100000000252440000000121400000007410000000000410000000000455000000000,,00000115,,,,,,,,11,11,0,10,10,115,,522514442455114214115445,BAABDCCCACBBDDCADCDDBCCB,ABABCDCCACBBDDACCDDDBCBC,,,0,115,,,,,L_T1_GTR___hekomi__,,,,,,,,,11,54,45,522420000000525400000000150000000007410000000000410000000000414000000000,,00000106,,,,,,,,10,10,0,12,12,106,,5225144424551142141154,BAABDCCCACBBDDCADCDDBC,ABABCDCCACBBDDACCDDDBC,,,0,106,,,,,L_T1_GTR___standard,,,,,L_T1_GTR03_33000001,,,
89251,22,,,,,,,,,54,45,25,251100000000252440000000121400000007410000000000410000000000455000000000,,00000115,,,,,,,,11,11,0,10,10,115,,522514442455114214115445,BAABDCCCACBBDDCADCDDBCCB,ABABCDCCACBBDDACCDDDBCBC,,,0,115,,,,,L_T1_GTR___hekomi__,,,,,,,,,54,45,25,522421100000525400000000150000000007410000000000410000000000414000000000,,00000113,,,,,,,,11,11,0,7,7,113,,522514442455114214115445,BAABDCCCACBBDDCADCDDBCCB,ABABCDCCACBBDDACCDDDBCBC,,,0,113,,,,,L_T1_GTR___standard,,,,,L_T1_GTR03_33000001,,,
89294,23,,,,,,,,,45,25,24,251100000000252440000000121400000007415000000000414000000000455000000000,,00000126,,,,,,,,12,12,0,11,11,126,,52251444245511421411544525,BAABDCCCACBBDDCADCDDBCCBAB,ABABCDCCACBBDDACCDDDBCBCAB,,,0,126,,,,,L_T1_GTR___hekomi__,,,,,,,,,54,45,25,522421100000525400000000150000000007410000000000410000000000414000000000,,00000113,,,,,,,,11,11,0,7,7,113,,522514442455114214115445,BAABDCCCACBBDDCADCDDBCCB,ABABCDCCACBBDDACCDDDBCBC,,,0,113,,,,,L_T1_GTR___standard,,,,,L_T1_GTR03_33000001,,,
89299,24,,,,,,,,,45,25,24,251100000000252440000000121400000007415000000000414000000000455000000000,,00000126,,,,,,,,12,12,0,11,11,126,,52251444245511421411544525,BAABDCCCACBBDDCADCDDBCCBAB,ABABCDCCACBBDDACCDDDBCBCAB,,,0,126,,,,,L_T1_GTR___hekomi__,,,,,,,,,45,25,24,522421100000525400000000150000000007415000000000414000000000414000000000,,00000124,,,,,,,,12,12,0,11,11,124,,52251444245511421411544525,BAABDCCCACBBDDCADCDDBCCBAB,ABABCDCCACBBDDACCDDDBCBCAB,,,0,124,,,,,L_T1_GTR___standard,,,,,L_T1_GTR03_33000001,,,
89345,25,,,,,,,,,25,24,24,251100000000252440000000121400000007415000000000414500000000455400000000,,00000137,,,,,,,,13,13,0,11,11,137,,5225144424551142141154452524,BAABDCCCACBBDDCADCDDBCCBABAC,ABABCDCCACBBDDACCDDDBCBCABAC,,,0,137,,,,,L_T1_GTR___hekomi__,,,,,R_T1_GTR03_22110002,,,,45,25,24,522421100000525400000000150000000007415000000000414000000000414000000000,,00000124,,,,,,,,12,12,0,11,11,124,,52251444245511421411544525,BAABDCCCACBBDDCADCDDBCCBAB,ABABCDCCACBBDDACCDDDBCBCAB,,,0,124,,,,,L_T1_GTR___standard,,,,,L_T1_GTR03_33000001,,,
89348,26,,,,,,,,,25,24,24,251100000000252440000000121400000007415000000000414500000000455400000000,,00000137,,,,,,,,13,13,0,11,11,137,,5225144424551142141154452524,BAABDCCCACBBDDCADCDDBCCBABAC,ABABCDCCACBBDDACCDDDBCBCABAC,,,0,137,,,,,L_T1_GTR___hekomi__,,,,,R_T1_GTR03_22110002,,,,25,24,24,522421100000525400000000150000000007415000000000414000000000414450000000,,00000134,,,,,,,,13,13,0,10,10,134,,5225144424551142141154452524,BAABDCCCACBBDDCADCDDBCCBABAC,ABABCDCCACBBDDACCDDDBCBCABAC,,,0,134,,,,,L_T1_GTR___standard,,,,,L_T1_GTR03_33000001,,,
89397,27,,,,,,,,,25,24,24,251100000000252440000000121400000007415000000000414500000000455400000000,,00000137,,,,,,,,13,13,0,11,11,137,,5225144424551142141154452524,BAABDCCCACBBDDCADCDDBCCBABAC,ABABCDCCACBBDDACCDDDBCBCABAC,,,0,137,,,,,L_T1_GTR___hekomi__,,,,,R_T1_GTR03_22110002,,,,24,24,52,522421100000525400000000150000000007415200000000414500000000414450000000,,00000144,,,,,,,,14,14,0,10,10,144,,522514442455114214115445252424,BAABDCCCACBBDDCADCDDBCCBABACAC,ABABCDCCACBBDDACCDDDBCBCABACAC,,,0,144,,,,,L_T1_GTR___standard,,,,,L_T1_GTR03_33000001,,,
89407,28,,,,,,,,,24,24,52,251100000000252440000000121450000007415200000000414500000000455400000000,,00000145,,,,,,,,14,14,0,8,8,145,,522514442455114214115445252424,BAABDCCCACBBDDCADCDDBCCBABACAC,ABABCDCCACBBDDACCDDDBCBCABACAC,,,0,145,,,,,L_T1_GTR___hekomi__,,,,,R_T1_GTR03_22110002,,,,24,24,52,522421100000525400000000150000000007415200000000414500000000414450000000,,00000144,,,,,,,,14,14,0,10,10,144,,522514442455114214115445252424,BAABDCCCACBBDDCADCDDBCCBABACAC,ABABCDCCACBBDDACCDDDBCBCABACAC,,,0,144,,,,,L_T1_GTR___standard,,,,,L_T1_GTR03_33000001,,,
89437,29,,,,,,,,,24,24,52,251100000000252440000000121450000007415200000000414500000000455400000000,,00000145,,,,,,,,14,14,0,8,8,145,,522514442455114214115445252424,BAABDCCCACBBDDCADCDDBCCBABACAC,ABABCDCCACBBDDACCDDDBCBCABACAC,,,0,145,,,,,L_T1_GTR___hekomi__,,,,,R_T1_GTR03_22110002,,,,24,52,54,522421124000525400000000150000000007415200000000414500000000414450000000,,00000150,,,,,,,,15,15,0,6,6,150,,52251444245511421411544525242452,BAABDCCCACBBDDCADCDDBCCBABACACBA,ABABCDCCACBBDDACCDDDBCBCABACACAB,,,0,150,,,,,L_T1_GTR___standard,,,,,L_T1_GTR03_33000001,,,
89455,30,,,,,,,,,24,52,54,251100000000252440000000121450000007415200000000414520000000455440000000,,00000154,,,,,,,,15,15,0,9,9,154,,52251444245511421411544525242452,BAABDCCCACBBDDCADCDDBCCBABACACBA,ABABCDCCACBBDDACCDDDBCBCABACACAB,,,0,154,,,,,L_T1_GTR___hekomi__,,,,,,,,,24,52,54,522421124000525400000000150000000007415200000000414500000000414450000000,,00000150,,,,,,,,15,15,0,6,6,150,,52251444245511421411544525242452,BAABDCCCACBBDDCADCDDBCCBABACACBA,ABABCDCCACBBDDACCDDDBCBCABACACAB,,,0,150,,,,,L_T1_GTR___standard,,,,,L_T1_GTR03_33000001,,,
89500,31,,,,,,,,,52,54,52,251100000000252440000000121450000007415200000000414524000000455442000000,,00000162,,,,,,,,16,16,0,8,8,162,,5225144424551142141154452524245254,BAABDCCCACBBDDCADCDDBCCBABACACBABC,ABABCDCCACBBDDACCDDDBCBCABACACABBC,,,0,162,,,,,L_T1_GTR___hekomi__,,,,,,,,,24,52,54,522421124000525400000000150000000007415200000000414500000000414450000000,,00000150,,,,,,,,15,15,0,6,6,150,,52251444245511421411544525242452,BAABDCCCACBBDDCADCDDBCCBABACACBA,ABABCDCCACBBDDACCDDDBCBCABACACAB,,,0,150,,,,,L_T1_GTR___standard,,,,,L_T1_GTR03_33000001,,,
89503,32,,,,,,,,,52,54,52,251100000000252440000000121450000007415200000000414524000000455442000000,,00000162,,,,,,,,16,16,0,8,8,162,,5225144424551142141154452524245254,BAABDCCCACBBDDCADCDDBCCBABACACBABC,ABABCDCCACBBDDACCDDDBCBCABACACABBC,,,0,162,,,,,L_T1_GTR___hekomi__,,,,,,,,,52,54,52,522421124400525420000000150000000007415200000000414500000000414450000000,,00000154,,,,,,,,16,16,0,4,4,154,,5225144424551142141154452524245254,BAABDCCCACBBDDCADCDDBCCBABACACBABC,ABABCDCCACBBDDACCDDDBCBCABACACABBC,,,0,154,,,,,L_T1_GTR___standard,,,,,L_T1_GTR03_33000001,,,
89538,33,,,,,,,,,52,54,52,251100000000252440000000121450000007415200000000414524000000455442000000,,00000162,,,,,,,,16,16,0,8,8,162,,5225144424551142141154452524245254,BAABDCCCACBBDDCADCDDBCCBABACACBABC,ABABCDCCACBBDDACCDDDBCBCABACACABBC,,,0,162,,,,,L_T1_GTR___hekomi__,,,,,,,,,54,52,11,522421124425525420000000150000000007415200000000414500000000414450000000,,00000156,,,,,,,,17,17,0,2,2,156,,522514442455114214115445252424525452,BAABDCCCACBBDDCADCDDBCCBABACACBABCBA,ABABCDCCACBBDDACCDDDBCBCABACACABBCAB,,,0,156,,,,,L_T1_GTR___standard,,,,,L_T1_GTR03_33000001,,,
89540,34,,,,,,,,,54,52,11,251100000000252442000000121455000007415200000000414524000000455442000000,,00000170,,,,,,,,17,17,0,8,8,170,,522514442455114214115445252424525452,BAABDCCCACBBDDCADCDDBCCBABACACBABCBA,ABABCDCCACBBDDACCDDDBCBCABACACABBCAB,,,0,170,,,,,L_T1_GTR___hekomi__,,,,,,,,,54,52,11,522421124425525420000000150000000007415200000000414500000000414450000000,,00000156,,,,,,,,17,17,0,2,2,156,,522514442455114214115445252424525452,BAABDCCCACBBDDCADCDDBCCBABACACBABCBA,ABABCDCCACBBDDACCDDDBCBCABACACABBCAB,,,0,156,,,,,L_T1_GTR___standard,,,,,L_T1_GTR03_33000001,,,
89583,35,,,,,,,,,52,11,55,251100000000252442000000121455000007415245000000414524000000455442000000,,00000178,,,,,,,,18,18,0,8,8,178,,52251444245511421411544525242452545211,BAABDCCCACBBDDCADCDDBCCBABACACBABCBADD,ABABCDCCACBBDDACCDDDBCBCABACACABBCABDD,,,0,178,,,,,L_T1_GTR___hekomi__,,,,,,,,,54,52,11,522421124425525420000000150000000007415200000000414500000000414450000000,,00000156,,,,,,,,17,17,0,2,2,156,,522514442455114214115445252424525452,BAABDCCCACBBDDCADCDDBCCBABACACBABCBA,ABABCDCCACBBDDACCDDDBCBCABACACABBCAB,,,0,156,,,,,L_T1_GTR___standard,,,,,L_T1_GTR03_33000001,,,
89589,36,,,,,,,,,52,11,55,251100000000252442000000121455000007415245000000414524000000455442000000,,00000178,,,,,,,,18,18,0,8,8,178,,52251444245511421411544525242452545211,BAABDCCCACBBDDCADCDDBCCBABACACBABCBADD,ABABCDCCACBBDDACCDDDBCBCABACACABBCABDD,,,0,178,,,,,L_T1_GTR___hekomi__,,,,,,,,,52,11,55,522421124425525420000000150000000007415240000000414550000000414450000000,,00000165,,,,,,,,18,18,0,9,9,165,,52251444245511421411544525242452545211,BAABDCCCACBBDDCADCDDBCCBABACACBABCBADD,ABABCDCCACBBDDACCDDDBCBCABACACABBCABDD,,,0,165,,,,,L_T1_GTR___standard,,,,,L_T1_GTR03_33000001,,,
89625,37,,,,,,,,,11,55,14,251100000000252442000000121455000007415245000000414524000000455442250000,,00000184,,,,,,,,19,19,0,6,6,184,,5225144424551142141154452524245254521155,BAABDCCCACBBDDCADCDDBCCBABACACBABCBADDBB,ABABCDCCACBBDDACCDDDBCBCABACACABBCABDDBB,,,0,184,,,,,L_T1_GTR___hekomi__,,,,,,,,,52,11,55,522421124425525420000000150000000007415240000000414550000000414450000000,,00000165,,,,,,,,18,18,0,9,9,165,,52251444245511421411544525242452545211,BAABDCCCACBBDDCADCDDBCCBABACACBABCBADD,ABABCDCCACBBDDACCDDDBCBCABACACABBCABDD,,,0,165,,,,,L_T1_GTR___standard,,,,,L_T1_GTR03_33000001,,,
89629,38,,,,,,,,,11,55,14,251100000000252442000000121455000007415245000000414524000000455442250000,,00000184,,,,,,,,19,19,0,6,6,184,,5225144424551142141154452524245254521155,BAABDCCCACBBDDCADCDDBCCBABACACBABCBADDBB,ABABCDCCACBBDDACCDDDBCBCABACACABBCABDDBB,,,0,184,,,,,L_T1_GTR___hekomi__,,,,,,,,,11,55,14,522421124425525422500000150000000007415240000000414550000000414450000000,,00000172,,,,,,,,19,19,0,7,7,172,,5225144424551142141154452524245254521155,BAABDCCCACBBDDCADCDDBCCBABACACBABCBADDBB,ABABCDCCACBBDDACCDDDBCBCABACACABBCABDDBB,,,0,172,,,,,L_T1_GTR___standard,,,,,L_T1_GTR03_33000001,,,
89663,39,,,,,,,,,55,14,44,251100000000252442000000121455100007415245100000414524000000455442250000,,00000191,,,,,,,,20,20,0,7,7,191,,522514442455114214115445252424525452115514,BAABDCCCACBBDDCADCDDBCCBABACACBABCBADDBBDC,ABABCDCCACBBDDACCDDDBCBCABACACABBCABDDBBCD,,,0,191,,,,,L_T1_GTR___hekomi__,,,,,,,,,11,55,14,522421124425525422500000150000000007415240000000414550000000414450000000,,00000172,,,,,,,,19,19,0,7,7,172,,5225144424551142141154452524245254521155,BAABDCCCACBBDDCADCDDBCCBABACACBABCBADDBB,ABABCDCCACBBDDACCDDDBCBCABACACABBCABDDBB,,,0,172,,,,,L_T1_GTR___standard,,,,,L_T1_GTR03_33000001,,,
89672,40,,,,,,,,,55,14,44,251100000000252442000000121455100007415245100000414524000000455442250000,,00000191,,,,,,,,20,20,0,7,7,191,,522514442455114214115445252424525452115514,BAABDCCCACBBDDCADCDDBCCBABACACBABCBADDBBDC,ABABCDCCACBBDDACCDDDBCBCABACACABBCABDDBBCD,,,0,191,,,,,L_T1_GTR___hekomi__,,,,,,,,,55,14,44,522421124425525422500000151100000007415240000000414550000000414450000000,,00000182,,,,,,,,20,20,0,10,10,182,,522514442455114214115445252424525452115514,BAABDCCCACBBDDCADCDDBCCBABACACBABCBADDBBDC,ABABCDCCACBBDDACCDDDBCBCABACACABBCABDDBBCD,,,0,182,,,,,L_T1_GTR___standard,,,,,L_T1_GTR03_33000001,,,
89713,41,,,,,,,,,55,14,44,251100000000252442000000121455100007415245100000414524000000455442250000,,00000191,,,,,,,,20,20,0,7,7,191,,522514442455114214115445252424525452115514,BAABDCCCACBBDDCADCDDBCCBABACACBABCBADDBBDC,ABABCDCCACBBDDACCDDDBCBCABACACABBCABDDBBCD,,,0,191,,,,,L_T1_GTR___hekomi__,,,,,,,,,14,44,44,522421124425525422500000151155000007415240000000414550000000414450000000,,00000190,,,,,,,,21,21,0,8,8,190,,52251444245511421411544525242452545211551444,BAABDCCCACBBDDCADCDDBCCBABACACBABCBADDBBDCCC,ABABCDCCACBBDDACCDDDBCBCABACACABBCABDDBBCDCC,,,0,190,,,,,L_T1_GTR___standard,,,,,L_T1_GTR03_33000001,,,
89719,42,,,,,,,,,14,44,44,251100000000252442500000121455150007415245100000414524000000455442250000,,00000197,,,,,,,,21,21,0,6,6,197,,52251444245511421411544525242452545211551444,BAABDCCCACBBDDCADCDDBCCBABACACBABCBADDBBDCCC,ABABCDCCACBBDDACCDDDBCBCABACACABBCABDDBBCDCC,,,0,197,,,,,L_T1_GTR___hekomi__,,,,,,,,,14,44,44,522421124425525422500000151155000007415240000000414550000000414450000000,,00000190,,,,,,,,21,21,0,8,8,190,,52251444245511421411544525242452545211551444,BAABDCCCACBBDDCADCDDBCCBABACACBABCBADDBBDCCC,ABABCDCCACBBDDACCDDDBCBCABACACABBCABDDBBCDCC,,,0,190,,,,,L_T1_GTR___standard,,,,,L_T1_GTR03_33000001,,,
89762,43,,,,,,,,,44,44,55,251100000000252442500000121455150007415245100000414524140000455442250000,,00000204,,,,,,,,22,22,0,7,7,204,,5225144424551142141154452524245254521155144444,BAABDCCCACBBDDCADCDDBCCBABACACBABCBADDBBDCCCCC,ABABCDCCACBBDDACCDDDBCBCABACACABBCABDDBBCDCCCC,,,0,204,,,,,L_T1_GTR___hekomi__,,,,,,,,,14,44,44,522421124425525422500000151155000007415240000000414550000000414450000000,,00000190,,,,,,,,21,21,0,8,8,190,,52251444245511421411544525242452545211551444,BAABDCCCACBBDDCADCDDBCCBABACACBABCBADDBBDCCC,ABABCDCCACBBDDACCDDDBCBCABACACABBCABDDBBCDCC,,,0,190,,,,,L_T1_GTR___standard,,,,,L_T1_GTR03_33000001,,,
89769,44,,,,,,,,,44,44,55,251100000000252442500000121455150007415245100000414524140000455442250000,,00000204,,,,,,,,22,22,0,7,7,204,,5225144424551142141154452524245254521155144444,BAABDCCCACBBDDCADCDDBCCBABACACBABCBADDBBDCCCCC,ABABCDCCACBBDDACCDDDBCBCABACACABBCABDDBBCDCCCC,,,0,204,,,,,L_T1_GTR___hekomi__,,,,,,,,,44,44,55,522421124425525422510000151155400007415240000000414550000000414450000000,,00000196,,,,,,,,22,22,0,6,6,196,,5225144424551142141154452524245254521155144444,BAABDCCCACBBDDCADCDDBCCBABACACBABCBADDBBDCCCCC,ABABCDCCACBBDDACCDDDBCBCABACACABBCABDDBBCDCCCC,,,0,196,,,,,L_T1_GTR___standard,,,,,L_T1_GTR03_33000001,,,
89813,45,,,,,,,,,44,44,55,251100000000252442500000121455150007415245100000414524140000455442250000,,00000204,,,,,,,,22,22,0,7,7,204,,5225144424551142141154452524245254521155144444,BAABDCCCACBBDDCADCDDBCCBABACACBABCBADDBBDCCCCC,ABABCDCCACBBDDACCDDDBCBCABACACABBCABDDBBCDCCCC,,,0,204,,,,,L_T1_GTR___hekomi__,,,,,,,,,44,55,25,522421124425525422510000151155400007415244000000414554000000414450000000,,00000204,,,,,,,,23,23,0,8,8,204,,522514442455114214115445252424525452115514444455,BAABDCCCACBBDDCADCDDBCCBABACACBABCBADDBBDCCCCCBB,ABABCDCCACBBDDACCDDDBCBCABACACABBCABDDBBCDCCCCBB,,,0,204,,,,,L_T1_GTR___standard,,,,,L_T1_GTR03_33000001,,,
89816,46,,,,,,,,,44,55,25,251100000000252442500000121455150007415245140000414524144000455442250000,,00000209,,,,,,,,23,23,0,5,5,209,,522514442455114214115445252424525452115514444455,BAABDCCCACBBDDCADCDDBCCBABACACBABCBADDBBDCCCCCBB,ABABCDCCACBBDDACCDDDBCBCABACACABBCABDDBBCDCCCCBB,,,0,209,,,,,L_T1_GTR___hekomi__,,,,,,,,,44,55,25,522421124425525422510000151155400007415244000000414554000000414450000000,,00000204,,,,,,,,23,23,0,8,8,204,,522514442455114214115445252424525452115514444455,BAABDCCCACBBDDCADCDDBCCBABACACBABCBADDBBDCCCCCBB,ABABCDCCACBBDDACCDDDBCBCABACACABBCABDDBBCDCCCCBB,,,0,204,,,,,L_T1_GTR___standard,,,,,L_T1_GTR03_33000001,,,
89842,47,,,,,,,,,44,55,25,251100000000252442500000121455150007415245140000414524144000455442250000,,00000209,,,,,,,,23,23,0,5,5,209,,522514442455114214115445252424525452115514444455,BAABDCCCACBBDDCADCDDBCCBABACACBABCBADDBBDCCCCCBB,ABABCDCCACBBDDACCDDDBCBCABACACABBCABDDBBCDCCCCBB,,,0,209,,,,,L_T1_GTR___hekomi__,,,,,,,,,,55,25,522421124425525422510000151155400007415244400000414554400000414450000000,,bb60abb3,,,,,,,,24,0,1,bb60abb3,180,384,,522514442455114214115445252424525452115514444455,BAABDCCCACBBDDCADCDDBCCBABACACBABCBADDBBDCCCCCBB,ABABCDCCACBBDDACCDDDBCBCABACACABBCABDDBBCDCCCCBB,,,1,384,,,,,L_T1_GTR___standard,,,,,L_T1_GTR03_33000001,,,
89854,48,,,,,,,,,55,25,51,251100000000252442544000121455150007415245140000414524144000455442250000,,00000214,,,,,,,,24,24,0,5,5,214,,52251444245511421411544525242452545211551444445525,BAABDCCCACBBDDCADCDDBCCBABACACBABCBADDBBDCCCCCBBAB,ABABCDCCACBBDDACCDDDBCBCABACACABBCABDDBBCDCCCCBBAB,,,0,214,,,,,L_T1_GTR___hekomi__,,,,,,,,,,55,25,522421124425525422510000151155400007415244400000414554400000414450000000,,bb60abb3,,,,,,,,24,0,1,bb60abb3,180,384,,522514442455114214115445252424525452115514444455,BAABDCCCACBBDDCADCDDBCCBABACACBABCBADDBBDCCCCCBB,ABABCDCCACBBDDACCDDDBCBCABACACABBCABDDBBCDCCCCBB,,,1,384,,,,,L_T1_GTR___standard,,,,,L_T1_GTR03_33000001,,,
89892,49,,,,,,,,,25,51,12,251100000000252442544000121455150007415245140000414524144000455442255500,,00000218,,,,,,,,25,25,0,4,4,218,,5225144424551142141154452524245254521155144444552551,BAABDCCCACBBDDCADCDDBCCBABACACBABCBADDBBDCCCCCBBABBD,ABABCDCCACBBDDACCDDDBCBCABACACABBCABDDBBCDCCCCBBABBD,,,0,218,,,,,L_T1_GTR___hekomi__,,,,,,,,,,55,25,522421124425525422510000151155400007415244400000414554400000414450000000,,bb60abb3,,,,,,,,24,0,1,bb60abb3,180,384,,522514442455114214115445252424525452115514444455,BAABDCCCACBBDDCADCDDBCCBABACACBABCBADDBBDCCCCCBB,ABABCDCCACBBDDACCDDDBCBCABACACABBCABDDBBCDCCCCBB,,,1,384,,,,,L_T1_GTR___standard,,,,,L_T1_GTR03_33000001,,,
89907,50,,,,,,,,,25,51,12,251100000000252442544000121455150007415245140000414524144000455442255500,,00000218,,,,,,,,25,25,0,4,4,218,,5225144424551142141154452524245254521155144444552551,BAABDCCCACBBDDCADCDDBCCBABACACBABCBADDBBDCCCCCBBABBD,ABABCDCCACBBDDACCDDDBCBCABACACABBCABDDBBCDCCCCBBABBD,,,0,218,,,,,L_T1_GTR___hekomi__,,,,,,,,,55,25,51,522421124425525422510000151150000007415200000000414550000000414450000000,,00000391,,,,,,,,25,1,0,7,7,391,,52251444245511421411544525242452545211551444445525,BAABDCCCACBBDDCADCDDBCCBABACACBABCBADDBBDCCCCCBBAB,ABABCDCCACBBDDACCDDDBCBCABACACABBCABDDBBCDCCCCBBAB,,,1,391,,,,,L_T1_GTR___standard,,,,,L_T1_GTR03_33000001,,,
89940,51,,,,,,,,,25,51,12,251100000000252442544000121455150007415245140000414524144000455442255500,,00000218,,,,,,,,25,25,0,4,4,218,,5225144424551142141154452524245254521155144444552551,BAABDCCCACBBDDCADCDDBCCBABACACBABCBADDBBDCCCCCBBABBD,ABABCDCCACBBDDACCDDDBCBCABACACABBCABDDBBCDCCCCBBABBD,,,0,218,,,,,L_T1_GTR___hekomi__,,,,,,,,,,25,51,522421124425525422510000151155000007415255000000414550000000414450000000,,bb70abb4,,,,,,,,26,0,1,bb70abb4,280,671,,52251444245511421411544525242452545211551444445525,BAABDCCCACBBDDCADCDDBCCBABACACBABCBADDBBDCCCCCBBAB,ABABCDCCACBBDDACCDDDBCBCABACACABBCABDDBBCDCCCCBBAB,,,1,671,,,,,L_T1_GTR___standard,,,,,L_T1_GTR03_33000001,,,
89991,52,,,,,,,,,51,12,24,251160000000252442544000121455156007415245146000414524144600455442255525,,00000220,,,,,,,,26,26,0,2,2,220,,522514442455114214115445252424525452115514444455255112,BAABDCCCACBBDDCADCDDBCCBABACACBABCBADDBBDCCCCCBBABBDDA,ABABCDCCACBBDDACCDDDBCBCABACACABBCABDDBBCDCCCCBBABBDAD,,,0,220,,,,,L_T1_GTR___hekomi__,,,,,,,,,,25,51,522421124425525422510000151155000007415255000000414550000000414450000000,,bb70abb4,,,,,,,,26,0,1,bb70abb4,280,671,,52251444245511421411544525242452545211551444445525,BAABDCCCACBBDDCADCDDBCCBABACACBABCBADDBBDCCCCCBBAB,ABABCDCCACBBDDACCDDDBCBCABACACABBCABDDBBCDCCCCBBAB,,,1,671,,,,,L_T1_GTR___standard,,,,,L_T1_GTR03_33000001,,,
90002,53,,,,,,,,,51,12,24,251160000000252442544000121455156007415245146000414524144600455442255525,,00000220,,,,,,,,26,26,0,2,2,220,,522514442455114214115445252424525452115514444455255112,BAABDCCCACBBDDCADCDDBCCBABACACBABCBADDBBDCCCCCBBABBDDA,ABABCDCCACBBDDACCDDDBCBCABACACABBCABDDBBCDCCCCBBABBDAD,,,0,220,,,,,L_T1_GTR___hekomi__,,,,,,,,,25,51,12,522421124425525422510000151100000007415200000000414000000000414400000000,,00000679,,,,,,,,27,1,0,8,8,679,,5225144424551142141154452524245254521155144444552551,BAABDCCCACBBDDCADCDDBCCBABACACBABCBADDBBDCCCCCBBABBD,ABABCDCCACBBDDACCDDDBCBCABACACABBCABDDBBCDCCCCBBABBD,,,1,679,,,,,L_T1_GTR___standard,,,,,L_T1_GTR03_33000001,,,
90047,54,,,,,,,,,51,12,24,251160000000252442544000121455156007415245146000414524144600455442255525,,00000220,,,,,,,,26,26,0,2,2,220,,522514442455114214115445252424525452115514444455255112,BAABDCCCACBBDDCADCDDBCCBABACACBABCBADDBBDCCCCCBBABBDDA,ABABCDCCACBBDDACCDDDBCBCABACACABBCABDDBBCDCCCCBBABBDAD,,,0,220,,,,,L_T1_GTR___hekomi__,,,,,,,,,51,12,24,522421124425525422510000151150000007415220000000414000000000414400000000,,00000688,,,,,,,,28,2,0,9,9,688,,522514442455114214115445252424525452115514444455255112,BAABDCCCACBBDDCADCDDBCCBABACACBABCBADDBBDCCCCCBBABBDDA,ABABCDCCACBBDDACCDDDBCBCABACACABBCABDDBBCDCCCCBBABBDAD,,,1,688,,,,,L_T1_GTR___standard,,,,,L_T1_GTR03_33000001,,,
90091,55,,,,,,,,,12,24,55,251160000000252442544500121455156127415245146600414524144620455442255525,,00000223,,,,,,,,27,27,0,3,3,223,,52251444245511421411544525242452545211551444445525511224,BAABDCCCACBBDDCADCDDBCCBABACACBABCBADDBBDCCCCCBBABBDDAAC,ABABCDCCACBBDDACCDDDBCBCABACACABBCABDDBBCDCCCCBBABBDADAC,,,0,223,,,,,L_T1_GTR___hekomi__,,,,,,,,,51,12,24,522421124425525422510000151150000007415220000000414000000000414400000000,,00000688,,,,,,,,28,2,0,9,9,688,,522514442455114214115445252424525452115514444455255112,BAABDCCCACBBDDCADCDDBCCBABACACBABCBADDBBDCCCCCBBABBDDA,ABABCDCCACBBDDACCDDDBCBCABACACABBCABDDBBCDCCCCBBABBDAD,,,1,688,,,,,L_T1_GTR___standard,,,,,L_T1_GTR03_33000001,,,
90109,56,,,,,,,,,12,24,55,251160000000252442544500121455156127415245146600414524144620455442255525,,00000223,,,,,,,,27,27,0,3,3,223,,52251444245511421411544525242452545211551444445525511224,BAABDCCCACBBDDCADCDDBCCBABACACBABCBADDBBDCCCCCBBABBDDAAC,ABABCDCCACBBDDACCDDDBCBCABACACABBCABDDBBCDCCCCBBABBDADAC,,,0,223,,,,,L_T1_GTR___hekomi__,,,,,,,,,12,24,55,522421124425525422511000151155000007415220000000414000000000414400000000,,00000693,,,,,,,,29,3,0,5,5,693,,52251444245511421411544525242452545211551444445525511224,BAABDCCCACBBDDCADCDDBCCBABACACBABCBADDBBDCCCCCBBABBDDAAC,ABABCDCCACBBDDACCDDDBCBCABACACABBCABDDBBCDCCCCBBABBDADAC,,,1,693,,,,,L_T1_GTR___standard,,,,,L_T1_GTR03_33000001,,,
90150,57,,,,,,,,,12,24,55,251160000000252442544500121455156127415245146600414524144620455442255525,,00000223,,,,,,,,27,27,0,3,3,223,,52251444245511421411544525242452545211551444445525511224,BAABDCCCACBBDDCADCDDBCCBABACACBABCBADDBBDCCCCCBBABBDDAAC,ABABCDCCACBBDDACCDDDBCBCABACACABBCABDDBBCDCCCCBBABBDADAC,,,0,223,,,,,L_T1_GTR___hekomi__,,,,,,,,,24,55,41,522421124425525422511000151155000007415221200000414000000000414400000000,,00000701,,,,,,,,30,4,0,8,8,701,,5225144424551142141154452524245254521155144444552551122455,BAABDCCCACBBDDCADCDDBCCBABACACBABCBADDBBDCCCCCBBABBDDAACBB,ABABCDCCACBBDDACCDDDBCBCABACACABBCABDDBBCDCCCCBBABBDADACBB,,,1,701,,,,,L_T1_GTR___standard,,,,,L_T1_GTR03_33000001,,,
90188,59,,,,,,,,,24,55,41,251162100000252442544500121455156167415245146200414524144660455442255525,,00000224,,,,,,,,28,28,0,1,1,224,,5225144424551142141154452524245254521155144444552551122455,BAABDCCCACBBDDCADCDDBCCBABACACBABCBADDBBDCCCCCBBABBDDAACBB,ABABCDCCACBBDDACCDDDBCBCABACACABBCABDDBBCDCCCCBBABBDADACBB,,,0,224,,,,,L_T1_GTR___hekomi__,,,,,,,,,55,41,22,522421124425525422511000151155000007415221224000414000000000414400000000,,00000707,,,,,,,,31,5,0,6,6,707,,522514442455114214115445252424525452115514444455255112245541,BAABDCCCACBBDDCADCDDBCCBABACACBABCBADDBBDCCCCCBBABBDDAACBBCD,ABABCDCCACBBDDACCDDDBCBCABACACABBCABDDBBCDCCCCBBABBDADACBBCD,,,1,707,,,,,L_T1_GTR___standard,,,,,L_T1_GTR03_33000001,,,
90231,60,,,,,,,,,55,41,22,251162124000252442544500121455156167415245146600414524144660455442255525,,00000230,,,,,,,,29,29,0,6,6,230,,522514442455114214115445252424525452115514444455255112245541,BAABDCCCACBBDDCADCDDBCCBABACACBABCBADDBBDCCCCCBBABBDDAACBBCD,ABABCDCCACBBDDACCDDDBCBCABACACABBCABDDBBCDCCCCBBABBDADACBBCD,,,0,230,,,,,L_T1_GTR___hekomi__,,,,,,,,,55,41,22,522421124425525422511000151155000007415221224000414000000000414400000000,,00000707,,,,,,,,31,5,0,6,6,707,,522514442455114214115445252424525452115514444455255112245541,BAABDCCCACBBDDCADCDDBCCBABACACBABCBADDBBDCCCCCBBABBDDAACBBCD,ABABCDCCACBBDDACCDDDBCBCABACACABBCABDDBBCDCCCCBBABBDADACBBCD,,,1,707,,,,,L_T1_GTR___standard,,,,,L_T1_GTR03_33000001,,,
90237,61,,,,,,,,,55,41,22,251162124000252442544500121455156167415245146600414524144660455442255525,,00000230,,,,,,,,29,29,0,6,6,230,,522514442455114214115445252424525452115514444455255112245541,BAABDCCCACBBDDCADCDDBCCBABACACBABCBADDBBDCCCCCBBABBDDAACBBCD,ABABCDCCACBBDDACCDDDBCBCABACACABBCABDDBBCDCCCCBBABBDADACBBCD,,,0,230,,,,,L_T1_GTR___hekomi__,,,,,,,,,41,22,41,522421124425525422511000151155000007415221224000414550000000414400000000,,00000716,,,,,,,,32,6,0,9,9,716,,52251444245511421411544525242452545211551444445525511224554122,BAABDCCCACBBDDCADCDDBCCBABACACBABCBADDBBDCCCCCBBABBDDAACBBCDAA,ABABCDCCACBBDDACCDDDBCBCABACACABBCABDDBBCDCCCCBBABBDADACBBCDAA,,,1,716,,,,,L_T1_GTR___standard,,,,,L_T1_GTR03_33000001,,,
90267,62,,,,,,,,,41,22,41,251162124000252442544555121455156167415245146600414524144660455442255525,,00000232,,,,,,,,30,30,0,2,2,232,,52251444245511421411544525242452545211551444445525511224554122,BAABDCCCACBBDDCADCDDBCCBABACACBABCBADDBBDCCCCCBBABBDDAACBBCDAA,ABABCDCCACBBDDACCDDDBCBCABACACABBCABDDBBCDCCCCBBABBDADACBBCDAA,,,0,232,,,,,L_T1_GTR___hekomi__,,,,,,,,,41,22,41,522421124425525422511000151155000007415221224000414550000000414400000000,,00000716,,,,,,,,32,6,0,9,9,716,,52251444245511421411544525242452545211551444445525511224554122,BAABDCCCACBBDDCADCDDBCCBABACACBABCBADDBBDCCCCCBBABBDDAACBBCDAA,ABABCDCCACBBDDACCDDDBCBCABACACABBCABDDBBCDCCCCBBABBDADACBBCDAA,,,1,716,,,,,L_T1_GTR___standard,,,,,L_T1_GTR03_33000001,,,
90303,63,,,,,,,,,41,22,41,251162124000252442544555121455156167415245146600414524144660455442255525,,00000232,,,,,,,,30,30,0,2,2,232,,52251444245511421411544525242452545211551444445525511224554122,BAABDCCCACBBDDCADCDDBCCBABACACBABCBADDBBDCCCCCBBABBDDAACBBCDAA,ABABCDCCACBBDDACCDDDBCBCABACACABBCABDDBBCDCCCCBBABBDADACBBCDAA,,,0,232,,,,,L_T1_GTR___hekomi__,,,,,,,,,22,41,55,522421124425525422511000151155000007415221224400414551000000414400000000,,00000720,,,,,,,,33,7,0,4,4,720,,5225144424551142141154452524245254521155144444552551122455412241,BAABDCCCACBBDDCADCDDBCCBABACACBABCBADDBBDCCCCCBBABBDDAACBBCDAACD,ABABCDCCACBBDDACCDDDBCBCABACACABBCABDDBBCDCCCCBBABBDADACBBCDAACD,,,1,720,,,,,L_T1_GTR___standard,,,,,L_T1_GTR03_33000001,,,
90328,64,,,,,,,,,,22,41,251162124400252442544555121455156167415245146600414524144660455442255525,,bb40abb1,,,,,,,,31,0,1,bb40abb1,40,272,,52251444245511421411544525242452545211551444445525511224554122,BAABDCCCACBBDDCADCDDBCCBABACACBABCBADDBBDCCCCCBBABBDDAACBBCDAA,ABABCDCCACBBDDACCDDDBCBCABACACABBCABDDBBCDCCCCBBABBDADACBBCDAA,,,1,272,,,,,L_T1_GTR___hekomi__,,,,,,,,,22,41,55,522421124425525422511000151155000007415221224400414551000000414400000000,,00000720,,,,,,,,33,7,0,4,4,720,,5225144424551142141154452524245254521155144444552551122455412241,BAABDCCCACBBDDCADCDDBCCBABACACBABCBADDBBDCCCCCBBABBDDAACBBCDAACD,ABABCDCCACBBDDACCDDDBCBCABACACABBCABDDBBCDCCCCBBABBDADACBBCDAACD,,,1,720,,,,,L_T1_GTR___standard,,,,,L_T1_GTR03_33000001,,,
90368,65,,,,,,,,,,22,41,251162124400252442544555121455156167415245146600414524144660455442255525,,bb40abb1,,,,,,,,31,0,1,bb40abb1,40,272,,52251444245511421411544525242452545211551444445525511224554122,BAABDCCCACBBDDCADCDDBCCBABACACBABCBADDBBDCCCCCBBABBDDAACBBCDAA,ABABCDCCACBBDDACCDDDBCBCABACACABBCABDDBBCDCCCCBBABBDADACBBCDAA,,,1,272,,,,,L_T1_GTR___hekomi__,,,,,,,,,41,55,45,522421124425525422511000151155200007415221224420414551000000414400000000,,00000723,,,,,,,,34,8,0,3,3,723,,522514442455114214115445252424525452115514444455255112245541224155,BAABDCCCACBBDDCADCDDBCCBABACACBABCBADDBBDCCCCCBBABBDDAACBBCDAACDBB,ABABCDCCACBBDDACCDDDBCBCABACACABBCABDDBBCDCCCCBBABBDADACBBCDAACDBB,,,1,723,,,,,L_T1_GTR___standard,,,,,L_T1_GTR03_33000001,,,
90406,66,,,,,,,,,,22,41,251162124400252442544555121455156167415245146600414524144660455442255525,,bb40abb1,,,,,,,,31,0,1,bb40abb1,40,272,,52251444245511421411544525242452545211551444445525511224554122,BAABDCCCACBBDDCADCDDBCCBABACACBABCBADDBBDCCCCCBBABBDDAACBBCDAA,ABABCDCCACBBDDACCDDDBCBCABACACABBCABDDBBCDCCCCBBABBDADACBBCDAA,,,1,272,,,,,L_T1_GTR___hekomi__,,,,,,,,,55,45,51,522421124425525422511000151155200007415221224420414551140000414400000000,,00000729,,,,,,,,35,9,0,6,6,729,,52251444245511421411544525242452545211551444445525511224554122415545,BAABDCCCACBBDDCADCDDBCCBABACACBABCBADDBBDCCCCCBBABBDDAACBBCDAACDBBCB,ABABCDCCACBBDDACCDDDBCBCABACACABBCABDDBBCDCCCCBBABBDADACBBCDAACDBBBC,,,1,729,,,,,L_T1_GTR___standard,,,,,L_T1_GTR03_33000001,,,
90416,67,,,,,,,,,,22,41,251162120000252442555510121455151607415245146600414524144660455442255525,,bb50ab10,,,,,,,,32,0,2,bb50ab10,500,772,,52251444245511421411544525242452545211551444445525511224554122,BAABDCCCACBBDDCADCDDBCCBABACACBABCBADDBBDCCCCCBBABBDDAACBBCDAA,ABABCDCCACBBDDACCDDDBCBCABACACABBCABDDBBCDCCCCBBABBDADACBBCDAA,,,2,772,,,,,L_T1_GTR___hekomi__,,,,,,,,,55,45,51,522421124425525422511000151155200007415221224420414551140000414400000000,,00000729,,,,,,,,35,9,0,6,6,729,,52251444245511421411544525242452545211551444445525511224554122415545,BAABDCCCACBBDDCADCDDBCCBABACACBABCBADDBBDCCCCCBBABBDDAACBBCDAACDBBCB,ABABCDCCACBBDDACCDDDBCBCABACACABBCABDDBBCDCCCCBBABBDADACBBCDAACDBBBC,,,1,729,,,,,L_T1_GTR___standard,,,,,L_T1_GTR03_33000001,,,
90451,68,,,,,,,,,,22,41,251162120000252442555510121455151607415245146600414524144660455442255525,,bb50ab10,,,,,,,,32,0,2,bb50ab10,500,772,,52251444245511421411544525242452545211551444445525511224554122,BAABDCCCACBBDDCADCDDBCCBABACACBABCBADDBBDCCCCCBBABBDDAACBBCDAA,ABABCDCCACBBDDACCDDDBCBCABACACABBCABDDBBCDCCCCBBABBDADACBBCDAA,,,2,772,,,,,L_T1_GTR___hekomi__,,,,,,,,,45,51,42,522421124425525422511000151155255007415221224420414551140000414400000000,,00000735,,,,,,,,36,10,0,6,6,735,,5225144424551142141154452524245254521155144444552551122455412241554551,BAABDCCCACBBDDCADCDDBCCBABACACBABCBADDBBDCCCCCBBABBDDAACBBCDAACDBBCBBD,ABABCDCCACBBDDACCDDDBCBCABACACABBCABDDBBCDCCCCBBABBDADACBBCDAACDBBBCBD,,,1,735,,,,,L_T1_GTR___standard,,,,,L_T1_GTR03_33000001,,,
90502,69,,,,,,,,,,22,41,251162120000252442100000121455110007415245146600414524144660455442255525,,bb60ab19,,,,,,,,33,0,3,bb60ab19,1140,1912,,52251444245511421411544525242452545211551444445525511224554122,BAABDCCCACBBDDCADCDDBCCBABACACBABCBADDBBDCCCCCBBABBDDAACBBCDAA,ABABCDCCACBBDDACCDDDBCBCABACACABBCABDDBBCDCCCCBBABBDADACBBCDAA,,,3,1912,,,,,L_T1_GTR___hekomi__,,,,,,,,,45,51,42,522421124425525422511000151155255007415221224420414551140000414400000000,,00000735,,,,,,,,36,10,0,6,6,735,,5225144424551142141154452524245254521155144444552551122455412241554551,BAABDCCCACBBDDCADCDDBCCBABACACBABCBADDBBDCCCCCBBABBDDAACBBCDAACDBBCBBD,ABABCDCCACBBDDACCDDDBCBCABACACABBCABDDBBCDCCCCBBABBDADACBBCDAACDBBBCBD,,,1,735,,,,,L_T1_GTR___standard,,,,,L_T1_GTR03_33000001,,,
90510,70,,,,,,,,,,22,41,251162120000252442100000121455110007415245146600414524144660455442255525,,bb60ab19,,,,,,,,33,0,3,bb60ab19,1140,1912,,52251444245511421411544525242452545211551444445525511224554122,BAABDCCCACBBDDCADCDDBCCBABACACBABCBADDBBDCCCCCBBABBDDAACBBCDAA,ABABCDCCACBBDDACCDDDBCBCABACACABBCABDDBBCDCCCCBBABBDADACBBCDAA,,,3,1912,,,,,L_T1_GTR___hekomi__,,,,,,,,,,51,42,522421124425525422511000151155255007415221224420414551144000414450000000,,bb40abb1,,,,,,,,37,0,1,bb40abb1,40,775,,5225144424551142141154452524245254521155144444552551122455412241554551,BAABDCCCACBBDDCADCDDBCCBABACACBABCBADDBBDCCCCCBBABBDDAACBBCDAACDBBCBBD,ABABCDCCACBBDDACCDDDBCBCABACACABBCABDDBBCDCCCCBBABBDADACBBCDAACDBBBCBD,,,1,775,,,,,L_T1_GTR___standard,,,,,L_T1_GTR03_33000001,,,
90581,71,,,,,,,,,,22,41,251162200000252442000000121455000007415245466000414524446600455442255525,,bb40ab32,,,,,,,,34,0,4,bb40ab32,1280,3192,,52251444245511421411544525242452545211551444445525511224554122,BAABDCCCACBBDDCADCDDBCCBABACACBABCBADDBBDCCCCCBBABBDDAACBBCDAA,ABABCDCCACBBDDACCDDDBCBCABACACABBCABDDBBCDCCCCBBABBDADACBBCDAA,,,4,3192,,,,,L_T1_GTR___hekomi__,,,,,,,,,,51,42,522421124425525422511000151155255007415221224420414551144000414450000000,,bb40abb1,,,,,,,,37,0,1,bb40abb1,40,775,,5225144424551142141154452524245254521155144444552551122455412241554551,BAABDCCCACBBDDCADCDDBCCBABACACBABCBADDBBDCCCCCBBABBDDAACBBCDAACDBBCBBD,ABABCDCCACBBDDACCDDDBCBCABACACABBCABDDBBCDCCCCBBABBDADACBBCDAACDBBBCBD,,,1,775,,,,,L_T1_GTR___standard,,,,,L_T1_GTR03_33000001,,,
90592,72,,,,,,,,,,22,41,251162200000252442000000121455000007415245466000414524446600455442255525,,bb40ab32,,,,,,,,34,0,4,bb40ab32,1280,3192,,52251444245511421411544525242452545211551444445525511224554122,BAABDCCCACBBDDCADCDDBCCBABACACBABCBADDBBDCCCCCBBABBDDAACBBCDAA,ABABCDCCACBBDDACCDDDBCBCABACACABBCABDDBBCDCCCCBBABBDADACBBCDAA,,,4,3192,,,,,L_T1_GTR___hekomi__,,,,,,,,,,51,42,522421124425525422511000151155255007415221222000414551100000414450000000,,bb40abb8,,,,,,,,38,0,2,bb40abb8,320,1095,,5225144424551142141154452524245254521155144444552551122455412241554551,BAABDCCCACBBDDCADCDDBCCBABACACBABCBADDBBDCCCCCBBABBDDAACBBCDAACDBBCBBD,ABABCDCCACBBDDACCDDDBCBCABACACABBCABDDBBCDCCCCBBABBDADACBBCDAACDBBBCBD,,,2,1095,,,,,L_T1_GTR___standard,,,,,L_T1_GTR03_33000001,,,
90657,73,,,,,,,,,22,41,55,251162200000252442000000121455000007415245600000414526000000455442255525,,00003193,,,,,,,,35,1,0,1,1,3193,,5225144424551142141154452524245254521155144444552551122455412241,BAABDCCCACBBDDCADCDDBCCBABACACBABCBADDBBDCCCCCBBABBDDAACBBCDAACD,ABABCDCCACBBDDACCDDDBCBCABACACABBCABDDBBCDCCCCBBABBDADACBBCDAACD,,,4,3193,,,,,L_T1_GTR___hekomi__,,,,,,,,,,51,42,522421124425525422511000151155255007415221222000414551100000414450000000,,bb40abb8,,,,,,,,38,0,2,bb40abb8,320,1095,,5225144424551142141154452524245254521155144444552551122455412241554551,BAABDCCCACBBDDCADCDDBCCBABACACBABCBADDBBDCCCCCBBABBDDAACBBCDAACDBBCBBD,ABABCDCCACBBDDACCDDDBCBCABACACABBCABDDBBCDCCCCBBABBDADACBBCDAACDBBBCBD,,,2,1095,,,,,L_T1_GTR___standard,,,,,L_T1_GTR03_33000001,,,
90671,74,,,,,,,,,22,41,55,251162200000252442000000121455000007415245600000414526000000455442255525,,00003193,,,,,,,,35,1,0,1,1,3193,,5225144424551142141154452524245254521155144444552551122455412241,BAABDCCCACBBDDCADCDDBCCBABACACBABCBADDBBDCCCCCBBABBDDAACBBCDAACD,ABABCDCCACBBDDACCDDDBCBCABACACABBCABDDBBCDCCCCBBABBDADACBBCDAACD,,,4,3193,,,,,L_T1_GTR___hekomi__,,,,,,,,,,51,42,522421124425525422511000151155550007415221000000414551100000414450000000,,bb50ab18,,,,,,,,39,0,3,bb50ab18,900,1995,,5225144424551142141154452524245254521155144444552551122455412241554551,BAABDCCCACBBDDCADCDDBCCBABACACBABCBADDBBDCCCCCBBABBDDAACBBCDAACDBBCBBD,ABABCDCCACBBDDACCDDDBCBCABACACABBCABDDBBCDCCCCBBABBDADACBBCDAACDBBBCBD,,,3,1995,,,,,L_T1_GTR___standard,,,,,L_T1_GTR03_33000001,,,
90702,75,,,,,,,,,41,55,45,251162200000252442000000121455220007415245600000414526000000455442255525,,00003199,,,,,,,,36,2,0,6,6,3199,,522514442455114214115445252424525452115514444455255112245541224155,BAABDCCCACBBDDCADCDDBCCBABACACBABCBADDBBDCCCCCBBABBDDAACBBCDAACDBB,ABABCDCCACBBDDACCDDDBCBCABACACABBCABDDBBCDCCCCBBABBDADACBBCDAACDBB,,,4,3199,,,,,L_T1_GTR___hekomi__,,,,,,,,,,51,42,522421124425525422511000151155550007415221000000414551100000414450000000,,bb50ab18,,,,,,,,39,0,3,bb50ab18,900,1995,,5225144424551142141154452524245254521155144444552551122455412241554551,BAABDCCCACBBDDCADCDDBCCBABACACBABCBADDBBDCCCCCBBABBDDAACBBCDAACDBBCBBD,ABABCDCCACBBDDACCDDDBCBCABACACABBCABDDBBCDCCCCBBABBDADACBBCDAACDBBBCBD,,,3,1995,,,,,L_T1_GTR___standard,,,,,L_T1_GTR03_33000001,,,
90751,76,,,,,,,,,41,55,45,251162200000252442000000121455220007415245600000414526000000455442255525,,00003199,,,,,,,,36,2,0,6,6,3199,,522514442455114214115445252424525452115514444455255112245541224155,BAABDCCCACBBDDCADCDDBCCBABACACBABCBADDBBDCCCCCBBABBDDAACBBCDAACDBB,ABABCDCCACBBDDACCDDDBCBCABACACABBCABDDBBCDCCCCBBABBDADACBBCDAACDBB,,,4,3199,,,,,L_T1_GTR___hekomi__,,,,,,,,,,51,42,522421124425525422110000151100000007415221000000414551100000414450000000,,bb40ab32,,,,,,,,40,0,4,bb40ab32,1280,3275,,5225144424551142141154452524245254521155144444552551122455412241554551,BAABDCCCACBBDDCADCDDBCCBABACACBABCBADDBBDCCCCCBBABBDDAACBBCDAACDBBCBBD,ABABCDCCACBBDDACCDDDBCBCABACACABBCABDDBBCDCCCCBBABBDADACBBCDAACDBBBCBD,,,4,3275,,,,,L_T1_GTR___standard,,,,,L_T1_GTR03_33000001,,,
90761,77,,,,,,,,,55,45,51,251162210000252442400000121455220007415245600000414526000000455442255525,,00003205,,,,,,,,37,3,0,6,6,3205,,52251444245511421411544525242452545211551444445525511224554122415545,BAABDCCCACBBDDCADCDDBCCBABACACBABCBADDBBDCCCCCBBABBDDAACBBCDAACDBBCB,ABABCDCCACBBDDACCDDDBCBCABACACABBCABDDBBCDCCCCBBABBDADACBBCDAACDBBBC,,,4,3205,,,,,L_T1_GTR___hekomi__,,,,,,,,,,51,42,522421124425525422110000151100000007415221000000414551100000414450000000,,bb40ab32,,,,,,,,40,0,4,bb40ab32,1280,3275,,5225144424551142141154452524245254521155144444552551122455412241554551,BAABDCCCACBBDDCADCDDBCCBABACACBABCBADDBBDCCCCCBBABBDDAACBBCDAACDBBCBBD,ABABCDCCACBBDDACCDDDBCBCABACACABBCABDDBBCDCCCCBBABBDADACBBCDAACDBBBCBD,,,4,3275,,,,,L_T1_GTR___standard,,,,,L_T1_GTR03_33000001,,,
90796,78,,,,,,,,,45,51,42,251162215500252442400000121455220007415245600000414526000000455442255525,,00003209,,,,,,,,38,4,0,4,4,3209,,5225144424551142141154452524245254521155144444552551122455412241554551,BAABDCCCACBBDDCADCDDBCCBABACACBABCBADDBBDCCCCCBBABBDDAACBBCDAACDBBCBBD,ABABCDCCACBBDDACCDDDBCBCABACACABBCABDDBBCDCCCCBBABBDADACBBCDAACDBBBCBD,,,4,3209,,,,,L_T1_GTR___hekomi__,,,,,,,,,,51,42,522421124425525422110000151100000007415221000000414551100000414450000000,,bb40ab32,,,,,,,,40,0,4,bb40ab32,1280,3275,,5225144424551142141154452524245254521155144444552551122455412241554551,BAABDCCCACBBDDCADCDDBCCBABACACBABCBADDBBDCCCCCBBABBDDAACBBCDAACDBBCBBD,ABABCDCCACBBDDACCDDDBCBCABACACABBCABDDBBCDCCCCBBABBDADACBBCDAACDBBBCBD,,,4,3275,,,,,L_T1_GTR___standard,,,,,L_T1_GTR03_33000001,,,
90834,79,,,,,,,,,45,51,42,251162215500252442400000121455220007415245600000414526000000455442255525,,00003209,,,,,,,,38,4,0,4,4,3209,,5225144424551142141154452524245254521155144444552551122455412241554551,BAABDCCCACBBDDCADCDDBCCBABACACBABCBADDBBDCCCCCBBABBDDAACBBCDAACDBBCBBD,ABABCDCCACBBDDACCDDDBCBCABACACABBCABDDBBCDCCCCBBABBDADACBBCDAACDBBBCBD,,,4,3209,,,,,L_T1_GTR___hekomi__,,,,,,,,,,51,42,522422442500525422000000151100000007415221000000414551100000414450000000,,bb40ab64,,,,,,,,41,0,5,bb40ab64,2560,5835,,5225144424551142141154452524245254521155144444552551122455412241554551,BAABDCCCACBBDDCADCDDBCCBABACACBABCBADDBBDCCCCCBBABBDDAACBBCDAACDBBCBBD,ABABCDCCACBBDDACCDDDBCBCABACACABBCABDDBBCDCCCCBBABBDADACBBCDAACDBBBCBD,,,5,5835,,,,,L_T1_GTR___standard,,,,,L_T1_GTR03_33000001,,,
90857,80,,,,,,,,,51,42,51,251162215500252442400000121455220007415245650000414526400000455442255525,,00003215,,,,,,,,39,5,0,6,6,3215,,522514442455114214115445252424525452115514444455255112245541224155455142,BAABDCCCACBBDDCADCDDBCCBABACACBABCBADDBBDCCCCCBBABBDDAACBBCDAACDBBCBBDCA,ABABCDCCACBBDDACCDDDBCBCABACACABBCABDDBBCDCCCCBBABBDADACBBCDAACDBBBCBDAC,,,4,3215,,,,,L_T1_GTR___hekomi__,,,,,,,,,,51,42,522422442500525422000000151100000007415221000000414551100000414450000000,,bb40ab64,,,,,,,,41,0,5,bb40ab64,2560,5835,,5225144424551142141154452524245254521155144444552551122455412241554551,BAABDCCCACBBDDCADCDDBCCBABACACBABCBADDBBDCCCCCBBABBDDAACBBCDAACDBBCBBD,ABABCDCCACBBDDACCDDDBCBCABACACABBCABDDBBCDCCCCBBABBDADACBBCDAACDBBBCBD,,,5,5835,,,,,L_T1_GTR___standard,,,,,L_T1_GTR03_33000001,,,
90893,81,,,,,,,,,42,51,11,251162215500250442451000121455220007415245650000414526400000455442255525,,00003221,,,,,,,,40,6,0,6,6,3221,,52251444245511421411544525242452545211551444445525511224554122415545514251,BAABDCCCACBBDDCADCDDBCCBABACACBABCBADDBBDCCCCCBBABBDDAACBBCDAACDBBCBBDCABD,ABABCDCCACBBDDACCDDDBCBCABACACABBCABDDBBCDCCCCBBABBDADACBBCDAACDBBBCBDACBD,,,4,3221,,,,,,,,,,,,,,,51,42,522422442500525422000000151100000007415221000000414551100000414450000000,,bb40ab64,,,,,,,,41,0,5,bb40ab64,2560,5835,,5225144424551142141154452524245254521155144444552551122455412241554551,BAABDCCCACBBDDCADCDDBCCBABACACBABCBADDBBDCCCCCBBABBDDAACBBCDAACDBBCBBD,ABABCDCCACBBDDACCDDDBCBCABACACABBCABDDBBCDCCCCBBABBDADACBBCDAACDBBBCBD,,,5,5835,,,,,L_T1_GTR___standard,,,,,L_T1_GTR03_33000001,,,
90914,82,,,,,,,,,42,51,11,251162215500250442451000121455220007415245650000414526400000455442255525,,00003221,,,,,,,,40,6,0,6,6,3221,,52251444245511421411544525242452545211551444445525511224554122415545514251,BAABDCCCACBBDDCADCDDBCCBABACACBABCBADDBBDCCCCCBBABBDDAACBBCDAACDBBCBBDCABD,ABABCDCCACBBDDACCDDDBCBCABACACABBCABDDBBCDCCCCBBABBDADACBBCDAACDBBBCBDACBD,,,4,3221,,,,,,,,,,,,,,,51,42,522444250000525400000000151100000007415221000000414551100000414450000000,,bb40ab96,,,,,,,,42,0,6,bb40ab96,3840,9675,,5225144424551142141154452524245254521155144444552551122455412241554551,BAABDCCCACBBDDCADCDDBCCBABACACBABCBADDBBDCCCCCBBABBDDAACBBCDAACDBBCBBD,ABABCDCCACBBDDACCDDDBCBCABACACABBCABDDBBCDCCCCBBABBDADACBBCDAACDBBBCBD,,,6,9675,,,,,L_T1_GTR___standard,,,,,L_T1_GTR03_33000001,,,
90951,83,,,,,,,,,51,11,25,251162215500252442451000121455220007415245652000414526440000455442255525,,00003226,,,,,,,,41,7,0,5,5,3226,,5225144424551142141154452524245254521155144444552551122455412241554551425111,BAABDCCCACBBDDCADCDDBCCBABACACBABCBADDBBDCCCCCBBABBDDAACBBCDAACDBBCBBDCABDDD,ABABCDCCACBBDDACCDDDBCBCABACACABBCABDDBBCDCCCCBBABBDADACBBCDAACDBBBCBDACBDDD,,,4,3226,,,,,L_T1_GTR___hekomi__,,,,,,,,,,51,42,522444250000525400000000151100000007415221000000414551100000414450000000,,bb40ab96,,,,,,,,42,0,6,bb40ab96,3840,9675,,5225144424551142141154452524245254521155144444552551122455412241554551,BAABDCCCACBBDDCADCDDBCCBABACACBABCBADDBBDCCCCCBBABBDDAACBBCDAACDBBCBBD,ABABCDCCACBBDDACCDDDBCBCABACACABBCABDDBBCDCCCCBBABBDADACBBCDAACDBBBCBD,,,6,9675,,,,,L_T1_GTR___standard,,,,,L_T1_GTR03_33000001,,,
91000,84,,,,,,,,,51,11,25,251162215500252442451000121455220007415245652000414526440000455442255525,,00003226,,,,,,,,41,7,0,5,5,3226,,5225144424551142141154452524245254521155144444552551122455412241554551425111,BAABDCCCACBBDDCADCDDBCCBABACACBABCBADDBBDCCCCCBBABBDDAACBBCDAACDBBCBBDCABDDD,ABABCDCCACBBDDACCDDDBCBCABACACABBCABDDBBCDCCCCBBABBDADACBBCDAACDBBBCBDACBDDD,,,4,3226,,,,,L_T1_GTR___hekomi__,,,,,,,,,,51,42,522250000000525000000000151100000007415221000000414551100000414450000000,,bb40a128,,,,,,,,43,0,7,bb40a128,5120,14795,,5225144424551142141154452524245254521155144444552551122455412241554551,BAABDCCCACBBDDCADCDDBCCBABACACBABCBADDBBDCCCCCBBABBDDAACBBCDAACDBBCBBD,ABABCDCCACBBDDACCDDDBCBCABACACABBCABDDBBCDCCCCBBABBDADACBBCDAACDBBBCBD,,,7,14795,,,,,,,,,,,,,
91015,85,,,,,,,,,11,25,22,251162215500252442451000121455225007415245652100414526440000455442255525,,00003230,,,,,,,,42,8,0,4,4,3230,,522514442455114214115445252424525452115514444455255112245541224155455142511125,BAABDCCCACBBDDCADCDDBCCBABACACBABCBADDBBDCCCCCBBABBDDAACBBCDAACDBBCBBDCABDDDAB,ABABCDCCACBBDDACCDDDBCBCABACACABBCABDDBBCDCCCCBBABBDADACBBCDAACDBBBCBDACBDDDAB,,,4,3230,,,,,L_T1_GTR___hekomi__,,,,,,,,,,51,42,522250000000525000000000151100000007415221000000414551100000414450000000,,bb40a128,,,,,,,,43,0,7,bb40a128,5120,14795,,5225144424551142141154452524245254521155144444552551122455412241554551,BAABDCCCACBBDDCADCDDBCCBABACACBABCBADDBBDCCCCCBBABBDDAACBBCDAACDBBCBBD,ABABCDCCACBBDDACCDDDBCBCABACACABBCABDDBBCDCCCCBBABBDADACBBCDAACDBBBCBD,,,7,14795,,,,,,,,,,,,,
91051,86,,,,,,,,,25,22,22,251162215500252442451000121455225007415245652100414526441100455442255525,,00003234,,,,,,,,43,9,0,4,4,3234,,52251444245511421411544525242452545211551444445525511224554122415545514251112522,BAABDCCCACBBDDCADCDDBCCBABACACBABCBADDBBDCCCCCBBABBDDAACBBCDAACDBBCBBDCABDDDABAA,ABABCDCCACBBDDACCDDDBCBCABACACABBCABDDBBCDCCCCBBABBDADACBBCDAACDBBBCBDACBDDDABAA,,,4,3234,,,,,L_T1_GTR___hekomi__,,,,,,,,,,51,42,522250000000525000000000151100000007415221000000414551100000414450000000,,bb40a128,,,,,,,,43,0,7,bb40a128,5120,14795,,5225144424551142141154452524245254521155144444552551122455412241554551,BAABDCCCACBBDDCADCDDBCCBABACACBABCBADDBBDCCCCCBBABBDDAACBBCDAACDBBCBBD,ABABCDCCACBBDDACCDDDBCBCABACACABBCABDDBBCDCCCCBBABBDADACBBCDAACDBBBCBD,,,7,14795,,,,,,,,,,,,,
91083,87,,,,,,,,,25,22,22,251162215500252442451000121455225007415245652100414526441100455442255525,,00003234,,,,,,,,43,9,0,4,4,3234,,52251444245511421411544525242452545211551444445525511224554122415545514251112522,BAABDCCCACBBDDCADCDDBCCBABACACBABCBADDBBDCCCCCBBABBDDAACBBCDAACDBBCBBDCABDDDABAA,ABABCDCCACBBDDACCDDDBCBCABACACABBCABDDBBCDCCCCBBABBDADACBBCDAACDBBBCBDACBDDDABAA,,,4,3234,,,,,L_T1_GTR___hekomi__,,,,,,,,,,51,42,550000000000550000000000151100000007415221000000414551100000414450000000,,bb50a162,,,,,,,,44,0,8,bb50a162,8100,22895,,5225144424551142141154452524245254521155144444552551122455412241554551,BAABDCCCACBBDDCADCDDBCCBABACACBABCBADDBBDCCCCCBBABBDDAACBBCDAACDBBCBBD,ABABCDCCACBBDDACCDDDBCBCABACACABBCABDDBBCDCCCCBBABBDADACBBCDAACDBBBCBD,,,8,22895,,,,,,,,,,,,,
91109,88,,,,,,,,,22,22,51,251162215550252442451200121455225007415245652100414526441100455442255525,,00003237,,,,,,,,44,10,0,3,3,3237,,5225144424551142141154452524245254521155144444552551122455412241554551425111252222,BAABDCCCACBBDDCADCDDBCCBABACACBABCBADDBBDCCCCCBBABBDDAACBBCDAACDBBCBBDCABDDDABAAAA,ABABCDCCACBBDDACCDDDBCBCABACACABBCABDDBBCDCCCCBBABBDADACBBCDAACDBBBCBDACBDDDABAAAA,,,4,3237,,,,,L_T1_GTR___hekomi__,,,,,,,,,,51,42,550000000000550000000000151100000007415221000000414551100000414450000000,,bb50a162,,,,,,,,44,0,8,bb50a162,8100,22895,,5225144424551142141154452524245254521155144444552551122455412241554551,BAABDCCCACBBDDCADCDDBCCBABACACBABCBADDBBDCCCCCBBABBDDAACBBCDAACDBBCBBD,ABABCDCCACBBDDACCDDDBCBCABACACABBCABDDBBCDCCCCBBABBDADACBBCDAACDBBBCBD,,,8,22895,,,,,,,,,,,,,
91160,89,,,,,,,,,22,51,24,251162215550252442451220121455225207415245652100414526441100455442255525,,00003240,,,,,,,,45,11,0,3,3,3240,,522514442455114214115445252424525452115514444455255112245541224155455142511125222251,BAABDCCCACBBDDCADCDDBCCBABACACBABCBADDBBDCCCCCBBABBDDAACBBCDAACDBBCBBDCABDDDABAAAABD,ABABCDCCACBBDDACCDDDBCBCABACACABBCABDDBBCDCCCCBBABBDADACBBCDAACDBBBCBDACBDDDABAAAABD,,,4,3240,,,,,L_T1_GTR___hekomi__,,,,,,,,,,51,42,550000000000550000000000151100000007415221000000414551100000414450000000,,bb50a162,,,,,,,,44,0,8,bb50a162,8100,22895,,5225144424551142141154452524245254521155144444552551122455412241554551,BAABDCCCACBBDDCADCDDBCCBABACACBABCBADDBBDCCCCCBBABBDDAACBBCDAACDBBCBBD,ABABCDCCACBBDDACCDDDBCBCABACACABBCABDDBBCDCCCCBBABBDADACBBCDAACDBBBCBD,,,8,22895,,,,,,,,,,,,,
91164,90,,,,,,,,,22,51,24,251162215550252442451220121455225207415245652100414526441100455442255525,,00003240,,,,,,,,45,11,0,3,3,3240,,522514442455114214115445252424525452115514444455255112245541224155455142511125222251,BAABDCCCACBBDDCADCDDBCCBABACACBABCBADDBBDCCCCCBBABBDDAACBBCDAACDBBCBBDCABDDDABAAAABD,ABABCDCCACBBDDACCDDDBCBCABACACABBCABDDBBCDCCCCBBABBDADACBBCDAACDBBBCBDACBDDDABAAAABD,,,4,3240,,,,,L_T1_GTR___hekomi__,,,,,,,,,,51,42,000000000000000000000000111000000007415221000000414551100000414450000000,,bb60a195,,,,,,,,45,0,9,bb60a195,11700,34595,,5225144424551142141154452524245254521155144444552551122455412241554551,BAABDCCCACBBDDCADCDDBCCBABACACBABCBADDBBDCCCCCBBABBDDAACBBCDAACDBBCBBD,ABABCDCCACBBDDACCDDDBCBCABACACABBCABDDBBCDCCCCBBABBDADACBBCDAACDBBBCBD,,,9,34595,,,,,,,,,,,,,
91193,91,,,,,,,,,51,24,14,251162215552252442451220121455225207415245652100414526441100455442255525,,00003242,,,,,,,,46,12,0,2,2,3242,,52251444245511421411544525242452545211551444445525511224554122415545514251112522225124,BAABDCCCACBBDDCADCDDBCCBABACACBABCBADDBBDCCCCCBBABBDDAACBBCDAACDBBCBBDCABDDDABAAAABDAC,ABABCDCCACBBDDACCDDDBCBCABACACABBCABDDBBCDCCCCBBABBDADACBBCDAACDBBBCBDACBDDDABAAAABDAC,,,4,3242,,,,,L_T1_GTR___hekomi__,,,,,,,,,,51,42,000000000000000000000000111000000007415221000000414551100000414450000000,,bb60a195,,,,,,,,45,0,9,bb60a195,11700,34595,,5225144424551142141154452524245254521155144444552551122455412241554551,BAABDCCCACBBDDCADCDDBCCBABACACBABCBADDBBDCCCCCBBABBDDAACBBCDAACDBBCBBD,ABABCDCCACBBDDACCDDDBCBCABACACABBCABDDBBCDCCCCBBABBDADACBBCDAACDBBBCBD,,,9,34595,,,,,,,,,,,,,
91225,92,,,,,,,,,24,14,24,251162215552252442451220121455225210415245652150414526441100455442255525,,00003245,,,,,,,,47,13,0,3,3,3245,,5225144424551142141154452524245254521155144444552551122455412241554551425111252222512414,BAABDCCCACBBDDCADCDDBCCBABACACBABCBADDBBDCCCCCBBABBDDAACBBCDAACDBBCBBDCABDDDABAAAABDACDC,ABABCDCCACBBDDACCDDDBCBCABACACABBCABDDBBCDCCCCBBABBDADACBBCDAACDBBBCBDACBDDDABAAAABDACCD,,,4,3245,,,,,L_T1_GTR___hekomi__,,,,,,,,,,51,42,000000000000000000000000111000000007415221000000414551100000414450000000,,bb60a195,,,,,,,,45,0,9,bb60a195,11700,34595,,5225144424551142141154452524245254521155144444552551122455412241554551,BAABDCCCACBBDDCADCDDBCCBABACACBABCBADDBBDCCCCCBBABBDDAACBBCDAACDBBCBBD,ABABCDCCACBBDDACCDDDBCBCABACACABBCABDDBBCDCCCCBBABBDADACBBCDAACDBBBCBD,,,9,34595,,,,,,,,,,,,,
91244,93,,,,,,,,,24,14,24,251162215552252442451220121455225210415245652150414526441100455442255525,,00003245,,,,,,,,47,13,0,3,3,3245,,5225144424551142141154452524245254521155144444552551122455412241554551425111252222512414,BAABDCCCACBBDDCADCDDBCCBABACACBABCBADDBBDCCCCCBBABBDDAACBBCDAACDBBCBBDCABDDDABAAAABDACDC,ABABCDCCACBBDDACCDDDBCBCABACACABBCABDDBBCDCCCCBBABBDADACBBCDAACDBBBCBDACBDDDABAAAABDACCD,,,4,3245,,,,,L_T1_GTR___hekomi__,,,,,,,,,,51,42,000000000000000000000000000000000007452210000000445511000000444500000000,,bb60a227,,,,,,,,46,0,10,bb60a227,13620,48215,,5225144424551142141154452524245254521155144444552551122455412241554551,BAABDCCCACBBDDCADCDDBCCBABACACBABCBADDBBDCCCCCBBABBDDAACBBCDAACDBBCBBD,ABABCDCCACBBDDACCDDDBCBCABACACABBCABDDBBCDCCCCBBABBDADACBBCDAACDBBBCBD,,,9,48215,,,,,,,,,,,,,
91279,94,,,,,,,,,14,24,14,251162215552252442451220121455225217415245652152414526441140455442255525,,00003247,,,,,,,,48,14,0,2,2,3247,,522514442455114214115445252424525452115514444455255112245541224155455142511125222251241424,BAABDCCCACBBDDCADCDDBCCBABACACBABCBADDBBDCCCCCBBABBDDAACBBCDAACDBBCBBDCABDDDABAAAABDACDCAC,ABABCDCCACBBDDACCDDDBCBCABACACABBCABDDBBCDCCCCBBABBDADACBBCDAACDBBBCBDACBDDDABAAAABDACCDAC,,,4,3247,,,,,L_T1_GTR___hekomi__,,,,,,,,,,51,42,000000000000000000000000000000000007452210000000445511000000444500000000,,bb60a227,,,,,,,,46,0,10,bb60a227,13620,48215,,5225144424551142141154452524245254521155144444552551122455412241554551,BAABDCCCACBBDDCADCDDBCCBABACACBABCBADDBBDCCCCCBBABBDDAACBBCDAACDBBCBBD,ABABCDCCACBBDDACCDDDBCBCABACACABBCABDDBBCDCCCCBBABBDADACBBCDAACDBBBCBD,,,9,48215,,,,,,,,,,,,,
91327,95,,,,,,,,,14,24,14,251162215552252442451220121455225217415245652152414526441140455442255525,,00003247,,,,,,,,48,14,0,2,2,3247,,522514442455114214115445252424525452115514444455255112245541224155455142511125222251241424,BAABDCCCACBBDDCADCDDBCCBABACACBABCBADDBBDCCCCCBBABBDDAACBBCDAACDBBCBBDCABDDDABAAAABDACDCAC,ABABCDCCACBBDDACCDDDBCBCABACACABBCABDDBBCDCCCCBBABBDADACBBCDAACDBBBCBDACBDDDABAAAABDACCDAC,,,4,3247,,,,,L_T1_GTR___hekomi__,,,,,,,,,,51,42,000000000000000000000000000000000007522100000000551100000000500000000000,,bb40a256,,,,,,,,47,0,11,bb40a256,10240,58455,,5225144424551142141154452524245254521155144444552551122455412241554551,BAABDCCCACBBDDCADCDDBCCBABACACBABCBADDBBDCCCCCBBABBDDAACBBCDAACDBBCBBD,ABABCDCCACBBDDACCDDDBCBCABACACABBCABDDBBCDCCCCBBABBDADACBBCDAACDBBBCBD,,,9,58455,,,,,,,,,,,,,
91342,96,,,,,,,,,24,14,12,251162215552252442451220121455225217415245652152414526441144455442255525,,00003248,,,,,,,,49,15,0,1,1,3248,,52251444245511421411544525242452545211551444445525511224554122415545514251112522225124142414,BAABDCCCACBBDDCADCDDBCCBABACACBABCBADDBBDCCCCCBBABBDDAACBBCDAACDBBCBBDCABDDDABAAAABDACDCACDC,ABABCDCCACBBDDACCDDDBCBCABACACABBCABDDBBCDCCCCBBABBDADACBBCDAACDBBBCBDACBDDDABAAAABDACCDACCD,,,4,3248,,,,,L_T1_GTR___hekomi__,,,,,,,,,,51,42,000000000000000000000000000000000007522100000000551100000000500000000000,,bb40a256,,,,,,,,47,0,11,bb40a256,10240,58455,,5225144424551142141154452524245254521155144444552551122455412241554551,BAABDCCCACBBDDCADCDDBCCBABACACBABCBADDBBDCCCCCBBABBDDAACBBCDAACDBBCBBD,ABABCDCCACBBDDACCDDDBCBCABACACABBCABDDBBCDCCCCBBABBDADACBBCDAACDBBBCBD,,,9,58455,,,,,,,,,,,,,
91365,97,,,,,,,,,,14,12,251162215552252442451222121455225217415245652152414526441144455442255525,,bb50abb2,,,,,,,,50,0,1,bb50abb2,100,3348,,52251444245511421411544525242452545211551444445525511224554122415545514251112522225124142414,BAABDCCCACBBDDCADCDDBCCBABACACBABCBADDBBDCCCCCBBABBDDAACBBCDAACDBBCBBDCABDDDABAAAABDACDCACDC,ABABCDCCACBBDDACCDDDBCBCABACACABBCABDDBBCDCCCCBBABBDADACBBCDAACDBBBCBDACBDDDABAAAABDACCDACCD,,,4,3348,,,,,L_T1_GTR___hekomi__,,,,,,,,,,51,42,000000000000000000000000000000000007522100000000551100000000500000000000,,bb40a256,,,,,,,,47,0,11,bb40a256,10240,58455,,5225144424551142141154452524245254521155144444552551122455412241554551,BAABDCCCACBBDDCADCDDBCCBABACACBABCBADDBBDCCCCCBBABBDDAACBBCDAACDBBCBBD,ABABCDCCACBBDDACCDDDBCBCABACACABBCABDDBBCDCCCCBBABBDADACBBCDAACDBBBCBD,,,9,58455,,,,,,,,,,,,,
91420,98,,,,,,,,,,14,12,251162215552252442451222121455225217415245652152414526441144455442255525,,bb50abb2,,,,,,,,50,0,1,bb50abb2,100,3348,,52251444245511421411544525242452545211551444445525511224554122415545514251112522225124142414,BAABDCCCACBBDDCADCDDBCCBABACACBABCBADDBBDCCCCCBBABBDDAACBBCDAACDBBCBBDCABDDDABAAAABDACDCACDC,ABABCDCCACBBDDACCDDDBCBCABACACABBCABDDBBCDCCCCBBABBDADACBBCDAACDBBBCBDACBDDDABAAAABDACCDACCD,,,4,3348,,,,,L_T1_GTR___hekomi__,,,,,,,,,51,42,51,000000000000000000000000000000000007221000000000110000000000000000000000,,00058460,,,,,,,,48,1,0,5,5,58460,,522514442455114214115445252424525452115514444455255112245541224155455142,BAABDCCCACBBDDCADCDDBCCBABACACBABCBADDBBDCCCCCBBABBDDAACBBCDAACDBBCBBDCA,ABABCDCCACBBDDACCDDDBCBCABACACABBCABDDBBCDCCCCBBABBDADACBBCDAACDBBBCBDAC,,,9,58460,,,,,,,,,,,,,
91454,99,,,,,,,,,,14,12,251162215552252442451400121455225107415245652152414526441144455442255525,,bb40abb8,,,,,,,,51,0,2,bb40abb8,320,3668,,52251444245511421411544525242452545211551444445525511224554122415545514251112522225124142414,BAABDCCCACBBDDCADCDDBCCBABACACBABCBADDBBDCCCCCBBABBDDAACBBCDAACDBBCBBDCABDDDABAAAABDACDCACDC,ABABCDCCACBBDDACCDDDBCBCABACACABBCABDDBBCDCCCCBBABBDADACBBCDAACDBBBCBDACBDDDABAAAABDACCDACCD,,,4,3668,,,,,L_T1_GTR___hekomi__,,,,,,,,,51,42,51,000000000000000000000000000000000007221000000000110000000000000000000000,,00058460,,,,,,,,48,1,0,5,5,58460,,522514442455114214115445252424525452115514444455255112245541224155455142,BAABDCCCACBBDDCADCDDBCCBABACACBABCBADDBBDCCCCCBBABBDDAACBBCDAACDBBCBBDCA,ABABCDCCACBBDDACCDDDBCBCABACACABBCABDDBBCDCCCCBBABBDADACBBCDAACDBBBCBDAC,,,9,58460,,,,,,,,,,,,,
91475,100,,,,,,,,,,14,12,251162215552252442451400121455225107415245652152414526441144455442255525,,bb40abb8,,,,,,,,51,0,2,bb40abb8,320,3668,,52251444245511421411544525242452545211551444445525511224554122415545514251112522225124142414,BAABDCCCACBBDDCADCDDBCCBABACACBABCBADDBBDCCCCCBBABBDDAACBBCDAACDBBCBBDCABDDDABAAAABDACDCACDC,ABABCDCCACBBDDACCDDDBCBCABACACABBCABDDBBCDCCCCBBABBDADACBBCDAACDBBBCBDACBDDDABAAAABDACCDACCD,,,4,3668,,,,,L_T1_GTR___hekomi__,,,,,,,,,42,51,11,000000000000500000000000100000000007221000000000110000000000000000000000,,00058473,,,,,,,,49,2,0,13,13,58473,,52251444245511421411544525242452545211551444445525511224554122415545514251,BAABDCCCACBBDDCADCDDBCCBABACACBABCBADDBBDCCCCCBBABBDDAACBBCDAACDBBCBBDCABD,ABABCDCCACBBDDACCDDDBCBCABACACABBCABDDBBCDCCCCBBABBDADACBBCDAACDBBBCBDACBD,,,9,58473,,,,,,,,,,,,,
91525,101,,,,,,,,,,14,12,251162215552252442451400121455225107415245652152414526441144455442255525,,bb40abb8,,,,,,,,51,0,2,bb40abb8,320,3668,,52251444245511421411544525242452545211551444445525511224554122415545514251112522225124142414,BAABDCCCACBBDDCADCDDBCCBABACACBABCBADDBBDCCCCCBBABBDDAACBBCDAACDBBCBBDCABDDDABAAAABDACDCACDC,ABABCDCCACBBDDACCDDDBCBCABACACABBCABDDBBCDCCCCBBABBDADACBBCDAACDBBBCBDACBDDDABAAAABDACCDACCD,,,4,3668,,,,,L_T1_GTR___hekomi__,,,,,,,,,51,11,25,000000000000500000000000124000000007221000000000110000000000000000000000,,00058484,,,,,,,,50,3,0,11,11,58484,,5225144424551142141154452524245254521155144444552551122455412241554551425111,BAABDCCCACBBDDCADCDDBCCBABACACBABCBADDBBDCCCCCBBABBDDAACBBCDAACDBBCBBDCABDDD,ABABCDCCACBBDDACCDDDBCBCABACACABBCABDDBBCDCCCCBBABBDADACBBCDAACDBBBCBDACBDDD,,,9,58484,,,,,,,,,,,,,
91540,102,,,,,,,,,,14,12,251162215552252442451400121455225007415245652521414526444400455442255525,,bb40ab16,,,,,,,,52,0,3,bb40ab16,640,4308,,52251444245511421411544525242452545211551444445525511224554122415545514251112522225124142414,BAABDCCCACBBDDCADCDDBCCBABACACBABCBADDBBDCCCCCBBABBDDAACBBCDAACDBBCBBDCABDDDABAAAABDACDCACDC,ABABCDCCACBBDDACCDDDBCBCABACACABBCABDDBBCDCCCCBBABBDADACBBCDAACDBBBCBDACBDDDABAAAABDACCDACCD,,,4,4308,,,,,L_T1_GTR___hekomi__,,,,,,,,,51,11,25,000000000000500000000000124000000007221000000000110000000000000000000000,,00058484,,,,,,,,50,3,0,11,11,58484,,5225144424551142141154452524245254521155144444552551122455412241554551425111,BAABDCCCACBBDDCADCDDBCCBABACACBABCBADDBBDCCCCCBBABBDDAACBBCDAACDBBCBBDCABDDD,ABABCDCCACBBDDACCDDDBCBCABACACABBCABDDBBCDCCCCBBABBDADACBBCDAACDBBBCBDACBDDD,,,9,58484,,,,,,,,,,,,,
91581,103,,,,,,,,,,14,12,251162215552252442451400121455225007415245652521414526444400455442255525,,bb40ab16,,,,,,,,52,0,3,bb40ab16,640,4308,,52251444245511421411544525242452545211551444445525511224554122415545514251112522225124142414,BAABDCCCACBBDDCADCDDBCCBABACACBABCBADDBBDCCCCCBBABBDDAACBBCDAACDBBCBBDCABDDDABAAAABDACDCACDC,ABABCDCCACBBDDACCDDDBCBCABACACABBCABDDBBCDCCCCBBABBDADACBBCDAACDBBBCBDACBDDDABAAAABDACCDACCD,,,4,4308,,,,,L_T1_GTR___hekomi__,,,,,,,,,11,25,22,510000000000500000000000124000000007221000000000110000000000000000000000,,00058497,,,,,,,,51,4,0,13,13,58497,,522514442455114214115445252424525452115514444455255112245541224155455142511125,BAABDCCCACBBDDCADCDDBCCBABACACBABCBADDBBDCCCCCBBABBDDAACBBCDAACDBBCBBDCABDDDAB,ABABCDCCACBBDDACCDDDBCBCABACACABBCABDDBBCDCCCCBBABBDADACBBCDAACDBBBCBDACBDDDAB,,,9,58497,,,,,,,,,,,,,
91620,104,,,,,,,,,,14,12,251162215552252442451400121455225007415245525210414520000000455442255525,,bb40ab32,,,,,,,,53,0,4,bb40ab32,1280,5588,,52251444245511421411544525242452545211551444445525511224554122415545514251112522225124142414,BAABDCCCACBBDDCADCDDBCCBABACACBABCBADDBBDCCCCCBBABBDDAACBBCDAACDBBCBBDCABDDDABAAAABDACDCACDC,ABABCDCCACBBDDACCDDDBCBCABACACABBCABDDBBCDCCCCBBABBDADACBBCDAACDBBBCBDACBDDDABAAAABDACCDACCD,,,4,5588,,,,,L_T1_GTR___hekomi__,,,,,,,,,11,25,22,510000000000500000000000124000000007221000000000110000000000000000000000,,00058497,,,,,,,,51,4,0,13,13,58497,,522514442455114214115445252424525452115514444455255112245541224155455142511125,BAABDCCCACBBDDCADCDDBCCBABACACBABCBADDBBDCCCCCBBABBDDAACBBCDAACDBBCBBDCABDDDAB,ABABCDCCACBBDDACCDDDBCBCABACACABBCABDDBBCDCCCCBBABBDADACBBCDAACDBBBCBDACBDDDAB,,,9,58497,,,,,,,,,,,,,
91628,105,,,,,,,,,,14,12,251162215552252442451400121455225007415245525210414520000000455442255525,,bb40ab32,,,,,,,,53,0,4,bb40ab32,1280,5588,,52251444245511421411544525242452545211551444445525511224554122415545514251112522225124142414,BAABDCCCACBBDDCADCDDBCCBABACACBABCBADDBBDCCCCCBBABBDDAACBBCDAACDBBCBBDCABDDDABAAAABDACDCACDC,ABABCDCCACBBDDACCDDDBCBCABACACABBCABDDBBCDCCCCBBABBDADACBBCDAACDBBBCBDACBDDDABAAAABDACCDACCD,,,4,5588,,,,,L_T1_GTR___hekomi__,,,,,,,,,25,22,22,510000000000511000000000124000000007221000000000110000000000000000000000,,00058508,,,,,,,,52,5,0,11,11,58508,,52251444245511421411544525242452545211551444445525511224554122415545514251112522,BAABDCCCACBBDDCADCDDBCCBABACACBABCBADDBBDCCCCCBBABBDDAACBBCDAACDBBCBBDCABDDDABAA,ABABCDCCACBBDDACCDDDBCBCABACACABBCABDDBBCDCCCCBBABBDADACBBCDAACDBBBCBDACBDDDABAA,,,9,58508,,,,,,,,,,,,,
91675,106,,,,,,,,,,14,12,251162215552252442451400121455225007415245525210414520000000455442255525,,bb40ab32,,,,,,,,53,0,4,bb40ab32,1280,5588,,52251444245511421411544525242452545211551444445525511224554122415545514251112522225124142414,BAABDCCCACBBDDCADCDDBCCBABACACBABCBADDBBDCCCCCBBABBDDAACBBCDAACDBBCBBDCABDDDABAAAABDACDCACDC,ABABCDCCACBBDDACCDDDBCBCABACACABBCABDDBBCDCCCCBBABBDADACBBCDAACDBBBCBDACBDDDABAAAABDACCDACCD,,,4,5588,,,,,L_T1_GTR___hekomi__,,,,,,,,,22,22,51,510000000000511200000000124500000007221000000000110000000000000000000000,,00058518,,,,,,,,53,6,0,10,10,58518,,5225144424551142141154452524245254521155144444552551122455412241554551425111252222,BAABDCCCACBBDDCADCDDBCCBABACACBABCBADDBBDCCCCCBBABBDDAACBBCDAACDBBCBBDCABDDDABAAAA,ABABCDCCACBBDDACCDDDBCBCABACACABBCABDDBBCDCCCCBBABBDADACBBCDAACDBBBCBDACBDDDABAAAA,,,9,58518,,,,,,,,,,,,,
91701,107,,,,,,,,,,14,12,251162215552252442451400121422500007415242521000414520000000455442255525,,bb60ab67,,,,,,,,54,0,5,bb60ab67,4020,9608,,52251444245511421411544525242452545211551444445525511224554122415545514251112522225124142414,BAABDCCCACBBDDCADCDDBCCBABACACBABCBADDBBDCCCCCBBABBDDAACBBCDAACDBBCBBDCABDDDABAAAABDACDCACDC,ABABCDCCACBBDDACCDDDBCBCABACACABBCABDDBBCDCCCCBBABBDADACBBCDAACDBBBCBDACBDDDABAAAABDACCDACCD,,,5,9608,,,,,L_T1_GTR___hekomi__,,,,,,,,,22,22,51,510000000000511200000000124500000007221000000000110000000000000000000000,,00058518,,,,,,,,53,6,0,10,10,58518,,5225144424551142141154452524245254521155144444552551122455412241554551425111252222,BAABDCCCACBBDDCADCDDBCCBABACACBABCBADDBBDCCCCCBBABBDDAACBBCDAACDBBCBBDCABDDDABAAAA,ABABCDCCACBBDDACCDDDBCBCABACACABBCABDDBBCDCCCCBBABBDADACBBCDAACDBBBCBDACBDDDABAAAA,,,9,58518,,,,,,,,,,,,,
91722,108,,,,,,,,,,14,12,251162215552252442451400121422500007415242521000414520000000455442255525,,bb60ab67,,,,,,,,54,0,5,bb60ab67,4020,9608,,52251444245511421411544525242452545211551444445525511224554122415545514251112522225124142414,BAABDCCCACBBDDCADCDDBCCBABACACBABCBADDBBDCCCCCBBABBDDAACBBCDAACDBBCBBDCABDDDABAAAABDACDCACDC,ABABCDCCACBBDDACCDDDBCBCABACACABBCABDDBBCDCCCCBBABBDADACBBCDAACDBBBCBDACBDDDABAAAABDACCDACCD,,,5,9608,,,,,L_T1_GTR___hekomi__,,,,,,,,,22,51,24,512200000000511200000000124500000007221000000000110000000000000000000000,,00058528,,,,,,,,54,7,0,10,10,58528,,522514442455114214115445252424525452115514444455255112245541224155455142511125222251,BAABDCCCACBBDDCADCDDBCCBABACACBABCBADDBBDCCCCCBBABBDDAACBBCDAACDBBCBBDCABDDDABAAAABD,ABABCDCCACBBDDACCDDDBCBCABACACABBCABDDBBCDCCCCBBABBDADACBBCDAACDBBBCBDACBDDDABAAAABD,,,9,58528,,,,,,,,,,,,,
91769,109,,,,,,,,,,14,12,251162215552252442451400121422500007415242521000414520000000455442255525,,bb60ab67,,,,,,,,54,0,5,bb60ab67,4020,9608,,52251444245511421411544525242452545211551444445525511224554122415545514251112522225124142414,BAABDCCCACBBDDCADCDDBCCBABACACBABCBADDBBDCCCCCBBABBDDAACBBCDAACDBBCBBDCABDDDABAAAABDACDCACDC,ABABCDCCACBBDDACCDDDBCBCABACACABBCABDDBBCDCCCCBBABBDADACBBCDAACDBBBCBDACBDDDABAAAABDACCDACCD,,,5,9608,,,,,L_T1_GTR___hekomi__,,,,,,,,,51,24,14,512200000000511200000000124500000007221000000000112200000000000000000000,,00058538,,,,,,,,55,8,0,10,10,58538,,52251444245511421411544525242452545211551444445525511224554122415545514251112522225124,BAABDCCCACBBDDCADCDDBCCBABACACBABCBADDBBDCCCCCBBABBDDAACBBCDAACDBBCBBDCABDDDABAAAABDAC,ABABCDCCACBBDDACCDDDBCBCABACACABBCABDDBBCDCCCCBBABBDADACBBCDAACDBBBCBDACBDDDABAAAABDAC,,,9,58538,,,,,,,,,,,,,
91786,110,,,,,,,,,,14,12,251115552000252444514000121450000007415245210000414520000000455442255525,,bb80ab99,,,,,,,,55,0,6,bb80ab99,7920,17528,,52251444245511421411544525242452545211551444445525511224554122415545514251112522225124142414,BAABDCCCACBBDDCADCDDBCCBABACACBABCBADDBBDCCCCCBBABBDDAACBBCDAACDBBCBBDCABDDDABAAAABDACDCACDC,ABABCDCCACBBDDACCDDDBCBCABACACABBCABDDBBCDCCCCBBABBDADACBBCDAACDBBBCBDACBDDDABAAAABDACCDACCD,,,6,17528,,,,,L_T1_GTR___hekomi__,,,,,,,,,51,24,14,512200000000511200000000124500000007221000000000112200000000000000000000,,00058538,,,,,,,,55,8,0,10,10,58538,,52251444245511421411544525242452545211551444445525511224554122415545514251112522225124,BAABDCCCACBBDDCADCDDBCCBABACACBABCBADDBBDCCCCCBBABBDDAACBBCDAACDBBCBBDCABDDDABAAAABDAC,ABABCDCCACBBDDACCDDDBCBCABACACABBCABDDBBCDCCCCBBABBDADACBBCDAACDBBBCBDACBDDDABAAAABDAC,,,9,58538,,,,,,,,,,,,,
91812,111,,,,,,,,,,14,12,251115552000252444514000121450000007415245210000414520000000455442255525,,bb80ab99,,,,,,,,55,0,6,bb80ab99,7920,17528,,52251444245511421411544525242452545211551444445525511224554122415545514251112522225124142414,BAABDCCCACBBDDCADCDDBCCBABACACBABCBADDBBDCCCCCBBABBDDAACBBCDAACDBBCBBDCABDDDABAAAABDACDCACDC,ABABCDCCACBBDDACCDDDBCBCABACACABBCABDDBBCDCCCCBBABBDADACBBCDAACDBBBCBDACBDDDABAAAABDACCDACCD,,,6,17528,,,,,L_T1_GTR___hekomi__,,,,,,,,,24,14,24,512210000000511250000000124500000007221000000000112200000000000000000000,,00058547,,,,,,,,56,9,0,9,9,58547,,5225144424551142141154452524245254521155144444552551122455412241554551425111252222512414,BAABDCCCACBBDDCADCDDBCCBABACACBABCBADDBBDCCCCCBBABBDDAACBBCDAACDBBCBBDCABDDDABAAAABDACDC,ABABCDCCACBBDDACCDDDBCBCABACACABBCABDDBBCDCCCCBBABBDADACBBCDAACDBBBCBDACBDDDABAAAABDACCD,,,9,58547,,,,,,,,,,,,,
91859,112,,,,,,,,,,14,12,251115552000252444514000121450000007415245210000414520000000455442255525,,bb80ab99,,,,,,,,55,0,6,bb80ab99,7920,17528,,52251444245511421411544525242452545211551444445525511224554122415545514251112522225124142414,BAABDCCCACBBDDCADCDDBCCBABACACBABCBADDBBDCCCCCBBABBDDAACBBCDAACDBBCBBDCABDDDABAAAABDACDCACDC,ABABCDCCACBBDDACCDDDBCBCABACACABBCABDDBBCDCCCCBBABBDADACBBCDAACDBBBCBDACBDDDABAAAABDACCDACCD,,,6,17528,,,,,L_T1_GTR___hekomi__,,,,,,,,,14,24,14,512210000000511250000000124500000007221240000000112200000000000000000000,,00058557,,,,,,,,57,10,0,10,10,58557,,522514442455114214115445252424525452115514444455255112245541224155455142511125222251241424,BAABDCCCACBBDDCADCDDBCCBABACACBABCBADDBBDCCCCCBBABBDDAACBBCDAACDBBCBBDCABDDDABAAAABDACDCAC,ABABCDCCACBBDDACCDDDBCBCABACACABBCABDDBBCDCCCCBBABBDADACBBCDAACDBBBCBDACBDDDABAAAABDACCDAC,,,9,58557,,,,,,,,,,,,,
91874,113,,,,,,,,,,14,12,251112000000252140000000121500000007415245210000414520000000455442255525,,bb40a128,,,,,,,,56,0,7,bb40a128,5120,22648,,52251444245511421411544525242452545211551444445525511224554122415545514251112522225124142414,BAABDCCCACBBDDCADCDDBCCBABACACBABCBADDBBDCCCCCBBABBDDAACBBCDAACDBBCBBDCABDDDABAAAABDACDCACDC,ABABCDCCACBBDDACCDDDBCBCABACACABBCABDDBBCDCCCCBBABBDADACBBCDAACDBBBCBDACBDDDABAAAABDACCDACCD,,,7,22648,,,,,L_T1_GTR___hekomi__,,,,,,,,,14,24,14,512210000000511250000000124500000007221240000000112200000000000000000000,,00058557,,,,,,,,57,10,0,10,10,58557,,522514442455114214115445252424525452115514444455255112245541224155455142511125222251241424,BAABDCCCACBBDDCADCDDBCCBABACACBABCBADDBBDCCCCCBBABBDDAACBBCDAACDBBCBBDCABDDDABAAAABDACDCAC,ABABCDCCACBBDDACCDDDBCBCABACACABBCABDDBBCDCCCCBBABBDADACBBCDAACDBBBCBDACBDDDABAAAABDACCDAC,,,9,58557,,,,,,,,,,,,,
91903,114,,,,,,,,,,14,12,251112000000252140000000121500000007415245210000414520000000455442255525,,bb40a128,,,,,,,,56,0,7,bb40a128,5120,22648,,52251444245511421411544525242452545211551444445525511224554122415545514251112522225124142414,BAABDCCCACBBDDCADCDDBCCBABACACBABCBADDBBDCCCCCBBABBDDAACBBCDAACDBBCBBDCABDDDABAAAABDACDCACDC,ABABCDCCACBBDDACCDDDBCBCABACACABBCABDDBBCDCCCCBBABBDADACBBCDAACDBBBCBDACBDDDABAAAABDACCDACCD,,,7,22648,,,,,L_T1_GTR___hekomi__,,,,,,,,,24,14,12,512211400000511250000000124500000007221240000000112200000000000000000000,,00058565,,,,,,,,58,11,0,8,8,58565,,52251444245511421411544525242452545211551444445525511224554122415545514251112522225124142414,BAABDCCCACBBDDCADCDDBCCBABACACBABCBADDBBDCCCCCBBABBDDAACBBCDAACDBBCBBDCABDDDABAAAABDACDCACDC,ABABCDCCACBBDDACCDDDBCBCABACACABBCABDDBBCDCCCCBBABBDADACBBCDAACDBBBCBDACBDDDABAAAABDACCDACCD,,,9,58565,,,,,,,,,,,,,
91944,115,,,,,,,,,,14,12,251112000000252140000000121500000007415245210000414520000000455442255525,,bb40a128,,,,,,,,56,0,7,bb40a128,5120,22648,,52251444245511421411544525242452545211551444445525511224554122415545514251112522225124142414,BAABDCCCACBBDDCADCDDBCCBABACACBABCBADDBBDCCCCCBBABBDDAACBBCDAACDBBCBBDCABDDDABAAAABDACDCACDC,ABABCDCCACBBDDACCDDDBCBCABACACABBCABDDBBCDCCCCBBABBDADACBBCDAACDBBBCBDACBDDDABAAAABDACCDACCD,,,7,22648,,,,,L_T1_GTR___hekomi__,,,,,,,,,14,12,12,512211400000511252400000124500000007221240000000112200000000000000000000,,00058573,,,,,,,,59,12,0,8,8,58573,,5225144424551142141154452524245254521155144444552551122455412241554551425111252222512414241412,BAABDCCCACBBDDCADCDDBCCBABACACBABCBADDBBDCCCCCBBABBDDAACBBCDAACDBBCBBDCABDDDABAAAABDACDCACDCDA,ABABCDCCACBBDDACCDDDBCBCABACACABBCABDDBBCDCCCCBBABBDADACBBCDAACDBBBCBDACBDDDABAAAABDACCDACCDAD,,,9,58573,,,,,,,,,,,,,
91985,116,,,,,,,,,,14,12,251112000000252140000000121500000007415245210000414520000000455442255525,,bb40a128,,,,,,,,56,0,7,bb40a128,5120,22648,,52251444245511421411544525242452545211551444445525511224554122415545514251112522225124142414,BAABDCCCACBBDDCADCDDBCCBABACACBABCBADDBBDCCCCCBBABBDDAACBBCDAACDBBCBBDCABDDDABAAAABDACDCACDC,ABABCDCCACBBDDACCDDDBCBCABACACABBCABDDBBCDCCCCBBABBDADACBBCDAACDBBBCBDACBDDDABAAAABDACCDACCD,,,7,22648,,,,,L_T1_GTR___hekomi__,,,,,,,,,12,12,14,512211410000511252440000124500000007221240000000112200000000000000000000,,00058579,,,,,,,,60,13,0,6,6,58579,,522514442455114214115445252424525452115514444455255112245541224155455142511125222251241424141212,BAABDCCCACBBDDCADCDDBCCBABACACBABCBADDBBDCCCCCBBABBDDAACBBCDAACDBBCBBDCABDDDABAAAABDACDCACDCDADA,ABABCDCCACBBDDACCDDDBCBCABACACABBCABDDBBCDCCCCBBABBDADACBBCDAACDBBBCBDACBDDDABAAAABDACCDACCDADAD,,,9,58579,,,,,,,,,,,,,
92023,117,,,,,,,,,,14,12,251112000000252140000000121500000007415245210000414520000000455442255525,,bb40a128,,,,,,,,56,0,7,bb40a128,5120,22648,,52251444245511421411544525242452545211551444445525511224554122415545514251112522225124142414,BAABDCCCACBBDDCADCDDBCCBABACACBABCBADDBBDCCCCCBBABBDDAACBBCDAACDBBCBBDCABDDDABAAAABDACDCACDC,ABABCDCCACBBDDACCDDDBCBCABACACABBCABDDBBCDCCCCBBABBDADACBBCDAACDBBBCBDACBDDDABAAAABDACCDACCD,,,7,22648,,,,,L_T1_GTR___hekomi__,,,,,,,,,12,14,54,512211411000511252442000124500000007221240000000112200000000000000000000,,00058584,,,,,,,,61,14,0,5,5,58584,,52251444245511421411544525242452545211551444445525511224554122415545514251112522225124142414121214,BAABDCCCACBBDDCADCDDBCCBABACACBABCBADDBBDCCCCCBBABBDDAACBBCDAACDBBCBBDCABDDDABAAAABDACDCACDCDADADC,ABABCDCCACBBDDACCDDDBCBCABACACABBCABDDBBCDCCCCBBABBDADACBBCDAACDBBBCBDACBDDDABAAAABDACCDACCDADADCD,,,9,58584,,,,,,,,,,,,,
92047,118,,,,,,,,,14,12,12,252666660000252466666000121566666007415245216666414526666600455442255525,,00022650,,,,,,,,57,1,0,2,2,22650,,5225144424551142141154452524245254521155144444552551122455412241554551425111252222512414241412,BAABDCCCACBBDDCADCDDBCCBABACACBABCBADDBBDCCCCCBBABBDDAACBBCDAACDBBCBBDCABDDDABAAAABDACDCACDCDA,ABABCDCCACBBDDACCDDDBCBCABACACABBCABDDBBCDCCCCBBABBDADACBBCDAACDBBBCBDACBDDDABAAAABDACCDACCDAD,,,7,22650,,,,,,,,,,,,,,12,14,54,512211411000511252442000124500000007221240000000112200000000000000000000,,00058584,,,,,,,,61,14,0,5,5,58584,,52251444245511421411544525242452545211551444445525511224554122415545514251112522225124142414121214,BAABDCCCACBBDDCADCDDBCCBABACACBABCBADDBBDCCCCCBBABBDDAACBBCDAACDBBCBBDCABDDDABAAAABDACDCACDCDADADC,ABABCDCCACBBDDACCDDDBCBCABACACABBCABDDBBCDCCCCBBABBDADACBBCDAACDBBBCBDACBDDDABAAAABDACCDACCDADADCD,,,9,58584,,,,,,,,,,,,,
92079,119,,,,,,,,,14,12,12,252666660000252466666000121566666007415245216666414526666600455442255525,,00022650,,,,,,,,57,1,0,2,2,22650,,5225144424551142141154452524245254521155144444552551122455412241554551425111252222512414241412,BAABDCCCACBBDDCADCDDBCCBABACACBABCBADDBBDCCCCCBBABBDDAACBBCDAACDBBCBBDCABDDDABAAAABDACDCACDCDA,ABABCDCCACBBDDACCDDDBCBCABACACABBCABDDBBCDCCCCBBABBDADACBBCDAACDBBBCBDACBDDDABAAAABDACCDACCDAD,,,7,22650,,,,,,,,,,,,,,14,54,42,512211411000511252442000124500000007221240000000112200000000210000000000,,00058596,,,,,,,,62,15,0,12,12,58596,,5225144424551142141154452524245254521155144444552551122455412241554551425111252222512414241412121454,BAABDCCCACBBDDCADCDDBCCBABACACBABCBADDBBDCCCCCBBABBDDAACBBCDAACDBBCBBDCABDDDABAAAABDACDCACDCDADADCBC,ABABCDCCACBBDDACCDDDBCBCABACACABBCABDDBBCDCCCCBBABBDADACBBCDAACDBBBCBDACBDDDABAAAABDACCDACCDADADCDBC,,,9,58596,,,,,,,,,,,,,
92123,120,,,,,,,,,14,12,12,252666660000252466666000121566666007415245216666414526666600455442255525,,00022650,,,,,,,,57,1,0,2,2,22650,,5225144424551142141154452524245254521155144444552551122455412241554551425111252222512414241412,BAABDCCCACBBDDCADCDDBCCBABACACBABCBADDBBDCCCCCBBABBDDAACBBCDAACDBBCBBDCABDDDABAAAABDACDCACDCDA,ABABCDCCACBBDDACCDDDBCBCABACACABBCABDDBBCDCCCCBBABBDADACBBCDAACDBBBCBDACBDDDABAAAABDACCDACCDAD,,,7,22650,,,,,,,,,,,,,,54,42,54,512211411000511252442000124500000007221240000000112241000000210000000000,,00058605,,,,,,,,63,16,0,9,9,58605,,522514442455114214115445252424525452115514444455255112245541224155455142511125222251241424141212145442,BAABDCCCACBBDDCADCDDBCCBABACACBABCBADDBBDCCCCCBBABBDDAACBBCDAACDBBCBBDCABDDDABAAAABDACDCACDCDADADCBCCA,ABABCDCCACBBDDACCDDDBCBCABACACABBCABDDBBCDCCCCBBABBDADACBBCDAACDBBBCBDACBDDDABAAAABDACCDACCDADADCDBCAC,,,9,58605,,,,,,,,,,,,,
92134,121,,,,,,,,,,12,12,252666666666252466666666121566666146415245216666410026666666420062255525,,00022654,,,,,lose,,,58,1,0,4,4,22654,,5225144424551142141154452524245254521155144444552551122455412241554551425111252222512414241412,BAABDCCCACBBDDCADCDDBCCBABACACBABCBADDBBDCCCCCBBABBDDAACBBCDAACDBBCBBDCABDDDABAAAABDACDCACDCDA,ABABCDCCACBBDDACCDDDBCBCABACACABBCABDDBBCDCCCCBBABBDADACBBCDAACDBBBCBDACBDDDABAAAABDACCDACCDAD,,,7,22654,,,,,,,,,,,,,,54,42,54,512211411000511252442000124500000007221240000000112241000000210000000000,,00058605,,,,,,,,63,16,0,9,9,58605,,522514442455114214115445252424525452115514444455255112245541224155455142511125222251241424141212145442,BAABDCCCACBBDDCADCDDBCCBABACACBABCBADDBBDCCCCCBBABBDDAACBBCDAACDBBCBBDCABDDDABAAAABDACDCACDCDADADCBCCA,ABABCDCCACBBDDACCDDDBCBCABACACABBCABDDBBCDCCCCBBABBDADACBBCDAACDBBBCBDACBDDDABAAAABDACCDACCDADADCDBCAC,,,9,58605,,,,,,,,,,,,,
92141,121,,,,,,,,,,12,12,252666666666252466666666121566666146415245216666410026666666420062255525,,00022654,,,,,lose,,,58,1,0,4,4,22654,,5225144424551142141154452524245254521155144444552551122455412241554551425111252222512414241412,BAABDCCCACBBDDCADCDDBCCBABACACBABCBADDBBDCCCCCBBABBDDAACBBCDAACDBBCBBDCABDDDABAAAABDACDCACDCDA,ABABCDCCACBBDDACCDDDBCBCABACACABBCABDDBBCDCCCCBBABBDADACBBCDAACDBBBCBDACBDDDABAAAABDACCDACCDAD,,,7,22654,,,,,,,,,,,,,,,42,54,512211411000511252442000124554000007221240000000112241000000210000000000,,00058613,,,,,win,,,64,16,0,8,8,58613,,522514442455114214115445252424525452115514444455255112245541224155455142511125222251241424141212145442,BAABDCCCACBBDDCADCDDBCCBABACACBABCBADDBBDCCCCCBBABBDDAACBBCDAACDBBCBBDCABDDDABAAAABDACDCACDCDADADCBCCA,ABABCDCCACBBDDACCDDDBCBCABACACABBCABDDBBCDCCCCBBABBDADACBBCDAACDBBBCBDACBDDDABAAAABDACCDACCDADADCDBCAC,,,9,58613,,,,,,,,,,,,,
