103828,0,,,,,,,,,,31,21,000000000000000000000000000000000007000000000000000000000000000000000000,000000,00000000,,,,,,,,0,0,0,0,0,0,,31,AB,AB,,,0,0,,,,,,,,,,,,,,,31,21,000000000000000000000000000000000007000000000000000000000000000000000000,000000,00000000,,,,,,,,0,0,0,0,0,0,,31,AB,AB,,,0,0,,,,,,,,,,,,,
103940,1,,,,,,,,,31,31,21,000000000000000000000000000000000007000000000000000000000000000000000000,,00000000,,,,,,,,1,1,0,0,0,0,,3131,ABAB,ABAB,,,0,0,,,,,,,,,,,,,,,31,21,000000000000000000000000000000000007000000000000000000000000000000000000,000000,00000000,,,,,,,,0,0,0,0,0,0,,31,AB,AB,,,0,0,,,,,,,,,,,,,
103945,2,,,,,,,,,31,31,21,000000000000000000000000000000000007000000000000000000000000000000000000,,00000000,,,,,,,,2,2,0,0,0,0,,313131,ABABAB,ABABAB,,,0,0,,,,,,,,,,,,,,,31,21,000000000000000000000000000000000007000000000000000000000000000000000000,000000,00000000,,,,,,,,0,0,0,0,0,0,,31,AB,AB,,,0,0,,,,,,,,,,,,,
103980,4,,,,,,,,,31,21,35,000000000000000000000000000000000007000000000000000000000000000000000000,,00000000,,,,,,,,3,3,0,0,0,0,,31313121,BABABACA,ABABABAC,,,0,0,,,,,,,,,,,,,,31,21,35,000000000000000000000000000000000007000000000000000000000000000000000000,,00000000,,,,,,,,1,1,0,0,0,0,,3121,BACA,ABAC,,,0,0,,,,,,,,,,,,,
104031,6,,,,,,,,,21,35,53,130000000000000000000000000000000007000000000000000000000000000000000000,,00000012,,,,,,,,4,4,0,12,12,12,,3131312135,BABABACABD,ABABABACBD,,,0,12,,,,,,,,,,,,,,21,35,53,000000000000100000000000300000000007000000000000000000000000000000000000,,00000013,,,,,,,,2,2,0,13,13,13,,312135,BACABD,ABACBD,,,0,13,,,,,,,,,,,,,
104079,7,,,,,,,,,21,35,53,130000000000000000000000000000000007000000000000000000000000000000000000,,00000012,,,,,,,,4,4,0,12,12,12,,3131312135,BABABACABD,ABABABACBD,,,0,12,,,,,,,,,,,,,,35,53,13,120000000000100000000000300000000007000000000000000000000000000000000000,,00000024,,,,,,,,3,3,0,11,11,24,,31213553,BACABDDB,ABACBDBD,,,0,24,,,,,,,,,,,,,
104080,8,,,,,,,,,35,53,13,130000000000100000000000200000000007000000000000000000000000000000000000,,00000025,,,,,,,,5,5,0,13,13,25,,313131213553,BABABACABDDB,ABABABACBDBD,,,0,25,,,,,,,,,,,,,,35,53,13,120000000000100000000000300000000007000000000000000000000000000000000000,,00000024,,,,,,,,3,3,0,11,11,24,,31213553,BACABDDB,ABACBDBD,,,0,24,,,,,,,,,,,,,
104128,9,,,,,,,,,35,53,13,130000000000100000000000200000000007000000000000000000000000000000000000,,00000025,,,,,,,,5,5,0,13,13,25,,313131213553,BABABACABDDB,ABABABACBDBD,,,0,25,,,,,,,,,,,,,,53,13,11,120000000000100000000000300000000007530000000000000000000000000000000000,,00000036,,,,,,,,4,4,0,12,12,36,,3121355313,BACABDDBAB,ABACBDBDAB,,,0,36,,,,,,,,,,,,,
104131,10,,,,,,,,,53,13,11,133500000000100000000000200000000007000000000000000000000000000000000000,,00000036,,,,,,,,6,6,0,11,11,36,,31313121355313,BABABACABDDBAB,ABABABACBDBDAB,,,0,36,,,,,,,,,,L_T1_GTR03_22110002,,,,53,13,11,120000000000100000000000300000000007530000000000000000000000000000000000,,00000036,,,,,,,,4,4,0,12,12,36,,3121355313,BACABDDBAB,ABACBDBDAB,,,0,36,,,,,,,,,,,,,
104176,11,,,,,,,,,13,11,52,133553000000100000000000200000000007000000000000000000000000000000000000,,00000045,,,,,,,,7,7,0,9,9,45,,3131312135531311,BABABACABDDBABAA,ABABABACBDBDABAA,,,0,45,,,,,,,,,,,,,,53,13,11,120000000000100000000000300000000007530000000000000000000000000000000000,,00000036,,,,,,,,4,4,0,12,12,36,,3121355313,BACABDDBAB,ABACBDBDAB,,,0,36,,,,,,,,,,,,,
104185,12,,,,,,,,,13,11,52,133553000000100000000000200000000007000000000000000000000000000000000000,,00000045,,,,,,,,7,7,0,9,9,45,,3131312135531311,BABABACABDDBABAA,ABABABACBDBDABAA,,,0,45,,,,,,,,,,,,,,13,11,52,120000000000100000000000300000000007530000000000530000000000000000000000,,00000049,,,,,,,,5,5,0,13,13,49,,312135531311,BACABDDBABAA,ABACBDBDABAA,,,0,49,,,,,,,,,,,,,
104226,13,,,,,,,,,11,52,11,133553000000130000000000210000000007000000000000000000000000000000000000,,00000057,,,,,,,,8,8,0,12,12,57,,313131213553131152,BABABACABDDBABAADC,ABABABACBDBDABAACD,,,0,57,,,,,,,,,,,,,,13,11,52,120000000000100000000000300000000007530000000000530000000000000000000000,,00000049,,,,,,,,5,5,0,13,13,49,,312135531311,BACABDDBABAA,ABACBDBDABAA,,,0,49,,,,,,,,,,,,,
104232,14,,,,,,,,,11,52,11,133553000000130000000000210000000007000000000000000000000000000000000000,,00000057,,,,,,,,8,8,0,12,12,57,,313131213553131152,BABABACABDDBABAADC,ABABABACBDBDABAACD,,,0,57,,,,,,,,,,,,,,11,52,11,120000000000100000000000313000000007530000000000530000000000000000000000,,00000061,,,,,,,,6,6,0,12,12,61,,31213553131152,BACABDDBABAADC,ABACBDBDABAACD,,,0,61,,,,,,,,,,L_T1_GTR03_31110001,,,
104277,15,,,,,,,,,52,11,52,133553000000130000000000210000000007100000000000100000000000000000000000,,00000070,,,,,,,,9,9,0,13,13,70,,31313121355313115211,BABABACABDDBABAADCAA,ABABABACBDBDABAACDAA,,,0,70,,,,,,,,,,L_T1_GTR03_51000001,,,,11,52,11,120000000000100000000000313000000007530000000000530000000000000000000000,,00000061,,,,,,,,6,6,0,12,12,61,,31213553131152,BACABDDBABAADC,ABACBDBDABAACD,,,0,61,,,,,,,,,,L_T1_GTR03_31110001,,,
104286,16,,,,,,,,,52,11,52,133553000000130000000000210000000007100000000000100000000000000000000000,,00000070,,,,,,,,9,9,0,13,13,70,,31313121355313115211,BABABACABDDBABAADCAA,ABABABACBDBDABAACDAA,,,0,70,,,,,,,,,,L_T1_GTR03_51000001,,,,52,11,52,120000000000100000000000313000000007530000000000530000000000110000000000,,00000073,,,,,,,,7,7,0,12,12,73,,3121355313115211,BACABDDBABAADCAA,ABACBDBDABAACDAA,,,0,73,,,,,,,,,,L_T1_GTR03_31110001,,,
104324,17,,,,,,,,,11,52,53,133553000000130000000000210000000007125000000000100000000000000000000000,,00000081,,,,,,,,10,10,0,11,11,81,,3131312135531311521152,BABABACABDDBABAADCAADC,ABABABACBDBDABAACDAACD,,,0,81,,,,,,,,,,L_T1_GTR03_51000001,,,,52,11,52,120000000000100000000000313000000007530000000000530000000000110000000000,,00000073,,,,,,,,7,7,0,12,12,73,,3121355313115211,BACABDDBABAADCAA,ABACBDBDABAACDAA,,,0,73,,,,,,,,,,L_T1_GTR03_31110001,,,
104335,18,,,,,,,,,11,52,53,133553000000130000000000210000000007125000000000100000000000000000000000,,00000081,,,,,,,,10,10,0,11,11,81,,3131312135531311521152,BABABACABDDBABAADCAADC,ABABABACBDBDABAACDAACD,,,0,81,,,,,,,,,,L_T1_GTR03_51000001,,,,11,52,53,122500000000100000000000313000000007530000000000530000000000110000000000,,00000083,,,,,,,,8,8,0,10,10,83,,312135531311521152,BACABDDBABAADCAADC,ABACBDBDABAACDAACD,,,0,83,,,,,,,,,,L_T1_GTR03_22110002,,,
104373,19,,,,,,,,,52,53,33,133553000000131100000000210000000007125000000000100000000000000000000000,,00000091,,,,,,,,11,11,0,10,10,91,,313131213553131152115253,BABABACABDDBABAADCAADCDB,ABABABACBDBDABAACDAACDBD,,,0,91,,,,,,,,,,L_T1_GTR03_51000001,,,,11,52,53,122500000000100000000000313000000007530000000000530000000000110000000000,,00000083,,,,,,,,8,8,0,10,10,83,,312135531311521152,BACABDDBABAADCAADC,ABACBDBDABAACDAACD,,,0,83,,,,,,,,,,L_T1_GTR03_22110002,,,
104382,20,,,,,,,,,52,53,33,133553000000131100000000210000000007125000000000100000000000000000000000,,00000091,,,,,,,,11,11,0,10,10,91,,313131213553131152115253,BABABACABDDBABAADCAADCDB,ABABABACBDBDABAACDAACDBD,,,0,91,,,,,,,,,,L_T1_GTR03_51000001,,,,52,53,33,122500000000100000000000313000000007531000000000531000000000110000000000,,00000094,,,,,,,,9,9,0,11,11,94,,31213553131152115253,BACABDDBABAADCAADCDB,ABACBDBDABAACDAACDBD,,,0,94,,,,,,,,,,L_T1_GTR03_22110002,,,
104422,21,,,,,,,,,53,33,12,133553000000131100000000210000000007125000000000125000000000000000000000,,00000102,,,,,,,,12,12,0,11,11,102,,31313121355313115211525333,BABABACABDDBABAADCAADCDBBB,ABABABACBDBDABAACDAACDBDBB,,,0,102,,,,,,,,,,L_T1_GTR03_51000001,,,,52,53,33,122500000000100000000000313000000007531000000000531000000000110000000000,,00000094,,,,,,,,9,9,0,11,11,94,,31213553131152115253,BACABDDBABAADCAADCDB,ABACBDBDABAACDAACDBD,,,0,94,,,,,,,,,,L_T1_GTR03_22110002,,,
104451,22,,,,,,,,,53,33,12,133553000000131100000000210000000007125000000000125000000000000000000000,,00000102,,,,,,,,12,12,0,11,11,102,,31313121355313115211525333,BABABACABDDBABAADCAADCDBBB,ABABABACBDBDABAACDAACDBDBB,,,0,102,,,,,,,,,,L_T1_GTR03_51000001,,,,53,33,12,122500000000120000000000313500000007531000000000531000000000110000000000,,00000104,,,,,,,,10,10,0,10,10,104,,3121355313115211525333,BACABDDBABAADCAADCDBBB,ABACBDBDABAACDAACDBDBB,,,0,104,,,,,,,,,,,,,
104477,23,,,,,,,,,33,12,23,133553000000131100000000210000000007125000000000125000000000350000000000,,00000114,,,,,,,,13,13,0,12,12,114,,3131312135531311521152533312,BABABACABDDBABAADCAADCDBBBAC,ABABABACBDBDABAACDAACDBDBBAC,,,0,114,,,,,,,,,,L_T1_GTR03_51000001,,,,53,33,12,122500000000120000000000313500000007531000000000531000000000110000000000,,00000104,,,,,,,,10,10,0,10,10,104,,3121355313115211525333,BACABDDBABAADCAADCDBBB,ABACBDBDABAACDAACDBDBB,,,0,104,,,,,,,,,,,,,
104498,24,,,,,,,,,33,12,23,133553000000131100000000210000000007125000000000125000000000350000000000,,00000114,,,,,,,,13,13,0,12,12,114,,3131312135531311521152533312,BABABACABDDBABAADCAADCDBBBAC,ABABABACBDBDABAACDAACDBDBBAC,,,0,114,,,,,,,,,,L_T1_GTR03_51000001,,,,33,12,23,122500000000120000000000313500000007531300000000531500000000110000000000,,00000114,,,,,,,,11,11,0,10,10,114,,312135531311521152533312,BACABDDBABAADCAADCDBBBAC,ABACBDBDABAACDAACDBDBBAC,,,0,114,,,,,,,,,,,,,
104527,25,,,,,,,,,12,23,52,133553000000131100000000210000000007125000000000125000000000353300000000,,00000124,,,,,,,,14,14,0,10,10,124,,313131213553131152115253331223,BABABACABDDBABAADCAADCDBBBACCB,ABABABACBDBDABAACDAACDBDBBACBC,,,0,124,,,,,,,,,,L_T1_GTR03_51000001,,,,33,12,23,122500000000120000000000313500000007531300000000531500000000110000000000,,00000114,,,,,,,,11,11,0,10,10,114,,312135531311521152533312,BACABDDBABAADCAADCDBBBAC,ABACBDBDABAACDAACDBDBBAC,,,0,114,,,,,,,,,,,,,
104568,26,,,,,,,,,12,23,52,133553000000131100000000210000000007125000000000125000000000353300000000,,00000124,,,,,,,,14,14,0,10,10,124,,313131213553131152115253331223,BABABACABDDBABAADCAADCDBBBACCB,ABABABACBDBDABAACDAACDBDBBACBC,,,0,124,,,,,,,,,,L_T1_GTR03_51000001,,,,12,23,52,122500000000120000000000313500000007531300000000531530000000113000000000,,00000123,,,,,,,,12,12,0,9,9,123,,31213553131152115253331223,BACABDDBABAADCAADCDBBBACCB,ABACBDBDABAACDAACDBDBBACBC,,,0,123,,,,,,,,,,,,,
104590,27,,,,,,,,,23,52,12,133553000000131100000000212000000007125100000000125000000000353300000000,,00000134,,,,,,,,15,15,0,10,10,134,,31313121355313115211525333122352,BABABACABDDBABAADCAADCDBBBACCBDC,ABABABACBDBDABAACDAACDBDBBACBCCD,,,0,134,,,,,,,,,,L_T1_GTR03_51000001,,,,12,23,52,122500000000120000000000313500000007531300000000531530000000113000000000,,00000123,,,,,,,,12,12,0,9,9,123,,31213553131152115253331223,BACABDDBABAADCAADCDBBBACCB,ABACBDBDABAACDAACDBDBBACBC,,,0,123,,,,,,,,,,,,,
104632,28,,,,,,,,,52,12,32,133553000000131132000000212000000007125100000000125000000000353300000000,,00000142,,,,,,,,16,16,0,8,8,142,,3131312135531311521152533312235212,BABABACABDDBABAADCAADCDBBBACCBDCAC,ABABABACBDBDABAACDAACDBDBBACBCCDAC,,,0,142,,,,,,,,,,L_T1_GTR03_51000001,,,,12,23,52,122500000000120000000000313500000007531300000000531530000000113000000000,,00000123,,,,,,,,12,12,0,9,9,123,,31213553131152115253331223,BACABDDBABAADCAADCDBBBACCB,ABACBDBDABAACDAACDBDBBACBC,,,0,123,,,,,,,,,,,,,
104637,29,,,,,,,,,52,12,32,133553000000131132000000212000000007125100000000125000000000353300000000,,00000142,,,,,,,,16,16,0,8,8,142,,3131312135531311521152533312235212,BABABACABDDBABAADCAADCDBBBACCBDCAC,ABABABACBDBDABAACDAACDBDBBACBCCDAC,,,0,142,,,,,,,,,,L_T1_GTR03_51000001,,,,23,52,12,122520000000121000000000313500000007531300000000531530000000113000000000,,00000132,,,,,,,,13,13,0,9,9,132,,3121355313115211525333122352,BACABDDBABAADCAADCDBBBACCBDC,ABACBDBDABAACDAACDBDBBACBCCD,,,0,132,,,,,L_T1_GTR___standard,,,,,L_T1_GTR03_33000001,,,
104679,31,,,,,,,,,12,32,52,133553000000131132000000212520000007125100000000125000000000353300000000,,00000152,,,,,,,,17,17,0,10,10,152,,313131213553131152115253331223521232,BABABACABDDBABAADCAADCDBBBACCBDCACBC,ABABABACBDBDABAACDAACDBDBBACBCCDACBC,,,0,152,,,,,,,,,,L_T1_GTR03_51000001,,,,52,12,32,122520000000121000000000313523000007531300000000531530000000113000000000,,00000141,,,,,,,,14,14,0,9,9,141,,312135531311521152533312235212,BACABDDBABAADCAADCDBBBACCBDCAC,ABACBDBDABAACDAACDBDBBACBCCDAC,,,0,141,,,,,L_T1_GTR___standard,,,,,L_T1_GTR03_33000001,,,
104724,32,,,,,,,,,12,32,52,133553000000131132000000212520000007125100000000125000000000353300000000,,00000152,,,,,,,,17,17,0,10,10,152,,313131213553131152115253331223521232,BABABACABDDBABAADCAADCDBBBACCBDCACBC,ABABABACBDBDABAACDAACDBDBBACBCCDACBC,,,0,152,,,,,,,,,,L_T1_GTR03_51000001,,,,12,32,52,122520000000121520000000313523000007531300000000531530000000113000000000,,00000151,,,,,,,,15,15,0,10,10,151,,31213553131152115253331223521232,BACABDDBABAADCAADCDBBBACCBDCACBC,ABACBDBDABAACDAACDBDBBACBCCDACBC,,,0,151,,,,,L_T1_GTR___standard/L_T1_GTR___zabuton_,,,,,L_T1_GTR03_33000001,,,
104738,33,,,,,,,,,32,52,25,133553000000131132000000212522000007125110000000125000000000353300000000,,00000160,,,,,,,,18,18,0,8,8,160,,31313121355313115211525333122352123252,BABABACABDDBABAADCAADCDBBBACCBDCACBCDC,ABABABACBDBDABAACDAACDBDBBACBCCDACBCCD,,,0,160,,,,,,,,,,L_T1_GTR03_51000001,,,,12,32,52,122520000000121520000000313523000007531300000000531530000000113000000000,,00000151,,,,,,,,15,15,0,10,10,151,,31213553131152115253331223521232,BACABDDBABAADCAADCDBBBACCBDCACBC,ABACBDBDABAACDAACDBDBBACBCCDACBC,,,0,151,,,,,L_T1_GTR___standard/L_T1_GTR___zabuton_,,,,,L_T1_GTR03_33000001,,,
104769,34,,,,,,,,,32,52,25,133553000000131132000000212522000007125110000000125000000000353300000000,,00000160,,,,,,,,18,18,0,8,8,160,,31313121355313115211525333122352123252,BABABACABDDBABAADCAADCDBBBACCBDCACBCDC,ABABABACBDBDABAACDAACDBDBBACBCCDACBCCD,,,0,160,,,,,,,,,,L_T1_GTR03_51000001,,,,32,52,25,122520000000121520000000313523000007531312000000531530000000113000000000,,00000160,,,,,,,,16,16,0,9,9,160,,3121355313115211525333122352123252,BACABDDBABAADCAADCDBBBACCBDCACBCDC,ABACBDBDABAACDAACDBDBBACBCCDACBCCD,,,0,160,,,,,L_T1_GTR___standard/L_T1_GTR___zabuton_,,,,,L_T1_GTR03_33000001,,,
104781,35,,,,,,,,,52,25,11,133553000000131132320000212522000007125110000000125000000000353300000000,,00000167,,,,,,,,19,19,0,7,7,167,,3131312135531311521152533312235212325225,BABABACABDDBABAADCAADCDBBBACCBDCACBCDCCD,ABABABACBDBDABAACDAACDBDBBACBCCDACBCCDCD,,,0,167,,,,,,,,,,L_T1_GTR03_51000001,,,,32,52,25,122520000000121520000000313523000007531312000000531530000000113000000000,,00000160,,,,,,,,16,16,0,9,9,160,,3121355313115211525333122352123252,BACABDDBABAADCAADCDBBBACCBDCACBCDC,ABACBDBDABAACDAACDBDBBACBCCDACBCCD,,,0,160,,,,,L_T1_GTR___standard/L_T1_GTR___zabuton_,,,,,L_T1_GTR03_33000001,,,
104812,36,,,,,,,,,52,25,11,133553000000131132320000212522000007125110000000125000000000353300000000,,00000167,,,,,,,,19,19,0,7,7,167,,3131312135531311521152533312235212325225,BABABACABDDBABAADCAADCDBBBACCBDCACBCDCCD,ABABABACBDBDABAACDAACDBDBBACBCCDACBCCDCD,,,0,167,,,,,,,,,,L_T1_GTR03_51000001,,,,52,25,11,122523200000121520000000313523000007531312000000531530000000113000000000,,00000168,,,,,,,,17,17,0,8,8,168,,312135531311521152533312235212325225,BACABDDBABAADCAADCDBBBACCBDCACBCDCCD,ABACBDBDABAACDAACDBDBBACBCCDACBCCDCD,,,0,168,,,,,L_T1_GTR___standard/L_T1_GTR___zabuton_,,,,,L_T1_GTR03_33000001,,,
104826,37,,,,,,,,,25,11,23,133553000000131132320000212522000007125110000000125520000000353300000000,,00000177,,,,,,,,20,20,0,10,10,177,,313131213553131152115253331223521232522511,BABABACABDDBABAADCAADCDBBBACCBDCACBCDCCDAA,ABABABACBDBDABAACDAACDBDBBACBCCDACBCCDCDAA,,,0,177,,,,,,,,,,L_T1_GTR03_51000001,,,,52,25,11,122523200000121520000000313523000007531312000000531530000000113000000000,,00000168,,,,,,,,17,17,0,8,8,168,,312135531311521152533312235212325225,BACABDDBABAADCAADCDBBBACCBDCACBCDCCD,ABACBDBDABAACDAACDBDBBACBCCDACBCCDCD,,,0,168,,,,,L_T1_GTR___standard/L_T1_GTR___zabuton_,,,,,L_T1_GTR03_33000001,,,
104851,38,,,,,,,,,25,11,23,133553000000131132320000212522000007125110000000125520000000353300000000,,00000177,,,,,,,,20,20,0,10,10,177,,313131213553131152115253331223521232522511,BABABACABDDBABAADCAADCDBBBACCBDCACBCDCCDAA,ABABABACBDBDABAACDAACDBDBBACBCCDACBCCDCDAA,,,0,177,,,,,,,,,,L_T1_GTR03_51000001,,,,25,11,23,122523225000121520000000313523000007531312000000531530000000113000000000,,00000173,,,,,,,,18,18,0,5,5,173,,31213553131152115253331223521232522511,BACABDDBABAADCAADCDBBBACCBDCACBCDCCDAA,ABACBDBDABAACDAACDBDBBACBCCDACBCCDCDAA,,,0,173,,,,,L_T1_GTR___standard/L_T1_GTR___zabuton_,,,,,L_T1_GTR03_33000001,,,
104862,39,,,,,,,,,11,23,35,133553000000131132320000212522520007125110000000125520000000353300000000,,00000183,,,,,,,,21,21,0,6,6,183,,31313121355313115211525333122352123252251123,BABABACABDDBABAADCAADCDBBBACCBDCACBCDCCDAACB,ABABABACBDBDABAACDAACDBDBBACBCCDACBCCDCDAABC,,,0,183,,,,,,,,,,L_T1_GTR03_51000001,,,,25,11,23,122523225000121520000000313523000007531312000000531530000000113000000000,,00000173,,,,,,,,18,18,0,5,5,173,,31213553131152115253331223521232522511,BACABDDBABAADCAADCDBBBACCBDCACBCDCCDAA,ABACBDBDABAACDAACDBDBBACBCCDACBCCDCDAA,,,0,173,,,,,L_T1_GTR___standard/L_T1_GTR___zabuton_,,,,,L_T1_GTR03_33000001,,,
104894,40,,,,,,,,,11,23,35,133553000000131132320000212522520007125110000000125520000000353300000000,,00000183,,,,,,,,21,21,0,6,6,183,,31313121355313115211525333122352123252251123,BABABACABDDBABAADCAADCDBBBACCBDCACBCDCCDAACB,ABABABACBDBDABAACDAACDBDBBACBCCDACBCCDCDAABC,,,0,183,,,,,,,,,,L_T1_GTR03_51000001,,,,11,23,35,122523225000121520000000313523000007531312250000531530000000113000000000,,00000180,,,,,,,,19,19,0,7,7,180,,3121355313115211525333122352123252251123,BACABDDBABAADCAADCDBBBACCBDCACBCDCCDAACB,ABACBDBDABAACDAACDBDBBACBCCDACBCCDCDAABC,,,0,180,,,,,L_T1_GTR___standard/L_T1_GTR___zabuton_,,,,,L_T1_GTR03_33000001,,,
104905,41,,,,,,,,,23,35,52,133553000000131132320000212522520007125110000000125521100000353300000000,,00000190,,,,,,,,22,22,0,7,7,190,,3131312135531311521152533312235212325225112335,BABABACABDDBABAADCAADCDBBBACCBDCACBCDCCDAACBBD,ABABABACBDBDABAACDAACDBDBBACBCCDACBCCDCDAABCBD,,,0,190,,,,,,,,,,L_T1_GTR03_51000001,,,,11,23,35,122523225000121520000000313523000007531312250000531530000000113000000000,,00000180,,,,,,,,19,19,0,7,7,180,,3121355313115211525333122352123252251123,BACABDDBABAADCAADCDBBBACCBDCACBCDCCDAACB,ABACBDBDABAACDAACDBDBBACBCCDACBCCDCDAABC,,,0,180,,,,,L_T1_GTR___standard/L_T1_GTR___zabuton_,,,,,L_T1_GTR03_33000001,,,
104936,42,,,,,,,,,23,35,52,133553000000131132320000212522520007125110000000125521100000353300000000,,00000190,,,,,,,,22,22,0,7,7,190,,3131312135531311521152533312235212325225112335,BABABACABDDBABAADCAADCDBBBACCBDCACBCDCCDAACBBD,ABABABACBDBDABAACDAACDBDBBACBCCDACBCCDCDAABCBD,,,0,190,,,,,,,,,,L_T1_GTR03_51000001,,,,23,35,52,122523225000121520000000313523000007531312250000531531100000113000000000,,00000187,,,,,,,,20,20,0,7,7,187,,312135531311521152533312235212325225112335,BACABDDBABAADCAADCDBBBACCBDCACBCDCCDAACBBD,ABACBDBDABAACDAACDBDBBACBCCDACBCCDCDAABCBD,,,0,187,,,,,L_T1_GTR___standard/L_T1_GTR___zabuton_,,,,,L_T1_GTR03_33000001,,,
104950,43,,,,,,,,,35,52,25,133553000000131132320000212522520007125110000000125521100000353332000000,,00000198,,,,,,,,23,23,0,8,8,198,,313131213553131152115253331223521232522511233552,BABABACABDDBABAADCAADCDBBBACCBDCACBCDCCDAACBBDDC,ABABABACBDBDABAACDAACDBDBBACBCCDACBCCDCDAABCBDCD,,,0,198,,,,,,,,,,L_T1_GTR03_51000001,,,,23,35,52,122523225000121520000000313523000007531312250000531531100000113000000000,,00000187,,,,,,,,20,20,0,7,7,187,,312135531311521152533312235212325225112335,BACABDDBABAADCAADCDBBBACCBDCACBCDCCDAACBBD,ABACBDBDABAACDAACDBDBBACBCCDACBCCDCDAABCBD,,,0,187,,,,,L_T1_GTR___standard/L_T1_GTR___zabuton_,,,,,L_T1_GTR03_33000001,,,
104972,44,,,,,,,,,35,52,25,133553000000131132320000212522520007125110000000125521100000353332000000,,00000198,,,,,,,,23,23,0,8,8,198,,313131213553131152115253331223521232522511233552,BABABACABDDBABAADCAADCDBBBACCBDCACBCDCCDAACBBDDC,ABABABACBDBDABAACDAACDBDBBACBCCDACBCCDCDAABCBDCD,,,0,198,,,,,,,,,,L_T1_GTR03_51000001,,,,35,52,25,122523225000121520000000313523320007531312250000531531100000113000000000,,00000193,,,,,,,,21,21,0,6,6,193,,31213553131152115253331223521232522511233552,BACABDDBABAADCAADCDBBBACCBDCACBCDCCDAACBBDDC,ABACBDBDABAACDAACDBDBBACBCCDACBCCDCDAABCBDCD,,,0,193,,,,,L_T1_GTR___standard/L_T1_GTR___zabuton_,,,,,L_T1_GTR03_33000001,,,
104992,45,,,,,,,,,52,25,25,133553350000131132320000212522520007125110000000125521100000353332000000,,00000205,,,,,,,,24,24,0,7,7,205,,31313121355313115211525333122352123252251123355225,BABABACABDDBABAADCAADCDBBBACCBDCACBCDCCDAACBBDDCCD,ABABABACBDBDABAACDAACDBDBBACBCCDACBCCDCDAABCBDCDCD,,,0,205,,,,,,,,,,L_T1_GTR03_51000001,,,,35,52,25,122523225000121520000000313523320007531312250000531531100000113000000000,,00000193,,,,,,,,21,21,0,6,6,193,,31213553131152115253331223521232522511233552,BACABDDBABAADCAADCDBBBACCBDCACBCDCCDAACBBDDC,ABACBDBDABAACDAACDBDBBACBCCDACBCCDCDAABCBDCD,,,0,193,,,,,L_T1_GTR___standard/L_T1_GTR___zabuton_,,,,,L_T1_GTR03_33000001,,,
105012,46,,,,,,,,,52,25,25,133553350000131132320000212522520007125110000000125521100000353332000000,,00000205,,,,,,,,24,24,0,7,7,205,,31313121355313115211525333122352123252251123355225,BABABACABDDBABAADCAADCDBBBACCBDCACBCDCCDAACBBDDCCD,ABABABACBDBDABAACDAACDBDBBACBCCDACBCCDCDAABCBDCDCD,,,0,205,,,,,,,,,,L_T1_GTR03_51000001,,,,,52,25,122523225000121523500000313523320007531312250000531531100000113000000000,,bb40abb1,,,,,,,,22,0,1,bb40abb1,40,233,,31213553131152115253331223521232522511233552,BACABDDBABAADCAADCDBBBACCBDCACBCDCCDAACBBDDC,ABACBDBDABAACDAACDBDBBACBCCDACBCCDCDAABCBDCD,,,1,233,,,,,L_T1_GTR___standard/L_T1_GTR___zabuton_,,,,,L_T1_GTR03_33000001,,,
105055,47,,,,,,,,,25,25,21,133553350000131132320000212522520007125115000000125521120000353332000000,,00000211,,,,,,,,25,25,0,6,6,211,,3131312135531311521152533312235212325225112335522525,BABABACABDDBABAADCAADCDBBBACCBDCACBCDCCDAACBBDDCCDCD,ABABABACBDBDABAACDAACDBDBBACBCCDACBCCDCDAABCBDCDCDCD,,,0,211,,,,,,,,,,L_T1_GTR03_51000001,,,,,52,25,122523225000121523500000313523320007531312250000531531100000113000000000,,bb40abb1,,,,,,,,22,0,1,bb40abb1,40,233,,31213553131152115253331223521232522511233552,BACABDDBABAADCAADCDBBBACCBDCACBCDCCDAACBBDDC,ABACBDBDABAACDAACDBDBBACBCCDACBCCDCDAABCBDCD,,,1,233,,,,,L_T1_GTR___standard/L_T1_GTR___zabuton_,,,,,L_T1_GTR03_33000001,,,
105094,48,,,,,,,,,25,25,21,133553350000131132320000212522520007125115000000125521120000353332000000,,00000211,,,,,,,,25,25,0,6,6,211,,3131312135531311521152533312235212325225112335522525,BABABACABDDBABAADCAADCDBBBACCBDCACBCDCCDAACBBDDCCDCD,ABABABACBDBDABAACDAACDBDBBACBCCDACBCCDCDAABCBDCDCDCD,,,0,211,,,,,,,,,,L_T1_GTR03_51000001,,,,,52,25,122522250000121525000000313522000007531312250000531531100000113000000000,,bb80ab13,,,,,,,,23,0,2,bb80ab13,1040,1273,,31213553131152115253331223521232522511233552,BACABDDBABAADCAADCDBBBACCBDCACBCDCCDAACBBDDC,ABACBDBDABAACDAACDBDBBACBCCDACBCCDCDAABCBDCD,,,2,1273,,,,,L_T1_GTR___standard/L_T1_GTR___zabuton_,,,,,L_T1_GTR03_33000001,,,
105115,49,,,,,,,,,25,21,55,133553350000131132320000212522522007125115500000125521120000353332000000,,00000216,,,,,,,,26,26,0,5,5,216,,313131213553131152115253331223521232522511233552252521,BABABACABDDBABAADCAADCDBBBACCBDCACBCDCCDAACBBDDCCDCDCA,ABABABACBDBDABAACDAACDBDBBACBCCDACBCCDCDAABCBDCDCDCDAC,,,0,216,,,,,,,,,,L_T1_GTR03_51000001,,,,,52,25,122522250000121525000000313522000007531312250000531531100000113000000000,,bb80ab13,,,,,,,,23,0,2,bb80ab13,1040,1273,,31213553131152115253331223521232522511233552,BACABDDBABAADCAADCDBBBACCBDCACBCDCCDAACBBDDC,ABACBDBDABAACDAACDBDBBACBCCDACBCCDCDAABCBDCD,,,2,1273,,,,,L_T1_GTR___standard/L_T1_GTR___zabuton_,,,,,L_T1_GTR03_33000001,,,
105149,50,,,,,,,,,21,55,35,133553350000131132325200212522522007125115500000125521120000353332000000,,00000220,,,,,,,,27,27,0,4,4,220,,31313121355313115211525333122352123252251123355225252155,BABABACABDDBABAADCAADCDBBBACCBDCACBCDCCDAACBBDDCCDCDCADD,ABABABACBDBDABAACDAACDBDBBACBCCDACBCCDCDAABCBDCDCDCDACDD,,,0,220,,,,,,,,,,L_T1_GTR03_51000001,,,,,52,25,122522250000121525000000313522000007531312250000531531100000113000000000,,bb80ab13,,,,,,,,23,0,2,bb80ab13,1040,1273,,31213553131152115253331223521232522511233552,BACABDDBABAADCAADCDBBBACCBDCACBCDCCDAACBBDDC,ABACBDBDABAACDAACDBDBBACBCCDACBCCDCDAABCBDCD,,,2,1273,,,,,L_T1_GTR___standard/L_T1_GTR___zabuton_,,,,,L_T1_GTR03_33000001,,,
105178,51,,,,,,,,,21,55,35,133553350000131132325200212522522007125115500000125521120000353332000000,,00000220,,,,,,,,27,27,0,4,4,220,,31313121355313115211525333122352123252251123355225252155,BABABACABDDBABAADCAADCDBBBACCBDCACBCDCCDAACBBDDCCDCDCADD,ABABABACBDBDABAACDAACDBDBBACBCCDACBCCDCDAABCBDCDCDCDACDD,,,0,220,,,,,,,,,,L_T1_GTR03_51000001,,,,,52,25,122550000000121550000000313500000007531315000000531531100000113000000000,,bb50ab18,,,,,,,,24,0,3,bb50ab18,900,2173,,31213553131152115253331223521232522511233552,BACABDDBABAADCAADCDBBBACCBDCACBCDCCDAACBBDDC,ABACBDBDABAACDAACDBDBBACBCCDACBCCDCDAABCBDCD,,,3,2173,,,,,L_T1_GTR___standard,,,,,L_T1_GTR03_33000001,,,
105191,52,,,,,,,,,55,35,23,133553350000131132325200212522522007125115500000125521120000353332120000,,00000226,,,,,,,,28,28,0,6,6,226,,3131312135531311521152533312235212325225112335522525215535,BABABACABDDBABAADCAADCDBBBACCBDCACBCDCCDAACBBDDCCDCDCADDBD,ABABABACBDBDABAACDAACDBDBBACBCCDACBCCDCDAABCBDCDCDCDACDDBD,,,0,226,,,,,,,,,,L_T1_GTR03_51000001,,,,,52,25,122550000000121550000000313500000007531315000000531531100000113000000000,,bb50ab18,,,,,,,,24,0,3,bb50ab18,900,2173,,31213553131152115253331223521232522511233552,BACABDDBABAADCAADCDBBBACCBDCACBCDCCDAACBBDDC,ABACBDBDABAACDAACDBDBBACBCCDACBCCDCDAABCBDCD,,,3,2173,,,,,L_T1_GTR___standard,,,,,L_T1_GTR03_33000001,,,
105217,53,,,,,,,,,,35,23,133553350000131132325200212522522007125115555000125521120000353332120000,,bb50abb2,,,,,,,,29,0,1,bb50abb2,100,326,,3131312135531311521152533312235212325225112335522525215535,BABABACABDDBABAADCAADCDBBBACCBDCACBCDCCDAACBBDDCCDCDCADDBD,ABABABACBDBDABAACDAACDBDBBACBCCDACBCCDCDAABCBDCDCDCDACDDBD,,,1,326,,,,,,,,,,L_T1_GTR03_51000001,,,,,52,25,122550000000121550000000313500000007531315000000531531100000113000000000,,bb50ab18,,,,,,,,24,0,3,bb50ab18,900,2173,,31213553131152115253331223521232522511233552,BACABDDBABAADCAADCDBBBACCBDCACBCDCCDAACBBDDC,ABACBDBDABAACDAACDBDBBACBCCDACBCCDCDAABCBDCD,,,3,2173,,,,,L_T1_GTR___standard,,,,,L_T1_GTR03_33000001,,,
105243,54,,,,,,,,,,35,23,133553350000131132325200212522522007125115555000125521120000353332120000,,bb50abb2,,,,,,,,29,0,1,bb50abb2,100,326,,3131312135531311521152533312235212325225112335522525215535,BABABACABDDBABAADCAADCDBBBACCBDCACBCDCCDAACBBDDCCDCDCADDBD,ABABABACBDBDABAACDAACDBDBBACBCCDACBCCDCDAABCBDCDCDCDACDDBD,,,1,326,,,,,,,,,,L_T1_GTR03_51000001,,,,52,25,25,122000000000121000000000313000000007531315000000531531100000113000000000,,00002181,,,,,,,,25,1,0,8,8,2181,,3121355313115211525333122352123252251123355225,BACABDDBABAADCAADCDBBBACCBDCACBCDCCDAACBBDDCCD,ABACBDBDABAACDAACDBDBBACBCCDACBCCDCDAABCBDCDCD,,,3,2181,,,,,L_T1_GTR___standard,,,,,L_T1_GTR03_33000001,,,
105297,55,,,,,,,,,,35,23,133553350000131132325200212522522007125115555000125521120000353332120000,,bb50abb2,,,,,,,,29,0,1,bb50abb2,100,326,,3131312135531311521152533312235212325225112335522525215535,BABABACABDDBABAADCAADCDBBBACCBDCACBCDCCDAACBBDDCCDCDCADDBD,ABABABACBDBDABAACDAACDBDBBACBCCDACBCCDCDAABCBDCDCDCDACDDBD,,,1,326,,,,,,,,,,L_T1_GTR03_51000001,,,,25,25,21,122000000000121200000000313500000007531315000000531531100000113000000000,,00002191,,,,,,,,26,2,0,10,10,2191,,312135531311521152533312235212325225112335522525,BACABDDBABAADCAADCDBBBACCBDCACBCDCCDAACBBDDCCDCD,ABACBDBDABAACDAACDBDBBACBCCDACBCCDCDAABCBDCDCDCD,,,3,2191,,,,,L_T1_GTR___standard/L_T1_GTR___mahara__,,,,,L_T1_GTR03_33000001,,,
105303,56,,,,,,,,,,35,23,133553350000131132325200212522220007125110000000125521120000353332120000,,bb60ab11,,,,,,,,30,0,2,bb60ab11,660,986,,3131312135531311521152533312235212325225112335522525215535,BABABACABDDBABAADCAADCDBBBACCBDCACBCDCCDAACBBDDCCDCDCADDBD,ABABABACBDBDABAACDAACDBDBBACBCCDACBCCDCDAABCBDCDCDCDACDDBD,,,2,986,,,,,,,,,,L_T1_GTR03_51000001,,,,25,25,21,122000000000121200000000313500000007531315000000531531100000113000000000,,00002191,,,,,,,,26,2,0,10,10,2191,,312135531311521152533312235212325225112335522525,BACABDDBABAADCAADCDBBBACCBDCACBCDCCDAACBBDDCCDCD,ABACBDBDABAACDAACDBDBBACBCCDACBCCDCDAABCBDCDCDCD,,,3,2191,,,,,L_T1_GTR___standard/L_T1_GTR___mahara__,,,,,L_T1_GTR03_33000001,,,
105340,57,,,,,,,,,,35,23,133553350000131132325200212522220007125110000000125521120000353332120000,,bb60ab11,,,,,,,,30,0,2,bb60ab11,660,986,,3131312135531311521152533312235212325225112335522525215535,BABABACABDDBABAADCAADCDBBBACCBDCACBCDCCDAACBBDDCCDCDCADDBD,ABABABACBDBDABAACDAACDBDBBACBCCDACBCCDCDAABCBDCDCDCDACDDBD,,,2,986,,,,,,,,,,L_T1_GTR03_51000001,,,,25,21,55,122000000000121220000000313550000007531315000000531531100000113000000000,,00002200,,,,,,,,27,3,0,9,9,2200,,31213553131152115253331223521232522511233552252521,BACABDDBABAADCAADCDBBBACCBDCACBCDCCDAACBBDDCCDCDCA,ABACBDBDABAACDAACDBDBBACBCCDACBCCDCDAABCBDCDCDCDAC,,,3,2200,,,,,L_T1_GTR___standard,,,,,L_T1_GTR03_33000001,,,
105382,58,,,,,,,,,,35,23,133553350000131132325200212522220007125110000000125521120000353332120000,,bb60ab11,,,,,,,,30,0,2,bb60ab11,660,986,,3131312135531311521152533312235212325225112335522525215535,BABABACABDDBABAADCAADCDBBBACCBDCACBCDCCDAACBBDDCCDCDCADDBD,ABABABACBDBDABAACDAACDBDBBACBCCDACBCCDCDAABCBDCDCDCDACDDBD,,,2,986,,,,,,,,,,L_T1_GTR03_51000001,,,,21,55,35,122000000000121220000000313552500007531315000000531531100000113000000000,,00002208,,,,,,,,28,4,0,8,8,2208,,3121355313115211525333122352123252251123355225252155,BACABDDBABAADCAADCDBBBACCBDCACBCDCCDAACBBDDCCDCDCADD,ABACBDBDABAACDAACDBDBBACBCCDACBCCDCDAABCBDCDCDCDACDD,,,3,2208,,,,,L_T1_GTR___standard,,,,,L_T1_GTR03_33000001,,,
105387,59,,,,,,,,,,35,23,133553350000131133520000212500000007125110000000125521120000353332120000,,bb40ab16,,,,,,,,31,0,3,bb40ab16,640,1626,,3131312135531311521152533312235212325225112335522525215535,BABABACABDDBABAADCAADCDBBBACCBDCACBCDCCDAACBBDDCCDCDCADDBD,ABABABACBDBDABAACDAACDBDBBACBCCDACBCCDCDAABCBDCDCDCDACDDBD,,,3,1626,,,,,,,,,,L_T1_GTR03_51000001,,,,21,55,35,122000000000121220000000313552500007531315000000531531100000113000000000,,00002208,,,,,,,,28,4,0,8,8,2208,,3121355313115211525333122352123252251123355225252155,BACABDDBABAADCAADCDBBBACCBDCACBCDCCDAACBBDDCCDCDCADD,ABACBDBDABAACDAACDBDBBACBCCDACBCCDCDAABCBDCDCDCDACDD,,,3,2208,,,,,L_T1_GTR___standard,,,,,L_T1_GTR03_33000001,,,
105420,60,,,,,,,,,,35,23,133553350000131133520000212500000007125110000000125521120000353332120000,,bb40ab16,,,,,,,,31,0,3,bb40ab16,640,1626,,3131312135531311521152533312235212325225112335522525215535,BABABACABDDBABAADCAADCDBBBACCBDCACBCDCCDAACBBDDCCDCDCADDBD,ABABABACBDBDABAACDAACDBDBBACBCCDACBCCDCDAABCBDCDCDCDACDDBD,,,3,1626,,,,,,,,,,L_T1_GTR03_51000001,,,,55,35,23,122000000000121220000000313552500007531315120000531531100000113000000000,,00002214,,,,,,,,29,5,0,6,6,2214,,312135531311521152533312235212325225112335522525215535,BACABDDBABAADCAADCDBBBACCBDCACBCDCCDAACBBDDCCDCDCADDBD,ABACBDBDABAACDAACDBDBBACBCCDACBCCDCDAABCBDCDCDCDACDDBD,,,3,2214,,,,,L_T1_GTR___standard,,,,,L_T1_GTR03_33000001,,,
105456,61,,,,,,,,,,35,23,133553350000131133520000212500000007125110000000125521120000353332120000,,bb40ab16,,,,,,,,31,0,3,bb40ab16,640,1626,,3131312135531311521152533312235212325225112335522525215535,BABABACABDDBABAADCAADCDBBBACCBDCACBCDCCDAACBBDDCCDCDCADDBD,ABABABACBDBDABAACDAACDBDBBACBCCDACBCCDCDAABCBDCDCDCDACDDBD,,,3,1626,,,,,,,,,,L_T1_GTR03_51000001,,,,35,23,11,122000000000121220000000313552500007531315120000531531100000113000000000,,00002220,,,,,,,,30,6,0,6,6,2220,,31213553131152115253331223521232522511233552252521553523,BACABDDBABAADCAADCDBBBACCBDCACBCDCCDAACBBDDCCDCDCADDBDCB,ABACBDBDABAACDAACDBDBBACBCCDACBCCDCDAABCBDCDCDCDACDDBDBC,,,3,2220,,,,,L_T1_GTR___standard,,,,,L_T1_GTR03_33000001,,,
105470,62,,,,,,,,,,35,23,133555000000131152000000212500000007125110000000125521120000353332120000,,bb40ab32,,,,,,,,32,0,4,bb40ab32,1280,2906,,3131312135531311521152533312235212325225112335522525215535,BABABACABDDBABAADCAADCDBBBACCBDCACBCDCCDAACBBDDCCDCDCADDBD,ABABABACBDBDABAACDAACDBDBBACBCCDACBCCDCDAABCBDCDCDCDACDDBD,,,4,2906,,,,,,,,,,L_T1_GTR03_51000001,,,,35,23,11,122000000000121220000000313552500007531315120000531531100000113000000000,,00002220,,,,,,,,30,6,0,6,6,2220,,31213553131152115253331223521232522511233552252521553523,BACABDDBABAADCAADCDBBBACCBDCACBCDCCDAACBBDDCCDCDCADDBDCB,ABACBDBDABAACDAACDBDBBACBCCDACBCCDCDAABCBDCDCDCDACDDBDBC,,,3,2220,,,,,L_T1_GTR___standard,,,,,L_T1_GTR03_33000001,,,
105494,63,,,,,,,,,,35,23,133555000000131152000000212500000007125110000000125521120000353332120000,,bb40ab32,,,,,,,,32,0,4,bb40ab32,1280,2906,,3131312135531311521152533312235212325225112335522525215535,BABABACABDDBABAADCAADCDBBBACCBDCACBCDCCDAACBBDDCCDCDCADDBD,ABABABACBDBDABAACDAACDBDBBACBCCDACBCCDCDAABCBDCDCDCDACDDBD,,,4,2906,,,,,,,,,,L_T1_GTR03_51000001,,,,23,11,11,122000000000121220000000313552555007531315123500531531100000113000000000,,00002225,,,,,,,,31,7,0,5,5,2225,,3121355313115211525333122352123252251123355225252155352311,BACABDDBABAADCAADCDBBBACCBDCACBCDCCDAACBBDDCCDCDCADDBDCBAA,ABACBDBDABAACDAACDBDBBACBCCDACBCCDCDAABCBDCDCDCDACDDBDBCAA,,,3,2225,,,,,L_T1_GTR___standard,,,,,L_T1_GTR03_33000001,,,
105526,64,,,,,,,,,,35,23,133555000000131152000000212500000007125110000000125521120000353332120000,,bb40ab32,,,,,,,,32,0,4,bb40ab32,1280,2906,,3131312135531311521152533312235212325225112335522525215535,BABABACABDDBABAADCAADCDBBBACCBDCACBCDCCDAACBBDDCCDCDCADDBD,ABABABACBDBDABAACDAACDBDBBACBCCDACBCCDCDAABCBDCDCDCDACDDBD,,,4,2906,,,,,,,,,,L_T1_GTR03_51000001,,,,,11,11,122000000000121222300000313552555007531315123500531531100000113000000000,,bb40abb1,,,,,,,,32,0,1,bb40abb1,40,2265,,3121355313115211525333122352123252251123355225252155352311,BACABDDBABAADCAADCDBBBACCBDCACBCDCCDAACBBDDCCDCDCADDBDCBAA,ABACBDBDABAACDAACDBDBBACBCCDACBCCDCDAABCBDCDCDCDACDDBDBCAA,,,3,2265,,,,,L_T1_GTR___standard,,,,,L_T1_GTR03_33000001,,,
105561,65,,,,,,,,,35,23,11,133000000000131120000000212500000007125110000000125521120000353332120000,,00002911,,,,,,,,33,1,0,5,5,2911,,313131213553131152115253331223521232522511233552252521553523,BABABACABDDBABAADCAADCDBBBACCBDCACBCDCCDAACBBDDCCDCDCADDBDCB,ABABABACBDBDABAACDAACDBDBBACBCCDACBCCDCDAABCBDCDCDCDACDDBDBC,,,4,2911,,,,,,,,,,L_T1_GTR03_51000001,,,,,11,11,122000000000121222300000313552555007531315123500531531100000113000000000,,bb40abb1,,,,,,,,32,0,1,bb40abb1,40,2265,,3121355313115211525333122352123252251123355225252155352311,BACABDDBABAADCAADCDBBBACCBDCACBCDCCDAACBBDDCCDCDCADDBDCBAA,ABACBDBDABAACDAACDBDBBACBCCDACBCCDCDAABCBDCDCDCDACDDBDBCAA,,,3,2265,,,,,L_T1_GTR___standard,,,,,L_T1_GTR03_33000001,,,
105605,66,,,,,,,,,23,11,11,133000000000131120000000212500000007125110000000125521125000353332123000,,00002916,,,,,,,,34,2,0,5,5,2916,,31313121355313115211525333122352123252251123355225252155352311,BABABACABDDBABAADCAADCDBBBACCBDCACBCDCCDAACBBDDCCDCDCADDBDCBAA,ABABABACBDBDABAACDAACDBDBBACBCCDACBCCDCDAABCBDCDCDCDACDDBDBCAA,,,4,2916,,,,,,,,,,L_T1_GTR03_51000001,,,,,11,11,122000000000121222300000313552555007531315123500531531100000113000000000,,bb40abb1,,,,,,,,32,0,1,bb40abb1,40,2265,,3121355313115211525333122352123252251123355225252155352311,BACABDDBABAADCAADCDBBBACCBDCACBCDCCDAACBBDDCCDCDCADDBDCBAA,ABACBDBDABAACDAACDBDBBACBCCDACBCCDCDAABCBDCDCDCDACDDBDBCAA,,,3,2265,,,,,L_T1_GTR___standard,,,,,L_T1_GTR03_33000001,,,
105609,67,,,,,,,,,23,11,11,133000000000131120000000212500000007125110000000125521125000353332123000,,00002916,,,,,,,,34,2,0,5,5,2916,,31313121355313115211525333122352123252251123355225252155352311,BABABACABDDBABAADCAADCDBBBACCBDCACBCDCCDAACBBDDCCDCDCADDBDCBAA,ABABABACBDBDABAACDAACDBDBBACBCCDACBCCDCDAABCBDCDCDCDACDDBDBCAA,,,4,2916,,,,,,,,,,L_T1_GTR03_51000001,,,,,11,11,122000000000121300000000313555550007531315123500531531100000113000000000,,bb60ab11,,,,,,,,33,0,2,bb60ab11,660,2925,,3121355313115211525333122352123252251123355225252155352311,BACABDDBABAADCAADCDBBBACCBDCACBCDCCDAACBBDDCCDCDCADDBDCBAA,ABACBDBDABAACDAACDBDBBACBCCDACBCCDCDAABCBDCDCDCDACDDBDBCAA,,,3,2925,,,,,L_T1_GTR___standard,,,,,L_T1_GTR03_33000001,,,
105653,68,,,,,,,,,11,11,11,133230000000131120000000212500000007125110000000125521125000353332123000,,00002926,,,,,,,,35,3,0,10,10,2926,,3131312135531311521152533312235212325225112335522525215535231111,BABABACABDDBABAADCAADCDBBBACCBDCACBCDCCDAACBBDDCCDCDCADDBDCBAAAA,ABABABACBDBDABAACDAACDBDBBACBCCDACBCCDCDAABCBDCDCDCDACDDBDBCAAAA,,,4,2926,,,,,,,,,,L_T1_GTR03_51000001,,,,,11,11,122000000000121300000000313555550007531315123500531531100000113000000000,,bb60ab11,,,,,,,,33,0,2,bb60ab11,660,2925,,3121355313115211525333122352123252251123355225252155352311,BACABDDBABAADCAADCDBBBACCBDCACBCDCCDAACBBDDCCDCDCADDBDCBAA,ABACBDBDABAACDAACDBDBBACBCCDACBCCDCDAABCBDCDCDCDACDDBDBCAA,,,3,2925,,,,,L_T1_GTR___standard,,,,,L_T1_GTR03_33000001,,,
105682,69,,,,,,,,,,11,11,133230000000131120000000212500000007125111100000125521125000353332123000,,bb70abb4,,,,,,,,36,0,1,bb70abb4,280,3206,,3131312135531311521152533312235212325225112335522525215535231111,BABABACABDDBABAADCAADCDBBBACCBDCACBCDCCDAACBBDDCCDCDCADDBDCBAAAA,ABABABACBDBDABAACDAACDBDBBACBCCDACBCCDCDAABCBDCDCDCDACDDBDBCAAAA,,,4,3206,,,,,,,,,,L_T1_GTR03_51000001,,,,,11,11,122000000000121300000000313555550007531315123500531531100000113000000000,,bb60ab11,,,,,,,,33,0,2,bb60ab11,660,2925,,3121355313115211525333122352123252251123355225252155352311,BACABDDBABAADCAADCDBBBACCBDCACBCDCCDAACBBDDCCDCDCADDBDCBAA,ABACBDBDABAACDAACDBDBBACBCCDACBCCDCDAABCBDCDCDCDACDDBDBCAA,,,3,2925,,,,,L_T1_GTR___standard,,,,,L_T1_GTR03_33000001,,,
105689,70,,,,,,,,,,11,11,133230000000131120000000212500000007125111100000125521125000353332123000,,bb70abb4,,,,,,,,36,0,1,bb70abb4,280,3206,,3131312135531311521152533312235212325225112335522525215535231111,BABABACABDDBABAADCAADCDBBBACCBDCACBCDCCDAACBBDDCCDCDCADDBDCBAAAA,ABABABACBDBDABAACDAACDBDBBACBCCDACBCCDCDAABCBDCDCDCDACDDBDBCAAAA,,,4,3206,,,,,,,,,,L_T1_GTR03_51000001,,,,,11,11,122000000000121300000000313000000007531311235000531531100000113000000000,,bb40ab16,,,,,,,,34,0,3,bb40ab16,640,3565,,3121355313115211525333122352123252251123355225252155352311,BACABDDBABAADCAADCDBBBACCBDCACBCDCCDAACBBDDCCDCDCADDBDCBAA,ABACBDBDABAACDAACDBDBBACBCCDACBCCDCDAABCBDCDCDCDACDDBDBCAA,,,3,3565,,,,,L_T1_GTR___standard,,,,,L_T1_GTR03_33000001,,,
105763,71,,,,,,,,,,11,11,133230000000131120000000212500000007125000000000125522500000353332230000,,bb40abb8,,,,,,,,37,0,2,bb40abb8,320,3526,,3131312135531311521152533312235212325225112335522525215535231111,BABABACABDDBABAADCAADCDBBBACCBDCACBCDCCDAACBBDDCCDCDCADDBDCBAAAA,ABABABACBDBDABAACDAACDBDBBACBCCDACBCCDCDAABCBDCDCDCDACDDBDBCAAAA,,,4,3526,,,,,,,,,,L_T1_GTR03_51000001,,,,,11,11,122000000000121300000000313000000007531311235000531531100000113000000000,,bb40ab16,,,,,,,,34,0,3,bb40ab16,640,3565,,3121355313115211525333122352123252251123355225252155352311,BACABDDBABAADCAADCDBBBACCBDCACBCDCCDAACBBDDCCDCDCADDBDCBAA,ABACBDBDABAACDAACDBDBBACBCCDACBCCDCDAABCBDCDCDCDACDDBDBCAA,,,3,3565,,,,,L_T1_GTR___standard,,,,,L_T1_GTR03_33000001,,,
105780,72,,,,,,,,,,11,11,133230000000131120000000212500000007125000000000125522500000353332230000,,bb40abb8,,,,,,,,37,0,2,bb40abb8,320,3526,,3131312135531311521152533312235212325225112335522525215535231111,BABABACABDDBABAADCAADCDBBBACCBDCACBCDCCDAACBBDDCCDCDCADDBDCBAAAA,ABABABACBDBDABAACDAACDBDBBACBCCDACBCCDCDAABCBDCDCDCDACDDBDBCAAAA,,,4,3526,,,,,,,,,,L_T1_GTR03_51000001,,,,11,11,11,122000000000121300000000313000000007531323500000531530000000113000000000,,00003573,,,,,,,,35,1,0,8,8,3573,,312135531311521152533312235212325225112335522525215535231111,BACABDDBABAADCAADCDBBBACCBDCACBCDCCDAACBBDDCCDCDCADDBDCBAAAA,ABACBDBDABAACDAACDBDBBACBCCDACBCCDCDAABCBDCDCDCDACDDBDBCAAAA,,,3,3573,,,,,L_T1_GTR___standard,,,,,L_T1_GTR03_33000001,,,
105834,73,,,,,,,,,,11,11,133230000000131120000000212500000007125000000000125522500000353332230000,,bb40abb8,,,,,,,,37,0,2,bb40abb8,320,3526,,3131312135531311521152533312235212325225112335522525215535231111,BABABACABDDBABAADCAADCDBBBACCBDCACBCDCCDAACBBDDCCDCDCADDBDCBAAAA,ABABABACBDBDABAACDAACDBDBBACBCCDACBCCDCDAABCBDCDCDCDACDDBDBCAAAA,,,4,3526,,,,,,,,,,L_T1_GTR03_51000001,,,,11,11,51,122000000000121300000000313000000007531323500000531531100000113000000000,,00003580,,,,,,,,36,2,0,7,7,3580,,31213553131152115253331223521232522511233552252521553523111111,BACABDDBABAADCAADCDBBBACCBDCACBCDCCDAACBBDDCCDCDCADDBDCBAAAAAA,ABACBDBDABAACDAACDBDBBACBCCDACBCCDCDAABCBDCDCDCDACDDBDBCAAAAAA,,,3,3580,,,,,L_T1_GTR___standard,,,,,L_T1_GTR03_33000001,,,
105853,74,,,,,,,,,,11,11,133230000000131120000000212500000007125000000000125550000000353333000000,,bb80ab19,,,,,,,,38,0,3,bb80ab19,1520,5046,,3131312135531311521152533312235212325225112335522525215535231111,BABABACABDDBABAADCAADCDBBBACCBDCACBCDCCDAACBBDDCCDCDCADDBDCBAAAA,ABABABACBDBDABAACDAACDBDBBACBCCDACBCCDCDAABCBDCDCDCDACDDBDBCAAAA,,,4,5046,,,,,,,,,,L_T1_GTR03_51000001,,,,11,11,51,122000000000121300000000313000000007531323500000531531100000113000000000,,00003580,,,,,,,,36,2,0,7,7,3580,,31213553131152115253331223521232522511233552252521553523111111,BACABDDBABAADCAADCDBBBACCBDCACBCDCCDAACBBDDCCDCDCADDBDCBAAAAAA,ABACBDBDABAACDAACDBDBBACBCCDACBCCDCDAABCBDCDCDCDACDDBDBCAAAAAA,,,3,3580,,,,,L_T1_GTR___standard,,,,,L_T1_GTR03_33000001,,,
105870,75,,,,,,,,,,11,11,133230000000131120000000212500000007125000000000125550000000353333000000,,bb80ab19,,,,,,,,38,0,3,bb80ab19,1520,5046,,3131312135531311521152533312235212325225112335522525215535231111,BABABACABDDBABAADCAADCDBBBACCBDCACBCDCCDAACBBDDCCDCDCADDBDCBAAAA,ABABABACBDBDABAACDAACDBDBBACBCCDACBCCDCDAABCBDCDCDCDACDDBDBCAAAA,,,4,5046,,,,,,,,,,L_T1_GTR03_51000001,,,,11,51,35,122000000000121300000000313000000007531323511000531531100000113000000000,,00003585,,,,,,,,37,3,0,5,5,3585,,3121355313115211525333122352123252251123355225252155352311111151,BACABDDBABAADCAADCDBBBACCBDCACBCDCCDAACBBDDCCDCDCADDBDCBAAAAAADA,ABACBDBDABAACDAACDBDBBACBCCDACBCCDCDAABCBDCDCDCDACDDBDBCAAAAAAAD,,,3,3585,,,,,L_T1_GTR___standard,,,,,L_T1_GTR03_33000001,,,
105912,76,,,,,,,,,,11,11,133230000000131120000000212500000007125000000000125550000000353333000000,,bb80ab19,,,,,,,,38,0,3,bb80ab19,1520,5046,,3131312135531311521152533312235212325225112335522525215535231111,BABABACABDDBABAADCAADCDBBBACCBDCACBCDCCDAACBBDDCCDCDCADDBDCBAAAA,ABABABACBDBDABAACDAACDBDBBACBCCDACBCCDCDAABCBDCDCDCDACDDBDBCAAAA,,,4,5046,,,,,,,,,,L_T1_GTR03_51000001,,,,51,35,53,122000000000121311000000313000000007531323511000531531100000113000000000,,00003593,,,,,,,,38,4,0,8,8,3593,,312135531311521152533312235212325225112335522525215535231111115135,BACABDDBABAADCAADCDBBBACCBDCACBCDCCDAACBBDDCCDCDCADDBDCBAAAAAADABD,ABACBDBDABAACDAACDBDBBACBCCDACBCCDCDAABCBDCDCDCDACDDBDBCAAAAAAADBD,,,3,3593,,,,,L_T1_GTR___standard,,,,,L_T1_GTR03_33000001,,,
105919,77,,,,,,,,,11,11,51,133230000000131120000000212500000007120000000000120000000000350000000000,,00005053,,,,,,,,39,1,0,7,7,5053,,313131213553131152115253331223521232522511233552252521553523111111,BABABACABDDBABAADCAADCDBBBACCBDCACBCDCCDAACBBDDCCDCDCADDBDCBAAAAAA,ABABABACBDBDABAACDAACDBDBBACBCCDACBCCDCDAABCBDCDCDCDACDDBDBCAAAAAA,,,4,5053,,,,,,,,,,L_T1_GTR03_51000001,,,,51,35,53,122000000000121311000000313000000007531323511000531531100000113000000000,,00003593,,,,,,,,38,4,0,8,8,3593,,312135531311521152533312235212325225112335522525215535231111115135,BACABDDBABAADCAADCDBBBACCBDCACBCDCCDAACBBDDCCDCDCADDBDCBAAAAAADABD,ABACBDBDABAACDAACDBDBBACBCCDACBCCDCDAABCBDCDCDCDACDDBDBCAAAAAAADBD,,,3,3593,,,,,L_T1_GTR___standard,,,,,L_T1_GTR03_33000001,,,
105967,78,,,,,,,,,11,51,35,133230000000131120000000212500000007121100000000120000000000350000000000,,00005064,,,,,,,,40,2,0,11,11,5064,,31313121355313115211525333122352123252251123355225252155352311111151,BABABACABDDBABAADCAADCDBBBACCBDCACBCDCCDAACBBDDCCDCDCADDBDCBAAAAAADA,ABABABACBDBDABAACDAACDBDBBACBCCDACBCCDCDAABCBDCDCDCDACDDBDBCAAAAAAAD,,,4,5064,,,,,,,,,,L_T1_GTR03_51000001,,,,51,35,53,122000000000121311000000313000000007531323511000531531100000113000000000,,00003593,,,,,,,,38,4,0,8,8,3593,,312135531311521152533312235212325225112335522525215535231111115135,BACABDDBABAADCAADCDBBBACCBDCACBCDCCDAACBBDDCCDCDCADDBDCBAAAAAADABD,ABACBDBDABAACDAACDBDBBACBCCDACBCCDCDAABCBDCDCDCDACDDBDBCAAAAAAADBD,,,3,3593,,,,,L_T1_GTR___standard,,,,,L_T1_GTR03_33000001,,,
106004,79,,,,,,,,,51,35,53,133230000000131120000000212511000007121100000000120000000000350000000000,,00005071,,,,,,,,41,3,0,7,7,5071,,3131312135531311521152533312235212325225112335522525215535231111115135,BABABACABDDBABAADCAADCDBBBACCBDCACBCDCCDAACBBDDCCDCDCADDBDCBAAAAAADABD,ABABABACBDBDABAACDAACDBDBBACBCCDACBCCDCDAABCBDCDCDCDACDDBDBCAAAAAAADBD,,,4,5071,,,,,,,,,,L_T1_GTR03_51000001,,,,51,35,53,122000000000121311000000313000000007531323511000531531100000113000000000,,00003593,,,,,,,,38,4,0,8,8,3593,,312135531311521152533312235212325225112335522525215535231111115135,BACABDDBABAADCAADCDBBBACCBDCACBCDCCDAACBBDDCCDCDCADDBDCBAAAAAADABD,ABACBDBDABAACDAACDBDBBACBCCDACBCCDCDAABCBDCDCDCDACDDBDBCAAAAAAADBD,,,3,3593,,,,,L_T1_GTR___standard,,,,,L_T1_GTR03_33000001,,,
106026,80,,,,,,,,,51,35,53,133230000000131120000000212511000007121100000000120000000000350000000000,,00005071,,,,,,,,41,3,0,7,7,5071,,3131312135531311521152533312235212325225112335522525215535231111115135,BABABACABDDBABAADCAADCDBBBACCBDCACBCDCCDAACBBDDCCDCDCADDBDCBAAAAAADABD,ABABABACBDBDABAACDAACDBDBBACBCCDACBCCDCDAABCBDCDCDCDACDDBDBCAAAAAAADBD,,,4,5071,,,,,,,,,,L_T1_GTR03_51000001,,,,35,53,25,122666600000121311156660313666600007531323511666531531166600113666600000,,00003599,,,,,,,,39,5,0,6,6,3599,,31213553131152115253331223521232522511233552252521553523111111513553,BACABDDBABAADCAADCDBBBACCBDCACBCDCCDAACBBDDCCDCDCADDBDCBAAAAAADABDDB,ABACBDBDABAACDAACDBDBBACBCCDACBCCDCDAABCBDCDCDCDACDDBDBCAAAAAAADBDBD,,,3,3599,,,,,L_T1_GTR___standard,,,,,L_T1_GTR03_33000001,,,
106040,81,,,,,,,,,35,53,25,133230000000131120000000212511150007121100000000120000000000350000000000,,00005077,,,,,,,,42,4,0,6,6,5077,,313131213553131152115253331223521232522511233552252521553523111111513553,BABABACABDDBABAADCAADCDBBBACCBDCACBCDCCDAACBBDDCCDCDCADDBDCBAAAAAADABDDB,ABABABACBDBDABAACDAACDBDBBACBCCDACBCCDCDAABCBDCDCDCDACDDBDBCAAAAAAADBDBD,,,4,5077,,,,,,,,,,L_T1_GTR03_51000001,,,,35,53,25,122666600000121311156660313666600007531323511666531531166600113666600000,,00003599,,,,,,,,39,5,0,6,6,3599,,31213553131152115253331223521232522511233552252521553523111111513553,BACABDDBABAADCAADCDBBBACCBDCACBCDCCDAACBBDDCCDCDCADDBDCBAAAAAADABDDB,ABACBDBDABAACDAACDBDBBACBCCDACBCCDCDAABCBDCDCDCDACDDBDBCAAAAAAADBDBD,,,3,3599,,,,,L_T1_GTR___standard,,,,,L_T1_GTR03_33000001,,,
106067,82,,,,,,,,,35,53,25,133230000000131120000000212511150007121100000000120000000000350000000000,,00005077,,,,,,,,42,4,0,6,6,5077,,313131213553131152115253331223521232522511233552252521553523111111513553,BABABACABDDBABAADCAADCDBBBACCBDCACBCDCCDAACBBDDCCDCDCADDBDCBAAAAAADABDDB,ABABABACBDBDABAACDAACDBDBBACBCCDACBCCDCDAABCBDCDCDCDACDDBDBCAAAAAAADBDBD,,,4,5077,,,,,,,,,,L_T1_GTR03_51000001,,,,53,25,25,122666653000121311156660313666600007531323511666531531166600113666600000,,00003604,,,,,,,,40,6,0,5,5,3604,,3121355313115211525333122352123252251123355225252155352311111151355325,BACABDDBABAADCAADCDBBBACCBDCACBCDCCDAACBBDDCCDCDCADDBDCBAAAAAADABDDBCD,ABACBDBDABAACDAACDBDBBACBCCDACBCCDCDAABCBDCDCDCDACDDBDBCAAAAAAADBDBDCD,,,3,3604,,,,,L_T1_GTR___standard,,,,,L_T1_GTR03_33000001,,,
106085,83,,,,,,,,,53,25,25,133233000000131125000000212511150007121100000000120000000000350000000000,,00005085,,,,,,,,43,5,0,8,8,5085,,31313121355313115211525333122352123252251123355225252155352311111151355325,BABABACABDDBABAADCAADCDBBBACCBDCACBCDCCDAACBBDDCCDCDCADDBDCBAAAAAADABDDBCD,ABABABACBDBDABAACDAACDBDBBACBCCDACBCCDCDAABCBDCDCDCDACDDBDBCAAAAAAADBDBDCD,,,4,5085,,,,,,,,,,L_T1_GTR03_51000001,,,,53,25,25,122666653000121311156660313666600007531323511666531531166600113666600000,,00003604,,,,,,,,40,6,0,5,5,3604,,3121355313115211525333122352123252251123355225252155352311111151355325,BACABDDBABAADCAADCDBBBACCBDCACBCDCCDAACBBDDCCDCDCADDBDCBAAAAAADABDDBCD,ABACBDBDABAACDAACDBDBBACBCCDACBCCDCDAABCBDCDCDCDACDDBDBCAAAAAAADBDBDCD,,,3,3604,,,,,L_T1_GTR___standard,,,,,L_T1_GTR03_33000001,,,
106133,84,,,,,,,,,53,25,25,133233000000131125000000212511150007121100000000120000000000350000000000,,00005085,,,,,,,,43,5,0,8,8,5085,,31313121355313115211525333122352123252251123355225252155352311111151355325,BABABACABDDBABAADCAADCDBBBACCBDCACBCDCCDAACBBDDCCDCDCADDBDCBAAAAAADABDDBCD,ABABABACBDBDABAACDAACDBDBBACBCCDACBCCDCDAABCBDCDCDCDACDDBDBCAAAAAAADBDBDCD,,,4,5085,,,,,,,,,,L_T1_GTR03_51000001,,,,25,25,13,122666653000121311156663313666650007531323511666531531166600113666600000,,00003606,,,,,,,,41,7,0,2,2,3606,,312135531311521152533312235212325225112335522525215535231111115135532525,BACABDDBABAADCAADCDBBBACCBDCACBCDCCDAACBBDDCCDCDCADDBDCBAAAAAADABDDBCDCD,ABACBDBDABAACDAACDBDBBACBCCDACBCCDCDAABCBDCDCDCDACDDBDBCAAAAAAADBDBDCDCD,,,3,3606,,,,,L_T1_GTR___standard,,,,,L_T1_GTR03_33000001,,,
106143,85,,,,,,,,,25,25,13,133233000000131125300000212511155007121100000000120000000000350000000000,,00005090,,,,,,,,44,6,0,5,5,5090,,3131312135531311521152533312235212325225112335522525215535231111115135532525,BABABACABDDBABAADCAADCDBBBACCBDCACBCDCCDAACBBDDCCDCDCADDBDCBAAAAAADABDDBCDCD,ABABABACBDBDABAACDAACDBDBBACBCCDACBCCDCDAABCBDCDCDCDACDDBDBCAAAAAAADBDBDCDCD,,,4,5090,,,,,,,,,,L_T1_GTR03_51000001,,,,25,25,13,122666653000121311156663313666650007531323511666531531166600113666600000,,00003606,,,,,,,,41,7,0,2,2,3606,,312135531311521152533312235212325225112335522525215535231111115135532525,BACABDDBABAADCAADCDBBBACCBDCACBCDCCDAACBBDDCCDCDCADDBDCBAAAAAADABDDBCDCD,ABACBDBDABAACDAACDBDBBACBCCDACBCCDCDAABCBDCDCDCDACDDBDBCAAAAAAADBDBDCDCD,,,3,3606,,,,,L_T1_GTR___standard,,,,,L_T1_GTR03_33000001,,,
106195,86,,,,,,,,,25,25,13,133233000000131125300000212511155007121100000000120000000000350000000000,,00005090,,,,,,,,44,6,0,5,5,5090,,3131312135531311521152533312235212325225112335522525215535231111115135532525,BABABACABDDBABAADCAADCDBBBACCBDCACBCDCCDAACBBDDCCDCDCADDBDCBAAAAAADABDDBCDCD,ABABABACBDBDABAACDAACDBDBBACBCCDACBCCDCDAABCBDCDCDCDACDDBDBCAAAAAAADBDBDCDCD,,,4,5090,,,,,,,,,,L_T1_GTR03_51000001,,,,25,13,33,122666653250121311156663313666650007531323511666531531166600113666600000,,00003610,,,,,,,,42,8,0,4,4,3610,,31213553131152115253331223521232522511233552252521553523111111513553252513,BACABDDBABAADCAADCDBBBACCBDCACBCDCCDAACBBDDCCDCDCADDBDCBAAAAAADABDDBCDCDAB,ABACBDBDABAACDAACDBDBBACBCCDACBCCDCDAABCBDCDCDCDACDDBDBCAAAAAAADBDBDCDCDAB,,,3,3610,,,,,L_T1_GTR___standard,,,,,L_T1_GTR03_33000001,,,
106203,87,,,,,,,,,25,13,33,133233200000131125350000212511155007121100000000120000000000350000000000,,00005096,,,,,,,,45,7,0,6,6,5096,,313131213553131152115253331223521232522511233552252521553523111111513553252513,BABABACABDDBABAADCAADCDBBBACCBDCACBCDCCDAACBBDDCCDCDCADDBDCBAAAAAADABDDBCDCDAB,ABABABACBDBDABAACDAACDBDBBACBCCDACBCCDCDAABCBDCDCDCDACDDBDBCAAAAAAADBDBDCDCDAB,,,4,5096,,,,,,,,,,L_T1_GTR03_51000001,,,,25,13,33,122666653250121311156663313666650007531323511666531531166600113666600000,,00003610,,,,,,,,42,8,0,4,4,3610,,31213553131152115253331223521232522511233552252521553523111111513553252513,BACABDDBABAADCAADCDBBBACCBDCACBCDCCDAACBBDDCCDCDCADDBDCBAAAAAADABDDBCDCDAB,ABACBDBDABAACDAACDBDBBACBCCDACBCCDCDAABCBDCDCDCDACDDBDBCAAAAAAADBDBDCDCDAB,,,3,3610,,,,,L_T1_GTR___standard,,,,,L_T1_GTR03_33000001,,,
106245,88,,,,,,,,,13,33,23,133233225000131125350000212511155007121100000000120000000000350000000000,,00005102,,,,,,,,46,8,0,6,6,5102,,31313121355313115211525333122352123252251123355225252155352311111151355325251333,BABABACABDDBABAADCAADCDBBBACCBDCACBCDCCDAACBBDDCCDCDCADDBDCBAAAAAADABDDBCDCDABBB,ABABABACBDBDABAACDAACDBDBBACBCCDACBCCDCDAABCBDCDCDCDACDDBDBCAAAAAAADBDBDCDCDABBB,,,4,5102,,,,,,,,,,L_T1_GTR03_51000001,,,,25,13,33,122666653250121311156663313666650007531323511666531531166600113666600000,,00003610,,,,,,,,42,8,0,4,4,3610,,31213553131152115253331223521232522511233552252521553523111111513553252513,BACABDDBABAADCAADCDBBBACCBDCACBCDCCDAACBBDDCCDCDCADDBDCBAAAAAADABDDBCDCDAB,ABACBDBDABAACDAACDBDBBACBCCDACBCCDCDAABCBDCDCDCDACDDBDBCAAAAAAADBDBDCDCDAB,,,3,3610,,,,,L_T1_GTR___standard,,,,,L_T1_GTR03_33000001,,,
106280,89,,,,,,,,,,33,23,133233225000131125350000212511155007121113000000120000000000350000000000,,bb60abb3,,,,,,,,47,0,1,bb60abb3,180,5282,,31313121355313115211525333122352123252251123355225252155352311111151355325251333,BABABACABDDBABAADCAADCDBBBACCBDCACBCDCCDAACBBDDCCDCDCADDBDCBAAAAAADABDDBCDCDABBB,ABABABACBDBDABAACDAACDBDBBACBCCDACBCCDCDAABCBDCDCDCDACDDBDBCAAAAAAADBDBDCDCDABBB,,,4,5282,,,,,,,,,,L_T1_GTR03_51000001,,,,25,13,33,122666653250121311156663313666650007531323511666531531166600113666600000,,00003610,,,,,,,,42,8,0,4,4,3610,,31213553131152115253331223521232522511233552252521553523111111513553252513,BACABDDBABAADCAADCDBBBACCBDCACBCDCCDAACBBDDCCDCDCADDBDCBAAAAAADABDDBCDCDAB,ABACBDBDABAACDAACDBDBBACBCCDACBCCDCDAABCBDCDCDCDACDDBDBCAAAAAAADBDBDCDCDAB,,,3,3610,,,,,L_T1_GTR___standard,,,,,L_T1_GTR03_33000001,,,
106281,90,,,,,,,,,,33,23,133233225000131125350000212511155007121113000000120000000000350000000000,,bb60abb3,,,,,,,,47,0,1,bb60abb3,180,5282,,31313121355313115211525333122352123252251123355225252155352311111151355325251333,BABABACABDDBABAADCAADCDBBBACCBDCACBCDCCDAACBBDDCCDCDCADDBDCBAAAAAADABDDBCDCDABBB,ABABABACBDBDABAACDAACDBDBBACBCCDACBCCDCDAABCBDCDCDCDACDDBDBCAAAAAAADBDBDCDCDABBB,,,4,5282,,,,,,,,,,L_T1_GTR03_51000001,,,,13,33,23,122666653250121311156663313666652007531323511666531531166600113666600000,,00003611,,,,,,,,43,9,0,1,1,3611,,3121355313115211525333122352123252251123355225252155352311111151355325251333,BACABDDBABAADCAADCDBBBACCBDCACBCDCCDAACBBDDCCDCDCADDBDCBAAAAAADABDDBCDCDABBB,ABACBDBDABAACDAACDBDBBACBCCDACBCCDCDAABCBDCDCDCDACDDBDBCAAAAAAADBDBDCDCDABBB,,,3,3611,,,,,L_T1_GTR___standard,,,,,L_T1_GTR03_33000001,,,
106363,91,,,,,,,,,,33,23,133233225000131125350000212555000007123000000000120000000000350000000000,,bb40abb8,,,,,,,,48,0,2,bb40abb8,320,5602,,31313121355313115211525333122352123252251123355225252155352311111151355325251333,BABABACABDDBABAADCAADCDBBBACCBDCACBCDCCDAACBBDDCCDCDCADDBDCBAAAAAADABDDBCDCDABBB,ABABABACBDBDABAACDAACDBDBBACBCCDACBCCDCDAABCBDCDCDCDACDDBDBCAAAAAAADBDBDCDCDABBB,,,4,5602,,,,,,,,,,L_T1_GTR03_51000001,,,,13,33,23,122666653250121311156663313666652007531323511666531531166600113666600000,,00003611,,,,,,,,43,9,0,1,1,3611,,3121355313115211525333122352123252251123355225252155352311111151355325251333,BACABDDBABAADCAADCDBBBACCBDCACBCDCCDAACBBDDCCDCDCADDBDCBAAAAAADABDDBCDCDABBB,ABACBDBDABAACDAACDBDBBACBCCDACBCCDCDAABCBDCDCDCDACDDBDBCAAAAAAADBDBDCDCDABBB,,,3,3611,,,,,L_T1_GTR___standard,,,,,L_T1_GTR03_33000001,,,
106371,92,,,,,,,,,,33,23,133233225000131125350000212555000007123000000000120000000000350000000000,,bb40abb8,,,,,,,,48,0,2,bb40abb8,320,5602,,31313121355313115211525333122352123252251123355225252155352311111151355325251333,BABABACABDDBABAADCAADCDBBBACCBDCACBCDCCDAACBBDDCCDCDCADDBDCBAAAAAADABDDBCDCDABBB,ABABABACBDBDABAACDAACDBDBBACBCCDACBCCDCDAABCBDCDCDCDACDDBDBCAAAAAAADBDBDCDCDABBB,,,4,5602,,,,,,,,,,L_T1_GTR03_51000001,,,,33,23,25,122666653250121311156663313666652307531323511666531531166600113666600000,,00003612,,,,,,,,44,10,0,1,1,3612,,312135531311521152533312235212325225112335522525215535231111115135532525133323,BACABDDBABAADCAADCDBBBACCBDCACBCDCCDAACBBDDCCDCDCADDBDCBAAAAAADABDDBCDCDABBBCB,ABACBDBDABAACDAACDBDBBACBCCDACBCCDCDAABCBDCDCDCDACDDBDBCAAAAAAADBDBDCDCDABBBBC,,,3,3612,,,,,L_T1_GTR___standard,,,,,L_T1_GTR03_33000001,,,
106389,93,,,,,,,,,,33,23,133233225000131125350000212555000007123000000000120000000000350000000000,,bb40abb8,,,,,,,,48,0,2,bb40abb8,320,5602,,31313121355313115211525333122352123252251123355225252155352311111151355325251333,BABABACABDDBABAADCAADCDBBBACCBDCACBCDCCDAACBBDDCCDCDCADDBDCBAAAAAADABDDBCDCDABBB,ABABABACBDBDABAACDAACDBDBBACBCCDACBCCDCDAABCBDCDCDCDACDDBDBCAAAAAAADBDBDCDCDABBB,,,4,5602,,,,,,,,,,L_T1_GTR03_51000001,,,,,23,25,122666653250121311156663313666652333531323511666531531166600113666600000,,bb40abb1,,,,,,,,45,0,1,bb40abb1,40,3652,,312135531311521152533312235212325225112335522525215535231111115135532525133323,BACABDDBABAADCAADCDBBBACCBDCACBCDCCDAACBBDDCCDCDCADDBDCBAAAAAADABDDBCDCDABBBCB,ABACBDBDABAACDAACDBDBBACBCCDACBCCDCDAABCBDCDCDCDACDDBDBCAAAAAAADBDBDCDCDABBBBC,,,3,3652,,,,,L_T1_GTR___standard,,,,,L_T1_GTR03_33000001,,,
106453,94,,,,,,,,,33,23,25,133233225000131123500000212000000007123000000000120000000000350000000000,,00005611,,,,,,,,49,1,0,9,9,5611,,3131312135531311521152533312235212325225112335522525215535231111115135532525133323,BABABACABDDBABAADCAADCDBBBACCBDCACBCDCCDAACBBDDCCDCDCADDBDCBAAAAAADABDDBCDCDABBBCB,ABABABACBDBDABAACDAACDBDBBACBCCDACBCCDCDAABCBDCDCDCDACDDBDBCAAAAAAADBDBDCDCDABBBBC,,,4,5611,,,,,,,,,,L_T1_GTR03_51000001,,,,,23,25,122666653250121311156663313666652333531323511666531531166600113666600000,,bb40abb1,,,,,,,,45,0,1,bb40abb1,40,3652,,312135531311521152533312235212325225112335522525215535231111115135532525133323,BACABDDBABAADCAADCDBBBACCBDCACBCDCCDAACBBDDCCDCDCADDBDCBAAAAAADABDDBCDCDABBBCB,ABACBDBDABAACDAACDBDBBACBCCDACBCCDCDAABCBDCDCDCDACDDBDBCAAAAAAADBDBDCDCDABBBBC,,,3,3652,,,,,L_T1_GTR___standard,,,,,L_T1_GTR03_33000001,,,
106470,95,,,,,,,,,33,23,25,133233225000131123500000212000000007123000000000120000000000350000000000,,00005611,,,,,,,,49,1,0,9,9,5611,,3131312135531311521152533312235212325225112335522525215535231111115135532525133323,BABABACABDDBABAADCAADCDBBBACCBDCACBCDCCDAACBBDDCCDCDCADDBDCBAAAAAADABDDBCDCDABBBCB,ABABABACBDBDABAACDAACDBDBBACBCCDACBCCDCDAABCBDCDCDCDACDDBDBCAAAAAAADBDBDCDCDABBBBC,,,4,5611,,,,,,,,,,L_T1_GTR03_51000001,,,,23,23,25,122666653250121311156100313666652007531323511500531531166600113666600000,,00003655,,,,,,,,46,1,0,3,3,3655,,31213553131152115253331223521232522511233552252521553523111111513553252513332323,BACABDDBABAADCAADCDBBBACCBDCACBCDCCDAACBBDDCCDCDCADDBDCBAAAAAADABDDBCDCDABBBCBCB,ABACBDBDABAACDAACDBDBBACBCCDACBCCDCDAABCBDCDCDCDACDDBDBCAAAAAAADBDBDCDCDABBBBCBC,,,3,3655,,,,,L_T1_GTR___standard,,,,,L_T1_GTR03_33000001,,,
106497,96,,,,,,,,,23,25,31,133233225000131123500000212300000007123300000000120000000000350000000000,,00005621,,,,,,,,50,2,0,10,10,5621,,313131213553131152115253331223521232522511233552252521553523111111513553252513332325,BABABACABDDBABAADCAADCDBBBACCBDCACBCDCCDAACBBDDCCDCDCADDBDCBAAAAAADABDDBCDCDABBBCBCD,ABABABACBDBDABAACDAACDBDBBACBCCDACBCCDCDAABCBDCDCDCDACDDBDBCAAAAAAADBDBDCDCDABBBBCCD,,,4,5621,,,,,,,,,,L_T1_GTR03_51000001,,,,23,23,25,122666653250121311156100313666652007531323511500531531166600113666600000,,00003655,,,,,,,,46,1,0,3,3,3655,,31213553131152115253331223521232522511233552252521553523111111513553252513332323,BACABDDBABAADCAADCDBBBACCBDCACBCDCCDAACBBDDCCDCDCADDBDCBAAAAAADABDDBCDCDABBBCBCB,ABACBDBDABAACDAACDBDBBACBCCDACBCCDCDAABCBDCDCDCDACDDBDBCAAAAAAADBDBDCDCDABBBBCBC,,,3,3655,,,,,L_T1_GTR___standard,,,,,L_T1_GTR03_33000001,,,
106527,97,,,,,,,,,23,25,31,133233225000131123500000212300000007123300000000120000000000350000000000,,00005621,,,,,,,,50,2,0,10,10,5621,,313131213553131152115253331223521232522511233552252521553523111111513553252513332325,BABABACABDDBABAADCAADCDBBBACCBDCACBCDCCDAACBBDDCCDCDCADDBDCBAAAAAADABDDBCDCDABBBCBCD,ABABABACBDBDABAACDAACDBDBBACBCCDACBCCDCDAABCBDCDCDCDACDDBDBCAAAAAAADBDBDCDCDABBBBCCD,,,4,5621,,,,,,,,,,L_T1_GTR03_51000001,,,,23,25,31,122666653256121311156160313666652607531323511560531531166660113666600000,,00003655,,,,,,,,47,2,0,0,0,3655,,3121355313115211525333122352123252251123355225252155352311111151355325251333232325,BACABDDBABAADCAADCDBBBACCBDCACBCDCCDAACBBDDCCDCDCADDBDCBAAAAAADABDDBCDCDABBBCBCBCD,ABACBDBDABAACDAACDBDBBACBCCDACBCCDCDAABCBDCDCDCDACDDBDBCAAAAAAADBDBDCDCDABBBBCBCCD,,,3,3655,,,,,L_T1_GTR___standard,,,,,L_T1_GTR03_33000001,,,
106529,98,,,,,,,,,,25,31,133233225000131123500000212323000007123300000000120000000000350000000000,,bb40abb1,,,,,,,,51,0,1,bb40abb1,40,5661,,313131213553131152115253331223521232522511233552252521553523111111513553252513332325,BABABACABDDBABAADCAADCDBBBACCBDCACBCDCCDAACBBDDCCDCDCADDBDCBAAAAAADABDDBCDCDABBBCBCD,ABABABACBDBDABAACDAACDBDBBACBCCDACBCCDCDAABCBDCDCDCDACDDBDBCAAAAAAADBDBDCDCDABBBBCCD,,,4,5661,,,,,,,,,,L_T1_GTR03_51000001,,,,23,25,31,122666653256121311156160313666652607531323511560531531166660113666600000,,00003655,,,,,,,,47,2,0,0,0,3655,,3121355313115211525333122352123252251123355225252155352311111151355325251333232325,BACABDDBABAADCAADCDBBBACCBDCACBCDCCDAACBBDDCCDCDCADDBDCBAAAAAADABDDBCDCDABBBCBCBCD,ABACBDBDABAACDAACDBDBBACBCCDACBCCDCDAABCBDCDCDCDACDDBDBCAAAAAAADBDBDCDCDABBBBCBCCD,,,3,3655,,,,,L_T1_GTR___standard,,,,,L_T1_GTR03_33000001,,,
106557,99,,,,,,,,,,25,31,133233225000131123500000212323000007123300000000120000000000350000000000,,bb40abb1,,,,,,,,51,0,1,bb40abb1,40,5661,,313131213553131152115253331223521232522511233552252521553523111111513553252513332325,BABABACABDDBABAADCAADCDBBBACCBDCACBCDCCDAACBBDDCCDCDCADDBDCBAAAAAADABDDBCDCDABBBCBCD,ABABABACBDBDABAACDAACDBDBBACBCCDACBCCDCDAABCBDCDCDCDACDDBDBCAAAAAAADBDBDCDCDABBBBCCD,,,4,5661,,,,,,,,,,L_T1_GTR03_51000001,,,,25,31,12,122666653256121311156162313666652607531323511560531531166660113666666000,,00003657,,,,,,,,48,3,0,2,2,3657,,312135531311521152533312235212325225112335522525215535231111115135532525133323232531,BACABDDBABAADCAADCDBBBACCBDCACBCDCCDAACBBDDCCDCDCADDBDCBAAAAAADABDDBCDCDABBBCBCBCDBA,ABACBDBDABAACDAACDBDBBACBCCDACBCCDCDAABCBDCDCDCDACDDBDBCAAAAAAADBDBDCDCDABBBBCBCCDAB,,,3,3657,,,,,L_T1_GTR___standard,,,,,L_T1_GTR03_33000001,,,
106612,100,,,,,,,,,,25,31,133222500000131125000000212320000007123300000000120000000000350000000000,,bb50ab10,,,,,,,,52,0,2,bb50ab10,500,6161,,313131213553131152115253331223521232522511233552252521553523111111513553252513332325,BABABACABDDBABAADCAADCDBBBACCBDCACBCDCCDAACBBDDCCDCDCADDBDCBAAAAAADABDDBCDCDABBBCBCD,ABABABACBDBDABAACDAACDBDBBACBCCDACBCCDCDAABCBDCDCDCDACDDBDBCAAAAAAADBDBDCDCDABBBBCCD,,,4,6161,,,,,,,,,,L_T1_GTR03_51000001,,,,25,31,12,122666653256121311156162313666652607531323511560531531166660113666666000,,00003657,,,,,,,,48,3,0,2,2,3657,,312135531311521152533312235212325225112335522525215535231111115135532525133323232531,BACABDDBABAADCAADCDBBBACCBDCACBCDCCDAACBBDDCCDCDCADDBDCBAAAAAADABDDBCDCDABBBCBCBCDBA,ABACBDBDABAACDAACDBDBBACBCCDACBCCDCDAABCBDCDCDCDACDDBDBCAAAAAAADBDBDCDCDABBBBCBCCDAB,,,3,3657,,,,,L_T1_GTR___standard,,,,,L_T1_GTR03_33000001,,,
106624,101,,,,,,,,,,25,31,133222500000131125000000212320000007123300000000120000000000350000000000,,bb50ab10,,,,,,,,52,0,2,bb50ab10,500,6161,,313131213553131152115253331223521232522511233552252521553523111111513553252513332325,BABABACABDDBABAADCAADCDBBBACCBDCACBCDCCDAACBBDDCCDCDCADDBDCBAAAAAADABDDBCDCDABBBCBCD,ABABABACBDBDABAACDAACDBDBBACBCCDACBCCDCDAABCBDCDCDCDACDDBDBCAAAAAAADBDBDCDCDABBBBCCD,,,4,6161,,,,,,,,,,L_T1_GTR03_51000001,,,,31,12,33,122666653256121311152122313666652607531323511560531531166662113666666500,,00003659,,,,,,,,49,4,0,2,2,3659,,31213553131152115253331223521232522511233552252521553523111111513553252513332323253112,BACABDDBABAADCAADCDBBBACCBDCACBCDCCDAACBBDDCCDCDCADDBDCBAAAAAADABDDBCDCDABBBCBCBCDBAAC,ABACBDBDABAACDAACDBDBBACBCCDACBCCDCDAABCBDCDCDCDACDDBDBCAAAAAAADBDBDCDCDABBBBCBCCDABAC,,,3,3659,,,,,L_T1_GTR___standard,,,,,L_T1_GTR03_33000001,,,
106676,102,,,,,,,,,,25,31,133222500000131125000000212320000007123300000000120000000000350000000000,,bb50ab10,,,,,,,,52,0,2,bb50ab10,500,6161,,313131213553131152115253331223521232522511233552252521553523111111513553252513332325,BABABACABDDBABAADCAADCDBBBACCBDCACBCDCCDAACBBDDCCDCDCADDBDCBAAAAAADABDDBCDCDABBBCBCD,ABABABACBDBDABAACDAACDBDBBACBCCDACBCCDCDAABCBDCDCDCDACDDBDBCAAAAAAADBDBDCDCDABBBBCCD,,,4,6161,,,,,,,,,,L_T1_GTR03_51000001,,,,,12,33,122666653256121311156162313666652631531323511560531531166662113666666500,,00003662,,,,,lose,,,50,4,0,3,3,3662,,31213553131152115253331223521232522511233552252521553523111111513553252513332323253112,BACABDDBABAADCAADCDBBBACCBDCACBCDCCDAACBBDDCCDCDCADDBDCBAAAAAADABDDBCDCDABBBCBCBCDBAAC,ABACBDBDABAACDAACDBDBBACBCCDACBCCDCDAABCBDCDCDCDACDDBDBCAAAAAAADBDBDCDCDABBBBCBCCDABAC,,,3,3662,,,,,L_T1_GTR___standard,,,,,L_T1_GTR03_33000001,,,
106691,102,,,,,,,,,,25,31,133500000000131150000000212300000007123300000000120000000000350000000000,,00006170,,,,,win,,,53,0,2,9,9,6170,,313131213553131152115253331223521232522511233552252521553523111111513553252513332325,BABABACABDDBABAADCAADCDBBBACCBDCACBCDCCDAACBBDDCCDCDCADDBDCBAAAAAADABDDBCDCDABBBCBCD,ABABABACBDBDABAACDAACDBDBBACBCCDACBCCDCDAABCBDCDCDCDACDDBDBCAAAAAAADBDBDCDCDABBBBCCD,,,4,6170,,,,,,,,,,L_T1_GTR03_51000001,,,,,12,33,122666653256121311156162313666652631531323511560531531166662113666666500,,00003662,,,,,lose,,,50,4,0,3,3,3662,,31213553131152115253331223521232522511233552252521553523111111513553252513332323253112,BACABDDBABAADCAADCDBBBACCBDCACBCDCCDAACBBDDCCDCDCADDBDCBAAAAAADABDDBCDCDABBBCBCBCDBAAC,ABACBDBDABAACDAACDBDBBACBCCDACBCCDCDAABCBDCDCDCDACDDBDBCAAAAAAADBDBDCDCDABBBBCBCCDABAC,,,3,3662,,,,,L_T1_GTR___standard,,,,,L_T1_GTR03_33000001,,,
