96924,0,,,,,,,,,,32,32,000000000000000000000000000000000007000000000000000000000000000000000000,000000,00000000,,,,,,,,0,0,0,0,0,0,,32,AB,AB,,,0,0,,,,,,,,,,,,,,,32,32,000000000000000000000000000000000007000000000000000000000000000000000000,000000,00000000,,,,,,,,0,0,0,0,0,0,,32,AB,AB,,,0,0,,,,,,,,,,,,,
97073,2,,,,,,,,,32,32,21,000000000000000000000000000000000007000000000000000000000000000000000000,,00000000,,,,,,,,1,1,0,0,0,0,,3232,ABAB,ABAB,,,0,0,,,,,,,,,,,,,,32,32,21,000000000000000000000000000000000007000000000000000000000000000000000000,,00000000,,,,,,,,1,1,0,0,0,0,,3232,ABAB,ABAB,,,0,0,,,,,,,,,,,,,
97123,4,,,,,,,,,32,21,43,000000000000230000000000000000000007000000000000000000000000000000000000,,00000012,,,,,,,,2,2,0,12,12,12,,323221,BABAAC,ABABAC,,,0,12,,,,,,,,,,,,,,32,21,43,230000000000000000000000000000000007000000000000000000000000000000000000,,00000012,,,,,,,,2,2,0,12,12,12,,323221,BABAAC,ABABAC,,,0,12,,,,,,,,,,,,,
97173,5,,,,,,,,,32,21,43,000000000000230000000000000000000007000000000000000000000000000000000000,,00000012,,,,,,,,2,2,0,12,12,12,,323221,BABAAC,ABABAC,,,0,12,,,,,,,,,,,,,,21,43,32,230000000000230000000000000000000007000000000000000000000000000000000000,,00000024,,,,,,,,3,3,0,12,12,24,,32322143,BABAACDB,ABABACBD,,,0,24,,,,,,,,,,,,,
97177,6,,,,,,,,,21,43,32,230000000000230000000000000000000007000000000000000000000000000000000000,,00000024,,,,,,,,3,3,0,12,12,24,,32322143,BABAACDB,ABABACBD,,,0,24,,,,,,,,,,,,,,21,43,32,230000000000230000000000000000000007000000000000000000000000000000000000,,00000024,,,,,,,,3,3,0,12,12,24,,32322143,BABAACDB,ABABACBD,,,0,24,,,,,,,,,,,,,
97219,7,,,,,,,,,21,43,32,230000000000230000000000000000000007000000000000000000000000000000000000,,00000024,,,,,,,,3,3,0,12,12,24,,32322143,BABAACDB,ABABACBD,,,0,24,,,,,,,,,,,,,,43,32,34,230000000000230000000000120000000007000000000000000000000000000000000000,,00000036,,,,,,,,4,4,0,12,12,36,,3232214332,BABAACDBBA,ABABACBDAB,,,0,36,,,,,,,,,,,,,
97226,8,,,,,,,,,43,32,34,230000000000230000000000120000000007000000000000000000000000000000000000,,00000036,,,,,,,,4,4,0,12,12,36,,3232214332,BABAACDBBA,ABABACBDAB,,,0,36,,,,,,,,,,,,,,43,32,34,230000000000230000000000120000000007000000000000000000000000000000000000,,00000036,,,,,,,,4,4,0,12,12,36,,3232214332,BABAACDBBA,ABABACBDAB,,,0,36,,,,,,,,,,,,,
97267,9,,,,,,,,,43,32,34,230000000000230000000000120000000007000000000000000000000000000000000000,,00000036,,,,,,,,4,4,0,12,12,36,,3232214332,BABAACDBBA,ABABACBDAB,,,0,36,,,,,,,,,,,,,,32,34,32,233400000000230000000000120000000007000000000000000000000000000000000000,,00000046,,,,,,,,5,5,0,10,10,46,,323221433234,BABAACDBBABD,ABABACBDABBD,,,0,46,,,,,,,,,,,,,
97273,10,,,,,,,,,32,34,32,233400000000230000000000120000000007000000000000000000000000000000000000,,00000046,,,,,,,,5,5,0,10,10,46,,323221433234,BABAACDBBABD,ABABACBDABBD,,,0,46,,,,,,,,,,,,,,32,34,32,233400000000230000000000120000000007000000000000000000000000000000000000,,00000046,,,,,,,,5,5,0,10,10,46,,323221433234,BABAACDBBABD,ABABACBDABBD,,,0,46,,,,,,,,,,,,,
97321,11,,,,,,,,,34,32,41,233400000000232300000000120000000007000000000000000000000000000000000000,,00000056,,,,,,,,6,6,0,10,10,56,,32322143323432,BABAACDBBABDBA,ABABACBDABBDAB,,,0,56,,,,,L_T1_GTR___standard/L_T1_GTR___mahara__,,,,,L_T1_GTR03_33000001,,,,32,34,32,233400000000230000000000120000000007000000000000000000000000000000000000,,00000046,,,,,,,,5,5,0,10,10,46,,323221433234,BABAACDBBABD,ABABACBDABBD,,,0,46,,,,,,,,,,,,,
97338,12,,,,,,,,,34,32,41,233400000000232300000000120000000007000000000000000000000000000000000000,,00000056,,,,,,,,6,6,0,10,10,56,,32322143323432,BABAACDBBABDBA,ABABACBDABBDAB,,,0,56,,,,,L_T1_GTR___standard/L_T1_GTR___mahara__,,,,,L_T1_GTR03_33000001,,,,34,32,41,233430000000232000000000120000000007000000000000000000000000000000000000,,00000055,,,,,,,,6,6,0,9,9,55,,32322143323432,BABAACDBBABDBA,ABABACBDABBDAB,,,0,55,,,,,L_T1_GTR___standard,,,,,L_T1_GTR03_33000001,,,
97363,13,,,,,,,,,32,41,41,233440000000232330000000120000000007000000000000000000000000000000000000,,00000065,,,,,,,,7,7,0,9,9,65,,3232214332343241,BABAACDBBABDBADC,ABABACBDABBDABCD,,,0,65,,,,,L_T1_GTR___standard,,,,,L_T1_GTR03_33000001,,,,34,32,41,233430000000232000000000120000000007000000000000000000000000000000000000,,00000055,,,,,,,,6,6,0,9,9,55,,32322143323432,BABAACDBBABDBA,ABABACBDABBDAB,,,0,55,,,,,L_T1_GTR___standard,,,,,L_T1_GTR03_33000001,,,
97379,14,,,,,,,,,32,41,41,233440000000232330000000120000000007000000000000000000000000000000000000,,00000065,,,,,,,,7,7,0,9,9,65,,3232214332343241,BABAACDBBABDBADC,ABABACBDABBDABCD,,,0,65,,,,,L_T1_GTR___standard,,,,,L_T1_GTR03_33000001,,,,32,41,41,233430000000232430000000120000000007000000000000000000000000000000000000,,00000064,,,,,,,,7,7,0,9,9,64,,3232214332343241,BABAACDBBABDBADC,ABABACBDABBDABCD,,,0,64,,,,,L_T1_GTR___standard,,,,,L_T1_GTR03_33000001,,,
97409,15,,,,,,,,,41,41,44,233443000000232332000000120000000007000000000000000000000000000000000000,,00000073,,,,,,,,8,8,0,8,8,73,,323221433234324141,BABAACDBBABDBADCDC,ABABACBDABBDABCDCD,,,0,73,,,,,L_T1_GTR___standard,,,,,L_T1_GTR03_33000001,,,,32,41,41,233430000000232430000000120000000007000000000000000000000000000000000000,,00000064,,,,,,,,7,7,0,9,9,64,,3232214332343241,BABAACDBBABDBADC,ABABACBDABBDABCD,,,0,64,,,,,L_T1_GTR___standard,,,,,L_T1_GTR03_33000001,,,
97423,16,,,,,,,,,41,41,44,233443000000232332000000120000000007000000000000000000000000000000000000,,00000073,,,,,,,,8,8,0,8,8,73,,323221433234324141,BABAACDBBABDBADCDC,ABABACBDABBDABCDCD,,,0,73,,,,,L_T1_GTR___standard,,,,,L_T1_GTR03_33000001,,,,41,41,44,233433000000232432000000120000000007000000000000000000000000000000000000,,00000072,,,,,,,,8,8,0,8,8,72,,323221433234324141,BABAACDBBABDBADCDC,ABABACBDABBDABCDCD,,,0,72,,,,,L_T1_GTR___standard,,,,,L_T1_GTR03_33000001,,,
97461,17,,,,,,,,,41,44,24,233443000000232332000000120000000007410000000000000000000000000000000000,,00000086,,,,,,,,9,9,0,13,13,86,,32322143323432414144,BABAACDBBABDBADCDCDD,ABABACBDABBDABCDCDDD,,,0,86,,,,,L_T1_GTR___standard,,,,,L_T1_GTR03_33000001/L_T1_GTR03_32100001,,,,41,41,44,233433000000232432000000120000000007000000000000000000000000000000000000,,00000072,,,,,,,,8,8,0,8,8,72,,323221433234324141,BABAACDBBABDBADCDC,ABABACBDABBDABCDCD,,,0,72,,,,,L_T1_GTR___standard,,,,,L_T1_GTR03_33000001,,,
97468,18,,,,,,,,,41,44,24,233443000000232332000000120000000007410000000000000000000000000000000000,,00000086,,,,,,,,9,9,0,13,13,86,,32322143323432414144,BABAACDBBABDBADCDCDD,ABABACBDABBDABCDCDDD,,,0,86,,,,,L_T1_GTR___standard,,,,,L_T1_GTR03_33000001/L_T1_GTR03_32100001,,,,41,44,24,233433000000232432000000121400000007000000000000000000000000000000000000,,00000082,,,,,,,,9,9,0,10,10,82,,32322143323432414144,BABAACDBBABDBADCDCDD,ABABACBDABBDABCDCDDD,,,0,82,,,,,L_T1_GTR___standard/L_T1_GTR___zabuton_,,,,,L_T1_GTR03_33000001,,,
97518,19,,,,,,,,,44,24,43,233443000000232332000000120000000007410000000000410000000000000000000000,,00000099,,,,,,,,10,10,0,13,13,99,,3232214332343241414424,BABAACDBBABDBADCDCDDAD,ABABACBDABBDABCDCDDDAD,,,0,99,,,,,L_T1_GTR___standard,,,,,L_T1_GTR03_33000001,,,,41,44,24,233433000000232432000000121400000007000000000000000000000000000000000000,,00000082,,,,,,,,9,9,0,10,10,82,,32322143323432414144,BABAACDBBABDBADCDCDD,ABABACBDABBDABCDCDDD,,,0,82,,,,,L_T1_GTR___standard/L_T1_GTR___zabuton_,,,,,L_T1_GTR03_33000001,,,
97521,20,,,,,,,,,44,24,43,233443000000232332000000120000000007410000000000410000000000000000000000,,00000099,,,,,,,,10,10,0,13,13,99,,3232214332343241414424,BABAACDBBABDBADCDCDDAD,ABABACBDABBDABCDCDDDAD,,,0,99,,,,,L_T1_GTR___standard,,,,,L_T1_GTR03_33000001,,,,44,24,43,233433000000232432000000121400000007410000000000000000000000000000000000,,00000095,,,,,,,,10,10,0,13,13,95,,3232214332343241414424,BABAACDBBABDBADCDCDDAD,ABABACBDABBDABCDCDDDAD,,,0,95,,,,,L_T1_GTR___standard/L_T1_GTR___zabuton_,,,,,L_T1_GTR03_33000001/L_T1_GTR03_32100001,,,
97575,21,,,,,,,,,44,24,43,233443000000232332000000120000000007410000000000410000000000000000000000,,00000099,,,,,,,,10,10,0,13,13,99,,3232214332343241414424,BABAACDBBABDBADCDCDDAD,ABABACBDABBDABCDCDDDAD,,,0,99,,,,,L_T1_GTR___standard,,,,,L_T1_GTR03_33000001,,,,24,43,14,233433000000232432000000121400000007410000000000400000000000400000000000,,00000108,,,,,,,,11,11,0,13,13,108,,323221433234324141442443,BABAACDBBABDBADCDCDDADDB,ABABACBDABBDABCDCDDDADBD,,,0,108,,,,,L_T1_GTR___standard/L_T1_GTR___zabuton_,,,,,L_T1_GTR03_33000001,,,
97595,22,,,,,,,,,24,43,14,233443000000232332000000120000000007410000000000414000000000400000000000,,00000110,,,,,,,,11,11,0,11,11,110,,323221433234324141442443,BABAACDBBABDBADCDCDDADDB,ABABACBDABBDABCDCDDDADBD,,,0,110,,,,,L_T1_GTR___standard,,,,,L_T1_GTR03_33000001,,,,24,43,14,233433000000232432000000121400000007410000000000400000000000400000000000,,00000108,,,,,,,,11,11,0,13,13,108,,323221433234324141442443,BABAACDBBABDBADCDCDDADDB,ABABACBDABBDABCDCDDDADBD,,,0,108,,,,,L_T1_GTR___standard/L_T1_GTR___zabuton_,,,,,L_T1_GTR03_33000001,,,
97615,23,,,,,,,,,24,43,14,233443000000232332000000120000000007410000000000414000000000400000000000,,00000110,,,,,,,,11,11,0,11,11,110,,323221433234324141442443,BABAACDBBABDBADCDCDDADDB,ABABACBDABBDABCDCDDDADBD,,,0,110,,,,,L_T1_GTR___standard,,,,,L_T1_GTR03_33000001,,,,43,14,42,233433400000232432200000121400000007410000000000400000000000400000000000,,00000115,,,,,,,,12,12,0,7,7,115,,32322143323432414144244314,BABAACDBBABDBADCDCDDADDBCD,ABABACBDABBDABCDCDDDADBDCD,,,0,115,,,,,L_T1_GTR___standard/L_T1_GTR___zabuton_,,,,,L_T1_GTR03_33000001,,,
97635,24,,,,,,,,,43,14,42,233443400000232332200000120000000007410000000000414000000000400000000000,,00000117,,,,,,,,12,12,0,7,7,117,,32322143323432414144244314,BABAACDBBABDBADCDCDDADDBCD,ABABACBDABBDABCDCDDDADBDCD,,,0,117,,,,,L_T1_GTR___standard,,,,,L_T1_GTR03_33000001,,,,43,14,42,233433400000232432200000121400000007410000000000400000000000400000000000,,00000115,,,,,,,,12,12,0,7,7,115,,32322143323432414144244314,BABAACDBBABDBADCDCDDADDBCD,ABABACBDABBDABCDCDDDADBDCD,,,0,115,,,,,L_T1_GTR___standard/L_T1_GTR___zabuton_,,,,,L_T1_GTR03_33000001,,,
97654,25,,,,,,,,,43,14,42,233443400000232332200000120000000007410000000000414000000000400000000000,,00000117,,,,,,,,12,12,0,7,7,117,,32322143323432414144244314,BABAACDBBABDBADCDCDDADDBCD,ABABACBDABBDABCDCDDDADBDCD,,,0,117,,,,,L_T1_GTR___standard,,,,,L_T1_GTR03_33000001,,,,14,42,24,233433440000232432230000121400000007410000000000400000000000400000000000,,00000121,,,,,,,,13,13,0,6,6,121,,3232214332343241414424431442,BABAACDBBABDBADCDCDDADDBCDDA,ABABACBDABBDABCDCDDDADBDCDAD,,,0,121,,,,,L_T1_GTR___standard/L_T1_GTR___zabuton_,,,,,L_T1_GTR03_33000001,,,
97675,26,,,,,,,,,14,42,24,233443440000232332230000120000000007410000000000414000000000400000000000,,00000123,,,,,,,,13,13,0,6,6,123,,3232214332343241414424431442,BABAACDBBABDBADCDCDDADDBCDDA,ABABACBDABBDABCDCDDDADBDCDAD,,,0,123,,,,,L_T1_GTR___standard,,,,,L_T1_GTR03_33000001,,,,14,42,24,233433440000232432230000121400000007410000000000400000000000400000000000,,00000121,,,,,,,,13,13,0,6,6,121,,3232214332343241414424431442,BABAACDBBABDBADCDCDDADDBCDDA,ABABACBDABBDABCDCDDDADBDCDAD,,,0,121,,,,,L_T1_GTR___standard/L_T1_GTR___zabuton_,,,,,L_T1_GTR03_33000001,,,
97709,27,,,,,,,,,14,42,24,233443440000232332230000120000000007410000000000414000000000400000000000,,00000123,,,,,,,,13,13,0,6,6,123,,3232214332343241414424431442,BABAACDBBABDBADCDCDDADDBCDDA,ABABACBDABBDABCDCDDDADBDCDAD,,,0,123,,,,,L_T1_GTR___standard,,,,,L_T1_GTR03_33000001,,,,42,24,12,233433440000232432230000121400000007410000000000414000000000400000000000,,00000133,,,,,,,,14,14,0,12,12,133,,323221433234324141442443144224,BABAACDBBABDBADCDCDDADDBCDDAAD,ABABACBDABBDABCDCDDDADBDCDADAD,,,0,133,,,,,L_T1_GTR___standard/L_T1_GTR___zabuton_,,,,,L_T1_GTR03_33000001,,,
97718,28,,,,,,,,,42,24,12,233443440000232332230000121400000007410000000000414000000000400000000000,,00000134,,,,,,,,14,14,0,11,11,134,,323221433234324141442443144224,BABAACDBBABDBADCDCDDADDBCDDAAD,ABABACBDABBDABCDCDDDADBDCDADAD,,,0,134,,,,,L_T1_GTR___standard,,,,,L_T1_GTR03_33000001,,,,42,24,12,233433440000232432230000121400000007410000000000414000000000400000000000,,00000133,,,,,,,,14,14,0,12,12,133,,323221433234324141442443144224,BABAACDBBABDBADCDCDDADDBCDDAAD,ABABACBDABBDABCDCDDDADBDCDADAD,,,0,133,,,,,L_T1_GTR___standard/L_T1_GTR___zabuton_,,,,,L_T1_GTR03_33000001,,,
97750,29,,,,,,,,,42,24,12,233443440000232332230000121400000007410000000000414000000000400000000000,,00000134,,,,,,,,14,14,0,11,11,134,,323221433234324141442443144224,BABAACDBBABDBADCDCDDADDBCDDAAD,ABABACBDABBDABCDCDDDADBDCDADAD,,,0,134,,,,,L_T1_GTR___standard,,,,,L_T1_GTR03_33000001,,,,24,12,42,233433440000232432230000121424000007410000000000414000000000400000000000,,00000141,,,,,,,,15,15,0,8,8,141,,32322143323432414144244314422412,BABAACDBBABDBADCDCDDADDBCDDAADCA,ABABACBDABBDABCDCDDDADBDCDADADAC,,,0,141,,,,,L_T1_GTR___standard/L_T1_GTR___zabuton_,,,,,L_T1_GTR03_33000001,,,
97759,30,,,,,,,,,24,12,42,233443440000232332230000121442000007410000000000414000000000400000000000,,00000143,,,,,,,,15,15,0,9,9,143,,32322143323432414144244314422412,BABAACDBBABDBADCDCDDADDBCDDAADCA,ABABACBDABBDABCDCDDDADBDCDADADAC,,,0,143,,,,,L_T1_GTR___standard,,,,,L_T1_GTR03_33000001,,,,24,12,42,233433440000232432230000121424000007410000000000414000000000400000000000,,00000141,,,,,,,,15,15,0,8,8,141,,32322143323432414144244314422412,BABAACDBBABDBADCDCDDADDBCDDAADCA,ABABACBDABBDABCDCDDDADBDCDADADAC,,,0,141,,,,,L_T1_GTR___standard/L_T1_GTR___zabuton_,,,,,L_T1_GTR03_33000001,,,
97783,31,,,,,,,,,24,12,42,233443440000232332230000121442000007410000000000414000000000400000000000,,00000143,,,,,,,,15,15,0,9,9,143,,32322143323432414144244314422412,BABAACDBBABDBADCDCDDADDBCDDAADCA,ABABACBDABBDABCDCDDDADBDCDADADAC,,,0,143,,,,,L_T1_GTR___standard,,,,,L_T1_GTR03_33000001,,,,12,42,32,233433440000232432230000121424420007410000000000414000000000400000000000,,00000147,,,,,,,,16,16,0,6,6,147,,3232214332343241414424431442241242,BABAACDBBABDBADCDCDDADDBCDDAADCADA,ABABACBDABBDABCDCDDDADBDCDADADACAD,,,0,147,,,,,L_T1_GTR___standard/L_T1_GTR___zabuton_,,,,,L_T1_GTR03_33000001,,,
97806,32,,,,,,,,,12,42,32,233443440000232332230000121442000007414200000000414000000000400000000000,,00000153,,,,,,,,16,16,0,10,10,153,,3232214332343241414424431442241242,BABAACDBBABDBADCDCDDADDBCDDAADCADA,ABABACBDABBDABCDCDDDADBDCDADADACAD,,,0,153,,,,,L_T1_GTR___standard,,,,,L_T1_GTR03_33000001,,,,12,42,32,233433440000232432230000121424420007410000000000414000000000400000000000,,00000147,,,,,,,,16,16,0,6,6,147,,3232214332343241414424431442241242,BABAACDBBABDBADCDCDDADDBCDDAADCADA,ABABACBDABBDABCDCDDDADBDCDADADACAD,,,0,147,,,,,L_T1_GTR___standard/L_T1_GTR___zabuton_,,,,,L_T1_GTR03_33000001,,,
97838,33,,,,,,,,,12,42,32,233443440000232332230000121442000007414200000000414000000000400000000000,,00000153,,,,,,,,16,16,0,10,10,153,,3232214332343241414424431442241242,BABAACDBBABDBADCDCDDADDBCDDAADCADA,ABABACBDABBDABCDCDDDADBDCDADADACAD,,,0,153,,,,,L_T1_GTR___standard,,,,,L_T1_GTR03_33000001,,,,42,32,32,233433440000232432230000121424420007410000000000414000000000412000000000,,00000159,,,,,,,,17,17,0,12,12,159,,323221433234324141442443144224124232,BABAACDBBABDBADCDCDDADDBCDDAADCADABA,ABABACBDABBDABCDCDDDADBDCDADADACADAB,,,0,159,,,,,L_T1_GTR___standard/L_T1_GTR___zabuton_,,,,,L_T1_GTR03_33000001,,,
97859,34,,,,,,,,,42,32,32,233443440000232332230000121442000007414200000000414000000000412000000000,,00000165,,,,,,,,17,17,0,12,12,165,,323221433234324141442443144224124232,BABAACDBBABDBADCDCDDADDBCDDAADCADABA,ABABACBDABBDABCDCDDDADBDCDADADACADAB,,,0,165,,,,,L_T1_GTR___standard,,,,,L_T1_GTR03_33000001,,,,42,32,32,233433440000232432230000121424420007410000000000414000000000412000000000,,00000159,,,,,,,,17,17,0,12,12,159,,323221433234324141442443144224124232,BABAACDBBABDBADCDCDDADDBCDDAADCADABA,ABABACBDABBDABCDCDDDADBDCDADADACADAB,,,0,159,,,,,L_T1_GTR___standard/L_T1_GTR___zabuton_,,,,,L_T1_GTR03_33000001,,,
97873,35,,,,,,,,,42,32,32,233443440000232332230000121442000007414200000000414000000000412000000000,,00000165,,,,,,,,17,17,0,12,12,165,,323221433234324141442443144224124232,BABAACDBBABDBADCDCDDADDBCDDAADCADABA,ABABACBDABBDABCDCDDDADBDCDADADACADAB,,,0,165,,,,,L_T1_GTR___standard,,,,,L_T1_GTR03_33000001,,,,32,32,21,233433440000232432234000121424422007410000000000414000000000412000000000,,00000164,,,,,,,,18,18,0,5,5,164,,32322143323432414144244314422412423232,BABAACDBBABDBADCDCDDADDBCDDAADCADABABA,ABABACBDABBDABCDCDDDADBDCDADADACADABAB,,,0,164,,,,,L_T1_GTR___standard/L_T1_GTR___zabuton_,,,,,L_T1_GTR03_33000001,,,
97909,36,,,,,,,,,32,32,21,233443440000232332230000121442000007414200000000414400000000412200000000,,00000175,,,,,,,,18,18,0,10,10,175,,32322143323432414144244314422412423232,BABAACDBBABDBADCDCDDADDBCDDAADCADABABA,ABABACBDABBDABCDCDDDADBDCDADADACADABAB,,,0,175,,,,,L_T1_GTR___standard,,,,,L_T1_GTR03_33000001,,,,32,32,21,233433440000232432234000121424422007410000000000414000000000412000000000,,00000164,,,,,,,,18,18,0,5,5,164,,32322143323432414144244314422412423232,BABAACDBBABDBADCDCDDADDBCDDAADCADABABA,ABABACBDABBDABCDCDDDADBDCDADADACADABAB,,,0,164,,,,,L_T1_GTR___standard/L_T1_GTR___zabuton_,,,,,L_T1_GTR03_33000001,,,
97920,37,,,,,,,,,32,32,21,233443440000232332230000121442000007414200000000414400000000412200000000,,00000175,,,,,,,,18,18,0,10,10,175,,32322143323432414144244314422412423232,BABAACDBBABDBADCDCDDADDBCDDAADCADABABA,ABABACBDABBDABCDCDDDADBDCDADADACADABAB,,,0,175,,,,,L_T1_GTR___standard,,,,,L_T1_GTR03_33000001,,,,32,21,12,233433440000232432234000121424422007412300000000414000000000412000000000,,00000174,,,,,,,,19,19,0,10,10,174,,3232214332343241414424431442241242323221,BABAACDBBABDBADCDCDDADDBCDDAADCADABABAAC,ABABACBDABBDABCDCDDDADBDCDADADACADABABAC,,,0,174,,,,,L_T1_GTR___standard/L_T1_GTR___zabuton_,,,,,L_T1_GTR03_33000001,,,
97957,38,,,,,,,,,32,21,12,233443440000232332230000121442000007414200000000414420000000412230000000,,00000184,,,,,,,,19,19,0,9,9,184,,3232214332343241414424431442241242323221,BABAACDBBABDBADCDCDDADDBCDDAADCADABABAAC,ABABACBDABBDABCDCDDDADBDCDADADACADABABAC,,,0,184,,,,,L_T1_GTR___standard,,,,,L_T1_GTR03_33000001,,,,32,21,12,233433440000232432234000121424422007412300000000414000000000412000000000,,00000174,,,,,,,,19,19,0,10,10,174,,3232214332343241414424431442241242323221,BABAACDBBABDBADCDCDDADDBCDDAADCADABABAAC,ABABACBDABBDABCDCDDDADBDCDADADACADABABAC,,,0,174,,,,,L_T1_GTR___standard/L_T1_GTR___zabuton_,,,,,L_T1_GTR03_33000001,,,
97968,39,,,,,,,,,32,21,12,233443440000232332230000121442000007414200000000414420000000412230000000,,00000184,,,,,,,,19,19,0,9,9,184,,3232214332343241414424431442241242323221,BABAACDBBABDBADCDCDDADDBCDDAADCADABABAAC,ABABACBDABBDABCDCDDDADBDCDADADACADABABAC,,,0,184,,,,,L_T1_GTR___standard,,,,,L_T1_GTR03_33000001,,,,21,12,44,233433440000232432234000121424422007412300000000414230000000412000000000,,00000183,,,,,,,,20,20,0,9,9,183,,323221433234324141442443144224124232322112,BABAACDBBABDBADCDCDDADDBCDDAADCADABABAACCA,ABABACBDABBDABCDCDDDADBDCDADADACADABABACAC,,,0,183,,,,,L_T1_GTR___standard/L_T1_GTR___zabuton_,,,,,L_T1_GTR03_33000001,,,
98003,40,,,,,,,,,21,12,44,233443440000232332230000121442000007414200000000414420000000412233200000,,00000192,,,,,,,,20,20,0,8,8,192,,323221433234324141442443144224124232322112,BABAACDBBABDBADCDCDDADDBCDDAADCADABABAACCA,ABABACBDABBDABCDCDDDADBDCDADADACADABABACAC,,,0,192,,,,,L_T1_GTR___standard,,,,,L_T1_GTR03_33000001,,,,21,12,44,233433440000232432234000121424422007412300000000414230000000412000000000,,00000183,,,,,,,,20,20,0,9,9,183,,323221433234324141442443144224124232322112,BABAACDBBABDBADCDCDDADDBCDDAADCADABABAACCA,ABABACBDABBDABCDCDDDADBDCDADADACADABABACAC,,,0,183,,,,,L_T1_GTR___standard/L_T1_GTR___zabuton_,,,,,L_T1_GTR03_33000001,,,
98039,41,,,,,,,,,21,12,44,233443440000232332230000121442000007414200000000414420000000412233200000,,00000192,,,,,,,,20,20,0,8,8,192,,323221433234324141442443144224124232322112,BABAACDBBABDBADCDCDDADDBCDDAADCADABABAACCA,ABABACBDABBDABCDCDDDADBDCDADADACADABABACAC,,,0,192,,,,,L_T1_GTR___standard,,,,,L_T1_GTR03_33000001,,,,12,44,42,233433440000232432234000121424422007412300000000414231000000412200000000,,00000191,,,,,,,,21,21,0,8,8,191,,32322143323432414144244314422412423232211244,BABAACDBBABDBADCDCDDADDBCDDAADCADABABAACCADD,ABABACBDABBDABCDCDDDADBDCDADADACADABABACACDD,,,0,191,,,,,L_T1_GTR___standard/L_T1_GTR___zabuton_,,,,,L_T1_GTR03_33000001,,,
98071,42,,,,,,,,,12,44,42,233443440000232332230000121442000007414200000000414421000000412233220000,,00000198,,,,,,,,21,21,0,6,6,198,,32322143323432414144244314422412423232211244,BABAACDBBABDBADCDCDDADDBCDDAADCADABABAACCADD,ABABACBDABBDABCDCDDDADBDCDADADACADABABACACDD,,,0,198,,,,,L_T1_GTR___standard,,,,,L_T1_GTR03_33000001,,,,12,44,42,233433440000232432234000121424422007412300000000414231000000412200000000,,00000191,,,,,,,,21,21,0,8,8,191,,32322143323432414144244314422412423232211244,BABAACDBBABDBADCDCDDADDBCDDAADCADABABAACCADD,ABABACBDABBDABCDCDDDADBDCDADADACADABABACACDD,,,0,191,,,,,L_T1_GTR___standard/L_T1_GTR___zabuton_,,,,,L_T1_GTR03_33000001,,,
98081,43,,,,,,,,,12,44,42,233443440000232332230000121442000007414200000000414421000000412233220000,,00000198,,,,,,,,21,21,0,6,6,198,,32322143323432414144244314422412423232211244,BABAACDBBABDBADCDCDDADDBCDDAADCADABABAACCADD,ABABACBDABBDABCDCDDDADBDCDADADACADABABACACDD,,,0,198,,,,,L_T1_GTR___standard,,,,,L_T1_GTR03_33000001,,,,44,42,34,233433440000232432234000121424422007412321000000414231000000412200000000,,00000199,,,,,,,,22,22,0,8,8,199,,3232214332343241414424431442241242323221124442,BABAACDBBABDBADCDCDDADDBCDDAADCADABABAACCADDDA,ABABACBDABBDABCDCDDDADBDCDADADACADABABACACDDAD,,,0,199,,,,,L_T1_GTR___standard/L_T1_GTR___zabuton_,,,,,L_T1_GTR03_33000001,,,
98112,45,,,,,,,,,44,42,34,233443440000232332230000121442000007414200000000414421210000412233220000,,00000204,,,,,,,,22,22,0,6,6,204,,3232214332343241414424431442241242323221124442,BABAACDBBABDBADCDCDDADDBCDDAADCADABABAACCADDDA,ABABACBDABBDABCDCDDDADBDCDADADACADABABACACDDAD,,,0,204,,,,,L_T1_GTR___standard,,,,,L_T1_GTR03_33000001,,,,42,34,32,233433440000232432234440121424422007412321000000414231000000412200000000,,00000202,,,,,,,,23,23,0,3,3,202,,323221433234324141442443144224124232322112444234,BABAACDBBABDBADCDCDDADDBCDDAADCADABABAACCADDDABD,ABABACBDABBDABCDCDDDADBDCDADADACADABABACACDDADBD,,,0,202,,,,,L_T1_GTR___standard/L_T1_GTR___zabuton_,,,,,L_T1_GTR03_33000001,,,
98151,46,,,,,,,,,42,34,32,233443440000232332230000121442000007414200000000414421214000412233224000,,00000209,,,,,,,,23,23,0,5,5,209,,323221433234324141442443144224124232322112444234,BABAACDBBABDBADCDCDDADDBCDDAADCADABABAACCADDDABD,ABABACBDABBDABCDCDDDADBDCDADADACADABABACACDDADBD,,,0,209,,,,,L_T1_GTR___standard,,,,,L_T1_GTR03_33000001,,,,42,34,32,233433440000232432234440121424422007412321000000414231000000412200000000,,00000202,,,,,,,,23,23,0,3,3,202,,323221433234324141442443144224124232322112444234,BABAACDBBABDBADCDCDDADDBCDDAADCADABABAACCADDDABD,ABABACBDABBDABCDCDDDADBDCDADADACADABABACACDDADBD,,,0,202,,,,,L_T1_GTR___standard/L_T1_GTR___zabuton_,,,,,L_T1_GTR03_33000001,,,
98171,47,,,,,,,,,42,34,32,233443440000232332230000121442000007414200000000414421214000412233224000,,00000209,,,,,,,,23,23,0,5,5,209,,323221433234324141442443144224124232322112444234,BABAACDBBABDBADCDCDDADDBCDDAADCADABABAACCADDDABD,ABABACBDABBDABCDCDDDADBDCDADADACADABABACACDDADBD,,,0,209,,,,,L_T1_GTR___standard,,,,,L_T1_GTR03_33000001,,,,34,32,31,233433440000232432234440121424422007412321240000414231000000412200000000,,00000209,,,,,,,,24,24,0,7,7,209,,32322143323432414144244314422412423232211244423432,BABAACDBBABDBADCDCDDADDBCDDAADCADABABAACCADDDABDBA,ABABACBDABBDABCDCDDDADBDCDADADACADABABACACDDADBDAB,,,0,209,,,,,L_T1_GTR___standard/L_T1_GTR___zabuton_,,,,,L_T1_GTR03_33000001,,,
98189,48,,,,,,,,,34,32,31,233443440000232332230000121442000007414200000000414421214000412233224420,,00000213,,,,,,,,24,24,0,4,4,213,,32322143323432414144244314422412423232211244423432,BABAACDBBABDBADCDCDDADDBCDDAADCADABABAACCADDDABDBA,ABABACBDABBDABCDCDDDADBDCDADADACADABABACACDDADBDAB,,,0,213,,,,,L_T1_GTR___standard,,,,,L_T1_GTR03_33000001,,,,34,32,31,233433440000232432234440121424422007412321240000414231000000412200000000,,00000209,,,,,,,,24,24,0,7,7,209,,32322143323432414144244314422412423232211244423432,BABAACDBBABDBADCDCDDADDBCDDAADCADABABAACCADDDABDBA,ABABACBDABBDABCDCDDDADBDCDADADACADABABACACDDADBDAB,,,0,209,,,,,L_T1_GTR___standard/L_T1_GTR___zabuton_,,,,,L_T1_GTR03_33000001,,,
98206,49,,,,,,,,,34,32,31,233443440000232332230000121442000007414200000000414421214000412233224420,,00000213,,,,,,,,24,24,0,4,4,213,,32322143323432414144244314422412423232211244423432,BABAACDBBABDBADCDCDDADDBCDDAADCADABABAACCADDDABDBA,ABABACBDABBDABCDCDDDADBDCDADADACADABABACACDDADBDAB,,,0,213,,,,,L_T1_GTR___standard,,,,,L_T1_GTR03_33000001,,,,32,31,41,233433440000232432234440121424422007412321244300414231000000412200000000,,00000213,,,,,,,,25,25,0,4,4,213,,3232214332343241414424431442241242323221124442343231,BABAACDBBABDBADCDCDDADDBCDDAADCADABABAACCADDDABDBABC,ABABACBDABBDABCDCDDDADBDCDADADACADABABACACDDADBDABBC,,,0,213,,,,,L_T1_GTR___standard/L_T1_GTR___zabuton_,,,,,L_T1_GTR03_33000001,,,
98232,50,,,,,,,,,32,31,41,233443440000232332230000121442000007414243000000414421214000412233224420,,00000221,,,,,,,,25,25,0,8,8,221,,3232214332343241414424431442241242323221124442343231,BABAACDBBABDBADCDCDDADDBCDDAADCADABABAACCADDDABDBABC,ABABACBDABBDABCDCDDDADBDCDADADACADABABACACDDADBDABBC,,,0,221,,,,,L_T1_GTR___standard,,,,,L_T1_GTR03_33000001,,,,32,31,41,233433440000232432234440121424422007412321244300414231000000412200000000,,00000213,,,,,,,,25,25,0,4,4,213,,3232214332343241414424431442241242323221124442343231,BABAACDBBABDBADCDCDDADDBCDDAADCADABABAACCADDDABDBABC,ABABACBDABBDABCDCDDDADBDCDADADACADABABACACDDADBDABBC,,,0,213,,,,,L_T1_GTR___standard/L_T1_GTR___zabuton_,,,,,L_T1_GTR03_33000001,,,
98270,51,,,,,,,,,31,41,13,233443440000232332230000121442320007414243000000414421214000412233224420,,00000228,,,,,,,,26,26,0,7,7,228,,323221433234324141442443144224124232322112444234323141,BABAACDBBABDBADCDCDDADDBCDDAADCADABABAACCADDDABDBABCDC,ABABACBDABBDABCDCDDDADBDCDADADACADABABACACDDADBDABBCCD,,,0,228,,,,,L_T1_GTR___standard,,,,,L_T1_GTR03_33000001,,,,32,31,41,233433440000232432234440121424422007412321244300414231000000412200000000,,00000213,,,,,,,,25,25,0,4,4,213,,3232214332343241414424431442241242323221124442343231,BABAACDBBABDBADCDCDDADDBCDDAADCADABABAACCADDDABDBABC,ABABACBDABBDABCDCDDDADBDCDADADACADABABACACDDADBDABBC,,,0,213,,,,,L_T1_GTR___standard/L_T1_GTR___zabuton_,,,,,L_T1_GTR03_33000001,,,
98273,52,,,,,,,,,31,41,13,233443440000232332230000121442320007414243000000414421214000412233224420,,00000228,,,,,,,,26,26,0,7,7,228,,323221433234324141442443144224124232322112444234323141,BABAACDBBABDBADCDCDDADDBCDDAADCADABABAACCADDDABDBABCDC,ABABACBDABBDABCDCDDDADBDCDADADACADABABACACDDADBDABBCCD,,,0,228,,,,,L_T1_GTR___standard,,,,,L_T1_GTR03_33000001,,,,31,41,13,233433440000232432234440121424422007412321244300414231200000412230000000,,00000220,,,,,,,,26,26,0,7,7,220,,323221433234324141442443144224124232322112444234323141,BABAACDBBABDBADCDCDDADDBCDDAADCADABABAACCADDDABDBABCDC,ABABACBDABBDABCDCDDDADBDCDADADACADABABACACDDADBDABBCCD,,,0,220,,,,,L_T1_GTR___standard/L_T1_GTR___zabuton_,,,,,L_T1_GTR03_33000001,,,
98307,53,,,,,,,,,41,13,41,233443440000232332230000121442320007414243130000414421214000412233224420,,00000234,,,,,,,,27,27,0,6,6,234,,32322143323432414144244314422412423232211244423432314113,BABAACDBBABDBADCDCDDADDBCDDAADCADABABAACCADDDABDBABCDCCB,ABABACBDABBDABCDCDDDADBDCDADADACADABABACACDDADBDABBCCDBC,,,0,234,,,,,L_T1_GTR___standard,,,,,L_T1_GTR03_33000001,,,,31,41,13,233433440000232432234440121424422007412321244300414231200000412230000000,,00000220,,,,,,,,26,26,0,7,7,220,,323221433234324141442443144224124232322112444234323141,BABAACDBBABDBADCDCDDADDBCDDAADCADABABAACCADDDABDBABCDC,ABABACBDABBDABCDCDDDADBDCDADADACADABABACACDDADBDABBCCD,,,0,220,,,,,L_T1_GTR___standard/L_T1_GTR___zabuton_,,,,,L_T1_GTR03_33000001,,,
98319,54,,,,,,,,,41,13,41,233443440000232332230000121442320007414243130000414421214000412233224420,,00000234,,,,,,,,27,27,0,6,6,234,,32322143323432414144244314422412423232211244423432314113,BABAACDBBABDBADCDCDDADDBCDDAADCADABABAACCADDDABDBABCDCCB,ABABACBDABBDABCDCDDDADBDCDADADACADABABACACDDADBDABBCCDBC,,,0,234,,,,,L_T1_GTR___standard,,,,,L_T1_GTR03_33000001,,,,41,13,41,233433440000232432234440121424422007412321244300414231200000412233100000,,00000228,,,,,,,,27,27,0,8,8,228,,32322143323432414144244314422412423232211244423432314113,BABAACDBBABDBADCDCDDADDBCDDAADCADABABAACCADDDABDBABCDCCB,ABABACBDABBDABCDCDDDADBDCDADADACADABABACACDDADBDABBCCDBC,,,0,228,,,,,L_T1_GTR___standard/L_T1_GTR___zabuton_,,,,,L_T1_GTR03_33000001,,,
98347,55,,,,,,,,,41,13,41,233443440000232332230000121442320007414243130000414421214000412233224420,,00000234,,,,,,,,27,27,0,6,6,234,,32322143323432414144244314422412423232211244423432314113,BABAACDBBABDBADCDCDDADDBCDDAADCADABABAACCADDDABDBABCDCCB,ABABACBDABBDABCDCDDDADBDCDADADACADABABACACDDADBDABBCCDBC,,,0,234,,,,,L_T1_GTR___standard,,,,,L_T1_GTR03_33000001,,,,,13,41,233433444100232432234440121424422007412321244300414231200000412233100000,,bb60abb3,,,,,,,,28,0,1,bb60abb3,180,408,,32322143323432414144244314422412423232211244423432314113,BABAACDBBABDBADCDCDDADDBCDDAADCADABABAACCADDDABDBABCDCCB,ABABACBDABBDABCDCDDDADBDCDADADACADABABACACDDADBDABBCCDBC,,,1,408,,,,,L_T1_GTR___standard/L_T1_GTR___zabuton_,,,,,L_T1_GTR03_33000001,,,
98349,56,,,,,,,,,13,41,31,233443440000232332230000121442320007414243130000414421214140412233224420,,00000237,,,,,,,,28,28,0,3,3,237,,3232214332343241414424431442241242323221124442343231411341,BABAACDBBABDBADCDCDDADDBCDDAADCADABABAACCADDDABDBABCDCCBDC,ABABACBDABBDABCDCDDDADBDCDADADACADABABACACDDADBDABBCCDBCCD,,,0,237,,,,,L_T1_GTR___standard,,,,,L_T1_GTR03_33000001,,,,,13,41,233433444100232432234440121424422007412321244300414231200000412233100000,,bb60abb3,,,,,,,,28,0,1,bb60abb3,180,408,,32322143323432414144244314422412423232211244423432314113,BABAACDBBABDBADCDCDDADDBCDDAADCADABABAACCADDDABDBABCDCCB,ABABACBDABBDABCDCDDDADBDCDADADACADABABACACDDADBDABBCCDBC,,,1,408,,,,,L_T1_GTR___standard/L_T1_GTR___zabuton_,,,,,L_T1_GTR03_33000001,,,
98387,57,,,,,,,,,41,31,31,233443440000232332230000121442320007414243130000414421214141412233224420,,00000239,,,,,,,,29,29,0,2,2,239,,323221433234324141442443144224124232322112444234323141134131,BABAACDBBABDBADCDCDDADDBCDDAADCADABABAACCADDDABDBABCDCCBDCBC,ABABACBDABBDABCDCDDDADBDCDADADACADABABACACDDADBDABBCCDBCCDBC,,,0,239,,,,,L_T1_GTR___standard,,,,,L_T1_GTR03_33000001,,,,,13,41,233433444100232432234440121424422007412321244300414231200000412233100000,,bb60abb3,,,,,,,,28,0,1,bb60abb3,180,408,,32322143323432414144244314422412423232211244423432314113,BABAACDBBABDBADCDCDDADDBCDDAADCADABABAACCADDDABDBABCDCCB,ABABACBDABBDABCDCDDDADBDCDADADACADABABACACDDADBDABBCCDBC,,,1,408,,,,,L_T1_GTR___standard/L_T1_GTR___zabuton_,,,,,L_T1_GTR03_33000001,,,
98430,58,,,,,,,,,,31,31,233443440000232332230000121442320007414243134100414421214141412233224420,,bb40abb1,,,,,,,,30,0,1,bb40abb1,40,279,,323221433234324141442443144224124232322112444234323141134131,BABAACDBBABDBADCDCDDADDBCDDAADCADABABAACCADDDABDBABCDCCBDCBC,ABABACBDABBDABCDCDDDADBDCDADADACADABABACACDDADBDABBCCDBCCDBC,,,1,279,,,,,L_T1_GTR___standard,,,,,L_T1_GTR03_33000001,,,,,13,41,233433444100232432234440121424422007412321244300414231200000412233100000,,bb60abb3,,,,,,,,28,0,1,bb60abb3,180,408,,32322143323432414144244314422412423232211244423432314113,BABAACDBBABDBADCDCDDADDBCDDAADCADABABAACCADDDABDBABCDCCB,ABABACBDABBDABCDCDDDADBDCDADADACADABABACACDDADBDABBCCDBC,,,1,408,,,,,L_T1_GTR___standard/L_T1_GTR___zabuton_,,,,,L_T1_GTR03_33000001,,,
98442,60,,,,,,,,,31,31,31,233443440000232332230000121442320007414243130000414421210141412233224000,,bb40abb1,,,,,,,,31,1,0,bb40abb1,40,279,,32322143323432414144244314422412423232211244423432314113413131,BABAACDBBABDBADCDCDDADDBCDDAADCADABABAACCADDDABDBABCDCCBDCBCBC,ABABACBDABBDABCDCDDDADBDCDADADACADABABACACDDADBDABBCCDBCCDBCBC,,,1,279,,,,,L_T1_GTR___standard,,,,,L_T1_GTR03_33000001,,,,13,41,31,233433100000232432230000121424422007412321244300414231200000412233100000,,00000413,,,,,,,,29,1,0,5,5,413,,3232214332343241414424431442241242323221124442343231411341,BABAACDBBABDBADCDCDDADDBCDDAADCADABABAACCADDDABDBABCDCCBDC,ABABACBDABBDABCDCDDDADBDCDADADACADABABACACDDADBDABBCCDBCCD,,,1,413,,,,,L_T1_GTR___standard/L_T1_GTR___zabuton_,,,,,L_T1_GTR03_33000001,,,
98501,61,,,,,,,,,31,31,31,233443440000232332230000121442320007414243130000414421210141412233224000,,bb40abb1,,,,,,,,31,1,0,bb40abb1,40,279,,32322143323432414144244314422412423232211244423432314113413131,BABAACDBBABDBADCDCDDADDBCDDAADCADABABAACCADDDABDBABCDCCBDCBCBC,ABABACBDABBDABCDCDDDADBDCDADADACADABABACACDDADBDABBCCDBCCDBCBC,,,1,279,,,,,L_T1_GTR___standard,,,,,L_T1_GTR03_33000001,,,,41,31,31,233433110000232432233000121424422007412321244300414231200000412233100000,,00000418,,,,,,,,30,2,0,5,5,418,,323221433234324141442443144224124232322112444234323141134131,BABAACDBBABDBADCDCDDADDBCDDAADCADABABAACCADDDABDBABCDCCBDCBC,ABABACBDABBDABCDCDDDADBDCDADADACADABABACACDDADBDABBCCDBCCDBC,,,1,418,,,,,L_T1_GTR___standard/L_T1_GTR___zabuton_,,,,,L_T1_GTR03_33000001,,,
98517,62,,,,,,,,,,31,31,233443440000232332230000121442320007414243131000414421211413412233222000,,bb40abb8,,,,,,,,32,0,1,bb40abb8,320,599,,32322143323432414144244314422412423232211244423432314113413131,BABAACDBBABDBADCDCDDADDBCDDAADCADABABAACCADDDABDBABCDCCBDCBCBC,ABABACBDABBDABCDCDDDADBDCDADADACADABABACACDDADBDABBCCDBCCDBCBC,,,1,599,,,,,L_T1_GTR___standard,,,,,L_T1_GTR03_33000001,,,,41,31,31,233433110000232432233000121424422007412321244300414231200000412233100000,,00000418,,,,,,,,30,2,0,5,5,418,,323221433234324141442443144224124232322112444234323141134131,BABAACDBBABDBADCDCDDADDBCDDAADCADABABAACCADDDABDBABCDCCBDCBC,ABABACBDABBDABCDCDDDADBDCDADADACADABABACACDDADBDABBCCDBCCDBC,,,1,418,,,,,L_T1_GTR___standard/L_T1_GTR___zabuton_,,,,,L_T1_GTR03_33000001,,,
98539,63,,,,,,,,,,31,31,233443440000232332230000121442320007414243131000414421211413412233222000,,bb40abb8,,,,,,,,32,0,1,bb40abb8,320,599,,32322143323432414144244314422412423232211244423432314113413131,BABAACDBBABDBADCDCDDADDBCDDAADCADABABAACCADDDABDBABCDCCBDCBCBC,ABABACBDABBDABCDCDDDADBDCDADADACADABABACACDDADBDABBCCDBCCDBCBC,,,1,599,,,,,L_T1_GTR___standard,,,,,L_T1_GTR03_33000001,,,,31,31,21,233433111400232432233000121424422007412321244300414231200000412233100000,,00000422,,,,,,,,31,3,0,4,4,422,,32322143323432414144244314422412423232211244423432314113413131,BABAACDBBABDBADCDCDDADDBCDDAADCADABABAACCADDDABDBABCDCCBDCBCBC,ABABACBDABBDABCDCDDDADBDCDADADACADABABACACDDADBDABBCCDBCCDBCBC,,,1,422,,,,,L_T1_GTR___standard/L_T1_GTR___zabuton_,,,,,L_T1_GTR03_33000001,,,
98571,64,,,,,,,,,,31,31,233443440000232332230000121442320007414243131000414421211413412233222000,,bb40abb8,,,,,,,,32,0,1,bb40abb8,320,599,,32322143323432414144244314422412423232211244423432314113413131,BABAACDBBABDBADCDCDDADDBCDDAADCADABABAACCADDDABDBABCDCCBDCBCBC,ABABACBDABBDABCDCDDDADBDCDADADACADABABACACDDADBDABBCCDBCCDBCBC,,,1,599,,,,,L_T1_GTR___standard,,,,,L_T1_GTR03_33000001,,,,31,21,23,233433111400232432233100121424422307412321244300414231200000412233100000,,00000426,,,,,,,,32,4,0,4,4,426,,3232214332343241414424431442241242323221124442343231411341313121,BABAACDBBABDBADCDCDDADDBCDDAADCADABABAACCADDDABDBABCDCCBDCBCBCAC,ABABACBDABBDABCDCDDDADBDCDADADACADABABACACDDADBDABBCCDBCCDBCBCAC,,,1,426,,,,,L_T1_GTR___standard/L_T1_GTR___zabuton_,,,,,L_T1_GTR03_33000001,,,
98598,65,,,,,,,,,,31,31,233443440000232332230000121442320007414243131000414421114130412233000000,,bb40ab16,,,,,,,,33,0,2,bb40ab16,640,1239,,32322143323432414144244314422412423232211244423432314113413131,BABAACDBBABDBADCDCDDADDBCDDAADCADABABAACCADDDABDBABCDCCBDCBCBC,ABABACBDABBDABCDCDDDADBDCDADADACADABABACACDDADBDABBCCDBCCDBCBC,,,2,1239,,,,,L_T1_GTR___standard,,,,,L_T1_GTR03_33000001,,,,31,21,23,233433111400232432233100121424422307412321244300414231200000412233100000,,00000426,,,,,,,,32,4,0,4,4,426,,3232214332343241414424431442241242323221124442343231411341313121,BABAACDBBABDBADCDCDDADDBCDDAADCADABABAACCADDDABDBABCDCCBDCBCBCAC,ABABACBDABBDABCDCDDDADBDCDADADACADABABACACDDADBDABBCCDBCCDBCBCAC,,,1,426,,,,,L_T1_GTR___standard/L_T1_GTR___zabuton_,,,,,L_T1_GTR03_33000001,,,
98605,66,,,,,,,,,,31,31,233443440000232332230000121442320007414243131000414421114130412233000000,,bb40ab16,,,,,,,,33,0,2,bb40ab16,640,1239,,32322143323432414144244314422412423232211244423432314113413131,BABAACDBBABDBADCDCDDADDBCDDAADCADABABAACCADDDABDBABCDCCBDCBCBC,ABABACBDABBDABCDCDDDADBDCDADADACADABABACACDDADBDABBCCDBCCDBCBC,,,2,1239,,,,,L_T1_GTR___standard,,,,,L_T1_GTR03_33000001,,,,21,23,21,233433111430232432233110121424420007412321244300414231200000412233100000,,00000429,,,,,,,,33,5,0,3,3,429,,323221433234324141442443144224124232322112444234323141134131312123,BABAACDBBABDBADCDCDDADDBCDDAADCADABABAACCADDDABDBABCDCCBDCBCBCACAB,ABABACBDABBDABCDCDDDADBDCDADADACADABABACACDDADBDABBCCDBCCDBCBCACAB,,,1,429,,,,,L_T1_GTR___standard/L_T1_GTR___zabuton_,,,,,L_T1_GTR03_33000001,,,
98645,67,,,,,,,,,,31,31,233443440000232332230000121442320007414243131000414421114130412233000000,,bb40ab16,,,,,,,,33,0,2,bb40ab16,640,1239,,32322143323432414144244314422412423232211244423432314113413131,BABAACDBBABDBADCDCDDADDBCDDAADCADABABAACCADDDABDBABCDCCBDCBCBC,ABABACBDABBDABCDCDDDADBDCDADADACADABABACACDDADBDABBCCDBCCDBCBC,,,2,1239,,,,,L_T1_GTR___standard,,,,,L_T1_GTR03_33000001,,,,23,21,44,233433111430232432233110121424422307412321244300414231220000412233110000,,00000435,,,,,,,,34,6,0,6,6,435,,32322143323432414144244314422412423232211244423432314113413131212321,BABAACDBBABDBADCDCDDADDBCDDAADCADABABAACCADDDABDBABCDCCBDCBCBCACABAC,ABABACBDABBDABCDCDDDADBDCDADADACADABABACACDDADBDABBCCDBCCDBCBCACABAC,,,1,435,,,,,L_T1_GTR___standard/L_T1_GTR___zabuton_,,,,,L_T1_GTR03_33000001,,,
98676,68,,,,,,,,,,31,31,233443440000232332230000121442320007414243131000414421114130412233000000,,bb40ab16,,,,,,,,33,0,2,bb40ab16,640,1239,,32322143323432414144244314422412423232211244423432314113413131,BABAACDBBABDBADCDCDDADDBCDDAADCADABABAACCADDDABDBABCDCCBDCBCBC,ABABACBDABBDABCDCDDDADBDCDADADACADABABACACDDADBDABBCCDBCCDBCBC,,,2,1239,,,,,L_T1_GTR___standard,,,,,L_T1_GTR03_33000001,,,,,21,44,233433111430232432233110121424422307412321244300414231222300412233110000,,bb40abb1,,,,,,,,35,0,1,bb40abb1,40,475,,32322143323432414144244314422412423232211244423432314113413131212321,BABAACDBBABDBADCDCDDADDBCDDAADCADABABAACCADDDABDBABCDCCBDCBCBCACABAC,ABABACBDABBDABCDCDDDADBDCDADADACADABABACACDDADBDABBCCDBCCDBCBCACABAC,,,1,475,,,,,L_T1_GTR___standard/L_T1_GTR___zabuton_,,,,,L_T1_GTR03_33000001,,,
98693,69,,,,,,,,,31,31,21,233443440000232332230000121442320007414243310000414424130000412233000000,,00001243,,,,,,,,34,1,0,4,4,1243,,3232214332343241414424431442241242323221124442343231411341313131,BABAACDBBABDBADCDCDDADDBCDDAADCADABABAACCADDDABDBABCDCCBDCBCBCBC,ABABACBDABBDABCDCDDDADBDCDADADACADABABACACDDADBDABBCCDBCCDBCBCBC,,,2,1243,,,,,L_T1_GTR___standard,,,,,L_T1_GTR03_33000001,,,,,21,44,233433111430232432233110121424422307412321244300414231222300412233110000,,bb40abb1,,,,,,,,35,0,1,bb40abb1,40,475,,32322143323432414144244314422412423232211244423432314113413131212321,BABAACDBBABDBADCDCDDADDBCDDAADCADABABAACCADDDABDBABCDCCBDCBCBCACABAC,ABABACBDABBDABCDCDDDADBDCDADADACADABABACACDDADBDABBCCDBCCDBCBCACABAC,,,1,475,,,,,L_T1_GTR___standard/L_T1_GTR___zabuton_,,,,,L_T1_GTR03_33000001,,,
98751,70,,,,,,,,,31,21,23,233443440000232332230000121442320007414243310000414424133100412233000000,,00001247,,,,,,,,35,2,0,4,4,1247,,323221433234324141442443144224124232322112444234323141134131313121,BABAACDBBABDBADCDCDDADDBCDDAADCADABABAACCADDDABDBABCDCCBDCBCBCBCAC,ABABACBDABBDABCDCDDDADBDCDADADACADABABACACDDADBDABBCCDBCCDBCBCBCAC,,,2,1247,,,,,L_T1_GTR___standard,,,,,L_T1_GTR03_33000001,,,,,21,44,233433111430232432233110121424422307412321244300414231222300412233110000,,bb40abb1,,,,,,,,35,0,1,bb40abb1,40,475,,32322143323432414144244314422412423232211244423432314113413131212321,BABAACDBBABDBADCDCDDADDBCDDAADCADABABAACCADDDABDBABCDCCBDCBCBCACABAC,ABABACBDABBDABCDCDDDADBDCDADADACADABABACACDDADBDABBCCDBCCDBCBCACABAC,,,1,475,,,,,L_T1_GTR___standard/L_T1_GTR___zabuton_,,,,,L_T1_GTR03_33000001,,,
98760,71,,,,,,,,,31,21,23,233443440000232332230000121442320007414243310000414424133100412233000000,,00001247,,,,,,,,35,2,0,4,4,1247,,323221433234324141442443144224124232322112444234323141134131313121,BABAACDBBABDBADCDCDDADDBCDDAADCADABABAACCADDDABDBABCDCCBDCBCBCBCAC,ABABACBDABBDABCDCDDDADBDCDADADACADABABACACDDADBDABBCCDBCCDBCBCBCAC,,,2,1247,,,,,L_T1_GTR___standard,,,,,L_T1_GTR03_33000001,,,,,21,44,233433111430232432233110121424422307412321443000414231300000412233110000,,bb40abb8,,,,,,,,36,0,2,bb40abb8,320,795,,32322143323432414144244314422412423232211244423432314113413131212321,BABAACDBBABDBADCDCDDADDBCDDAADCADABABAACCADDDABDBABCDCCBDCBCBCACABAC,ABABACBDABBDABCDCDDDADBDCDADADACADABABACACDDADBDABBCCDBCCDBCBCACABAC,,,2,795,,,,,L_T1_GTR___standard/L_T1_GTR___zabuton_,,,,,L_T1_GTR03_33000001,,,
98787,72,,,,,,,,,21,23,21,233443440000232332230000121442320007414243313100414424133100412233000000,,00001252,,,,,,,,36,3,0,5,5,1252,,32322143323432414144244314422412423232211244423432314113413131312123,BABAACDBBABDBADCDCDDADDBCDDAADCADABABAACCADDDABDBABCDCCBDCBCBCBCACAB,ABABACBDABBDABCDCDDDADBDCDADADACADABABACACDDADBDABBCCDBCCDBCBCBCACAB,,,2,1252,,,,,L_T1_GTR___standard,,,,,L_T1_GTR03_33000001,,,,,21,44,233433111430232432233110121424422307412321443000414231300000412233110000,,bb40abb8,,,,,,,,36,0,2,bb40abb8,320,795,,32322143323432414144244314422412423232211244423432314113413131212321,BABAACDBBABDBADCDCDDADDBCDDAADCADABABAACCADDDABDBABCDCCBDCBCBCACABAC,ABABACBDABBDABCDCDDDADBDCDADADACADABABACACDDADBDABBCCDBCCDBCBCACABAC,,,2,795,,,,,L_T1_GTR___standard/L_T1_GTR___zabuton_,,,,,L_T1_GTR03_33000001,,,
98830,73,,,,,,,,,23,21,44,233443440000232332230000121442320007414243313100414424133100412233120000,,00001258,,,,,,,,37,4,0,6,6,1258,,3232214332343241414424431442241242323221124442343231411341313131212321,BABAACDBBABDBADCDCDDADDBCDDAADCADABABAACCADDDABDBABCDCCBDCBCBCBCACABAC,ABABACBDABBDABCDCDDDADBDCDADADACADABABACACDDADBDABBCCDBCCDBCBCBCACABAC,,,2,1258,,,,,L_T1_GTR___standard,,,,,L_T1_GTR03_33000001,,,,,21,44,233433111430232432233110121424422307412321443000414231300000412233110000,,bb40abb8,,,,,,,,36,0,2,bb40abb8,320,795,,32322143323432414144244314422412423232211244423432314113413131212321,BABAACDBBABDBADCDCDDADDBCDDAADCADABABAACCADDDABDBABCDCCBDCBCBCACABAC,ABABACBDABBDABCDCDDDADBDCDADADACADABABACACDDADBDABBCCDBCCDBCBCACABAC,,,2,795,,,,,L_T1_GTR___standard/L_T1_GTR___zabuton_,,,,,L_T1_GTR03_33000001,,,
98842,74,,,,,,,,,23,21,44,233443440000232332230000121442320007414243313100414424133100412233120000,,00001258,,,,,,,,37,4,0,6,6,1258,,3232214332343241414424431442241242323221124442343231411341313131212321,BABAACDBBABDBADCDCDDADDBCDDAADCADABABAACCADDDABDBABCDCCBDCBCBCBCACABAC,ABABACBDABBDABCDCDDDADBDCDADADACADABABACACDDADBDABBCCDBCCDBCBCBCACABAC,,,2,1258,,,,,L_T1_GTR___standard,,,,,L_T1_GTR03_33000001,,,,,21,44,233433111430232432233110121422230007412321300000414231300000412233110000,,bb60ab19,,,,,,,,37,0,3,bb60ab19,1140,1935,,32322143323432414144244314422412423232211244423432314113413131212321,BABAACDBBABDBADCDCDDADDBCDDAADCADABABAACCADDDABDBABCDCCBDCBCBCACABAC,ABABACBDABBDABCDCDDDADBDCDADADACADABABACACDDADBDABBCCDBCCDBCBCACABAC,,,3,1935,,,,,L_T1_GTR___standard/L_T1_GTR___zabuton_,,,,,L_T1_GTR03_33000001,,,
98926,75,,,,,,,,,23,21,44,233443440000232332230000121442320007414243313100414424133100412233120000,,00001258,,,,,,,,37,4,0,6,6,1258,,3232214332343241414424431442241242323221124442343231411341313131212321,BABAACDBBABDBADCDCDDADDBCDDAADCADABABAACCADDDABDBABCDCCBDCBCBCBCACABAC,ABABACBDABBDABCDCDDDADBDCDADADACADABABACACDDADBDABBCCDBCCDBCBCBCACABAC,,,2,1258,,,,,L_T1_GTR___standard,,,,,L_T1_GTR03_33000001,,,,,21,44,233433111430232433311000121430000007412313000000414231300000412233110000,,b110ab40,,,,,,,,38,0,4,b110ab40,4400,6335,,32322143323432414144244314422412423232211244423432314113413131212321,BABAACDBBABDBADCDCDDADDBCDDAADCADABABAACCADDDABDBABCDCCBDCBCBCACABAC,ABABACBDABBDABCDCDDDADBDCDADADACADABABACACDDADBDABBCCDBCCDBCBCACABAC,,,4,6335,,,,,L_T1_GTR___standard/L_T1_GTR___zabuton_,,,,,L_T1_GTR03_33000001,,,
98941,76,,,,,,,,,21,44,34,233443440000232332230000121442320007414243313100414424133130412233122000,,00001260,,,,,,,,38,5,0,2,2,1260,,323221433234324141442443144224124232322112444234323141134131313121232144,BABAACDBBABDBADCDCDDADDBCDDAADCADABABAACCADDDABDBABCDCCBDCBCBCBCACABACDD,ABABACBDABBDABCDCDDDADBDCDADADACADABABACACDDADBDABBCCDBCCDBCBCBCACABACDD,,,2,1260,,,,,L_T1_GTR___standard,,,,,L_T1_GTR03_33000001,,,,,21,44,233433111430232433311000121430000007412313000000414231300000412233110000,,b110ab40,,,,,,,,38,0,4,b110ab40,4400,6335,,32322143323432414144244314422412423232211244423432314113413131212321,BABAACDBBABDBADCDCDDADDBCDDAADCADABABAACCADDDABDBABCDCCBDCBCBCACABAC,ABABACBDABBDABCDCDDDADBDCDADADACADABABACACDDADBDABBCCDBCCDBCBCACABAC,,,4,6335,,,,,L_T1_GTR___standard/L_T1_GTR___zabuton_,,,,,L_T1_GTR03_33000001,,,
98979,77,,,,,,,,,44,34,12,233443440000232332230000121442320007414243313100414424133130412233122210,,00001264,,,,,,,,39,6,0,4,4,1264,,32322143323432414144244314422412423232211244423432314113413131312123214434,BABAACDBBABDBADCDCDDADDBCDDAADCADABABAACCADDDABDBABCDCCBDCBCBCBCACABACDDBD,ABABACBDABBDABCDCDDDADBDCDADADACADABABACACDDADBDABBCCDBCCDBCBCBCACABACDDBD,,,2,1264,,,,,L_T1_GTR___standard,,,,,L_T1_GTR03_33000001,,,,,21,44,233433111430232433311000121430000007412313000000414231300000412233110000,,b110ab40,,,,,,,,38,0,4,b110ab40,4400,6335,,32322143323432414144244314422412423232211244423432314113413131212321,BABAACDBBABDBADCDCDDADDBCDDAADCADABABAACCADDDABDBABCDCCBDCBCBCACABAC,ABABACBDABBDABCDCDDDADBDCDADADACADABABACACDDADBDABBCCDBCCDBCBCACABAC,,,4,6335,,,,,L_T1_GTR___standard/L_T1_GTR___zabuton_,,,,,L_T1_GTR03_33000001,,,
99014,78,,,,,,,,,44,34,12,233443440000232332230000121442320007414243313100414424133130412233122210,,00001264,,,,,,,,39,6,0,4,4,1264,,32322143323432414144244314422412423232211244423432314113413131312123214434,BABAACDBBABDBADCDCDDADDBCDDAADCADABABAACCADDDABDBABCDCCBDCBCBCBCACABACDDBD,ABABACBDABBDABCDCDDDADBDCDADADACADABABACACDDADBDABBCCDBCCDBCBCBCACABACDDBD,,,2,1264,,,,,L_T1_GTR___standard,,,,,L_T1_GTR03_33000001,,,,,21,44,233443000000232400000000121400000007412313000000414231300000412233110000,,bb40ab64,,,,,,,,39,0,5,bb40ab64,2560,8895,,32322143323432414144244314422412423232211244423432314113413131212321,BABAACDBBABDBADCDCDDADDBCDDAADCADABABAACCADDDABDBABCDCCBDCBCBCACABAC,ABABACBDABBDABCDCDDDADBDCDADADACADABABACACDDADBDABBCCDBCCDBCBCACABAC,,,5,8895,,,,,L_T1_GTR___standard,,,,,L_T1_GTR03_33000001,,,
99019,79,,,,,,,,,34,12,31,233443440000232332234000121442324007414243313100414424133130412233122210,,00001269,,,,,,,,40,7,0,5,5,1269,,3232214332343241414424431442241242323221124442343231411341313131212321443412,BABAACDBBABDBADCDCDDADDBCDDAADCADABABAACCADDDABDBABCDCCBDCBCBCBCACABACDDBDCA,ABABACBDABBDABCDCDDDADBDCDADADACADABABACACDDADBDABBCCDBCCDBCBCBCACABACDDBDAC,,,2,1269,,,,,L_T1_GTR___standard,,,,,L_T1_GTR03_33000001,,,,,21,44,233443000000232400000000121400000007412313000000414231300000412233110000,,bb40ab64,,,,,,,,39,0,5,bb40ab64,2560,8895,,32322143323432414144244314422412423232211244423432314113413131212321,BABAACDBBABDBADCDCDDADDBCDDAADCADABABAACCADDDABDBABCDCCBDCBCBCACABAC,ABABACBDABBDABCDCDDDADBDCDADADACADABABACACDDADBDABBCCDBCCDBCBCACABAC,,,5,8895,,,,,L_T1_GTR___standard,,,,,L_T1_GTR03_33000001,,,
99073,80,,,,,,,,,12,31,44,233443443000232332234400121442324007414243313100414424133130412233122210,,00001273,,,,,,,,41,8,0,4,4,1273,,323221433234324141442443144224124232322112444234323141134131313121232144341231,BABAACDBBABDBADCDCDDADDBCDDAADCADABABAACCADDDABDBABCDCCBDCBCBCBCACABACDDBDCABC,ABABACBDABBDABCDCDDDADBDCDADADACADABABACACDDADBDABBCCDBCCDBCBCBCACABACDDBDACBC,,,2,1273,,,,,L_T1_GTR___standard,,,,,L_T1_GTR03_33000001,,,,,21,44,233443000000232400000000121400000007412313000000414231300000412233110000,,bb40ab64,,,,,,,,39,0,5,bb40ab64,2560,8895,,32322143323432414144244314422412423232211244423432314113413131212321,BABAACDBBABDBADCDCDDADDBCDDAADCADABABAACCADDDABDBABCDCCBDCBCBCACABAC,ABABACBDABBDABCDCDDDADBDCDADADACADABABACACDDADBDABBCCDBCCDBCBCACABAC,,,5,8895,,,,,L_T1_GTR___standard,,,,,L_T1_GTR03_33000001,,,
99096,81,,,,,,,,,12,31,44,233443443000232332234400121442324007414243313100414424133130412233122210,,00001273,,,,,,,,41,8,0,4,4,1273,,323221433234324141442443144224124232322112444234323141134131313121232144341231,BABAACDBBABDBADCDCDDADDBCDDAADCADABABAACCADDDABDBABCDCCBDCBCBCBCACABACDDBDCABC,ABABACBDABBDABCDCDDDADBDCDADADACADABABACACDDADBDABBCCDBCCDBCBCBCACABACDDBDACBC,,,2,1273,,,,,L_T1_GTR___standard,,,,,L_T1_GTR03_33000001,,,,,21,44,233300000000232000000000121000000007412313000000414231300000412233110000,,bb40ab96,,,,,,,,40,0,6,bb40ab96,3840,12735,,32322143323432414144244314422412423232211244423432314113413131212321,BABAACDBBABDBADCDCDDADDBCDDAADCADABABAACCADDDABDBABCDCCBDCBCBCACABAC,ABABACBDABBDABCDCDDDADBDCDADADACADABABACACDDADBDABBCCDBCCDBCBCACABAC,,,6,12735,,,,,,,,,,,,,
99109,82,,,,,,,,,31,44,13,233443443210232332234400121442324007414243313100414424133130412233122210,,00001276,,,,,,,,42,9,0,3,3,1276,,32322143323432414144244314422412423232211244423432314113413131312123214434123144,BABAACDBBABDBADCDCDDADDBCDDAADCADABABAACCADDDABDBABCDCCBDCBCBCBCACABACDDBDCABCDD,ABABACBDABBDABCDCDDDADBDCDADADACADABABACACDDADBDABBCCDBCCDBCBCBCACABACDDBDACBCDD,,,2,1276,,,,,L_T1_GTR___standard,,,,,L_T1_GTR03_33000001,,,,,21,44,233300000000232000000000121000000007412313000000414231300000412233110000,,bb40ab96,,,,,,,,40,0,6,bb40ab96,3840,12735,,32322143323432414144244314422412423232211244423432314113413131212321,BABAACDBBABDBADCDCDDADDBCDDAADCADABABAACCADDDABDBABCDCCBDCBCBCACABAC,ABABACBDABBDABCDCDDDADBDCDADADACADABABACACDDADBDABBCCDBCCDBCBCACABAC,,,6,12735,,,,,,,,,,,,,
99164,83,,,,,,,,,44,13,42,233443443210232332234410121442324307414243313100414424133130412233122210,,00001279,,,,,,,,43,10,0,3,3,1279,,3232214332343241414424431442241242323221124442343231411341313131212321443412314413,BABAACDBBABDBADCDCDDADDBCDDAADCADABABAACCADDDABDBABCDCCBDCBCBCBCACABACDDBDCABCDDCB,ABABACBDABBDABCDCDDDADBDCDADADACADABABACACDDADBDABBCCDBCCDBCBCBCACABACDDBDACBCDDBC,,,2,1279,,,,,L_T1_GTR___standard,,,,,L_T1_GTR03_33000001,,,,,21,44,233300000000232000000000121000000007412313000000414231300000412233110000,,bb40ab96,,,,,,,,40,0,6,bb40ab96,3840,12735,,32322143323432414144244314422412423232211244423432314113413131212321,BABAACDBBABDBADCDCDDADDBCDDAADCADABABAACCADDDABDBABCDCCBDCBCBCACABAC,ABABACBDABBDABCDCDDDADBDCDADADACADABABACACDDADBDABBCCDBCCDBCBCACABAC,,,6,12735,,,,,,,,,,,,,
99176,84,,,,,,,,,44,13,42,233443443210232332234410121442324307414243313100414424133130412233122210,,00001279,,,,,,,,43,10,0,3,3,1279,,3232214332343241414424431442241242323221124442343231411341313131212321443412314413,BABAACDBBABDBADCDCDDADDBCDDAADCADABABAACCADDDABDBABCDCCBDCBCBCBCACABACDDBDCABCDDCB,ABABACBDABBDABCDCDDDADBDCDADADACADABABACACDDADBDABBCCDBCCDBCBCBCACABACDDBDACBCDDBC,,,2,1279,,,,,L_T1_GTR___standard,,,,,L_T1_GTR03_33000001,,,,,21,44,200000000000220000000000121000000007412313000000414231300000412233110000,,bb40a128,,,,,,,,41,0,7,bb40a128,5120,17855,,32322143323432414144244314422412423232211244423432314113413131212321,BABAACDBBABDBADCDCDDADDBCDDAADCADABABAACCADDDABDBABCDCCBDCBCBCACABAC,ABABACBDABBDABCDCDDDADBDCDADADACADABABACACDDADBDABBCCDBCCDBCBCACABAC,,,7,17855,,,,,,,,,,,,,
99195,85,,,,,,,,,13,42,32,233443443214232332234414121442324307414243313100414424133130412233122210,,00001281,,,,,,,,44,11,0,2,2,1281,,323221433234324141442443144224124232322112444234323141134131313121232144341231441342,BABAACDBBABDBADCDCDDADDBCDDAADCADABABAACCADDDABDBABCDCCBDCBCBCBCACABACDDBDCABCDDCBDA,ABABACBDABBDABCDCDDDADBDCDADADACADABABACACDDADBDABBCCDBCCDBCBCBCACABACDDBDACBCDDBCAD,,,2,1281,,,,,L_T1_GTR___standard,,,,,L_T1_GTR03_33000001,,,,,21,44,200000000000220000000000121000000007412313000000414231300000412233110000,,bb40a128,,,,,,,,41,0,7,bb40a128,5120,17855,,32322143323432414144244314422412423232211244423432314113413131212321,BABAACDBBABDBADCDCDDADDBCDDAADCADABABAACCADDDABDBABCDCCBDCBCBCACABAC,ABABACBDABBDABCDCDDDADBDCDADADACADABABACACDDADBDABBCCDBCCDBCBCACABAC,,,7,17855,,,,,,,,,,,,,
99226,86,,,,,,,,,42,32,31,233443443214232332234414121442324310414243313130414424133130412233122210,,00001284,,,,,,,,45,12,0,3,3,1284,,32322143323432414144244314422412423232211244423432314113413131312123214434123144134232,BABAACDBBABDBADCDCDDADDBCDDAADCADABABAACCADDDABDBABCDCCBDCBCBCBCACABACDDBDCABCDDCBDABA,ABABACBDABBDABCDCDDDADBDCDADADACADABABACACDDADBDABBCCDBCCDBCBCBCACABACDDBDACBCDDBCADAB,,,2,1284,,,,,L_T1_GTR___standard,,,,,L_T1_GTR03_33000001,,,,,21,44,200000000000220000000000121000000007412313000000414231300000412233110000,,bb40a128,,,,,,,,41,0,7,bb40a128,5120,17855,,32322143323432414144244314422412423232211244423432314113413131212321,BABAACDBBABDBADCDCDDADDBCDDAADCADABABAACCADDDABDBABCDCCBDCBCBCACABAC,ABABACBDABBDABCDCDDDADBDCDADADACADABABACACDDADBDABBCCDBCCDBCBCACABAC,,,7,17855,,,,,,,,,,,,,
99256,87,,,,,,,,,42,32,31,233443443214232332234414121442324310414243313130414424133130412233122210,,00001284,,,,,,,,45,12,0,3,3,1284,,32322143323432414144244314422412423232211244423432314113413131312123214434123144134232,BABAACDBBABDBADCDCDDADDBCDDAADCADABABAACCADDDABDBABCDCCBDCBCBCBCACABACDDBDCABCDDCBDABA,ABABACBDABBDABCDCDDDADBDCDADADACADABABACACDDADBDABBCCDBCCDBCBCBCACABACDDBDACBCDDBCADAB,,,2,1284,,,,,L_T1_GTR___standard,,,,,L_T1_GTR03_33000001,,,,,21,44,000000000000000000000000110000000007412313000000414231300000412233110000,,bb50a162,,,,,,,,42,0,8,bb50a162,8100,25955,,32322143323432414144244314422412423232211244423432314113413131212321,BABAACDBBABDBADCDCDDADDBCDDAADCADABABAACCADDDABDBABCDCCBDCBCBCACABAC,ABABACBDABBDABCDCDDDADBDCDADADACADABABACACDDADBDABBCCDBCCDBCBCACABAC,,,8,25955,,,,,,,,,,,,,
99259,88,,,,,,,,,32,31,11,233443443214232332234414121442324317414243313130414424133134412233122212,,00001286,,,,,,,,46,13,0,2,2,1286,,3232214332343241414424431442241242323221124442343231411341313131212321443412314413423231,BABAACDBBABDBADCDCDDADDBCDDAADCADABABAACCADDDABDBABCDCCBDCBCBCBCACABACDDBDCABCDDCBDABABC,ABABACBDABBDABCDCDDDADBDCDADADACADABABACACDDADBDABBCCDBCCDBCBCBCACABACDDBDACBCDDBCADABBC,,,2,1286,,,,,L_T1_GTR___standard,,,,,L_T1_GTR03_33000001,,,,,21,44,000000000000000000000000110000000007412313000000414231300000412233110000,,bb50a162,,,,,,,,42,0,8,bb50a162,8100,25955,,32322143323432414144244314422412423232211244423432314113413131212321,BABAACDBBABDBADCDCDDADDBCDDAADCADABABAACCADDDABDBABCDCCBDCBCBCACABAC,ABABACBDABBDABCDCDDDADBDCDADADACADABABACACDDADBDABBCCDBCCDBCBCACABAC,,,8,25955,,,,,,,,,,,,,
99308,89,,,,,,,,,31,11,11,233443443214232332234414121442324317414243313130414424133134412233122212,,00001287,,,,,,,,47,14,0,1,1,1287,,323221433234324141442443144224124232322112444234323141134131313121232144341231441342323111,BABAACDBBABDBADCDCDDADDBCDDAADCADABABAACCADDDABDBABCDCCBDCBCBCBCACABACDDBDCABCDDCBDABABCCC,ABABACBDABBDABCDCDDDADBDCDADADACADABABACACDDADBDABBCCDBCCDBCBCBCACABACDDBDACBCDDBCADABBCCC,,,2,1287,,,,,L_T1_GTR___standard,,,,,L_T1_GTR03_33000001,,,,,21,44,000000000000000000000000110000000007412313000000414231300000412233110000,,bb50a162,,,,,,,,42,0,8,bb50a162,8100,25955,,32322143323432414144244314422412423232211244423432314113413131212321,BABAACDBBABDBADCDCDDADDBCDDAADCADABABAACCADDDABDBABCDCCBDCBCBCACABAC,ABABACBDABBDABCDCDDDADBDCDADADACADABABACACDDADBDABBCCDBCCDBCBCACABAC,,,8,25955,,,,,,,,,,,,,
99327,90,,,,,,,,,,11,11,233443443214232332234414121442324311414243313133414424133134412233122212,,bb40abb1,,,,,,,,48,0,1,bb40abb1,40,1327,,323221433234324141442443144224124232322112444234323141134131313121232144341231441342323111,BABAACDBBABDBADCDCDDADDBCDDAADCADABABAACCADDDABDBABCDCCBDCBCBCBCACABACDDBDCABCDDCBDABABCCC,ABABACBDABBDABCDCDDDADBDCDADADACADABABACACDDADBDABBCCDBCCDBCBCBCACABACDDBDACBCDDBCADABBCCC,,,2,1327,,,,,L_T1_GTR___standard,,,,,L_T1_GTR03_33000001,,,,,21,44,000000000000000000000000110000000007412313000000414231300000412233110000,,bb50a162,,,,,,,,42,0,8,bb50a162,8100,25955,,32322143323432414144244314422412423232211244423432314113413131212321,BABAACDBBABDBADCDCDDADDBCDDAADCADABABAACCADDDABDBABCDCCBDCBCBCACABAC,ABABACBDABBDABCDCDDDADBDCDADADACADABABACACDDADBDABBCCDBCCDBCBCACABAC,,,8,25955,,,,,,,,,,,,,
99336,91,,,,,,,,,,11,11,233443443214232332234414121442324311414243313133414424133134412233122212,,bb40abb1,,,,,,,,48,0,1,bb40abb1,40,1327,,323221433234324141442443144224124232322112444234323141134131313121232144341231441342323111,BABAACDBBABDBADCDCDDADDBCDDAADCADABABAACCADDDABDBABCDCCBDCBCBCBCACABACDDBDCABCDDCBDABABCCC,ABABACBDABBDABCDCDDDADBDCDADADACADABABACACDDADBDABBCCDBCCDBCBCBCACABACDDBDACBCDDBCADABBCCC,,,2,1327,,,,,L_T1_GTR___standard,,,,,L_T1_GTR03_33000001,,,,,21,44,000000000000000000000000000000000007423130000000442313000000422331100000,,bb40a192,,,,,,,,43,0,9,bb40a192,7680,33635,,32322143323432414144244314422412423232211244423432314113413131212321,BABAACDBBABDBADCDCDDADDBCDDAADCADABABAACCADDDABDBABCDCCBDCBCBCACABAC,ABABACBDABBDABCDCDDDADBDCDADADACADABABACACDDADBDABBCCDBCCDBCBCACABAC,,,9,33635,,,,,,,,,,,,,
99408,92,,,,,,,,,,11,11,233443443240232332234440121442324307414243313122414424133124412233122212,,bb50ab10,,,,,,,,49,0,2,bb50ab10,500,1827,,323221433234324141442443144224124232322112444234323141134131313121232144341231441342323111,BABAACDBBABDBADCDCDDADDBCDDAADCADABABAACCADDDABDBABCDCCBDCBCBCBCACABACDDBDCABCDDCBDABABCCC,ABABACBDABBDABCDCDDDADBDCDADADACADABABACACDDADBDABBCCDBCCDBCBCBCACABACDDBDACBCDDBCADABBCCC,,,2,1827,,,,,L_T1_GTR___standard,,,,,L_T1_GTR03_33000001,,,,,21,44,000000000000000000000000000000000007423130000000442313000000422331100000,,bb40a192,,,,,,,,43,0,9,bb40a192,7680,33635,,32322143323432414144244314422412423232211244423432314113413131212321,BABAACDBBABDBADCDCDDADDBCDDAADCADABABAACCADDDABDBABCDCCBDCBCBCACABAC,ABABACBDABBDABCDCDDDADBDCDADADACADABABACACDDADBDABBCCDBCCDBCBCACABAC,,,9,33635,,,,,,,,,,,,,
99418,93,,,,,,,,,,11,11,233443443240232332234440121442324307414243313122414424133124412233122212,,bb50ab10,,,,,,,,49,0,2,bb50ab10,500,1827,,323221433234324141442443144224124232322112444234323141134131313121232144341231441342323111,BABAACDBBABDBADCDCDDADDBCDDAADCADABABAACCADDDABDBABCDCCBDCBCBCBCACABACDDBDCABCDDCBDABABCCC,ABABACBDABBDABCDCDDDADBDCDADADACADABABACACDDADBDABBCCDBCCDBCBCBCACABACDDBDACBCDDBCADABBCCC,,,2,1827,,,,,L_T1_GTR___standard,,,,,L_T1_GTR03_33000001,,,,,21,44,000000000000000000000000000000000007231300000000231300000000223311000000,,bb80a227,,,,,,,,44,0,10,bb80a227,18160,51795,,32322143323432414144244314422412423232211244423432314113413131212321,BABAACDBBABDBADCDCDDADDBCDDAADCADABABAACCADDDABDBABCDCCBDCBCBCACABAC,ABABACBDABBDABCDCDDDADBDCDADADACADABABACACDDADBDABBCCDBCCDBCBCACABAC,,,9,51795,,,,,,,,,,,,,
99486,94,,,,,,,,,,11,11,233443443200232332230000121442323007414243313133414424133134412233122212,,bb40ab16,,,,,,,,50,0,3,bb40ab16,640,2467,,323221433234324141442443144224124232322112444234323141134131313121232144341231441342323111,BABAACDBBABDBADCDCDDADDBCDDAADCADABABAACCADDDABDBABCDCCBDCBCBCBCACABACDDBDCABCDDCBDABABCCC,ABABACBDABBDABCDCDDDADBDCDADADACADABABACACDDADBDABBCCDBCCDBCBCBCACABACDDBDACBCDDBCADABBCCC,,,3,2467,,,,,L_T1_GTR___standard,,,,,L_T1_GTR03_33000001,,,,,21,44,000000000000000000000000000000000007231300000000231300000000223311000000,,bb80a227,,,,,,,,44,0,10,bb80a227,18160,51795,,32322143323432414144244314422412423232211244423432314113413131212321,BABAACDBBABDBADCDCDDADDBCDDAADCADABABAACCADDDABDBABCDCCBDCBCBCACABAC,ABABACBDABBDABCDCDDDADBDCDADADACADABABACACDDADBDABBCCDBCCDBCBCACABAC,,,9,51795,,,,,,,,,,,,,
99504,95,,,,,,,,,,11,11,233443443200232332230000121442323007414243313133414424133134412233122212,,bb40ab16,,,,,,,,50,0,3,bb40ab16,640,2467,,323221433234324141442443144224124232322112444234323141134131313121232144341231441342323111,BABAACDBBABDBADCDCDDADDBCDDAADCADABABAACCADDDABDBABCDCCBDCBCBCBCACABACDDBDCABCDDCBDABABCCC,ABABACBDABBDABCDCDDDADBDCDADADACADABABACACDDADBDABBCCDBCCDBCBCBCACABACDDBDACBCDDBCADABBCCC,,,3,2467,,,,,L_T1_GTR___standard,,,,,L_T1_GTR03_33000001,,,,,21,44,000000000000000000000000000000000007310000000000310000000000110000000000,,bb40a256,,,,,,,,45,0,11,bb40a256,10240,62035,,32322143323432414144244314422412423232211244423432314113413131212321,BABAACDBBABDBADCDCDDADDBCDDAADCADABABAACCADDDABDBABCDCCBDCBCBCACABAC,ABABACBDABBDABCDCDDDADBDCDADADACADABABACACDDADBDABBCCDBCCDBCBCACABAC,,,9,62035,,,,,,,,,,,,,
99569,96,,,,,,,,,,11,11,233443443200232332230000121442323007414243313133414424133134412233122212,,bb40ab16,,,,,,,,50,0,3,bb40ab16,640,2467,,323221433234324141442443144224124232322112444234323141134131313121232144341231441342323111,BABAACDBBABDBADCDCDDADDBCDDAADCADABABAACCADDDABDBABCDCCBDCBCBCBCACABACDDBDCABCDDCBDABABCCC,ABABACBDABBDABCDCDDDADBDCDADADACADABABACACDDADBDABBCCDBCCDBCBCBCACABACDDBDACBCDDBCADABBCCC,,,3,2467,,,,,L_T1_GTR___standard,,,,,L_T1_GTR03_33000001,,,,21,44,34,000000000000000000000000000000000007300000000000000000000000000000000000,,00062040,,,,,,,,46,1,0,5,5,62040,,3232214332343241414424431442241242323221124442343231411341313121232144,BABAACDBBABDBADCDCDDADDBCDDAADCADABABAACCADDDABDBABCDCCBDCBCBCACABACDD,ABABACBDABBDABCDCDDDADBDCDADADACADABABACACDDADBDABBCCDBCCDBCBCACABACDD,,,9,62040,,,,,,,,,,,,,
99570,97,,,,,,,,,,11,11,233443443200232332230000121442320007414243311330414424113430412233122212,,bb50ab34,,,,,,,,51,0,4,bb50ab34,1700,4167,,323221433234324141442443144224124232322112444234323141134131313121232144341231441342323111,BABAACDBBABDBADCDCDDADDBCDDAADCADABABAACCADDDABDBABCDCCBDCBCBCBCACABACDDBDCABCDDCBDABABCCC,ABABACBDABBDABCDCDDDADBDCDADADACADABABACACDDADBDABBCCDBCCDBCBCBCACABACDDBDACBCDDBCADABBCCC,,,4,4167,,,,,L_T1_GTR___standard,,,,,L_T1_GTR03_33000001,,,,21,44,34,000000000000000000000000000000000007300000000000000000000000000000000000,,00062040,,,,,,,,46,1,0,5,5,62040,,3232214332343241414424431442241242323221124442343231411341313121232144,BABAACDBBABDBADCDCDDADDBCDDAADCADABABAACCADDDABDBABCDCCBDCBCBCACABACDD,ABABACBDABBDABCDCDDDADBDCDADADACADABABACACDDADBDABBCCDBCCDBCBCACABACDD,,,9,62040,,,,,,,,,,,,,
99630,98,,,,,,,,,,11,11,233443443200232332230000121442320007414243311330414424113430412233122212,,bb50ab34,,,,,,,,51,0,4,bb50ab34,1700,4167,,323221433234324141442443144224124232322112444234323141134131313121232144341231441342323111,BABAACDBBABDBADCDCDDADDBCDDAADCADABABAACCADDDABDBABCDCCBDCBCBCBCACABACDDBDCABCDDCBDABABCCC,ABABACBDABBDABCDCDDDADBDCDADADACADABABACACDDADBDABBCCDBCCDBCBCBCACABACDDBDACBCDDBCADABBCCC,,,4,4167,,,,,L_T1_GTR___standard,,,,,L_T1_GTR03_33000001,,,,44,34,12,000000000000200000000000100000000007300000000000300000000000000000000000,,00062053,,,,,,,,47,2,0,13,13,62053,,323221433234324141442443144224124232322112444234323141134131312123214434,BABAACDBBABDBADCDCDDADDBCDDAADCADABABAACCADDDABDBABCDCCBDCBCBCACABACDDBD,ABABACBDABBDABCDCDDDADBDCDADADACADABABACACDDADBDABBCCDBCCDBCBCACABACDDBD,,,9,62053,,,,,,,,,,,,,
99660,99,,,,,,,,,,11,11,233443443200232332230000121442320007414243333000414424343000412233222122,,bb70ab68,,,,,,,,52,0,5,bb70ab68,4760,8927,,323221433234324141442443144224124232322112444234323141134131313121232144341231441342323111,BABAACDBBABDBADCDCDDADDBCDDAADCADABABAACCADDDABDBABCDCCBDCBCBCBCACABACDDBDCABCDDCBDABABCCC,ABABACBDABBDABCDCDDDADBDCDADADACADABABACACDDADBDABBCCDBCCDBCBCBCACABACDDBDACBCDDBCADABBCCC,,,5,8927,,,,,L_T1_GTR___standard,,,,,L_T1_GTR03_33000001,,,,44,34,12,000000000000200000000000100000000007300000000000300000000000000000000000,,00062053,,,,,,,,47,2,0,13,13,62053,,323221433234324141442443144224124232322112444234323141134131312123214434,BABAACDBBABDBADCDCDDADDBCDDAADCADABABAACCADDDABDBABCDCCBDCBCBCACABACDDBD,ABABACBDABBDABCDCDDDADBDCDADADACADABABACACDDADBDABBCCDBCCDBCBCACABACDDBD,,,9,62053,,,,,,,,,,,,,
99680,100,,,,,,,,,,11,11,233443443200232332230000121442320007414243333000414424343000412233222122,,bb70ab68,,,,,,,,52,0,5,bb70ab68,4760,8927,,323221433234324141442443144224124232322112444234323141134131313121232144341231441342323111,BABAACDBBABDBADCDCDDADDBCDDAADCADABABAACCADDDABDBABCDCCBDCBCBCBCACABACDDBDCABCDDCBDABABCCC,ABABACBDABBDABCDCDDDADBDCDADADACADABABACACDDADBDABBCCDBCCDBCBCBCACABACDDBDACBCDDBCADABBCCC,,,5,8927,,,,,L_T1_GTR___standard,,,,,L_T1_GTR03_33000001,,,,34,12,31,000000000000200000000000100000000007340000000000340000000000000000000000,,00062065,,,,,,,,48,3,0,12,12,62065,,32322143323432414144244314422412423232211244423432314113413131212321443412,BABAACDBBABDBADCDCDDADDBCDDAADCADABABAACCADDDABDBABCDCCBDCBCBCACABACDDBDCA,ABABACBDABBDABCDCDDDADBDCDADADACADABABACACDDADBDABBCCDBCCDBCBCACABACDDBDAC,,,9,62065,,,,,,,,,,,,,
99735,101,,,,,,,,,,11,11,233443443200232332230000121442320007414243333000414424343000412233222122,,bb70ab68,,,,,,,,52,0,5,bb70ab68,4760,8927,,323221433234324141442443144224124232322112444234323141134131313121232144341231441342323111,BABAACDBBABDBADCDCDDADDBCDDAADCADABABAACCADDDABDBABCDCCBDCBCBCBCACABACDDBDCABCDDCBDABABCCC,ABABACBDABBDABCDCDDDADBDCDADADACADABABACACDDADBDABBCCDBCCDBCBCBCACABACDDBDACBCDDBCADABBCCC,,,5,8927,,,,,L_T1_GTR___standard,,,,,L_T1_GTR03_33000001,,,,12,31,44,000000000000200000000000100000000007340000000000340000000000340000000000,,00062078,,,,,,,,49,4,0,13,13,62078,,3232214332343241414424431442241242323221124442343231411341313121232144341231,BABAACDBBABDBADCDCDDADDBCDDAADCADABABAACCADDDABDBABCDCCBDCBCBCACABACDDBDCABC,ABABACBDABBDABCDCDDDADBDCDADADACADABABACACDDADBDABBCCDBCCDBCBCACABACDDBDACBC,,,9,62078,,,,,,,,,,,,,
99739,102,,,,,,,,,,11,11,233443443200232332230000121442200007414240000000414424400000412233222122,,bb40ab96,,,,,,,,53,0,6,bb40ab96,3840,12767,,323221433234324141442443144224124232322112444234323141134131313121232144341231441342323111,BABAACDBBABDBADCDCDDADDBCDDAADCADABABAACCADDDABDBABCDCCBDCBCBCBCACABACDDBDCABCDDCBDABABCCC,ABABACBDABBDABCDCDDDADBDCDADADACADABABACACDDADBDABBCCDBCCDBCBCBCACABACDDBDACBCDDBCADABBCCC,,,6,12767,,,,,L_T1_GTR___standard,,,,,L_T1_GTR03_33000001,,,,12,31,44,000000000000200000000000100000000007340000000000340000000000340000000000,,00062078,,,,,,,,49,4,0,13,13,62078,,3232214332343241414424431442241242323221124442343231411341313121232144341231,BABAACDBBABDBADCDCDDADDBCDDAADCADABABAACCADDDABDBABCDCCBDCBCBCACABACDDBDCABC,ABABACBDABBDABCDCDDDADBDCDADADACADABABACACDDADBDABBCCDBCCDBCBCACABACDDBDACBC,,,9,62078,,,,,,,,,,,,,
99785,103,,,,,,,,,,11,11,233443443200232332230000121442200007414240000000414424400000412233222122,,bb40ab96,,,,,,,,53,0,6,bb40ab96,3840,12767,,323221433234324141442443144224124232322112444234323141134131313121232144341231441342323111,BABAACDBBABDBADCDCDDADDBCDDAADCADABABAACCADDDABDBABCDCCBDCBCBCBCACABACDDBDCABCDDCBDABABCCC,ABABACBDABBDABCDCDDDADBDCDADADACADABABACACDDADBDABBCCDBCCDBCBCBCACABACDDBDACBCDDBCADABBCCC,,,6,12767,,,,,L_T1_GTR___standard,,,,,L_T1_GTR03_33000001,,,,31,44,13,000000000000210000000000120000000007340000000000340000000000340000000000,,00062090,,,,,,,,50,5,0,12,12,62090,,323221433234324141442443144224124232322112444234323141134131312123214434123144,BABAACDBBABDBADCDCDDADDBCDDAADCADABABAACCADDDABDBABCDCCBDCBCBCACABACDDBDCABCDD,ABABACBDABBDABCDCDDDADBDCDADADACADABABACACDDADBDABBCCDBCCDBCBCACABACDDBDACBCDD,,,9,62090,,,,,,,,,,,,,
99820,104,,,,,,,,,,11,11,233443443200232333000000121440000007414240000000414424400000412233222122,,bb40a128,,,,,,,,54,0,7,bb40a128,5120,17887,,323221433234324141442443144224124232322112444234323141134131313121232144341231441342323111,BABAACDBBABDBADCDCDDADDBCDDAADCADABABAACCADDDABDBABCDCCBDCBCBCBCACABACDDBDCABCDDCBDABABCCC,ABABACBDABBDABCDCDDDADBDCDADADACADABABACACDDADBDABBCCDBCCDBCBCBCACABACDDBDACBCDDBCADABBCCC,,,7,17887,,,,,L_T1_GTR___standard,,,,,L_T1_GTR03_33000001,,,,31,44,13,000000000000210000000000120000000007340000000000340000000000340000000000,,00062090,,,,,,,,50,5,0,12,12,62090,,323221433234324141442443144224124232322112444234323141134131312123214434123144,BABAACDBBABDBADCDCDDADDBCDDAADCADABABAACCADDDABDBABCDCCBDCBCBCACABACDDBDCABCDD,ABABACBDABBDABCDCDDDADBDCDADADACADABABACACDDADBDABBCCDBCCDBCBCACABACDDBDACBCDD,,,9,62090,,,,,,,,,,,,,
99837,105,,,,,,,,,,11,11,233443443200232333000000121440000007414240000000414424400000412233222122,,bb40a128,,,,,,,,54,0,7,bb40a128,5120,17887,,323221433234324141442443144224124232322112444234323141134131313121232144341231441342323111,BABAACDBBABDBADCDCDDADDBCDDAADCADABABAACCADDDABDBABCDCCBDCBCBCBCACABACDDBDCABCDDCBDABABCCC,ABABACBDABBDABCDCDDDADBDCDADADACADABABACACDDADBDABBCCDBCCDBCBCBCACABACDDBDACBCDDBCADABBCCC,,,7,17887,,,,,L_T1_GTR___standard,,,,,L_T1_GTR03_33000001,,,,44,13,42,000000000000210000000000120000000007340000000000341000000000343000000000,,00062101,,,,,,,,51,6,0,11,11,62101,,32322143323432414144244314422412423232211244423432314113413131212321443412314413,BABAACDBBABDBADCDCDDADDBCDDAADCADABABAACCADDDABDBABCDCCBDCBCBCACABACDDBDCABCDDCB,ABABACBDABBDABCDCDDDADBDCDADADACADABABACACDDADBDABBCCDBCCDBCBCACABACDDBDACBCDDBC,,,9,62101,,,,,,,,,,,,,
99881,106,,,,,,,,,,11,11,233443443200232333000000121440000007414240000000414424400000412233222122,,bb40a128,,,,,,,,54,0,7,bb40a128,5120,17887,,323221433234324141442443144224124232322112444234323141134131313121232144341231441342323111,BABAACDBBABDBADCDCDDADDBCDDAADCADABABAACCADDDABDBABCDCCBDCBCBCBCACABACDDBDCABCDDCBDABABCCC,ABABACBDABBDABCDCDDDADBDCDADADACADABABACACDDADBDABBCCDBCCDBCBCBCACABACDDBDACBCDDBCADABBCCC,,,7,17887,,,,,L_T1_GTR___standard,,,,,L_T1_GTR03_33000001,,,,13,42,32,000000000000210000000000124400000007340000000000341000000000343000000000,,00062111,,,,,,,,52,7,0,10,10,62111,,3232214332343241414424431442241242323221124442343231411341313121232144341231441342,BABAACDBBABDBADCDCDDADDBCDDAADCADABABAACCADDDABDBABCDCCBDCBCBCACABACDDBDCABCDDCBDA,ABABACBDABBDABCDCDDDADBDCDADADACADABABACACDDADBDABBCCDBCCDBCBCACABACDDBDACBCDDBCAD,,,9,62111,,,,,,,,,,,,,
99900,107,,,,,,,,,,11,11,233444432000232000000000121440000007414240000000414424400000412233222122,,bb40a160,,,,,,,,55,0,8,bb40a160,6400,24287,,323221433234324141442443144224124232322112444234323141134131313121232144341231441342323111,BABAACDBBABDBADCDCDDADDBCDDAADCADABABAACCADDDABDBABCDCCBDCBCBCBCACABACDDBDCABCDDCBDABABCCC,ABABACBDABBDABCDCDDDADBDCDADADACADABABACACDDADBDABBCCDBCCDBCBCBCACABACDDBDACBCDDBCADABBCCC,,,8,24287,,,,,L_T1_GTR___standard,,,,,L_T1_GTR03_33000001,,,,13,42,32,000000000000210000000000124400000007340000000000341000000000343000000000,,00062111,,,,,,,,52,7,0,10,10,62111,,3232214332343241414424431442241242323221124442343231411341313121232144341231441342,BABAACDBBABDBADCDCDDADDBCDDAADCADABABAACCADDDABDBABCDCCBDCBCBCACABACDDBDCABCDDCBDA,ABABACBDABBDABCDCDDDADBDCDADADACADABABACACDDADBDABBCCDBCCDBCBCACABACDDBDACBCDDBCAD,,,9,62111,,,,,,,,,,,,,
99929,108,,,,,,,,,,11,11,233444432000232000000000121440000007414240000000414424400000412233222122,,bb40a160,,,,,,,,55,0,8,bb40a160,6400,24287,,323221433234324141442443144224124232322112444234323141134131313121232144341231441342323111,BABAACDBBABDBADCDCDDADDBCDDAADCADABABAACCADDDABDBABCDCCBDCBCBCBCACABACDDBDCABCDDCBDABABCCC,ABABACBDABBDABCDCDDDADBDCDADADACADABABACACDDADBDABBCCDBCCDBCBCBCACABACDDBDACBCDDBCADABBCCC,,,8,24287,,,,,L_T1_GTR___standard,,,,,L_T1_GTR03_33000001,,,,42,32,31,000000000000210000000000124400000007341300000000341000000000343000000000,,00062122,,,,,,,,53,8,0,11,11,62122,,323221433234324141442443144224124232322112444234323141134131312123214434123144134232,BABAACDBBABDBADCDCDDADDBCDDAADCADABABAACCADDDABDBABCDCCBDCBCBCACABACDDBDCABCDDCBDABA,ABABACBDABBDABCDCDDDADBDCDADADACADABABACACDDADBDABBCCDBCCDBCBCACABACDDBDACBCDDBCADAB,,,9,62122,,,,,,,,,,,,,
99975,109,,,,,,,,,,11,11,233444432000232000000000121440000007414240000000414424400000412233222122,,bb40a160,,,,,,,,55,0,8,bb40a160,6400,24287,,323221433234324141442443144224124232322112444234323141134131313121232144341231441342323111,BABAACDBBABDBADCDCDDADDBCDDAADCADABABAACCADDDABDBABCDCCBDCBCBCBCACABACDDBDCABCDDCBDABABCCC,ABABACBDABBDABCDCDDDADBDCDADADACADABABACACDDADBDABBCCDBCCDBCBCBCACABACDDBDACBCDDBCADABBCCC,,,8,24287,,,,,L_T1_GTR___standard,,,,,L_T1_GTR03_33000001,,,,32,31,11,000000000000212400000000124400000007341300000000341000000000343000000000,,00062132,,,,,,,,54,9,0,10,10,62132,,32322143323432414144244314422412423232211244423432314113413131212321443412314413423231,BABAACDBBABDBADCDCDDADDBCDDAADCADABABAACCADDDABDBABCDCCBDCBCBCACABACDDBDCABCDDCBDABABC,ABABACBDABBDABCDCDDDADBDCDADADACADABABACACDDADBDABBCCDBCCDBCBCACABACDDBDACBCDDBCADABBC,,,9,62132,,,,,,,,,,,,,
99986,110,,,,,,,,,,11,11,233320000000232000000000121440000007414240000000414424400000412233222122,,bb40a192,,,,,,,,56,0,9,bb40a192,7680,31967,,323221433234324141442443144224124232322112444234323141134131313121232144341231441342323111,BABAACDBBABDBADCDCDDADDBCDDAADCADABABAACCADDDABDBABCDCCBDCBCBCBCACABACDDBDCABCDDCBDABABCCC,ABABACBDABBDABCDCDDDADBDCDADADACADABABACACDDADBDABBCCDBCCDBCBCBCACABACDDBDACBCDDBCADABBCCC,,,9,31967,,,,,,,,,,,,,,32,31,11,000000000000212400000000124400000007341300000000341000000000343000000000,,00062132,,,,,,,,54,9,0,10,10,62132,,32322143323432414144244314422412423232211244423432314113413131212321443412314413423231,BABAACDBBABDBADCDCDDADDBCDDAADCADABABAACCADDDABDBABCDCCBDCBCBCACABACDDBDCABCDDCBDABABC,ABABACBDABBDABCDCDDDADBDCDADADACADABABACACDDADBDABBCCDBCCDBCBCACABACDDBDACBCDDBCADABBC,,,9,62132,,,,,,,,,,,,,
100020,111,,,,,,,,,,11,11,233320000000232000000000121440000007414240000000414424400000412233222122,,bb40a192,,,,,,,,56,0,9,bb40a192,7680,31967,,323221433234324141442443144224124232322112444234323141134131313121232144341231441342323111,BABAACDBBABDBADCDCDDADDBCDDAADCADABABAACCADDDABDBABCDCCBDCBCBCBCACABACDDBDCABCDDCBDABABCCC,ABABACBDABBDABCDCDDDADBDCDADADACADABABACACDDADBDABBCCDBCCDBCBCBCACABACDDBDACBCDDBCADABBCCC,,,9,31967,,,,,,,,,,,,,,31,11,11,000000000000212400000000124420000007341330000000341000000000343000000000,,00062141,,,,,,,,55,10,0,9,9,62141,,3232214332343241414424431442241242323221124442343231411341313121232144341231441342323111,BABAACDBBABDBADCDCDDADDBCDDAADCADABABAACCADDDABDBABCDCCBDCBCBCACABACDDBDCABCDDCBDABABCCC,ABABACBDABBDABCDCDDDADBDCDADADACADABABACACDDADBDABBCCDBCCDBCBCACABACDDBDACBCDDBCADABBCCC,,,9,62141,,,,,,,,,,,,,
100070,112,,,,,,,,,,11,11,233320000000232000000000121440000007414240000000414424400000412233222122,,bb40a192,,,,,,,,56,0,9,bb40a192,7680,31967,,323221433234324141442443144224124232322112444234323141134131313121232144341231441342323111,BABAACDBBABDBADCDCDDADDBCDDAADCADABABAACCADDDABDBABCDCCBDCBCBCBCACABACDDBDCABCDDCBDABABCCC,ABABACBDABBDABCDCDDDADBDCDADADACADABABACACDDADBDABBCCDBCCDBCBCBCACABACDDBDACBCDDBCADABBCCC,,,9,31967,,,,,,,,,,,,,,11,11,13,000000000000212400000000124420000007341330000000341310000000343000000000,,00062151,,,,,,,,56,11,0,10,10,62151,,323221433234324141442443144224124232322112444234323141134131312123214434123144134232311111,BABAACDBBABDBADCDCDDADDBCDDAADCADABABAACCADDDABDBABCDCCBDCBCBCACABACDDBDCABCDDCBDABABCCCCC,ABABACBDABBDABCDCDDDADBDCDADADACADABABACACDDADBDABBCCDBCCDBCBCACABACDDBDACBCDDBCADABBCCCCC,,,9,62151,,,,,,,,,,,,,
100072,113,,,,,,,,,,11,11,220000000000220000000000121440000007414240000000414424400000412233222122,,bb50a226,,,,,,,,57,0,10,bb50a226,11300,43267,,323221433234324141442443144224124232322112444234323141134131313121232144341231441342323111,BABAACDBBABDBADCDCDDADDBCDDAADCADABABAACCADDDABDBABCDCCBDCBCBCBCACABACDDBDCABCDDCBDABABCCC,ABABACBDABBDABCDCDDDADBDCDADADACADABABACACDDADBDABBCCDBCCDBCBCBCACABACDDBDACBCDDBCADABBCCC,,,9,43267,,,,,,,,,,,,,,11,11,13,000000000000212400000000124420000007341330000000341310000000343000000000,,00062151,,,,,,,,56,11,0,10,10,62151,,323221433234324141442443144224124232322112444234323141134131312123214434123144134232311111,BABAACDBBABDBADCDCDDADDBCDDAADCADABABAACCADDDABDBABCDCCBDCBCBCACABACDDBDCABCDDCBDABABCCCCC,ABABACBDABBDABCDCDDDADBDCDADADACADABABACACDDADBDABBCCDBCCDBCBCACABACDDBDACBCDDBCADABBCCCCC,,,9,62151,,,,,,,,,,,,,
100112,114,,,,,,,,,,11,11,220000000000220000000000121440000007414240000000414424400000412233222122,,bb50a226,,,,,,,,57,0,10,bb50a226,11300,43267,,323221433234324141442443144224124232322112444234323141134131313121232144341231441342323111,BABAACDBBABDBADCDCDDADDBCDDAADCADABABAACCADDDABDBABCDCCBDCBCBCBCACABACDDBDCABCDDCBDABABCCC,ABABACBDABBDABCDCDDDADBDCDADADACADABABACACDDADBDABBCCDBCCDBCBCBCACABACDDBDACBCDDBCADABBCCC,,,9,43267,,,,,,,,,,,,,,11,13,22,000000000000212411000000124420000007341330000000341310000000343000000000,,00062159,,,,,,,,57,12,0,8,8,62159,,32322143323432414144244314422412423232211244423432314113413131212321443412314413423231111113,BABAACDBBABDBADCDCDDADDBCDDAADCADABABAACCADDDABDBABCDCCBDCBCBCACABACDDBDCABCDDCBDABABCCCCCCB,ABABACBDABBDABCDCDDDADBDCDADADACADABABACACDDADBDABBCCDBCCDBCBCACABACDDBDACBCDDBCADABBCCCCCBC,,,9,62159,,,,,,,,,,,,,
100151,115,,,,,,,,,,11,11,000000000000000000000000114400000007414240000000414424400000412233222122,,b100a263,,,,,,,,58,0,11,b100a263,26300,69567,,323221433234324141442443144224124232322112444234323141134131313121232144341231441342323111,BABAACDBBABDBADCDCDDADDBCDDAADCADABABAACCADDDABDBABCDCCBDCBCBCBCACABACDDBDCABCDDCBDABABCCC,ABABACBDABBDABCDCDDDADBDCDADADACADABABACACDDADBDABBCCDBCCDBCBCBCACABACDDBDACBCDDBCADABBCCC,,,9,69567,,,,,,,,,,,,,,11,13,22,000000000000212411000000124420000007341330000000341310000000343000000000,,00062159,,,,,,,,57,12,0,8,8,62159,,32322143323432414144244314422412423232211244423432314113413131212321443412314413423231111113,BABAACDBBABDBADCDCDDADDBCDDAADCADABABAACCADDDABDBABCDCCBDCBCBCACABACDDBDCABCDDCBDABABCCCCCCB,ABABACBDABBDABCDCDDDADBDCDADADACADABABACACDDADBDABBCCDBCCDBCBCACABACDDBDACBCDDBCADABBCCCCCBC,,,9,62159,,,,,,,,,,,,,
100161,116,,,,,,,,,,11,11,000000000000000000000000114400000007414240000000414424400000412233222122,,b100a263,,,,,,,,58,0,11,b100a263,26300,69567,,323221433234324141442443144224124232322112444234323141134131313121232144341231441342323111,BABAACDBBABDBADCDCDDADDBCDDAADCADABABAACCADDDABDBABCDCCBDCBCBCBCACABACDDBDCABCDDCBDABABCCC,ABABACBDABBDABCDCDDDADBDCDADADACADABABACACDDADBDABBCCDBCCDBCBCBCACABACDDBDACBCDDBCADABBCCC,,,9,69567,,,,,,,,,,,,,,13,22,11,000000000000212411000000124420000007341330000000341310000000343110000000,,00062168,,,,,,,,58,13,0,9,9,62168,,3232214332343241414424431442241242323221124442343231411341313121232144341231441342323111111322,BABAACDBBABDBADCDCDDADDBCDDAADCADABABAACCADDDABDBABCDCCBDCBCBCACABACDDBDCABCDDCBDABABCCCCCCBAA,ABABACBDABBDABCDCDDDADBDCDADADACADABABACACDDADBDABBCCDBCCDBCBCACABACDDBDACBCDDBCADABBCCCCCBCAA,,,9,62168,,,,,,,,,,,,,
100219,117,,,,,,,,,,11,11,000000000000000000000000114400000007414240000000414424400000412233222122,,b100a263,,,,,,,,58,0,11,b100a263,26300,69567,,323221433234324141442443144224124232322112444234323141134131313121232144341231441342323111,BABAACDBBABDBADCDCDDADDBCDDAADCADABABAACCADDDABDBABCDCCBDCBCBCBCACABACDDBDCABCDDCBDABABCCC,ABABACBDABBDABCDCDDDADBDCDADADACADABABACACDDADBDABBCCDBCCDBCBCBCACABACDDBDACBCDDBCADABBCCC,,,9,69567,,,,,,,,,,,,,,22,11,43,000000000000212411100000124423000007341330000000341310000000343110000000,,00062175,,,,,,,,59,14,0,7,7,62175,,323221433234324141442443144224124232322112444234323141134131312123214434123144134232311111132211,BABAACDBBABDBADCDCDDADDBCDDAADCADABABAACCADDDABDBABCDCCBDCBCBCACABACDDBDCABCDDCBDABABCCCCCCBAACC,ABABACBDABBDABCDCDDDADBDCDADADACADABABACACDDADBDABBCCDBCCDBCBCACABACDDBDACBCDDBCADABBCCCCCBCAACC,,,9,62175,,,,,,,,,,,,,
100238,118,,,,,,,,,,11,11,000000000000000000000000000000000007424000000000424400000000422332221220,,bb40a288,,,,,,,,59,0,12,bb40a288,11520,81087,,323221433234324141442443144224124232322112444234323141134131313121232144341231441342323111,BABAACDBBABDBADCDCDDADDBCDDAADCADABABAACCADDDABDBABCDCCBDCBCBCBCACABACDDBDCABCDDCBDABABCCC,ABABACBDABBDABCDCDDDADBDCDADADACADABABACACDDADBDABBCCDBCCDBCBCBCACABACDDBDACBCDDBCADABBCCC,,,9,81087,,,,,,,,,,,,,,22,11,43,000000000000212411100000124423000007341330000000341310000000343110000000,,00062175,,,,,,,,59,14,0,7,7,62175,,323221433234324141442443144224124232322112444234323141134131312123214434123144134232311111132211,BABAACDBBABDBADCDCDDADDBCDDAADCADABABAACCADDDABDBABCDCCBDCBCBCACABACDDBDCABCDDCBDABABCCCCCCBAACC,ABABACBDABBDABCDCDDDADBDCDADADACADABABACACDDADBDABBCCDBCCDBCBCACABACDDBDACBCDDBCADABBCCCCCBCAACC,,,9,62175,,,,,,,,,,,,,
100261,119,,,,,,,,,,11,11,000000000000000000000000000000000007424000000000424400000000422332221220,,bb40a288,,,,,,,,59,0,12,bb40a288,11520,81087,,323221433234324141442443144224124232322112444234323141134131313121232144341231441342323111,BABAACDBBABDBADCDCDDADDBCDDAADCADABABAACCADDDABDBABCDCCBDCBCBCBCACABACDDBDCABCDDCBDABABCCC,ABABACBDABBDABCDCDDDADBDCDADADACADABABACACDDADBDABBCCDBCCDBCBCBCACABACDDBDACBCDDBCADABBCCC,,,9,81087,,,,,,,,,,,,,,11,43,33,000000000000212411100000124423000007341332000000341312000000343110000000,,00062183,,,,,,,,60,15,0,8,8,62183,,32322143323432414144244314422412423232211244423432314113413131212321443412314413423231111113221143,BABAACDBBABDBADCDCDDADDBCDDAADCADABABAACCADDDABDBABCDCCBDCBCBCACABACDDBDCABCDDCBDABABCCCCCCBAACCDB,ABABACBDABBDABCDCDDDADBDCDADADACADABABACACDDADBDABBCCDBCCDBCBCACABACDDBDACBCDDBCADABBCCCCCBCAACCBD,,,9,62183,,,,,,,,,,,,,
100302,120,,,,,,,,,,11,11,000000000000000000000000000000000007424000000000424400000000422332221220,,bb40a288,,,,,,,,59,0,12,bb40a288,11520,81087,,323221433234324141442443144224124232322112444234323141134131313121232144341231441342323111,BABAACDBBABDBADCDCDDADDBCDDAADCADABABAACCADDDABDBABCDCCBDCBCBCBCACABACDDBDCABCDDCBDABABCCC,ABABACBDABBDABCDCDDDADBDCDADADACADABABACACDDADBDABBCCDBCCDBCBCBCACABACDDBDACBCDDBCADABBCCC,,,9,81087,,,,,,,,,,,,,,43,33,24,000000000000212411100000124423000007341332000000341312110000343110000000,,00062189,,,,,,,,61,16,0,6,6,62189,,3232214332343241414424431442241242323221124442343231411341313121232144341231441342323111111322114333,BABAACDBBABDBADCDCDDADDBCDDAADCADABABAACCADDDABDBABCDCCBDCBCBCACABACDDBDCABCDDCBDABABCCCCCCBAACCDBBB,ABABACBDABBDABCDCDDDADBDCDADADACADABABACACDDADBDABBCCDBCCDBCBCACABACDDBDACBCDDBCADABBCCCCCBCAACCBDBB,,,9,62189,,,,,,,,,,,,,
100318,121,,,,,,,,,,11,11,000000000000000000000000000000000007440000000000444000000000433222122000,,bb60a323,,,,,,,,60,0,13,bb60a323,19380,100467,,323221433234324141442443144224124232322112444234323141134131313121232144341231441342323111,BABAACDBBABDBADCDCDDADDBCDDAADCADABABAACCADDDABDBABCDCCBDCBCBCBCACABACDDBDCABCDDCBDABABCCC,ABABACBDABBDABCDCDDDADBDCDADADACADABABACACDDADBDABBCCDBCCDBCBCBCACABACDDBDACBCDDBCADABBCCC,,,9,100467,,,,,,,,,,R_T1_GTR03_41100001,,,,43,33,24,000000000000212411100000124423000007341332000000341312110000343110000000,,00062189,,,,,,,,61,16,0,6,6,62189,,3232214332343241414424431442241242323221124442343231411341313121232144341231441342323111111322114333,BABAACDBBABDBADCDCDDADDBCDDAADCADABABAACCADDDABDBABCDCCBDCBCBCACABACDDBDCABCDDCBDABABCCCCCCBAACCDBBB,ABABACBDABBDABCDCDDDADBDCDADADACADABABACACDDADBDABBCCDBCCDBCBCACABACDDBDACBCDDBCADABBCCCCCBCAACCBDBB,,,9,62189,,,,,,,,,,,,,
100341,122,,,,,,,,,,11,11,000000000000000000000000000000000007440000000000444000000000433222122000,,bb60a323,,,,,,,,60,0,13,bb60a323,19380,100467,,323221433234324141442443144224124232322112444234323141134131313121232144341231441342323111,BABAACDBBABDBADCDCDDADDBCDDAADCADABABAACCADDDABDBABCDCCBDCBCBCBCACABACDDBDCABCDDCBDABABCCC,ABABACBDABBDABCDCDDDADBDCDADADACADABABACACDDADBDABBCCDBCCDBCBCBCACABACDDBDACBCDDBCADABBCCC,,,9,100467,,,,,,,,,,R_T1_GTR03_41100001,,,,33,24,22,000000000000212411100000124423000007341332430000341312110000343110000000,,00062196,,,,,,,,62,17,0,7,7,62196,,323221433234324141442443144224124232322112444234323141134131312123214434123144134232311111132211433324,BABAACDBBABDBADCDCDDADDBCDDAADCADABABAACCADDDABDBABCDCCBDCBCBCACABACDDBDCABCDDCBDABABCCCCCCBAACCDBBBAD,ABABACBDABBDABCDCDDDADBDCDADADACADABABACACDDADBDABBCCDBCCDBCBCACABACDDBDACBCDDBCADABBCCCCCBCAACCBDBBAD,,,9,62196,,,,,,,,,,,,,
100375,123,,,,,,,,,,11,11,000000000000000000000000000000000007440000000000444000000000433222122000,,bb60a323,,,,,,,,60,0,13,bb60a323,19380,100467,,323221433234324141442443144224124232322112444234323141134131313121232144341231441342323111,BABAACDBBABDBADCDCDDADDBCDDAADCADABABAACCADDDABDBABCDCCBDCBCBCBCACABACDDBDCABCDDCBDABABCCC,ABABACBDABBDABCDCDDDADBDCDADADACADABABACACDDADBDABBCCDBCCDBCBCBCACABACDDBDACBCDDBCADABBCCC,,,9,100467,,,,,,,,,,R_T1_GTR03_41100001,,,,24,22,43,000000000000212411100000124423000007341332433300341312110000343110000000,,00062200,,,,,,,,63,18,0,4,4,62200,,32322143323432414144244314422412423232211244423432314113413131212321443412314413423231111113221143332422,BABAACDBBABDBADCDCDDADDBCDDAADCADABABAACCADDDABDBABCDCCBDCBCBCACABACDDBDCABCDDCBDABABCCCCCCBAACCDBBBADAA,ABABACBDABBDABCDCDDDADBDCDADADACADABABACACDDADBDABBCCDBCCDBCBCACABACDDBDACBCDDBCADABBCCCCCBCAACCBDBBADAA,,,9,62200,,,,,,,,,,,,,
100409,124,,,,,,,,,11,11,13,000000000000000000000000000000000007000000000000000000000000332221220000,,00100469,,,,,,,,61,1,0,2,2,100469,,32322143323432414144244314422412423232211244423432314113413131312123214434123144134232311111,BABAACDBBABDBADCDCDDADDBCDDAADCADABABAACCADDDABDBABCDCCBDCBCBCBCACABACDDBDCABCDDCBDABABCCCCC,ABABACBDABBDABCDCDDDADBDCDADADACADABABACACDDADBDABBCCDBCCDBCBCBCACABACDDBDACBCDDBCADABBCCCCC,,,9,100469,,,,,,,,,,,,,,24,22,43,000000000000212411100000124423000007341332433300341312110000343110000000,,00062200,,,,,,,,63,18,0,4,4,62200,,32322143323432414144244314422412423232211244423432314113413131212321443412314413423231111113221143332422,BABAACDBBABDBADCDCDDADDBCDDAADCADABABAACCADDDABDBABCDCCBDCBCBCACABACDDBDCABCDDCBDABABCCCCCCBAACCDBBBADAA,ABABACBDABBDABCDCDDDADBDCDADADACADABABACACDDADBDABBCCDBCCDBCBCACABACDDBDACBCDDBCADABBCCCCCBCAACCBDBBADAA,,,9,62200,,,,,,,,,,,,,
100447,125,,,,,,,,,11,13,22,000000000000000000000000000000000007000000000000000000000000332221221100,,00100473,,,,,,,,62,2,0,4,4,100473,,3232214332343241414424431442241242323221124442343231411341313131212321443412314413423231111113,BABAACDBBABDBADCDCDDADDBCDDAADCADABABAACCADDDABDBABCDCCBDCBCBCBCACABACDDBDCABCDDCBDABABCCCCCCB,ABABACBDABBDABCDCDDDADBDCDADADACADABABACACDDADBDABBCCDBCCDBCBCBCACABACDDBDACBCDDBCADABBCCCCCBC,,,9,100473,,,,,,,,,,,,,,24,22,43,000000000000212411100000124423000007341332433300341312110000343110000000,,00062200,,,,,,,,63,18,0,4,4,62200,,32322143323432414144244314422412423232211244423432314113413131212321443412314413423231111113221143332422,BABAACDBBABDBADCDCDDADDBCDDAADCADABABAACCADDDABDBABCDCCBDCBCBCACABACDDBDCABCDDCBDABABCCCCCCBAACCDBBBADAA,ABABACBDABBDABCDCDDDADBDCDADADACADABABACACDDADBDABBCCDBCCDBCBCACABACDDBDACBCDDBCADABBCCCCCBCAACCBDBBADAA,,,9,62200,,,,,,,,,,,,,
100496,126,,,,,,,,,13,22,11,000000000000000000000000000000000007100000000000100000000000332221221100,,00100486,,,,,,,,63,3,0,13,13,100486,,323221433234324141442443144224124232322112444234323141134131313121232144341231441342323111111322,BABAACDBBABDBADCDCDDADDBCDDAADCADABABAACCADDDABDBABCDCCBDCBCBCBCACABACDDBDCABCDDCBDABABCCCCCCBAA,ABABACBDABBDABCDCDDDADBDCDADADACADABABACACDDADBDABBCCDBCCDBCBCBCACABACDDBDACBCDDBCADABBCCCCCBCAA,,,9,100486,,,,,,,,,,,,,,24,22,43,000000000000212411100000124423000007341332433300341312110000343110000000,,00062200,,,,,,,,63,18,0,4,4,62200,,32322143323432414144244314422412423232211244423432314113413131212321443412314413423231111113221143332422,BABAACDBBABDBADCDCDDADDBCDDAADCADABABAACCADDDABDBABCDCCBDCBCBCACABACDDBDCABCDDCBDABABCCCCCCBAACCDBBBADAA,ABABACBDABBDABCDCDDDADBDCDADADACADABABACACDDADBDABBCCDBCCDBCBCACABACDDBDACBCDDBCADABBCCCCCBCAACCBDBBADAA,,,9,62200,,,,,,,,,,,,,
100498,127,,,,,,,,,13,22,11,000000000000000000000000000000000007100000000000100000000000332221221100,,00100486,,,,,,,,63,3,0,13,13,100486,,323221433234324141442443144224124232322112444234323141134131313121232144341231441342323111111322,BABAACDBBABDBADCDCDDADDBCDDAADCADABABAACCADDDABDBABCDCCBDCBCBCBCACABACDDBDCABCDDCBDABABCCCCCCBAA,ABABACBDABBDABCDCDDDADBDCDADADACADABABACACDDADBDABBCCDBCCDBCBCBCACABACDDBDACBCDDBCADABBCCCCCBCAA,,,9,100486,,,,,,,,,,,,,,22,43,33,666660000000212411124666124423666667341332433366341312116666343116666600,,00062206,,,,,,,,64,19,0,6,6,62206,,3232214332343241414424431442241242323221124442343231411341313121232144341231441342323111111322114333242243,BABAACDBBABDBADCDCDDADDBCDDAADCADABABAACCADDDABDBABCDCCBDCBCBCACABACDDBDCABCDDCBDABABCCCCCCBAACCDBBBADAADB,ABABACBDABBDABCDCDDDADBDCDADADACADABABACACDDADBDABBCCDBCCDBCBCACABACDDBDACBCDDBCADABBCCCCCBCAACCBDBBADAABD,,,9,62206,,,,,,,,,,,,,
100547,128,,,,,,,,,22,11,43,000000000000000000000000000000000007110000000000130000000000332221221100,,00100498,,,,,,,,64,4,0,12,12,100498,,32322143323432414144244314422412423232211244423432314113413131312123214434123144134232311111132211,BABAACDBBABDBADCDCDDADDBCDDAADCADABABAACCADDDABDBABCDCCBDCBCBCBCACABACDDBDCABCDDCBDABABCCCCCCBAACC,ABABACBDABBDABCDCDDDADBDCDADADACADABABACACDDADBDABBCCDBCCDBCBCBCACABACDDBDACBCDDBCADABBCCCCCBCAACC,,,9,100498,,,,,,,,,,,,,,22,43,33,666660000000212411124666124423666667341332433366341312116666343116666600,,00062206,,,,,,,,64,19,0,6,6,62206,,3232214332343241414424431442241242323221124442343231411341313121232144341231441342323111111322114333242243,BABAACDBBABDBADCDCDDADDBCDDAADCADABABAACCADDDABDBABCDCCBDCBCBCACABACDDBDCABCDDCBDABABCCCCCCBAACCDBBBADAADB,ABABACBDABBDABCDCDDDADBDCDADADACADABABACACDDADBDABBCCDBCCDBCBCACABACDDBDACBCDDBCADABBCCCCCBCAACCBDBBADAABD,,,9,62206,,,,,,,,,,,,,
100592,130,,,,,,,,,22,11,43,000000000000000000000000000000000007110000000000130000000000332221221100,,00100498,,,,,,,,64,4,0,12,12,100498,,32322143323432414144244314422412423232211244423432314113413131312123214434123144134232311111132211,BABAACDBBABDBADCDCDDADDBCDDAADCADABABAACCADDDABDBABCDCCBDCBCBCBCACABACDDBDCABCDDCBDABABCCCCCCBAACC,ABABACBDABBDABCDCDDDADBDCDADADACADABABACACDDADBDABBCCDBCCDBCBCBCACABACDDBDACBCDDBCADABBCCCCCBCAACC,,,9,100498,,,,,,,,,,,,,,,43,33,666666666600212411124666124423666662341332433366341312116666343116666666,,00062208,,,,,lose,,,65,19,0,2,2,62208,,3232214332343241414424431442241242323221124442343231411341313121232144341231441342323111111322114333242243,BABAACDBBABDBADCDCDDADDBCDDAADCADABABAACCADDDABDBABCDCCBDCBCBCACABACDDBDCABCDDCBDABABCCCCCCBAACCDBBBADAADB,ABABACBDABBDABCDCDDDADBDCDADADACADABABACACDDADBDABBCCDBCCDBCBCACABACDDBDACBCDDBCADABBCCCCCBCAACCBDBBADAABD,,,9,62208,,,,,,,,,,,,,
100597,129,,,,,,,,,11,43,33,000000000000000000000000220000000007110000000000130000000000332221221100,,00100510,,,,,,,,65,5,0,12,12,100510,,3232214332343241414424431442241242323221124442343231411341313131212321443412314413423231111113221143,BABAACDBBABDBADCDCDDADDBCDDAADCADABABAACCADDDABDBABCDCCBDCBCBCBCACABACDDBDCABCDDCBDABABCCCCCCBAACCDB,ABABACBDABBDABCDCDDDADBDCDADADACADABABACACDDADBDABBCCDBCCDBCBCBCACABACDDBDACBCDDBCADABBCCCCCBCAACCBD,,,9,100510,,,,,,,,,,,,,,,43,33,666666666600212411124666124423666662341332433366341312116666343116666666,,00062208,,,,,lose,,,65,19,0,2,2,62208,,3232214332343241414424431442241242323221124442343231411341313121232144341231441342323111111322114333242243,BABAACDBBABDBADCDCDDADDBCDDAADCADABABAACCADDDABDBABCDCCBDCBCBCACABACDDBDCABCDDCBDABABCCCCCCBAACCDBBBADAADB,ABABACBDABBDABCDCDDDADBDCDADADACADABABACACDDADBDABBCCDBCCDBCBCACABACDDBDACBCDDBCADABBCCCCCBCAACCBDBBADAABD,,,9,62208,,,,,,,,,,,,,
100598,130,,,,,,,,,,43,33,000000000000000000000000220000000007110000000000130000000000332221221100,,00100510,,,,,win,,,66,5,0,0,0,100510,,3232214332343241414424431442241242323221124442343231411341313131212321443412314413423231111113221143,BABAACDBBABDBADCDCDDADDBCDDAADCADABABAACCADDDABDBABCDCCBDCBCBCBCACABACDDBDCABCDDCBDABABCCCCCCBAACCDB,ABABACBDABBDABCDCDDDADBDCDADADACADABABACACDDADBDABBCCDBCCDBCBCBCACABACDDBDACBCDDBCADABBCCCCCBCAACCBD,,,9,100510,,,,,,,,,,,,,,,43,33,666666666600212411124666124423666662341332433366341312116666343116666666,,00062208,,,,,lose,,,65,19,0,2,2,62208,,3232214332343241414424431442241242323221124442343231411341313121232144341231441342323111111322114333242243,BABAACDBBABDBADCDCDDADDBCDDAADCADABABAACCADDDABDBABCDCCBDCBCBCACABACDDBDCABCDDCBDABABCCCCCCBAACCDBBBADAADB,ABABACBDABBDABCDCDDDADBDCDADADACADABABACACDDADBDABBCCDBCCDBCBCACABACDDBDACBCDDBCADABBCCCCCBCAACCBDBBADAABD,,,9,62208,,,,,,,,,,,,,
