100849,0,,,,,,,,,,24,22,000000000000000000000000000000000007000000000000000000000000000000000000,000000,00000000,,,,,,,,0,0,0,0,0,0,,24,AB,AB,,,0,0,,,,,,,,,,,,,,,24,22,000000000000000000000000000000000007000000000000000000000000000000000000,000000,00000000,,,,,,,,0,0,0,0,0,0,,24,AB,AB,,,0,0,,,,,,,,,,,,,
100998,2,,,,,,,,,24,22,22,000000000000000000000000000000000007000000000000000000000000000000000000,,00000000,,,,,,,,1,1,0,0,0,0,,2422,ABAA,ABAA,,,0,0,,,,,,,,,,,,,,24,22,22,000000000000000000000000000000000007000000000000000000000000000000000000,,00000000,,,,,,,,1,1,0,0,0,0,,2422,ABAA,ABAA,,,0,0,,,,,,,,,,,,,
101047,4,,,,,,,,,22,22,44,000000000000000000000000420000000007000000000000000000000000000000000000,,00000012,,,,,,,,2,2,0,12,12,12,,242222,ABAAAA,ABAAAA,,,0,12,,,,,,,,,,,,,,22,22,44,000000000000000000000000420000000007000000000000000000000000000000000000,,00000012,,,,,,,,2,2,0,12,12,12,,242222,ABAAAA,ABAAAA,,,0,12,,,,,,,,,,,,,
101099,6,,,,,,,,,22,44,11,200000000000200000000000420000000007000000000000000000000000000000000000,,00000025,,,,,,,,3,3,0,13,13,25,,24222244,ABAAAABB,ABAAAABB,,,0,25,,,,,,,,,,,,,,22,44,11,000000000000000000000000420000000007200000000000200000000000000000000000,,00000025,,,,,,,,3,3,0,13,13,25,,24222244,ABAAAABB,ABAAAABB,,,0,25,,,,,,,,,,,,,
101151,8,,,,,,,,,44,11,22,200000000000200000000000420000000007200000000000200000000000000000000000,,00000038,,,,,,,,4,4,0,13,13,38,,2422224411,ABAAAABBCC,ABAAAABBCC,,,0,38,,,,,,,,,,L_T1_GTR03_51000001,,,,44,11,22,200000000000200000000000420000000007200000000000200000000000000000000000,,00000038,,,,,,,,4,4,0,13,13,38,,2422224411,ABAAAABBCC,ABAAAABBCC,,,0,38,,,,,,,,,,L_T1_GTR03_51000001,,,
101202,10,,,,,,,,,11,22,21,200000000000200000000000420000000007240000000000240000000000000000000000,,00000050,,,,,,,,5,5,0,12,12,50,,242222441122,ABAAAABBCCAA,ABAAAABBCCAA,,,0,50,,,,,,,,,,L_T1_GTR03_51000001,,,,11,22,21,200000000000200000000000420000000007240000000000240000000000000000000000,,00000050,,,,,,,,5,5,0,12,12,50,,242222441122,ABAAAABBCCAA,ABAAAABBCCAA,,,0,50,,,,,,,,,,L_T1_GTR03_51000001,,,
101251,12,,,,,,,,,22,21,45,210000000000210000000000420000000007240000000000240000000000000000000000,,00000062,,,,,,,,6,6,0,12,12,62,,24222244112221,ABAAAABBCCAAAC,ABAAAABBCCAAAC,,,0,62,,,,,,,,,,L_T1_GTR03_51000001,,,,22,21,45,210000000000210000000000420000000007240000000000240000000000000000000000,,00000062,,,,,,,,6,6,0,12,12,62,,24222244112221,ABAAAABBCCAAAC,ABAAAABBCCAAAC,,,0,62,,,,,,,,,,L_T1_GTR03_51000001,,,
101326,14,,,,,,,,,21,45,12,210000000000210000000000420000000007240000000000242000000000200000000000,,00000073,,,,,,,,7,7,0,11,11,73,,2422224411222145,ABAAAABBCCAAACBD,ABAAAABBCCAAACBD,,,0,73,,,,,,,,,,,,,,21,45,12,210000000000210000000000420000000007240000000000242000000000200000000000,,00000073,,,,,,,,7,7,0,11,11,73,,2422224411222145,ABAAAABBCCAAACBD,ABAAAABBCCAAACBD,,,0,73,,,,,,,,,,,,,
101373,16,,,,,,,,,45,12,55,211000000000212000000000420000000007240000000000242000000000200000000000,,00000084,,,,,,,,8,8,0,11,11,84,,242222441122214512,ABAAAABBCCAAACBDCA,ABAAAABBCCAAACBDAC,,,0,84,,,,,L_T1_GTR___standard,,,,,L_T1_GTR03_33000001,,,,45,12,55,211000000000212000000000420000000007240000000000242000000000200000000000,,00000084,,,,,,,,8,8,0,11,11,84,,242222441122214512,ABAAAABBCCAAACBDCA,ABAAAABBCCAAACBDAC,,,0,84,,,,,L_T1_GTR___standard,,,,,L_T1_GTR03_33000001,,,
101419,18,,,,,,,,,12,55,44,211000000000212000000000424000000007245000000000242000000000200000000000,,00000095,,,,,,,,9,9,0,11,11,95,,24222244112221451255,ABAAAABBCCAAACBDCADD,ABAAAABBCCAAACBDACDD,,,0,95,,,,,L_T1_GTR___standard,,,,,L_T1_GTR03_33000001,,,,12,55,44,211000000000212000000000424500000007240000000000242000000000200000000000,,00000095,,,,,,,,9,9,0,11,11,95,,24222244112221451255,ABAAAABBCCAAACBDCADD,ABAAAABBCCAAACBDACDD,,,0,95,,,,,L_T1_GTR___standard,,,,,L_T1_GTR03_33000001,,,
101462,19,,,,,,,,,55,44,42,211000000000212000000000424200000007245100000000242000000000200000000000,,00000105,,,,,,,,10,10,0,10,10,105,,2422224411222145125544,ABAAAABBCCAAACBDCADDBB,ABAAAABBCCAAACBDACDDBB,,,0,105,,,,,L_T1_GTR___standard,,,,,L_T1_GTR03_33000001,,,,12,55,44,211000000000212000000000424500000007240000000000242000000000200000000000,,00000095,,,,,,,,9,9,0,11,11,95,,24222244112221451255,ABAAAABBCCAAACBDCADD,ABAAAABBCCAAACBDACDD,,,0,95,,,,,L_T1_GTR___standard,,,,,L_T1_GTR03_33000001,,,
101466,20,,,,,,,,,55,44,42,211000000000212000000000424200000007245100000000242000000000200000000000,,00000105,,,,,,,,10,10,0,10,10,105,,2422224411222145125544,ABAAAABBCCAAACBDCADDBB,ABAAAABBCCAAACBDACDDBB,,,0,105,,,,,L_T1_GTR___standard,,,,,L_T1_GTR03_33000001,,,,55,44,42,211000000000212000000000424500000007241200000000242000000000200000000000,,00000106,,,,,,,,10,10,0,11,11,106,,2422224411222145125544,ABAAAABBCCAAACBDCADDBB,ABAAAABBCCAAACBDACDDBB,,,0,106,,,,,L_T1_GTR___standard,,,,,L_T1_GTR03_33000001,,,
101513,21,,,,,,,,,55,44,42,211000000000212000000000424200000007245100000000242000000000200000000000,,00000105,,,,,,,,10,10,0,10,10,105,,2422224411222145125544,ABAAAABBCCAAACBDCADDBB,ABAAAABBCCAAACBDACDDBB,,,0,105,,,,,L_T1_GTR___standard,,,,,L_T1_GTR03_33000001,,,,44,42,51,211500000000212500000000424500000007241200000000242000000000200000000000,,00000116,,,,,,,,11,11,0,10,10,116,,242222441122214512554442,ABAAAABBCCAAACBDCADDBBBA,ABAAAABBCCAAACBDACDDBBAB,,,0,116,,,,,L_T1_GTR___standard/L_T1_GTR___zabuton_,,,,,L_T1_GTR03_33000001,,,
101515,22,,,,,,,,,44,42,51,211000000000212000000000424200000007245100000000242000000000255000000000,,00000116,,,,,,,,11,11,0,11,11,116,,242222441122214512554442,ABAAAABBCCAAACBDCADDBBBA,ABAAAABBCCAAACBDACDDBBAB,,,0,116,,,,,L_T1_GTR___standard,,,,,L_T1_GTR03_33000001,,,,44,42,51,211500000000212500000000424500000007241200000000242000000000200000000000,,00000116,,,,,,,,11,11,0,10,10,116,,242222441122214512554442,ABAAAABBCCAAACBDCADDBBBA,ABAAAABBCCAAACBDACDDBBAB,,,0,116,,,,,L_T1_GTR___standard/L_T1_GTR___zabuton_,,,,,L_T1_GTR03_33000001,,,
101556,23,,,,,,,,,44,42,51,211000000000212000000000424200000007245100000000242000000000255000000000,,00000116,,,,,,,,11,11,0,11,11,116,,242222441122214512554442,ABAAAABBCCAAACBDCADDBBBA,ABAAAABBCCAAACBDACDDBBAB,,,0,116,,,,,L_T1_GTR___standard,,,,,L_T1_GTR03_33000001,,,,42,51,42,211540000000212540000000424500000007241200000000242000000000200000000000,,00000125,,,,,,,,12,12,0,9,9,125,,24222244112221451255444251,ABAAAABBCCAAACBDCADDBBBADC,ABAAAABBCCAAACBDACDDBBABCD,,,0,125,,,,,L_T1_GTR___standard/L_T1_GTR___zabuton_,,,,,L_T1_GTR03_33000001,,,
101560,24,,,,,,,,,42,51,42,211400000000212400000000424200000007245100000000242000000000255000000000,,00000126,,,,,,,,12,12,0,10,10,126,,24222244112221451255444251,ABAAAABBCCAAACBDCADDBBBADC,ABAAAABBCCAAACBDACDDBBABCD,,,0,126,,,,,L_T1_GTR___standard,,,,,L_T1_GTR03_33000001,,,,42,51,42,211540000000212540000000424500000007241200000000242000000000200000000000,,00000125,,,,,,,,12,12,0,9,9,125,,24222244112221451255444251,ABAAAABBCCAAACBDCADDBBBADC,ABAAAABBCCAAACBDACDDBBABCD,,,0,125,,,,,L_T1_GTR___standard/L_T1_GTR___zabuton_,,,,,L_T1_GTR03_33000001,,,
101609,25,,,,,,,,,51,42,11,211440000000212420000000424200000007245100000000242000000000255000000000,,00000135,,,,,,,,13,13,0,9,9,135,,2422224411222145125544425142,ABAAAABBCCAAACBDCADDBBBADCBA,ABAAAABBCCAAACBDACDDBBABCDAB,,,0,135,,,,,L_T1_GTR___standard,,,,,L_T1_GTR03_33000001,,,,42,51,42,211540000000212540000000424500000007241200000000242000000000200000000000,,00000125,,,,,,,,12,12,0,9,9,125,,24222244112221451255444251,ABAAAABBCCAAACBDCADDBBBADC,ABAAAABBCCAAACBDACDDBBABCD,,,0,125,,,,,L_T1_GTR___standard/L_T1_GTR___zabuton_,,,,,L_T1_GTR03_33000001,,,
101613,26,,,,,,,,,51,42,11,211440000000212420000000424200000007245100000000242000000000255000000000,,00000135,,,,,,,,13,13,0,9,9,135,,2422224411222145125544425142,ABAAAABBCCAAACBDCADDBBBADCBA,ABAAAABBCCAAACBDACDDBBABCDAB,,,0,135,,,,,L_T1_GTR___standard,,,,,L_T1_GTR03_33000001,,,,51,42,11,211540000000212540000000424500000007241200000000242000000000242000000000,,00000137,,,,,,,,13,13,0,12,12,137,,2422224411222145125544425142,ABAAAABBCCAAACBDCADDBBBADCBA,ABAAAABBCCAAACBDACDDBBABCDAB,,,0,137,,,,,L_T1_GTR___standard/L_T1_GTR___zabuton_,,,,,L_T1_GTR03_33000001,,,
101654,27,,,,,,,,,51,42,11,211440000000212420000000424200000007245100000000242000000000255000000000,,00000135,,,,,,,,13,13,0,9,9,135,,2422224411222145125544425142,ABAAAABBCCAAACBDCADDBBBADCBA,ABAAAABBCCAAACBDACDDBBABCDAB,,,0,135,,,,,L_T1_GTR___standard,,,,,L_T1_GTR03_33000001,,,,42,11,11,211545100000212540000000424500000007241200000000242000000000242000000000,,00000145,,,,,,,,14,14,0,8,8,145,,242222441122214512554442514211,ABAAAABBCCAAACBDCADDBBBADCBACC,ABAAAABBCCAAACBDACDDBBABCDABCC,,,0,145,,,,,L_T1_GTR___standard/L_T1_GTR___zabuton_,,,,,L_T1_GTR03_33000001,,,
101656,28,,,,,,,,,42,11,11,211440000000212420000000424200000007245100000000242500000000255100000000,,00000145,,,,,,,,14,14,0,10,10,145,,242222441122214512554442514211,ABAAAABBCCAAACBDCADDBBBADCBACC,ABAAAABBCCAAACBDACDDBBABCDABCC,,,0,145,,,,,L_T1_GTR___standard,,,,,L_T1_GTR03_33000001/R_T1_GTR03_22110002,,,,42,11,11,211545100000212540000000424500000007241200000000242000000000242000000000,,00000145,,,,,,,,14,14,0,8,8,145,,242222441122214512554442514211,ABAAAABBCCAAACBDCADDBBBADCBACC,ABAAAABBCCAAACBDACDDBBABCDABCC,,,0,145,,,,,L_T1_GTR___standard/L_T1_GTR___zabuton_,,,,,L_T1_GTR03_33000001,,,
101699,30,,,,,,,,,11,11,14,211440000000212422400000424200000007245100000000242500000000255100000000,,00000152,,,,,,,,15,15,0,7,7,152,,24222244112221451255444251421111,ABAAAABBCCAAACBDCADDBBBADCBACCCC,ABAAAABBCCAAACBDACDDBBABCDABCCCC,,,0,152,,,,,L_T1_GTR___standard,,,,,L_T1_GTR03_33000001/R_T1_GTR03_22110002,,,,11,11,14,211545100000212540000000424540000007241220000000242000000000242000000000,,00000154,,,,,,,,15,15,0,9,9,154,,24222244112221451255444251421111,ABAAAABBCCAAACBDCADDBBBADCBACCCC,ABAAAABBCCAAACBDACDDBBABCDABCCCC,,,0,154,,,,,L_T1_GTR___standard/L_T1_GTR___zabuton_,,,,,L_T1_GTR03_33000001,,,
101745,31,,,,,,,,,11,14,22,211440000000212422400000424200000007245100000000242510000000255110000000,,00000161,,,,,,,,16,16,0,9,9,161,,2422224411222145125544425142111114,ABAAAABBCCAAACBDCADDBBBADCBACCCCCB,ABAAAABBCCAAACBDACDDBBABCDABCCCCBC,,,0,161,,,,,L_T1_GTR___standard,,,,,L_T1_GTR03_33000001,,,,11,11,14,211545100000212540000000424540000007241220000000242000000000242000000000,,00000154,,,,,,,,15,15,0,9,9,154,,24222244112221451255444251421111,ABAAAABBCCAAACBDCADDBBBADCBACCCC,ABAAAABBCCAAACBDACDDBBABCDABCCCC,,,0,154,,,,,L_T1_GTR___standard/L_T1_GTR___zabuton_,,,,,L_T1_GTR03_33000001,,,
101746,32,,,,,,,,,11,14,22,211440000000212422400000424200000007245100000000242510000000255110000000,,00000161,,,,,,,,16,16,0,9,9,161,,2422224411222145125544425142111114,ABAAAABBCCAAACBDCADDBBBADCBACCCCCB,ABAAAABBCCAAACBDACDDBBABCDABCCCCBC,,,0,161,,,,,L_T1_GTR___standard,,,,,L_T1_GTR03_33000001,,,,11,14,22,211545100000212540000000424540000007241220000000242100000000242100000000,,00000164,,,,,,,,16,16,0,10,10,164,,2422224411222145125544425142111114,ABAAAABBCCAAACBDCADDBBBADCBACCCCCB,ABAAAABBCCAAACBDACDDBBABCDABCCCCBC,,,0,164,,,,,L_T1_GTR___standard/L_T1_GTR___zabuton_,,,,,L_T1_GTR03_33000001,,,
101784,33,,,,,,,,,14,22,51,211440000000212422400000424211000007245100000000242510000000255110000000,,00000169,,,,,,,,17,17,0,8,8,169,,242222441122214512554442514211111422,ABAAAABBCCAAACBDCADDBBBADCBACCCCCBAA,ABAAAABBCCAAACBDACDDBBABCDABCCCCBCAA,,,0,169,,,,,L_T1_GTR___standard,,,,,L_T1_GTR03_33000001,,,,11,14,22,211545100000212540000000424540000007241220000000242100000000242100000000,,00000164,,,,,,,,16,16,0,10,10,164,,2422224411222145125544425142111114,ABAAAABBCCAAACBDCADDBBBADCBACCCCCB,ABAAAABBCCAAACBDACDDBBABCDABCCCCBC,,,0,164,,,,,L_T1_GTR___standard/L_T1_GTR___zabuton_,,,,,L_T1_GTR03_33000001,,,
101786,34,,,,,,,,,14,22,51,211440000000212422400000424211000007245100000000242510000000255110000000,,00000169,,,,,,,,17,17,0,8,8,169,,242222441122214512554442514211111422,ABAAAABBCCAAACBDCADDBBBADCBACCCCCBAA,ABAAAABBCCAAACBDACDDBBABCDABCCCCBCAA,,,0,169,,,,,L_T1_GTR___standard,,,,,L_T1_GTR03_33000001,,,,14,22,51,211545100000212540000000424541000007241221000000242100000000242100000000,,00000172,,,,,,,,17,17,0,8,8,172,,242222441122214512554442514211111422,ABAAAABBCCAAACBDCADDBBBADCBACCCCCBAA,ABAAAABBCCAAACBDACDDBBABCDABCCCCBCAA,,,0,172,,,,,L_T1_GTR___standard/L_T1_GTR___zabuton_,,,,,L_T1_GTR03_33000001,,,
101828,35,,,,,,,,,22,51,52,211440000000212422400000424211000007245141000000242510000000255110000000,,00000177,,,,,,,,18,18,0,8,8,177,,24222244112221451255444251421111142251,ABAAAABBCCAAACBDCADDBBBADCBACCCCCBAADC,ABAAAABBCCAAACBDACDDBBABCDABCCCCBCAACD,,,0,177,,,,,L_T1_GTR___standard,,,,,L_T1_GTR03_33000001,,,,14,22,51,211545100000212540000000424541000007241221000000242100000000242100000000,,00000172,,,,,,,,17,17,0,8,8,172,,242222441122214512554442514211111422,ABAAAABBCCAAACBDCADDBBBADCBACCCCCBAA,ABAAAABBCCAAACBDACDDBBABCDABCCCCBCAA,,,0,172,,,,,L_T1_GTR___standard/L_T1_GTR___zabuton_,,,,,L_T1_GTR03_33000001,,,
101831,36,,,,,,,,,22,51,52,211440000000212422400000424211000007245141000000242510000000255110000000,,00000177,,,,,,,,18,18,0,8,8,177,,24222244112221451255444251421111142251,ABAAAABBCCAAACBDCADDBBBADCBACCCCCBAADC,ABAAAABBCCAAACBDACDDBBABCDABCCCCBCAACD,,,0,177,,,,,L_T1_GTR___standard,,,,,L_T1_GTR03_33000001,,,,22,51,52,211545100000212541400000424541000007241221000000242100000000242100000000,,00000180,,,,,,,,18,18,0,8,8,180,,24222244112221451255444251421111142251,ABAAAABBCCAAACBDCADDBBBADCBACCCCCBAADC,ABAAAABBCCAAACBDACDDBBABCDABCCCCBCAACD,,,0,180,,,,,L_T1_GTR___standard/L_T1_GTR___zabuton_,,,,,L_T1_GTR03_33000001,,,
101865,37,,,,,,,,,51,52,52,211440000000212422400000424211220007245141000000242510000000255110000000,,00000183,,,,,,,,19,19,0,6,6,183,,2422224411222145125544425142111114225152,ABAAAABBCCAAACBDCADDBBBADCBACCCCCBAADCDA,ABAAAABBCCAAACBDACDDBBABCDABCCCCBCAACDAD,,,0,183,,,,,L_T1_GTR___standard,,,,,L_T1_GTR03_33000001,,,,22,51,52,211545100000212541400000424541000007241221000000242100000000242100000000,,00000180,,,,,,,,18,18,0,8,8,180,,24222244112221451255444251421111142251,ABAAAABBCCAAACBDCADDBBBADCBACCCCCBAADC,ABAAAABBCCAAACBDACDDBBABCDABCCCCBCAACD,,,0,180,,,,,L_T1_GTR___standard/L_T1_GTR___zabuton_,,,,,L_T1_GTR03_33000001,,,
101874,38,,,,,,,,,51,52,52,211440000000212422400000424211220007245141000000242510000000255110000000,,00000183,,,,,,,,19,19,0,6,6,183,,2422224411222145125544425142111114225152,ABAAAABBCCAAACBDCADDBBBADCBACCCCCBAADCDA,ABAAAABBCCAAACBDACDDBBABCDABCCCCBCAACDAD,,,0,183,,,,,L_T1_GTR___standard,,,,,L_T1_GTR03_33000001,,,,51,52,52,211545100000212541400000424541000007241221000000242100000000242122000000,,00000188,,,,,,,,19,19,0,8,8,188,,2422224411222145125544425142111114225152,ABAAAABBCCAAACBDCADDBBBADCBACCCCCBAADCDA,ABAAAABBCCAAACBDACDDBBABCDABCCCCBCAACDAD,,,0,188,,,,,L_T1_GTR___standard/L_T1_GTR___zabuton_,,,,,L_T1_GTR03_33000001,,,
101905,39,,,,,,,,,52,52,11,211440000000212422400000424211220007245141510000242510000000255110000000,,00000190,,,,,,,,20,20,0,7,7,190,,242222441122214512554442514211111422515252,ABAAAABBCCAAACBDCADDBBBADCBACCCCCBAADCDADA,ABAAAABBCCAAACBDACDDBBABCDABCCCCBCAACDADAD,,,0,190,,,,,L_T1_GTR___standard,,,,,L_T1_GTR03_33000001,,,,51,52,52,211545100000212541400000424541000007241221000000242100000000242122000000,,00000188,,,,,,,,19,19,0,8,8,188,,2422224411222145125544425142111114225152,ABAAAABBCCAAACBDCADDBBBADCBACCCCCBAADCDA,ABAAAABBCCAAACBDACDDBBABCDABCCCCBCAACDAD,,,0,188,,,,,L_T1_GTR___standard/L_T1_GTR___zabuton_,,,,,L_T1_GTR03_33000001,,,
101941,40,,,,,,,,,52,52,11,211440000000212422400000424211220007245141510000242510000000255110000000,,00000190,,,,,,,,20,20,0,7,7,190,,242222441122214512554442514211111422515252,ABAAAABBCCAAACBDCADDBBBADCBACCCCCBAADCDADA,ABAAAABBCCAAACBDACDDBBABCDABCCCCBCAACDADAD,,,0,190,,,,,L_T1_GTR___standard,,,,,L_T1_GTR03_33000001,,,,52,52,11,211545100000212541400000424541000007241221500000242110000000242122000000,,00000195,,,,,,,,20,20,0,7,7,195,,242222441122214512554442514211111422515252,ABAAAABBCCAAACBDCADDBBBADCBACCCCCBAADCDADA,ABAAAABBCCAAACBDACDDBBABCDABCCCCBCAACDADAD,,,0,195,,,,,L_T1_GTR___standard/L_T1_GTR___zabuton_,,,,,L_T1_GTR03_33000001,,,
101950,41,,,,,,,,,52,11,22,211440000000212422400000424211220007245141510000242510000000255115200000,,00000198,,,,,,,,21,21,0,8,8,198,,24222244112221451255444251421111142251525211,ABAAAABBCCAAACBDCADDBBBADCBACCCCCBAADCDADACC,ABAAAABBCCAAACBDACDDBBABCDABCCCCBCAACDADADCC,,,0,198,,,,,L_T1_GTR___standard,,,,,L_T1_GTR03_33000001,,,,52,52,11,211545100000212541400000424541000007241221500000242110000000242122000000,,00000195,,,,,,,,20,20,0,7,7,195,,242222441122214512554442514211111422515252,ABAAAABBCCAAACBDCADDBBBADCBACCCCCBAADCDADA,ABAAAABBCCAAACBDACDDBBABCDABCCCCBCAACDADAD,,,0,195,,,,,L_T1_GTR___standard/L_T1_GTR___zabuton_,,,,,L_T1_GTR03_33000001,,,
101981,42,,,,,,,,,52,11,22,211440000000212422400000424211220007245141510000242510000000255115200000,,00000198,,,,,,,,21,21,0,8,8,198,,24222244112221451255444251421111142251525211,ABAAAABBCCAAACBDCADDBBBADCBACCCCCBAADCDADACC,ABAAAABBCCAAACBDACDDBBABCDABCCCCBCAACDADADCC,,,0,198,,,,,L_T1_GTR___standard,,,,,L_T1_GTR03_33000001,,,,52,11,22,211545100000212541400000424541000007241221500000242112500000242122000000,,00000202,,,,,,,,21,21,0,7,7,202,,24222244112221451255444251421111142251525211,ABAAAABBCCAAACBDCADDBBBADCBACCCCCBAADCDADACC,ABAAAABBCCAAACBDACDDBBABCDABCCCCBCAACDADADCC,,,0,202,,,,,L_T1_GTR___standard/L_T1_GTR___zabuton_,,,,,L_T1_GTR03_33000001,,,
102015,43,,,,,,,,,11,22,45,211440000000212422400000424211220007245141510000242515000000255115220000,,00000204,,,,,,,,22,22,0,6,6,204,,2422224411222145125544425142111114225152521122,ABAAAABBCCAAACBDCADDBBBADCBACCCCCBAADCDADACCAA,ABAAAABBCCAAACBDACDDBBABCDABCCCCBCAACDADADCCAA,,,0,204,,,,,L_T1_GTR___standard,,,,,L_T1_GTR03_33000001,,,,52,11,22,211545100000212541400000424541000007241221500000242112500000242122000000,,00000202,,,,,,,,21,21,0,7,7,202,,24222244112221451255444251421111142251525211,ABAAAABBCCAAACBDCADDBBBADCBACCCCCBAADCDADACC,ABAAAABBCCAAACBDACDDBBABCDABCCCCBCAACDADADCC,,,0,202,,,,,L_T1_GTR___standard/L_T1_GTR___zabuton_,,,,,L_T1_GTR03_33000001,,,
102019,44,,,,,,,,,11,22,45,211440000000212422400000424211220007245141510000242515000000255115220000,,00000204,,,,,,,,22,22,0,6,6,204,,2422224411222145125544425142111114225152521122,ABAAAABBCCAAACBDCADDBBBADCBACCCCCBAADCDADACCAA,ABAAAABBCCAAACBDACDDBBABCDABCCCCBCAACDADADCCAA,,,0,204,,,,,L_T1_GTR___standard,,,,,L_T1_GTR03_33000001,,,,11,22,45,211545100000212541400000424541520007241221500000242112500000242122000000,,00000209,,,,,,,,22,22,0,7,7,209,,2422224411222145125544425142111114225152521122,ABAAAABBCCAAACBDCADDBBBADCBACCCCCBAADCDADACCAA,ABAAAABBCCAAACBDACDDBBABCDABCCCCBCAACDADADCCAA,,,0,209,,,,,L_T1_GTR___standard/L_T1_GTR___zabuton_,,,,,L_T1_GTR03_33000001,,,
102053,45,,,,,,,,,22,45,24,211440000000212422400000424211220007245141510000242515000000255115221100,,00000208,,,,,,,,23,23,0,4,4,208,,242222441122214512554442514211111422515252112245,ABAAAABBCCAAACBDCADDBBBADCBACCCCCBAADCDADACCAABD,ABAAAABBCCAAACBDACDDBBABCDABCCCCBCAACDADADCCAABD,,,0,208,,,,,L_T1_GTR___standard,,,,,L_T1_GTR03_33000001,,,,11,22,45,211545100000212541400000424541520007241221500000242112500000242122000000,,00000209,,,,,,,,22,22,0,7,7,209,,2422224411222145125544425142111114225152521122,ABAAAABBCCAAACBDCADDBBBADCBACCCCCBAADCDADACCAA,ABAAAABBCCAAACBDACDDBBABCDABCCCCBCAACDADADCCAA,,,0,209,,,,,L_T1_GTR___standard/L_T1_GTR___zabuton_,,,,,L_T1_GTR03_33000001,,,
102057,46,,,,,,,,,22,45,24,211440000000212422400000424211220007245141510000242515000000255115221100,,00000208,,,,,,,,23,23,0,4,4,208,,242222441122214512554442514211111422515252112245,ABAAAABBCCAAACBDCADDBBBADCBACCCCCBAADCDADACCAABD,ABAAAABBCCAAACBDACDDBBABCDABCCCCBCAACDADADCCAABD,,,0,208,,,,,L_T1_GTR___standard,,,,,L_T1_GTR03_33000001,,,,22,45,24,211545100000212541400000424541520007241221510000242112510000242122000000,,00000215,,,,,,,,23,23,0,6,6,215,,242222441122214512554442514211111422515252112245,ABAAAABBCCAAACBDCADDBBBADCBACCCCCBAADCDADACCAABD,ABAAAABBCCAAACBDACDDBBABCDABCCCCBCAACDADADCCAABD,,,0,215,,,,,L_T1_GTR___standard/L_T1_GTR___zabuton_,,,,,L_T1_GTR03_33000001,,,
102095,47,,,,,,,,,22,45,24,211440000000212422400000424211220007245141510000242515000000255115221100,,00000208,,,,,,,,23,23,0,4,4,208,,242222441122214512554442514211111422515252112245,ABAAAABBCCAAACBDCADDBBBADCBACCCCCBAADCDADACCAABD,ABAAAABBCCAAACBDACDDBBABCDABCCCCBCAACDADADCCAABD,,,0,208,,,,,L_T1_GTR___standard,,,,,L_T1_GTR03_33000001,,,,45,24,45,211545120000212541420000424541520007241221510000242112510000242122000000,,00000221,,,,,,,,24,24,0,6,6,221,,24222244112221451255444251421111142251525211224524,ABAAAABBCCAAACBDCADDBBBADCBACCCCCBAADCDADACCAABDAB,ABAAAABBCCAAACBDACDDBBABCDABCCCCBCAACDADADCCAABDAB,,,0,221,,,,,L_T1_GTR___standard/L_T1_GTR___zabuton_,,,,,L_T1_GTR03_33000001,,,
102118,48,,,,,,,,,45,24,45,211440000000212422400000424211220007245141510000242515200000255115221120,,00000211,,,,,,,,24,24,0,3,3,211,,24222244112221451255444251421111142251525211224524,ABAAAABBCCAAACBDCADDBBBADCBACCCCCBAADCDADACCAABDAB,ABAAAABBCCAAACBDACDDBBABCDABCCCCBCAACDADADCCAABDAB,,,0,211,,,,,L_T1_GTR___standard,,,,,L_T1_GTR03_33000001,,,,45,24,45,211545120000212541420000424541520007241221510000242112510000242122000000,,00000221,,,,,,,,24,24,0,6,6,221,,24222244112221451255444251421111142251525211224524,ABAAAABBCCAAACBDCADDBBBADCBACCCCCBAADCDADACCAABDAB,ABAAAABBCCAAACBDACDDBBABCDABCCCCBCAACDADADCCAABDAB,,,0,221,,,,,L_T1_GTR___standard/L_T1_GTR___zabuton_,,,,,L_T1_GTR03_33000001,,,
102133,49,,,,,,,,,45,24,45,211440000000212422400000424211220007245141510000242515200000255115221120,,00000211,,,,,,,,24,24,0,3,3,211,,24222244112221451255444251421111142251525211224524,ABAAAABBCCAAACBDCADDBBBADCBACCCCCBAADCDADACCAABDAB,ABAAAABBCCAAACBDACDDBBABCDABCCCCBCAACDADADCCAABDAB,,,0,211,,,,,L_T1_GTR___standard,,,,,L_T1_GTR03_33000001,,,,24,45,51,211545120000212541424500424541520007241221510000242112510000242122000000,,00000226,,,,,,,,25,25,0,5,5,226,,2422224411222145125544425142111114225152521122452445,ABAAAABBCCAAACBDCADDBBBADCBACCCCCBAADCDADACCAABDABBD,ABAAAABBCCAAACBDACDDBBABCDABCCCCBCAACDADADCCAABDABBD,,,0,226,,,,,L_T1_GTR___standard/L_T1_GTR___zabuton_,,,,,L_T1_GTR03_33000001,,,
102167,50,,,,,,,,,45,24,45,211440000000212422400000424211220007245141510000242515200000255115221120,,00000211,,,,,,,,24,24,0,3,3,211,,24222244112221451255444251421111142251525211224524,ABAAAABBCCAAACBDCADDBBBADCBACCCCCBAADCDADACCAABDAB,ABAAAABBCCAAACBDACDDBBABCDABCCCCBCAACDADADCCAABDAB,,,0,211,,,,,L_T1_GTR___standard,,,,,L_T1_GTR03_33000001,,,,45,51,41,211545124200212541424500424541520007241221510000242112510000242122000000,,00000230,,,,,,,,26,26,0,4,4,230,,242222441122214512554442514211111422515252112245244551,ABAAAABBCCAAACBDCADDBBBADCBACCCCCBAADCDADACCAABDABBDDC,ABAAAABBCCAAACBDACDDBBABCDABCCCCBCAACDADADCCAABDABBDCD,,,0,230,,,,,L_T1_GTR___standard/L_T1_GTR___zabuton_,,,,,L_T1_GTR03_33000001,,,
102175,51,,,,,,,,,24,45,51,211440000000212422400000424211220007245141514000242515250000255115221120,,00000216,,,,,,,,25,25,0,5,5,216,,2422224411222145125544425142111114225152521122452445,ABAAAABBCCAAACBDCADDBBBADCBACCCCCBAADCDADACCAABDABBD,ABAAAABBCCAAACBDACDDBBABCDABCCCCBCAACDADADCCAABDABBD,,,0,216,,,,,L_T1_GTR___standard,,,,,L_T1_GTR03_33000001,,,,45,51,41,211545124200212541424500424541520007241221510000242112510000242122000000,,00000230,,,,,,,,26,26,0,4,4,230,,242222441122214512554442514211111422515252112245244551,ABAAAABBCCAAACBDCADDBBBADCBACCCCCBAADCDADACCAABDABBDDC,ABAAAABBCCAAACBDACDDBBABCDABCCCCBCAACDADADCCAABDABBDCD,,,0,230,,,,,L_T1_GTR___standard/L_T1_GTR___zabuton_,,,,,L_T1_GTR03_33000001,,,
102201,52,,,,,,,,,24,45,51,211440000000212422400000424211220007245141514000242515250000255115221120,,00000216,,,,,,,,25,25,0,5,5,216,,2422224411222145125544425142111114225152521122452445,ABAAAABBCCAAACBDCADDBBBADCBACCCCCBAADCDADACCAABDABBD,ABAAAABBCCAAACBDACDDBBABCDABCCCCBCAACDADADCCAABDABBD,,,0,216,,,,,L_T1_GTR___standard,,,,,L_T1_GTR03_33000001,,,,51,41,42,211545124200212541424500424541524507241221510000242112510000242122000000,,00000235,,,,,,,,27,27,0,5,5,235,,24222244112221451255444251421111142251525211224524455141,ABAAAABBCCAAACBDCADDBBBADCBACCCCCBAADCDADACCAABDABBDDCBC,ABAAAABBCCAAACBDACDDBBABCDABCCCCBCAACDADADCCAABDABBDCDBC,,,0,235,,,,,L_T1_GTR___standard/L_T1_GTR___zabuton_,,,,,L_T1_GTR03_33000001,,,
102218,53,,,,,,,,,45,51,41,211442400000212422400000424211220007245141514000242515250000255115221120,,00000224,,,,,,,,26,26,0,8,8,224,,242222441122214512554442514211111422515252112245244551,ABAAAABBCCAAACBDCADDBBBADCBACCCCCBAADCDADACCAABDABBDDC,ABAAAABBCCAAACBDACDDBBABCDABCCCCBCAACDADADCCAABDABBDCD,,,0,224,,,,,L_T1_GTR___standard,,,,,L_T1_GTR03_33000001,,,,51,41,42,211545124200212541424500424541524507241221510000242112510000242122000000,,00000235,,,,,,,,27,27,0,5,5,235,,24222244112221451255444251421111142251525211224524455141,ABAAAABBCCAAACBDCADDBBBADCBACCCCCBAADCDADACCAABDABBDDCBC,ABAAAABBCCAAACBDACDDBBABCDABCCCCBCAACDADADCCAABDABBDCDBC,,,0,235,,,,,L_T1_GTR___standard/L_T1_GTR___zabuton_,,,,,L_T1_GTR03_33000001,,,
102236,54,,,,,,,,,45,51,41,211442400000212422400000424211220007245141514000242515250000255115221120,,00000224,,,,,,,,26,26,0,8,8,224,,242222441122214512554442514211111422515252112245244551,ABAAAABBCCAAACBDCADDBBBADCBACCCCCBAADCDADACCAABDABBDDC,ABAAAABBCCAAACBDACDDBBABCDABCCCCBCAACDADADCCAABDABBDCD,,,0,224,,,,,L_T1_GTR___standard,,,,,L_T1_GTR03_33000001,,,,41,42,12,211545124200212541424500424541524507241221511500242112510000242122000000,,00000239,,,,,,,,28,28,0,4,4,239,,2422224411222145125544425142111114225152521122452445514142,ABAAAABBCCAAACBDCADDBBBADCBACCCCCBAADCDADACCAABDABBDDCBCBA,ABAAAABBCCAAACBDACDDBBABCDABCCCCBCAACDADADCCAABDABBDCDBCAB,,,0,239,,,,,L_T1_GTR___standard/L_T1_GTR___zabuton_,,,,,L_T1_GTR03_33000001,,,
102256,55,,,,,,,,,51,41,42,211442400000212422445000424211220007245141514000242515250000255115221120,,00000230,,,,,,,,27,27,0,6,6,230,,24222244112221451255444251421111142251525211224524455141,ABAAAABBCCAAACBDCADDBBBADCBACCCCCBAADCDADACCAABDABBDDCBC,ABAAAABBCCAAACBDACDDBBABCDABCCCCBCAACDADADCCAABDABBDCDBC,,,0,230,,,,,L_T1_GTR___standard,,,,,L_T1_GTR03_33000001,,,,41,42,12,211545124200212541424500424541524507241221511500242112510000242122000000,,00000239,,,,,,,,28,28,0,4,4,239,,2422224411222145125544425142111114225152521122452445514142,ABAAAABBCCAAACBDCADDBBBADCBACCCCCBAADCDADACCAABDABBDDCBCBA,ABAAAABBCCAAACBDACDDBBABCDABCCCCBCAACDADADCCAABDABBDCDBCAB,,,0,239,,,,,L_T1_GTR___standard/L_T1_GTR___zabuton_,,,,,L_T1_GTR03_33000001,,,
102269,56,,,,,,,,,51,41,42,211442400000212422445000424211220007245141514000242515250000255115221120,,00000230,,,,,,,,27,27,0,6,6,230,,24222244112221451255444251421111142251525211224524455141,ABAAAABBCCAAACBDCADDBBBADCBACCCCCBAADCDADACCAABDABBDDCBC,ABAAAABBCCAAACBDACDDBBABCDABCCCCBCAACDADADCCAABDABBDCDBC,,,0,230,,,,,L_T1_GTR___standard,,,,,L_T1_GTR03_33000001,,,,42,12,22,211545124200212541424540424541524517241221511500242112510000242122000000,,00000242,,,,,,,,29,29,0,3,3,242,,242222441122214512554442514211111422515252112245244551414212,ABAAAABBCCAAACBDCADDBBBADCBACCCCCBAADCDADACCAABDABBDDCBCBACA,ABAAAABBCCAAACBDACDDBBABCDABCCCCBCAACDADADCCAABDABBDCDBCABAC,,,0,242,,,,,L_T1_GTR___standard/L_T1_GTR___zabuton_,,,,,L_T1_GTR03_33000001,,,
102294,57,,,,,,,,,41,42,12,211442415000212422445000424211220007245141514000242515250000255115221120,,00000235,,,,,,,,28,28,0,5,5,235,,2422224411222145125544425142111114225152521122452445514142,ABAAAABBCCAAACBDCADDBBBADCBACCCCCBAADCDADACCAABDABBDDCBCBA,ABAAAABBCCAAACBDACDDBBABCDABCCCCBCAACDADADCCAABDABBDCDBCAB,,,0,235,,,,,L_T1_GTR___standard,,,,,L_T1_GTR03_33000001,,,,42,12,22,211545124200212541424540424541524517241221511500242112510000242122000000,,00000242,,,,,,,,29,29,0,3,3,242,,242222441122214512554442514211111422515252112245244551414212,ABAAAABBCCAAACBDCADDBBBADCBACCCCCBAADCDADACCAABDABBDDCBCBACA,ABAAAABBCCAAACBDACDDBBABCDABCCCCBCAACDADADCCAABDABBDCDBCABAC,,,0,242,,,,,L_T1_GTR___standard/L_T1_GTR___zabuton_,,,,,L_T1_GTR03_33000001,,,
102303,58,,,,,,,,,41,42,12,211442415000212422445000424211220007245141514000242515250000255115221120,,00000235,,,,,,,,28,28,0,5,5,235,,2422224411222145125544425142111114225152521122452445514142,ABAAAABBCCAAACBDCADDBBBADCBACCCCCBAADCDADACCAABDABBDDCBCBA,ABAAAABBCCAAACBDACDDBBABCDABCCCCBCAACDADADCCAABDABBDCDBCAB,,,0,235,,,,,L_T1_GTR___standard,,,,,L_T1_GTR03_33000001,,,,12,22,54,211545124224212541424540424541524517241221511500242112510000242122000000,,00000244,,,,,,,,30,30,0,2,2,244,,24222244112221451255444251421111142251525211224524455141421222,ABAAAABBCCAAACBDCADDBBBADCBACCCCCBAADCDADACCAABDABBDDCBCBACAAA,ABAAAABBCCAAACBDACDDBBABCDABCCCCBCAACDADADCCAABDABBDCDBCABACAA,,,0,244,,,,,L_T1_GTR___standard/L_T1_GTR___zabuton_,,,,,L_T1_GTR03_33000001,,,
102341,59,,,,,,,,,41,42,12,211442415000212422445000424211220007245141514000242515250000255115221120,,00000235,,,,,,,,28,28,0,5,5,235,,2422224411222145125544425142111114225152521122452445514142,ABAAAABBCCAAACBDCADDBBBADCBACCCCCBAADCDADACCAABDABBDDCBCBA,ABAAAABBCCAAACBDACDDBBABCDABCCCCBCAACDADADCCAABDABBDCDBCAB,,,0,235,,,,,L_T1_GTR___standard,,,,,L_T1_GTR03_33000001,,,,22,54,41,211545124224212541424540424541524517241221511500242112512100242122000000,,00000248,,,,,,,,31,31,0,4,4,248,,2422224411222145125544425142111114225152521122452445514142122254,ABAAAABBCCAAACBDCADDBBBADCBACCCCCBAADCDADACCAABDABBDDCBCBACAAADB,ABAAAABBCCAAACBDACDDBBABCDABCCCCBCAACDADADCCAABDABBDCDBCABACAABD,,,0,248,,,,,L_T1_GTR___standard/L_T1_GTR___zabuton_,,,,,L_T1_GTR03_33000001,,,
102350,60,,,,,,,,,42,12,22,211442415000212422445000424211220007245141514400242515251000255115221120,,00000239,,,,,,,,29,29,0,4,4,239,,242222441122214512554442514211111422515252112245244551414212,ABAAAABBCCAAACBDCADDBBBADCBACCCCCBAADCDADACCAABDABBDDCBCBACA,ABAAAABBCCAAACBDACDDBBABCDABCCCCBCAACDADADCCAABDABBDCDBCABAC,,,0,239,,,,,L_T1_GTR___standard,,,,,L_T1_GTR03_33000001,,,,22,54,41,211545124224212541424540424541524517241221511500242112512100242122000000,,00000248,,,,,,,,31,31,0,4,4,248,,2422224411222145125544425142111114225152521122452445514142122254,ABAAAABBCCAAACBDCADDBBBADCBACCCCCBAADCDADACCAABDABBDDCBCBACAAADB,ABAAAABBCCAAACBDACDDBBABCDABCCCCBCAACDADADCCAABDABBDCDBCABACAABD,,,0,248,,,,,L_T1_GTR___standard/L_T1_GTR___zabuton_,,,,,L_T1_GTR03_33000001,,,
102370,61,,,,,,,,,42,12,22,211442415000212422445000424211220007245141514400242515251000255115221120,,00000239,,,,,,,,29,29,0,4,4,239,,242222441122214512554442514211111422515252112245244551414212,ABAAAABBCCAAACBDCADDBBBADCBACCCCCBAADCDADACCAABDABBDDCBCBACA,ABAAAABBCCAAACBDACDDBBABCDABCCCCBCAACDADADCCAABDABBDCDBCABAC,,,0,239,,,,,L_T1_GTR___standard,,,,,L_T1_GTR03_33000001,,,,54,41,22,211545124224212541424342424541524517241221511500242112512100242122000000,,00000250,,,,,,,,32,32,0,2,2,250,,242222441122214512554442514211111422515252112245244551414212225441,ABAAAABBCCAAACBDCADDBBBADCBACCCCCBAADCDADACCAABDABBDDCBCBACAAADBBC,ABAAAABBCCAAACBDACDDBBABCDABCCCCBCAACDADADCCAABDABBDCDBCABACAABDBC,,,0,250,,,,,L_T1_GTR___standard/L_T1_GTR___zabuton_,,,,,L_T1_GTR03_33000001,,,
102408,62,,,,,,,,,12,22,54,211442415000212422445000424211220007245141514400242515251400255115221122,,00000241,,,,,,,,30,30,0,2,2,241,,24222244112221451255444251421111142251525211224524455141421222,ABAAAABBCCAAACBDCADDBBBADCBACCCCCBAADCDADACCAABDABBDDCBCBACAAA,ABAAAABBCCAAACBDACDDBBABCDABCCCCBCAACDADADCCAABDABBDCDBCABACAA,,,0,241,,,,,L_T1_GTR___standard,,,,,L_T1_GTR03_33000001,,,,54,41,22,211545124224212541424342424541524517241221511500242112512100242122000000,,00000250,,,,,,,,32,32,0,2,2,250,,242222441122214512554442514211111422515252112245244551414212225441,ABAAAABBCCAAACBDCADDBBBADCBACCCCCBAADCDADACCAABDABBDDCBCBACAAADBBC,ABAAAABBCCAAACBDACDDBBABCDABCCCCBCAACDADADCCAABDABBDCDBCABACAABDBC,,,0,250,,,,,L_T1_GTR___standard/L_T1_GTR___zabuton_,,,,,L_T1_GTR03_33000001,,,
102414,63,,,,,,,,,12,22,54,211442415000212422445000424211220007245141514400242515251400255115221122,,00000241,,,,,,,,30,30,0,2,2,241,,24222244112221451255444251421111142251525211224524455141421222,ABAAAABBCCAAACBDCADDBBBADCBACCCCCBAADCDADACCAABDABBDDCBCBACAAA,ABAAAABBCCAAACBDACDDBBABCDABCCCCBCAACDADADCCAABDABBDCDBCABACAA,,,0,241,,,,,L_T1_GTR___standard,,,,,L_T1_GTR03_33000001,,,,,41,22,211545124224212541424542424541524514241221511550242112512100242122000000,,bb40abb1,,,,,,,,33,0,1,bb40abb1,40,290,,242222441122214512554442514211111422515252112245244551414212225441,ABAAAABBCCAAACBDCADDBBBADCBACCCCCBAADCDADACCAABDABBDDCBCBACAAADBBC,ABAAAABBCCAAACBDACDDBBABCDABCCCCBCAACDADADCCAABDABBDCDBCABACAABDBC,,,1,290,,,,,L_T1_GTR___standard/L_T1_GTR___zabuton_,,,,,L_T1_GTR03_33000001,,,
102447,64,,,,,,,,,22,54,41,211442415000212422445000424211220007245141514400242515251412255115221122,,00000244,,,,,,,,31,31,0,3,3,244,,2422224411222145125544425142111114225152521122452445514142122254,ABAAAABBCCAAACBDCADDBBBADCBACCCCCBAADCDADACCAABDABBDDCBCBACAAADB,ABAAAABBCCAAACBDACDDBBABCDABCCCCBCAACDADADCCAABDABBDCDBCABACAABD,,,0,244,,,,,L_T1_GTR___standard,,,,,L_T1_GTR03_33000001,,,,,41,22,211545124224212541424542424541524514241221511550242112512100242122000000,,bb40abb1,,,,,,,,33,0,1,bb40abb1,40,290,,242222441122214512554442514211111422515252112245244551414212225441,ABAAAABBCCAAACBDCADDBBBADCBACCCCCBAADCDADACCAABDABBDDCBCBACAAADBBC,ABAAAABBCCAAACBDACDDBBABCDABCCCCBCAACDADADCCAABDABBDCDBCABACAABDBC,,,1,290,,,,,L_T1_GTR___standard/L_T1_GTR___zabuton_,,,,,L_T1_GTR03_33000001,,,
102485,65,,,,,,,,,54,41,22,211442415220212422445000424211220007245141514400242515251412255115221122,,00000247,,,,,,,,32,32,0,3,3,247,,242222441122214512554442514211111422515252112245244551414212225441,ABAAAABBCCAAACBDCADDBBBADCBACCCCCBAADCDADACCAABDABBDDCBCBACAAADBBC,ABAAAABBCCAAACBDACDDBBABCDABCCCCBCAACDADADCCAABDABBDCDBCABACAABDBC,,,0,247,,,,,L_T1_GTR___standard,,,,,L_T1_GTR03_33000001,,,,,41,22,211545124224212541424542424541524514241221511550242112512100242122000000,,bb40abb1,,,,,,,,33,0,1,bb40abb1,40,290,,242222441122214512554442514211111422515252112245244551414212225441,ABAAAABBCCAAACBDCADDBBBADCBACCCCCBAADCDADACCAABDABBDDCBCBACAAADBBC,ABAAAABBCCAAACBDACDDBBABCDABCCCCBCAACDADADCCAABDABBDCDBCABACAABDBC,,,1,290,,,,,L_T1_GTR___standard/L_T1_GTR___zabuton_,,,,,L_T1_GTR03_33000001,,,
102493,66,,,,,,,,,54,41,22,211442415220212422445000424211220007245141514400242515251412255115221122,,00000247,,,,,,,,32,32,0,3,3,247,,242222441122214512554442514211111422515252112245244551414212225441,ABAAAABBCCAAACBDCADDBBBADCBACCCCCBAADCDADACCAABDABBDDCBCBACAAADBBC,ABAAAABBCCAAACBDACDDBBABCDABCCCCBCAACDADADCCAABDABBDCDBCABACAABDBC,,,0,247,,,,,L_T1_GTR___standard,,,,,L_T1_GTR03_33000001,,,,,41,22,211545124224212541424422424541524147241221511000242112512100242122000000,,bb80ab11,,,,,,,,34,0,2,bb80ab11,880,1170,,242222441122214512554442514211111422515252112245244551414212225441,ABAAAABBCCAAACBDCADDBBBADCBACCCCCBAADCDADACCAABDABBDDCBCBACAAADBBC,ABAAAABBCCAAACBDACDDBBABCDABCCCCBCAACDADADCCAABDABBDCDBCABACAABDBC,,,2,1170,,,,,L_T1_GTR___standard/L_T1_GTR___zabuton_,,,,,L_T1_GTR03_33000001,,,
102518,67,,,,,,,,,,41,22,211442415220212422445000424211224507245141514400242515251412255115221122,,bb40abb1,,,,,,,,33,0,1,bb40abb1,40,287,,242222441122214512554442514211111422515252112245244551414212225441,ABAAAABBCCAAACBDCADDBBBADCBACCCCCBAADCDADACCAABDABBDDCBCBACAAADBBC,ABAAAABBCCAAACBDACDDBBABCDABCCCCBCAACDADADCCAABDABBDCDBCABACAABDBC,,,1,287,,,,,L_T1_GTR___standard,,,,,L_T1_GTR03_33000001,,,,,41,22,211545124224212541424422424541524147241221511000242112512100242122000000,,bb80ab11,,,,,,,,34,0,2,bb80ab11,880,1170,,242222441122214512554442514211111422515252112245244551414212225441,ABAAAABBCCAAACBDCADDBBBADCBACCCCCBAADCDADACCAABDABBDDCBCBACAAADBBC,ABAAAABBCCAAACBDACDDBBABCDABCCCCBCAACDADADCCAABDABBDCDBCABACAABDBC,,,2,1170,,,,,L_T1_GTR___standard/L_T1_GTR___zabuton_,,,,,L_T1_GTR03_33000001,,,
102578,68,,,,,,,,,,41,22,211442415220212422445000424211224507245141514400242515251412255115221122,,bb40abb1,,,,,,,,33,0,1,bb40abb1,40,287,,242222441122214512554442514211111422515252112245244551414212225441,ABAAAABBCCAAACBDCADDBBBADCBACCCCCBAADCDADACCAABDABBDDCBCBACAAADBBC,ABAAAABBCCAAACBDACDDBBABCDABCCCCBCAACDADADCCAABDABBDCDBCABACAABDBC,,,1,287,,,,,L_T1_GTR___standard,,,,,L_T1_GTR03_33000001,,,,,41,22,211545124000212541420000424541521407241221511000242112512100242122000000,,bb40ab16,,,,,,,,35,0,3,bb40ab16,640,1810,,242222441122214512554442514211111422515252112245244551414212225441,ABAAAABBCCAAACBDCADDBBBADCBACCCCCBAADCDADACCAABDABBDDCBCBACAAADBBC,ABAAAABBCCAAACBDACDDBBABCDABCCCCBCAACDADADCCAABDABBDCDBCABACAABDBC,,,3,1810,,,,,L_T1_GTR___standard/L_T1_GTR___zabuton_,,,,,L_T1_GTR03_33000001,,,
102598,69,,,,,,,,,,41,22,211442415220212422445000424211225007245141510000242515251120255115221122,,bb40abb8,,,,,,,,34,0,2,bb40abb8,320,607,,242222441122214512554442514211111422515252112245244551414212225441,ABAAAABBCCAAACBDCADDBBBADCBACCCCCBAADCDADACCAABDABBDDCBCBACAAADBBC,ABAAAABBCCAAACBDACDDBBABCDABCCCCBCAACDADADCCAABDABBDCDBCABACAABDBC,,,2,607,,,,,L_T1_GTR___standard,,,,,L_T1_GTR03_33000001,,,,,41,22,211545124000212541420000424541521407241221511000242112512100242122000000,,bb40ab16,,,,,,,,35,0,3,bb40ab16,640,1810,,242222441122214512554442514211111422515252112245244551414212225441,ABAAAABBCCAAACBDCADDBBBADCBACCCCCBAADCDADACCAABDABBDDCBCBACAAADBBC,ABAAAABBCCAAACBDACDDBBABCDABCCCCBCAACDADADCCAABDABBDCDBCABACAABDBC,,,3,1810,,,,,L_T1_GTR___standard/L_T1_GTR___zabuton_,,,,,L_T1_GTR03_33000001,,,
102668,70,,,,,,,,,,41,22,211442415220212422445000424211225007245141510000242515251120255115221122,,bb40abb8,,,,,,,,34,0,2,bb40abb8,320,607,,242222441122214512554442514211111422515252112245244551414212225441,ABAAAABBCCAAACBDCADDBBBADCBACCCCCBAADCDADACCAABDABBDDCBCBACAAADBBC,ABAAAABBCCAAACBDACDDBBABCDABCCCCBCAACDADADCCAABDABBDCDBCABACAABDBC,,,2,607,,,,,L_T1_GTR___standard,,,,,L_T1_GTR03_33000001,,,,41,22,12,211545124000212541420000424541524007241221500000242112521000242122000000,,00001812,,,,,,,,36,1,0,2,2,1812,,24222244112221451255444251421111142251525211224524455141421222544122,ABAAAABBCCAAACBDCADDBBBADCBACCCCCBAADCDADACCAABDABBDDCBCBACAAADBBCAA,ABAAAABBCCAAACBDACDDBBABCDABCCCCBCAACDADADCCAABDABBDCDBCABACAABDBCAA,,,3,1812,,,,,L_T1_GTR___standard/L_T1_GTR___zabuton_,,,,,L_T1_GTR03_33000001,,,
102687,71,,,,,,,,,,41,22,211442415220212422445000424211225007245141510000242515252000255115222200,,bb60ab19,,,,,,,,35,0,3,bb60ab19,1140,1747,,242222441122214512554442514211111422515252112245244551414212225441,ABAAAABBCCAAACBDCADDBBBADCBACCCCCBAADCDADACCAABDABBDDCBCBACAAADBBC,ABAAAABBCCAAACBDACDDBBABCDABCCCCBCAACDADADCCAABDABBDCDBCABACAABDBC,,,3,1747,,,,,L_T1_GTR___standard,,,,,L_T1_GTR03_33000001,,,,41,22,12,211545124000212541420000424541524007241221500000242112521000242122000000,,00001812,,,,,,,,36,1,0,2,2,1812,,24222244112221451255444251421111142251525211224524455141421222544122,ABAAAABBCCAAACBDCADDBBBADCBACCCCCBAADCDADACCAABDABBDDCBCBACAAADBBCAA,ABAAAABBCCAAACBDACDDBBABCDABCCCCBCAACDADADCCAABDABBDCDBCABACAABDBCAA,,,3,1812,,,,,L_T1_GTR___standard/L_T1_GTR___zabuton_,,,,,L_T1_GTR03_33000001,,,
102713,72,,,,,,,,,,41,22,211442415220212422445000424211225007245141510000242515252000255115222200,,bb60ab19,,,,,,,,35,0,3,bb60ab19,1140,1747,,242222441122214512554442514211111422515252112245244551414212225441,ABAAAABBCCAAACBDCADDBBBADCBACCCCCBAADCDADACCAABDABBDDCBCBACAAADBBC,ABAAAABBCCAAACBDACDDBBABCDABCCCCBCAACDADADCCAABDABBDCDBCABACAABDBC,,,3,1747,,,,,L_T1_GTR___standard,,,,,L_T1_GTR03_33000001,,,,22,12,45,211545124000212541420000424541524007241221514000242112521000242122000000,,00001817,,,,,,,,37,2,0,5,5,1817,,2422224411222145125544425142111114225152521122452445514142122254412212,ABAAAABBCCAAACBDCADDBBBADCBACCCCCBAADCDADACCAABDABBDDCBCBACAAADBBCAACA,ABAAAABBCCAAACBDACDDBBABCDABCCCCBCAACDADADCCAABDABBDCDBCABACAABDBCAAAC,,,3,1817,,,,,L_T1_GTR___standard/L_T1_GTR___zabuton_,,,,,L_T1_GTR03_33000001,,,
102747,73,,,,,,,,,,41,22,211442415220212422445000424211225007245141510000242515252000255115222200,,bb60ab19,,,,,,,,35,0,3,bb60ab19,1140,1747,,242222441122214512554442514211111422515252112245244551414212225441,ABAAAABBCCAAACBDCADDBBBADCBACCCCCBAADCDADACCAABDABBDDCBCBACAAADBBC,ABAAAABBCCAAACBDACDDBBABCDABCCCCBCAACDADADCCAABDABBDCDBCABACAABDBC,,,3,1747,,,,,L_T1_GTR___standard,,,,,L_T1_GTR03_33000001,,,,12,45,55,211545124220212541420000424541524007241221514000242112521000242122000000,,00001820,,,,,,,,38,3,0,3,3,1820,,242222441122214512554442514211111422515252112245244551414212225441221245,ABAAAABBCCAAACBDCADDBBBADCBACCCCCBAADCDADACCAABDABBDDCBCBACAAADBBCAACABD,ABAAAABBCCAAACBDACDDBBABCDABCCCCBCAACDADADCCAABDABBDCDBCABACAABDBCAAACBD,,,3,1820,,,,,L_T1_GTR___standard/L_T1_GTR___zabuton_,,,,,L_T1_GTR03_33000001,,,
102767,74,,,,,,,,,,41,22,211442415220212422445000424211225007245141510000242515500000255115000000,,bb40ab32,,,,,,,,36,0,4,bb40ab32,1280,3027,,242222441122214512554442514211111422515252112245244551414212225441,ABAAAABBCCAAACBDCADDBBBADCBACCCCCBAADCDADACCAABDABBDDCBCBACAAADBBC,ABAAAABBCCAAACBDACDDBBABCDABCCCCBCAACDADADCCAABDABBDCDBCABACAABDBC,,,4,3027,,,,,L_T1_GTR___standard,,,,,L_T1_GTR03_33000001,,,,12,45,55,211545124220212541420000424541524007241221514000242112521000242122000000,,00001820,,,,,,,,38,3,0,3,3,1820,,242222441122214512554442514211111422515252112245244551414212225441221245,ABAAAABBCCAAACBDCADDBBBADCBACCCCCBAADCDADACCAABDABBDDCBCBACAAADBBCAACABD,ABAAAABBCCAAACBDACDDBBABCDABCCCCBCAACDADADCCAABDABBDCDBCABACAABDBCAAACBD,,,3,1820,,,,,L_T1_GTR___standard/L_T1_GTR___zabuton_,,,,,L_T1_GTR03_33000001,,,
102799,75,,,,,,,,,,41,22,211442415220212422445000424211225007245141510000242515500000255115000000,,bb40ab32,,,,,,,,36,0,4,bb40ab32,1280,3027,,242222441122214512554442514211111422515252112245244551414212225441,ABAAAABBCCAAACBDCADDBBBADCBACCCCCBAADCDADACCAABDABBDDCBCBACAAADBBC,ABAAAABBCCAAACBDACDDBBABCDABCCCCBCAACDADADCCAABDABBDCDBCABACAABDBC,,,4,3027,,,,,L_T1_GTR___standard,,,,,L_T1_GTR03_33000001,,,,45,55,51,211545124220212541420000424541524207241221514100242112521000242122000000,,00001824,,,,,,,,39,4,0,4,4,1824,,24222244112221451255444251421111142251525211224524455141421222544122124555,ABAAAABBCCAAACBDCADDBBBADCBACCCCCBAADCDADACCAABDABBDDCBCBACAAADBBCAACABDDD,ABAAAABBCCAAACBDACDDBBABCDABCCCCBCAACDADADCCAABDABBDCDBCABACAABDBCAAACBDDD,,,3,1824,,,,,L_T1_GTR___standard/L_T1_GTR___zabuton_,,,,,L_T1_GTR03_33000001,,,
102848,76,,,,,,,,,,41,22,211442415220212422445000424211225007245141100000242510000000255110000000,,bb40ab64,,,,,,,,37,0,5,bb40ab64,2560,5587,,242222441122214512554442514211111422515252112245244551414212225441,ABAAAABBCCAAACBDCADDBBBADCBACCCCCBAADCDADACCAABDABBDDCBCBACAAADBBC,ABAAAABBCCAAACBDACDDBBABCDABCCCCBCAACDADADCCAABDABBDCDBCABACAABDBC,,,5,5587,,,,,L_T1_GTR___standard,,,,,L_T1_GTR03_33000001,,,,45,55,51,211545124220212541420000424541524207241221514100242112521000242122000000,,00001824,,,,,,,,39,4,0,4,4,1824,,24222244112221451255444251421111142251525211224524455141421222544122124555,ABAAAABBCCAAACBDCADDBBBADCBACCCCCBAADCDADACCAABDABBDDCBCBACAAADBBCAACABDDD,ABAAAABBCCAAACBDACDDBBABCDABCCCCBCAACDADADCCAABDABBDCDBCABACAABDBCAAACBDDD,,,3,1824,,,,,L_T1_GTR___standard/L_T1_GTR___zabuton_,,,,,L_T1_GTR03_33000001,,,
102929,77,,,,,,,,,,41,22,211442415220212422445000424222500007245140000000242510000000255110000000,,bb60ab99,,,,,,,,38,0,6,bb60ab99,5940,11527,,242222441122214512554442514211111422515252112245244551414212225441,ABAAAABBCCAAACBDCADDBBBADCBACCCCCBAADCDADACCAABDABBDDCBCBACAAADBBC,ABAAAABBCCAAACBDACDDBBABCDABCCCCBCAACDADADCCAABDABBDCDBCABACAABDBC,,,6,11527,,,,,L_T1_GTR___standard,,,,,L_T1_GTR03_33000001,,,,45,55,51,211545124220212541420000424541524207241221514100242112521000242122000000,,00001824,,,,,,,,39,4,0,4,4,1824,,24222244112221451255444251421111142251525211224524455141421222544122124555,ABAAAABBCCAAACBDCADDBBBADCBACCCCCBAADCDADACCAABDABBDDCBCBACAAADBBCAACABDDD,ABAAAABBCCAAACBDACDDBBABCDABCCCCBCAACDADADCCAABDABBDCDBCABACAABDBCAAACBDDD,,,3,1824,,,,,L_T1_GTR___standard/L_T1_GTR___zabuton_,,,,,L_T1_GTR03_33000001,,,
102965,78,,,,,,,,,,41,22,211442415220212422445000424222500007245140000000242510000000255110000000,,bb60ab99,,,,,,,,38,0,6,bb60ab99,5940,11527,,242222441122214512554442514211111422515252112245244551414212225441,ABAAAABBCCAAACBDCADDBBBADCBACCCCCBAADCDADACCAABDABBDDCBCBACAAADBBC,ABAAAABBCCAAACBDACDDBBABCDABCCCCBCAACDADADCCAABDABBDCDBCABACAABDBC,,,6,11527,,,,,L_T1_GTR___standard,,,,,L_T1_GTR03_33000001,,,,55,51,22,211545124220212541420000424541524207241221514100242112521000242122450000,,00001825,,,,,,,,40,5,0,1,1,1825,,2422224411222145125544425142111114225152521122452445514142122254412212455551,ABAAAABBCCAAACBDCADDBBBADCBACCCCCBAADCDADACCAABDABBDDCBCBACAAADBBCAACABDDDDC,ABAAAABBCCAAACBDACDDBBABCDABCCCCBCAACDADADCCAABDABBDCDBCABACAABDBCAAACBDDDCD,,,3,1825,,,,,L_T1_GTR___standard/L_T1_GTR___zabuton_,,,,,L_T1_GTR03_33000001,,,
103013,79,,,,,,,,,,41,22,211444152200212444500000424500000007245140000000242510000000255110000000,,bb60a131,,,,,,,,39,0,7,bb60a131,7860,19387,,242222441122214512554442514211111422515252112245244551414212225441,ABAAAABBCCAAACBDCADDBBBADCBACCCCCBAADCDADACCAABDABBDDCBCBACAAADBBC,ABAAAABBCCAAACBDACDDBBABCDABCCCCBCAACDADADCCAABDABBDCDBCABACAABDBC,,,7,19387,,,,,L_T1_GTR___standard,,,,,L_T1_GTR03_33000001,,,,55,51,22,211545124220212541420000424541524207241221514100242112521000242122450000,,00001825,,,,,,,,40,5,0,1,1,1825,,2422224411222145125544425142111114225152521122452445514142122254412212455551,ABAAAABBCCAAACBDCADDBBBADCBACCCCCBAADCDADACCAABDABBDDCBCBACAAADBBCAACABDDDDC,ABAAAABBCCAAACBDACDDBBABCDABCCCCBCAACDADADCCAABDABBDCDBCABACAABDBCAAACBDDDCD,,,3,1825,,,,,L_T1_GTR___standard/L_T1_GTR___zabuton_,,,,,L_T1_GTR03_33000001,,,
103043,80,,,,,,,,,,41,22,211444152200212444500000424500000007245140000000242510000000255110000000,,bb60a131,,,,,,,,39,0,7,bb60a131,7860,19387,,242222441122214512554442514211111422515252112245244551414212225441,ABAAAABBCCAAACBDCADDBBBADCBACCCCCBAADCDADACCAABDABBDDCBCBACAAADBBC,ABAAAABBCCAAACBDACDDBBABCDABCCCCBCAACDADADCCAABDABBDCDBCABACAABDBC,,,7,19387,,,,,L_T1_GTR___standard,,,,,L_T1_GTR03_33000001,,,,51,22,44,211545124220212541425500424541524207241221514100242112521000242122450000,,00001829,,,,,,,,41,6,0,4,4,1829,,242222441122214512554442514211111422515252112245244551414212225441221245555122,ABAAAABBCCAAACBDCADDBBBADCBACCCCCBAADCDADACCAABDABBDDCBCBACAAADBBCAACABDDDDCAA,ABAAAABBCCAAACBDACDDBBABCDABCCCCBCAACDADADCCAABDABBDCDBCABACAABDBCAAACBDDDCDAA,,,3,1829,,,,,L_T1_GTR___standard/L_T1_GTR___zabuton_,,,,,L_T1_GTR03_33000001,,,
103075,81,,,,,,,,,,41,22,211444152200212444500000424500000007245140000000242510000000255110000000,,bb60a131,,,,,,,,39,0,7,bb60a131,7860,19387,,242222441122214512554442514211111422515252112245244551414212225441,ABAAAABBCCAAACBDCADDBBBADCBACCCCCBAADCDADACCAABDABBDDCBCBACAAADBBC,ABAAAABBCCAAACBDACDDBBABCDABCCCCBCAACDADADCCAABDABBDCDBCABACAABDBC,,,7,19387,,,,,L_T1_GTR___standard,,,,,L_T1_GTR03_33000001,,,,22,44,11,211545124220212541425000424541524210241221514150242112521000242122450000,,00001832,,,,,,,,42,7,0,3,3,1832,,24222244112221451255444251421111142251525211224524455141421222544122124555512244,ABAAAABBCCAAACBDCADDBBBADCBACCCCCBAADCDADACCAABDABBDDCBCBACAAADBBCAACABDDDDCAABB,ABAAAABBCCAAACBDACDDBBABCDABCCCCBCAACDADADCCAABDABBDCDBCABACAABDBCAAACBDDDCDAABB,,,3,1832,,,,,L_T1_GTR___standard/L_T1_GTR___zabuton_,,,,,L_T1_GTR03_33000001,,,
103097,82,,,,,,,,,,41,22,211152200000212500000000424500000007245140000000242510000000255110000000,,bb40a160,,,,,,,,40,0,8,bb40a160,6400,25787,,242222441122214512554442514211111422515252112245244551414212225441,ABAAAABBCCAAACBDCADDBBBADCBACCCCCBAADCDADACCAABDABBDDCBCBACAAADBBC,ABAAAABBCCAAACBDACDDBBABCDABCCCCBCAACDADADCCAABDABBDCDBCABACAABDBC,,,8,25787,,,,,,,,,,,,,,22,44,11,211545124220212541425000424541524210241221514150242112521000242122450000,,00001832,,,,,,,,42,7,0,3,3,1832,,24222244112221451255444251421111142251525211224524455141421222544122124555512244,ABAAAABBCCAAACBDCADDBBBADCBACCCCCBAADCDADACCAABDABBDDCBCBACAAADBBCAACABDDDDCAABB,ABAAAABBCCAAACBDACDDBBABCDABCCCCBCAACDADADCCAABDABBDCDBCABACAABDBCAAACBDDDCDAABB,,,3,1832,,,,,L_T1_GTR___standard/L_T1_GTR___zabuton_,,,,,L_T1_GTR03_33000001,,,
103137,83,,,,,,,,,,41,22,211152200000212500000000424500000007245140000000242510000000255110000000,,bb40a160,,,,,,,,40,0,8,bb40a160,6400,25787,,242222441122214512554442514211111422515252112245244551414212225441,ABAAAABBCCAAACBDCADDBBBADCBACCCCCBAADCDADACCAABDABBDDCBCBACAAADBBC,ABAAAABBCCAAACBDACDDBBABCDABCCCCBCAACDADADCCAABDABBDCDBCABACAABDBC,,,8,25787,,,,,,,,,,,,,,,44,11,211545124220212541425522424541524217241221514150242112521000242122450000,,bb40abb1,,,,,,,,43,0,1,bb40abb1,40,1872,,24222244112221451255444251421111142251525211224524455141421222544122124555512244,ABAAAABBCCAAACBDCADDBBBADCBACCCCCBAADCDADACCAABDABBDDCBCBACAAADBBCAACABDDDDCAABB,ABAAAABBCCAAACBDACDDBBABCDABCCCCBCAACDADADCCAABDABBDCDBCABACAABDBCAAACBDDDCDAABB,,,3,1872,,,,,L_T1_GTR___standard/L_T1_GTR___zabuton_,,,,,L_T1_GTR03_33000001,,,
103182,84,,,,,,,,,,41,22,252200000000225000000000424500000007245140000000242510000000255110000000,,bb40a192,,,,,,,,41,0,9,bb40a192,7680,33467,,242222441122214512554442514211111422515252112245244551414212225441,ABAAAABBCCAAACBDCADDBBBADCBACCCCCBAADCDADACCAABDABBDDCBCBACAAADBBC,ABAAAABBCCAAACBDACDDBBABCDABCCCCBCAACDADADCCAABDABBDCDBCABACAABDBC,,,9,33467,,,,,,,,,,,,,,,44,11,211545124220212541425522424541524217241221514150242112521000242122450000,,bb40abb1,,,,,,,,43,0,1,bb40abb1,40,1872,,24222244112221451255444251421111142251525211224524455141421222544122124555512244,ABAAAABBCCAAACBDCADDBBBADCBACCCCCBAADCDADACCAABDABBDDCBCBACAAADBBCAACABDDDDCAABB,ABAAAABBCCAAACBDACDDBBABCDABCCCCBCAACDADADCCAABDABBDCDBCABACAABDBCAAACBDDDCDAABB,,,3,1872,,,,,L_T1_GTR___standard/L_T1_GTR___zabuton_,,,,,L_T1_GTR03_33000001,,,
103201,85,,,,,,,,,,41,22,252200000000225000000000424500000007245140000000242510000000255110000000,,bb40a192,,,,,,,,41,0,9,bb40a192,7680,33467,,242222441122214512554442514211111422515252112245244551414212225441,ABAAAABBCCAAACBDCADDBBBADCBACCCCCBAADCDADACCAABDABBDDCBCBACAAADBBC,ABAAAABBCCAAACBDACDDBBABCDABCCCCBCAACDADADCCAABDABBDCDBCABACAABDBC,,,9,33467,,,,,,,,,,,,,,44,11,25,211545124000212541425500424541524207241221514150242112521000242122450000,,00001873,,,,,,,,44,1,0,1,1,1873,,2422224411222145125544425142111114225152521122452445514142122254412212455551224411,ABAAAABBCCAAACBDCADDBBBADCBACCCCCBAADCDADACCAABDABBDDCBCBACAAADBBCAACABDDDDCAABBCC,ABAAAABBCCAAACBDACDDBBABCDABCCCCBCAACDADADCCAABDABBDCDBCABACAABDBCAAACBDDDCDAABBCC,,,3,1873,,,,,L_T1_GTR___standard/L_T1_GTR___zabuton_,,,,,L_T1_GTR03_33000001,,,
103260,86,,,,,,,,,,41,22,252200000000225000000000424500000007245140000000242510000000255110000000,,bb40a192,,,,,,,,41,0,9,bb40a192,7680,33467,,242222441122214512554442514211111422515252112245244551414212225441,ABAAAABBCCAAACBDCADDBBBADCBACCCCCBAADCDADACCAABDABBDDCBCBACAAADBBC,ABAAAABBCCAAACBDACDDBBABCDABCCCCBCAACDADADCCAABDABBDCDBCABACAABDBC,,,9,33467,,,,,,,,,,,,,,11,25,11,211545124000212541425000424541524210241221514150242112521400242122454000,,00001877,,,,,,,,45,2,0,4,4,1877,,242222441122214512554442514211111422515252112245244551414212225441221245555122441125,ABAAAABBCCAAACBDCADDBBBADCBACCCCCBAADCDADACCAABDABBDDCBCBACAAADBBCAACABDDDDCAABBCCAD,ABAAAABBCCAAACBDACDDBBABCDABCCCCBCAACDADADCCAABDABBDCDBCABACAABDBCAAACBDDDCDAABBCCAD,,,3,1877,,,,,L_T1_GTR___standard/L_T1_GTR___zabuton_,,,,,L_T1_GTR03_33000001,,,
103266,87,,,,,,,,,,41,22,522000000000500000000000445000000007245140000000242510000000255110000000,,bb40a224,,,,,,,,42,0,10,bb40a224,8960,42427,,242222441122214512554442514211111422515252112245244551414212225441,ABAAAABBCCAAACBDCADDBBBADCBACCCCCBAADCDADACCAABDABBDDCBCBACAAADBBC,ABAAAABBCCAAACBDACDDBBABCDABCCCCBCAACDADADCCAABDABBDCDBCABACAABDBC,,,9,42427,,,,,,,,,,,,,,11,25,11,211545124000212541425000424541524210241221514150242112521400242122454000,,00001877,,,,,,,,45,2,0,4,4,1877,,242222441122214512554442514211111422515252112245244551414212225441221245555122441125,ABAAAABBCCAAACBDCADDBBBADCBACCCCCBAADCDADACCAABDABBDDCBCBACAAADBBCAACABDDDDCAABBCCAD,ABAAAABBCCAAACBDACDDBBABCDABCCCCBCAACDADADCCAABDABBDCDBCABACAABDBCAAACBDDDCDAABBCCAD,,,3,1877,,,,,L_T1_GTR___standard/L_T1_GTR___zabuton_,,,,,L_T1_GTR03_33000001,,,
103314,88,,,,,,,,,,41,22,522000000000500000000000445000000007245140000000242510000000255110000000,,bb40a224,,,,,,,,42,0,10,bb40a224,8960,42427,,242222441122214512554442514211111422515252112245244551414212225441,ABAAAABBCCAAACBDCADDBBBADCBACCCCCBAADCDADACCAABDABBDDCBCBACAAADBBC,ABAAAABBCCAAACBDACDDBBABCDABCCCCBCAACDADADCCAABDABBDCDBCABACAABDBC,,,9,42427,,,,,,,,,,,,,,25,11,41,211545124000212541425500424541524217241221514151242112521410242122454000,,00001879,,,,,,,,46,3,0,2,2,1879,,24222244112221451255444251421111142251525211224524455141421222544122124555512244112511,ABAAAABBCCAAACBDCADDBBBADCBACCCCCBAADCDADACCAABDABBDDCBCBACAAADBBCAACABDDDDCAABBCCADCC,ABAAAABBCCAAACBDACDDBBABCDABCCCCBCAACDADADCCAABDABBDCDBCABACAABDBCAAACBDDDCDAABBCCADCC,,,3,1879,,,,,L_T1_GTR___standard/L_T1_GTR___zabuton_,,,,,L_T1_GTR03_33000001,,,
103345,89,,,,,,,,,,41,22,522000000000500000000000500000000007251400000000225100000000255110000000,,bb40a256,,,,,,,,43,0,11,bb40a256,10240,52667,,242222441122214512554442514211111422515252112245244551414212225441,ABAAAABBCCAAACBDCADDBBBADCBACCCCCBAADCDADACCAABDABBDDCBCBACAAADBBC,ABAAAABBCCAAACBDACDDBBABCDABCCCCBCAACDADADCCAABDABBDCDBCABACAABDBC,,,9,52667,,,,,,,,,,,,,,25,11,41,211545124000212541425500424541524217241221514151242112521410242122454000,,00001879,,,,,,,,46,3,0,2,2,1879,,24222244112221451255444251421111142251525211224524455141421222544122124555512244112511,ABAAAABBCCAAACBDCADDBBBADCBACCCCCBAADCDADACCAABDABBDDCBCBACAAADBBCAACABDDDDCAABBCCADCC,ABAAAABBCCAAACBDACDDBBABCDABCCCCBCAACDADADCCAABDABBDCDBCABACAABDBCAAACBDDDCDAABBCCADCC,,,3,1879,,,,,L_T1_GTR___standard/L_T1_GTR___zabuton_,,,,,L_T1_GTR03_33000001,,,
103368,90,,,,,,,,,,41,22,522000000000500000000000500000000007251400000000225100000000255110000000,,bb40a256,,,,,,,,43,0,11,bb40a256,10240,52667,,242222441122214512554442514211111422515252112245244551414212225441,ABAAAABBCCAAACBDCADDBBBADCBACCCCCBAADCDADACCAABDABBDDCBCBACAAADBBC,ABAAAABBCCAAACBDACDDBBABCDABCCCCBCAACDADADCCAABDABBDCDBCABACAABDBC,,,9,52667,,,,,,,,,,,,,,11,41,11,211545124200212541425550424541524217241221514151242112521410242122454000,,00001882,,,,,,,,47,4,0,3,3,1882,,2422224411222145125544425142111114225152521122452445514142122254412212455551224411251141,ABAAAABBCCAAACBDCADDBBBADCBACCCCCBAADCDADACCAABDABBDDCBCBACAAADBBCAACABDDDDCAABBCCADCCBC,ABAAAABBCCAAACBDACDDBBABCDABCCCCBCAACDADADCCAABDABBDCDBCABACAABDBCAAACBDDDCDAABBCCADCCBC,,,3,1882,,,,,L_T1_GTR___standard/L_T1_GTR___zabuton_,,,,,L_T1_GTR03_33000001,,,
103424,91,,,,,,,,,,41,22,522000000000500000000000500000000007251400000000225100000000255110000000,,bb40a256,,,,,,,,43,0,11,bb40a256,10240,52667,,242222441122214512554442514211111422515252112245244551414212225441,ABAAAABBCCAAACBDCADDBBBADCBACCCCCBAADCDADACCAABDABBDDCBCBACAAADBBC,ABAAAABBCCAAACBDACDDBBABCDABCCCCBCAACDADADCCAABDABBDCDBCABACAABDBC,,,9,52667,,,,,,,,,,,,,,41,11,11,211545124200212541425500424541524210241221514151242112521410242122454110,,00001886,,,,,,,,48,5,0,4,4,1886,,242222441122214512554442514211111422515252112245244551414212225441221245555122441125114111,ABAAAABBCCAAACBDCADDBBBADCBACCCCCBAADCDADACCAABDABBDDCBCBACAAADBBCAACABDDDDCAABBCCADCCBCCC,ABAAAABBCCAAACBDACDDBBABCDABCCCCBCAACDADADCCAABDABBDCDBCABACAABDBCAAACBDDDCDAABBCCADCCBCCC,,,3,1886,,,,,L_T1_GTR___standard/L_T1_GTR___zabuton_,,,,,L_T1_GTR03_33000001,,,
103428,92,,,,,,,,,,41,22,522000000000500000000000500000000007514000000000510000000000551100000000,,bb70a292,,,,,,,,44,0,12,bb70a292,20440,73107,,242222441122214512554442514211111422515252112245244551414212225441,ABAAAABBCCAAACBDCADDBBBADCBACCCCCBAADCDADACCAABDABBDDCBCBACAAADBBC,ABAAAABBCCAAACBDACDDBBABCDABCCCCBCAACDADADCCAABDABBDCDBCABACAABDBC,,,9,73107,,,,,,,,,,,,,,41,11,11,211545124200212541425500424541524210241221514151242112521410242122454110,,00001886,,,,,,,,48,5,0,4,4,1886,,242222441122214512554442514211111422515252112245244551414212225441221245555122441125114111,ABAAAABBCCAAACBDCADDBBBADCBACCCCCBAADCDADACCAABDABBDDCBCBACAAADBBCAACABDDDDCAABBCCADCCBCCC,ABAAAABBCCAAACBDACDDBBABCDABCCCCBCAACDADADCCAABDABBDCDBCABACAABDBCAAACBDDDCDAABBCCADCCBCCC,,,3,1886,,,,,L_T1_GTR___standard/L_T1_GTR___zabuton_,,,,,L_T1_GTR03_33000001,,,
103478,93,,,,,,,,,,41,22,522000000000500000000000500000000007514000000000510000000000551100000000,,bb70a292,,,,,,,,44,0,12,bb70a292,20440,73107,,242222441122214512554442514211111422515252112245244551414212225441,ABAAAABBCCAAACBDCADDBBBADCBACCCCCBAADCDADACCAABDABBDDCBCBACAAADBBC,ABAAAABBCCAAACBDACDDBBABCDABCCCCBCAACDADADCCAABDABBDCDBCABACAABDBC,,,9,73107,,,,,,,,,,,,,,11,11,55,211545124200212541425550424541524210241221514151242112521410242122454114,,00001888,,,,,,,,49,6,0,2,2,1888,,24222244112221451255444251421111142251525211224524455141421222544122124555512244112511411111,ABAAAABBCCAAACBDCADDBBBADCBACCCCCBAADCDADACCAABDABBDDCBCBACAAADBBCAACABDDDDCAABBCCADCCBCCCCC,ABAAAABBCCAAACBDACDDBBABCDABCCCCBCAACDADADCCAABDABBDCDBCABACAABDBCAAACBDDDCDAABBCCADCCBCCCCC,,,3,1888,,,,,L_T1_GTR___standard/L_T1_GTR___zabuton_,,,,,L_T1_GTR03_33000001,,,
103510,94,,,,,,,,,,41,22,220000000000000000000000000000000007140000000000100000000000110000000000,,bb40a320,,,,,,,,45,0,13,bb40a320,12800,85907,,242222441122214512554442514211111422515252112245244551414212225441,ABAAAABBCCAAACBDCADDBBBADCBACCCCCBAADCDADACCAABDABBDDCBCBACAAADBBC,ABAAAABBCCAAACBDACDDBBABCDABCCCCBCAACDADADCCAABDABBDCDBCABACAABDBC,,,9,85907,,,,,,,,,,,,,,11,11,55,211545124200212541425550424541524210241221514151242112521410242122454114,,00001888,,,,,,,,49,6,0,2,2,1888,,24222244112221451255444251421111142251525211224524455141421222544122124555512244112511411111,ABAAAABBCCAAACBDCADDBBBADCBACCCCCBAADCDADACCAABDABBDDCBCBACAAADBBCAACABDDDDCAABBCCADCCBCCCCC,ABAAAABBCCAAACBDACDDBBABCDABCCCCBCAACDADADCCAABDABBDCDBCABACAABDBCAAACBDDDCDAABBCCADCCBCCCCC,,,3,1888,,,,,L_T1_GTR___standard/L_T1_GTR___zabuton_,,,,,L_T1_GTR03_33000001,,,
103559,95,,,,,,,,,,41,22,220000000000000000000000000000000007140000000000100000000000110000000000,,bb40a320,,,,,,,,45,0,13,bb40a320,12800,85907,,242222441122214512554442514211111422515252112245244551414212225441,ABAAAABBCCAAACBDCADDBBBADCBACCCCCBAADCDADACCAABDABBDDCBCBACAAADBBC,ABAAAABBCCAAACBDACDDBBABCDABCCCCBCAACDADADCCAABDABBDCDBCABACAABDBC,,,9,85907,,,,,,,,,,,,,,11,55,44,211545124411212541425550424541524210241221514151242112521410242122454114,,00001889,,,,,,,,50,7,0,1,1,1889,,2422224411222145125544425142111114225152521122452445514142122254412212455551224411251141111155,ABAAAABBCCAAACBDCADDBBBADCBACCCCCBAADCDADACCAABDABBDDCBCBACAAADBBCAACABDDDDCAABBCCADCCBCCCCCDD,ABAAAABBCCAAACBDACDDBBABCDABCCCCBCAACDADADCCAABDABBDCDBCABACAABDBCAAACBDDDCDAABBCCADCCBCCCCCDD,,,3,1889,,,,,L_T1_GTR___standard/L_T1_GTR___zabuton_,,,,,L_T1_GTR03_33000001,,,
103569,97,,,,,,,,,,41,22,220000000000000000000000000000000007140000000000100000000000110000000000,,bb40a320,,,,,,,,45,0,13,bb40a320,12800,85907,,242222441122214512554442514211111422515252112245244551414212225441,ABAAAABBCCAAACBDCADDBBBADCBACCCCCBAADCDADACCAABDABBDDCBCBACAAADBBC,ABAAAABBCCAAACBDACDDBBABCDABCCCCBCAACDADADCCAABDABBDCDBCABACAABDBC,,,9,85907,,,,,,,,,,,,,,,00,30,211545124211212541425550424541524211241221514151242112521410242122454114,,00001891,,,,,lose,,,52,8,0,0,0,1891,,242222441122214512554442514211111422515252112245244551414212225441221245555122441125114111115500,ABAAAABBCCAAACBDCADDBBBADCBACCCCCBAADCDADACCAABDABBDDCBCBACAAADBBCAACABDDDDCAABBCCADCCBCCCCCDDEE,ABAAAABBCCAAACBDACDDBBABCDABCCCCBCAACDADADCCAABDABBDCDBCABACAABDBCAAACBDDDCDAABBCCADCCBCCCCCDDEE,,,3,1891,,,,,,,,,,,,,
103588,96,,,,,,,,,,41,22,220000000000000000000000000000000007400000000000000000000000000000000000,,00085911,,,,,win,,,46,0,13,4,4,85911,,242222441122214512554442514211111422515252112245244551414212225441,ABAAAABBCCAAACBDCADDBBBADCBACCCCCBAADCDADACCAABDABBDDCBCBACAAADBBC,ABAAAABBCCAAACBDACDDBBABCDABCCCCBCAACDADADCCAABDABBDCDBCABACAABDBC,,,9,85911,,,,,,,,,,,,,,,00,30,211545124211212541425550424541524211241221514151242112521410242122454114,,00001891,,,,,lose,,,52,8,0,0,0,1891,,242222441122214512554442514211111422515252112245244551414212225441221245555122441125114111115500,ABAAAABBCCAAACBDCADDBBBADCBACCCCCBAADCDADACCAABDABBDDCBCBACAAADBBCAACABDDDDCAABBCCADCCBCCCCCDDEE,ABAAAABBCCAAACBDACDDBBABCDABCCCCBCAACDADADCCAABDABBDCDBCABACAABDBCAAACBDDDCDAABBCCADCCBCCCCCDDEE,,,3,1891,,,,,,,,,,,,,
103595,96,,,,,,,,,,41,22,220000000000000000000000000000000007400000000000000000000000000000000000,,00085911,,,,,win,,,46,0,13,4,4,85911,,242222441122214512554442514211111422515252112245244551414212225441,ABAAAABBCCAAACBDCADDBBBADCBACCCCCBAADCDADACCAABDABBDDCBCBACAAADBBC,ABAAAABBCCAAACBDACDDBBABCDABCCCCBCAACDADADCCAABDABBDCDBCABACAABDBC,,,9,85911,,,,,,,,,,,,,,,00,30,211545124211212541425550424541524211241221514151242112521410242122454114,,00001891,,,,,lose,,,52,8,0,0,0,1891,,242222441122214512554442514211111422515252112245244551414212225441221245555122441125114111115500,ABAAAABBCCAAACBDCADDBBBADCBACCCCCBAADCDADACCAABDABBDDCBCBACAAADBBCAACABDDDDCAABBCCADCCBCCCCCDDEE,ABAAAABBCCAAACBDACDDBBABCDABCCCCBCAACDADADCCAABDABBDCDBCABACAABDBCAAACBDDDCDAABBCCADCCBCCCCCDDEE,,,3,1891,,,,,,,,,,,,,
