79207,0,,,,,,,,,,15,11,000000000000000000000000000000000007000000000000000000000000000000000000,000000,00000000,,,,,,,,0,0,0,0,0,0,,15,AB,AB,,,0,0,,,,,,,,,,,,,,,15,11,000000000000000000000000000000000007000000000000000000000000000000000000,000000,00000000,,,,,,,,0,0,0,0,0,0,,15,AB,AB,,,0,0,,,,,,,,,,,,,
79357,2,,,,,,,,,15,11,31,000000000000000000000000000000000007000000000000000000000000000000000000,,00000000,,,,,,,,1,1,0,0,0,0,,1511,ABAA,ABAA,,,0,0,,,,,,,,,,,,,,15,11,31,000000000000000000000000000000000007000000000000000000000000000000000000,,00000000,,,,,,,,1,1,0,0,0,0,,1511,ABAA,ABAA,,,0,0,,,,,,,,,,,,,
79407,4,,,,,,,,,11,31,15,000000000000000000000000510000000007000000000000000000000000000000000000,,00000012,,,,,,,,2,2,0,12,12,12,,151131,ABAACA,ABAAAC,,,0,12,,,,,,,,,,,,,,11,31,15,000000000000000000000000100000000007500000000000000000000000000000000000,,00000013,,,,,,,,2,2,0,13,13,13,,151131,ABAACA,ABAAAC,,,0,13,,,,,,,,,,,,,
79459,6,,,,,,,,,31,15,25,100000000000100000000000510000000007000000000000000000000000000000000000,,00000025,,,,,,,,3,3,0,13,13,25,,15113115,ABAACAAB,ABAAACAB,,,0,25,,,,,,,,,,,,,,31,15,25,100000000000100000000000100000000007500000000000000000000000000000000000,,00000026,,,,,,,,3,3,0,13,13,26,,15113115,ABAACAAB,ABAAACAB,,,0,26,,,,,,,,,,,,,
79507,7,,,,,,,,,31,15,25,100000000000100000000000510000000007000000000000000000000000000000000000,,00000025,,,,,,,,3,3,0,13,13,25,,15113115,ABAACAAB,ABAAACAB,,,0,25,,,,,,,,,,,,,,15,25,12,100000000000100000000000130000000007510000000000000000000000000000000000,,00000038,,,,,,,,4,4,0,12,12,38,,1511311525,ABAACAABDB,ABAAACABBD,,,0,38,,,,,,,,,,,,,
79510,8,,,,,,,,,15,25,12,100000000000131000000000510000000007000000000000000000000000000000000000,,00000037,,,,,,,,4,4,0,12,12,37,,1511311525,ABAACAABDB,ABAAACABBD,,,0,37,,,,,,,,,,L_T1_GTR03_41100001,,,,15,25,12,100000000000100000000000130000000007510000000000000000000000000000000000,,00000038,,,,,,,,4,4,0,12,12,38,,1511311525,ABAACAABDB,ABAAACABBD,,,0,38,,,,,,,,,,,,,
79564,10,,,,,,,,,25,12,55,100000000000131000000000510000000007150000000000000000000000000000000000,,00000051,,,,,,,,5,5,0,14,14,51,,151131152512,ABAACAABDBAD,ABAAACABBDAD,,,0,51,,,,,,,,,,L_T1_GTR03_41100001/L_T1_GTR03_32100001,,,,25,12,55,100000000000100000000000130000000007510000000000510000000000000000000000,,00000050,,,,,,,,5,5,0,12,12,50,,151131152512,ABAACAABDBAD,ABAAACABBDAD,,,0,50,,,,,,,,,,,,,
79608,12,,,,,,,,,12,55,12,100000000000131000000000515000000007152000000000000000000000000000000000,,00000061,,,,,,,,6,6,0,10,10,61,,15113115251255,ABAACAABDBADBB,ABAAACABBDADBB,,,0,61,,,,,,,,,,L_T1_GTR03_41100001/L_T1_GTR03_32100001,,,,12,55,12,100000000000100000000000130000000007510000000000515200000000000000000000,,00000060,,,,,,,,6,6,0,10,10,60,,15113115251255,ABAACAABDBADBB,ABAAACABBDADBB,,,0,60,,,,,,,,,,,,,
79663,13,,,,,,,,,12,55,12,100000000000131000000000515000000007152000000000000000000000000000000000,,00000061,,,,,,,,6,6,0,10,10,61,,15113115251255,ABAACAABDBADBB,ABAAACABBDADBB,,,0,61,,,,,,,,,,L_T1_GTR03_41100001/L_T1_GTR03_32100001,,,,55,12,53,100000000000100000000000130000000007510000000000515200000000210000000000,,00000072,,,,,,,,7,7,0,12,12,72,,1511311525125512,ABAACAABDBADBBAD,ABAAACABBDADBBAD,,,0,72,,,,,,,,,,,,,
79665,14,,,,,,,,,55,12,53,100000000000131000000000515000000007152000000000100000000000200000000000,,00000074,,,,,,,,7,7,0,13,13,74,,1511311525125512,ABAACAABDBADBBAD,ABAAACABBDADBBAD,,,0,74,,,,,,,,,,L_T1_GTR03_51000001/L_T1_GTR03_41100001,,,,55,12,53,100000000000100000000000130000000007510000000000515200000000210000000000,,00000072,,,,,,,,7,7,0,12,12,72,,1511311525125512,ABAACAABDBADBBAD,ABAAACABBDADBBAD,,,0,72,,,,,,,,,,,,,
79714,15,,,,,,,,,55,12,53,100000000000131000000000515000000007152000000000100000000000200000000000,,00000074,,,,,,,,7,7,0,13,13,74,,1511311525125512,ABAACAABDBADBBAD,ABAAACABBDADBBAD,,,0,74,,,,,,,,,,L_T1_GTR03_51000001/L_T1_GTR03_41100001,,,,12,53,32,100000000000100000000000130000000007510000000000515200000000215500000000,,00000082,,,,,,,,8,8,0,10,10,82,,151131152512551253,ABAACAABDBADBBADBC,ABAAACABBDADBBADBC,,,0,82,,,,,,,,,,,,,
79719,16,,,,,,,,,12,53,32,100000000000131000000000515000000007152000000000150000000000250000000000,,00000086,,,,,,,,8,8,0,12,12,86,,151131152512551253,ABAACAABDBADBBADBC,ABAAACABBDADBBADBC,,,0,86,,,,,,,,,,L_T1_GTR03_51000001/L_T1_GTR03_41100001,,,,12,53,32,100000000000100000000000130000000007510000000000515200000000215500000000,,00000082,,,,,,,,8,8,0,10,10,82,,151131152512551253,ABAACAABDBADBBADBC,ABAAACABBDADBBADBC,,,0,82,,,,,,,,,,,,,
79759,17,,,,,,,,,12,53,32,100000000000131000000000515000000007152000000000150000000000250000000000,,00000086,,,,,,,,8,8,0,12,12,86,,151131152512551253,ABAACAABDBADBBADBC,ABAAACABBDADBBADBC,,,0,86,,,,,,,,,,L_T1_GTR03_51000001/L_T1_GTR03_41100001,,,,53,32,33,100000000000100000000000131000000007512000000000515200000000215500000000,,00000093,,,,,,,,9,9,0,11,11,93,,15113115251255125332,ABAACAABDBADBBADBCCD,ABAAACABBDADBBADBCCD,,,0,93,,,,L_B1_Dsk___pat00001,,,,,,,,,
79773,18,,,,,,,,,53,32,33,100000000000131000000000515000000007152000000000150000000000251200000000,,00000097,,,,,,,,9,9,0,11,11,97,,15113115251255125332,ABAACAABDBADBBADBCCD,ABAAACABBDADBBADBCCD,,,0,97,,,,,,,,,,L_T1_GTR03_51000001/L_T1_GTR03_41100001,,,,53,32,33,100000000000100000000000131000000007512000000000515200000000215500000000,,00000093,,,,,,,,9,9,0,11,11,93,,15113115251255125332,ABAACAABDBADBBADBCCD,ABAAACABBDADBBADBCCD,,,0,93,,,,L_B1_Dsk___pat00001,,,,,,,,,
79809,19,,,,,,,,,53,32,33,100000000000131000000000515000000007152000000000150000000000251200000000,,00000097,,,,,,,,9,9,0,11,11,97,,15113115251255125332,ABAACAABDBADBBADBCCD,ABAAACABBDADBBADBCCD,,,0,97,,,,,,,,,,L_T1_GTR03_51000001/L_T1_GTR03_41100001,,,,32,33,12,135000000000100000000000131000000007512000000000515200000000215500000000,,00000104,,,,,,,,10,10,0,11,11,104,,1511311525125512533233,ABAACAABDBADBBADBCCDCC,ABAAACABBDADBBADBCCDCC,,,0,104,,,,L_B1_Dsk___pat00001,,,,,,,,,
79841,20,,,,,,,,,32,33,12,130000000000131500000000515000000007152000000000150000000000251200000000,,00000107,,,,,,,,10,10,0,10,10,107,,1511311525125512533233,ABAACAABDBADBBADBCCDCC,ABAAACABBDADBBADBCCDCC,,,0,107,,,,,L_T1_GTR___hekomi__,,,,,L_T1_GTR03_51000001,,,,32,33,12,135000000000100000000000131000000007512000000000515200000000215500000000,,00000104,,,,,,,,10,10,0,11,11,104,,1511311525125512533233,ABAACAABDBADBBADBCCDCC,ABAAACABBDADBBADBCCDCC,,,0,104,,,,L_B1_Dsk___pat00001,,,,,,,,,
79854,21,,,,,,,,,32,33,12,130000000000131500000000515000000007152000000000150000000000251200000000,,00000107,,,,,,,,10,10,0,10,10,107,,1511311525125512533233,ABAACAABDBADBBADBCCDCC,ABAAACABBDADBBADBCCDCC,,,0,107,,,,,L_T1_GTR___hekomi__,,,,,L_T1_GTR03_51000001,,,,33,12,32,135000000000100000000000131000000007512000000000515230000000215520000000,,00000113,,,,,,,,11,11,0,9,9,113,,151131152512551253323312,ABAACAABDBADBBADBCCDCCAD,ABAAACABBDADBBADBCCDCCAD,,,0,113,,,,L_B1_Dsk___pat00001,,,,,,,,,
79885,22,,,,,,,,,33,12,32,130000000000131500000000515000000007152000000000150000000000251223000000,,00000115,,,,,,,,11,11,0,8,8,115,,151131152512551253323312,ABAACAABDBADBBADBCCDCCAD,ABAAACABBDADBBADBCCDCCAD,,,0,115,,,,,L_T1_GTR___hekomi__,,,,,L_T1_GTR03_51000001,,,,33,12,32,135000000000100000000000131000000007512000000000515230000000215520000000,,00000113,,,,,,,,11,11,0,9,9,113,,151131152512551253323312,ABAACAABDBADBBADBCCDCCAD,ABAAACABBDADBBADBCCDCCAD,,,0,113,,,,L_B1_Dsk___pat00001,,,,,,,,,
79924,23,,,,,,,,,33,12,32,130000000000131500000000515000000007152000000000150000000000251223000000,,00000115,,,,,,,,11,11,0,8,8,115,,151131152512551253323312,ABAACAABDBADBBADBCCDCCAD,ABAAACABBDADBBADBCCDCCAD,,,0,115,,,,,L_T1_GTR___hekomi__,,,,,L_T1_GTR03_51000001,,,,12,32,35,135300000000130000000000131000000007512000000000515230000000215520000000,,00000123,,,,,,,,12,12,0,10,10,123,,15113115251255125332331232,ABAACAABDBADBBADBCCDCCADCD,ABAAACABBDADBBADBCCDCCADCD,,,0,123,,,,L_B1_Dsk___pat00001,,,,,,,,,
79927,24,,,,,,,,,12,32,35,130000000000131500000000515000000007152000000000150000000000251223330000,,00000121,,,,,,,,12,12,0,6,6,121,,15113115251255125332331232,ABAACAABDBADBBADBCCDCCADCD,ABAAACABBDADBBADBCCDCCADCD,,,0,121,,,,,L_T1_GTR___hekomi__,,,,,L_T1_GTR03_51000001,,,,12,32,35,135300000000130000000000131000000007512000000000515230000000215520000000,,00000123,,,,,,,,12,12,0,10,10,123,,15113115251255125332331232,ABAACAABDBADBBADBCCDCCADCD,ABAAACABBDADBBADBCCDCCADCD,,,0,123,,,,L_B1_Dsk___pat00001,,,,,,,,,
79967,25,,,,,,,,,12,32,35,130000000000131500000000515000000007152000000000150000000000251223330000,,00000121,,,,,,,,12,12,0,6,6,121,,15113115251255125332331232,ABAACAABDBADBBADBCCDCCADCD,ABAAACABBDADBBADBCCDCCADCD,,,0,121,,,,,L_T1_GTR___hekomi__,,,,,L_T1_GTR03_51000001,,,,32,35,25,135300000000130000000000131120000007512000000000515230000000215520000000,,00000133,,,,,,,,13,13,0,10,10,133,,1511311525125512533233123235,ABAACAABDBADBBADBCCDCCADCDCB,ABAAACABBDADBBADBCCDCCADCDBC,,,0,133,,,,,,,,,,,,,
79977,26,,,,,,,,,32,35,25,130000000000131500000000515000000007152000000000151200000000251223330000,,00000132,,,,,,,,13,13,0,11,11,132,,1511311525125512533233123235,ABAACAABDBADBBADBCCDCCADCDCB,ABAAACABBDADBBADBCCDCCADCDBC,,,0,132,,,,,L_T1_GTR___hekomi__,,,,,L_T1_GTR03_51000001,,,,32,35,25,135300000000130000000000131120000007512000000000515230000000215520000000,,00000133,,,,,,,,13,13,0,10,10,133,,1511311525125512533233123235,ABAACAABDBADBBADBCCDCCADCDCB,ABAAACABBDADBBADBCCDCCADCDBC,,,0,133,,,,,,,,,,,,,
80013,27,,,,,,,,,32,35,25,130000000000131500000000515000000007152000000000151200000000251223330000,,00000132,,,,,,,,13,13,0,11,11,132,,1511311525125512533233123235,ABAACAABDBADBBADBCCDCCADCDCB,ABAAACABBDADBBADBCCDCCADCDBC,,,0,132,,,,,L_T1_GTR___hekomi__,,,,,L_T1_GTR03_51000001,,,,35,25,31,135300000000130000000000131120000007512320000000515230000000215520000000,,00000143,,,,,,,,14,14,0,10,10,143,,151131152512551253323312323525,ABAACAABDBADBBADBCCDCCADCDCBDB,ABAAACABBDADBBADBCCDCCADCDBCBD,,,0,143,,,,,,,,,,,,,
80027,28,,,,,,,,,35,25,31,133200000000131500000000515000000007152000000000151200000000251223330000,,00000143,,,,,,,,14,14,0,11,11,143,,151131152512551253323312323525,ABAACAABDBADBBADBCCDCCADCDCBDB,ABAAACABBDADBBADBCCDCCADCDBCBD,,,0,143,,,,,L_T1_GTR___standard,,,,,L_T1_GTR03_51000001/L_T1_GTR03_33000001,,,,35,25,31,135300000000130000000000131120000007512320000000515230000000215520000000,,00000143,,,,,,,,14,14,0,10,10,143,,151131152512551253323312323525,ABAACAABDBADBBADBCCDCCADCDCBDB,ABAAACABBDADBBADBCCDCCADCDBCBD,,,0,143,,,,,,,,,,,,,
80076,29,,,,,,,,,25,31,35,133200000000131500000000515000000007152000000000151235000000251223330000,,00000148,,,,,,,,15,15,0,5,5,148,,15113115251255125332331232352531,ABAACAABDBADBBADBCCDCCADCDCBDBCA,ABAAACABBDADBBADBCCDCCADCDBCBDAC,,,0,148,,,,,L_T1_GTR___standard,,,,,L_T1_GTR03_51000001/L_T1_GTR03_33000001,,,,35,25,31,135300000000130000000000131120000007512320000000515230000000215520000000,,00000143,,,,,,,,14,14,0,10,10,143,,151131152512551253323312323525,ABAACAABDBADBBADBCCDCCADCDCBDB,ABAAACABBDADBBADBCCDCCADCDBCBD,,,0,143,,,,,,,,,,,,,
80083,30,,,,,,,,,25,31,35,133200000000131500000000515000000007152000000000151235000000251223330000,,00000148,,,,,,,,15,15,0,5,5,148,,15113115251255125332331232352531,ABAACAABDBADBBADBCCDCCADCDCBDBCA,ABAAACABBDADBBADBCCDCCADCDBCBDAC,,,0,148,,,,,L_T1_GTR___standard,,,,,L_T1_GTR03_51000001/L_T1_GTR03_33000001,,,,25,31,35,135330000000135000000000131120000007512320000000515230000000215520000000,,00000152,,,,,,,,15,15,0,9,9,152,,15113115251255125332331232352531,ABAACAABDBADBBADBCCDCCADCDCBDBCA,ABAAACABBDADBBADBCCDCCADCDBCBDAC,,,0,152,,,,,,,,,,,,,
80121,31,,,,,,,,,31,35,15,133220000000131550000000515000000007152000000000151235000000251223330000,,00000157,,,,,,,,16,16,0,9,9,157,,1511311525125512533233123235253135,ABAACAABDBADBBADBCCDCCADCDCBDBCACB,ABAAACABBDADBBADBCCDCCADCDBCBDACBC,,,0,157,,,,,L_T1_GTR___standard,,,,,L_T1_GTR03_51000001/L_T1_GTR03_33000001,,,,25,31,35,135330000000135000000000131120000007512320000000515230000000215520000000,,00000152,,,,,,,,15,15,0,9,9,152,,15113115251255125332331232352531,ABAACAABDBADBBADBCCDCCADCDCBDBCA,ABAAACABBDADBBADBCCDCCADCDBCBDAC,,,0,152,,,,,,,,,,,,,
80127,32,,,,,,,,,31,35,15,133220000000131550000000515000000007152000000000151235000000251223330000,,00000157,,,,,,,,16,16,0,9,9,157,,1511311525125512533233123235253135,ABAACAABDBADBBADBCCDCCADCDCBDBCACB,ABAAACABBDADBBADBCCDCCADCDBCBDACBC,,,0,157,,,,,L_T1_GTR___standard,,,,,L_T1_GTR03_51000001/L_T1_GTR03_33000001,,,,31,35,15,135330000000135520000000131120000007512320000000515230000000215520000000,,00000161,,,,,,,,16,16,0,9,9,161,,1511311525125512533233123235253135,ABAACAABDBADBBADBCCDCCADCDCBDBCACB,ABAAACABBDADBBADBCCDCCADCDBCBDACBC,,,0,161,,,,,,,,,,,,,
80167,33,,,,,,,,,35,15,35,133220000000131550000000515100000007152300000000151235000000251223330000,,00000167,,,,,,,,17,17,0,10,10,167,,151131152512551253323312323525313515,ABAACAABDBADBBADBCCDCCADCDCBDBCACBAB,ABAAACABBDADBBADBCCDCCADCDBCBDACBCAB,,,0,167,,,,,L_T1_GTR___standard,,,,,L_T1_GTR03_51000001/L_T1_GTR03_33000001,,,,31,35,15,135330000000135520000000131120000007512320000000515230000000215520000000,,00000161,,,,,,,,16,16,0,9,9,161,,1511311525125512533233123235253135,ABAACAABDBADBBADBCCDCCADCDCBDBCACB,ABAAACABBDADBBADBCCDCCADCDBCBDACBC,,,0,161,,,,,,,,,,,,,
80174,34,,,,,,,,,35,15,35,133220000000131550000000515100000007152300000000151235000000251223330000,,00000167,,,,,,,,17,17,0,10,10,167,,151131152512551253323312323525313515,ABAACAABDBADBBADBCCDCCADCDCBDBCACBAB,ABAAACABBDADBBADBCCDCCADCDBCBDACBCAB,,,0,167,,,,,L_T1_GTR___standard,,,,,L_T1_GTR03_51000001/L_T1_GTR03_33000001,,,,35,15,35,135333000000135521000000131120000007512320000000515230000000215520000000,,00000169,,,,,,,,17,17,0,8,8,169,,151131152512551253323312323525313515,ABAACAABDBADBBADBCCDCCADCDCBDBCACBAB,ABAAACABBDADBBADBCCDCCADCDBCBDACBCAB,,,0,169,,,,,,,,,,,,,
80209,35,,,,,,,,,15,35,25,133220000000131550000000515153000007152300000000151235000000251223330000,,00000175,,,,,,,,18,18,0,8,8,175,,15113115251255125332331232352531351535,ABAACAABDBADBBADBCCDCCADCDCBDBCACBABCB,ABAAACABBDADBBADBCCDCCADCDBCBDACBCABBC,,,0,175,,,,,L_T1_GTR___standard,,,,,L_T1_GTR03_51000001/L_T1_GTR03_33000001,,,,35,15,35,135333000000135521000000131120000007512320000000515230000000215520000000,,00000169,,,,,,,,17,17,0,8,8,169,,151131152512551253323312323525313515,ABAACAABDBADBBADBCCDCCADCDCBDBCACBAB,ABAAACABBDADBBADBCCDCCADCDBCBDACBCAB,,,0,169,,,,,,,,,,,,,
80220,36,,,,,,,,,15,35,25,133220000000131550000000515153000007152300000000151235000000251223330000,,00000175,,,,,,,,18,18,0,8,8,175,,15113115251255125332331232352531351535,ABAACAABDBADBBADBCCDCCADCDCBDBCACBABCB,ABAAACABBDADBBADBCCDCCADCDBCBDACBCABBC,,,0,175,,,,,L_T1_GTR___standard,,,,,L_T1_GTR03_51000001/L_T1_GTR03_33000001,,,,15,35,25,135333000000135521000000131120000007512320000000515233500000215520000000,,00000177,,,,,,,,18,18,0,8,8,177,,15113115251255125332331232352531351535,ABAACAABDBADBBADBCCDCCADCDCBDBCACBABCB,ABAAACABBDADBBADBCCDCCADCDBCBDACBCABBC,,,0,177,,,,,,,,,,,,,
80253,37,,,,,,,,,35,25,12,133220000000131550000000515153000007152315000000151235000000251223330000,,00000184,,,,,,,,19,19,0,9,9,184,,1511311525125512533233123235253135153525,ABAACAABDBADBBADBCCDCCADCDCBDBCACBABCBDB,ABAAACABBDADBBADBCCDCCADCDBCBDACBCABBCBD,,,0,184,,,,,L_T1_GTR___standard,,,,,L_T1_GTR03_51000001/L_T1_GTR03_33000001,,,,15,35,25,135333000000135521000000131120000007512320000000515233500000215520000000,,00000177,,,,,,,,18,18,0,8,8,177,,15113115251255125332331232352531351535,ABAACAABDBADBBADBCCDCCADCDCBDBCACBABCB,ABAAACABBDADBBADBCCDCCADCDBCBDACBCABBC,,,0,177,,,,,,,,,,,,,
80261,38,,,,,,,,,35,25,12,133220000000131550000000515153000007152315000000151235000000251223330000,,00000184,,,,,,,,19,19,0,9,9,184,,1511311525125512533233123235253135153525,ABAACAABDBADBBADBCCDCCADCDCBDBCACBABCBDB,ABAAACABBDADBBADBCCDCCADCDBCBDACBCABBCBD,,,0,184,,,,,L_T1_GTR___standard,,,,,L_T1_GTR03_51000001/L_T1_GTR03_33000001,,,,35,25,12,135333000000135521000000131121500007512320000000515233500000215520000000,,00000185,,,,,,,,19,19,0,8,8,185,,1511311525125512533233123235253135153525,ABAACAABDBADBBADBCCDCCADCDCBDBCACBABCBDB,ABAAACABBDADBBADBCCDCCADCDBCBDACBCABBCBD,,,0,185,,,,,,,,,,,,,
80291,39,,,,,,,,,25,12,32,133220000000131550000000515153300007152315500000151235000000251223330000,,00000191,,,,,,,,20,20,0,7,7,191,,151131152512551253323312323525313515352512,ABAACAABDBADBBADBCCDCCADCDCBDBCACBABCBDBAD,ABAAACABBDADBBADBCCDCCADCDBCBDACBCABBCBDAD,,,0,191,,,,,L_T1_GTR___standard,,,,,L_T1_GTR03_51000001/L_T1_GTR03_33000001,,,,35,25,12,135333000000135521000000131121500007512320000000515233500000215520000000,,00000185,,,,,,,,19,19,0,8,8,185,,1511311525125512533233123235253135153525,ABAACAABDBADBBADBCCDCCADCDCBDBCACBABCBDB,ABAAACABBDADBBADBCCDCCADCDBCBDACBCABBCBD,,,0,185,,,,,,,,,,,,,
80303,40,,,,,,,,,25,12,32,133220000000131550000000515153300007152315500000151235000000251223330000,,00000191,,,,,,,,20,20,0,7,7,191,,151131152512551253323312323525313515352512,ABAACAABDBADBBADBCCDCCADCDCBDBCACBABCBDBAD,ABAAACABBDADBBADBCCDCCADCDBCBDACBCABBCBDAD,,,0,191,,,,,L_T1_GTR___standard,,,,,L_T1_GTR03_51000001/L_T1_GTR03_33000001,,,,25,12,32,135333000000135521000000131121500007512323500000515233500000215520000000,,00000193,,,,,,,,20,20,0,8,8,193,,151131152512551253323312323525313515352512,ABAACAABDBADBBADBCCDCCADCDCBDBCACBABCBDBAD,ABAAACABBDADBBADBCCDCCADCDBCBDACBCABBCBDAD,,,0,193,,,,,,,,,,,,,
80343,41,,,,,,,,,25,12,32,133220000000131550000000515153300007152315500000151235000000251223330000,,00000191,,,,,,,,20,20,0,7,7,191,,151131152512551253323312323525313515352512,ABAACAABDBADBBADBCCDCCADCDCBDBCACBABCBDBAD,ABAAACABBDADBBADBCCDCCADCDBCBDACBCABBCBDAD,,,0,191,,,,,L_T1_GTR___standard,,,,,L_T1_GTR03_51000001/L_T1_GTR03_33000001,,,,12,32,13,135333000000135521000000131121500007512323525000515233500000215520000000,,00000199,,,,,,,,21,21,0,6,6,199,,15113115251255125332331232352531351535251232,ABAACAABDBADBBADBCCDCCADCDCBDBCACBABCBDBADCD,ABAAACABBDADBBADBCCDCCADCDBCBDACBCABBCBDADCD,,,0,199,,,,,,,,,,,,,
80345,42,,,,,,,,,12,32,13,133220000000131550000000515153300007152315500000151235250000251223330000,,00000198,,,,,,,,21,21,0,7,7,198,,15113115251255125332331232352531351535251232,ABAACAABDBADBBADBCCDCCADCDCBDBCACBABCBDBADCD,ABAAACABBDADBBADBCCDCCADCDBCBDACBCABBCBDADCD,,,0,198,,,,,L_T1_GTR___standard,,,,,L_T1_GTR03_51000001/L_T1_GTR03_33000001,,,,12,32,13,135333000000135521000000131121500007512323525000515233500000215520000000,,00000199,,,,,,,,21,21,0,6,6,199,,15113115251255125332331232352531351535251232,ABAACAABDBADBBADBCCDCCADCDCBDBCACBABCBDBADCD,ABAAACABBDADBBADBCCDCCADCDBCBDACBCABBCBDADCD,,,0,199,,,,,,,,,,,,,
80383,43,,,,,,,,,12,32,13,133220000000131550000000515153300007152315500000151235250000251223330000,,00000198,,,,,,,,21,21,0,7,7,198,,15113115251255125332331232352531351535251232,ABAACAABDBADBBADBCCDCCADCDCBDBCACBABCBDBADCD,ABAAACABBDADBBADBCCDCCADCDBCBDACBCABBCBDADCD,,,0,198,,,,,L_T1_GTR___standard,,,,,L_T1_GTR03_51000001/L_T1_GTR03_33000001,,,,32,13,23,135333200000135521100000131121500007512323525000515233500000215520000000,,00000206,,,,,,,,22,22,0,7,7,206,,1511311525125512533233123235253135153525123213,ABAACAABDBADBBADBCCDCCADCDCBDBCACBABCBDBADCDAC,ABAAACABBDADBBADBCCDCCADCDBCBDACBCABBCBDADCDAC,,,0,206,,,,,,,,,,,,,
80387,44,,,,,,,,,32,13,23,133222100000131550000000515153300007152315500000151235250000251223330000,,00000205,,,,,,,,22,22,0,7,7,205,,1511311525125512533233123235253135153525123213,ABAACAABDBADBBADBCCDCCADCDCBDBCACBABCBDBADCDAC,ABAAACABBDADBBADBCCDCCADCDBCBDACBCABBCBDADCDAC,,,0,205,,,,,L_T1_GTR___standard,,,,,L_T1_GTR03_51000001/L_T1_GTR03_33000001,,,,32,13,23,135333200000135521100000131121500007512323525000515233500000215520000000,,00000206,,,,,,,,22,22,0,7,7,206,,1511311525125512533233123235253135153525123213,ABAACAABDBADBBADBCCDCCADCDCBDBCACBABCBDBADCDAC,ABAAACABBDADBBADBCCDCCADCDBCBDACBCABBCBDADCDAC,,,0,206,,,,,,,,,,,,,
80419,45,,,,,,,,,32,13,23,133222100000131550000000515153300007152315500000151235250000251223330000,,00000205,,,,,,,,22,22,0,7,7,205,,1511311525125512533233123235253135153525123213,ABAACAABDBADBBADBCCDCCADCDCBDBCACBABCBDBADCDAC,ABAAACABBDADBBADBCCDCCADCDBCBDACBCABBCBDADCDAC,,,0,205,,,,,L_T1_GTR___standard,,,,,L_T1_GTR03_51000001/L_T1_GTR03_33000001,,,,13,23,25,135333220000135521130000131121500007512323525000515233500000215520000000,,00000212,,,,,,,,23,23,0,6,6,212,,151131152512551253323312323525313515352512321323,ABAACAABDBADBBADBCCDCCADCDCBDBCACBABCBDBADCDACDC,ABAAACABBDADBBADBCCDCCADCDBCBDACBCABBCBDADCDACCD,,,0,212,,,,,,,,,,,,,
80430,46,,,,,,,,,13,23,25,133222100000131553200000515153300007152315500000151235250000251223330000,,00000213,,,,,,,,23,23,0,8,8,213,,151131152512551253323312323525313515352512321323,ABAACAABDBADBBADBCCDCCADCDCBDBCACBABCBDBADCDACDC,ABAAACABBDADBBADBCCDCCADCDBCBDACBCABBCBDADCDACCD,,,0,213,,,,,L_T1_GTR___standard,,,,,L_T1_GTR03_51000001/L_T1_GTR03_33000001,,,,13,23,25,135333220000135521130000131121500007512323525000515233500000215520000000,,00000212,,,,,,,,23,23,0,6,6,212,,151131152512551253323312323525313515352512321323,ABAACAABDBADBBADBCCDCCADCDCBDBCACBABCBDBADCDACDC,ABAAACABBDADBBADBCCDCCADCDBCBDACBCABBCBDADCDACCD,,,0,212,,,,,,,,,,,,,
80453,47,,,,,,,,,13,23,25,133222100000131553200000515153300007152315500000151235250000251223330000,,00000213,,,,,,,,23,23,0,8,8,213,,151131152512551253323312323525313515352512321323,ABAACAABDBADBBADBCCDCCADCDCBDBCACBABCBDBADCDACDC,ABAAACABBDADBBADBCCDCCADCDBCBDACBCABBCBDADCDACCD,,,0,213,,,,,L_T1_GTR___standard,,,,,L_T1_GTR03_51000001/L_T1_GTR03_33000001,,,,23,25,13,135333220000135521130000131121531007512323525000515233500000215520000000,,00000217,,,,,,,,24,24,0,5,5,217,,15113115251255125332331232352531351535251232132325,ABAACAABDBADBBADBCCDCCADCDCBDBCACBABCBDBADCDACDCDB,ABAAACABBDADBBADBCCDCCADCDBCBDACBCABBCBDADCDACCDBD,,,0,217,,,,,,,,,,,,,
80466,48,,,,,,,,,23,25,13,133222100000131553200000515153313007152315500000151235250000251223330000,,00000219,,,,,,,,24,24,0,6,6,219,,15113115251255125332331232352531351535251232132325,ABAACAABDBADBBADBCCDCCADCDCBDBCACBABCBDBADCDACDCDB,ABAAACABBDADBBADBCCDCCADCDBCBDACBCABBCBDADCDACCDBD,,,0,219,,,,,L_T1_GTR___standard,,,,,L_T1_GTR03_51000001/L_T1_GTR03_33000001,,,,23,25,13,135333220000135521130000131121531007512323525000515233500000215520000000,,00000217,,,,,,,,24,24,0,5,5,217,,15113115251255125332331232352531351535251232132325,ABAACAABDBADBBADBCCDCCADCDCBDBCACBABCBDBADCDACDCDB,ABAAACABBDADBBADBCCDCCADCDBCBDACBCABBCBDADCDACCDBD,,,0,217,,,,,,,,,,,,,
80506,49,,,,,,,,,25,13,31,133222100000131553200000515153313007152315500000151235253000251223332000,,00000224,,,,,,,,25,25,0,5,5,224,,1511311525125512533233123235253135153525123213232513,ABAACAABDBADBBADBCCDCCADCDCBDBCACBABCBDBADCDACDCDBAC,ABAAACABBDADBBADBCCDCCADCDBCBDACBCABBCBDADCDACCDBDAC,,,0,224,,,,,L_T1_GTR___standard,,,,,L_T1_GTR03_51000001/L_T1_GTR03_33000001,,,,23,25,13,135333220000135521130000131121531007512323525000515233500000215520000000,,00000217,,,,,,,,24,24,0,5,5,217,,15113115251255125332331232352531351535251232132325,ABAACAABDBADBBADBCCDCCADCDCBDBCACBABCBDBADCDACDCDB,ABAAACABBDADBBADBCCDCCADCDBCBDACBCABBCBDADCDACCDBD,,,0,217,,,,,,,,,,,,,
80517,50,,,,,,,,,25,13,31,133222100000131553200000515153313007152315500000151235253000251223332000,,00000224,,,,,,,,25,25,0,5,5,224,,1511311525125512533233123235253135153525123213232513,ABAACAABDBADBBADBCCDCCADCDCBDBCACBABCBDBADCDACDCDBAC,ABAAACABBDADBBADBCCDCCADCDBCBDACBCABBCBDADCDACCDBDAC,,,0,224,,,,,L_T1_GTR___standard,,,,,L_T1_GTR03_51000001/L_T1_GTR03_33000001,,,,25,13,31,135333220000135521130000131121531007512323525300515233520000215520000000,,00000221,,,,,,,,25,25,0,4,4,221,,1511311525125512533233123235253135153525123213232513,ABAACAABDBADBBADBCCDCCADCDCBDBCACBABCBDBADCDACDCDBAC,ABAAACABBDADBBADBCCDCCADCDBCBDACBCABBCBDADCDACCDBDAC,,,0,221,,,,,,,,,,,,,
80553,51,,,,,,,,,13,31,25,133222150000131553220000515153313007152315500000151235253000251223332000,,00000230,,,,,,,,26,26,0,6,6,230,,151131152512551253323312323525313515352512321323251331,ABAACAABDBADBBADBCCDCCADCDCBDBCACBABCBDBADCDACDCDBACCA,ABAAACABBDADBBADBCCDCCADCDBCBDACBCABBCBDADCDACCDBDACAC,,,0,230,,,,,L_T1_GTR___standard,,,,,L_T1_GTR03_51000001/L_T1_GTR03_33000001,,,,25,13,31,135333220000135521130000131121531007512323525300515233520000215520000000,,00000221,,,,,,,,25,25,0,4,4,221,,1511311525125512533233123235253135153525123213232513,ABAACAABDBADBBADBCCDCCADCDCBDBCACBABCBDBADCDACDCDBAC,ABAAACABBDADBBADBCCDCCADCDBCBDACBCABBCBDADCDACCDBDAC,,,0,221,,,,,,,,,,,,,
80582,52,,,,,,,,,13,31,25,133222150000131553220000515153313007152315500000151235253000251223332000,,00000230,,,,,,,,26,26,0,6,6,230,,151131152512551253323312323525313515352512321323251331,ABAACAABDBADBBADBCCDCCADCDCBDBCACBABCBDBADCDACDCDBACCA,ABAAACABBDADBBADBCCDCCADCDBCBDACBCABBCBDADCDACCDBDACAC,,,0,230,,,,,L_T1_GTR___standard,,,,,L_T1_GTR03_51000001/L_T1_GTR03_33000001,,,,13,31,25,135333220000135521130000131121531007512323525300515233522000215525000000,,00000226,,,,,,,,26,26,0,5,5,226,,151131152512551253323312323525313515352512321323251331,ABAACAABDBADBBADBCCDCCADCDCBDBCACBABCBDBADCDACDCDBACCA,ABAAACABBDADBBADBCCDCCADCDBCBDACBCABBCBDADCDACCDBDACAC,,,0,226,,,,,,,,,,,,,
80611,53,,,,,,,,,31,25,15,133222150000131553220000515153313007152315510000151235253300251223332000,,00000234,,,,,,,,27,27,0,4,4,234,,15113115251255125332331232352531351535251232132325133125,ABAACAABDBADBBADBCCDCCADCDCBDBCACBABCBDBADCDACDCDBACCADB,ABAAACABBDADBBADBCCDCCADCDBCBDACBCABBCBDADCDACCDBDACACBD,,,0,234,,,,,L_T1_GTR___standard,,,,,L_T1_GTR03_51000001/L_T1_GTR03_33000001,,,,13,31,25,135333220000135521130000131121531007512323525300515233522000215525000000,,00000226,,,,,,,,26,26,0,5,5,226,,151131152512551253323312323525313515352512321323251331,ABAACAABDBADBBADBCCDCCADCDCBDBCACBABCBDBADCDACDCDBACCA,ABAAACABBDADBBADBCCDCCADCDBCBDACBCABBCBDADCDACCDBDACAC,,,0,226,,,,,,,,,,,,,
80627,54,,,,,,,,,31,25,15,133222150000131553220000515153313007152315510000151235253300251223332000,,00000234,,,,,,,,27,27,0,4,4,234,,15113115251255125332331232352531351535251232132325133125,ABAACAABDBADBBADBCCDCCADCDCBDBCACBABCBDBADCDACDCDBACCADB,ABAAACABBDADBBADBCCDCCADCDBCBDACBCABBCBDADCDACCDBDACACBD,,,0,234,,,,,L_T1_GTR___standard,,,,,L_T1_GTR03_51000001/L_T1_GTR03_33000001,,,,31,25,15,135333220000135521130000131121531007512323525300515233522000215525310000,,00000232,,,,,,,,27,27,0,6,6,232,,15113115251255125332331232352531351535251232132325133125,ABAACAABDBADBBADBCCDCCADCDCBDBCACBABCBDBADCDACDCDBACCADB,ABAAACABBDADBBADBCCDCCADCDBCBDACBCABBCBDADCDACCDBDACACBD,,,0,232,,,,,,,,,,,,,
80672,55,,,,,,,,,25,15,13,133222150000131553220000515153313007152315511000151235253330251223332000,,00000237,,,,,,,,28,28,0,3,3,237,,1511311525125512533233123235253135153525123213232513312515,ABAACAABDBADBBADBCCDCCADCDCBDBCACBABCBDBADCDACDCDBACCADBAB,ABAAACABBDADBBADBCCDCCADCDBCBDACBCABBCBDADCDACCDBDACACBDAB,,,0,237,,,,,L_T1_GTR___standard,,,,,L_T1_GTR03_51000001/L_T1_GTR03_33000001,,,,31,25,15,135333220000135521130000131121531007512323525300515233522000215525310000,,00000232,,,,,,,,27,27,0,6,6,232,,15113115251255125332331232352531351535251232132325133125,ABAACAABDBADBBADBCCDCCADCDCBDBCACBABCBDBADCDACDCDBACCADB,ABAAACABBDADBBADBCCDCCADCDBCBDACBCABBCBDADCDACCDBDACACBD,,,0,232,,,,,,,,,,,,,
80683,56,,,,,,,,,25,15,13,133222150000131553220000515153313007152315511000151235253330251223332000,,00000237,,,,,,,,28,28,0,3,3,237,,1511311525125512533233123235253135153525123213232513312515,ABAACAABDBADBBADBCCDCCADCDCBDBCACBABCBDBADCDACDCDBACCADBAB,ABAAACABBDADBBADBCCDCCADCDBCBDACBCABBCBDADCDACCDBDACACBDAB,,,0,237,,,,,L_T1_GTR___standard,,,,,L_T1_GTR03_51000001/L_T1_GTR03_33000001,,,,25,15,13,135333220000135521130000131121531007512323525300515233522300215525311000,,00000236,,,,,,,,28,28,0,4,4,236,,1511311525125512533233123235253135153525123213232513312515,ABAACAABDBADBBADBCCDCCADCDCBDBCACBABCBDBADCDACDCDBACCADBAB,ABAAACABBDADBBADBCCDCCADCDBCBDACBCABBCBDADCDACCDBDACACBDAB,,,0,236,,,,,,,,,,,,,
80711,57,,,,,,,,,15,13,13,133222150000131553220000515153313007152315511000151235253330251223332250,,00000241,,,,,,,,29,29,0,4,4,241,,151131152512551253323312323525313515352512321323251331251513,ABAACAABDBADBBADBCCDCCADCDCBDBCACBABCBDBADCDACDCDBACCADBABAC,ABAAACABBDADBBADBCCDCCADCDBCBDACBCABBCBDADCDACCDBDACACBDABAC,,,0,241,,,,,L_T1_GTR___standard,,,,,L_T1_GTR03_51000001/L_T1_GTR03_33000001,,,,25,15,13,135333220000135521130000131121531007512323525300515233522300215525311000,,00000236,,,,,,,,28,28,0,4,4,236,,1511311525125512533233123235253135153525123213232513312515,ABAACAABDBADBBADBCCDCCADCDCBDBCACBABCBDBADCDACDCDBACCADBAB,ABAAACABBDADBBADBCCDCCADCDBCBDACBCABBCBDADCDACCDBDACACBDAB,,,0,236,,,,,,,,,,,,,
80721,58,,,,,,,,,15,13,13,133222150000131553220000515153313007152315511000151235253330251223332250,,00000241,,,,,,,,29,29,0,4,4,241,,151131152512551253323312323525313515352512321323251331251513,ABAACAABDBADBBADBCCDCCADCDCBDBCACBABCBDBADCDACDCDBACCADBABAC,ABAAACABBDADBBADBCCDCCADCDBCBDACBCABBCBDADCDACCDBDACACBDABAC,,,0,241,,,,,L_T1_GTR___standard,,,,,L_T1_GTR03_51000001/L_T1_GTR03_33000001,,,,15,13,13,135333222500135521130000131121531007512323525300515233522300215525311000,,00000241,,,,,,,,29,29,0,5,5,241,,151131152512551253323312323525313515352512321323251331251513,ABAACAABDBADBBADBCCDCCADCDCBDBCACBABCBDBADCDACDCDBACCADBABAC,ABAAACABBDADBBADBCCDCCADCDBCBDACBCABBCBDADCDACCDBDACACBDABAC,,,0,241,,,,,,,,,,,,,
80750,59,,,,,,,,,13,13,31,133222151000131553225000515153313007152315511000151235253330251223332250,,00000246,,,,,,,,30,30,0,5,5,246,,15113115251255125332331232352531351535251232132325133125151313,ABAACAABDBADBBADBCCDCCADCDCBDBCACBABCBDBADCDACDCDBACCADBABACAC,ABAAACABBDADBBADBCCDCCADCDBCBDACBCABBCBDADCDACCDBDACACBDABACAC,,,0,246,,,,,L_T1_GTR___standard,,,,,L_T1_GTR03_51000001/L_T1_GTR03_33000001,,,,15,13,13,135333222500135521130000131121531007512323525300515233522300215525311000,,00000241,,,,,,,,29,29,0,5,5,241,,151131152512551253323312323525313515352512321323251331251513,ABAACAABDBADBBADBCCDCCADCDCBDBCACBABCBDBADCDACDCDBACCADBABAC,ABAAACABBDADBBADBCCDCCADCDBCBDACBCABBCBDADCDACCDBDACACBDABAC,,,0,241,,,,,,,,,,,,,
80759,60,,,,,,,,,13,13,31,133222151000131553225000515153313007152315511000151235253330251223332250,,00000246,,,,,,,,30,30,0,5,5,246,,15113115251255125332331232352531351535251232132325133125151313,ABAACAABDBADBBADBCCDCCADCDCBDBCACBABCBDBADCDACDCDBACCADBABACAC,ABAAACABBDADBBADBCCDCCADCDBCBDACBCABBCBDADCDACCDBDACACBDABACAC,,,0,246,,,,,L_T1_GTR___standard,,,,,L_T1_GTR03_51000001/L_T1_GTR03_33000001,,,,13,13,31,135333222500135521130000131121531007512323525300515233522300215525311150,,00000245,,,,,,,,30,30,0,4,4,245,,15113115251255125332331232352531351535251232132325133125151313,ABAACAABDBADBBADBCCDCCADCDCBDBCACBABCBDBADCDACDCDBACCADBABACAC,ABAAACABBDADBBADBCCDCCADCDBCBDACBCABBCBDADCDACCDBDACACBDABACAC,,,0,245,,,,,,,,,,,,,
80788,61,,,,,,,,,13,31,55,133222151100131553225300515153313007152315511000151235253330251223332250,,00000250,,,,,,,,31,31,0,4,4,250,,1511311525125512533233123235253135153525123213232513312515131331,ABAACAABDBADBBADBCCDCCADCDCBDBCACBABCBDBADCDACDCDBACCADBABACACCA,ABAAACABBDADBBADBCCDCCADCDBCBDACBCABBCBDADCDACCDBDACACBDABACACAC,,,0,250,,,,,L_T1_GTR___standard,,,,,L_T1_GTR03_51000001/L_T1_GTR03_33000001,,,,13,13,31,135333222500135521130000131121531007512323525300515233522300215525311150,,00000245,,,,,,,,30,30,0,4,4,245,,15113115251255125332331232352531351535251232132325133125151313,ABAACAABDBADBBADBCCDCCADCDCBDBCACBABCBDBADCDACDCDBACCADBABACAC,ABAAACABBDADBBADBCCDCCADCDBCBDACBCABBCBDADCDACCDBDACACBDABACAC,,,0,245,,,,,,,,,,,,,
80801,62,,,,,,,,,13,31,55,133222151100131553225300515153313007152315511000151235253330251223332250,,00000250,,,,,,,,31,31,0,4,4,250,,1511311525125512533233123235253135153525123213232513312515131331,ABAACAABDBADBBADBCCDCCADCDCBDBCACBABCBDBADCDACDCDBACCADBABACACCA,ABAAACABBDADBBADBCCDCCADCDBCBDACBCABBCBDADCDACCDBDACACBDABACACAC,,,0,250,,,,,L_T1_GTR___standard,,,,,L_T1_GTR03_51000001/L_T1_GTR03_33000001,,,,13,31,55,135333222500135521130000131121531007512323525330515233522310215525311150,,00000248,,,,,,,,31,31,0,3,3,248,,1511311525125512533233123235253135153525123213232513312515131331,ABAACAABDBADBBADBCCDCCADCDCBDBCACBABCBDBADCDACDCDBACCADBABACACCA,ABAAACABBDADBBADBCCDCCADCDBCBDACBCABBCBDADCDACCDBDACACBDABACACAC,,,0,248,,,,,,,,,,,,,
80838,63,,,,,,,,,13,31,55,133222151100131553225300515153313007152315511000151235253330251223332250,,00000250,,,,,,,,31,31,0,4,4,250,,1511311525125512533233123235253135153525123213232513312515131331,ABAACAABDBADBBADBCCDCCADCDCBDBCACBABCBDBADCDACDCDBACCADBABACACCA,ABAAACABBDADBBADBCCDCCADCDBCBDACBCABBCBDADCDACCDBDACACBDABACACAC,,,0,250,,,,,L_T1_GTR___standard,,,,,L_T1_GTR03_51000001/L_T1_GTR03_33000001,,,,31,55,12,135333222531135521130000131121531007512323525330515233522310215525311150,,00000250,,,,,,,,32,32,0,2,2,250,,151131152512551253323312323525313515352512321323251331251513133155,ABAACAABDBADBBADBCCDCCADCDCBDBCACBABCBDBADCDACDCDBACCADBABACACCABB,ABAAACABBDADBBADBCCDCCADCDBCBDACBCABBCBDADCDACCDBDACACBDABACACACBB,,,0,250,,,,,,,,,,,,,
80849,64,,,,,,,,,31,55,12,133222151130131553225310515153313007152315511000151235253330251223332250,,00000252,,,,,,,,32,32,0,2,2,252,,151131152512551253323312323525313515352512321323251331251513133155,ABAACAABDBADBBADBCCDCCADCDCBDBCACBABCBDBADCDACDCDBACCADBABACACCABB,ABAAACABBDADBBADBCCDCCADCDBCBDACBCABBCBDADCDACCDBDACACBDABACACACBB,,,0,252,,,,,L_T1_GTR___standard,,,,,L_T1_GTR03_51000001/L_T1_GTR03_33000001,,,,31,55,12,135333222531135521130000131121531007512323525330515233522310215525311150,,00000250,,,,,,,,32,32,0,2,2,250,,151131152512551253323312323525313515352512321323251331251513133155,ABAACAABDBADBBADBCCDCCADCDCBDBCACBABCBDBADCDACDCDBACCADBABACACCABB,ABAAACABBDADBBADBCCDCCADCDBCBDACBCABBCBDADCDACCDBDACACBDABACACACBB,,,0,250,,,,,,,,,,,,,
80868,65,,,,,,,,,31,55,12,133222151130131553225310515153313007152315511000151235253330251223332250,,00000252,,,,,,,,32,32,0,2,2,252,,151131152512551253323312323525313515352512321323251331251513133155,ABAACAABDBADBBADBCCDCCADCDCBDBCACBABCBDBADCDACDCDBACCADBABACACCABB,ABAAACABBDADBBADBCCDCCADCDBCBDACBCABBCBDADCDACCDBDACACBDABACACACBB,,,0,252,,,,,L_T1_GTR___standard,,,,,L_T1_GTR03_51000001/L_T1_GTR03_33000001,,,,,55,12,135333222531135521130000131121531007512323525333515233522311215525311150,,bb40abb1,,,,,,,,33,0,1,bb40abb1,40,290,,151131152512551253323312323525313515352512321323251331251513133155,ABAACAABDBADBBADBCCDCCADCDCBDBCACBABCBDBADCDACDCDBACCADBABACACCABB,ABAAACABBDADBBADBCCDCCADCDBCBDACBCABBCBDADCDACCDBDACACBDABACACACBB,,,1,290,,,,,,,,,,,,,
80873,66,,,,,,,,,,55,12,133222151130131553225310515153313107152315511300151235253330251223332250,,bb40abb1,,,,,,,,33,0,1,bb40abb1,40,292,,151131152512551253323312323525313515352512321323251331251513133155,ABAACAABDBADBBADBCCDCCADCDCBDBCACBABCBDBADCDACDCDBACCADBABACACCABB,ABAAACABBDADBBADBCCDCCADCDBCBDACBCABBCBDADCDACCDBDACACBDABACACACBB,,,1,292,,,,,L_T1_GTR___standard,,,,,L_T1_GTR03_51000001/L_T1_GTR03_33000001,,,,,55,12,135333222531135521130000131121531007512323525333515233522311215525311150,,bb40abb1,,,,,,,,33,0,1,bb40abb1,40,290,,151131152512551253323312323525313515352512321323251331251513133155,ABAACAABDBADBBADBCCDCCADCDCBDBCACBABCBDBADCDACDCDBACCADBABACACCABB,ABAAACABBDADBBADBCCDCCADCDBCBDACBCABBCBDADCDACCDBDACACBDABACACACBB,,,1,290,,,,,,,,,,,,,
80937,67,,,,,,,,,55,12,21,133222151130131553225310515153313107152315511000151235250000251223332250,,00000296,,,,,,,,34,1,0,4,4,296,,15113115251255125332331232352531351535251232132325133125151313315512,ABAACAABDBADBBADBCCDCCADCDCBDBCACBABCBDBADCDACDCDBACCADBABACACCABBAD,ABAAACABBDADBBADBCCDCCADCDBCBDACBCABBCBDADCDACCDBDACACBDABACACACBBAD,,,1,296,,,,,L_T1_GTR___standard,,,,,L_T1_GTR03_51000001/L_T1_GTR03_33000001,,,,,55,12,135333222531135521130000131121531007512323525333515233522311215525311150,,bb40abb1,,,,,,,,33,0,1,bb40abb1,40,290,,151131152512551253323312323525313515352512321323251331251513133155,ABAACAABDBADBBADBCCDCCADCDCBDBCACBABCBDBADCDACDCDBACCADBABACACCABB,ABAAACABBDADBBADBCCDCCADCDBCBDACBCABBCBDADCDACCDBDACACBDABACACACBB,,,1,290,,,,,,,,,,,,,
80948,68,,,,,,,,,55,12,21,133222151130131553225310515153313107152315511000151235250000251223332250,,00000296,,,,,,,,34,1,0,4,4,296,,15113115251255125332331232352531351535251232132325133125151313315512,ABAACAABDBADBBADBCCDCCADCDCBDBCACBABCBDBADCDACDCDBACCADBABACACCABBAD,ABAAACABBDADBBADBCCDCCADCDBCBDACBCABBCBDADCDACCDBDACACBDABACACACBBAD,,,1,296,,,,,L_T1_GTR___standard,,,,,L_T1_GTR03_51000001/L_T1_GTR03_33000001,,,,,55,12,135333222531135521130000131121531007512323525000515233522110215525311150,,bb50ab10,,,,,,,,34,0,2,bb50ab10,500,790,,151131152512551253323312323525313515352512321323251331251513133155,ABAACAABDBADBBADBCCDCCADCDCBDBCACBABCBDBADCDACDCDBACCADBABACACCABB,ABAAACABBDADBBADBCCDCCADCDBCBDACBCABBCBDADCDACCDBDACACBDABACACACBB,,,2,790,,,,,,,,,,,,,
80989,69,,,,,,,,,12,21,25,133222151130131553225310515153313107152315511000151235230000251223332255,,00000297,,,,,,,,35,2,0,1,1,297,,1511311525125512533233123235253135153525123213232513312515131331551221,ABAACAABDBADBBADBCCDCCADCDCBDBCACBABCBDBADCDACDCDBACCADBABACACCABBADDA,ABAAACABBDADBBADBCCDCCADCDBCBDACBCABBCBDADCDACCDBDACACBDABACACACBBADAD,,,1,297,,,,,L_T1_GTR___standard,,,,,L_T1_GTR03_51000001/L_T1_GTR03_33000001,,,,,55,12,135333222531135521130000131121531007512323525000515233522110215525311150,,bb50ab10,,,,,,,,34,0,2,bb50ab10,500,790,,151131152512551253323312323525313515352512321323251331251513133155,ABAACAABDBADBBADBCCDCCADCDCBDBCACBABCBDBADCDACDCDBACCADBABACACCABB,ABAAACABBDADBBADBCCDCCADCDBCBDACBCABBCBDADCDACCDBDACACBDABACACACBB,,,2,790,,,,,,,,,,,,,
81042,70,,,,,,,,,12,21,25,133222151130131553225310515153313107152315511000151235230000251223332255,,00000297,,,,,,,,35,2,0,1,1,297,,1511311525125512533233123235253135153525123213232513312515131331551221,ABAACAABDBADBBADBCCDCCADCDCBDBCACBABCBDBADCDACDCDBACCADBABACACCABBADDA,ABAAACABBDADBBADBCCDCCADCDBCBDACBCABBCBDADCDACCDBDACACBDABACACACBBADAD,,,1,297,,,,,L_T1_GTR___standard,,,,,L_T1_GTR03_51000001/L_T1_GTR03_33000001,,,,55,12,21,135333222531135521130000131121531007512323525000515233522000215525350000,,00000792,,,,,,,,35,1,0,2,2,792,,15113115251255125332331232352531351535251232132325133125151313315512,ABAACAABDBADBBADBCCDCCADCDCBDBCACBABCBDBADCDACDCDBACCADBABACACCABBAD,ABAAACABBDADBBADBCCDCCADCDBCBDACBCABBCBDADCDACCDBDACACBDABACACACBBAD,,,2,792,,,,,,,,,,,,,
81078,71,,,,,,,,,,21,25,133222151130131553225310515153313107152315511100151235252000251223332255,,bb50abb2,,,,,,,,36,0,1,bb50abb2,100,397,,1511311525125512533233123235253135153525123213232513312515131331551221,ABAACAABDBADBBADBCCDCCADCDCBDBCACBABCBDBADCDACDCDBACCADBABACACCABBADDA,ABAAACABBDADBBADBCCDCCADCDBCBDACBCABBCBDADCDACCDBDACACBDABACACACBBADAD,,,1,397,,,,,L_T1_GTR___standard,,,,,L_T1_GTR03_51000001/L_T1_GTR03_33000001,,,,55,12,21,135333222531135521130000131121531007512323525000515233522000215525350000,,00000792,,,,,,,,35,1,0,2,2,792,,15113115251255125332331232352531351535251232132325133125151313315512,ABAACAABDBADBBADBCCDCCADCDCBDBCACBABCBDBADCDACDCDBACCADBABACACCABBAD,ABAAACABBDADBBADBCCDCCADCDBCBDACBCABBCBDADCDACCDBDACACBDABACACACBBAD,,,2,792,,,,,,,,,,,,,
81081,72,,,,,,,,,,21,25,133222151130131553225310515153313107152315511100151235252000251223332255,,bb50abb2,,,,,,,,36,0,1,bb50abb2,100,397,,1511311525125512533233123235253135153525123213232513312515131331551221,ABAACAABDBADBBADBCCDCCADCDCBDBCACBABCBDBADCDACDCDBACCADBABACACCABBADDA,ABAAACABBDADBBADBCCDCCADCDBCBDACBCABBCBDADCDACCDBDACACBDABACACACBBADAD,,,1,397,,,,,L_T1_GTR___standard,,,,,L_T1_GTR03_51000001/L_T1_GTR03_33000001,,,,12,21,25,135333222531135521130000131121531007512323525000515233522000215525350000,,00000796,,,,,,,,36,2,0,4,4,796,,1511311525125512533233123235253135153525123213232513312515131331551221,ABAACAABDBADBBADBCCDCCADCDCBDBCACBABCBDBADCDACDCDBACCADBABACACCABBADDA,ABAAACABBDADBBADBCCDCCADCDBCBDACBCABBCBDADCDACCDBDACACBDABACACACBBADAD,,,2,796,,,,,,,,,,,,,
81134,73,,,,,,,,,,21,25,133222151130131553225310515153313107152315511100151235252000251223332255,,bb50abb2,,,,,,,,36,0,1,bb50abb2,100,397,,1511311525125512533233123235253135153525123213232513312515131331551221,ABAACAABDBADBBADBCCDCCADCDCBDBCACBABCBDBADCDACDCDBACCADBABACACCABBADDA,ABAAACABBDADBBADBCCDCCADCDBCBDACBCABBCBDADCDACCDBDACACBDABACACACBBADAD,,,1,397,,,,,L_T1_GTR___standard,,,,,L_T1_GTR03_51000001/L_T1_GTR03_33000001,,,,21,25,51,135333222531135521130000131121531007512323525000515233522100215525355520,,00000799,,,,,,,,37,3,0,3,3,799,,151131152512551253323312323525313515352512321323251331251513133155122125,ABAACAABDBADBBADBCCDCCADCDCBDBCACBABCBDBADCDACDCDBACCADBABACACCABBADDADB,ABAAACABBDADBBADBCCDCCADCDBCBDACBCABBCBDADCDACCDBDACACBDABACACACBBADADBD,,,2,799,,,,,,,,,,,,,
81156,74,,,,,,,,,,21,25,133222151130131553225310515153330007152315500000151235252000251223332255,,bb40abb8,,,,,,,,37,0,2,bb40abb8,320,717,,1511311525125512533233123235253135153525123213232513312515131331551221,ABAACAABDBADBBADBCCDCCADCDCBDBCACBABCBDBADCDACDCDBACCADBABACACCABBADDA,ABAAACABBDADBBADBCCDCCADCDBCBDACBCABBCBDADCDACCDBDACACBDABACACACBBADAD,,,2,717,,,,,L_T1_GTR___standard,,,,,L_T1_GTR03_51000001/L_T1_GTR03_33000001,,,,21,25,51,135333222531135521130000131121531007512323525000515233522100215525355520,,00000799,,,,,,,,37,3,0,3,3,799,,151131152512551253323312323525313515352512321323251331251513133155122125,ABAACAABDBADBBADBCCDCCADCDCBDBCACBABCBDBADCDACDCDBACCADBABACACCABBADDADB,ABAAACABBDADBBADBCCDCCADCDBCBDACBCABBCBDADCDACCDBDACACBDABACACACBBADADBD,,,2,799,,,,,,,,,,,,,
81186,75,,,,,,,,,,21,25,133222151130131553225310515153330007152315500000151235252000251223332255,,bb40abb8,,,,,,,,37,0,2,bb40abb8,320,717,,1511311525125512533233123235253135153525123213232513312515131331551221,ABAACAABDBADBBADBCCDCCADCDCBDBCACBABCBDBADCDACDCDBACCADBABACACCABBADDA,ABAAACABBDADBBADBCCDCCADCDBCBDACBCABBCBDADCDACCDBDACACBDABACACACBBADAD,,,2,717,,,,,L_T1_GTR___standard,,,,,L_T1_GTR03_51000001/L_T1_GTR03_33000001,,,,25,51,25,135333222531135521130000131121531007512323525000515233522110215525355522,,00000801,,,,,,,,38,4,0,2,2,801,,15113115251255125332331232352531351535251232132325133125151313315512212551,ABAACAABDBADBBADBCCDCCADCDCBDBCACBABCBDBADCDACDCDBACCADBABACACCABBADDADBBA,ABAAACABBDADBBADBCCDCCADCDBCBDACBCABBCBDADCDACCDBDACACBDABACACACBBADADBDAB,,,2,801,,,,,,,,,,,,,
81243,76,,,,,,,,,,21,25,133222151130131552253100515150000007152315500000151235252000251223332255,,bb50ab18,,,,,,,,38,0,3,bb50ab18,900,1617,,1511311525125512533233123235253135153525123213232513312515131331551221,ABAACAABDBADBBADBCCDCCADCDCBDBCACBABCBDBADCDACDCDBACCADBABACACCABBADDA,ABAAACABBDADBBADBCCDCCADCDBCBDACBCABBCBDADCDACCDBDACACBDABACACACBBADAD,,,3,1617,,,,,L_T1_GTR___standard,,,,,L_T1_GTR03_51000001/L_T1_GTR03_33000001,,,,25,51,25,135333222531135521130000131121531007512323525000515233522110215525355522,,00000801,,,,,,,,38,4,0,2,2,801,,15113115251255125332331232352531351535251232132325133125151313315512212551,ABAACAABDBADBBADBCCDCCADCDCBDBCACBABCBDBADCDACDCDBACCADBABACACCABBADDADBBA,ABAAACABBDADBBADBCCDCCADCDBCBDACBCABBCBDADCDACCDBDACACBDABACACACBBADADBDAB,,,2,801,,,,,,,,,,,,,
81289,77,,,,,,,,,,21,25,133222151130131552253100515150000007152315500000151235252000251223332255,,bb50ab18,,,,,,,,38,0,3,bb50ab18,900,1617,,1511311525125512533233123235253135153525123213232513312515131331551221,ABAACAABDBADBBADBCCDCCADCDCBDBCACBABCBDBADCDACDCDBACCADBABACACCABBADDA,ABAAACABBDADBBADBCCDCCADCDBCBDACBCABBCBDADCDACCDBDACACBDABACACACBBADAD,,,3,1617,,,,,L_T1_GTR___standard,,,,,L_T1_GTR03_51000001/L_T1_GTR03_33000001,,,,51,25,35,135333222531135521135000131121531207512323525000515233522110215525355522,,00000804,,,,,,,,39,5,0,3,3,804,,1511311525125512533233123235253135153525123213232513312515131331551221255125,ABAACAABDBADBBADBCCDCCADCDCBDBCACBABCBDBADCDACDCDBACCADBABACACCABBADDADBBADB,ABAAACABBDADBBADBCCDCCADCDBCBDACBCABBCBDADCDACCDBDACACBDABACACACBBADADBDABBD,,,2,804,,,,,,,,,,,,,
81327,78,,,,,,,,,,21,25,133151130000131555310000515150000007152315500000151235252000251223332255,,bb50ab34,,,,,,,,39,0,4,bb50ab34,1700,3317,,1511311525125512533233123235253135153525123213232513312515131331551221,ABAACAABDBADBBADBCCDCCADCDCBDBCACBABCBDBADCDACDCDBACCADBABACACCABBADDA,ABAAACABBDADBBADBCCDCCADCDBCBDACBCABBCBDADCDACCDBDACACBDABACACACBBADAD,,,4,3317,,,,,L_T1_GTR___standard,,,,,L_T1_GTR03_51000001/L_T1_GTR03_33000001,,,,51,25,35,135333222531135521135000131121531207512323525000515233522110215525355522,,00000804,,,,,,,,39,5,0,3,3,804,,1511311525125512533233123235253135153525123213232513312515131331551221255125,ABAACAABDBADBBADBCCDCCADCDCBDBCACBABCBDBADCDACDCDBACCADBABACACCABBADDADBBADB,ABAAACABBDADBBADBCCDCCADCDBCBDACBCABBCBDADCDACCDBDACACBDABACACACBBADADBDABBD,,,2,804,,,,,,,,,,,,,
81337,79,,,,,,,,,,21,25,133151130000131555310000515150000007152315500000151235252000251223332255,,bb50ab34,,,,,,,,39,0,4,bb50ab34,1700,3317,,1511311525125512533233123235253135153525123213232513312515131331551221,ABAACAABDBADBBADBCCDCCADCDCBDBCACBABCBDBADCDACDCDBACCADBABACACCABBADDA,ABAAACABBDADBBADBCCDCCADCDBCBDACBCABBCBDADCDACCDBDACACBDABACACACBBADAD,,,4,3317,,,,,L_T1_GTR___standard,,,,,L_T1_GTR03_51000001/L_T1_GTR03_33000001,,,,25,35,51,135333222531135521135000131121531207512323525000515233522112215525355522,,00000805,,,,,,,,40,6,0,1,1,805,,151131152512551253323312323525313515352512321323251331251513133155122125512535,ABAACAABDBADBBADBCCDCCADCDCBDBCACBABCBDBADCDACDCDBACCADBABACACCABBADDADBBADBCB,ABAAACABBDADBBADBCCDCCADCDBCBDACBCABBCBDADCDACCDBDACACBDABACACACBBADADBDABBDBC,,,2,805,,,,,,,,,,,,,
81398,80,,,,,,,,,,21,25,133151130000131555310000515150000007152315500000151235252000251223332255,,bb50ab34,,,,,,,,39,0,4,bb50ab34,1700,3317,,1511311525125512533233123235253135153525123213232513312515131331551221,ABAACAABDBADBBADBCCDCCADCDCBDBCACBABCBDBADCDACDCDBACCADBABACACCABBADDA,ABAAACABBDADBBADBCCDCCADCDBCBDACBCABBCBDADCDACCDBDACACBDABACACACBBADAD,,,4,3317,,,,,L_T1_GTR___standard,,,,,L_T1_GTR03_51000001/L_T1_GTR03_33000001,,,,35,51,12,135333222531135521135500131121531227512323525000515233522111215525355522,,00000808,,,,,,,,41,7,0,3,3,808,,15113115251255125332331232352531351535251232132325133125151313315512212551253551,ABAACAABDBADBBADBCCDCCADCDCBDBCACBABCBDBADCDACDCDBACCADBABACACCABBADDADBBADBCBBA,ABAAACABBDADBBADBCCDCCADCDBCBDACBCABBCBDADCDACCDBDACACBDABACACACBBADADBDABBDBCAB,,,2,808,,,,,,,,,,,,,
81411,81,,,,,,,,,,21,25,133111300000131310000000515100000007152315500000151235252000251223332255,,bb40ab64,,,,,,,,40,0,5,bb40ab64,2560,5877,,1511311525125512533233123235253135153525123213232513312515131331551221,ABAACAABDBADBBADBCCDCCADCDCBDBCACBABCBDBADCDACDCDBACCADBABACACCABBADDA,ABAAACABBDADBBADBCCDCCADCDBCBDACBCABBCBDADCDACCDBDACACBDABACACACBBADAD,,,5,5877,,,,,L_T1_GTR___standard/L_T1_GTR___mahara__,,,,,L_T1_GTR03_51000001/L_T1_GTR03_33000001,,,,35,51,12,135333222531135521135500131121531227512323525000515233522111215525355522,,00000808,,,,,,,,41,7,0,3,3,808,,15113115251255125332331232352531351535251232132325133125151313315512212551253551,ABAACAABDBADBBADBCCDCCADCDCBDBCACBABCBDBADCDACDCDBACCADBABACACCABBADDADBBADBCBBA,ABAAACABBDADBBADBCCDCCADCDBCBDACBCABBCBDADCDACCDBDACACBDABACACACBBADADBDABBDBCAB,,,2,808,,,,,,,,,,,,,
81441,82,,,,,,,,,,21,25,133111300000131310000000515100000007152315500000151235252000251223332255,,bb40ab64,,,,,,,,40,0,5,bb40ab64,2560,5877,,1511311525125512533233123235253135153525123213232513312515131331551221,ABAACAABDBADBBADBCCDCCADCDCBDBCACBABCBDBADCDACDCDBACCADBABACACCABBADDA,ABAAACABBDADBBADBCCDCCADCDBCBDACBCABBCBDADCDACCDBDACACBDABACACACBBADAD,,,5,5877,,,,,L_T1_GTR___standard/L_T1_GTR___mahara__,,,,,L_T1_GTR03_51000001/L_T1_GTR03_33000001,,,,51,12,13,135333222531135521135500131121531227512323525350515233522111215525355522,,00000812,,,,,,,,42,8,0,4,4,812,,1511311525125512533233123235253135153525123213232513312515131331551221255125355112,ABAACAABDBADBBADBCCDCCADCDCBDBCACBABCBDBADCDACDCDBACCADBABACACCABBADDADBBADBCBBAAD,ABAAACABBDADBBADBCCDCCADCDBCBDACBCABBCBDADCDACCDBDACACBDABACACACBBADADBDABBDBCABAD,,,2,812,,,,,,,,,,,,,
81496,83,,,,,,,,,,21,25,133300000000131300000000515100000007152315500000151235252000251223332255,,bb50ab98,,,,,,,,41,0,6,bb50ab98,4900,10777,,1511311525125512533233123235253135153525123213232513312515131331551221,ABAACAABDBADBBADBCCDCCADCDCBDBCACBABCBDBADCDACDCDBACCADBABACACCABBADDA,ABAAACABBDADBBADBCCDCCADCDBCBDACBCABBCBDADCDACCDBDACACBDABACACACBBADAD,,,6,10777,,,,,,,,,,L_T1_GTR03_51000001,,,,51,12,13,135333222531135521135500131121531227512323525350515233522111215525355522,,00000812,,,,,,,,42,8,0,4,4,812,,1511311525125512533233123235253135153525123213232513312515131331551221255125355112,ABAACAABDBADBBADBCCDCCADCDCBDBCACBABCBDBADCDACDCDBACCADBABACACCABBADDADBBADBCBBAAD,ABAAACABBDADBBADBCCDCCADCDBCBDACBCABBCBDADCDACCDBDACACBDABACACACBBADADBDABBDBCABAD,,,2,812,,,,,,,,,,,,,
81526,84,,,,,,,,,,21,25,133300000000131300000000515100000007152315500000151235252000251223332255,,bb50ab98,,,,,,,,41,0,6,bb50ab98,4900,10777,,1511311525125512533233123235253135153525123213232513312515131331551221,ABAACAABDBADBBADBCCDCCADCDCBDBCACBABCBDBADCDACDCDBACCADBABACACCABBADDA,ABAAACABBDADBBADBCCDCCADCDBCBDACBCABBCBDADCDACCDBDACACBDABACACACBBADAD,,,6,10777,,,,,,,,,,L_T1_GTR03_51000001,,,,12,13,35,135333222531135521135510131121531227512323525350515233522111215525355522,,00000813,,,,,,,,43,9,0,1,1,813,,151131152512551253323312323525313515352512321323251331251513133155122125512535511213,ABAACAABDBADBBADBCCDCCADCDCBDBCACBABCBDBADCDACDCDBACCADBABACACCABBADDADBBADBCBBAADAC,ABAAACABBDADBBADBCCDCCADCDBCBDACBCABBCBDADCDACCDBDACACBDABACACACBBADADBDABBDBCABADAC,,,2,813,,,,,,,,,,,,,
81576,85,,,,,,,,,,21,25,100000000000110000000000515100000007152315500000151235252000251223332255,,bb40a128,,,,,,,,42,0,7,bb40a128,5120,15897,,1511311525125512533233123235253135153525123213232513312515131331551221,ABAACAABDBADBBADBCCDCCADCDCBDBCACBABCBDBADCDACDCDBACCADBABACACCABBADDA,ABAAACABBDADBBADBCCDCCADCDBCBDACBCABBCBDADCDACCDBDACACBDABACACACBBADAD,,,7,15897,,,,,,,,,,,,,,12,13,35,135333222531135521135510131121531227512323525350515233522111215525355522,,00000813,,,,,,,,43,9,0,1,1,813,,151131152512551253323312323525313515352512321323251331251513133155122125512535511213,ABAACAABDBADBBADBCCDCCADCDCBDBCACBABCBDBADCDACDCDBACCADBABACACCABBADDADBBADBCBBAADAC,ABAAACABBDADBBADBCCDCCADCDBCBDACBCABBCBDADCDACCDBDACACBDABACACACBBADADBDABBDBCABADAC,,,2,813,,,,,,,,,,,,,
81658,86,,,,,,,,,,21,25,000000000000000000000000551000000007152315500000151235252000251223332255,,bb50a162,,,,,,,,43,0,8,bb50a162,8100,23997,,1511311525125512533233123235253135153525123213232513312515131331551221,ABAACAABDBADBBADBCCDCCADCDCBDBCACBABCBDBADCDACDCDBACCADBABACACCABBADDA,ABAAACABBDADBBADBCCDCCADCDBCBDACBCABBCBDADCDACCDBDACACBDABACACACBBADAD,,,8,23997,,,,,,,,,,,,,,12,13,35,135333222531135521135510131121531227512323525350515233522111215525355522,,00000813,,,,,,,,43,9,0,1,1,813,,151131152512551253323312323525313515352512321323251331251513133155122125512535511213,ABAACAABDBADBBADBCCDCCADCDCBDBCACBABCBDBADCDACDCDBACCADBABACACCABBADDADBBADBCBBAADAC,ABAAACABBDADBBADBCCDCCADCDBCBDACBCABBCBDADCDACCDBDACACBDABACACACBBADADBDABBDBCABADAC,,,2,813,,,,,,,,,,,,,
81696,87,,,,,,,,,,21,25,000000000000000000000000551000000007152315500000151235252000251223332255,,bb50a162,,,,,,,,43,0,8,bb50a162,8100,23997,,1511311525125512533233123235253135153525123213232513312515131331551221,ABAACAABDBADBBADBCCDCCADCDCBDBCACBABCBDBADCDACDCDBACCADBABACACCABBADDA,ABAAACABBDADBBADBCCDCCADCDBCBDACBCABBCBDADCDACCDBDACACBDABACACACBBADAD,,,8,23997,,,,,,,,,,,,,,13,35,32,135333222531135521135512131121531227512323525350515233522111215525355522,,00000814,,,,,,,,44,10,0,1,1,814,,15113115251255125332331232352531351535251232132325133125151313315512212551253551121335,ABAACAABDBADBBADBCCDCCADCDCBDBCACBABCBDBADCDACDCDBACCADBABACACCABBADDADBBADBCBBAADACCB,ABAAACABBDADBBADBCCDCCADCDBCBDACBCABBCBDADCDACCDBDACACBDABACACACBBADADBDABBDBCABADACBC,,,2,814,,,,,,,,,,,,,
81724,88,,,,,,,,,,21,25,000000000000000000000000551000000007152315500000151235252000251223332255,,bb50a162,,,,,,,,43,0,8,bb50a162,8100,23997,,1511311525125512533233123235253135153525123213232513312515131331551221,ABAACAABDBADBBADBCCDCCADCDCBDBCACBABCBDBADCDACDCDBACCADBABACACCABBADDA,ABAAACABBDADBBADBCCDCCADCDBCBDACBCABBCBDADCDACCDBDACACBDABACACACBBADAD,,,8,23997,,,,,,,,,,,,,,,35,32,135333222531135521135512131121531227512323525351515233522111215525355522,,bb40abb1,,,,,,,,45,0,1,bb40abb1,40,854,,15113115251255125332331232352531351535251232132325133125151313315512212551253551121335,ABAACAABDBADBBADBCCDCCADCDCBDBCACBABCBDBADCDACDCDBACCADBABACACCABBADDADBBADBCBBAADACCB,ABAAACABBDADBBADBCCDCCADCDBCBDACBCABBCBDADCDACCDBDACACBDABACACACBBADADBDABBDBCABADACBC,,,2,854,,,,,,,,,,,,,
81740,89,,,,,,,,,,21,25,000000000000000000000000100000000007123155000000112352520000212233322555,,bb50a194,,,,,,,,44,0,9,bb50a194,9700,33697,,1511311525125512533233123235253135153525123213232513312515131331551221,ABAACAABDBADBBADBCCDCCADCDCBDBCACBABCBDBADCDACDCDBACCADBABACACCABBADDA,ABAAACABBDADBBADBCCDCCADCDBCBDACBCABBCBDADCDACCDBDACACBDABACACACBBADAD,,,9,33697,,,,,,,,,,,,,,,35,32,135333222531135521135512131121531227512323525351515233522111215525355522,,bb40abb1,,,,,,,,45,0,1,bb40abb1,40,854,,15113115251255125332331232352531351535251232132325133125151313315512212551253551121335,ABAACAABDBADBBADBCCDCCADCDCBDBCACBABCBDBADCDACDCDBACCADBABACACCABBADDADBBADBCBBAADACCB,ABAAACABBDADBBADBCCDCCADCDBCBDACBCABBCBDADCDACCDBDACACBDABACACACBBADADBDABBDBCABADACBC,,,2,854,,,,,,,,,,,,,
81805,90,,,,,,,,,,21,25,000000000000000000000000100000000007123155000000112352520000212233322555,,bb50a194,,,,,,,,44,0,9,bb50a194,9700,33697,,1511311525125512533233123235253135153525123213232513312515131331551221,ABAACAABDBADBBADBCCDCCADCDCBDBCACBABCBDBADCDACDCDBACCADBABACACCABBADDA,ABAAACABBDADBBADBCCDCCADCDBCBDACBCABBCBDADCDACCDBDACACBDABACACACBBADAD,,,9,33697,,,,,,,,,,,,,,,35,32,135333222531135521135512131121531220512323525353515233522500215525355522,,bb40abb8,,,,,,,,46,0,2,bb40abb8,320,1174,,15113115251255125332331232352531351535251232132325133125151313315512212551253551121335,ABAACAABDBADBBADBCCDCCADCDCBDBCACBABCBDBADCDACDCDBACCADBABACACCABBADDADBBADBCBBAADACCB,ABAAACABBDADBBADBCCDCCADCDBCBDACBCABBCBDADCDACCDBDACACBDABACACACBBADADBDABBDBCABADACBC,,,2,1174,,,,,,,,,,,,,
81822,91,,,,,,,,,,21,25,000000000000000000000000000000000007231550000000235252000000222333225550,,bb50a226,,,,,,,,45,0,10,bb50a226,11300,44997,,1511311525125512533233123235253135153525123213232513312515131331551221,ABAACAABDBADBBADBCCDCCADCDCBDBCACBABCBDBADCDACDCDBACCADBABACACCABBADDA,ABAAACABBDADBBADBCCDCCADCDBCBDACBCABBCBDADCDACCDBDACACBDABACACACBBADAD,,,9,44997,,,,,,,,,,,,,,,35,32,135333222531135521135512131121531220512323525353515233522500215525355522,,bb40abb8,,,,,,,,46,0,2,bb40abb8,320,1174,,15113115251255125332331232352531351535251232132325133125151313315512212551253551121335,ABAACAABDBADBBADBCCDCCADCDCBDBCACBABCBDBADCDACDCDBACCADBABACACCABBADDADBBADBCBBAADACCB,ABAAACABBDADBBADBCCDCCADCDBCBDACBCABBCBDADCDACCDBDACACBDABACACACBBADADBDABBDBCABADACBC,,,2,1174,,,,,,,,,,,,,
81892,92,,,,,,,,,,21,25,000000000000000000000000000000000007231550000000235252000000222333225550,,bb50a226,,,,,,,,45,0,10,bb50a226,11300,44997,,1511311525125512533233123235253135153525123213232513312515131331551221,ABAACAABDBADBBADBCCDCCADCDCBDBCACBABCBDBADCDACDCDBACCADBABACACCABBADDA,ABAAACABBDADBBADBCCDCCADCDBCBDACBCABBCBDADCDACCDBDACACBDABACACACBBADAD,,,9,44997,,,,,,,,,,,,,,,35,32,135333222531135521135512131121531227512323525353515233522000215525322000,,bb50ab18,,,,,,,,47,0,3,bb50ab18,900,2074,,15113115251255125332331232352531351535251232132325133125151313315512212551253551121335,ABAACAABDBADBBADBCCDCCADCDCBDBCACBABCBDBADCDACDCDBACCADBABACACCABBADDADBBADBCBBAADACCB,ABAAACABBDADBBADBCCDCCADCDBCBDACBCABBCBDADCDACCDBDACACBDABACACACBBADADBDABBDBCABADACBC,,,3,2074,,,,,,,,,,,,,
81906,93,,,,,,,,,,21,25,000000000000000000000000000000000007315500000000352520000000333225530000,,bb50a258,,,,,,,,46,0,11,bb50a258,12900,57897,,1511311525125512533233123235253135153525123213232513312515131331551221,ABAACAABDBADBBADBCCDCCADCDCBDBCACBABCBDBADCDACDCDBACCADBABACACCABBADDA,ABAAACABBDADBBADBCCDCCADCDBCBDACBCABBCBDADCDACCDBDACACBDABACACACBBADAD,,,9,57897,,,,,,,,,,,,,,,35,32,135333222531135521135512131121531227512323525353515233522000215525322000,,bb50ab18,,,,,,,,47,0,3,bb50ab18,900,2074,,15113115251255125332331232352531351535251232132325133125151313315512212551253551121335,ABAACAABDBADBBADBCCDCCADCDCBDBCACBABCBDBADCDACDCDBACCADBABACACCABBADDADBBADBCBBAADACCB,ABAAACABBDADBBADBCCDCCADCDBCBDACBCABBCBDADCDACCDBDACACBDABACACACBBADADBDABBDBCABADACBC,,,3,2074,,,,,,,,,,,,,
81970,94,,,,,,,,,,21,25,000000000000000000000000000000000007315500000000352520000000333225530000,,bb50a258,,,,,,,,46,0,11,bb50a258,12900,57897,,1511311525125512533233123235253135153525123213232513312515131331551221,ABAACAABDBADBBADBCCDCCADCDCBDBCACBABCBDBADCDACDCDBACCADBABACACCABBADDA,ABAAACABBDADBBADBCCDCCADCDBCBDACBCABBCBDADCDACCDBDACACBDABACACACBBADAD,,,9,57897,,,,,,,,,,,,,,,35,32,135333222531135521135512131121531220512323553530515233500000215525300000,,bb40ab32,,,,,,,,48,0,4,bb40ab32,1280,3354,,15113115251255125332331232352531351535251232132325133125151313315512212551253551121335,ABAACAABDBADBBADBCCDCCADCDCBDBCACBABCBDBADCDACDCDBACCADBABACACCABBADDADBBADBCBBAADACCB,ABAAACABBDADBBADBCCDCCADCDBCBDACBCABBCBDADCDACCDBDACACBDABACACACBBADADBDABBDBCABADACBC,,,4,3354,,,,,,,,,,,,,
81990,95,,,,,,,,,,21,25,000000000000000000000000000000000007155000000000525200000000225550000000,,bb60a291,,,,,,,,47,0,12,bb60a291,17460,75357,,1511311525125512533233123235253135153525123213232513312515131331551221,ABAACAABDBADBBADBCCDCCADCDCBDBCACBABCBDBADCDACDCDBACCADBABACACCABBADDA,ABAAACABBDADBBADBCCDCCADCDBCBDACBCABBCBDADCDACCDBDACACBDABACACACBBADAD,,,9,75357,,,,,,,,,,,,,,,35,32,135333222531135521135512131121531220512323553530515233500000215525300000,,bb40ab32,,,,,,,,48,0,4,bb40ab32,1280,3354,,15113115251255125332331232352531351535251232132325133125151313315512212551253551121335,ABAACAABDBADBBADBCCDCCADCDCBDBCACBABCBDBADCDACDCDBACCADBABACACCABBADDADBBADBCBBAADACCB,ABAAACABBDADBBADBCCDCCADCDBCBDACBCABBCBDADCDACCDBDACACBDABACACACBBADADBDABBDBCABADACBC,,,4,3354,,,,,,,,,,,,,
82051,96,,,,,,,,,,21,25,000000000000000000000000000000000007155000000000525200000000225550000000,,bb60a291,,,,,,,,47,0,12,bb60a291,17460,75357,,1511311525125512533233123235253135153525123213232513312515131331551221,ABAACAABDBADBBADBCCDCCADCDCBDBCACBABCBDBADCDACDCDBACCADBABACACCABBADDA,ABAAACABBDADBBADBCCDCCADCDBCBDACBCABBCBDADCDACCDBDACACBDABACACACBBADAD,,,9,75357,,,,,,,,,,,,,,,35,32,135333222531135521135512131121312207512323353000515233000000215525300000,,bb50ab66,,,,,,,,49,0,5,bb50ab66,3300,6654,,15113115251255125332331232352531351535251232132325133125151313315512212551253551121335,ABAACAABDBADBBADBCCDCCADCDCBDBCACBABCBDBADCDACDCDBACCADBABACACCABBADDADBBADBCBBAADACCB,ABAAACABBDADBBADBCCDCCADCDBCBDACBCABBCBDADCDACCDBDACACBDABACACACBBADADBDABBDBCABADACBC,,,5,6654,,,,,,,,,,,,,
82070,97,,,,,,,,,,21,25,000000000000000000000000000000000007100000000000522000000000220000000000,,bb40a320,,,,,,,,48,0,13,bb40a320,12800,88157,,1511311525125512533233123235253135153525123213232513312515131331551221,ABAACAABDBADBBADBCCDCCADCDCBDBCACBABCBDBADCDACDCDBACCADBABACACCABBADDA,ABAAACABBDADBBADBCCDCCADCDBCBDACBCABBCBDADCDACCDBDACACBDABACACACBBADAD,,,9,88157,,,,,,,,,,,,,,,35,32,135333222531135521135512131121312207512323353000515233000000215525300000,,bb50ab66,,,,,,,,49,0,5,bb50ab66,3300,6654,,15113115251255125332331232352531351535251232132325133125151313315512212551253551121335,ABAACAABDBADBBADBCCDCCADCDCBDBCACBABCBDBADCDACDCDBACCADBABACACCABBADDADBBADBCBBAADACCB,ABAAACABBDADBBADBCCDCCADCDBCBDACBCABBCBDADCDACCDBDACACBDABACACACBBADADBDABBDBCABADACBC,,,5,6654,,,,,,,,,,,,,
82133,98,,,,,,,,,,21,25,000000000000000000000000000000000007100000000000522000000000220000000000,,bb40a320,,,,,,,,48,0,13,bb40a320,12800,88157,,1511311525125512533233123235253135153525123213232513312515131331551221,ABAACAABDBADBBADBCCDCCADCDCBDBCACBABCBDBADCDACDCDBACCADBABACACCABBADDA,ABAAACABBDADBBADBCCDCCADCDBCBDACBCABBCBDADCDACCDBDACACBDABACACACBBADAD,,,9,88157,,,,,,,,,,,,,,,35,32,135333222531135521135512131121122007512325300000515200000000215525300000,,bb40ab96,,,,,,,,50,0,6,bb40ab96,3840,10494,,15113115251255125332331232352531351535251232132325133125151313315512212551253551121335,ABAACAABDBADBBADBCCDCCADCDCBDBCACBABCBDBADCDACDCDBACCADBABACACCABBADDADBBADBCBBAADACCB,ABAAACABBDADBBADBCCDCCADCDBCBDACBCABBCBDADCDACCDBDACACBDABACACACBBADADBDABBDBCABADACBC,,,6,10494,,,,,,,,,,,,,
82134,99,,,,,,,,,21,25,51,000000000000000000000000000000000007100000000000500000000000000000000000,,00088159,,,,,,,,49,1,0,2,2,88159,,151131152512551253323312323525313515352512321323251331251513133155122125,ABAACAABDBADBBADBCCDCCADCDCBDBCACBABCBDBADCDACDCDBACCADBABACACCABBADDADB,ABAAACABBDADBBADBCCDCCADCDBCBDACBCABBCBDADCDACCDBDACACBDABACACACBBADADBD,,,9,88159,,,,,,,,,,,,,,,35,32,135333222531135521135512131121122007512325300000515200000000215525300000,,bb40ab96,,,,,,,,50,0,6,bb40ab96,3840,10494,,15113115251255125332331232352531351535251232132325133125151313315512212551253551121335,ABAACAABDBADBBADBCCDCCADCDCBDBCACBABCBDBADCDACDCDBACCADBABACACCABBADDADBBADBCBBAADACCB,ABAAACABBDADBBADBCCDCCADCDBCBDACBCABBCBDADCDACCDBDACACBDABACACACBBADADBDABBDBCABADACBC,,,6,10494,,,,,,,,,,,,,
82182,100,,,,,,,,,25,51,25,000000000000000000000000120000000007100000000000500000000000000000000000,,00088171,,,,,,,,50,2,0,12,12,88171,,15113115251255125332331232352531351535251232132325133125151313315512212551,ABAACAABDBADBBADBCCDCCADCDCBDBCACBABCBDBADCDACDCDBACCADBABACACCABBADDADBBA,ABAAACABBDADBBADBCCDCCADCDBCBDACBCABBCBDADCDACCDBDACACBDABACACACBBADADBDAB,,,9,88171,,,,,,,,,,,,,,,35,32,135333222531135521135512131121122007512325300000515200000000215525300000,,bb40ab96,,,,,,,,50,0,6,bb40ab96,3840,10494,,15113115251255125332331232352531351535251232132325133125151313315512212551253551121335,ABAACAABDBADBBADBCCDCCADCDCBDBCACBABCBDBADCDACDCDBACCADBABACACCABBADDADBBADBCBBAADACCB,ABAAACABBDADBBADBCCDCCADCDBCBDACBCABBCBDADCDACCDBDACACBDABACACACBBADADBDABBDBCABADACBC,,,6,10494,,,,,,,,,,,,,
82217,101,,,,,,,,,25,51,25,000000000000000000000000120000000007100000000000500000000000000000000000,,00088171,,,,,,,,50,2,0,12,12,88171,,15113115251255125332331232352531351535251232132325133125151313315512212551,ABAACAABDBADBBADBCCDCCADCDCBDBCACBABCBDBADCDACDCDBACCADBABACACCABBADDADBBA,ABAAACABBDADBBADBCCDCCADCDBCBDACBCABBCBDADCDACCDBDACACBDABACACACBBADADBDAB,,,9,88171,,,,,,,,,,,,,,,35,32,135333222531135523551210131122200007512325300000515200000000215525300000,,bb90a133,,,,,,,,51,0,7,bb90a133,11970,22464,,15113115251255125332331232352531351535251232132325133125151313315512212551253551121335,ABAACAABDBADBBADBCCDCCADCDCBDBCACBABCBDBADCDACDCDBACCADBABACACCABBADDADBBADBCBBAADACCB,ABAAACABBDADBBADBCCDCCADCDBCBDACBCABBCBDADCDACCDBDACACBDABACACACBBADADBDABBDBCABADACBC,,,7,22464,,,,,,,,,,,,,
82231,102,,,,,,,,,51,25,35,000000000000000000000000120000000007152000000000500000000000000000000000,,00088182,,,,,,,,51,3,0,11,11,88182,,1511311525125512533233123235253135153525123213232513312515131331551221255125,ABAACAABDBADBBADBCCDCCADCDCBDBCACBABCBDBADCDACDCDBACCADBABACACCABBADDADBBADB,ABAAACABBDADBBADBCCDCCADCDBCBDACBCABBCBDADCDACCDBDACACBDABACACACBBADADBDABBD,,,9,88182,,,,,,,,,,,,,,,35,32,135333222531135523551210131122200007512325300000515200000000215525300000,,bb90a133,,,,,,,,51,0,7,bb90a133,11970,22464,,15113115251255125332331232352531351535251232132325133125151313315512212551253551121335,ABAACAABDBADBBADBCCDCCADCDCBDBCACBABCBDBADCDACDCDBACCADBABACACCABBADDADBBADBCBBAADACCB,ABAAACABBDADBBADBCCDCCADCDBCBDACBCABBCBDADCDACCDBDACACBDABACACACBBADADBDABBDBCABADACBC,,,7,22464,,,,,,,,,,,,,
82284,103,,,,,,,,,25,35,51,000000000000000000000000120000000007152000000000551000000000000000000000,,00088194,,,,,,,,52,4,0,12,12,88194,,151131152512551253323312323525313515352512321323251331251513133155122125512535,ABAACAABDBADBBADBCCDCCADCDCBDBCACBABCBDBADCDACDCDBACCADBABACACCABBADDADBBADBCB,ABAAACABBDADBBADBCCDCCADCDBCBDACBCABBCBDADCDACCDBDACACBDABACACACBBADADBDABBDBC,,,9,88194,,,,,,,,,,,,,,,35,32,135333222531135523551210131122200007512325300000515200000000215525300000,,bb90a133,,,,,,,,51,0,7,bb90a133,11970,22464,,15113115251255125332331232352531351535251232132325133125151313315512212551253551121335,ABAACAABDBADBBADBCCDCCADCDCBDBCACBABCBDBADCDACDCDBACCADBABACACCABBADDADBBADBCBBAADACCB,ABAAACABBDADBBADBCCDCCADCDBCBDACBCABBCBDADCDACCDBDACACBDABACACACBBADADBDABBDBCABADACBC,,,7,22464,,,,,,,,,,,,,
82300,104,,,,,,,,,25,35,51,000000000000000000000000120000000007152000000000551000000000000000000000,,00088194,,,,,,,,52,4,0,12,12,88194,,151131152512551253323312323525313515352512321323251331251513133155122125512535,ABAACAABDBADBBADBCCDCCADCDCBDBCACBABCBDBADCDACDCDBACCADBABACACCABBADDADBBADBCB,ABAAACABBDADBBADBCCDCCADCDBCBDACBCABBCBDADCDACCDBDACACBDABACACACBBADADBDABBDBC,,,9,88194,,,,,,,,,,,,,,,35,32,135222531500135555121000131100000007512353000000515200000000215525300000,,bb50a162,,,,,,,,52,0,8,bb50a162,8100,30564,,15113115251255125332331232352531351535251232132325133125151313315512212551253551121335,ABAACAABDBADBBADBCCDCCADCDCBDBCACBABCBDBADCDACDCDBACCADBABACACCABBADDADBBADBCBBAADACCB,ABAAACABBDADBBADBCCDCCADCDBCBDACBCABBCBDADCDACCDBDACACBDABACACACBBADADBDABBDBCABADACBC,,,8,30564,,,,,,,,,,,,,
82331,105,,,,,,,,,35,51,12,000000000000000000000000122500000007152000000000551000000000000000000000,,00088205,,,,,,,,53,5,0,11,11,88205,,15113115251255125332331232352531351535251232132325133125151313315512212551253551,ABAACAABDBADBBADBCCDCCADCDCBDBCACBABCBDBADCDACDCDBACCADBABACACCABBADDADBBADBCBBA,ABAAACABBDADBBADBCCDCCADCDBCBDACBCABBCBDADCDACCDBDACACBDABACACACBBADADBDABBDBCAB,,,9,88205,,,,,,,,,,,,,,,35,32,135222531500135555121000131100000007512353000000515200000000215525300000,,bb50a162,,,,,,,,52,0,8,bb50a162,8100,30564,,15113115251255125332331232352531351535251232132325133125151313315512212551253551121335,ABAACAABDBADBBADBCCDCCADCDCBDBCACBABCBDBADCDACDCDBACCADBABACACCABBADDADBBADBCBBAADACCB,ABAAACABBDADBBADBCCDCCADCDBCBDACBCABBCBDADCDACCDBDACACBDABACACACBBADADBDABBDBCABADACBC,,,8,30564,,,,,,,,,,,,,
82374,106,,,,,,,,,51,12,13,000000000000000000000000122500000007152530000000551000000000000000000000,,00088214,,,,,,,,54,6,0,9,9,88214,,1511311525125512533233123235253135153525123213232513312515131331551221255125355112,ABAACAABDBADBBADBCCDCCADCDCBDBCACBABCBDBADCDACDCDBACCADBABACACCABBADDADBBADBCBBAAD,ABAAACABBDADBBADBCCDCCADCDBCBDACBCABBCBDADCDACCDBDACACBDABACACACBBADADBDABBDBCABAD,,,9,88214,,,,,,,,,,,,,,,35,32,135222531500135555121000131100000007512353000000515200000000215525300000,,bb50a162,,,,,,,,52,0,8,bb50a162,8100,30564,,15113115251255125332331232352531351535251232132325133125151313315512212551253551121335,ABAACAABDBADBBADBCCDCCADCDCBDBCACBABCBDBADCDACDCDBACCADBABACACCABBADDADBBADBCBBAADACCB,ABAAACABBDADBBADBCCDCCADCDBCBDACBCABBCBDADCDACCDBDACACBDABACACACBBADADBDABBDBCABADACBC,,,8,30564,,,,,,,,,,,,,
82386,107,,,,,,,,,51,12,13,000000000000000000000000122500000007152530000000551000000000000000000000,,00088214,,,,,,,,54,6,0,9,9,88214,,1511311525125512533233123235253135153525123213232513312515131331551221255125355112,ABAACAABDBADBBADBCCDCCADCDCBDBCACBABCBDBADCDACDCDBACCADBABACACCABBADDADBBADBCBBAAD,ABAAACABBDADBBADBCCDCCADCDBCBDACBCABBCBDADCDACCDBDACACBDABACACACBBADADBDABBDBCABAD,,,9,88214,,,,,,,,,,,,,,,35,32,132225315000131210000000131100000007512353000000515200000000215525300000,,bb40a192,,,,,,,,53,0,9,bb40a192,7680,38244,,15113115251255125332331232352531351535251232132325133125151313315512212551253551121335,ABAACAABDBADBBADBCCDCCADCDCBDBCACBABCBDBADCDACDCDBACCADBABACACCABBADDADBBADBCBBAADACCB,ABAAACABBDADBBADBCCDCCADCDBCBDACBCABBCBDADCDACCDBDACACBDABACACACBBADADBDABBDBCABADACBC,,,9,38244,,,,,,,,,,,,,
82425,108,,,,,,,,,12,13,35,000000000000000000000000122500000007152530000000551510000000000000000000,,00088224,,,,,,,,55,7,0,10,10,88224,,151131152512551253323312323525313515352512321323251331251513133155122125512535511213,ABAACAABDBADBBADBCCDCCADCDCBDBCACBABCBDBADCDACDCDBACCADBABACACCABBADDADBBADBCBBAADAC,ABAAACABBDADBBADBCCDCCADCDBCBDACBCABBCBDADCDACCDBDACACBDABACACACBBADADBDABBDBCABADAC,,,9,88224,,,,,,,,,,,,,,,35,32,132225315000131210000000131100000007512353000000515200000000215525300000,,bb40a192,,,,,,,,53,0,9,bb40a192,7680,38244,,15113115251255125332331232352531351535251232132325133125151313315512212551253551121335,ABAACAABDBADBBADBCCDCCADCDCBDBCACBABCBDBADCDACDCDBACCADBABACACCABBADDADBBADBCBBAADACCB,ABAAACABBDADBBADBCCDCCADCDBCBDACBCABBCBDADCDACCDBDACACBDABACACACBBADADBDABBDBCABADACBC,,,9,38244,,,,,,,,,,,,,
82465,109,,,,,,,,,13,35,32,000000000000000000000000122521000007152530000000551510000000000000000000,,00088232,,,,,,,,56,8,0,8,8,88232,,15113115251255125332331232352531351535251232132325133125151313315512212551253551121335,ABAACAABDBADBBADBCCDCCADCDCBDBCACBABCBDBADCDACDCDBACCADBABACACCABBADDADBBADBCBBAADACCB,ABAAACABBDADBBADBCCDCCADCDBCBDACBCABBCBDADCDACCDBDACACBDABACACACBBADADBDABBDBCABADACBC,,,9,88232,,,,,,,,,,,,,,,35,32,132225315000131210000000131100000007512353000000515200000000215525300000,,bb40a192,,,,,,,,53,0,9,bb40a192,7680,38244,,15113115251255125332331232352531351535251232132325133125151313315512212551253551121335,ABAACAABDBADBBADBCCDCCADCDCBDBCACBABCBDBADCDACDCDBACCADBABACACCABBADDADBBADBCBBAADACCB,ABAAACABBDADBBADBCCDCCADCDBCBDACBCABBCBDADCDACCDBDACACBDABACACACBBADADBDABBDBCABADACBC,,,9,38244,,,,,,,,,,,,,
82469,110,,,,,,,,,13,35,32,000000000000000000000000122521000007152530000000551510000000000000000000,,00088232,,,,,,,,56,8,0,8,8,88232,,15113115251255125332331232352531351535251232132325133125151313315512212551253551121335,ABAACAABDBADBBADBCCDCCADCDCBDBCACBABCBDBADCDACDCDBACCADBABACACCABBADDADBBADBCBBAADACCB,ABAAACABBDADBBADBCCDCCADCDBCBDACBCABBCBDADCDACCDBDACACBDABACACACBBADADBDABBDBCABADACBC,,,9,88232,,,,,,,,,,,,,,,35,32,135315000000131100000000131100000007512353000000515200000000215525300000,,bb40a224,,,,,,,,54,0,10,bb40a224,8960,47204,,15113115251255125332331232352531351535251232132325133125151313315512212551253551121335,ABAACAABDBADBBADBCCDCCADCDCBDBCACBABCBDBADCDACDCDBACCADBABACACCABBADDADBBADBCBBAADACCB,ABAAACABBDADBBADBCCDCCADCDBCBDACBCABBCBDADCDACCDBDACACBDABACACACBBADADBDABBDBCABADACBC,,,9,47204,,,,,,,,,,,,,
82506,111,,,,,,,,,35,32,35,000000000000000000000000122521000007152533100000551510000000000000000000,,00088239,,,,,,,,57,9,0,7,7,88239,,1511311525125512533233123235253135153525123213232513312515131331551221255125355112133532,ABAACAABDBADBBADBCCDCCADCDCBDBCACBABCBDBADCDACDCDBACCADBABACACCABBADDADBBADBCBBAADACCBCD,ABAAACABBDADBBADBCCDCCADCDBCBDACBCABBCBDADCDACCDBDACACBDABACACACBBADADBDABBDBCABADACBCCD,,,9,88239,,,,,,,,,,,,,,,35,32,135315000000131100000000131100000007512353000000515200000000215525300000,,bb40a224,,,,,,,,54,0,10,bb40a224,8960,47204,,15113115251255125332331232352531351535251232132325133125151313315512212551253551121335,ABAACAABDBADBBADBCCDCCADCDCBDBCACBABCBDBADCDACDCDBACCADBABACACCABBADDADBBADBCBBAADACCB,ABAAACABBDADBBADBCCDCCADCDBCBDACBCABBCBDADCDACCDBDACACBDABACACACBBADADBDABBDBCABADACBC,,,9,47204,,,,,,,,,,,,,
82544,112,,,,,,,,,32,35,23,000000000000000000000000122521000007152333135000551510000000000000000000,,00088245,,,,,,,,58,10,0,6,6,88245,,151131152512551253323312323525313515352512321323251331251513133155122125512535511213353235,ABAACAABDBADBBADBCCDCCADCDCBDBCACBABCBDBADCDACDCDBACCADBABACACCABBADDADBBADBCBBAADACCBCDCB,ABAAACABBDADBBADBCCDCCADCDBCBDACBCABBCBDADCDACCDBDACACBDABACACACBBADADBDABBDBCABADACBCCDBC,,,9,88245,,,,,,,,,,,,,,,35,32,135315000000131100000000131100000007512353000000515200000000215525300000,,bb40a224,,,,,,,,54,0,10,bb40a224,8960,47204,,15113115251255125332331232352531351535251232132325133125151313315512212551253551121335,ABAACAABDBADBBADBCCDCCADCDCBDBCACBABCBDBADCDACDCDBACCADBABACACCABBADDADBBADBCBBAADACCB,ABAAACABBDADBBADBCCDCCADCDBCBDACBCABBCBDADCDACCDBDACACBDABACACACBBADADBDABBDBCABADACBC,,,9,47204,,,,,,,,,,,,,
82604,113,,,,,,,,,35,23,21,000000000000230000000000122521000007152533135000551510000000000000000000,,00088257,,,,,,,,59,11,0,12,12,88257,,15113115251255125332331232352531351535251232132325133125151313315512212551253551121335323523,ABAACAABDBADBBADBCCDCCADCDCBDBCACBABCBDBADCDACDCDBACCADBABACACCABBADDADBBADBCBBAADACCBCDCBDC,ABAAACABBDADBBADBCCDCCADCDBCBDACBCABBCBDADCDACCDBDACACBDABACACACBBADADBDABBDBCABADACBCCDBCCD,,,9,88257,,,,,,,,,,,,,,,35,32,135315000000131100000000131100000007512353000000515200000000215525300000,,bb40a224,,,,,,,,54,0,10,bb40a224,8960,47204,,15113115251255125332331232352531351535251232132325133125151313315512212551253551121335,ABAACAABDBADBBADBCCDCCADCDCBDBCACBABCBDBADCDACDCDBACCADBABACACCABBADDADBBADBCBBAADACCB,ABAAACABBDADBBADBCCDCCADCDBCBDACBCABBCBDADCDACCDBDACACBDABACACACBBADADBDABBDBCABADACBC,,,9,47204,,,,,,,,,,,,,
82622,114,,,,,,,,,35,23,21,000000000000230000000000122521000007152533135000551510000000000000000000,,00088257,,,,,,,,59,11,0,12,12,88257,,15113115251255125332331232352531351535251232132325133125151313315512212551253551121335323523,ABAACAABDBADBBADBCCDCCADCDCBDBCACBABCBDBADCDACDCDBACCADBABACACCABBADDADBBADBCBBAADACCBCDCBDC,ABAAACABBDADBBADBCCDCCADCDBCBDACBCABBCBDADCDACCDBDACACBDABACACACBBADADBDABBDBCABADACBCCDBCCD,,,9,88257,,,,,,,,,,,,,,35,32,35,135315666660136666600000136666600007512353666660515266666000215525366666,,00047206,,,,,,,,55,1,0,2,2,47206,,1511311525125512533233123235253135153525123213232513312515131331551221255125355112133532,ABAACAABDBADBBADBCCDCCADCDCBDBCACBABCBDBADCDACDCDBACCADBABACACCABBADDADBBADBCBBAADACCBCD,ABAAACABBDADBBADBCCDCCADCDBCBDACBCABBCBDADCDACCDBDACACBDABACACACBBADADBDABBDBCABADACBCCD,,,9,47206,,,,,,,,,,,,,
82651,115,,,,,,,,,23,21,53,000000000000230000000000122521000007152533135000551513500000000000000000,,00088265,,,,,,,,60,12,0,8,8,88265,,1511311525125512533233123235253135153525123213232513312515131331551221255125355112133532352321,ABAACAABDBADBBADBCCDCCADCDCBDBCACBABCBDBADCDACDCDBACCADBABACACCABBADDADBBADBCBBAADACCBCDCBDCDA,ABAAACABBDADBBADBCCDCCADCDBCBDACBCABBCBDADCDACCDBDACACBDABACACACBBADADBDABBDBCABADACBCCDBCCDAD,,,9,88265,,,,,,,,,,,,,,35,32,35,135315666660136666600000136666600007512353666660515266666000215525366666,,00047206,,,,,,,,55,1,0,2,2,47206,,1511311525125512533233123235253135153525123213232513312515131331551221255125355112133532,ABAACAABDBADBBADBCCDCCADCDCBDBCACBABCBDBADCDACDCDBACCADBABACACCABBADDADBBADBCBBAADACCBCD,ABAAACABBDADBBADBCCDCCADCDBCBDACBCABBCBDADCDACCDBDACACBDABACACACBBADADBDABBDBCABADACBCCD,,,9,47206,,,,,,,,,,,,,
82712,117,,,,,,,,,23,21,53,000000000000230000000000122521000007152533135000551513500000000000000000,,00088265,,,,,,,,60,12,0,8,8,88265,,1511311525125512533233123235253135153525123213232513312515131331551221255125355112133532352321,ABAACAABDBADBBADBCCDCCADCDCBDBCACBABCBDBADCDACDCDBACCADBABACACCABBADDADBBADBCBBAADACCBCDCBDCDA,ABAAACABBDADBBADBCCDCCADCDBCBDACBCABBCBDADCDACCDBDACACBDABACACACBBADADBDABBDBCABADACBCCDBCCDAD,,,9,88265,,,,,,,,,,,,,,,32,35,135315666666136666666666136666666666512353666663515266666666215525366666,,00047208,,,,,lose,,,56,1,0,2,2,47208,,1511311525125512533233123235253135153525123213232513312515131331551221255125355112133532,ABAACAABDBADBBADBCCDCCADCDCBDBCACBABCBDBADCDACDCDBACCADBABACACCABBADDADBBADBCBBAADACCBCD,ABAAACABBDADBBADBCCDCCADCDBCBDACBCABBCBDADCDACCDBDACACBDABACACACBBADADBDABBDBCABADACBCCD,,,9,47208,,,,,,,,,,,,,
82724,117,,,,,,,,,,53,51,200000000000233000000000122521000007152533135000551513500000000000000000,,00088276,,,,,win,,,62,13,0,0,0,88276,,151131152512551253323312323525313515352512321323251331251513133155122125512535511213353235232153,ABAACAABDBADBBADBCCDCCADCDCBDBCACBABCBDBADCDACDCDBACCADBABACACCABBADDADBBADBCBBAADACCBCDCBDCDABC,ABAAACABBDADBBADBCCDCCADCDBCBDACBCABBCBDADCDACCDBDACACBDABACACACBBADADBDABBDBCABADACBCCDBCCDADBC,,,9,88276,,,,,,,,,,,,,,,32,35,135315666666136666666666136666666666512353666663515266666666215525366666,,00047208,,,,,lose,,,56,1,0,2,2,47208,,1511311525125512533233123235253135153525123213232513312515131331551221255125355112133532,ABAACAABDBADBBADBCCDCCADCDCBDBCACBABCBDBADCDACDCDBACCADBABACACCABBADDADBBADBCBBAADACCBCD,ABAAACABBDADBBADBCCDCCADCDBCBDACBCABBCBDADCDACCDBDACACBDABACACACBBADADBDABBDBCABADACBCCD,,,9,47208,,,,,,,,,,,,,
82725,116,,,,,,,,,,53,51,200000000000233000000000122521000007152533135000551513500000000000000000,,00088276,,,,,win,,,62,13,0,0,0,88276,,151131152512551253323312323525313515352512321323251331251513133155122125512535511213353235232153,ABAACAABDBADBBADBCCDCCADCDCBDBCACBABCBDBADCDACDCDBACCADBABACACCABBADDADBBADBCBBAADACCBCDCBDCDABC,ABAAACABBDADBBADBCCDCCADCDBCBDACBCABBCBDADCDACCDBDACACBDABACACACBBADADBDABBDBCABADACBCCDBCCDADBC,,,9,88276,,,,,,,,,,,,,,,32,35,135315666666136666666666136666666666512353666663515266666666215525366666,,00047208,,,,,lose,,,56,1,0,2,2,47208,,1511311525125512533233123235253135153525123213232513312515131331551221255125355112133532,ABAACAABDBADBBADBCCDCCADCDCBDBCACBABCBDBADCDACDCDBACCADBABACACCABBADDADBBADBCBBAADACCBCD,ABAAACABBDADBBADBCCDCCADCDBCBDACBCABBCBDADCDACCDBDACACBDABACACACBBADADBDABBDBCABADACBCCD,,,9,47208,,,,,,,,,,,,,
