149736,0,,,,,,,,,,24,22,000000000000000000000000000000000007000000000000000000000000000000000000,000000,00000000,,,,,,,,0,0,0,0,0,0,,24,AB,AB,,,0,0,,,,,,,,,,,,,,,24,22,000000000000000000000000000000000007000000000000000000000000000000000000,000000,00000000,,,,,,,,0,0,0,0,0,0,,24,AB,AB,,,0,0,,,,,,,,,,,,,
149886,2,,,,,,,,,24,22,13,000000000000000000000000000000000007000000000000000000000000000000000000,,00000000,,,,,,,,1,1,0,0,0,0,,2422,ABAA,ABAA,,,0,0,,,,,,,,,,,,,,24,22,13,000000000000000000000000000000000007000000000000000000000000000000000000,,00000000,,,,,,,,1,1,0,0,0,0,,2422,ABAA,ABAA,,,0,0,,,,,,,,,,,,,
149933,4,,,,,,,,,22,13,32,000000000000000000000000420000000007000000000000000000000000000000000000,,00000012,,,,,,,,2,2,0,12,12,12,,242213,ABAACD,ABAACD,,,0,12,,,,,,,,,,,,,,22,13,32,000000000000000000000000420000000007000000000000000000000000000000000000,,00000012,,,,,,,,2,2,0,12,12,12,,242213,ABAACD,ABAACD,,,0,12,,,,,,,,,,,,,
149987,6,,,,,,,,,13,32,23,200000000000200000000000420000000007000000000000000000000000000000000000,,00000025,,,,,,,,3,3,0,13,13,25,,24221332,ABAADCCA,ABAACDAC,,,0,25,,,,,,,,,,,,,,13,32,23,200000000000200000000000420000000007000000000000000000000000000000000000,,00000025,,,,,,,,3,3,0,13,13,25,,24221332,ABAADCCA,ABAACDAC,,,0,25,,,,,,,,,,,,,
150038,7,,,,,,,,,32,23,43,231000000000200000000000420000000007000000000000000000000000000000000000,,00000036,,,,,,,,4,4,0,11,11,36,,2422133223,ABAADCCAAC,ABAACDACAC,,,0,36,,,,,,,,,,,,,,13,32,23,200000000000200000000000420000000007000000000000000000000000000000000000,,00000025,,,,,,,,3,3,0,13,13,25,,24221332,ABAADCCA,ABAACDAC,,,0,25,,,,,,,,,,,,,
150042,8,,,,,,,,,32,23,43,231000000000200000000000420000000007000000000000000000000000000000000000,,00000036,,,,,,,,4,4,0,11,11,36,,2422133223,ABAADCCAAC,ABAACDACAC,,,0,36,,,,,,,,,,,,,,32,23,43,200000000000200000000000420000000007000000000000300000000000100000000000,,00000038,,,,,,,,4,4,0,13,13,38,,2422133223,ABAADCCAAC,ABAACDACAC,,,0,38,,,,,,,,,,,,,
150088,9,,,,,,,,,23,43,22,231000000000232000000000420000000007000000000000000000000000000000000000,,00000048,,,,,,,,5,5,0,12,12,48,,242213322343,ABAADCCAACBC,ABAACDACACBC,,,0,48,,,,,L_T1_GTR___hekomi__,,,,,,,,,32,23,43,200000000000200000000000420000000007000000000000300000000000100000000000,,00000038,,,,,,,,4,4,0,13,13,38,,2422133223,ABAADCCAAC,ABAACDACAC,,,0,38,,,,,,,,,,,,,
150092,10,,,,,,,,,23,43,22,231000000000232000000000420000000007000000000000000000000000000000000000,,00000048,,,,,,,,5,5,0,12,12,48,,242213322343,ABAADCCAACBC,ABAACDACACBC,,,0,48,,,,,L_T1_GTR___hekomi__,,,,,,,,,23,43,22,220000000000230000000000420000000007000000000000300000000000100000000000,,00000050,,,,,,,,5,5,0,12,12,50,,242213322343,ABAADCCAACBC,ABAACDACACBC,,,0,50,,,,,,,,,,,,,
150138,11,,,,,,,,,23,43,22,231000000000232000000000420000000007000000000000000000000000000000000000,,00000048,,,,,,,,5,5,0,12,12,48,,242213322343,ABAADCCAACBC,ABAACDACACBC,,,0,48,,,,,L_T1_GTR___hekomi__,,,,,,,,,43,22,14,220000000000233200000000420000000007000000000000300000000000100000000000,,00000060,,,,,,,,6,6,0,10,10,60,,24221332234322,ABAADCCAACBCAA,ABAACDACACBCAA,,,0,60,,,,,,,,,,,,,
150143,12,,,,,,,,,43,22,14,231000000000232000000000420000000007000000000000300000000000200000000000,,00000061,,,,,,,,6,6,0,13,13,61,,24221332234322,ABAADCCAACBCAA,ABAACDACACBCAA,,,0,61,,,,,L_T1_GTR___hekomi__,,,,,,,,,43,22,14,220000000000233200000000420000000007000000000000300000000000100000000000,,00000060,,,,,,,,6,6,0,10,10,60,,24221332234322,ABAADCCAACBCAA,ABAACDACACBCAA,,,0,60,,,,,,,,,,,,,
150188,13,,,,,,,,,43,22,14,231000000000232000000000420000000007000000000000300000000000200000000000,,00000061,,,,,,,,6,6,0,13,13,61,,24221332234322,ABAADCCAACBCAA,ABAACDACACBCAA,,,0,61,,,,,L_T1_GTR___hekomi__,,,,,,,,,22,14,23,220000000000233200000000420000000007340000000000300000000000100000000000,,00000072,,,,,,,,7,7,0,12,12,72,,2422133223432214,ABAADCCAACBCAADB,ABAACDACACBCAABD,,,0,72,,,,,,,,,,,,,
150193,14,,,,,,,,,22,14,23,231000000000232000000000420000000007340000000000300000000000200000000000,,00000073,,,,,,,,7,7,0,12,12,73,,2422133223432214,ABAADCCAACBCAADB,ABAACDACACBCAABD,,,0,73,,,,,L_T1_GTR___hekomi__,,,,,,,,,22,14,23,220000000000233200000000420000000007340000000000300000000000100000000000,,00000072,,,,,,,,7,7,0,12,12,72,,2422133223432214,ABAADCCAACBCAADB,ABAACDACACBCAABD,,,0,72,,,,,,,,,,,,,
150235,15,,,,,,,,,22,14,23,231000000000232000000000420000000007340000000000300000000000200000000000,,00000073,,,,,,,,7,7,0,12,12,73,,2422133223432214,ABAADCCAACBCAADB,ABAACDACACBCAABD,,,0,73,,,,,L_T1_GTR___hekomi__,,,,,,,,,14,23,34,220000000000233200000000420000000007342200000000300000000000100000000000,,00000082,,,,,,,,8,8,0,10,10,82,,242213322343221423,ABAADCCAACBCAADBAC,ABAACDACACBCAABDAC,,,0,82,,,,,,,,,,,,,
150246,16,,,,,,,,,14,23,34,231000000000232000000000420000000007340000000000300000000000222000000000,,00000084,,,,,,,,8,8,0,11,11,84,,242213322343221423,ABAADCCAACBCAADBAC,ABAACDACACBCAABDAC,,,0,84,,,,,L_T1_GTR___hekomi__,,,,,,,,,14,23,34,220000000000233200000000420000000007342200000000300000000000100000000000,,00000082,,,,,,,,8,8,0,10,10,82,,242213322343221423,ABAADCCAACBCAADBAC,ABAACDACACBCAABDAC,,,0,82,,,,,,,,,,,,,
150290,17,,,,,,,,,14,23,34,231000000000232000000000420000000007340000000000300000000000222000000000,,00000084,,,,,,,,8,8,0,11,11,84,,242213322343221423,ABAADCCAACBCAADBAC,ABAACDACACBCAABDAC,,,0,84,,,,,L_T1_GTR___hekomi__,,,,,,,,,23,34,21,220000000000233200000000420000000007342200000000340000000000110000000000,,00000094,,,,,,,,9,9,0,12,12,94,,24221332234322142334,ABAADCCAACBCAADBACCB,ABAACDACACBCAABDACBC,,,0,94,,,,,,,,,,,,,
150298,18,,,,,,,,,23,34,21,231000000000232000000000420000000007340000000000341000000000222000000000,,00000095,,,,,,,,9,9,0,11,11,95,,24221332234322142334,ABAADCCAACBCAADBACCB,ABAACDACACBCAABDACBC,,,0,95,,,,,L_T1_GTR___hekomi__,,,,,,,,,23,34,21,220000000000233200000000420000000007342200000000340000000000110000000000,,00000094,,,,,,,,9,9,0,12,12,94,,24221332234322142334,ABAADCCAACBCAADBACCB,ABAACDACACBCAABDACBC,,,0,94,,,,,,,,,,,,,
150347,19,,,,,,,,,34,21,21,231000000000232000000000420000000007340000000000341200000000222300000000,,00000105,,,,,,,,10,10,0,10,10,105,,2422133223432214233421,ABAADCCAACBCAADBACCBAD,ABAACDACACBCAABDACBCAD,,,0,105,,,,,L_T1_GTR___hekomi__,,,,,,,,,23,34,21,220000000000233200000000420000000007342200000000340000000000110000000000,,00000094,,,,,,,,9,9,0,12,12,94,,24221332234322142334,ABAADCCAACBCAADBACCB,ABAACDACACBCAABDACBC,,,0,94,,,,,,,,,,,,,
150358,20,,,,,,,,,34,21,21,231000000000232000000000420000000007340000000000341200000000222300000000,,00000105,,,,,,,,10,10,0,10,10,105,,2422133223432214233421,ABAADCCAACBCAADBACCBAD,ABAACDACACBCAABDACBCAD,,,0,105,,,,,L_T1_GTR___hekomi__,,,,,,,,,34,21,21,223000000000233220000000420000000007342200000000340000000000110000000000,,00000103,,,,,,,,10,10,0,9,9,103,,2422133223432214233421,ABAADCCAACBCAADBACCBAD,ABAACDACACBCAABDACBCAD,,,0,103,,,,,,,,,,,,,
150396,21,,,,,,,,,21,21,21,231000000000232000000000424000000007343000000000341200000000222300000000,,00000116,,,,,,,,11,11,0,11,11,116,,242213322343221423342121,ABAADCCAACBCAADBACCBADAD,ABAACDACACBCAABDACBCADAD,,,0,116,,,,,L_T1_GTR___hekomi__,,,,,,,,,34,21,21,223000000000233220000000420000000007342200000000340000000000110000000000,,00000103,,,,,,,,10,10,0,9,9,103,,2422133223432214233421,ABAADCCAACBCAADBACCBAD,ABAACDACACBCAABDACBCAD,,,0,103,,,,,,,,,,,,,
150400,22,,,,,,,,,21,21,21,231000000000232000000000424000000007343000000000341200000000222300000000,,00000116,,,,,,,,11,11,0,11,11,116,,242213322343221423342121,ABAADCCAACBCAADBACCBADAD,ABAACDACACBCAABDACBCADAD,,,0,116,,,,,L_T1_GTR___hekomi__,,,,,,,,,21,21,21,223000000000233220000000424300000007342200000000340000000000110000000000,,00000113,,,,,,,,11,11,0,10,10,113,,242213322343221423342121,ABAADCCAACBCAADBACCBADAD,ABAACDACACBCAABDACBCADAD,,,0,113,,,,,,,,,,L_T1_GTR03_31110001,,,
150440,23,,,,,,,,,21,21,42,231000000000232120000000424000000007343000000000341200000000222300000000,,00000125,,,,,,,,12,12,0,9,9,125,,24221332234322142334212121,ABAADCCAACBCAADBACCBADADAD,ABAACDACACBCAABDACBCADADAD,,,0,125,,,,,L_T1_GTR___hekomi__,,,,,,,,,21,21,21,223000000000233220000000424300000007342200000000340000000000110000000000,,00000113,,,,,,,,11,11,0,10,10,113,,242213322343221423342121,ABAADCCAACBCAADBACCBADAD,ABAACDACACBCAABDACBCADAD,,,0,113,,,,,,,,,,L_T1_GTR03_31110001,,,
150452,24,,,,,,,,,21,21,42,231000000000232120000000424000000007343000000000341200000000222300000000,,00000125,,,,,,,,12,12,0,9,9,125,,24221332234322142334212121,ABAADCCAACBCAADBACCBADADAD,ABAACDACACBCAABDACBCADADAD,,,0,125,,,,,L_T1_GTR___hekomi__,,,,,,,,,21,21,42,223000000000233220000000424300000007342200000000342000000000111000000000,,00000124,,,,,,,,12,12,0,11,11,124,,24221332234322142334212121,ABAADCCAACBCAADBACCBADADAD,ABAACDACACBCAABDACBCADADAD,,,0,124,,,,,,,,,,L_T1_GTR03_31110001,,,
150486,25,,,,,,,,,21,42,34,231120000000232120000000424000000007343000000000341200000000222300000000,,00000134,,,,,,,,13,13,0,9,9,134,,2422133223432214233421212142,ABAADCCAACBCAADBACCBADADADBA,ABAACDACACBCAABDACBCADADADAB,,,0,134,,,,,L_T1_GTR___hekomi__,,,,,,,,,21,21,42,223000000000233220000000424300000007342200000000342000000000111000000000,,00000124,,,,,,,,12,12,0,11,11,124,,24221332234322142334212121,ABAADCCAACBCAADBACCBADADAD,ABAACDACACBCAABDACBCADADAD,,,0,124,,,,,,,,,,L_T1_GTR03_31110001,,,
150499,26,,,,,,,,,21,42,34,231120000000232120000000424000000007343000000000341200000000222300000000,,00000134,,,,,,,,13,13,0,9,9,134,,2422133223432214233421212142,ABAADCCAACBCAADBACCBADADADBA,ABAACDACACBCAABDACBCADADADAB,,,0,134,,,,,L_T1_GTR___hekomi__,,,,,,,,,21,42,34,223000000000233220000000424300000007342200000000342100000000111200000000,,00000134,,,,,,,,13,13,0,10,10,134,,2422133223432214233421212142,ABAADCCAACBCAADBACCBADADADBA,ABAACDACACBCAABDACBCADADADAB,,,0,134,,,,,,,,,,L_T1_GTR03_31110001,,,
150532,27,,,,,,,,,42,34,33,231120000000232120000000424200000007343100000000341200000000222300000000,,00000144,,,,,,,,14,14,0,10,10,144,,242213322343221423342121214234,ABAADCCAACBCAADBACCBADADADBACB,ABAACDACACBCAABDACBCADADADABBC,,,0,144,,,,,L_T1_GTR___hekomi__,,,,,,,,,21,42,34,223000000000233220000000424300000007342200000000342100000000111200000000,,00000134,,,,,,,,13,13,0,10,10,134,,2422133223432214233421212142,ABAADCCAACBCAADBACCBADADADBA,ABAACDACACBCAABDACBCADADADAB,,,0,134,,,,,,,,,,L_T1_GTR03_31110001,,,
150548,28,,,,,,,,,42,34,33,231120000000232120000000424200000007343100000000341200000000222300000000,,00000144,,,,,,,,14,14,0,10,10,144,,242213322343221423342121214234,ABAADCCAACBCAADBACCBADADADBACB,ABAACDACACBCAABDACBCADADADABBC,,,0,144,,,,,L_T1_GTR___hekomi__,,,,,,,,,42,34,33,223000000000233220000000424300000007342200000000342110000000111220000000,,00000143,,,,,,,,14,14,0,9,9,143,,242213322343221423342121214234,ABAADCCAACBCAADBACCBADADADBACB,ABAACDACACBCAABDACBCADADADABBC,,,0,143,,,,,,,,,,L_T1_GTR03_31110001,,,
150574,29,,,,,,,,,34,33,33,231122000000232124000000424200000007343100000000341200000000222300000000,,00000152,,,,,,,,15,15,0,8,8,152,,24221332234322142334212121423433,ABAADCCAACBCAADBACCBADADADBACBCC,ABAACDACACBCAABDACBCADADADABBCCC,,,0,152,,,,,L_T1_GTR___hekomi__,,,,,,,,,42,34,33,223000000000233220000000424300000007342200000000342110000000111220000000,,00000143,,,,,,,,14,14,0,9,9,143,,242213322343221423342121214234,ABAADCCAACBCAADBACCBADADADBACB,ABAACDACACBCAABDACBCADADADABBC,,,0,143,,,,,,,,,,L_T1_GTR03_31110001,,,
150590,30,,,,,,,,,34,33,33,231122000000232124000000424200000007343100000000341200000000222300000000,,00000152,,,,,,,,15,15,0,8,8,152,,24221332234322142334212121423433,ABAADCCAACBCAADBACCBADADADBACBCC,ABAACDACACBCAABDACBCADADADABBCCC,,,0,152,,,,,L_T1_GTR___hekomi__,,,,,,,,,34,33,33,223000000000233224200000424300000007342200000000342110000000111220000000,,00000151,,,,,,,,15,15,0,8,8,151,,24221332234322142334212121423433,ABAADCCAACBCAADBACCBADADADBACBCC,ABAACDACACBCAABDACBCADADADABBCCC,,,0,151,,,,,,,,,,L_T1_GTR03_31110001,,,
150620,31,,,,,,,,,33,33,42,231122000000232124000000424240000007343130000000341200000000222300000000,,00000161,,,,,,,,16,16,0,9,9,161,,2422133223432214233421212142343333,ABAADCCAACBCAADBACCBADADADBACBCCCC,ABAACDACACBCAABDACBCADADADABBCCCCC,,,0,161,,,,,L_T1_GTR___hekomi__,,,,,,,,,34,33,33,223000000000233224200000424300000007342200000000342110000000111220000000,,00000151,,,,,,,,15,15,0,8,8,151,,24221332234322142334212121423433,ABAADCCAACBCAADBACCBADADADBACBCC,ABAACDACACBCAABDACBCADADADABBCCC,,,0,151,,,,,,,,,,L_T1_GTR03_31110001,,,
150634,32,,,,,,,,,33,33,42,231122000000232124000000424240000007343130000000341200000000222300000000,,00000161,,,,,,,,16,16,0,9,9,161,,2422133223432214233421212142343333,ABAADCCAACBCAADBACCBADADADBACBCCCC,ABAACDACACBCAABDACBCADADADABBCCCCC,,,0,161,,,,,L_T1_GTR___hekomi__,,,,,,,,,33,33,42,223000000000233224200000424340000007342230000000342110000000111220000000,,00000160,,,,,,,,16,16,0,9,9,160,,2422133223432214233421212142343333,ABAADCCAACBCAADBACCBADADADBACBCCCC,ABAACDACACBCAABDACBCADADADABBCCCCC,,,0,160,,,,,,,,,,L_T1_GTR03_31110001,,,
150660,33,,,,,,,,,33,42,21,231122000000232124000000424243000007343133000000341200000000222300000000,,00000169,,,,,,,,17,17,0,8,8,169,,242213322343221423342121214234333342,ABAADCCAACBCAADBACCBADADADBACBCCCCBA,ABAACDACACBCAABDACBCADADADABBCCCCCAB,,,0,169,,,,,L_T1_GTR___hekomi__,,,,,,,,,33,33,42,223000000000233224200000424340000007342230000000342110000000111220000000,,00000160,,,,,,,,16,16,0,9,9,160,,2422133223432214233421212142343333,ABAADCCAACBCAADBACCBADADADBACBCCCC,ABAACDACACBCAABDACBCADADADABBCCCCC,,,0,160,,,,,,,,,,L_T1_GTR03_31110001,,,
150673,34,,,,,,,,,33,42,21,231122000000232124000000424243000007343133000000341200000000222300000000,,00000169,,,,,,,,17,17,0,8,8,169,,242213322343221423342121214234333342,ABAADCCAACBCAADBACCBADADADBACBCCCCBA,ABAACDACACBCAABDACBCADADADABBCCCCCAB,,,0,169,,,,,L_T1_GTR___hekomi__,,,,,,,,,33,42,21,223000000000233224200000424343300007342230000000342110000000111220000000,,00000167,,,,,,,,17,17,0,7,7,167,,242213322343221423342121214234333342,ABAADCCAACBCAADBACCBADADADBACBCCCCBA,ABAACDACACBCAABDACBCADADADABBCCCCCAB,,,0,167,,,,,,,,,,L_T1_GTR03_31110001,,,
150704,35,,,,,,,,,42,21,33,231122000000232124000000424243000007343133000000341200000000222333000000,,00000177,,,,,,,,18,18,0,8,8,177,,24221332234322142334212121423433334221,ABAADCCAACBCAADBACCBADADADBACBCCCCBAAD,ABAACDACACBCAABDACBCADADADABBCCCCCABAD,,,0,177,,,,,L_T1_GTR___hekomi__,,,,,,,,,33,42,21,223000000000233224200000424343300007342230000000342110000000111220000000,,00000167,,,,,,,,17,17,0,7,7,167,,242213322343221423342121214234333342,ABAADCCAACBCAADBACCBADADADBACBCCCCBA,ABAACDACACBCAABDACBCADADADABBCCCCCAB,,,0,167,,,,,,,,,,L_T1_GTR03_31110001,,,
150716,36,,,,,,,,,42,21,33,231122000000232124000000424243000007343133000000341200000000222333000000,,00000177,,,,,,,,18,18,0,8,8,177,,24221332234322142334212121423433334221,ABAADCCAACBCAADBACCBADADADBACBCCCCBAAD,ABAACDACACBCAABDACBCADADADABBCCCCCABAD,,,0,177,,,,,L_T1_GTR___hekomi__,,,,,,,,,42,21,33,223000000000233224200000424343300007342230000000342113000000111223000000,,00000175,,,,,,,,18,18,0,8,8,175,,24221332234322142334212121423433334221,ABAADCCAACBCAADBACCBADADADBACBCCCCBAAD,ABAACDACACBCAABDACBCADADADABBCCCCCABAD,,,0,175,,,,,,,,,,L_T1_GTR03_31110001,,,
150742,37,,,,,,,,,21,33,32,231122000000232124200000424243400007343133000000341200000000222333000000,,00000184,,,,,,,,19,19,0,7,7,184,,2422133223432214233421212142343333422133,ABAADCCAACBCAADBACCBADADADBACBCCCCBAADCC,ABAACDACACBCAABDACBCADADADABBCCCCCABADCC,,,0,184,,,,,L_T1_GTR___hekomi__,,,,,,,,,42,21,33,223000000000233224200000424343300007342230000000342113000000111223000000,,00000175,,,,,,,,18,18,0,8,8,175,,24221332234322142334212121423433334221,ABAADCCAACBCAADBACCBADADADBACBCCCCBAAD,ABAACDACACBCAABDACBCADADADABBCCCCCABAD,,,0,175,,,,,,,,,,L_T1_GTR03_31110001,,,
150752,38,,,,,,,,,21,33,32,231122000000232124200000424243400007343133000000341200000000222333000000,,00000184,,,,,,,,19,19,0,7,7,184,,2422133223432214233421212142343333422133,ABAADCCAACBCAADBACCBADADADBACBCCCCBAADCC,ABAACDACACBCAABDACBCADADADABBCCCCCABADCC,,,0,184,,,,,L_T1_GTR___hekomi__,,,,,,,,,21,33,32,223000000000233224220000424343340007342230000000342113000000111223000000,,00000181,,,,,,,,19,19,0,6,6,181,,2422133223432214233421212142343333422133,ABAADCCAACBCAADBACCBADADADBACBCCCCBAADCC,ABAACDACACBCAABDACBCADADADABBCCCCCABADCC,,,0,181,,,,,,,,,,L_T1_GTR03_31110001,,,
150788,39,,,,,,,,,33,32,31,231122000000232124200000424243400007343133000000341212000000222333000000,,00000192,,,,,,,,20,20,0,8,8,192,,242213322343221423342121214234333342213332,ABAADCCAACBCAADBACCBADADADBACBCCCCBAADCCCA,ABAACDACACBCAABDACBCADADADABBCCCCCABADCCAC,,,0,192,,,,,L_T1_GTR___hekomi__,,,,,,,,,21,33,32,223000000000233224220000424343340007342230000000342113000000111223000000,,00000181,,,,,,,,19,19,0,6,6,181,,2422133223432214233421212142343333422133,ABAADCCAACBCAADBACCBADADADBACBCCCCBAADCC,ABAACDACACBCAABDACBCADADADABBCCCCCABADCC,,,0,181,,,,,,,,,,L_T1_GTR03_31110001,,,
150822,40,,,,,,,,,33,32,31,231122000000232124200000424243400007343133000000341212000000222333000000,,00000192,,,,,,,,20,20,0,8,8,192,,242213322343221423342121214234333342213332,ABAADCCAACBCAADBACCBADADADBACBCCCCBAADCCCA,ABAACDACACBCAABDACBCADADADABBCCCCCABADCCAC,,,0,192,,,,,L_T1_GTR___hekomi__,,,,,,,,,33,32,31,223100000000233224222000424343340007342230000000342113000000111223000000,,00000186,,,,,,,,20,20,0,5,5,186,,242213322343221423342121214234333342213332,ABAADCCAACBCAADBACCBADADADBACBCCCCBAADCCCA,ABAACDACACBCAABDACBCADADADABBCCCCCABADCCAC,,,0,186,,,,,,,,,,L_T1_GTR03_31110001,,,
150828,41,,,,,,,,,32,31,44,231122330000232124200000424243400007343133000000341212000000222333000000,,00000198,,,,,,,,21,21,0,6,6,198,,24221332234322142334212121423433334221333231,ABAADCCAACBCAADBACCBADADADBACBCCCCBAADCCCACD,ABAACDACACBCAABDACBCADADADABBCCCCCABADCCACCD,,,0,198,,,,,L_T1_GTR___hekomi__,,,,,,,,,33,32,31,223100000000233224222000424343340007342230000000342113000000111223000000,,00000186,,,,,,,,20,20,0,5,5,186,,242213322343221423342121214234333342213332,ABAADCCAACBCAADBACCBADADADBACBCCCCBAADCCCA,ABAACDACACBCAABDACBCADADADABBCCCCCABADCCAC,,,0,186,,,,,,,,,,L_T1_GTR03_31110001,,,
150866,42,,,,,,,,,31,44,12,231122330000232124200000424243400007343133230000341212000000222333000000,,00000204,,,,,,,,22,22,0,6,6,204,,2422133223432214233421212142343333422133323144,ABAADCCAACBCAADBACCBADADADBACBCCCCBAADCCCACDBB,ABAACDACACBCAABDACBCADADADABBCCCCCABADCCACCDBB,,,0,204,,,,,L_T1_GTR___hekomi__,,,,,,,,,33,32,31,223100000000233224222000424343340007342230000000342113000000111223000000,,00000186,,,,,,,,20,20,0,5,5,186,,242213322343221423342121214234333342213332,ABAADCCAACBCAADBACCBADADADBACBCCCCBAADCCCA,ABAACDACACBCAABDACBCADADADABBCCCCCABADCCAC,,,0,186,,,,,,,,,,L_T1_GTR03_31110001,,,
150868,43,,,,,,,,,31,44,12,231122330000232124200000424243400007343133230000341212000000222333000000,,00000204,,,,,,,,22,22,0,6,6,204,,2422133223432214233421212142343333422133323144,ABAADCCAACBCAADBACCBADADADBACBCCCCBAADCCCACDBB,ABAACDACACBCAABDACBCADADADABBCCCCCABADCCACCDBB,,,0,204,,,,,L_T1_GTR___hekomi__,,,,,,,,,32,31,44,223133000000233224222000424343340007342230000000342113000000111223000000,,00000195,,,,,,,,21,21,0,9,9,195,,24221332234322142334212121423433334221333231,ABAADCCAACBCAADBACCBADADADBACBCCCCBAADCCCACD,ABAACDACACBCAABDACBCADADADABBCCCCCABADCCACCD,,,0,195,,,,,,,,,,L_T1_GTR03_31110001,,,
150908,44,,,,,,,,,44,12,33,231122330000232124200000424243400007343133230000341212000000222333130000,,00000210,,,,,,,,23,23,0,6,6,210,,242213322343221423342121214234333342213332314412,ABAADCCAACBCAADBACCBADADADBACBCCCCBAADCCCACDBBDA,ABAACDACACBCAABDACBCADADADABBCCCCCABADCCACCDBBAD,,,0,210,,,,,L_T1_GTR___hekomi__,,,,,,,,,32,31,44,223133000000233224222000424343340007342230000000342113000000111223000000,,00000195,,,,,,,,21,21,0,9,9,195,,24221332234322142334212121423433334221333231,ABAADCCAACBCAADBACCBADADADBACBCCCCBAADCCCACD,ABAACDACACBCAABDACBCADADADABBCCCCCABADCCACCD,,,0,195,,,,,,,,,,L_T1_GTR03_31110001,,,
150923,45,,,,,,,,,44,12,33,231122330000232124200000424243400007343133230000341212000000222333130000,,00000210,,,,,,,,23,23,0,6,6,210,,242213322343221423342121214234333342213332314412,ABAADCCAACBCAADBACCBADADADBACBCCCCBAADCCCACDBBDA,ABAACDACACBCAABDACBCADADADABBCCCCCABADCCACCDBBAD,,,0,210,,,,,L_T1_GTR___hekomi__,,,,,,,,,,31,44,223133000000233224222000424343342007342233000000342113000000111223000000,,b100abb6,,,,,,,,22,0,1,b100abb6,600,795,,24221332234322142334212121423433334221333231,ABAADCCAACBCAADBACCBADADADBACBCCCCBAADCCCACD,ABAACDACACBCAABDACBCADADADABBCCCCCABADCCACCD,,,1,795,,,,,,,,,,L_T1_GTR03_31110001,,,
150944,46,,,,,,,,,12,33,41,231122330000232124200000424243444007343133230000341212000000222333130000,,00000216,,,,,,,,24,24,0,6,6,216,,24221332234322142334212121423433334221333231441233,ABAADCCAACBCAADBACCBADADADBACBCCCCBAADCCCACDBBDACC,ABAACDACACBCAABDACBCADADADABBCCCCCABADCCACCDBBADCC,,,0,216,,,,,L_T1_GTR___hekomi__,,,,,,,,,,31,44,223133000000233224222000424343342007342233000000342113000000111223000000,,b100abb6,,,,,,,,22,0,1,b100abb6,600,795,,24221332234322142334212121423433334221333231,ABAADCCAACBCAADBACCBADADADBACBCCCCBAADCCCACD,ABAACDACACBCAABDACBCADADADABBCCCCCABADCCACCD,,,1,795,,,,,,,,,,L_T1_GTR03_31110001,,,
151014,47,,,,,,,,,12,33,41,231122330000232124200000424243444007343133230000341212000000222333130000,,00000216,,,,,,,,24,24,0,6,6,216,,24221332234322142334212121423433334221333231441233,ABAADCCAACBCAADBACCBADADADBACBCCCCBAADCCCACDBBDACC,ABAACDACACBCAABDACBCADADADABBCCCCCABADCCACCDBBADCC,,,0,216,,,,,L_T1_GTR___hekomi__,,,,,,,,,31,44,12,223133000000233224000000424344000007342200000000342110000000111220000000,,00000800,,,,,,,,23,1,0,5,5,800,,2422133223432214233421212142343333422133323144,ABAADCCAACBCAADBACCBADADADBACBCCCCBAADCCCACDBB,ABAACDACACBCAABDACBCADADADABBCCCCCABADCCACCDBB,,,1,800,,,,,,,,,,L_T1_GTR03_31110001,,,
151056,48,,,,,,,,,33,41,31,231122336600232124266000424243444667343133231660341212260000222333136600,,00000221,,,,,,,,25,25,0,5,5,221,,2422133223432214233421212142343333422133323144123341,ABAADCCAACBCAADBACCBADADADBACBCCCCBAADCCCACDBBDACCBD,ABAACDACACBCAABDACBCADADADABBCCCCCABADCCACCDBBADCCBD,,,0,221,,,,,L_T1_GTR___hekomi__,,,,,,,,,31,44,12,223133000000233224000000424344000007342200000000342110000000111220000000,,00000800,,,,,,,,23,1,0,5,5,800,,2422133223432214233421212142343333422133323144,ABAADCCAACBCAADBACCBADADADBACBCCCCBAADCCCACDBB,ABAACDACACBCAABDACBCADADADABBCCCCCABADCCACCDBB,,,1,800,,,,,,,,,,L_T1_GTR03_31110001,,,
151058,49,,,,,,,,,33,41,31,231122336600232124266000424243444667343133231660341212260000222333136600,,00000221,,,,,,,,25,25,0,5,5,221,,2422133223432214233421212142343333422133323144123341,ABAADCCAACBCAADBACCBADADADBACBCCCCBAADCCCACDBBDACCBD,ABAACDACACBCAABDACBCADADADABBCCCCCABADCCACCDBBADCCBD,,,0,221,,,,,L_T1_GTR___hekomi__,,,,,,,,,44,12,33,223133300000233224100000424344000007342200000000342110000000111220000000,,00000807,,,,,,,,24,2,0,7,7,807,,242213322343221423342121214234333342213332314412,ABAADCCAACBCAADBACCBADADADBACBCCCCBAADCCCACDBBDA,ABAACDACACBCAABDACBCADADADABBCCCCCABADCCACCDBBAD,,,1,807,,,,,,,,,,L_T1_GTR03_31110001,,,
151096,50,,,,,,,,,41,31,44,231122336600232124266000424243444667343133231660341212263300222333136600,,00000226,,,,,,,,26,26,0,5,5,226,,242213322343221423342121214234333342213332314412334131,ABAADCCAACBCAADBACCBADADADBACBCCCCBAADCCCACDBBDACCBDCD,ABAACDACACBCAABDACBCADADADABBCCCCCABADCCACCDBBADCCBDCD,,,0,226,,,,,L_T1_GTR___hekomi__,,,,,,,,,44,12,33,223133300000233224100000424344000007342200000000342110000000111220000000,,00000807,,,,,,,,24,2,0,7,7,807,,242213322343221423342121214234333342213332314412,ABAADCCAACBCAADBACCBADADADBACBCCCCBAADCCCACDBBDA,ABAACDACACBCAABDACBCADADADABBCCCCCABADCCACCDBBAD,,,1,807,,,,,,,,,,L_T1_GTR03_31110001,,,
151098,51,,,,,,,,,41,31,44,231122336600232124266000424243444667343133231660341212263300222333136600,,00000226,,,,,,,,26,26,0,5,5,226,,242213322343221423342121214234333342213332314412334131,ABAADCCAACBCAADBACCBADADADBACBCCCCBAADCCCACDBBDACCBDCD,ABAACDACACBCAABDACBCADADADABBCCCCCABADCCACCDBBADCCBDCD,,,0,226,,,,,L_T1_GTR___hekomi__,,,,,,,,,12,33,41,223133300000233224100000424344000007342200000000342114400000111220000000,,00000814,,,,,,,,25,3,0,7,7,814,,24221332234322142334212121423433334221333231441233,ABAADCCAACBCAADBACCBADADADBACBCCCCBAADCCCACDBBDACC,ABAACDACACBCAABDACBCADADADABBCCCCCABADCCACCDBBADCC,,,1,814,,,,,,,,,,L_T1_GTR03_31110001,,,
151147,52,,,,,,,,,41,31,44,231122336600232124266000424243444667343133231660341212263300222333136600,,00000226,,,,,,,,26,26,0,5,5,226,,242213322343221423342121214234333342213332314412334131,ABAADCCAACBCAADBACCBADADADBACBCCCCBAADCCCACDBBDACCBDCD,ABAACDACACBCAABDACBCADADADABBCCCCCABADCCACCDBBADCCBDCD,,,0,226,,,,,L_T1_GTR___hekomi__,,,,,,,,,33,41,31,223133300000233224100000424344000007342200000000342114421000111220000000,,00000820,,,,,,,,26,4,0,6,6,820,,2422133223432214233421212142343333422133323144123341,ABAADCCAACBCAADBACCBADADADBACBCCCCBAADCCCACDBBDACCBD,ABAACDACACBCAABDACBCADADADABBCCCCCABADCCACCDBBADCCBD,,,1,820,,,,,,,,,,L_T1_GTR03_31110001,,,
151150,53,,,,,,,,,31,44,44,231122336610232124266400424243444667343133231660341212263300222333136600,,00000229,,,,,,,,27,27,0,3,3,229,,24221332234322142334212121423433334221333231441233413144,ABAADCCAACBCAADBACCBADADADBACBCCCCBAADCCCACDBBDACCBDCDBB,ABAACDACACBCAABDACBCADADADABBCCCCCABADCCACCDBBADCCBDCDBB,,,0,229,,,,,L_T1_GTR___hekomi__,,,,,,,,,33,41,31,223133300000233224100000424344000007342200000000342114421000111220000000,,00000820,,,,,,,,26,4,0,6,6,820,,2422133223432214233421212142343333422133323144123341,ABAADCCAACBCAADBACCBADADADBACBCCCCBAADCCCACDBBDACCBD,ABAACDACACBCAABDACBCADADADABBCCCCCABADCCACCDBBADCCBD,,,1,820,,,,,,,,,,L_T1_GTR03_31110001,,,
151184,55,,,,,,,,,44,44,24,231122336610232124266400424243444667343133231660341212263330222333136610,,00000232,,,,,,,,28,28,0,3,3,232,,2422133223432214233421212142343333422133323144123341314444,ABAADCCAACBCAADBACCBADADADBACBCCCCBAADCCCACDBBDACCBDCDBBBB,ABAACDACACBCAABDACBCADADADABBCCCCCABADCCACCDBBADCCBDCDBBBB,,,0,232,,,,,L_T1_GTR___hekomi__,,,,,,,,,41,31,44,223133300000233224133000424344000007342200000000342114421000111220000000,,00000825,,,,,,,,27,5,0,5,5,825,,242213322343221423342121214234333342213332314412334131,ABAADCCAACBCAADBACCBADADADBACBCCCCBAADCCCACDBBDACCBDCD,ABAACDACACBCAABDACBCADADADABBCCCCCABADCCACCDBBADCCBDCD,,,1,825,,,,,,,,,,L_T1_GTR03_31110001,,,
151214,56,,,,,,,,,44,44,24,231122336610232124266400424243444667343133231660341212263330222333136610,,00000232,,,,,,,,28,28,0,3,3,232,,2422133223432214233421212142343333422133323144123341314444,ABAADCCAACBCAADBACCBADADADBACBCCCCBAADCCCACDBBDACCBDCDBBBB,ABAACDACACBCAABDACBCADADADABBCCCCCABADCCACCDBBADCCBDCDBBBB,,,0,232,,,,,L_T1_GTR___hekomi__,,,,,,,,,,31,44,223133300000233224133000424344000007342214000000342114421000111220000000,,bb60abb3,,,,,,,,28,0,1,bb60abb3,180,1005,,242213322343221423342121214234333342213332314412334131,ABAADCCAACBCAADBACCBADADADBACBCCCCBAADCCCACDBBDACCBDCD,ABAACDACACBCAABDACBCADADADABBCCCCCABADCCACCDBBADCCBDCD,,,1,1005,,,,,,,,,,L_T1_GTR03_31110001,,,
151215,57,,,,,,,,,44,24,12,231122336610232124266444424243444667343133231660341212263330222333136610,,00000235,,,,,,,,29,29,0,3,3,235,,242213322343221423342121214234333342213332314412334131444424,ABAADCCAACBCAADBACCBADADADBACBCCCCBAADCCCACDBBDACCBDCDBBBBAB,ABAACDACACBCAABDACBCADADADABBCCCCCABADCCACCDBBADCCBDCDBBBBAB,,,0,235,,,,,L_T1_GTR___hekomi__,,,,,,,,,,31,44,223133300000233224133000424344000007342214000000342114421000111220000000,,bb60abb3,,,,,,,,28,0,1,bb60abb3,180,1005,,242213322343221423342121214234333342213332314412334131,ABAADCCAACBCAADBACCBADADADBACBCCCCBAADCCCACDBBDACCBDCD,ABAACDACACBCAABDACBCADADADABBCCCCCABADCCACCDBBADCCBDCD,,,1,1005,,,,,,,,,,L_T1_GTR03_31110001,,,
151233,58,,,,,,,,,,24,12,231122336610232124266444424243444664343133231664341212263330222333136610,,bb50abb2,,,,,,,,30,0,1,bb50abb2,100,335,,242213322343221423342121214234333342213332314412334131444424,ABAADCCAACBCAADBACCBADADADBACBCCCCBAADCCCACDBBDACCBDCDBBBBAB,ABAACDACACBCAABDACBCADADADABBCCCCCABADCCACCDBBADCCBDCDBBBBAB,,,1,335,,,,,L_T1_GTR___hekomi__,,,,,,,,,,31,44,223133300000233224133000424344000007342214000000342114421000111220000000,,bb60abb3,,,,,,,,28,0,1,bb60abb3,180,1005,,242213322343221423342121214234333342213332314412334131,ABAADCCAACBCAADBACCBADADADBACBCCCCBAADCCCACDBBDACCBDCD,ABAACDACACBCAABDACBCADADADABBCCCCCABADCCACCDBBADCCBDCD,,,1,1005,,,,,,,,,,L_T1_GTR03_31110001,,,
151297,59,,,,,,,,,,24,12,231122336610232124266444424243444664343133231664341212263330222333136610,,bb50abb2,,,,,,,,30,0,1,bb50abb2,100,335,,242213322343221423342121214234333342213332314412334131444424,ABAADCCAACBCAADBACCBADADADBACBCCCCBAADCCCACDBBDACCBDCDBBBBAB,ABAACDACACBCAABDACBCADADADABBCCCCCABADCCACCDBBADCCBDCDBBBBAB,,,1,335,,,,,L_T1_GTR___hekomi__,,,,,,,,,,31,44,223133300000233221330000424300000007342210000000342112100000111220000000,,bb50ab10,,,,,,,,29,0,2,bb50ab10,500,1505,,242213322343221423342121214234333342213332314412334131,ABAADCCAACBCAADBACCBADADADBACBCCCCBAADCCCACDBBDACCBDCD,ABAACDACACBCAABDACBCADADADABBCCCCCABADCCACCDBBADCCBDCD,,,2,1505,,,,,,,,,,L_T1_GTR03_31110001,,,
151323,60,,,,,,,,,24,12,12,231122336100232124260000424243444007343133231600341212263330222333136610,,00000337,,,,,,,,31,1,0,2,2,337,,24221332234322142334212121423433334221333231441233413144442412,ABAADCCAACBCAADBACCBADADADBACBCCCCBAADCCCACDBBDACCBDCDBBBBABDA,ABAACDACACBCAABDACBCADADADABBCCCCCABADCCACCDBBADCCBDCDBBBBABAD,,,1,337,,,,,L_T1_GTR___hekomi__,,,,,,,,,,31,44,223133300000233221330000424300000007342210000000342112100000111220000000,,bb50ab10,,,,,,,,29,0,2,bb50ab10,500,1505,,242213322343221423342121214234333342213332314412334131,ABAADCCAACBCAADBACCBADADADBACBCCCCBAADCCCACDBBDACCBDCD,ABAACDACACBCAABDACBCADADADABBCCCCCABADCCACCDBBADCCBDCD,,,2,1505,,,,,,,,,,L_T1_GTR03_31110001,,,
151355,61,,,,,,,,,,12,12,231122336100232124260000424243444427343133231600341212263330222333136610,,bb40abb1,,,,,,,,32,0,1,bb40abb1,40,377,,24221332234322142334212121423433334221333231441233413144442412,ABAADCCAACBCAADBACCBADADADBACBCCCCBAADCCCACDBBDACCBDCDBBBBABDA,ABAACDACACBCAABDACBCADADADABBCCCCCABADCCACCDBBADCCBDCDBBBBABAD,,,1,377,,,,,L_T1_GTR___hekomi__,,,,,,,,,,31,44,223133300000233221330000424300000007342210000000342112100000111220000000,,bb50ab10,,,,,,,,29,0,2,bb50ab10,500,1505,,242213322343221423342121214234333342213332314412334131,ABAADCCAACBCAADBACCBADADADBACBCCCCBAADCCCACDBBDACCBDCD,ABAACDACACBCAABDACBCADADADABBCCCCCABADCCACCDBBADCCBDCD,,,2,1505,,,,,,,,,,L_T1_GTR03_31110001,,,
151361,62,,,,,,,,,,12,12,231122336100232124260000424243444427343133231600341212263330222333136610,,bb40abb1,,,,,,,,32,0,1,bb40abb1,40,377,,24221332234322142334212121423433334221333231441233413144442412,ABAADCCAACBCAADBACCBADADADBACBCCCCBAADCCCACDBBDACCBDCDBBBBABDA,ABAACDACACBCAABDACBCADADADABBCCCCCABADCCACCDBBADCCBDCDBBBBABAD,,,1,377,,,,,L_T1_GTR___hekomi__,,,,,,,,,31,44,44,223100000000233221000000424300000007342210000000342112100000111220000000,,00001513,,,,,,,,30,1,0,8,8,1513,,24221332234322142334212121423433334221333231441233413144,ABAADCCAACBCAADBACCBADADADBACBCCCCBAADCCCACDBBDACCBDCDBB,ABAACDACACBCAABDACBCADADADABBCCCCCABADCCACCDBBADCCBDCDBB,,,2,1513,,,,,,,,,,L_T1_GTR03_31110001,,,
151415,63,,,,,,,,,,12,12,231122336100232124260000424243444427343133231600341212263330222333136610,,bb40abb1,,,,,,,,32,0,1,bb40abb1,40,377,,24221332234322142334212121423433334221333231441233413144442412,ABAADCCAACBCAADBACCBADADADBACBCCCCBAADCCCACDBBDACCBDCDBBBBABDA,ABAACDACACBCAABDACBCADADADABBCCCCCABADCCACCDBBADCCBDCDBBBBABAD,,,1,377,,,,,L_T1_GTR___hekomi__,,,,,,,,,44,44,24,223113000000233221000000424300000007342210000000342112100000111220000000,,00001521,,,,,,,,31,2,0,8,8,1521,,2422133223432214233421212142343333422133323144123341314444,ABAADCCAACBCAADBACCBADADADBACBCCCCBAADCCCACDBBDACCBDCDBBBB,ABAACDACACBCAABDACBCADADADABBCCCCCABADCCACCDBBADCCBDCDBBBB,,,2,1521,,,,,,,,,,L_T1_GTR03_31110001,,,
151449,64,,,,,,,,,,12,12,231122336100232124200000424243200007343133231000341212263330222333136610,,bb50ab10,,,,,,,,33,0,2,bb50ab10,500,877,,24221332234322142334212121423433334221333231441233413144442412,ABAADCCAACBCAADBACCBADADADBACBCCCCBAADCCCACDBBDACCBDCDBBBBABDA,ABAACDACACBCAABDACBCADADADABBCCCCCABADCCACCDBBADCCBDCDBBBBABAD,,,2,877,,,,,L_T1_GTR___hekomi__,,,,,,,,,44,44,24,223113000000233221000000424300000007342210000000342112100000111220000000,,00001521,,,,,,,,31,2,0,8,8,1521,,2422133223432214233421212142343333422133323144123341314444,ABAADCCAACBCAADBACCBADADADBACBCCCCBAADCCCACDBBDACCBDCDBBBB,ABAACDACACBCAABDACBCADADADABBCCCCCABADCCACCDBBADCCBDCDBBBB,,,2,1521,,,,,,,,,,L_T1_GTR03_31110001,,,
151453,65,,,,,,,,,,12,12,231122336100232124200000424243200007343133231000341212263330222333136610,,bb50ab10,,,,,,,,33,0,2,bb50ab10,500,877,,24221332234322142334212121423433334221333231441233413144442412,ABAADCCAACBCAADBACCBADADADBACBCCCCBAADCCCACDBBDACCBDCDBBBBABDA,ABAACDACACBCAABDACBCADADADABBCCCCCABADCCACCDBBADCCBDCDBBBBABAD,,,2,877,,,,,L_T1_GTR___hekomi__,,,,,,,,,44,24,12,223113000000233221000000424300000007342210000000342112144000111220000000,,00001526,,,,,,,,32,3,0,5,5,1526,,242213322343221423342121214234333342213332314412334131444424,ABAADCCAACBCAADBACCBADADADBACBCCCCBAADCCCACDBBDACCBDCDBBBBAB,ABAACDACACBCAABDACBCADADADABBCCCCCABADCCACCDBBADCCBDCDBBBBAB,,,2,1526,,,,,,,,,,L_T1_GTR03_31110001,,,
151497,66,,,,,,,,,,12,12,231122336100232124200000424243200007343133231000341212263330222333136610,,bb50ab10,,,,,,,,33,0,2,bb50ab10,500,877,,24221332234322142334212121423433334221333231441233413144442412,ABAADCCAACBCAADBACCBADADADBACBCCCCBAADCCCACDBBDACCBDCDBBBBABDA,ABAACDACACBCAABDACBCADADADABBCCCCCABADCCACCDBBADCCBDCDBBBBABAD,,,2,877,,,,,L_T1_GTR___hekomi__,,,,,,,,,24,12,12,223113000000233221000000424300000007342210000000342112144000111224400000,,00001533,,,,,,,,33,4,0,7,7,1533,,24221332234322142334212121423433334221333231441233413144442412,ABAADCCAACBCAADBACCBADADADBACBCCCCBAADCCCACDBBDACCBDCDBBBBABDA,ABAACDACACBCAABDACBCADADADABBCCCCCABADCCACCDBBADCCBDCDBBBBABAD,,,2,1533,,,,,,,,,,L_T1_GTR03_31110001,,,
151532,67,,,,,,,,,,12,12,231122336100232124000000424243000007343133310000341213330000222333132610,,b110ab26,,,,,,,,34,0,3,b110ab26,2860,3737,,24221332234322142334212121423433334221333231441233413144442412,ABAADCCAACBCAADBACCBADADADBACBCCCCBAADCCCACDBBDACCBDCDBBBBABDA,ABAACDACACBCAABDACBCADADADABBCCCCCABADCCACCDBBADCCBDCDBBBBABAD,,,3,3737,,,,,L_T1_GTR___hekomi__,,,,,,,,,24,12,12,223113000000233221000000424300000007342210000000342112144000111224400000,,00001533,,,,,,,,33,4,0,7,7,1533,,24221332234322142334212121423433334221333231441233413144442412,ABAADCCAACBCAADBACCBADADADBACBCCCCBAADCCCACDBBDACCBDCDBBBBABDA,ABAACDACACBCAABDACBCADADADABBCCCCCABADCCACCDBBADCCBDCDBBBBABAD,,,2,1533,,,,,,,,,,L_T1_GTR03_31110001,,,
151549,68,,,,,,,,,,12,12,231122336100232124000000424243000007343133310000341213330000222333132610,,b110ab26,,,,,,,,34,0,3,b110ab26,2860,3737,,24221332234322142334212121423433334221333231441233413144442412,ABAADCCAACBCAADBACCBADADADBACBCCCCBAADCCCACDBBDACCBDCDBBBBABDA,ABAACDACACBCAABDACBCADADADABBCCCCCABADCCACCDBBADCCBDCDBBBBABAD,,,3,3737,,,,,L_T1_GTR___hekomi__,,,,,,,,,12,12,22,223113000000233221000000424300000007342212400000342112144000111224400000,,00001541,,,,,,,,34,5,0,8,8,1541,,2422133223432214233421212142343333422133323144123341314444241212,ABAADCCAACBCAADBACCBADADADBACBCCCCBAADCCCACDBBDACCBDCDBBBBABDADA,ABAACDACACBCAABDACBCADADADABBCCCCCABADCCACCDBBADCCBDCDBBBBABADAD,,,2,1541,,,,,,,,,,L_T1_GTR03_31110001,,,
151583,69,,,,,,,,,,12,12,231122336100232124000000424243000007343133310000341213330000222333132610,,b110ab26,,,,,,,,34,0,3,b110ab26,2860,3737,,24221332234322142334212121423433334221333231441233413144442412,ABAADCCAACBCAADBACCBADADADBACBCCCCBAADCCCACDBBDACCBDCDBBBBABDA,ABAACDACACBCAABDACBCADADADABBCCCCCABADCCACCDBBADCCBDCDBBBBABAD,,,3,3737,,,,,L_T1_GTR___hekomi__,,,,,,,,,,12,22,223113000000233221000000424312000007342212400000342112144000111224400000,,bb40abb1,,,,,,,,35,0,1,bb40abb1,40,1581,,2422133223432214233421212142343333422133323144123341314444241212,ABAADCCAACBCAADBACCBADADADBACBCCCCBAADCCCACDBBDACCBDCDBBBBABDADA,ABAACDACACBCAABDACBCADADADABBCCCCCABADCCACCDBBADCCBDCDBBBBABADAD,,,2,1581,,,,,,,,,,L_T1_GTR03_31110001,,,
151631,70,,,,,,,,,12,12,22,231122336100232124000000424240000007343110000000341210000000222161000000,,00003740,,,,,,,,35,1,0,3,3,3740,,2422133223432214233421212142343333422133323144123341314444241212,ABAADCCAACBCAADBACCBADADADBACBCCCCBAADCCCACDBBDACCBDCDBBBBABDADA,ABAACDACACBCAABDACBCADADADABBCCCCCABADCCACCDBBADCCBDCDBBBBABADAD,,,3,3740,,,,,L_T1_GTR___hekomi__,,,,,,,,,,12,22,223113000000233221000000424312000007342212400000342112144000111224400000,,bb40abb1,,,,,,,,35,0,1,bb40abb1,40,1581,,2422133223432214233421212142343333422133323144123341314444241212,ABAADCCAACBCAADBACCBADADADBACBCCCCBAADCCCACDBBDACCBDCDBBBBABDADA,ABAACDACACBCAABDACBCADADADABBCCCCCABADCCACCDBBADCCBDCDBBBBABADAD,,,2,1581,,,,,,,,,,L_T1_GTR03_31110001,,,
151664,71,,,,,,,,,12,12,22,231122336100232124000000424240000007343110000000341210000000222161000000,,00003740,,,,,,,,35,1,0,3,3,3740,,2422133223432214233421212142343333422133323144123341314444241212,ABAADCCAACBCAADBACCBADADADBACBCCCCBAADCCCACDBBDACCBDCDBBBBABDADA,ABAACDACACBCAABDACBCADADADABBCCCCCABADCCACCDBBADCCBDCDBBBBABADAD,,,3,3740,,,,,L_T1_GTR___hekomi__,,,,,,,,,,12,22,223113000000233221000000424320000007342224000000342214400000111224400000,,b150ab20,,,,,,,,36,0,2,b150ab20,3000,4581,,2422133223432214233421212142343333422133323144123341314444241212,ABAADCCAACBCAADBACCBADADADBACBCCCCBAADCCCACDBBDACCBDCDBBBBABDADA,ABAACDACACBCAABDACBCADADADABBCCCCCABADCCACCDBBADCCBDCDBBBBABADAD,,,2,4581,,,,,,,,,,L_T1_GTR03_31110001,,,
151672,72,,,,,,,,,12,22,42,231122336100232124210000424240000007343110000000341210000000222161000000,,00003746,,,,,,,,36,2,0,6,6,3746,,242213322343221423342121214234333342213332314412334131444424121222,ABAADCCAACBCAADBACCBADADADBACBCCCCBAADCCCACDBBDACCBDCDBBBBABDADAAA,ABAACDACACBCAABDACBCADADADABBCCCCCABADCCACCDBBADCCBDCDBBBBABADADAA,,,3,3746,,,,,L_T1_GTR___hekomi__,,,,,,,,,,12,22,223113000000233221000000424320000007342224000000342214400000111224400000,,b150ab20,,,,,,,,36,0,2,b150ab20,3000,4581,,2422133223432214233421212142343333422133323144123341314444241212,ABAADCCAACBCAADBACCBADADADBACBCCCCBAADCCCACDBBDACCBDCDBBBBABDADA,ABAACDACACBCAABDACBCADADADABBCCCCCABADCCACCDBBADCCBDCDBBBBABADAD,,,2,4581,,,,,,,,,,L_T1_GTR03_31110001,,,
151716,73,,,,,,,,,22,42,44,231122336100232124210000424240000007343110000000341210000000222161120000,,00003753,,,,,,,,37,3,0,7,7,3753,,24221332234322142334212121423433334221333231441233413144442412122242,ABAADCCAACBCAADBACCBADADADBACBCCCCBAADCCCACDBBDACCBDCDBBBBABDADAAABA,ABAACDACACBCAABDACBCADADADABBCCCCCABADCCACCDBBADCCBDCDBBBBABADADAAAB,,,3,3753,,,,,L_T1_GTR___hekomi__,,,,,,,,,,12,22,223113000000233221000000424320000007342224000000342214400000111224400000,,b150ab20,,,,,,,,36,0,2,b150ab20,3000,4581,,2422133223432214233421212142343333422133323144123341314444241212,ABAADCCAACBCAADBACCBADADADBACBCCCCBAADCCCACDBBDACCBDCDBBBBABDADA,ABAACDACACBCAABDACBCADADADABBCCCCCABADCCACCDBBADCCBDCDBBBBABADAD,,,2,4581,,,,,,,,,,L_T1_GTR03_31110001,,,
151747,74,,,,,,,,,22,42,44,231122336100232124210000424240000007343110000000341210000000222161120000,,00003753,,,,,,,,37,3,0,7,7,3753,,24221332234322142334212121423433334221333231441233413144442412122242,ABAADCCAACBCAADBACCBADADADBACBCCCCBAADCCCACDBBDACCBDCDBBBBABDADAAABA,ABAACDACACBCAABDACBCADADADABBCCCCCABADCCACCDBBADCCBDCDBBBBABADADAAAB,,,3,3753,,,,,L_T1_GTR___hekomi__,,,,,,,,,,12,22,223113000000233100000000424300000007340000000000341000000000111000000000,,bb40ab16,,,,,,,,37,0,3,bb40ab16,640,5221,,2422133223432214233421212142343333422133323144123341314444241212,ABAADCCAACBCAADBACCBADADADBACBCCCCBAADCCCACDBBDACCBDCDBBBBABDADA,ABAACDACACBCAABDACBCADADADABBCCCCCABADCCACCDBBADCCBDCDBBBBABADAD,,,3,5221,,,,,,,,,,L_T1_GTR03_31110001,,,
151754,75,,,,,,,,,42,44,31,231122336100232124210000424240000007343110000000341210000000222161122200,,00003757,,,,,,,,38,4,0,4,4,3757,,2422133223432214233421212142343333422133323144123341314444241212224244,ABAADCCAACBCAADBACCBADADADBACBCCCCBAADCCCACDBBDACCBDCDBBBBABDADAAABABB,ABAACDACACBCAABDACBCADADADABBCCCCCABADCCACCDBBADCCBDCDBBBBABADADAAABBB,,,3,3757,,,,,L_T1_GTR___hekomi__,,,,,,,,,,12,22,223113000000233100000000424300000007340000000000341000000000111000000000,,bb40ab16,,,,,,,,37,0,3,bb40ab16,640,5221,,2422133223432214233421212142343333422133323144123341314444241212,ABAADCCAACBCAADBACCBADADADBACBCCCCBAADCCCACDBBDACCBDCDBBBBABDADA,ABAACDACACBCAABDACBCADADADABBCCCCCABADCCACCDBBADCCBDCDBBBBABADAD,,,3,5221,,,,,,,,,,L_T1_GTR03_31110001,,,
151794,76,,,,,,,,,44,31,23,231122336100232124210000424244000007343112000000341210000000222161122200,,00003766,,,,,,,,39,5,0,9,9,3766,,242213322343221423342121214234333342213332314412334131444424121222424431,ABAADCCAACBCAADBACCBADADADBACBCCCCBAADCCCACDBBDACCBDCDBBBBABDADAAABABBCD,ABAACDACACBCAABDACBCADADADABBCCCCCABADCCACCDBBADCCBDCDBBBBABADADAAABBBCD,,,3,3766,,,,,L_T1_GTR___hekomi__,,,,,,,,,,12,22,223113000000233100000000424300000007340000000000341000000000111000000000,,bb40ab16,,,,,,,,37,0,3,bb40ab16,640,5221,,2422133223432214233421212142343333422133323144123341314444241212,ABAADCCAACBCAADBACCBADADADBACBCCCCBAADCCCACDBBDACCBDCDBBBBABDADA,ABAACDACACBCAABDACBCADADADABBCCCCCABADCCACCDBBADCCBDCDBBBBABADAD,,,3,5221,,,,,,,,,,L_T1_GTR03_31110001,,,
151812,77,,,,,,,,,44,31,23,231122336100232124210000424244000007343112000000341210000000222161122200,,00003766,,,,,,,,39,5,0,9,9,3766,,242213322343221423342121214234333342213332314412334131444424121222424431,ABAADCCAACBCAADBACCBADADADBACBCCCCBAADCCCACDBBDACCBDCDBBBBABDADAAABABBCD,ABAACDACACBCAABDACBCADADADABBCCCCCABADCCACCDBBADCCBDCDBBBBABADADAAABBBCD,,,3,3766,,,,,L_T1_GTR___hekomi__,,,,,,,,,12,22,42,223113000000233100000000424300000007340000000000340000000000000000000000,,00005230,,,,,,,,38,1,0,9,9,5230,,242213322343221423342121214234333342213332314412334131444424121222,ABAADCCAACBCAADBACCBADADADBACBCCCCBAADCCCACDBBDACCBDCDBBBBABDADAAA,ABAACDACACBCAABDACBCADADADABBCCCCCABADCCACCDBBADCCBDCDBBBBABADADAA,,,3,5230,,,,,,,,,,L_T1_GTR03_31110001,,,
151827,78,,,,,,,,,,31,23,231122336100232124210000424244440007343112000000341210000000222161122200,,bb50abb2,,,,,,,,40,0,1,bb50abb2,100,3866,,242213322343221423342121214234333342213332314412334131444424121222424431,ABAADCCAACBCAADBACCBADADADBACBCCCCBAADCCCACDBBDACCBDCDBBBBABDADAAABABBCD,ABAACDACACBCAABDACBCADADADABBCCCCCABADCCACCDBBADCCBDCDBBBBABADADAAABBBCD,,,3,3866,,,,,L_T1_GTR___hekomi__,,,,,,,,,12,22,42,223113000000233100000000424300000007340000000000340000000000000000000000,,00005230,,,,,,,,38,1,0,9,9,5230,,242213322343221423342121214234333342213332314412334131444424121222,ABAADCCAACBCAADBACCBADADADBACBCCCCBAADCCCACDBBDACCBDCDBBBBABDADAAA,ABAACDACACBCAABDACBCADADADABBCCCCCABADCCACCDBBADCCBDCDBBBBABADADAA,,,3,5230,,,,,,,,,,L_T1_GTR03_31110001,,,
151862,79,,,,,,,,,,31,23,231122336100232124210000424244440007343112000000341210000000222161122200,,bb50abb2,,,,,,,,40,0,1,bb50abb2,100,3866,,242213322343221423342121214234333342213332314412334131444424121222424431,ABAADCCAACBCAADBACCBADADADBACBCCCCBAADCCCACDBBDACCBDCDBBBBABDADAAABABBCD,ABAACDACACBCAABDACBCADADADABBCCCCCABADCCACCDBBADCCBDCDBBBBABADADAAABBBCD,,,3,3866,,,,,L_T1_GTR___hekomi__,,,,,,,,,22,42,44,223113000000233121000000424300000007340000000000340000000000000000000000,,00005238,,,,,,,,39,2,0,8,8,5238,,24221332234322142334212121423433334221333231441233413144442412122242,ABAADCCAACBCAADBACCBADADADBACBCCCCBAADCCCACDBBDACCBDCDBBBBABDADAAABA,ABAACDACACBCAABDACBCADADADABBCCCCCABADCCACCDBBADCCBDCDBBBBABADADAAAB,,,3,5238,,,,,,,,,,L_T1_GTR03_31110001,,,
151902,80,,,,,,,,,,31,23,231122336100232124210000424244440007343112000000341210000000222161122200,,bb50abb2,,,,,,,,40,0,1,bb50abb2,100,3866,,242213322343221423342121214234333342213332314412334131444424121222424431,ABAADCCAACBCAADBACCBADADADBACBCCCCBAADCCCACDBBDACCBDCDBBBBABDADAAABABBCD,ABAACDACACBCAABDACBCADADADABBCCCCCABADCCACCDBBADCCBDCDBBBBABADADAAABBBCD,,,3,3866,,,,,L_T1_GTR___hekomi__,,,,,,,,,42,44,31,223113000000233121000000424322000007340000000000340000000000000000000000,,00005246,,,,,,,,40,3,0,8,8,5246,,2422133223432214233421212142343333422133323144123341314444241212224244,ABAADCCAACBCAADBACCBADADADBACBCCCCBAADCCCACDBBDACCBDCDBBBBABDADAAABABB,ABAACDACACBCAABDACBCADADADABBCCCCCABADCCACCDBBADCCBDCDBBBBABADADAAABBB,,,3,5246,,,,,,,,,,L_T1_GTR03_31110001,,,
151908,81,,,,,,,,,,31,23,231122336100232122100000424200000007343112000000341210000000222161122200,,bb40abb8,,,,,,,,41,0,2,bb40abb8,320,4186,,242213322343221423342121214234333342213332314412334131444424121222424431,ABAADCCAACBCAADBACCBADADADBACBCCCCBAADCCCACDBBDACCBDCDBBBBABDADAAABABBCD,ABAACDACACBCAABDACBCADADADABBCCCCCABADCCACCDBBADCCBDCDBBBBABADADAAABBBCD,,,3,4186,,,,,L_T1_GTR___hekomi__,,,,,,,,,42,44,31,223113000000233121000000424322000007340000000000340000000000000000000000,,00005246,,,,,,,,40,3,0,8,8,5246,,2422133223432214233421212142343333422133323144123341314444241212224244,ABAADCCAACBCAADBACCBADADADBACBCCCCBAADCCCACDBBDACCBDCDBBBBABDADAAABABB,ABAACDACACBCAABDACBCADADADABBCCCCCABADCCACCDBBADCCBDCDBBBBABADADAAABBB,,,3,5246,,,,,,,,,,L_T1_GTR03_31110001,,,
151940,82,,,,,,,,,,31,23,231122336100232122100000424200000007343112000000341210000000222161122200,,bb40abb8,,,,,,,,41,0,2,bb40abb8,320,4186,,242213322343221423342121214234333342213332314412334131444424121222424431,ABAADCCAACBCAADBACCBADADADBACBCCCCBAADCCCACDBBDACCBDCDBBBBABDADAAABABBCD,ABAACDACACBCAABDACBCADADADABBCCCCCABADCCACCDBBADCCBDCDBBBBABADADAAABBBCD,,,3,4186,,,,,L_T1_GTR___hekomi__,,,,,,,,,44,31,23,223113000000233121200000424322400007340000000000340000000000000000000000,,00005253,,,,,,,,41,4,0,7,7,5253,,242213322343221423342121214234333342213332314412334131444424121222424431,ABAADCCAACBCAADBACCBADADADBACBCCCCBAADCCCACDBBDACCBDCDBBBBABDADAAABABBCD,ABAACDACACBCAABDACBCADADADABBCCCCCABADCCACCDBBADCCBDCDBBBBABADADAAABBBCD,,,3,5253,,,,,,,,,,L_T1_GTR03_31110001,,,
151976,83,,,,,,,,,,31,23,231122336100232122100000424200000007343112000000341210000000222161122200,,bb40abb8,,,,,,,,41,0,2,bb40abb8,320,4186,,242213322343221423342121214234333342213332314412334131444424121222424431,ABAADCCAACBCAADBACCBADADADBACBCCCCBAADCCCACDBBDACCBDCDBBBBABDADAAABABBCD,ABAACDACACBCAABDACBCADADADABBCCCCCABADCCACCDBBADCCBDCDBBBBABADADAAABBBCD,,,3,4186,,,,,L_T1_GTR___hekomi__,,,,,,,,,31,23,24,223113000000233121240000424322440007340000000000340000000000000000000000,,00005259,,,,,,,,42,5,0,6,6,5259,,24221332234322142334212121423433334221333231441233413144442412122242443123,ABAADCCAACBCAADBACCBADADADBACBCCCCBAADCCCACDBBDACCBDCDBBBBABDADAAABABBCDAC,ABAACDACACBCAABDACBCADADADABBCCCCCABADCCACCDBBADCCBDCDBBBBABADADAAABBBCDAC,,,3,5259,,,,,,,,,,L_T1_GTR03_31110001,,,
151989,84,,,,,,,,,,31,23,231133610000232110000000424200000007343112000000341210000000222161122200,,bb40ab16,,,,,,,,42,0,3,bb40ab16,640,4826,,242213322343221423342121214234333342213332314412334131444424121222424431,ABAADCCAACBCAADBACCBADADADBACBCCCCBAADCCCACDBBDACCBDCDBBBBABDADAAABABBCD,ABAACDACACBCAABDACBCADADADABBCCCCCABADCCACCDBBADCCBDCDBBBBABADADAAABBBCD,,,3,4826,,,,,L_T1_GTR___hekomi__,,,,,,,,,31,23,24,223113000000233121240000424322440007340000000000340000000000000000000000,,00005259,,,,,,,,42,5,0,6,6,5259,,24221332234322142334212121423433334221333231441233413144442412122242443123,ABAADCCAACBCAADBACCBADADADBACBCCCCBAADCCCACDBBDACCBDCDBBBBABDADAAABABBCDAC,ABAACDACACBCAABDACBCADADADABBCCCCCABADCCACCDBBADCCBDCDBBBBABADADAAABBBCDAC,,,3,5259,,,,,,,,,,L_T1_GTR03_31110001,,,
152030,85,,,,,,,,,,31,23,231133610000232110000000424200000007343112000000341210000000222161122200,,bb40ab16,,,,,,,,42,0,3,bb40ab16,640,4826,,242213322343221423342121214234333342213332314412334131444424121222424431,ABAADCCAACBCAADBACCBADADADBACBCCCCBAADCCCACDBBDACCBDCDBBBBABDADAAABABBCD,ABAACDACACBCAABDACBCADADADABBCCCCCABADCCACCDBBADCCBDCDBBBBABADADAAABBBCD,,,3,4826,,,,,L_T1_GTR___hekomi__,,,,,,,,,23,24,13,223113000000233121240000424322440007343100000000340000000000000000000000,,00005270,,,,,,,,43,6,0,11,11,5270,,2422133223432214233421212142343333422133323144123341314444241212224244312324,ABAADCCAACBCAADBACCBADADADBACBCCCCBAADCCCACDBBDACCBDCDBBBBABDADAAABABBCDACAB,ABAACDACACBCAABDACBCADADADABBCCCCCABADCCACCDBBADCCBDCDBBBBABADADAAABBBCDACAB,,,3,5270,,,,,,,,,,L_T1_GTR03_31110001,,,
152071,86,,,,,,,,,,31,23,233361000000232000000000424200000007343112000000341210000000222161122200,,bb40ab32,,,,,,,,43,0,4,bb40ab32,1280,6106,,242213322343221423342121214234333342213332314412334131444424121222424431,ABAADCCAACBCAADBACCBADADADBACBCCCCBAADCCCACDBBDACCBDCDBBBBABDADAAABABBCD,ABAACDACACBCAABDACBCADADADABBCCCCCABADCCACCDBBADCCBDCDBBBBABADADAAABBBCD,,,4,6106,,,,,,,,,,,,,,23,24,13,223113000000233121240000424322440007343100000000340000000000000000000000,,00005270,,,,,,,,43,6,0,11,11,5270,,2422133223432214233421212142343333422133323144123341314444241212224244312324,ABAADCCAACBCAADBACCBADADADBACBCCCCBAADCCCACDBBDACCBDCDBBBBABDADAAABABBCDACAB,ABAACDACACBCAABDACBCADADADABBCCCCCABADCCACCDBBADCCBDCDBBBBABADADAAABBBCDACAB,,,3,5270,,,,,,,,,,L_T1_GTR03_31110001,,,
152079,87,,,,,,,,,,31,23,233361000000232000000000424200000007343112000000341210000000222161122200,,bb40ab32,,,,,,,,43,0,4,bb40ab32,1280,6106,,242213322343221423342121214234333342213332314412334131444424121222424431,ABAADCCAACBCAADBACCBADADADBACBCCCCBAADCCCACDBBDACCBDCDBBBBABDADAAABABBCD,ABAACDACACBCAABDACBCADADADABBCCCCCABADCCACCDBBADCCBDCDBBBBABADADAAABBBCD,,,4,6106,,,,,,,,,,,,,,24,13,33,223113000000233121240000424322440007343100000000343200000000000000000000,,00005280,,,,,,,,44,7,0,10,10,5280,,242213322343221423342121214234333342213332314412334131444424121222424431232413,ABAADCCAACBCAADBACCBADADADBACBCCCCBAADCCCACDBBDACCBDCDBBBBABDADAAABABBCDACABDC,ABAACDACACBCAABDACBCADADADABBCCCCCABADCCACCDBBADCCBDCDBBBBABADADAAABBBCDACABCD,,,3,5280,,,,,,,,,,L_T1_GTR03_31110001,,,
152113,88,,,,,,,,,,31,23,233361000000232000000000424200000007343112000000341210000000222161122200,,bb40ab32,,,,,,,,43,0,4,bb40ab32,1280,6106,,242213322343221423342121214234333342213332314412334131444424121222424431,ABAADCCAACBCAADBACCBADADADBACBCCCCBAADCCCACDBBDACCBDCDBBBBABDADAAABABBCD,ABAACDACACBCAABDACBCADADADABBCCCCCABADCCACCDBBADCCBDCDBBBBABADADAAABBBCD,,,4,6106,,,,,,,,,,,,,,13,33,24,223113000000233121240000424322442407343100000000343200000000000000000000,,00005285,,,,,,,,45,8,0,5,5,5285,,24221332234322142334212121423433334221333231441233413144442412122242443123241333,ABAADCCAACBCAADBACCBADADADBACBCCCCBAADCCCACDBBDACCBDCDBBBBABDADAAABABBCDACABDCCC,ABAACDACACBCAABDACBCADADADABBCCCCCABADCCACCDBBADCCBDCDBBBBABADADAAABBBCDACABCDCC,,,3,5285,,,,,,,,,,L_T1_GTR03_31110001,,,
152157,89,,,,,,,,,,31,23,210000000000220000000000424200000007343112000000341210000000222161122200,,bb40ab64,,,,,,,,44,0,5,bb40ab64,2560,8666,,242213322343221423342121214234333342213332314412334131444424121222424431,ABAADCCAACBCAADBACCBADADADBACBCCCCBAADCCCACDBBDACCBDCDBBBBABDADAAABABBCD,ABAACDACACBCAABDACBCADADADABBCCCCCABADCCACCDBBADCCBDCDBBBBABADADAAABBBCD,,,5,8666,,,,,,,,,,,,,,13,33,24,223113000000233121240000424322442407343100000000343200000000000000000000,,00005285,,,,,,,,45,8,0,5,5,5285,,24221332234322142334212121423433334221333231441233413144442412122242443123241333,ABAADCCAACBCAADBACCBADADADBACBCCCCBAADCCCACDBBDACCBDCDBBBBABDADAAABABBCDACABDCCC,ABAACDACACBCAABDACBCADADADABBCCCCCABADCCACCDBBADCCBDCDBBBBABADADAAABBBCDACABCDCC,,,3,5285,,,,,,,,,,L_T1_GTR03_31110001,,,
152164,90,,,,,,,,,,31,23,210000000000220000000000424200000007343112000000341210000000222161122200,,bb40ab64,,,,,,,,44,0,5,bb40ab64,2560,8666,,242213322343221423342121214234333342213332314412334131444424121222424431,ABAADCCAACBCAADBACCBADADADBACBCCCCBAADCCCACDBBDACCBDCDBBBBABDADAAABABBCD,ABAACDACACBCAABDACBCADADADABBCCCCCABADCCACCDBBADCCBDCDBBBBABADADAAABBBCD,,,5,8666,,,,,,,,,,,,,,33,24,22,223113000000233121240000424322442407343110000000343230000000000000000000,,00005294,,,,,,,,46,9,0,9,9,5294,,2422133223432214233421212142343333422133323144123341314444241212224244312324133324,ABAADCCAACBCAADBACCBADADADBACBCCCCBAADCCCACDBBDACCBDCDBBBBABDADAAABABBCDACABDCCCAB,ABAACDACACBCAABDACBCADADADABBCCCCCABADCCACCDBBADCCBDCDBBBBABADADAAABBBCDACABCDCCAB,,,3,5294,,,,,,,,,,L_T1_GTR03_31110001,,,
152200,91,,,,,,,,,,31,23,210000000000220000000000424200000007343112000000341210000000222161122200,,bb40ab64,,,,,,,,44,0,5,bb40ab64,2560,8666,,242213322343221423342121214234333342213332314412334131444424121222424431,ABAADCCAACBCAADBACCBADADADBACBCCCCBAADCCCACDBBDACCBDCDBBBBABDADAAABABBCD,ABAACDACACBCAABDACBCADADADABBCCCCCABADCCACCDBBADCCBDCDBBBBABADADAAABBBCD,,,5,8666,,,,,,,,,,,,,,24,22,32,223113000000233121243300424322442407343110000000343230000000000000000000,,00005299,,,,,,,,47,10,0,5,5,5299,,242213322343221423342121214234333342213332314412334131444424121222424431232413332422,ABAADCCAACBCAADBACCBADADADBACBCCCCBAADCCCACDBBDACCBDCDBBBBABDADAAABABBCDACABDCCCABAA,ABAACDACACBCAABDACBCADADADABBCCCCCABADCCACCDBBADCCBDCDBBBBABADADAAABBBCDACABCDCCABAA,,,3,5299,,,,,,,,,,L_T1_GTR03_31110001,,,
152232,92,,,,,,,,,,31,23,210000000000220000000000424200000007343112000000341210000000222161122200,,bb40ab64,,,,,,,,44,0,5,bb40ab64,2560,8666,,242213322343221423342121214234333342213332314412334131444424121222424431,ABAADCCAACBCAADBACCBADADADBACBCCCCBAADCCCACDBBDACCBDCDBBBBABDADAAABABBCD,ABAACDACACBCAABDACBCADADADABBCCCCCABADCCACCDBBADCCBDCDBBBBABADADAAABBBCD,,,5,8666,,,,,,,,,,,,,,22,32,41,223113000000233121243320424322442440343110000000343230000000000000000000,,00005302,,,,,,,,48,11,0,3,3,5302,,24221332234322142334212121423433334221333231441233413144442412122242443123241333242232,ABAADCCAACBCAADBACCBADADADBACBCCCCBAADCCCACDBBDACCBDCDBBBBABDADAAABABBCDACABDCCCABAACA,ABAACDACACBCAABDACBCADADADABBCCCCCABADCCACCDBBADCCBDCDBBBBABADADAAABBBCDACABCDCCABAAAC,,,3,5302,,,,,,,,,,L_T1_GTR03_31110001,,,
152237,93,,,,,,,,,,31,23,100000000000000000000000442000000007343112000000341210000000222121122200,,bb40ab96,,,,,,,,45,0,6,bb40ab96,3840,12506,,242213322343221423342121214234333342213332314412334131444424121222424431,ABAADCCAACBCAADBACCBADADADBACBCCCCBAADCCCACDBBDACCBDCDBBBBABDADAAABABBCD,ABAACDACACBCAABDACBCADADADABBCCCCCABADCCACCDBBADCCBDCDBBBBABADADAAABBBCD,,,6,12506,,,,,,,,,,,,,,22,32,41,223113000000233121243320424322442440343110000000343230000000000000000000,,00005302,,,,,,,,48,11,0,3,3,5302,,24221332234322142334212121423433334221333231441233413144442412122242443123241333242232,ABAADCCAACBCAADBACCBADADADBACBCCCCBAADCCCACDBBDACCBDCDBBBBABDADAAABABBCDACABDCCCABAACA,ABAACDACACBCAABDACBCADADADABBCCCCCABADCCACCDBBADCCBDCDBBBBABADADAAABBBCDACABCDCCABAAAC,,,3,5302,,,,,,,,,,L_T1_GTR03_31110001,,,
152286,94,,,,,,,,,,31,23,100000000000000000000000442000000007343112000000341210000000222121122200,,bb40ab96,,,,,,,,45,0,6,bb40ab96,3840,12506,,242213322343221423342121214234333342213332314412334131444424121222424431,ABAADCCAACBCAADBACCBADADADBACBCCCCBAADCCCACDBBDACCBDCDBBBBABDADAAABABBCD,ABAACDACACBCAABDACBCADADADABBCCCCCABADCCACCDBBADCCBDCDBBBBABADADAAABBBCD,,,6,12506,,,,,,,,,,,,,,32,41,12,223113000000233121243320424322442440343110000000343230000000220000000000,,00005314,,,,,,,,49,12,0,12,12,5314,,2422133223432214233421212142343333422133323144123341314444241212224244312324133324223241,ABAADCCAACBCAADBACCBADADADBACBCCCCBAADCCCACDBBDACCBDCDBBBBABDADAAABABBCDACABDCCCABAACABD,ABAACDACACBCAABDACBCADADADABBCCCCCABADCCACCDBBADCCBDCDBBBBABADADAAABBBCDACABCDCCABAAACBD,,,3,5314,,,,,,,,,,L_T1_GTR03_31110001,,,
152321,95,,,,,,,,,,31,23,100000000000000000000000200000000007331120000000312100000000222161122200,,bb80a131,,,,,,,,46,0,7,bb80a131,10480,22986,,242213322343221423342121214234333342213332314412334131444424121222424431,ABAADCCAACBCAADBACCBADADADBACBCCCCBAADCCCACDBBDACCBDCDBBBBABDADAAABABBCD,ABAACDACACBCAABDACBCADADADABBCCCCCABADCCACCDBBADCCBDCDBBBBABADADAAABBBCD,,,7,22986,,,,,,,,,,,,,,32,41,12,223113000000233121243320424322442440343110000000343230000000220000000000,,00005314,,,,,,,,49,12,0,12,12,5314,,2422133223432214233421212142343333422133323144123341314444241212224244312324133324223241,ABAADCCAACBCAADBACCBADADADBACBCCCCBAADCCCACDBBDACCBDCDBBBBABDADAAABABBCDACABDCCCABAACABD,ABAACDACACBCAABDACBCADADADABBCCCCCABADCCACCDBBADCCBDCDBBBBABADADAAABBBCDACABCDCCABAAACBD,,,3,5314,,,,,,,,,,L_T1_GTR03_31110001,,,
152335,96,,,,,,,,,,31,23,100000000000000000000000200000000007331120000000312100000000222161122200,,bb80a131,,,,,,,,46,0,7,bb80a131,10480,22986,,242213322343221423342121214234333342213332314412334131444424121222424431,ABAADCCAACBCAADBACCBADADADBACBCCCCBAADCCCACDBBDACCBDCDBBBBABDADAAABABBCD,ABAACDACACBCAABDACBCADADADABBCCCCCABADCCACCDBBADCCBDCDBBBBABADADAAABBBCD,,,7,22986,,,,,,,,,,,,,,41,12,21,223113000000233121243320424322442447343110000000343230000000222300000000,,00005324,,,,,,,,50,13,0,10,10,5324,,242213322343221423342121214234333342213332314412334131444424121222424431232413332422324112,ABAADCCAACBCAADBACCBADADADBACBCCCCBAADCCCACDBBDACCBDCDBBBBABDADAAABABBCDACABDCCCABAACABDDA,ABAACDACACBCAABDACBCADADADABBCCCCCABADCCACCDBBADCCBDCDBBBBABADADAAABBBCDACABCDCCABAAACBDAD,,,3,5324,,,,,,,,,,L_T1_GTR03_31110001,,,
152384,97,,,,,,,,,,31,23,100000000000000000000000200000000007331120000000312100000000222161122200,,bb80a131,,,,,,,,46,0,7,bb80a131,10480,22986,,242213322343221423342121214234333342213332314412334131444424121222424431,ABAADCCAACBCAADBACCBADADADBACBCCCCBAADCCCACDBBDACCBDCDBBBBABDADAAABABBCD,ABAACDACACBCAABDACBCADADADABBCCCCCABADCCACCDBBADCCBDCDBBBBABADADAAABBBCD,,,7,22986,,,,,,,,,,,,,,,12,21,223113000000233121243320424322442440343111400000343230000000222300000000,,bb40abb1,,,,,,,,51,0,1,bb40abb1,40,5364,,242213322343221423342121214234333342213332314412334131444424121222424431232413332422324112,ABAADCCAACBCAADBACCBADADADBACBCCCCBAADCCCACDBBDACCBDCDBBBBABDADAAABABBCDACABDCCCABAACABDDA,ABAACDACACBCAABDACBCADADADABBCCCCCABADCCACCDBBADCCBDCDBBBBABADADAAABBBCDACABCDCCABAAACBDAD,,,3,5364,,,,,,,,,,L_T1_GTR03_31110001,,,
152418,98,,,,,,,,,31,23,24,100000000000000000000000200000000007332000000000310000000000112220000000,,00022991,,,,,,,,47,1,0,5,5,22991,,24221332234322142334212121423433334221333231441233413144442412122242443123,ABAADCCAACBCAADBACCBADADADBACBCCCCBAADCCCACDBBDACCBDCDBBBBABDADAAABABBCDAC,ABAACDACACBCAABDACBCADADADABBCCCCCABADCCACCDBBADCCBDCDBBBBABADADAAABBBCDAC,,,7,22991,,,,,,,,,,,,,,,12,21,223113000000233121243320424322442440343111400000343230000000222300000000,,bb40abb1,,,,,,,,51,0,1,bb40abb1,40,5364,,242213322343221423342121214234333342213332314412334131444424121222424431232413332422324112,ABAADCCAACBCAADBACCBADADADBACBCCCCBAADCCCACDBBDACCBDCDBBBBABDADAAABABBCDACABDCCCABAACABDDA,ABAACDACACBCAABDACBCADADADABBCCCCCABADCCACCDBBADCCBDCDBBBBABADADAAABBBCDACABCDCCABAAACBDAD,,,3,5364,,,,,,,,,,L_T1_GTR03_31110001,,,
152464,99,,,,,,,,,23,24,13,100000000000000000000000200000000007332000000000310000000000112221300000,,00022998,,,,,,,,48,2,0,7,7,22998,,2422133223432214233421212142343333422133323144123341314444241212224244312324,ABAADCCAACBCAADBACCBADADADBACBCCCCBAADCCCACDBBDACCBDCDBBBBABDADAAABABBCDACAB,ABAACDACACBCAABDACBCADADADABBCCCCCABADCCACCDBBADCCBDCDBBBBABADADAAABBBCDACAB,,,7,22998,,,,,,,,,,,,,,,12,21,223113000000233121243320424322442440343111400000343230000000222300000000,,bb40abb1,,,,,,,,51,0,1,bb40abb1,40,5364,,242213322343221423342121214234333342213332314412334131444424121222424431232413332422324112,ABAADCCAACBCAADBACCBADADADBACBCCCCBAADCCCACDBBDACCBDCDBBBBABDADAAABABBCDACABDCCCABAACABDDA,ABAACDACACBCAABDACBCADADADABBCCCCCABADCCACCDBBADCCBDCDBBBBABADADAAABBBCDACABCDCCABAAACBDAD,,,3,5364,,,,,,,,,,L_T1_GTR03_31110001,,,
152467,100,,,,,,,,,23,24,13,100000000000000000000000200000000007332000000000310000000000112221300000,,00022998,,,,,,,,48,2,0,7,7,22998,,2422133223432214233421212142343333422133323144123341314444241212224244312324,ABAADCCAACBCAADBACCBADADADBACBCCCCBAADCCCACDBBDACCBDCDBBBBABDADAAABABBCDACAB,ABAACDACACBCAABDACBCADADADABBCCCCCABADCCACCDBBADCCBDCDBBBBABADADAAABBBCDACAB,,,7,22998,,,,,,,,,,,,,,,12,21,223113000000233121233200424322244007343111000000343230000000222300000000,,bb50ab10,,,,,,,,52,0,2,bb50ab10,500,5864,,242213322343221423342121214234333342213332314412334131444424121222424431232413332422324112,ABAADCCAACBCAADBACCBADADADBACBCCCCBAADCCCACDBBDACCBDCDBBBBABDADAAABABBCDACABDCCCABAACABDDA,ABAACDACACBCAABDACBCADADADABBCCCCCABADCCACCDBBADCCBDCDBBBBABADADAAABBBCDACABCDCCABAAACBDAD,,,3,5864,,,,,,,,,,L_T1_GTR03_31110001,,,
152512,101,,,,,,,,,24,13,33,100000000000320000000000200000000007332000000000310000000000112221300000,,00023010,,,,,,,,49,3,0,12,12,23010,,242213322343221423342121214234333342213332314412334131444424121222424431232413,ABAADCCAACBCAADBACCBADADADBACBCCCCBAADCCCACDBBDACCBDCDBBBBABDADAAABABBCDACABDC,ABAACDACACBCAABDACBCADADADABBCCCCCABADCCACCDBBADCCBDCDBBBBABADADAAABBBCDACABCD,,,7,23010,,,,,,,,,,,,,,,12,21,223113000000233121233200424322244007343111000000343230000000222300000000,,bb50ab10,,,,,,,,52,0,2,bb50ab10,500,5864,,242213322343221423342121214234333342213332314412334131444424121222424431232413332422324112,ABAADCCAACBCAADBACCBADADADBACBCCCCBAADCCCACDBBDACCBDCDBBBBABDADAAABABBCDACABDCCCABAACABDDA,ABAACDACACBCAABDACBCADADADABBCCCCCABADCCACCDBBADCCBDCDBBBBABADADAAABBBCDACABCDCCABAAACBDAD,,,3,5864,,,,,,,,,,L_T1_GTR03_31110001,,,
152551,102,,,,,,,,,24,13,33,100000000000320000000000200000000007332000000000310000000000112221300000,,00023010,,,,,,,,49,3,0,12,12,23010,,242213322343221423342121214234333342213332314412334131444424121222424431232413,ABAADCCAACBCAADBACCBADADADBACBCCCCBAADCCCACDBBDACCBDCDBBBBABDADAAABABBCDACABDC,ABAACDACACBCAABDACBCADADADABBCCCCCABADCCACCDBBADCCBDCDBBBBABADADAAABBBCDACABCD,,,7,23010,,,,,,,,,,,,,,,12,21,223113000000233113320000424344000007343111000000343230000000222300000000,,bb40ab16,,,,,,,,53,0,3,bb40ab16,640,6504,,242213322343221423342121214234333342213332314412334131444424121222424431232413332422324112,ABAADCCAACBCAADBACCBADADADBACBCCCCBAADCCCACDBBDACCBDCDBBBBABDADAAABABBCDACABDCCCABAACABDDA,ABAACDACACBCAABDACBCADADADABBCCCCCABADCCACCDBBADCCBDCDBBBBABADADAAABBBCDACABCDCCABAAACBDAD,,,3,6504,,,,,,,,,,L_T1_GTR03_31110001,,,
152559,103,,,,,,,,,13,33,24,100000000000320000000000224000000007332000000000310000000000112221300000,,00023022,,,,,,,,50,4,0,12,12,23022,,24221332234322142334212121423433334221333231441233413144442412122242443123241333,ABAADCCAACBCAADBACCBADADADBACBCCCCBAADCCCACDBBDACCBDCDBBBBABDADAAABABBCDACABDCCC,ABAACDACACBCAABDACBCADADADABBCCCCCABADCCACCDBBADCCBDCDBBBBABADADAAABBBCDACABCDCC,,,7,23022,,,,,,,,,,,,,,,12,21,223113000000233113320000424344000007343111000000343230000000222300000000,,bb40ab16,,,,,,,,53,0,3,bb40ab16,640,6504,,242213322343221423342121214234333342213332314412334131444424121222424431232413332422324112,ABAADCCAACBCAADBACCBADADADBACBCCCCBAADCCCACDBBDACCBDCDBBBBABDADAAABABBCDACABDCCCABAACABDDA,ABAACDACACBCAABDACBCADADADABBCCCCCABADCCACCDBBADCCBDCDBBBBABADADAAABBBCDACABCDCCABAAACBDAD,,,3,6504,,,,,,,,,,L_T1_GTR03_31110001,,,
152608,104,,,,,,,,,33,24,22,100000000000323100000000224000000007332000000000310000000000112221300000,,00023032,,,,,,,,51,5,0,10,10,23032,,2422133223432214233421212142343333422133323144123341314444241212224244312324133324,ABAADCCAACBCAADBACCBADADADBACBCCCCBAADCCCACDBBDACCBDCDBBBBABDADAAABABBCDACABDCCCAB,ABAACDACACBCAABDACBCADADADABBCCCCCABADCCACCDBBADCCBDCDBBBBABADADAAABBBCDACABCDCCAB,,,7,23032,,,,,,,,,,,,,,,12,21,223113000000233113320000424344000007343111000000343230000000222300000000,,bb40ab16,,,,,,,,53,0,3,bb40ab16,640,6504,,242213322343221423342121214234333342213332314412334131444424121222424431232413332422324112,ABAADCCAACBCAADBACCBADADADBACBCCCCBAADCCCACDBBDACCBDCDBBBBABDADAAABABBCDACABDCCCABAACABDDA,ABAACDACACBCAABDACBCADADADABBCCCCCABADCCACCDBBADCCBDCDBBBBABADADAAABBBCDACABCDCCABAAACBDAD,,,3,6504,,,,,,,,,,L_T1_GTR03_31110001,,,
152632,105,,,,,,,,,33,24,22,100000000000323100000000224000000007332000000000310000000000112221300000,,00023032,,,,,,,,51,5,0,10,10,23032,,2422133223432214233421212142343333422133323144123341314444241212224244312324133324,ABAADCCAACBCAADBACCBADADADBACBCCCCBAADCCCACDBBDACCBDCDBBBBABDADAAABABBCDACABDCCCAB,ABAACDACACBCAABDACBCADADADABBCCCCCABADCCACCDBBADCCBDCDBBBBABADADAAABBBCDACABCDCCAB,,,7,23032,,,,,,,,,,,,,,,12,21,223300000000233332000000424344000007343111000000343230000000222300000000,,bb70ab36,,,,,,,,54,0,4,bb70ab36,2520,9024,,242213322343221423342121214234333342213332314412334131444424121222424431232413332422324112,ABAADCCAACBCAADBACCBADADADBACBCCCCBAADCCCACDBBDACCBDCDBBBBABDADAAABABBCDACABDCCCABAACABDDA,ABAACDACACBCAABDACBCADADADABBCCCCCABADCCACCDBBADCCBDCDBBBBABADADAAABBBCDACABCDCCABAAACBDAD,,,4,9024,,,,,,,,,,L_T1_GTR03_31110001,,,
152658,106,,,,,,,,,24,22,32,133000000000323100000000224000000007332000000000310000000000112221300000,,00023043,,,,,,,,52,6,0,11,11,23043,,242213322343221423342121214234333342213332314412334131444424121222424431232413332422,ABAADCCAACBCAADBACCBADADADBACBCCCCBAADCCCACDBBDACCBDCDBBBBABDADAAABABBCDACABDCCCABAA,ABAACDACACBCAABDACBCADADADABBCCCCCABADCCACCDBBADCCBDCDBBBBABADADAAABBBCDACABCDCCABAA,,,7,23043,,,,,,,,,,,,,,,12,21,223300000000233332000000424344000007343111000000343230000000222300000000,,bb70ab36,,,,,,,,54,0,4,bb70ab36,2520,9024,,242213322343221423342121214234333342213332314412334131444424121222424431232413332422324112,ABAADCCAACBCAADBACCBADADADBACBCCCCBAADCCCACDBBDACCBDCDBBBBABDADAAABABBCDACABDCCCABAACABDDA,ABAACDACACBCAABDACBCADADADABBCCCCCABADCCACCDBBADCCBDCDBBBBABADADAAABBBCDACABCDCCABAAACBDAD,,,4,9024,,,,,,,,,,L_T1_GTR03_31110001,,,
152700,107,,,,,,,,,22,32,41,133000000000323100000000224420000007332000000000310000000000112221300000,,00023052,,,,,,,,53,7,0,9,9,23052,,24221332234322142334212121423433334221333231441233413144442412122242443123241333242232,ABAADCCAACBCAADBACCBADADADBACBCCCCBAADCCCACDBBDACCBDCDBBBBABDADAAABABBCDACABDCCCABAACA,ABAACDACACBCAABDACBCADADADABBCCCCCABADCCACCDBBADCCBDCDBBBBABADADAAABBBCDACABCDCCABAAAC,,,7,23052,,,,,,,,,,,,,,,12,21,223300000000233332000000424344000007343111000000343230000000222300000000,,bb70ab36,,,,,,,,54,0,4,bb70ab36,2520,9024,,242213322343221423342121214234333342213332314412334131444424121222424431232413332422324112,ABAADCCAACBCAADBACCBADADADBACBCCCCBAADCCCACDBBDACCBDCDBBBBABDADAAABABBCDACABDCCCABAACABDDA,ABAACDACACBCAABDACBCADADADABBCCCCCABADCCACCDBBADCCBDCDBBBBABADADAAABBBCDACABCDCCABAAACBDAD,,,4,9024,,,,,,,,,,L_T1_GTR03_31110001,,,
152719,108,,,,,,,,,22,32,41,133000000000323100000000224420000007332000000000310000000000112221300000,,00023052,,,,,,,,53,7,0,9,9,23052,,24221332234322142334212121423433334221333231441233413144442412122242443123241333242232,ABAADCCAACBCAADBACCBADADADBACBCCCCBAADCCCACDBBDACCBDCDBBBBABDADAAABABBCDACABDCCCABAACA,ABAACDACACBCAABDACBCADADADABBCCCCCABADCCACCDBBADCCBDCDBBBBABADADAAABBBCDACABCDCCABAAAC,,,7,23052,,,,,,,,,,,,,,,12,21,220000000000220000000000424240000007343111000000343230000000222300000000,,bb50ab66,,,,,,,,55,0,5,bb50ab66,3300,12324,,242213322343221423342121214234333342213332314412334131444424121222424431232413332422324112,ABAADCCAACBCAADBACCBADADADBACBCCCCBAADCCCACDBBDACCBDCDBBBBABDADAAABABBCDACABDCCCABAACABDDA,ABAACDACACBCAABDACBCADADADABBCCCCCABADCCACCDBBADCCBDCDBBBBABADADAAABBBCDACABCDCCABAAACBDAD,,,5,12324,,,,,,,,,,,,,
152760,109,,,,,,,,,32,41,12,133000000000323120000000224422000007332000000000310000000000112221300000,,00023060,,,,,,,,54,8,0,8,8,23060,,2422133223432214233421212142343333422133323144123341314444241212224244312324133324223241,ABAADCCAACBCAADBACCBADADADBACBCCCCBAADCCCACDBBDACCBDCDBBBBABDADAAABABBCDACABDCCCABAACABD,ABAACDACACBCAABDACBCADADADABBCCCCCABADCCACCDBBADCCBDCDBBBBABADADAAABBBCDACABCDCCABAAACBD,,,7,23060,,,,,,,,,,,,,,,12,21,220000000000220000000000424240000007343111000000343230000000222300000000,,bb50ab66,,,,,,,,55,0,5,bb50ab66,3300,12324,,242213322343221423342121214234333342213332314412334131444424121222424431232413332422324112,ABAADCCAACBCAADBACCBADADADBACBCCCCBAADCCCACDBBDACCBDCDBBBBABDADAAABABBCDACABDCCCABAACABDDA,ABAACDACACBCAABDACBCADADADABBCCCCCABADCCACCDBBADCCBDCDBBBBABADADAAABBBCDACABCDCCABAAACBDAD,,,5,12324,,,,,,,,,,,,,
152799,110,,,,,,,,,32,41,12,133000000000323120000000224422000007332000000000310000000000112221300000,,00023060,,,,,,,,54,8,0,8,8,23060,,2422133223432214233421212142343333422133323144123341314444241212224244312324133324223241,ABAADCCAACBCAADBACCBADADADBACBCCCCBAADCCCACDBBDACCBDCDBBBBABDADAAABABBCDACABDCCCABAACABD,ABAACDACACBCAABDACBCADADADABBCCCCCABADCCACCDBBADCCBDCDBBBBABADADAAABBBCDACABCDCCABAAACBD,,,7,23060,,,,,,,,,,,,,,,12,21,000000000000000000000000444400000007343111000000343230000000222300000000,,bb60ab99,,,,,,,,56,0,6,bb60ab99,5940,18264,,242213322343221423342121214234333342213332314412334131444424121222424431232413332422324112,ABAADCCAACBCAADBACCBADADADBACBCCCCBAADCCCACDBBDACCBDCDBBBBABDADAAABABBCDACABDCCCABAACABDDA,ABAACDACACBCAABDACBCADADADABBCCCCCABADCCACCDBBADCCBDCDBBBBABADADAAABBBCDACABCDCCABAAACBDAD,,,6,18264,,,,,,,,,,,,,
152806,111,,,,,,,,,41,12,21,133230000000323120000000224422000007332000000000310000000000112221300000,,00023069,,,,,,,,55,9,0,9,9,23069,,242213322343221423342121214234333342213332314412334131444424121222424431232413332422324112,ABAADCCAACBCAADBACCBADADADBACBCCCCBAADCCCACDBBDACCBDCDBBBBABDADAAABABBCDACABDCCCABAACABDDA,ABAACDACACBCAABDACBCADADADABBCCCCCABADCCACCDBBADCCBDCDBBBBABADADAAABBBCDACABCDCCABAAACBDAD,,,7,23069,,,,,,,,,,,,,,,12,21,000000000000000000000000444400000007343111000000343230000000222300000000,,bb60ab99,,,,,,,,56,0,6,bb60ab99,5940,18264,,242213322343221423342121214234333342213332314412334131444424121222424431232413332422324112,ABAADCCAACBCAADBACCBADADADBACBCCCCBAADCCCACDBBDACCBDCDBBBBABDADAAABABBCDACABDCCCABAACABDDA,ABAACDACACBCAABDACBCADADADABBCCCCCABADCCACCDBBADCCBDCDBBBBABADADAAABBBCDACABCDCCABAAACBDAD,,,6,18264,,,,,,,,,,,,,
152841,112,,,,,,,,,12,21,14,133230000000323120000000224422140007332000000000310000000000112221300000,,00023075,,,,,,,,56,10,0,6,6,23075,,24221332234322142334212121423433334221333231441233413144442412122242443123241333242232411221,ABAADCCAACBCAADBACCBADADADBACBCCCCBAADCCCACDBBDACCBDCDBBBBABDADAAABABBCDACABDCCCABAACABDDAAD,ABAACDACACBCAABDACBCADADADABBCCCCCABADCCACCDBBADCCBDCDBBBBABADADAAABBBCDACABCDCCABAAACBDADAD,,,7,23075,,,,,,,,,,,,,,,12,21,000000000000000000000000444400000007343111000000343230000000222300000000,,bb60ab99,,,,,,,,56,0,6,bb60ab99,5940,18264,,242213322343221423342121214234333342213332314412334131444424121222424431232413332422324112,ABAADCCAACBCAADBACCBADADADBACBCCCCBAADCCCACDBBDACCBDCDBBBBABDADAAABABBCDACABDCCCABAACABDDA,ABAACDACACBCAABDACBCADADADABBCCCCCABADCCACCDBBADCCBDCDBBBBABADADAAABBBCDACABCDCCABAAACBDAD,,,6,18264,,,,,,,,,,,,,
152878,113,,,,,,,,,12,21,14,133230000000323120000000224422140007332000000000310000000000112221300000,,00023075,,,,,,,,56,10,0,6,6,23075,,24221332234322142334212121423433334221333231441233413144442412122242443123241333242232411221,ABAADCCAACBCAADBACCBADADADBACBCCCCBAADCCCACDBBDACCBDCDBBBBABDADAAABABBCDACABDCCCABAACABDDAAD,ABAACDACACBCAABDACBCADADADABBCCCCCABADCCACCDBBADCCBDCDBBBBABADADAAABBBCDACABCDCCABAAACBDADAD,,,7,23075,,,,,,,,,,,,,,,12,21,000000000000000000000000000000000007331110000000332300000000222300000000,,bb80a131,,,,,,,,57,0,7,bb80a131,10480,28744,,242213322343221423342121214234333342213332314412334131444424121222424431232413332422324112,ABAADCCAACBCAADBACCBADADADBACBCCCCBAADCCCACDBBDACCBDCDBBBBABDADAAABABBCDACABDCCCABAACABDDA,ABAACDACACBCAABDACBCADADADABBCCCCCABADCCACCDBBADCCBDCDBBBBABADADAAABBBCDACABCDCCABAAACBDAD,,,7,28744,,,,,,,,,,,,,
152886,114,,,,,,,,,21,14,44,133232000000323121000000224422140007332000000000310000000000112221300000,,00023083,,,,,,,,57,11,0,8,8,23083,,2422133223432214233421212142343333422133323144123341314444241212224244312324133324223241122114,ABAADCCAACBCAADBACCBADADADBACBCCCCBAADCCCACDBBDACCBDCDBBBBABDADAAABABBCDACABDCCCABAACABDDAADDB,ABAACDACACBCAABDACBCADADADABBCCCCCABADCCACCDBBADCCBDCDBBBBABADADAAABBBCDACABCDCCABAAACBDADADBD,,,7,23083,,,,,,,,,,,,,,,12,21,000000000000000000000000000000000007331110000000332300000000222300000000,,bb80a131,,,,,,,,57,0,7,bb80a131,10480,28744,,242213322343221423342121214234333342213332314412334131444424121222424431232413332422324112,ABAADCCAACBCAADBACCBADADADBACBCCCCBAADCCCACDBBDACCBDCDBBBBABDADAAABABBCDACABDCCCABAACABDDA,ABAACDACACBCAABDACBCADADADABBCCCCCABADCCACCDBBADCCBDCDBBBBABADADAAABBBCDACABCDCCABAAACBDAD,,,7,28744,,,,,,,,,,,,,
152926,115,,,,,,,,,14,44,44,133232000000323121120000224422140007332000000000310000000000112221300000,,00023089,,,,,,,,58,12,0,6,6,23089,,242213322343221423342121214234333342213332314412334131444424121222424431232413332422324112211444,ABAADCCAACBCAADBACCBADADADBACBCCCCBAADCCCACDBBDACCBDCDBBBBABDADAAABABBCDACABDCCCABAACABDDAADDBBB,ABAACDACACBCAABDACBCADADADABBCCCCCABADCCACCDBBADCCBDCDBBBBABADADAAABBBCDACABCDCCABAAACBDADADBDBB,,,7,23089,,,,,,,,,,,,,,,12,21,000000000000000000000000000000000007331110000000332300000000222300000000,,bb80a131,,,,,,,,57,0,7,bb80a131,10480,28744,,242213322343221423342121214234333342213332314412334131444424121222424431232413332422324112,ABAADCCAACBCAADBACCBADADADBACBCCCCBAADCCCACDBBDACCBDCDBBBBABDADAAABABBCDACABDCCCABAACABDDA,ABAACDACACBCAABDACBCADADADABBCCCCCABADCCACCDBBADCCBDCDBBBBABADADAAABBBCDACABCDCCABAAACBDAD,,,7,28744,,,,,,,,,,,,,
152958,116,,,,,,,,,44,44,42,133232000000323121120000224422144107332000000000310000000000112221300000,,00023093,,,,,,,,59,13,0,4,4,23093,,24221332234322142334212121423433334221333231441233413144442412122242443123241333242232411221144444,ABAADCCAACBCAADBACCBADADADBACBCCCCBAADCCCACDBBDACCBDCDBBBBABDADAAABABBCDACABDCCCABAACABDDAADDBBBBB,ABAACDACACBCAABDACBCADADADABBCCCCCABADCCACCDBBADCCBDCDBBBBABADADAAABBBCDACABCDCCABAAACBDADADBDBBBB,,,7,23093,,,,,,,,,,,,,,,12,21,000000000000000000000000000000000007331110000000332300000000222300000000,,bb80a131,,,,,,,,57,0,7,bb80a131,10480,28744,,242213322343221423342121214234333342213332314412334131444424121222424431232413332422324112,ABAADCCAACBCAADBACCBADADADBACBCCCCBAADCCCACDBBDACCBDCDBBBBABDADAAABABBCDACABDCCCABAACABDDA,ABAACDACACBCAABDACBCADADADABBCCCCCABADCCACCDBBADCCBDCDBBBBABADADAAABBBCDACABCDCCABAAACBDAD,,,7,28744,,,,,,,,,,,,,
152973,117,,,,,,,,,44,44,42,133232000000323121120000224422144107332000000000310000000000112221300000,,00023093,,,,,,,,59,13,0,4,4,23093,,24221332234322142334212121423433334221333231441233413144442412122242443123241333242232411221144444,ABAADCCAACBCAADBACCBADADADBACBCCCCBAADCCCACDBBDACCBDCDBBBBABDADAAABABBCDACABDCCCABAACABDDAADDBBBBB,ABAACDACACBCAABDACBCADADADABBCCCCCABADCCACCDBBADCCBDCDBBBBABADADAAABBBCDACABCDCCABAAACBDADADBDBBBB,,,7,23093,,,,,,,,,,,,,,12,21,14,000000000000000000000000000000000007111000000000300000000000300000000000,,00028750,,,,,,,,58,1,0,6,6,28750,,24221332234322142334212121423433334221333231441233413144442412122242443123241333242232411221,ABAADCCAACBCAADBACCBADADADBACBCCCCBAADCCCACDBBDACCBDCDBBBBABDADAAABABBCDACABDCCCABAACABDDAAD,ABAACDACACBCAABDACBCADADADABBCCCCCABADCCACCDBBADCCBDCDBBBBABADADAAABBBCDACABCDCCABAAACBDADAD,,,7,28750,,,,,,,,,,,,,
153026,118,,,,,,,,,44,44,42,133232000000323121120000224422144107332000000000310000000000112221300000,,00023093,,,,,,,,59,13,0,4,4,23093,,24221332234322142334212121423433334221333231441233413144442412122242443123241333242232411221144444,ABAADCCAACBCAADBACCBADADADBACBCCCCBAADCCCACDBBDACCBDCDBBBBABDADAAABABBCDACABDCCCABAACABDDAADDBBBBB,ABAACDACACBCAABDACBCADADADABBCCCCCABADCCACCDBBADCCBDCDBBBBABADADAAABBBCDACABCDCCABAAACBDADADBDBBBB,,,7,23093,,,,,,,,,,,,,,21,14,44,000000000000000000000000000000000007111000000000320000000000310000000000,,00028762,,,,,,,,59,2,0,12,12,28762,,2422133223432214233421212142343333422133323144123341314444241212224244312324133324223241122114,ABAADCCAACBCAADBACCBADADADBACBCCCCBAADCCCACDBBDACCBDCDBBBBABDADAAABABBCDACABDCCCABAACABDDAADDB,ABAACDACACBCAABDACBCADADADABBCCCCCABADCCACCDBBADCCBDCDBBBBABADADAAABBBCDACABCDCCABAAACBDADADBD,,,7,28762,,,,,,,,,,,,,
153069,120,,,,,,,,,,44,42,100002666660300021126666224422144144302666660000300006600000200000366666,,00023095,,,,,lose,,,60,13,0,2,2,23095,,24221332234322142334212121423433334221333231441233413144442412122242443123241333242232411221144444,ABAADCCAACBCAADBACCBADADADBACBCCCCBAADCCCACDBBDACCBDCDBBBBABDADAAABABBCDACABDCCCABAACABDDAADDBBBBB,ABAACDACACBCAABDACBCADADADABBCCCCCABADCCACCDBBADCCBDCDBBBBABADADAAABBBCDACABCDCCABAAACBDADADBDBBBB,,,7,23095,,,,,,,,,,,,,,21,14,44,000000000000000000000000000000000007111000000000320000000000310000000000,,00028762,,,,,,,,59,2,0,12,12,28762,,2422133223432214233421212142343333422133323144123341314444241212224244312324133324223241122114,ABAADCCAACBCAADBACCBADADADBACBCCCCBAADCCCACDBBDACCBDCDBBBBABDADAAABABBCDACABDCCCABAACABDDAADDB,ABAACDACACBCAABDACBCADADADABBCCCCCABADCCACCDBBADCCBDCDBBBBABADADAAABBBCDACABCDCCABAAACBDADADBD,,,7,28762,,,,,,,,,,,,,
153076,119,,,,,,,,,,44,42,100002666660300021126666224422144144302666660000300006600000200000366666,,00023095,,,,,lose,,,60,13,0,2,2,23095,,24221332234322142334212121423433334221333231441233413144442412122242443123241333242232411221144444,ABAADCCAACBCAADBACCBADADADBACBCCCCBAADCCCACDBBDACCBDCDBBBBABDADAAABABBCDACABDCCCABAACABDDAADDBBBBB,ABAACDACACBCAABDACBCADADADABBCCCCCABADCCACCDBBADCCBDCDBBBBABADADAAABBBCDACABCDCCABAAACBDADADBDBBBB,,,7,23095,,,,,,,,,,,,,,14,44,44,000000000000000000000000000000000007111000000000322000000000311000000000,,00028773,,,,,,,,60,3,0,11,11,28773,,242213322343221423342121214234333342213332314412334131444424121222424431232413332422324112211444,ABAADCCAACBCAADBACCBADADADBACBCCCCBAADCCCACDBBDACCBDCDBBBBABDADAAABABBCDACABDCCCABAACABDDAADDBBB,ABAACDACACBCAABDACBCADADADABBCCCCCABADCCACCDBBADCCBDCDBBBBABADADAAABBBCDACABCDCCABAAACBDADADBDBB,,,7,28773,,,,,,,,,,,,,
153084,120,,,,,,,,,,44,42,100002666660300021126666224422144144302666660000300006600000200000366666,,00023095,,,,,lose,,,60,13,0,2,2,23095,,24221332234322142334212121423433334221333231441233413144442412122242443123241333242232411221144444,ABAADCCAACBCAADBACCBADADADBACBCCCCBAADCCCACDBBDACCBDCDBBBBABDADAAABABBCDACABDCCCABAACABDDAADDBBBBB,ABAACDACACBCAABDACBCADADADABBCCCCCABADCCACCDBBADCCBDCDBBBBABADADAAABBBCDACABCDCCABAAACBDADADBDBBBB,,,7,23095,,,,,,,,,,,,,,,44,44,000000000000000000000000000000000007111000000000322000000000311000000000,,00028773,,,,,win,,,61,3,0,0,0,28773,,242213322343221423342121214234333342213332314412334131444424121222424431232413332422324112211444,ABAADCCAACBCAADBACCBADADADBACBCCCCBAADCCCACDBBDACCBDCDBBBBABDADAAABABBCDACABDCCCABAACABDDAADDBBB,ABAACDACACBCAABDACBCADADADABBCCCCCABADCCACCDBBADCCBDCDBBBBABADADAAABBBCDACABCDCCABAAACBDADADBDBB,,,7,28773,,,,,,,,,,,,,
