124950,0,,,,,,,,,,53,51,000000000000000000000000000000000007000000000000000000000000000000000000,000000,00000000,,,,,,,,0,0,0,0,0,0,,53,AB,AB,,,0,0,,,,,,,,,,,,,,,53,51,000000000000000000000000000000000007000000000000000000000000000000000000,000000,00000000,,,,,,,,0,0,0,0,0,0,,53,AB,AB,,,0,0,,,,,,,,,,,,,
125100,2,,,,,,,,,53,51,22,000000000000000000000000000000000007000000000000000000000000000000000000,,00000000,,,,,,,,1,1,0,0,0,0,,5351,ABAC,ABAC,,,0,0,,,,,,,,,,,,,,53,51,22,000000000000000000000000000000000007000000000000000000000000000000000000,,00000000,,,,,,,,1,1,0,0,0,0,,5351,ABAC,ABAC,,,0,0,,,,,,,,,,,,,
125152,3,,,,,,,,,53,51,22,000000000000000000000000000000000007000000000000000000000000000000000000,,00000000,,,,,,,,1,1,0,0,0,0,,5351,ABAC,ABAC,,,0,0,,,,,,,,,,,,,,51,22,15,000000000000500000000000300000000007000000000000000000000000000000000000,,00000013,,,,,,,,2,2,0,13,13,13,,535122,ABACDD,ABACDD,,,0,13,,,,,,,,,,,,,
125155,4,,,,,,,,,51,22,15,530000000000000000000000000000000007000000000000000000000000000000000000,,00000014,,,,,,,,2,2,0,14,14,14,,535122,ABACDD,ABACDD,,,0,14,,,,,,,,,,,,,,51,22,15,000000000000500000000000300000000007000000000000000000000000000000000000,,00000013,,,,,,,,2,2,0,13,13,13,,535122,ABACDD,ABACDD,,,0,13,,,,,,,,,,,,,
125202,5,,,,,,,,,51,22,15,530000000000000000000000000000000007000000000000000000000000000000000000,,00000014,,,,,,,,2,2,0,14,14,14,,535122,ABACDD,ABACDD,,,0,14,,,,,,,,,,,,,,22,15,15,510000000000500000000000300000000007000000000000000000000000000000000000,,00000025,,,,,,,,3,3,0,12,12,25,,53512215,ABACDDCA,ABACDDAC,,,0,25,,,,,,,,,,,,,
125204,6,,,,,,,,,22,15,15,530000000000500000000000100000000007000000000000000000000000000000000000,,00000026,,,,,,,,3,3,0,12,12,26,,53512215,ABACDDCA,ABACDDAC,,,0,26,,,,,,,,,,,,,,22,15,15,510000000000500000000000300000000007000000000000000000000000000000000000,,00000025,,,,,,,,3,3,0,12,12,25,,53512215,ABACDDCA,ABACDDAC,,,0,25,,,,,,,,,,,,,
125254,7,,,,,,,,,22,15,15,530000000000500000000000100000000007000000000000000000000000000000000000,,00000026,,,,,,,,3,3,0,12,12,26,,53512215,ABACDDCA,ABACDDAC,,,0,26,,,,,,,,,,,,,,15,15,52,510000000000500000000000300000000007200000000000200000000000000000000000,,00000038,,,,,,,,4,4,0,13,13,38,,5351221515,ABACDDCACA,ABACDDACAC,,,0,38,,,,,,,,,,,,,
125256,8,,,,,,,,,15,15,52,530000000000500000000000100000000007200000000000200000000000000000000000,,00000039,,,,,,,,4,4,0,13,13,39,,5351221515,ABACDDCACA,ABACDDACAC,,,0,39,,,,,,,,,,,,,,15,15,52,510000000000500000000000300000000007200000000000200000000000000000000000,,00000038,,,,,,,,4,4,0,13,13,38,,5351221515,ABACDDCACA,ABACDDACAC,,,0,38,,,,,,,,,,,,,
125304,9,,,,,,,,,15,15,52,530000000000500000000000100000000007200000000000200000000000000000000000,,00000039,,,,,,,,4,4,0,13,13,39,,5351221515,ABACDDCACA,ABACDDACAC,,,0,39,,,,,,,,,,,,,,15,52,33,510000000000510000000000350000000007200000000000200000000000000000000000,,00000050,,,,,,,,5,5,0,12,12,50,,535122151552,ABACDDCACAAD,ABACDDACACAD,,,0,50,,,,,,,,,,,,,
125308,10,,,,,,,,,15,52,33,530000000000500000000000150000000007210000000000200000000000000000000000,,00000051,,,,,,,,5,5,0,12,12,51,,535122151552,ABACDDCACAAD,ABACDDACACAD,,,0,51,,,,,,,,,,,,,,15,52,33,510000000000510000000000350000000007200000000000200000000000000000000000,,00000050,,,,,,,,5,5,0,12,12,50,,535122151552,ABACDDCACAAD,ABACDDACACAD,,,0,50,,,,,,,,,,,,,
125354,11,,,,,,,,,15,52,33,530000000000500000000000150000000007210000000000200000000000000000000000,,00000051,,,,,,,,5,5,0,12,12,51,,535122151552,ABACDDCACAAD,ABACDDACACAD,,,0,51,,,,,,,,,,,,,,52,33,22,511000000000515000000000350000000007200000000000200000000000000000000000,,00000061,,,,,,,,6,6,0,11,11,61,,53512215155233,ABACDDCACAADBB,ABACDDACACADBB,,,0,61,,,,,L_T1_GTR___standard,,,,,L_T1_GTR03_33000001,,,
125380,12,,,,,,,,,52,33,22,530000000000500000000000150000000007210000000000210000000000500000000000,,00000063,,,,,,,,6,6,0,12,12,63,,53512215155233,ABACDDCACAADBB,ABACDDACACADBB,,,0,63,,,,,,,,,,,,,,52,33,22,511000000000515000000000350000000007200000000000200000000000000000000000,,00000061,,,,,,,,6,6,0,11,11,61,,53512215155233,ABACDDCACAADBB,ABACDDACACADBB,,,0,61,,,,,L_T1_GTR___standard,,,,,L_T1_GTR03_33000001,,,
125410,13,,,,,,,,,52,33,22,530000000000500000000000150000000007210000000000210000000000500000000000,,00000063,,,,,,,,6,6,0,12,12,63,,53512215155233,ABACDDCACAADBB,ABACDDACACADBB,,,0,63,,,,,,,,,,,,,,33,22,31,511000000000515000000000350000000007200000000000200000000000520000000000,,00000074,,,,,,,,7,7,0,13,13,74,,5351221515523322,ABACDDCACAADBBDD,ABACDDACACADBBDD,,,0,74,,,,,L_T1_GTR___standard,,,,,L_T1_GTR03_33000001,,,
125434,14,,,,,,,,,33,22,31,530000000000500000000000150000000007210000000000210000000000552000000000,,00000075,,,,,,,,7,7,0,12,12,75,,5351221515523322,ABACDDCACAADBBDD,ABACDDACACADBBDD,,,0,75,,,,,,,,,,,,,,33,22,31,511000000000515000000000350000000007200000000000200000000000520000000000,,00000074,,,,,,,,7,7,0,13,13,74,,5351221515523322,ABACDDCACAADBBDD,ABACDDACACADBBDD,,,0,74,,,,,L_T1_GTR___standard,,,,,L_T1_GTR03_33000001,,,
125460,15,,,,,,,,,33,22,31,530000000000500000000000150000000007210000000000210000000000552000000000,,00000075,,,,,,,,7,7,0,12,12,75,,5351221515523322,ABACDDCACAADBBDD,ABACDDACACADBBDD,,,0,75,,,,,,,,,,,,,,22,31,21,511000000000515000000000350000000007230000000000230000000000520000000000,,00000086,,,,,,,,8,8,0,12,12,86,,535122151552332231,ABACDDCACAADBBDDBC,ABACDDACACADBBDDBC,,,0,86,,,,,L_T1_GTR___standard,,,,,L_T1_GTR03_33000001,,,
125502,16,,,,,,,,,22,31,21,533000000000530000000000150000000007210000000000210000000000552000000000,,00000086,,,,,,,,8,8,0,11,11,86,,535122151552332231,ABACDDCACAADBBDDBC,ABACDDACACADBBDDBC,,,0,86,,,,,,,,,,,,,,22,31,21,511000000000515000000000350000000007230000000000230000000000520000000000,,00000086,,,,,,,,8,8,0,12,12,86,,535122151552332231,ABACDDCACAADBBDDBC,ABACDDACACADBBDDBC,,,0,86,,,,,L_T1_GTR___standard,,,,,L_T1_GTR03_33000001,,,
125510,17,,,,,,,,,22,31,21,533000000000530000000000150000000007210000000000210000000000552000000000,,00000086,,,,,,,,8,8,0,11,11,86,,535122151552332231,ABACDDCACAADBBDDBC,ABACDDACACADBBDDBC,,,0,86,,,,,,,,,,,,,,31,21,23,511000000000515000000000350000000007230000000000232000000000522000000000,,00000097,,,,,,,,9,9,0,11,11,97,,53512215155233223121,ABACDDCACAADBBDDBCDC,ABACDDACACADBBDDBCCD,,,0,97,,,,,L_T1_GTR___standard,,,,,L_T1_GTR03_33000001,,,
125546,18,,,,,,,,,31,21,23,533220000000530000000000150000000007210000000000210000000000552000000000,,00000095,,,,,,,,9,9,0,9,9,95,,53512215155233223121,ABACDDCACAADBBDDBCDC,ABACDDACACADBBDDBCCD,,,0,95,,,,,,,,,,,,,,31,21,23,511000000000515000000000350000000007230000000000232000000000522000000000,,00000097,,,,,,,,9,9,0,11,11,97,,53512215155233223121,ABACDDCACAADBBDDBCDC,ABACDDACACADBBDDBCCD,,,0,97,,,,,L_T1_GTR___standard,,,,,L_T1_GTR03_33000001,,,
125557,19,,,,,,,,,31,21,23,533220000000530000000000150000000007210000000000210000000000552000000000,,00000095,,,,,,,,9,9,0,9,9,95,,53512215155233223121,ABACDDCACAADBBDDBCDC,ABACDDACACADBBDDBCCD,,,0,95,,,,,,,,,,,,,,21,23,55,511000000000515000000000353000000007231000000000232000000000522000000000,,00000108,,,,,,,,10,10,0,11,11,108,,5351221515523322312123,ABACDDCACAADBBDDBCDCDB,ABACDDACACADBBDDBCCDBD,,,0,108,,,,,L_T1_GTR___standard,,,,,L_T1_GTR03_33000001,,,
125590,20,,,,,,,,,21,23,55,533220000000530000000000151300000007210000000000210000000000552000000000,,00000105,,,,,,,,10,10,0,10,10,105,,5351221515523322312123,ABACDDCACAADBBDDBCDCDB,ABACDDACACADBBDDBCCDBD,,,0,105,,,,,,,,,,,,,,21,23,55,511000000000515000000000353000000007231000000000232000000000522000000000,,00000108,,,,,,,,10,10,0,11,11,108,,5351221515523322312123,ABACDDCACAADBBDDBCDCDB,ABACDDACACADBBDDBCCDBD,,,0,108,,,,,L_T1_GTR___standard,,,,,L_T1_GTR03_33000001,,,
125600,21,,,,,,,,,21,23,55,533220000000530000000000151300000007210000000000210000000000552000000000,,00000105,,,,,,,,10,10,0,10,10,105,,5351221515523322312123,ABACDDCACAADBBDDBCDCDB,ABACDDACACADBBDDBCCDBD,,,0,105,,,,,,,,,,,,,,23,55,32,511000000000515000000000353200000007231100000000232000000000522000000000,,00000118,,,,,,,,11,11,0,10,10,118,,535122151552332231212355,ABACDDCACAADBBDDBCDCDBAA,ABACDDACACADBBDDBCCDBDAA,,,0,118,,,,,L_T1_GTR___standard,,,,,L_T1_GTR03_33000001,,,
125640,22,,,,,,,,,23,55,32,533220000000530000000000151300000007210000000000210000000000552210000000,,00000115,,,,,,,,11,11,0,10,10,115,,535122151552332231212355,ABACDDCACAADBBDDBCDCDBAA,ABACDDACACADBBDDBCCDBDAA,,,0,115,,,,,,,,,,,,,,23,55,32,511000000000515000000000353200000007231100000000232000000000522000000000,,00000118,,,,,,,,11,11,0,10,10,118,,535122151552332231212355,ABACDDCACAADBBDDBCDCDBAA,ABACDDACACADBBDDBCCDBDAA,,,0,118,,,,,L_T1_GTR___standard,,,,,L_T1_GTR03_33000001,,,
125646,23,,,,,,,,,23,55,32,533220000000530000000000151300000007210000000000210000000000552210000000,,00000115,,,,,,,,11,11,0,10,10,115,,535122151552332231212355,ABACDDCACAADBBDDBCDCDBAA,ABACDDACACADBBDDBCCDBDAA,,,0,115,,,,,,,,,,,,,,55,32,12,511000000000515230000000353200000007231100000000232000000000522000000000,,00000128,,,,,,,,12,12,0,10,10,128,,53512215155233223121235532,ABACDDCACAADBBDDBCDCDBAABD,ABACDDACACADBBDDBCCDBDAABD,,,0,128,,,,,L_T1_GTR___standard,,,,,L_T1_GTR03_33000001,,,
125682,24,,,,,,,,,55,32,12,533223200000530000000000151300000007210000000000210000000000552210000000,,00000122,,,,,,,,12,12,0,7,7,122,,53512215155233223121235532,ABACDDCACAADBBDDBCDCDBAABD,ABACDDACACADBBDDBCCDBDAABD,,,0,122,,,,,,,,,,,,,,55,32,12,511000000000515230000000353200000007231100000000232000000000522000000000,,00000128,,,,,,,,12,12,0,10,10,128,,53512215155233223121235532,ABACDDCACAADBBDDBCDCDBAABD,ABACDDACACADBBDDBCCDBDAABD,,,0,128,,,,,L_T1_GTR___standard,,,,,L_T1_GTR03_33000001,,,
125694,25,,,,,,,,,55,32,12,533223200000530000000000151300000007210000000000210000000000552210000000,,00000122,,,,,,,,12,12,0,7,7,122,,53512215155233223121235532,ABACDDCACAADBBDDBCDCDBAABD,ABACDDACACADBBDDBCCDBDAABD,,,0,122,,,,,,,,,,,,,,32,12,15,511000000000515230000000353200000007231100000000232500000000522500000000,,00000138,,,,,,,,13,13,0,10,10,138,,5351221515523322312123553212,ABACDDCACAADBBDDBCDCDBAABDCD,ABACDDACACADBBDDBCCDBDAABDCD,,,0,138,,,,,L_T1_GTR___standard,,,,,L_T1_GTR03_33000001,,,
125730,26,,,,,,,,,32,12,15,533223200000530000000000151300000007215000000000215000000000552210000000,,00000133,,,,,,,,13,13,0,11,11,133,,5351221515523322312123553212,ABACDDCACAADBBDDBCDCDBAABDCD,ABACDDACACADBBDDBCCDBDAABDCD,,,0,133,,,,,,,,,,,,,,32,12,15,511000000000515230000000353200000007231100000000232500000000522500000000,,00000138,,,,,,,,13,13,0,10,10,138,,5351221515523322312123553212,ABACDDCACAADBBDDBCDCDBAABDCD,ABACDDACACADBBDDBCCDBDAABDCD,,,0,138,,,,,L_T1_GTR___standard,,,,,L_T1_GTR03_33000001,,,
125740,27,,,,,,,,,32,12,15,533223200000530000000000151300000007215000000000215000000000552210000000,,00000133,,,,,,,,13,13,0,11,11,133,,5351221515523322312123553212,ABACDDCACAADBBDDBCDCDBAABDCD,ABACDDACACADBBDDBCCDBDAABDCD,,,0,133,,,,,,,,,,,,,,12,15,52,511230000000515230000000353200000007231100000000232500000000522500000000,,00000147,,,,,,,,14,14,0,9,9,147,,535122151552332231212355321215,ABACDDCACAADBBDDBCDCDBAABDCDCA,ABACDDACACADBBDDBCCDBDAABDCDAC,,,0,147,,,,,L_T1_GTR___standard/L_T1_GTR___zabuton_,,,,,L_T1_GTR03_33000001,,,
125776,28,,,,,,,,,12,15,52,533223200000530000000000151300000007215300000000215200000000552210000000,,00000143,,,,,,,,14,14,0,10,10,143,,535122151552332231212355321215,ABACDDCACAADBBDDBCDCDBAABDCDCA,ABACDDACACADBBDDBCCDBDAABDCDAC,,,0,143,,,,,,,,,,,,,,12,15,52,511230000000515230000000353200000007231100000000232500000000522500000000,,00000147,,,,,,,,14,14,0,9,9,147,,535122151552332231212355321215,ABACDDCACAADBBDDBCDCDBAABDCDCA,ABACDDACACADBBDDBCCDBDAABDCDAC,,,0,147,,,,,L_T1_GTR___standard/L_T1_GTR___zabuton_,,,,,L_T1_GTR03_33000001,,,
125783,29,,,,,,,,,12,15,52,533223200000530000000000151300000007215300000000215200000000552210000000,,00000143,,,,,,,,14,14,0,10,10,143,,535122151552332231212355321215,ABACDDCACAADBBDDBCDCDBAABDCDCA,ABACDDACACADBBDDBCCDBDAABDCDAC,,,0,143,,,,,,,,,,,,,,15,52,51,511232100000515230000000353200000007231100000000232500000000522500000000,,00000154,,,,,,,,15,15,0,7,7,154,,53512215155233223121235532121552,ABACDDCACAADBBDDBCDCDBAABDCDCAAD,ABACDDACACADBBDDBCCDBDAABDCDACAD,,,0,154,,,,,L_T1_GTR___standard/L_T1_GTR___zabuton_,,,,,L_T1_GTR03_33000001,,,
125826,30,,,,,,,,,15,52,51,533223200000530000000000151300000007215300000000215212000000552210000000,,00000152,,,,,,,,15,15,0,9,9,152,,53512215155233223121235532121552,ABACDDCACAADBBDDBCDCDBAABDCDCAAD,ABACDDACACADBBDDBCCDBDAABDCDACAD,,,0,152,,,,,,,,,,,,,,15,52,51,511232100000515230000000353200000007231100000000232500000000522500000000,,00000154,,,,,,,,15,15,0,7,7,154,,53512215155233223121235532121552,ABACDDCACAADBBDDBCDCDBAABDCDCAAD,ABACDDACACADBBDDBCCDBDAABDCDACAD,,,0,154,,,,,L_T1_GTR___standard/L_T1_GTR___zabuton_,,,,,L_T1_GTR03_33000001,,,
125828,31,,,,,,,,,15,52,51,533223200000530000000000151300000007215300000000215212000000552210000000,,00000152,,,,,,,,15,15,0,9,9,152,,53512215155233223121235532121552,ABACDDCACAADBBDDBCDCDBAABDCDCAAD,ABACDDACACADBBDDBCCDBDAABDCDACAD,,,0,152,,,,,,,,,,,,,,52,51,13,511232100000515230000000353200000007231100000000232510000000522550000000,,00000163,,,,,,,,16,16,0,9,9,163,,5351221515523322312123553212155251,ABACDDCACAADBBDDBCDCDBAABDCDCAADAC,ABACDDACACADBBDDBCCDBDAABDCDACADAC,,,0,163,,,,,L_T1_GTR___standard/L_T1_GTR___zabuton_,,,,,L_T1_GTR03_33000001,,,
125870,33,,,,,,,,,52,51,13,533223200000535100000000151300000007215300000000215212000000552210000000,,00000162,,,,,,,,16,16,0,10,10,162,,5351221515523322312123553212155251,ABACDDCACAADBBDDBCDCDBAABDCDCAADAC,ABACDDACACADBBDDBCCDBDAABDCDACADAC,,,0,162,,,,,L_T1_GTR___standard,,,,,L_T1_GTR03_33000001,,,,51,13,11,511232100000515230000000353200000007231125000000232510000000522550000000,,00000171,,,,,,,,17,17,0,8,8,171,,535122151552332231212355321215525113,ABACDDCACAADBBDDBCDCDBAABDCDCAADACCB,ABACDDACACADBBDDBCCDBDAABDCDACADACBC,,,0,171,,,,,L_T1_GTR___standard/L_T1_GTR___zabuton_,,,,,L_T1_GTR03_33000001,,,
125914,34,,,,,,,,,52,51,13,533223200000535100000000151300000007215300000000215212000000552210000000,,00000162,,,,,,,,16,16,0,10,10,162,,5351221515523322312123553212155251,ABACDDCACAADBBDDBCDCDBAABDCDCAADAC,ABACDDACACADBBDDBCCDBDAABDCDACADAC,,,0,162,,,,,L_T1_GTR___standard,,,,,L_T1_GTR03_33000001,,,,13,11,52,511232100000515230000000353200000007231125000000232515000000522551000000,,00000179,,,,,,,,18,18,0,8,8,179,,53512215155233223121235532121552511311,ABACDDCACAADBBDDBCDCDBAABDCDCAADACCBCC,ABACDDACACADBBDDBCCDBDAABDCDACADACBCCC,,,0,179,,,,,L_T1_GTR___standard/L_T1_GTR___zabuton_,,,,,L_T1_GTR03_33000001,,,
125916,35,,,,,,,,,51,13,11,533223200000535100000000151300000007215300000000215212000000552212500000,,00000169,,,,,,,,17,17,0,7,7,169,,535122151552332231212355321215525113,ABACDDCACAADBBDDBCDCDBAABDCDCAADACCB,ABACDDACACADBBDDBCCDBDAABDCDACADACBC,,,0,169,,,,,L_T1_GTR___standard,,,,,L_T1_GTR03_33000001,,,,13,11,52,511232100000515230000000353200000007231125000000232515000000522551000000,,00000179,,,,,,,,18,18,0,8,8,179,,53512215155233223121235532121552511311,ABACDDCACAADBBDDBCDCDBAABDCDCAADACCBCC,ABACDDACACADBBDDBCCDBDAABDCDACADACBCCC,,,0,179,,,,,L_T1_GTR___standard/L_T1_GTR___zabuton_,,,,,L_T1_GTR03_33000001,,,
125954,37,,,,,,,,,13,11,52,533223200000535100000000151300000007215300000000215212150000552212500000,,00000175,,,,,,,,18,18,0,6,6,175,,53512215155233223121235532121552511311,ABACDDCACAADBBDDBCDCDBAABDCDCAADACCBCC,ABACDDACACADBBDDBCCDBDAABDCDACADACBCCC,,,0,175,,,,,L_T1_GTR___standard,,,,,L_T1_GTR03_33000001,,,,11,52,35,511232100000515230000000353231000007231125000000232515000000522551000000,,00000187,,,,,,,,19,19,0,8,8,187,,5351221515523322312123553212155251131152,ABACDDCACAADBBDDBCDCDBAABDCDCAADACCBCCAD,ABACDDACACADBBDDBCCDBDAABDCDACADACBCCCAD,,,0,187,,,,,L_T1_GTR___standard/L_T1_GTR___zabuton_,,,,,L_T1_GTR03_33000001,,,
125998,38,,,,,,,,,11,52,35,533223200000535100000000151300000007215331000000215212150000552212500000,,00000183,,,,,,,,19,19,0,8,8,183,,5351221515523322312123553212155251131152,ABACDDCACAADBBDDBCDCDBAABDCDCAADACCBCCAD,ABACDDACACADBBDDBCCDBDAABDCDACADACBCCCAD,,,0,183,,,,,L_T1_GTR___standard,,,,,L_T1_GTR03_33000001,,,,11,52,35,511232100000515230000000353231000007231125000000232515000000522551000000,,00000187,,,,,,,,19,19,0,8,8,187,,5351221515523322312123553212155251131152,ABACDDCACAADBBDDBCDCDBAABDCDCAADACCBCCAD,ABACDDACACADBBDDBCCDBDAABDCDACADACBCCCAD,,,0,187,,,,,L_T1_GTR___standard/L_T1_GTR___zabuton_,,,,,L_T1_GTR03_33000001,,,
126010,39,,,,,,,,,11,52,35,533223200000535100000000151300000007215331000000215212150000552212500000,,00000183,,,,,,,,19,19,0,8,8,183,,5351221515523322312123553212155251131152,ABACDDCACAADBBDDBCDCDBAABDCDCAADACCBCCAD,ABACDDACACADBBDDBCCDBDAABDCDACADACBCCCAD,,,0,183,,,,,L_T1_GTR___standard,,,,,L_T1_GTR03_33000001,,,,52,35,33,511232100000515231000000353231100007231125000000232515000000522551000000,,00000194,,,,,,,,20,20,0,7,7,194,,535122151552332231212355321215525113115235,ABACDDCACAADBBDDBCDCDBAABDCDCAADACCBCCADBA,ABACDDACACADBBDDBCCDBDAABDCDACADACBCCCADAB,,,0,194,,,,,L_T1_GTR___standard/L_T1_GTR___zabuton_,,,,,L_T1_GTR03_33000001,,,
126038,40,,,,,,,,,52,35,33,533223200000535110000000151310000007215331000000215212150000552212500000,,00000192,,,,,,,,20,20,0,9,9,192,,535122151552332231212355321215525113115235,ABACDDCACAADBBDDBCDCDBAABDCDCAADACCBCCADBA,ABACDDACACADBBDDBCCDBDAABDCDACADACBCCCADAB,,,0,192,,,,,L_T1_GTR___standard,,,,,L_T1_GTR03_33000001,,,,52,35,33,511232100000515231000000353231100007231125000000232515000000522551000000,,00000194,,,,,,,,20,20,0,7,7,194,,535122151552332231212355321215525113115235,ABACDDCACAADBBDDBCDCDBAABDCDCAADACCBCCADBA,ABACDDACACADBBDDBCCDBDAABDCDACADACBCCCADAB,,,0,194,,,,,L_T1_GTR___standard/L_T1_GTR___zabuton_,,,,,L_T1_GTR03_33000001,,,
126050,41,,,,,,,,,52,35,33,533223200000535110000000151310000007215331000000215212150000552212500000,,00000192,,,,,,,,20,20,0,9,9,192,,535122151552332231212355321215525113115235,ABACDDCACAADBBDDBCDCDBAABDCDCAADACCBCCADBA,ABACDDACACADBBDDBCCDBDAABDCDACADACBCCCADAB,,,0,192,,,,,L_T1_GTR___standard,,,,,L_T1_GTR03_33000001,,,,35,33,25,511232100000515231000000353231100007231125500000232515200000522551000000,,00000201,,,,,,,,21,21,0,7,7,201,,53512215155233223121235532121552511311523533,ABACDDCACAADBBDDBCDCDBAABDCDCAADACCBCCADBABB,ABACDDACACADBBDDBCCDBDAABDCDACADACBCCCADABBB,,,0,201,,,,,L_T1_GTR___standard/L_T1_GTR___zabuton_,,,,,L_T1_GTR03_33000001,,,
126080,42,,,,,,,,,35,33,25,533223200000535110000000151310000007215331000000215212150000552212552000,,00000198,,,,,,,,21,21,0,6,6,198,,53512215155233223121235532121552511311523533,ABACDDCACAADBBDDBCDCDBAABDCDCAADACCBCCADBABB,ABACDDACACADBBDDBCCDBDAABDCDACADACBCCCADABBB,,,0,198,,,,,L_T1_GTR___standard,,,,,L_T1_GTR03_33000001,,,,35,33,25,511232100000515231000000353231100007231125500000232515200000522551000000,,00000201,,,,,,,,21,21,0,7,7,201,,53512215155233223121235532121552511311523533,ABACDDCACAADBBDDBCDCDBAABDCDCAADACCBCCADBABB,ABACDDACACADBBDDBCCDBDAABDCDACADACBCCCADABBB,,,0,201,,,,,L_T1_GTR___standard/L_T1_GTR___zabuton_,,,,,L_T1_GTR03_33000001,,,
126108,43,,,,,,,,,35,33,25,533223200000535110000000151310000007215331000000215212150000552212552000,,00000198,,,,,,,,21,21,0,6,6,198,,53512215155233223121235532121552511311523533,ABACDDCACAADBBDDBCDCDBAABDCDCAADACCBCCADBABB,ABACDDACACADBBDDBCCDBDAABDCDACADACBCCCADABBB,,,0,198,,,,,L_T1_GTR___standard,,,,,L_T1_GTR03_33000001,,,,33,25,13,511232100000515231300000353231150007231125500000232515200000522551000000,,00000207,,,,,,,,22,22,0,6,6,207,,5351221515523322312123553212155251131152353325,ABACDDCACAADBBDDBCDCDBAABDCDCAADACCBCCADBABBDA,ABACDDACACADBBDDBCCDBDAABDCDACADACBCCCADABBBAD,,,0,207,,,,,L_T1_GTR___standard/L_T1_GTR___zabuton_,,,,,L_T1_GTR03_33000001,,,
126125,44,,,,,,,,,33,25,13,533223200000535113000000151315000007215331000000215212150000552212552000,,00000207,,,,,,,,22,22,0,9,9,207,,5351221515523322312123553212155251131152353325,ABACDDCACAADBBDDBCDCDBAABDCDCAADACCBCCADBABBDA,ABACDDACACADBBDDBCCDBDAABDCDACADACBCCCADABBBAD,,,0,207,,,,,L_T1_GTR___standard,,,,,L_T1_GTR03_33000001,,,,33,25,13,511232100000515231300000353231150007231125500000232515200000522551000000,,00000207,,,,,,,,22,22,0,6,6,207,,5351221515523322312123553212155251131152353325,ABACDDCACAADBBDDBCDCDBAABDCDCAADACCBCCADBABBDA,ABACDDACACADBBDDBCCDBDAABDCDACADACBCCCADABBBAD,,,0,207,,,,,L_T1_GTR___standard/L_T1_GTR___zabuton_,,,,,L_T1_GTR03_33000001,,,
126146,45,,,,,,,,,33,25,13,533223200000535113000000151315000007215331000000215212150000552212552000,,00000207,,,,,,,,22,22,0,9,9,207,,5351221515523322312123553212155251131152353325,ABACDDCACAADBBDDBCDCDBAABDCDCAADACCBCCADBABBDA,ABACDDACACADBBDDBCCDBDAABDCDACADACBCCCADABBBAD,,,0,207,,,,,L_T1_GTR___standard,,,,,L_T1_GTR03_33000001,,,,25,13,32,511232130000515231330000353231150007231125500000232515200000522551000000,,00000213,,,,,,,,23,23,0,6,6,213,,535122151552332231212355321215525113115235332513,ABACDDCACAADBBDDBCDCDBAABDCDCAADACCBCCADBABBDACB,ABACDDACACADBBDDBCCDBDAABDCDACADACBCCCADABBBADBC,,,0,213,,,,,L_T1_GTR___standard/L_T1_GTR___zabuton_,,,,,L_T1_GTR03_33000001,,,
126182,46,,,,,,,,,25,13,32,533223200000535113000000151315330007215331000000215212150000552212552000,,00000212,,,,,,,,23,23,0,5,5,212,,535122151552332231212355321215525113115235332513,ABACDDCACAADBBDDBCDCDBAABDCDCAADACCBCCADBABBDACB,ABACDDACACADBBDDBCCDBDAABDCDACADACBCCCADABBBADBC,,,0,212,,,,,L_T1_GTR___standard,,,,,L_T1_GTR03_33000001,,,,25,13,32,511232130000515231330000353231150007231125500000232515200000522551000000,,00000213,,,,,,,,23,23,0,6,6,213,,535122151552332231212355321215525113115235332513,ABACDDCACAADBBDDBCDCDBAABDCDCAADACCBCCADBABBDACB,ABACDDACACADBBDDBCCDBDAABDCDACADACBCCCADABBBADBC,,,0,213,,,,,L_T1_GTR___standard/L_T1_GTR___zabuton_,,,,,L_T1_GTR03_33000001,,,
126184,47,,,,,,,,,25,13,32,533223200000535113000000151315330007215331000000215212150000552212552000,,00000212,,,,,,,,23,23,0,5,5,212,,535122151552332231212355321215525113115235332513,ABACDDCACAADBBDDBCDCDBAABDCDCAADACCBCCADBABBDACB,ABACDDACACADBBDDBCCDBDAABDCDACADACBCCCADABBBADBC,,,0,212,,,,,L_T1_GTR___standard,,,,,L_T1_GTR03_33000001,,,,13,32,55,511232130000515231330000353231150007231125525000232515200000522551000000,,00000219,,,,,,,,24,24,0,6,6,219,,53512215155233223121235532121552511311523533251332,ABACDDCACAADBBDDBCDCDBAABDCDCAADACCBCCADBABBDACBBD,ABACDDACACADBBDDBCCDBDAABDCDACADACBCCCADABBBADBCBD,,,0,219,,,,,L_T1_GTR___standard/L_T1_GTR___zabuton_,,,,,L_T1_GTR03_33000001,,,
126220,48,,,,,,,,,25,13,32,533223200000535113000000151315330007215331000000215212150000552212552000,,00000212,,,,,,,,23,23,0,5,5,212,,535122151552332231212355321215525113115235332513,ABACDDCACAADBBDDBCDCDBAABDCDCAADACCBCCADBABBDACB,ABACDDACACADBBDDBCCDBDAABDCDACADACBCCCADABBBADBC,,,0,212,,,,,L_T1_GTR___standard,,,,,L_T1_GTR03_33000001,,,,32,55,52,511232130000515231331000353231153007231125525000232515200000522551000000,,00000224,,,,,,,,25,25,0,5,5,224,,5351221515523322312123553212155251131152353325133255,ABACDDCACAADBBDDBCDCDBAABDCDCAADACCBCCADBABBDACBBDAA,ABACDDACACADBBDDBCCDBDAABDCDACADACBCCCADABBBADBCBDAA,,,0,224,,,,,L_T1_GTR___standard/L_T1_GTR___zabuton_,,,,,L_T1_GTR03_33000001,,,
126223,49,,,,,,,,,13,32,55,533223200000535113000000151315330007215331000000215212150000552212552250,,00000216,,,,,,,,24,24,0,4,4,216,,53512215155233223121235532121552511311523533251332,ABACDDCACAADBBDDBCDCDBAABDCDCAADACCBCCADBABBDACBBD,ABACDDACACADBBDDBCCDBDAABDCDACADACBCCCADABBBADBCBD,,,0,216,,,,,L_T1_GTR___standard,,,,,L_T1_GTR03_33000001,,,,32,55,52,511232130000515231331000353231153007231125525000232515200000522551000000,,00000224,,,,,,,,25,25,0,5,5,224,,5351221515523322312123553212155251131152353325133255,ABACDDCACAADBBDDBCDCDBAABDCDCAADACCBCCADBABBDACBBDAA,ABACDDACACADBBDDBCCDBDAABDCDACADACBCCCADABBBADBCBDAA,,,0,224,,,,,L_T1_GTR___standard/L_T1_GTR___zabuton_,,,,,L_T1_GTR03_33000001,,,
126262,50,,,,,,,,,13,32,55,533223200000535113000000151315330007215331000000215212150000552212552250,,00000216,,,,,,,,24,24,0,4,4,216,,53512215155233223121235532121552511311523533251332,ABACDDCACAADBBDDBCDCDBAABDCDCAADACCBCCADBABBDACBBD,ABACDDACACADBBDDBCCDBDAABDCDACADACBCCCADABBBADBCBD,,,0,216,,,,,L_T1_GTR___standard,,,,,L_T1_GTR03_33000001,,,,55,52,53,511232130000515231331000353231153007231125525000232515200000522551230000,,00000230,,,,,,,,26,26,0,6,6,230,,535122151552332231212355321215525113115235332513325552,ABACDDCACAADBBDDBCDCDBAABDCDCAADACCBCCADBABBDACBBDAAAD,ABACDDACACADBBDDBCCDBDAABDCDACADACBCCCADABBBADBCBDAAAD,,,0,230,,,,,L_T1_GTR___standard/L_T1_GTR___zabuton_,,,,,L_T1_GTR03_33000001,,,
126320,51,,,,,,,,,13,32,55,533223200000535113000000151315330007215331000000215212150000552212552250,,00000216,,,,,,,,24,24,0,4,4,216,,53512215155233223121235532121552511311523533251332,ABACDDCACAADBBDDBCDCDBAABDCDCAADACCBCCADBABBDACBBD,ABACDDACACADBBDDBCCDBDAABDCDACADACBCCCADABBBADBCBD,,,0,216,,,,,L_T1_GTR___standard,,,,,L_T1_GTR03_33000001,,,,52,53,13,511232130000515231331500353231153507231125525000232515200000522551230000,,00000233,,,,,,,,27,27,0,3,3,233,,53512215155233223121235532121552511311523533251332555253,ABACDDCACAADBBDDBCDCDBAABDCDCAADACCBCCADBABBDACBBDAAADAB,ABACDDACACADBBDDBCCDBDAABDCDACADACBCCCADABBBADBCBDAAADAB,,,0,233,,,,,L_T1_GTR___standard/L_T1_GTR___zabuton_,,,,,L_T1_GTR03_33000001,,,
126324,52,,,,,,,,,32,55,52,533223230000535113100000151315330007215331000000215212150000552212552250,,00000220,,,,,,,,25,25,0,4,4,220,,5351221515523322312123553212155251131152353325133255,ABACDDCACAADBBDDBCDCDBAABDCDCAADACCBCCADBABBDACBBDAA,ABACDDACACADBBDDBCCDBDAABDCDACADACBCCCADABBBADBCBDAA,,,0,220,,,,,L_T1_GTR___standard,,,,,L_T1_GTR03_33000001,,,,52,53,13,511232130000515231331500353231153507231125525000232515200000522551230000,,00000233,,,,,,,,27,27,0,3,3,233,,53512215155233223121235532121552511311523533251332555253,ABACDDCACAADBBDDBCDCDBAABDCDCAADACCBCCADBABBDACBBDAAADAB,ABACDDACACADBBDDBCCDBDAABDCDACADACBCCCADABBBADBCBDAAADAB,,,0,233,,,,,L_T1_GTR___standard/L_T1_GTR___zabuton_,,,,,L_T1_GTR03_33000001,,,
126362,53,,,,,,,,,55,52,53,533223230000535113123000151315330007215331000000215212150000552212552250,,00000225,,,,,,,,26,26,0,5,5,225,,535122151552332231212355321215525113115235332513325552,ABACDDCACAADBBDDBCDCDBAABDCDCAADACCBCCADBABBDACBBDAAAD,ABACDDACACADBBDDBCCDBDAABDCDACADACBCCCADABBBADBCBDAAAD,,,0,225,,,,,L_T1_GTR___standard,,,,,L_T1_GTR03_33000001,,,,52,53,13,511232130000515231331500353231153507231125525000232515200000522551230000,,00000233,,,,,,,,27,27,0,3,3,233,,53512215155233223121235532121552511311523533251332555253,ABACDDCACAADBBDDBCDCDBAABDCDCAADACCBCCADBABBDACBBDAAADAB,ABACDDACACADBBDDBCCDBDAABDCDACADACBCCCADABBBADBCBDAAADAB,,,0,233,,,,,L_T1_GTR___standard/L_T1_GTR___zabuton_,,,,,L_T1_GTR03_33000001,,,
126369,54,,,,,,,,,55,52,53,533223230000535113123000151315330007215331000000215212150000552212552250,,00000225,,,,,,,,26,26,0,5,5,225,,535122151552332231212355321215525113115235332513325552,ABACDDCACAADBBDDBCDCDBAABDCDCAADACCBCCADBABBDACBBDAAAD,ABACDDACACADBBDDBCCDBDAABDCDACADACBCCCADABBBADBCBDAAAD,,,0,225,,,,,L_T1_GTR___standard,,,,,L_T1_GTR03_33000001,,,,,53,13,511232130000515231331500353231153507231125525500232515220000522551230000,,bb80abb3,,,,,,,,28,0,1,bb80abb3,240,473,,53512215155233223121235532121552511311523533251332555253,ABACDDCACAADBBDDBCDCDBAABDCDCAADACCBCCADBABBDACBBDAAADAB,ABACDDACACADBBDDBCCDBDAABDCDACADACBCCCADABBBADBCBDAAADAB,,,1,473,,,,,L_T1_GTR___standard/L_T1_GTR___zabuton_,,,,,L_T1_GTR03_33000001,,,
126440,55,,,,,,,,,52,53,13,533223230000535113123000151315330007215331000000215212150000552212552255,,00000227,,,,,,,,27,27,0,2,2,227,,53512215155233223121235532121552511311523533251332555253,ABACDDCACAADBBDDBCDCDBAABDCDCAADACCBCCADBABBDACBBDAAADAB,ABACDDACACADBBDDBCCDBDAABDCDACADACBCCCADABBBADBCBDAAADAB,,,0,227,,,,,L_T1_GTR___standard,,,,,L_T1_GTR03_33000001,,,,,53,13,511232130000515231331500353231153507231125525500232515220000522551230000,,bb80abb3,,,,,,,,28,0,1,bb80abb3,240,473,,53512215155233223121235532121552511311523533251332555253,ABACDDCACAADBBDDBCDCDBAABDCDCAADACCBCCADBABBDACBBDAAADAB,ABACDDACACADBBDDBCCDBDAABDCDACADACBCCCADABBBADBCBDAAADAB,,,1,473,,,,,L_T1_GTR___standard/L_T1_GTR___zabuton_,,,,,L_T1_GTR03_33000001,,,
126458,56,,,,,,,,,52,53,13,533223230000535113123000151315330007215331000000215212150000552212552255,,00000227,,,,,,,,27,27,0,2,2,227,,53512215155233223121235532121552511311523533251332555253,ABACDDCACAADBBDDBCDCDBAABDCDCAADACCBCCADBABBDACBBDAAADAB,ABACDDACACADBBDDBCCDBDAABDCDACADACBCCCADABBBADBCBDAAADAB,,,0,227,,,,,L_T1_GTR___standard,,,,,L_T1_GTR03_33000001,,,,53,13,12,511232130000515231331000353231153007231125500000232515000000522551300000,,00000477,,,,,,,,29,1,0,4,4,477,,5351221515523322312123553212155251131152353325133255525313,ABACDDCACAADBBDDBCDCDBAABDCDCAADACCBCCADBABBDACBBDAAADABCB,ABACDDACACADBBDDBCCDBDAABDCDACADACBCCCADABBBADBCBDAAADABBC,,,1,477,,,,,L_T1_GTR___standard/L_T1_GTR___zabuton_,,,,,L_T1_GTR03_33000001,,,
126479,57,,,,,,,,,,53,13,533223230000535113123000151315330007215331000000215212155200552212552255,,bb40abb1,,,,,,,,28,0,1,bb40abb1,40,267,,53512215155233223121235532121552511311523533251332555253,ABACDDCACAADBBDDBCDCDBAABDCDCAADACCBCCADBABBDACBBDAAADAB,ABACDDACACADBBDDBCCDBDAABDCDACADACBCCCADABBBADBCBDAAADAB,,,1,267,,,,,L_T1_GTR___standard,,,,,L_T1_GTR03_33000001,,,,53,13,12,511232130000515231331000353231153007231125500000232515000000522551300000,,00000477,,,,,,,,29,1,0,4,4,477,,5351221515523322312123553212155251131152353325133255525313,ABACDDCACAADBBDDBCDCDBAABDCDCAADACCBCCADBABBDACBBDAAADABCB,ABACDDACACADBBDDBCCDBDAABDCDACADACBCCCADABBBADBCBDAAADABBC,,,1,477,,,,,L_T1_GTR___standard/L_T1_GTR___zabuton_,,,,,L_T1_GTR03_33000001,,,
126496,58,,,,,,,,,,53,13,533223230000535113123000151315330007215331000000215212155200552212552255,,bb40abb1,,,,,,,,28,0,1,bb40abb1,40,267,,53512215155233223121235532121552511311523533251332555253,ABACDDCACAADBBDDBCDCDBAABDCDCAADACCBCCADBABBDACBBDAAADAB,ABACDDACACADBBDDBCCDBDAABDCDACADACBCCCADABBBADBCBDAAADAB,,,1,267,,,,,L_T1_GTR___standard,,,,,L_T1_GTR03_33000001,,,,13,12,32,511232130000515231331000353231153007231125535000232515000000522551300000,,00000482,,,,,,,,30,2,0,5,5,482,,535122151552332231212355321215525113115235332513325552531312,ABACDDCACAADBBDDBCDCDBAABDCDCAADACCBCCADBABBDACBBDAAADABCBCD,ABACDDACACADBBDDBCCDBDAABDCDACADACBCCCADABBBADBCBDAAADABBCCD,,,1,482,,,,,L_T1_GTR___standard/L_T1_GTR___zabuton_,,,,,L_T1_GTR03_33000001,,,
126542,59,,,,,,,,,,53,13,533223230000535113123000151315330007215331000000215212155200552212552255,,bb40abb1,,,,,,,,28,0,1,bb40abb1,40,267,,53512215155233223121235532121552511311523533251332555253,ABACDDCACAADBBDDBCDCDBAABDCDCAADACCBCCADBABBDACBBDAAADAB,ABACDDACACADBBDDBCCDBDAABDCDACADACBCCCADABBBADBCBDAAADAB,,,1,267,,,,,L_T1_GTR___standard,,,,,L_T1_GTR03_33000001,,,,12,32,22,511232130000515231331000353231153007231125535000232515000000522551331000,,00000487,,,,,,,,31,3,0,5,5,487,,53512215155233223121235532121552511311523533251332555253131232,ABACDDCACAADBBDDBCDCDBAABDCDCAADACCBCCADBABBDACBBDAAADABCBCDBD,ABACDDACACADBBDDBCCDBDAABDCDACADACBCCCADABBBADBCBDAAADABBCCDBD,,,1,487,,,,,L_T1_GTR___standard/L_T1_GTR___zabuton_,,,,,L_T1_GTR03_33000001,,,
126566,60,,,,,,,,,,53,13,533223230000535113123000151315330007215331000000215212120000552212225550,,bb50ab10,,,,,,,,29,0,2,bb50ab10,500,767,,53512215155233223121235532121552511311523533251332555253,ABACDDCACAADBBDDBCDCDBAABDCDCAADACCBCCADBABBDACBBDAAADAB,ABACDDACACADBBDDBCCDBDAABDCDACADACBCCCADABBBADBCBDAAADAB,,,2,767,,,,,L_T1_GTR___standard,,,,,L_T1_GTR03_33000001,,,,12,32,22,511232130000515231331000353231153007231125535000232515000000522551331000,,00000487,,,,,,,,31,3,0,5,5,487,,53512215155233223121235532121552511311523533251332555253131232,ABACDDCACAADBBDDBCDCDBAABDCDCAADACCBCCADBABBDACBBDAAADABCBCDBD,ABACDDACACADBBDDBCCDBDAABDCDACADACBCCCADABBBADBCBDAAADABBCCDBD,,,1,487,,,,,L_T1_GTR___standard/L_T1_GTR___zabuton_,,,,,L_T1_GTR03_33000001,,,
126580,61,,,,,,,,,,53,13,533223230000535113123000151315330007215331000000215212120000552212225550,,bb50ab10,,,,,,,,29,0,2,bb50ab10,500,767,,53512215155233223121235532121552511311523533251332555253,ABACDDCACAADBBDDBCDCDBAABDCDCAADACCBCCADBABBDACBBDAAADAB,ABACDDACACADBBDDBCCDBDAABDCDACADACBCCCADABBBADBCBDAAADAB,,,2,767,,,,,L_T1_GTR___standard,,,,,L_T1_GTR03_33000001,,,,32,22,11,511232130000515231331000353231153007231125535000232515000000522551331120,,00000491,,,,,,,,32,4,0,4,4,491,,5351221515523322312123553212155251131152353325133255525313123222,ABACDDCACAADBBDDBCDCDBAABDCDCAADACCBCCADBABBDACBBDAAADABCBCDBDDD,ABACDDACACADBBDDBCCDBDAABDCDACADACBCCCADABBBADBCBDAAADABBCCDBDDD,,,1,491,,,,,L_T1_GTR___standard/L_T1_GTR___zabuton_,,,,,L_T1_GTR03_33000001,,,
126623,62,,,,,,,,,,53,13,533223230000535113123000151315330007215331000000215212120000552212225550,,bb50ab10,,,,,,,,29,0,2,bb50ab10,500,767,,53512215155233223121235532121552511311523533251332555253,ABACDDCACAADBBDDBCDCDBAABDCDCAADACCBCCADBABBDACBBDAAADAB,ABACDDACACADBBDDBCCDBDAABDCDACADACBCCCADABBBADBCBDAAADAB,,,2,767,,,,,L_T1_GTR___standard,,,,,L_T1_GTR03_33000001,,,,,22,11,511232130000515231331000353231153007231125535000232515230000522551331120,,bb40abb1,,,,,,,,33,0,1,bb40abb1,40,531,,5351221515523322312123553212155251131152353325133255525313123222,ABACDDCACAADBBDDBCDCDBAABDCDCAADACCBCCADBABBDACBBDAAADABCBCDBDDD,ABACDDACACADBBDDBCCDBDAABDCDACADACBCCCADABBBADBCBDAAADABBCCDBDDD,,,1,531,,,,,L_T1_GTR___standard/L_T1_GTR___zabuton_,,,,,L_T1_GTR03_33000001,,,
126651,63,,,,,,,,,,53,13,533223230000535113123000151315330007215331000000215211000000552215550000,,bb40ab16,,,,,,,,30,0,3,bb40ab16,640,1407,,53512215155233223121235532121552511311523533251332555253,ABACDDCACAADBBDDBCDCDBAABDCDCAADACCBCCADBABBDACBBDAAADAB,ABACDDACACADBBDDBCCDBDAABDCDACADACBCCCADABBBADBCBDAAADAB,,,3,1407,,,,,L_T1_GTR___standard,,,,,L_T1_GTR03_33000001,,,,,22,11,511232130000515231331000353231153007231125535000232515230000522551331120,,bb40abb1,,,,,,,,33,0,1,bb40abb1,40,531,,5351221515523322312123553212155251131152353325133255525313123222,ABACDDCACAADBBDDBCDCDBAABDCDCAADACCBCCADBABBDACBBDAAADABCBCDBDDD,ABACDDACACADBBDDBCCDBDAABDCDACADACBCCCADABBBADBCBDAAADABBCCDBDDD,,,1,531,,,,,L_T1_GTR___standard/L_T1_GTR___zabuton_,,,,,L_T1_GTR03_33000001,,,
126707,64,,,,,,,,,,53,13,533223230000535113123000151315330007215331000000215211000000552215550000,,bb40ab16,,,,,,,,30,0,3,bb40ab16,640,1407,,53512215155233223121235532121552511311523533251332555253,ABACDDCACAADBBDDBCDCDBAABDCDCAADACCBCCADBABBDACBBDAAADAB,ABACDDACACADBBDDBCCDBDAABDCDACADACBCCCADABBBADBCBDAAADAB,,,3,1407,,,,,L_T1_GTR___standard,,,,,L_T1_GTR03_33000001,,,,,22,11,511232130000515231331000353231153007231125550000232515200000522551112000,,bb50ab10,,,,,,,,34,0,2,bb50ab10,500,1031,,5351221515523322312123553212155251131152353325133255525313123222,ABACDDCACAADBBDDBCDCDBAABDCDCAADACCBCCADBABBDACBBDAAADABCBCDBDDD,ABACDDACACADBBDDBCCDBDAABDCDACADACBCCCADABBBADBCBDAAADABBCCDBDDD,,,2,1031,,,,,L_T1_GTR___standard/L_T1_GTR___zabuton_,,,,,L_T1_GTR03_33000001,,,
126740,65,,,,,,,,,53,13,12,533223230000535113123000151315330007215330000000215200000000552255500000,,00001412,,,,,,,,31,1,0,5,5,1412,,5351221515523322312123553212155251131152353325133255525313,ABACDDCACAADBBDDBCDCDBAABDCDCAADACCBCCADBABBDACBBDAAADABCB,ABACDDACACADBBDDBCCDBDAABDCDACADACBCCCADABBBADBCBDAAADABBC,,,3,1412,,,,,L_T1_GTR___standard,,,,,L_T1_GTR03_33000001,,,,,22,11,511232130000515231331000353231153007231125550000232515200000522551112000,,bb50ab10,,,,,,,,34,0,2,bb50ab10,500,1031,,5351221515523322312123553212155251131152353325133255525313123222,ABACDDCACAADBBDDBCDCDBAABDCDCAADACCBCCADBABBDACBBDAAADABCBCDBDDD,ABACDDACACADBBDDBCCDBDAABDCDACADACBCCCADABBBADBCBDAAADABBCCDBDDD,,,2,1031,,,,,L_T1_GTR___standard/L_T1_GTR___zabuton_,,,,,L_T1_GTR03_33000001,,,
126777,66,,,,,,,,,,13,12,533223230000535113123000151315330007215330000000215253000000552255500000,,bb40abb1,,,,,,,,32,0,1,bb40abb1,40,1452,,5351221515523322312123553212155251131152353325133255525313,ABACDDCACAADBBDDBCDCDBAABDCDCAADACCBCCADBABBDACBBDAAADABCB,ABACDDACACADBBDDBCCDBDAABDCDACADACBCCCADABBBADBCBDAAADABBC,,,3,1452,,,,,L_T1_GTR___standard,,,,,L_T1_GTR03_33000001,,,,,22,11,511232130000515231331000353231153007231125550000232515200000522551112000,,bb50ab10,,,,,,,,34,0,2,bb50ab10,500,1031,,5351221515523322312123553212155251131152353325133255525313123222,ABACDDCACAADBBDDBCDCDBAABDCDCAADACCBCCADBABBDACBBDAAADABCBCDBDDD,ABACDDACACADBBDDBCCDBDAABDCDACADACBCCCADABBBADBCBDAAADABBCCDBDDD,,,2,1031,,,,,L_T1_GTR___standard/L_T1_GTR___zabuton_,,,,,L_T1_GTR03_33000001,,,
126785,67,,,,,,,,,,13,12,533223230000535113123000151315330007215330000000215253000000552255500000,,bb40abb1,,,,,,,,32,0,1,bb40abb1,40,1452,,5351221515523322312123553212155251131152353325133255525313,ABACDDCACAADBBDDBCDCDBAABDCDCAADACCBCCADBABBDACBBDAAADABCB,ABACDDACACADBBDDBCCDBDAABDCDACADACBCCCADABBBADBCBDAAADABBC,,,3,1452,,,,,L_T1_GTR___standard,,,,,L_T1_GTR03_33000001,,,,,22,11,511232130000515231331000353231130007231120000000232512000000522551112000,,bb40ab16,,,,,,,,35,0,3,bb40ab16,640,1671,,5351221515523322312123553212155251131152353325133255525313123222,ABACDDCACAADBBDDBCDCDBAABDCDCAADACCBCCADBABBDACBBDAAADABCBCDBDDD,ABACDDACACADBBDDBCCDBDAABDCDACADACBCCCADABBBADBCBDAAADABBCCDBDDD,,,3,1671,,,,,L_T1_GTR___standard/L_T1_GTR___zabuton_,,,,,L_T1_GTR03_33000001,,,
126857,68,,,,,,,,,,13,12,533223230000535113123000151315330007215330000000215230000000552200000000,,bb40abb8,,,,,,,,33,0,2,bb40abb8,320,1772,,5351221515523322312123553212155251131152353325133255525313,ABACDDCACAADBBDDBCDCDBAABDCDCAADACCBCCADBABBDACBBDAAADABCB,ABACDDACACADBBDDBCCDBDAABDCDACADACBCCCADABBBADBCBDAAADABBC,,,3,1772,,,,,L_T1_GTR___standard,,,,,L_T1_GTR03_33000001,,,,,22,11,511232130000515231331000353231130007231120000000232512000000522551112000,,bb40ab16,,,,,,,,35,0,3,bb40ab16,640,1671,,5351221515523322312123553212155251131152353325133255525313123222,ABACDDCACAADBBDDBCDCDBAABDCDCAADACCBCCADBABBDACBBDAAADABCBCDBDDD,ABACDDACACADBBDDBCCDBDAABDCDACADACBCCCADABBBADBCBDAAADABBCCDBDDD,,,3,1671,,,,,L_T1_GTR___standard/L_T1_GTR___zabuton_,,,,,L_T1_GTR03_33000001,,,
126867,69,,,,,,,,,,13,12,533223230000535113123000151315330007215330000000215230000000552200000000,,bb40abb8,,,,,,,,33,0,2,bb40abb8,320,1772,,5351221515523322312123553212155251131152353325133255525313,ABACDDCACAADBBDDBCDCDBAABDCDCAADACCBCCADBABBDACBBDAAADABCB,ABACDDACACADBBDDBCCDBDAABDCDACADACBCCCADABBBADBCBDAAADABBC,,,3,1772,,,,,L_T1_GTR___standard,,,,,L_T1_GTR03_33000001,,,,,22,11,511232100000515231100000353231100007231120000000232512000000522551112000,,bb50ab34,,,,,,,,36,0,4,bb50ab34,1700,3371,,5351221515523322312123553212155251131152353325133255525313123222,ABACDDCACAADBBDDBCDCDBAABDCDCAADACCBCCADBABBDACBBDAAADABCBCDBDDD,ABACDDACACADBBDDBCCDBDAABDCDACADACBCCCADABBBADBCBDAAADABBCCDBDDD,,,4,3371,,,,,L_T1_GTR___standard/L_T1_GTR___zabuton_,,,,,L_T1_GTR03_33000001,,,
126932,70,,,,,,,,,,13,12,533223230000535113123000151315330007215330000000215230000000552200000000,,bb40abb8,,,,,,,,33,0,2,bb40abb8,320,1772,,5351221515523322312123553212155251131152353325133255525313,ABACDDCACAADBBDDBCDCDBAABDCDCAADACCBCCADBABBDACBBDAAADABCB,ABACDDACACADBBDDBCCDBDAABDCDACADACBCCCADABBBADBCBDAAADABBC,,,3,1772,,,,,L_T1_GTR___standard,,,,,L_T1_GTR03_33000001,,,,22,11,23,511230000000515230000000353230000007231120000000232512000000522551112000,,00003377,,,,,,,,37,1,0,6,6,3377,,535122151552332231212355321215525113115235332513325552531312322211,ABACDDCACAADBBDDBCDCDBAABDCDCAADACCBCCADBABBDACBBDAAADABCBCDBDDDCC,ABACDDACACADBBDDBCCDBDAABDCDACADACBCCCADABBBADBCBDAAADABBCCDBDDDCC,,,4,3377,,,,,L_T1_GTR___standard/L_T1_GTR___zabuton_,,,,,L_T1_GTR03_33000001,,,
126943,71,,,,,,,,,,13,12,533223230000535113123000151153300007215000000000215200000000552200000000,,bb80ab19,,,,,,,,34,0,3,bb80ab19,1520,3292,,5351221515523322312123553212155251131152353325133255525313,ABACDDCACAADBBDDBCDCDBAABDCDCAADACCBCCADBABBDACBBDAAADABCB,ABACDDACACADBBDDBCCDBDAABDCDACADACBCCCADABBBADBCBDAAADABBC,,,3,3292,,,,,L_T1_GTR___standard,,,,,L_T1_GTR03_33000001,,,,22,11,23,511230000000515230000000353230000007231120000000232512000000522551112000,,00003377,,,,,,,,37,1,0,6,6,3377,,535122151552332231212355321215525113115235332513325552531312322211,ABACDDCACAADBBDDBCDCDBAABDCDCAADACCBCCADBABBDACBBDAAADABCBCDBDDDCC,ABACDDACACADBBDDBCCDBDAABDCDACADACBCCCADABBBADBCBDAAADABBCCDBDDDCC,,,4,3377,,,,,L_T1_GTR___standard/L_T1_GTR___zabuton_,,,,,L_T1_GTR03_33000001,,,
126998,72,,,,,,,,,,13,12,533223230000535113123000151153300007215000000000215200000000552200000000,,bb80ab19,,,,,,,,34,0,3,bb80ab19,1520,3292,,5351221515523322312123553212155251131152353325133255525313,ABACDDCACAADBBDDBCDCDBAABDCDCAADACCBCCADBABBDACBBDAAADABCB,ABACDDACACADBBDDBCCDBDAABDCDACADACBCCCADABBBADBCBDAAADABBC,,,3,3292,,,,,L_T1_GTR___standard,,,,,L_T1_GTR03_33000001,,,,11,23,12,511232200000515232000000353230000007231120000000232512000000522551112000,,00003384,,,,,,,,38,2,0,7,7,3384,,53512215155233223121235532121552511311523533251332555253131232221123,ABACDDCACAADBBDDBCDCDBAABDCDCAADACCBCCADBABBDACBBDAAADABCBCDBDDDCCDB,ABACDDACACADBBDDBCCDBDAABDCDACADACBCCCADABBBADBCBDAAADABBCCDBDDDCCBD,,,4,3384,,,,,L_T1_GTR___standard/L_T1_GTR___zabuton_,,,,,L_T1_GTR03_33000001,,,
127027,73,,,,,,,,,,13,12,533222300000535123000000155000000007215000000000215200000000552200000000,,bb90ab37,,,,,,,,35,0,4,bb90ab37,3330,6622,,5351221515523322312123553212155251131152353325133255525313,ABACDDCACAADBBDDBCDCDBAABDCDCAADACCBCCADBABBDACBBDAAADABCB,ABACDDACACADBBDDBCCDBDAABDCDACADACBCCCADABBBADBCBDAAADABBC,,,4,6622,,,,,,,,,,,,,,11,23,12,511232200000515232000000353230000007231120000000232512000000522551112000,,00003384,,,,,,,,38,2,0,7,7,3384,,53512215155233223121235532121552511311523533251332555253131232221123,ABACDDCACAADBBDDBCDCDBAABDCDCAADACCBCCADBABBDACBBDAAADABCBCDBDDDCCDB,ABACDDACACADBBDDBCCDBDAABDCDACADACBCCCADABBBADBCBDAAADABBCCDBDDDCCBD,,,4,3384,,,,,L_T1_GTR___standard/L_T1_GTR___zabuton_,,,,,L_T1_GTR03_33000001,,,
127036,74,,,,,,,,,,13,12,533222300000535123000000155000000007215000000000215200000000552200000000,,bb90ab37,,,,,,,,35,0,4,bb90ab37,3330,6622,,5351221515523322312123553212155251131152353325133255525313,ABACDDCACAADBBDDBCDCDBAABDCDCAADACCBCCADBABBDACBBDAAADABCB,ABACDDACACADBBDDBCCDBDAABDCDACADACBCCCADABBBADBCBDAAADABBC,,,4,6622,,,,,,,,,,,,,,23,12,22,511232211000515232000000353230000007231120000000232512000000522551112000,,00003389,,,,,,,,39,3,0,5,5,3389,,5351221515523322312123553212155251131152353325133255525313123222112312,ABACDDCACAADBBDDBCDCDBAABDCDCAADACCBCCADBABBDACBBDAAADABCBCDBDDDCCDBCD,ABACDDACACADBBDDBCCDBDAABDCDACADACBCCCADABBBADBCBDAAADABBCCDBDDDCCBDCD,,,4,3389,,,,,L_T1_GTR___standard/L_T1_GTR___zabuton_,,,,,L_T1_GTR03_33000001,,,
127076,75,,,,,,,,,,13,12,533222300000535123000000155000000007215000000000215200000000552200000000,,bb90ab37,,,,,,,,35,0,4,bb90ab37,3330,6622,,5351221515523322312123553212155251131152353325133255525313,ABACDDCACAADBBDDBCDCDBAABDCDCAADACCBCCADBABBDACBBDAAADABCB,ABACDDACACADBBDDBCCDBDAABDCDACADACBCCCADABBBADBCBDAAADABBC,,,4,6622,,,,,,,,,,,,,,12,22,51,511232211000515232320000353230000007231120000000232512000000522551112000,,00003395,,,,,,,,40,4,0,6,6,3395,,535122151552332231212355321215525113115235332513325552531312322211231222,ABACDDCACAADBBDDBCDCDBAABDCDCAADACCBCCADBABBDACBBDAAADABCBCDBDDDCCDBCDDD,ABACDDACACADBBDDBCCDBDAABDCDACADACBCCCADABBBADBCBDAAADABBCCDBDDDCCBDCDDD,,,4,3395,,,,,L_T1_GTR___standard/L_T1_GTR___zabuton_,,,,,L_T1_GTR03_33000001,,,
127111,76,,,,,,,,,,13,12,533300000000531300000000100000000007210000000000212000000000552200000000,,bb50ab66,,,,,,,,36,0,5,bb50ab66,3300,9922,,5351221515523322312123553212155251131152353325133255525313,ABACDDCACAADBBDDBCDCDBAABDCDCAADACCBCCADBABBDACBBDAAADABCB,ABACDDACACADBBDDBCCDBDAABDCDACADACBCCCADABBBADBCBDAAADABBC,,,5,9922,,,,,,,,,,,,,,12,22,51,511232211000515232320000353230000007231120000000232512000000522551112000,,00003395,,,,,,,,40,4,0,6,6,3395,,535122151552332231212355321215525113115235332513325552531312322211231222,ABACDDCACAADBBDDBCDCDBAABDCDCAADACCBCCADBABBDACBBDAAADABCBCDBDDDCCDBCDDD,ABACDDACACADBBDDBCCDBDAABDCDACADACBCCCADABBBADBCBDAAADABBCCDBDDDCCBDCDDD,,,4,3395,,,,,L_T1_GTR___standard/L_T1_GTR___zabuton_,,,,,L_T1_GTR03_33000001,,,
127162,77,,,,,,,,,,13,12,533300000000531300000000100000000007210000000000212000000000552200000000,,bb50ab66,,,,,,,,36,0,5,bb50ab66,3300,9922,,5351221515523322312123553212155251131152353325133255525313,ABACDDCACAADBBDDBCDCDBAABDCDCAADACCBCCADBABBDACBBDAAADABCB,ABACDDACACADBBDDBCCDBDAABDCDACADACBCCCADABBBADBCBDAAADABBC,,,5,9922,,,,,,,,,,,,,,22,51,32,511232211000515232320000353230000007231120000000232512000000522551112210,,00003397,,,,,,,,41,5,0,2,2,3397,,53512215155233223121235532121552511311523533251332555253131232221123122251,ABACDDCACAADBBDDBCDCDBAABDCDCAADACCBCCADBABBDACBBDAAADABCBCDBDDDCCDBCDDDAC,ABACDDACACADBBDDBCCDBDAABDCDACADACBCCCADABBBADBCBDAAADABBCCDBDDDCCBDCDDDAC,,,4,3397,,,,,L_T1_GTR___standard/L_T1_GTR___zabuton_,,,,,L_T1_GTR03_33000001,,,
127193,78,,,,,,,,,,13,12,533300000000531300000000100000000007210000000000212000000000552200000000,,bb50ab66,,,,,,,,36,0,5,bb50ab66,3300,9922,,5351221515523322312123553212155251131152353325133255525313,ABACDDCACAADBBDDBCDCDBAABDCDCAADACCBCCADBABBDACBBDAAADABCB,ABACDDACACADBBDDBCCDBDAABDCDACADACBCCCADABBBADBCBDAAADABBC,,,5,9922,,,,,,,,,,,,,,,51,32,511232211000515232320000353232200007231120000000232512000000522551112210,,bb50abb2,,,,,,,,42,0,1,bb50abb2,100,3497,,53512215155233223121235532121552511311523533251332555253131232221123122251,ABACDDCACAADBBDDBCDCDBAABDCDCAADACCBCCADBABBDACBBDAAADABCBCDBDDDCCDBCDDDAC,ABACDDACACADBBDDBCCDBDAABDCDACADACBCCCADABBBADBCBDAAADABBCCDBDDDCCBDCDDDAC,,,4,3497,,,,,L_T1_GTR___standard/L_T1_GTR___zabuton_,,,,,L_T1_GTR03_33000001,,,
127202,79,,,,,,,,,13,12,32,500000000000510000000000100000000007210000000000212000000000552200000000,,00009931,,,,,,,,37,1,0,9,9,9931,,535122151552332231212355321215525113115235332513325552531312,ABACDDCACAADBBDDBCDCDBAABDCDCAADACCBCCADBABBDACBBDAAADABCBCD,ABACDDACACADBBDDBCCDBDAABDCDACADACBCCCADABBBADBCBDAAADABBCCD,,,5,9931,,,,,,,,,,,,,,,51,32,511232211000515232320000353232200007231120000000232512000000522551112210,,bb50abb2,,,,,,,,42,0,1,bb50abb2,100,3497,,53512215155233223121235532121552511311523533251332555253131232221123122251,ABACDDCACAADBBDDBCDCDBAABDCDCAADACCBCCADBABBDACBBDAAADABCBCDBDDDCCDBCDDDAC,ABACDDACACADBBDDBCCDBDAABDCDACADACBCCCADABBBADBCBDAAADABBCCDBDDDCCBDCDDDAC,,,4,3497,,,,,L_T1_GTR___standard/L_T1_GTR___zabuton_,,,,,L_T1_GTR03_33000001,,,
127272,80,,,,,,,,,12,32,22,510000000000513000000000100000000007210000000000212000000000552200000000,,00009942,,,,,,,,38,2,0,11,11,9942,,53512215155233223121235532121552511311523533251332555253131232,ABACDDCACAADBBDDBCDCDBAABDCDCAADACCBCCADBABBDACBBDAAADABCBCDBD,ABACDDACACADBBDDBCCDBDAABDCDACADACBCCCADABBBADBCBDAAADABBCCDBD,,,5,9942,,,,,,,,,,,,,,,51,32,511232211000515232320000353232200007231120000000232512000000522551112210,,bb50abb2,,,,,,,,42,0,1,bb50abb2,100,3497,,53512215155233223121235532121552511311523533251332555253131232221123122251,ABACDDCACAADBBDDBCDCDBAABDCDCAADACCBCCADBABBDACBBDAAADABCBCDBDDDCCDBCDDDAC,ABACDDACACADBBDDBCCDBDAABDCDACADACBCCCADABBBADBCBDAAADABBCCDBDDDCCBDCDDDAC,,,4,3497,,,,,L_T1_GTR___standard/L_T1_GTR___zabuton_,,,,,L_T1_GTR03_33000001,,,
127273,81,,,,,,,,,12,32,22,510000000000513000000000100000000007210000000000212000000000552200000000,,00009942,,,,,,,,38,2,0,11,11,9942,,53512215155233223121235532121552511311523533251332555253131232,ABACDDCACAADBBDDBCDCDBAABDCDCAADACCBCCADBABBDACBBDAAADABCBCDBD,ABACDDACACADBBDDBCCDBDAABDCDACADACBCCCADABBBADBCBDAAADABBCCDBD,,,5,9942,,,,,,,,,,,,,,,51,32,511231100000515233200000353230000007231120000000232512000000522551112210,,bb40abb8,,,,,,,,43,0,2,bb40abb8,320,3817,,53512215155233223121235532121552511311523533251332555253131232221123122251,ABACDDCACAADBBDDBCDCDBAABDCDCAADACCBCCADBABBDACBBDAAADABCBCDBDDDCCDBCDDDAC,ABACDDACACADBBDDBCCDBDAABDCDACADACBCCCADABBBADBCBDAAADABBCCDBDDDCCBDCDDDAC,,,4,3817,,,,,L_T1_GTR___standard/L_T1_GTR___zabuton_,,,,,L_T1_GTR03_33000001,,,
127322,82,,,,,,,,,32,22,11,511200000000513000000000100000000007210000000000212000000000552200000000,,00009953,,,,,,,,39,3,0,11,11,9953,,5351221515523322312123553212155251131152353325133255525313123222,ABACDDCACAADBBDDBCDCDBAABDCDCAADACCBCCADBABBDACBBDAAADABCBCDBDDD,ABACDDACACADBBDDBCCDBDAABDCDACADACBCCCADABBBADBCBDAAADABBCCDBDDD,,,5,9953,,,,,,,,,,,,,,,51,32,511231100000515233200000353230000007231120000000232512000000522551112210,,bb40abb8,,,,,,,,43,0,2,bb40abb8,320,3817,,53512215155233223121235532121552511311523533251332555253131232221123122251,ABACDDCACAADBBDDBCDCDBAABDCDCAADACCBCCADBABBDACBBDAAADABCBCDBDDDCCDBCDDDAC,ABACDDACACADBBDDBCCDBDAABDCDACADACBCCCADABBBADBCBDAAADABBCCDBDDDCCBDCDDDAC,,,4,3817,,,,,L_T1_GTR___standard/L_T1_GTR___zabuton_,,,,,L_T1_GTR03_33000001,,,
127357,83,,,,,,,,,32,22,11,511200000000513000000000100000000007210000000000212000000000552200000000,,00009953,,,,,,,,39,3,0,11,11,9953,,5351221515523322312123553212155251131152353325133255525313123222,ABACDDCACAADBBDDBCDCDBAABDCDCAADACCBCCADBABBDACBBDAAADABCBCDBDDD,ABACDDACACADBBDDBCCDBDAABDCDACADACBCCCADABBBADBCBDAAADABBCCDBDDD,,,5,9953,,,,,,,,,,,,,,,51,32,511211000000515220000000353200000007231120000000232512000000522551112210,,bb40ab16,,,,,,,,44,0,3,bb40ab16,640,4457,,53512215155233223121235532121552511311523533251332555253131232221123122251,ABACDDCACAADBBDDBCDCDBAABDCDCAADACCBCCADBABBDACBBDAAADABCBCDBDDDCCDBCDDDAC,ABACDDACACADBBDDBCCDBDAABDCDACADACBCCCADABBBADBCBDAAADABBCCDBDDDCCBDCDDDAC,,,4,4457,,,,,L_T1_GTR___standard,,,,,L_T1_GTR03_33000001,,,
127366,84,,,,,,,,,22,11,23,511223000000513000000000100000000007210000000000212000000000552200000000,,00009961,,,,,,,,40,4,0,8,8,9961,,535122151552332231212355321215525113115235332513325552531312322211,ABACDDCACAADBBDDBCDCDBAABDCDCAADACCBCCADBABBDACBBDAAADABCBCDBDDDCC,ABACDDACACADBBDDBCCDBDAABDCDACADACBCCCADABBBADBCBDAAADABBCCDBDDDCC,,,5,9961,,,,,,,,,,,,,,,51,32,511211000000515220000000353200000007231120000000232512000000522551112210,,bb40ab16,,,,,,,,44,0,3,bb40ab16,640,4457,,53512215155233223121235532121552511311523533251332555253131232221123122251,ABACDDCACAADBBDDBCDCDBAABDCDCAADACCBCCADBABBDACBBDAAADABCBCDBDDDCCDBCDDDAC,ABACDDACACADBBDDBCCDBDAABDCDACADACBCCCADABBBADBCBDAAADABBCCDBDDDCCBDCDDDAC,,,4,4457,,,,,L_T1_GTR___standard,,,,,L_T1_GTR03_33000001,,,
127407,85,,,,,,,,,11,23,12,511223220000513000000000100000000007210000000000212000000000552200000000,,00009967,,,,,,,,41,5,0,6,6,9967,,53512215155233223121235532121552511311523533251332555253131232221123,ABACDDCACAADBBDDBCDCDBAABDCDCAADACCBCCADBABBDACBBDAAADABCBCDBDDDCCDB,ABACDDACACADBBDDBCCDBDAABDCDACADACBCCCADABBBADBCBDAAADABBCCDBDDDCCBD,,,5,9967,,,,,,,,,,,,,,,51,32,511211000000515220000000353200000007231120000000232512000000522551112210,,bb40ab16,,,,,,,,44,0,3,bb40ab16,640,4457,,53512215155233223121235532121552511311523533251332555253131232221123122251,ABACDDCACAADBBDDBCDCDBAABDCDCAADACCBCCADBABBDACBBDAAADABCBCDBDDDCCDBCDDDAC,ABACDDACACADBBDDBCCDBDAABDCDACADACBCCCADABBBADBCBDAAADABBCCDBDDDCCBDCDDDAC,,,4,4457,,,,,L_T1_GTR___standard,,,,,L_T1_GTR03_33000001,,,
127435,86,,,,,,,,,11,23,12,511223220000513000000000100000000007210000000000212000000000552200000000,,00009967,,,,,,,,41,5,0,6,6,9967,,53512215155233223121235532121552511311523533251332555253131232221123,ABACDDCACAADBBDDBCDCDBAABDCDCAADACCBCCADBABBDACBBDAAADABCBCDBDDDCCDB,ABACDDACACADBBDDBCCDBDAABDCDACADACBCCCADABBBADBCBDAAADABBCCDBDDDCCBD,,,5,9967,,,,,,,,,,,,,,,51,32,511110000000515000000000353000000007231120000000232512000000522551112210,,bb50ab34,,,,,,,,45,0,4,bb50ab34,1700,6157,,53512215155233223121235532121552511311523533251332555253131232221123122251,ABACDDCACAADBBDDBCDCDBAABDCDCAADACCBCCADBABBDACBBDAAADABCBCDBDDDCCDBCDDDAC,ABACDDACACADBBDDBCCDBDAABDCDACADACBCCCADABBBADBCBDAAADABBCCDBDDDCCBDCDDDAC,,,4,6157,,,,,,,,,,,,,
127442,87,,,,,,,,,23,12,22,511223221100513000000000100000000007210000000000212000000000552200000000,,00009971,,,,,,,,42,6,0,4,4,9971,,5351221515523322312123553212155251131152353325133255525313123222112312,ABACDDCACAADBBDDBCDCDBAABDCDCAADACCBCCADBABBDACBBDAAADABCBCDBDDDCCDBCD,ABACDDACACADBBDDBCCDBDAABDCDACADACBCCCADABBBADBCBDAAADABBCCDBDDDCCBDCD,,,5,9971,,,,,,,,,,,,,,,51,32,511110000000515000000000353000000007231120000000232512000000522551112210,,bb50ab34,,,,,,,,45,0,4,bb50ab34,1700,6157,,53512215155233223121235532121552511311523533251332555253131232221123122251,ABACDDCACAADBBDDBCDCDBAABDCDCAADACCBCCADBABBDACBBDAAADABCBCDBDDDCCDBCDDDAC,ABACDDACACADBBDDBCCDBDAABDCDACADACBCCCADABBBADBCBDAAADABBCCDBDDDCCBDCDDDAC,,,4,6157,,,,,,,,,,,,,
127514,88,,,,,,,,,12,22,51,511223221100513200000000130000000007210000000000212000000000552200000000,,00009981,,,,,,,,43,7,0,10,10,9981,,535122151552332231212355321215525113115235332513325552531312322211231222,ABACDDCACAADBBDDBCDCDBAABDCDCAADACCBCCADBABBDACBBDAAADABCBCDBDDDCCDBCDDD,ABACDDACACADBBDDBCCDBDAABDCDACADACBCCCADABBBADBCBDAAADABBCCDBDDDCCBDCDDD,,,5,9981,,,,,,,,,,,,,,,51,32,511110000000515000000000353000000007231120000000232512000000522551112210,,bb50ab34,,,,,,,,45,0,4,bb50ab34,1700,6157,,53512215155233223121235532121552511311523533251332555253131232221123122251,ABACDDCACAADBBDDBCDCDBAABDCDCAADACCBCCADBABBDACBBDAAADABCBCDBDDDCCDBCDDDAC,ABACDDACACADBBDDBCCDBDAABDCDACADACBCCCADABBBADBCBDAAADABBCCDBDDDCCBDCDDDAC,,,4,6157,,,,,,,,,,,,,
127517,89,,,,,,,,,12,22,51,511223221100513200000000130000000007210000000000212000000000552200000000,,00009981,,,,,,,,43,7,0,10,10,9981,,535122151552332231212355321215525113115235332513325552531312322211231222,ABACDDCACAADBBDDBCDCDBAABDCDCAADACCBCCADBABBDACBBDAAADABCBCDBDDDCCDBCDDD,ABACDDACACADBBDDBCCDBDAABDCDACADACBCCCADABBBADBCBDAAADABBCCDBDDDCCBDCDDD,,,5,9981,,,,,,,,,,,,,,,51,32,500000000000550000000000353000000007231120000000232512000000522551112210,,bb40ab64,,,,,,,,46,0,5,bb40ab64,2560,8717,,53512215155233223121235532121552511311523533251332555253131232221123122251,ABACDDCACAADBBDDBCDCDBAABDCDCAADACCBCCADBABBDACBBDAAADABCBCDBDDDCCDBCDDDAC,ABACDDACACADBBDDBCCDBDAABDCDACADACBCCCADABBBADBCBDAAADABBCCDBDDDCCBDCDDDAC,,,5,8717,,,,,,,,,,,,,
127558,90,,,,,,,,,22,51,32,511223221100513200000000132100000007210000000000212000000000552200000000,,00009991,,,,,,,,44,8,0,10,10,9991,,53512215155233223121235532121552511311523533251332555253131232221123122251,ABACDDCACAADBBDDBCDCDBAABDCDCAADACCBCCADBABBDACBBDAAADABCBCDBDDDCCDBCDDDAC,ABACDDACACADBBDDBCCDBDAABDCDACADACBCCCADABBBADBCBDAAADABBCCDBDDDCCBDCDDDAC,,,5,9991,,,,,,,,,,,,,,,51,32,500000000000550000000000353000000007231120000000232512000000522551112210,,bb40ab64,,,,,,,,46,0,5,bb40ab64,2560,8717,,53512215155233223121235532121552511311523533251332555253131232221123122251,ABACDDCACAADBBDDBCDCDBAABDCDCAADACCBCCADBABBDACBBDAAADABCBCDBDDDCCDBCDDDAC,ABACDDACACADBBDDBCCDBDAABDCDACADACBCCCADABBBADBCBDAAADABBCCDBDDDCCBDCDDDAC,,,5,8717,,,,,,,,,,,,,
127595,91,,,,,,,,,22,51,32,511223221100513200000000132100000007210000000000212000000000552200000000,,00009991,,,,,,,,44,8,0,10,10,9991,,53512215155233223121235532121552511311523533251332555253131232221123122251,ABACDDCACAADBBDDBCDCDBAABDCDCAADACCBCCADBABBDACBBDAAADABCBCDBDDDCCDBCDDDAC,ABACDDACACADBBDDBCCDBDAABDCDACADACBCCCADABBBADBCBDAAADABBCCDBDDDCCBDCDDDAC,,,5,9991,,,,,,,,,,,,,,,51,32,000000000000000000000000330000000007231120000000232512000000522551112210,,bb40ab96,,,,,,,,47,0,6,bb40ab96,3840,12557,,53512215155233223121235532121552511311523533251332555253131232221123122251,ABACDDCACAADBBDDBCDCDBAABDCDCAADACCBCCADBABBDACBBDAAADABCBCDBDDDCCDBCDDDAC,ABACDDACACADBBDDBCCDBDAABDCDACADACBCCCADABBBADBCBDAAADABBCCDBDDDCCBDCDDDAC,,,6,12557,,,,,,,,,,,,,
127598,92,,,,,,,,,51,32,51,511223221100513200000000132122000007210000000000212000000000552200000000,,00009999,,,,,,,,45,9,0,8,8,9999,,5351221515523322312123553212155251131152353325133255525313123222112312225132,ABACDDCACAADBBDDBCDCDBAABDCDCAADACCBCCADBABBDACBBDAAADABCBCDBDDDCCDBCDDDACBD,ABACDDACACADBBDDBCCDBDAABDCDACADACBCCCADABBBADBCBDAAADABBCCDBDDDCCBDCDDDACBD,,,5,9999,,,,,,,,,,,,,,,51,32,000000000000000000000000330000000007231120000000232512000000522551112210,,bb40ab96,,,,,,,,47,0,6,bb40ab96,3840,12557,,53512215155233223121235532121552511311523533251332555253131232221123122251,ABACDDCACAADBBDDBCDCDBAABDCDCAADACCBCCADBABBDACBBDAAADABCBCDBDDDCCDBCDDDAC,ABACDDACACADBBDDBCCDBDAABDCDACADACBCCCADABBBADBCBDAAADABBCCDBDDDCCBDCDDDAC,,,6,12557,,,,,,,,,,,,,
127646,93,,,,,,,,,32,51,11,511223221100513200000000132122000007215100000000212000000000552200000000,,00010010,,,,,,,,46,10,0,11,11,10010,,535122151552332231212355321215525113115235332513325552531312322211231222513251,ABACDDCACAADBBDDBCDCDBAABDCDCAADACCBCCADBABBDACBBDAAADABCBCDBDDDCCDBCDDDACBDAC,ABACDDACACADBBDDBCCDBDAABDCDACADACBCCCADABBBADBCBDAAADABBCCDBDDDCCBDCDDDACBDAC,,,5,10010,,,,,,,,,,,,,,,51,32,000000000000000000000000330000000007231120000000232512000000522551112210,,bb40ab96,,,,,,,,47,0,6,bb40ab96,3840,12557,,53512215155233223121235532121552511311523533251332555253131232221123122251,ABACDDCACAADBBDDBCDCDBAABDCDCAADACCBCCADBABBDACBBDAAADABCBCDBDDDCCDBCDDDAC,ABACDDACACADBBDDBCCDBDAABDCDACADACBCCCADABBBADBCBDAAADABBCCDBDDDCCBDCDDDAC,,,6,12557,,,,,,,,,,,,,
127677,94,,,,,,,,,32,51,11,511223221100513200000000132122000007215100000000212000000000552200000000,,00010010,,,,,,,,46,10,0,11,11,10010,,535122151552332231212355321215525113115235332513325552531312322211231222513251,ABACDDCACAADBBDDBCDCDBAABDCDCAADACCBCCADBABBDACBBDAAADABCBCDBDDDCCDBCDDDACBDAC,ABACDDACACADBBDDBCCDBDAABDCDACADACBCCCADABBBADBCBDAAADABBCCDBDDDCCBDCDDDACBDAC,,,5,10010,,,,,,,,,,,,,,,51,32,000000000000000000000000000000000007211200000000225120000000522551112210,,bb50a130,,,,,,,,48,0,7,bb50a130,6500,19057,,53512215155233223121235532121552511311523533251332555253131232221123122251,ABACDDCACAADBBDDBCDCDBAABDCDCAADACCBCCADBABBDACBBDAAADABCBCDBDDDCCDBCDDDAC,ABACDDACACADBBDDBCCDBDAABDCDACADACBCCCADABBBADBCBDAAADABBCCDBDDDCCBDCDDDAC,,,7,19057,,,,,,,,,,,,,
127690,95,,,,,,,,,51,11,32,511223221100513232000000132122000007215100000000212000000000552200000000,,00010019,,,,,,,,47,11,0,9,9,10019,,53512215155233223121235532121552511311523533251332555253131232221123122251325111,ABACDDCACAADBBDDBCDCDBAABDCDCAADACCBCCADBABBDACBBDAAADABCBCDBDDDCCDBCDDDACBDACCC,ABACDDACACADBBDDBCCDBDAABDCDACADACBCCCADABBBADBCBDAAADABBCCDBDDDCCBDCDDDACBDACCC,,,5,10019,,,,,,,,,,,,,,,51,32,000000000000000000000000000000000007211200000000225120000000522551112210,,bb50a130,,,,,,,,48,0,7,bb50a130,6500,19057,,53512215155233223121235532121552511311523533251332555253131232221123122251,ABACDDCACAADBBDDBCDCDBAABDCDCAADACCBCCADBABBDACBBDAAADABCBCDBDDDCCDBCDDDAC,ABACDDACACADBBDDBCCDBDAABDCDACADACBCCCADABBBADBCBDAAADABBCCDBDDDCCBDCDDDAC,,,7,19057,,,,,,,,,,,,,
127738,96,,,,,,,,,11,32,51,511223221100513232000000132122000007215100000000212510000000552200000000,,00010029,,,,,,,,48,12,0,10,10,10029,,5351221515523322312123553212155251131152353325133255525313123222112312225132511132,ABACDDCACAADBBDDBCDCDBAABDCDCAADACCBCCADBABBDACBBDAAADABCBCDBDDDCCDBCDDDACBDACCCBD,ABACDDACACADBBDDBCCDBDAABDCDACADACBCCCADABBBADBCBDAAADABBCCDBDDDCCBDCDDDACBDACCCBD,,,5,10029,,,,,,,,,,,,,,,51,32,000000000000000000000000000000000007211200000000225120000000522551112210,,bb50a130,,,,,,,,48,0,7,bb50a130,6500,19057,,53512215155233223121235532121552511311523533251332555253131232221123122251,ABACDDCACAADBBDDBCDCDBAABDCDCAADACCBCCADBABBDACBBDAAADABCBCDBDDDCCDBCDDDAC,ABACDDACACADBBDDBCCDBDAABDCDACADACBCCCADABBBADBCBDAAADABBCCDBDDDCCBDCDDDAC,,,7,19057,,,,,,,,,,,,,
127759,97,,,,,,,,,11,32,51,511223221100513232000000132122000007215100000000212510000000552200000000,,00010029,,,,,,,,48,12,0,10,10,10029,,5351221515523322312123553212155251131152353325133255525313123222112312225132511132,ABACDDCACAADBBDDBCDCDBAABDCDCAADACCBCCADBABBDACBBDAAADABCBCDBDDDCCDBCDDDACBDACCCBD,ABACDDACACADBBDDBCCDBDAABDCDACADACBCCCADABBBADBCBDAAADABBCCDBDDDCCBDCDDDACBDACCCBD,,,5,10029,,,,,,,,,,,,,,,51,32,000000000000000000000000000000000007112000000000512000000000555111221000,,bb40a160,,,,,,,,49,0,8,bb40a160,6400,25457,,53512215155233223121235532121552511311523533251332555253131232221123122251,ABACDDCACAADBBDDBCDCDBAABDCDCAADACCBCCADBABBDACBBDAAADABCBCDBDDDCCDBCDDDAC,ABACDDACACADBBDDBCCDBDAABDCDACADACBCCCADABBBADBCBDAAADABBCCDBDDDCCBDCDDDAC,,,8,25457,,,,,,,,,,,,,
127784,98,,,,,,,,,32,51,55,511223221100513232000000132122000007215100000000212510000000552211000000,,00010037,,,,,,,,49,13,0,8,8,10037,,535122151552332231212355321215525113115235332513325552531312322211231222513251113251,ABACDDCACAADBBDDBCDCDBAABDCDCAADACCBCCADBABBDACBBDAAADABCBCDBDDDCCDBCDDDACBDACCCBDAC,ABACDDACACADBBDDBCCDBDAABDCDACADACBCCCADABBBADBCBDAAADABBCCDBDDDCCBDCDDDACBDACCCBDAC,,,5,10037,,,,,,,,,,,,,,,51,32,000000000000000000000000000000000007112000000000512000000000555111221000,,bb40a160,,,,,,,,49,0,8,bb40a160,6400,25457,,53512215155233223121235532121552511311523533251332555253131232221123122251,ABACDDCACAADBBDDBCDCDBAABDCDCAADACCBCCADBABBDACBBDAAADABCBCDBDDDCCDBCDDDAC,ABACDDACACADBBDDBCCDBDAABDCDACADACBCCCADABBBADBCBDAAADABBCCDBDDDCCBDCDDDAC,,,8,25457,,,,,,,,,,,,,
127822,99,,,,,,,,,51,55,15,511223221100513232320000132122000007215100000000212510000000552211000000,,00010044,,,,,,,,50,14,0,7,7,10044,,53512215155233223121235532121552511311523533251332555253131232221123122251325111325155,ABACDDCACAADBBDDBCDCDBAABDCDCAADACCBCCADBABBDACBBDAAADABCBCDBDDDCCDBCDDDACBDACCCBDACAA,ABACDDACACADBBDDBCCDBDAABDCDACADACBCCCADABBBADBCBDAAADABBCCDBDDDCCBDCDDDACBDACCCBDACAA,,,5,10044,,,,,,,,,,,,,,,51,32,000000000000000000000000000000000007112000000000512000000000555111221000,,bb40a160,,,,,,,,49,0,8,bb40a160,6400,25457,,53512215155233223121235532121552511311523533251332555253131232221123122251,ABACDDCACAADBBDDBCDCDBAABDCDCAADACCBCCADBABBDACBBDAAADABCBCDBDDDCCDBCDDDAC,ABACDDACACADBBDDBCCDBDAABDCDACADACBCCCADABBBADBCBDAAADABBCCDBDDDCCBDCDDDAC,,,8,25457,,,,,,,,,,,,,
127841,100,,,,,,,,,51,55,15,511223221100513232320000132122000007215100000000212510000000552211000000,,00010044,,,,,,,,50,14,0,7,7,10044,,53512215155233223121235532121552511311523533251332555253131232221123122251325111325155,ABACDDCACAADBBDDBCDCDBAABDCDCAADACCBCCADBABBDACBBDAAADABCBCDBDDDCCDBCDDDACBDACCCBDACAA,ABACDDACACADBBDDBCCDBDAABDCDACADACBCCCADABBBADBCBDAAADABBCCDBDDDCCBDCDDDACBDACCCBDACAA,,,5,10044,,,,,,,,,,,,,,,51,32,000000000000000000000000000000000007112000000000120000000000111221000000,,bb60a195,,,,,,,,50,0,9,bb60a195,11700,37157,,53512215155233223121235532121552511311523533251332555253131232221123122251,ABACDDCACAADBBDDBCDCDBAABDCDCAADACCBCCADBABBDACBBDAAADABCBCDBDDDCCDBCDDDAC,ABACDDACACADBBDDBCCDBDAABDCDACADACBCCCADABBBADBCBDAAADABBCCDBDDDCCBDCDDDAC,,,9,37157,,,,,,,,,,,,,
127868,101,,,,,,,,,55,15,12,511223221100513232320000132122000007215151000000212510000000552211000000,,00010053,,,,,,,,51,15,0,9,9,10053,,5351221515523322312123553212155251131152353325133255525313123222112312225132511132515515,ABACDDCACAADBBDDBCDCDBAABDCDCAADACCBCCADBABBDACBBDAAADABCBCDBDDDCCDBCDDDACBDACCCBDACAACA,ABACDDACACADBBDDBCCDBDAABDCDACADACBCCCADABBBADBCBDAAADABBCCDBDDDCCBDCDDDACBDACCCBDACAAAC,,,5,10053,,,,,,,,,,,,,,,51,32,000000000000000000000000000000000007112000000000120000000000111221000000,,bb60a195,,,,,,,,50,0,9,bb60a195,11700,37157,,53512215155233223121235532121552511311523533251332555253131232221123122251,ABACDDCACAADBBDDBCDCDBAABDCDCAADACCBCCADBABBDACBBDAAADABCBCDBDDDCCDBCDDDAC,ABACDDACACADBBDDBCCDBDAABDCDACADACBCCCADABBBADBCBDAAADABBCCDBDDDCCBDCDDDAC,,,9,37157,,,,,,,,,,,,,
127910,102,,,,,,,,,15,12,12,511223221100513232320000132122000007215151000000212515500000552211000000,,00010060,,,,,,,,52,16,0,7,7,10060,,535122151552332231212355321215525113115235332513325552531312322211231222513251113251551512,ABACDDCACAADBBDDBCDCDBAABDCDCAADACCBCCADBABBDACBBDAAADABCBCDBDDDCCDBCDDDACBDACCCBDACAACACD,ABACDDACACADBBDDBCCDBDAABDCDACADACBCCCADABBBADBCBDAAADABBCCDBDDDCCBDCDDDACBDACCCBDACAAACCD,,,5,10060,,,,,,,,,,,,,,,51,32,000000000000000000000000000000000007112000000000120000000000111221000000,,bb60a195,,,,,,,,50,0,9,bb60a195,11700,37157,,53512215155233223121235532121552511311523533251332555253131232221123122251,ABACDDCACAADBBDDBCDCDBAABDCDCAADACCBCCADBABBDACBBDAAADABCBCDBDDDCCDBCDDDAC,ABACDDACACADBBDDBCCDBDAABDCDACADACBCCCADABBBADBCBDAAADABBCCDBDDDCCBDCDDDAC,,,9,37157,,,,,,,,,,,,,
127927,103,,,,,,,,,15,12,12,511223221100513232320000132122000007215151000000212515500000552211000000,,00010060,,,,,,,,52,16,0,7,7,10060,,535122151552332231212355321215525113115235332513325552531312322211231222513251113251551512,ABACDDCACAADBBDDBCDCDBAABDCDCAADACCBCCADBABBDACBBDAAADABCBCDBDDDCCDBCDDDACBDACCCBDACAACACD,ABACDDACACADBBDDBCCDBDAABDCDACADACBCCCADABBBADBCBDAAADABBCCDBDDDCCBDCDDDACBDACCCBDACAAACCD,,,5,10060,,,,,,,,,,,,,,,51,32,000000000000000000000000000000000007200000000000200000000000221000000000,,bb40a224,,,,,,,,51,0,10,bb40a224,8960,46117,,53512215155233223121235532121552511311523533251332555253131232221123122251,ABACDDCACAADBBDDBCDCDBAABDCDCAADACCBCCADBABBDACBBDAAADABCBCDBDDDCCDBCDDDAC,ABACDDACACADBBDDBCCDBDAABDCDACADACBCCCADABBBADBCBDAAADABBCCDBDDDCCBDCDDDAC,,,9,46117,,,,,,,,,,,,,
127952,104,,,,,,,,,12,12,53,511223221100513232320000132122000007215151150000212515500000552211000000,,00010067,,,,,,,,53,17,0,7,7,10067,,53512215155233223121235532121552511311523533251332555253131232221123122251325111325155151212,ABACDDCACAADBBDDBCDCDBAABDCDCAADACCBCCADBABBDACBBDAAADABCBCDBDDDCCDBCDDDACBDACCCBDACAACACDCD,ABACDDACACADBBDDBCCDBDAABDCDACADACBCCCADABBBADBCBDAAADABBCCDBDDDCCBDCDDDACBDACCCBDACAAACCDCD,,,5,10067,,,,,,,,,,,,,,,51,32,000000000000000000000000000000000007200000000000200000000000221000000000,,bb40a224,,,,,,,,51,0,10,bb40a224,8960,46117,,53512215155233223121235532121552511311523533251332555253131232221123122251,ABACDDCACAADBBDDBCDCDBAABDCDCAADACCBCCADBABBDACBBDAAADABCBCDBDDDCCDBCDDDAC,ABACDDACACADBBDDBCCDBDAABDCDACADACBCCCADABBBADBCBDAAADABBCCDBDDDCCBDCDDDAC,,,9,46117,,,,,,,,,,,,,
127988,105,,,,,,,,,12,53,21,511223221100513232320000132122000007215151152100212515500000552211000000,,00010071,,,,,,,,54,18,0,4,4,10071,,5351221515523322312123553212155251131152353325133255525313123222112312225132511132515515121253,ABACDDCACAADBBDDBCDCDBAABDCDCAADACCBCCADBABBDACBBDAAADABCBCDBDDDCCDBCDDDACBDACCCBDACAACACDCDAB,ABACDDACACADBBDDBCCDBDAABDCDACADACBCCCADABBBADBCBDAAADABBCCDBDDDCCBDCDDDACBDACCCBDACAAACCDCDAB,,,5,10071,,,,,,,,,,,,,,,51,32,000000000000000000000000000000000007200000000000200000000000221000000000,,bb40a224,,,,,,,,51,0,10,bb40a224,8960,46117,,53512215155233223121235532121552511311523533251332555253131232221123122251,ABACDDCACAADBBDDBCDCDBAABDCDCAADACCBCCADBABBDACBBDAAADABCBCDBDDDCCDBCDDDAC,ABACDDACACADBBDDBCCDBDAABDCDACADACBCCCADABBBADBCBDAAADABBCCDBDDDCCBDCDDDAC,,,9,46117,,,,,,,,,,,,,
128018,106,,,,,,,,,12,53,21,511223221100513232320000132122000007215151152100212515500000552211000000,,00010071,,,,,,,,54,18,0,4,4,10071,,5351221515523322312123553212155251131152353325133255525313123222112312225132511132515515121253,ABACDDCACAADBBDDBCDCDBAABDCDCAADACCBCCADBABBDACBBDAAADABCBCDBDDDCCDBCDDDACBDACCCBDACAACACDCDAB,ABACDDACACADBBDDBCCDBDAABDCDACADACBCCCADABBBADBCBDAAADABBCCDBDDDCCBDCDDDACBDACCCBDACAAACCDCDAB,,,5,10071,,,,,,,,,,,,,,51,32,51,000000000000000000000000000000000007000000000000000000000000100000000000,,00046125,,,,,,,,52,1,0,8,8,46125,,5351221515523322312123553212155251131152353325133255525313123222112312225132,ABACDDCACAADBBDDBCDCDBAABDCDCAADACCBCCADBABBDACBBDAAADABCBCDBDDDCCDBCDDDACBD,ABACDDACACADBBDDBCCDBDAABDCDACADACBCCCADABBBADBCBDAAADABBCCDBDDDCCBDCDDDACBD,,,9,46125,,,,,,,,,,,,,
128070,107,,,,,,,,,12,53,21,511223221100513232320000132122000007215151152100212515500000552211000000,,00010071,,,,,,,,54,18,0,4,4,10071,,5351221515523322312123553212155251131152353325133255525313123222112312225132511132515515121253,ABACDDCACAADBBDDBCDCDBAABDCDCAADACCBCCADBABBDACBBDAAADABCBCDBDDDCCDBCDDDACBDACCCBDACAACACDCDAB,ABACDDACACADBBDDBCCDBDAABDCDACADACBCCCADABBBADBCBDAAADABBCCDBDDDCCBDCDDDACBDACCCBDACAAACCDCDAB,,,5,10071,,,,,,,,,,,,,,32,51,11,000000000000000000000000000000000007500000000000100000000000100000000000,,00046138,,,,,,,,53,2,0,13,13,46138,,535122151552332231212355321215525113115235332513325552531312322211231222513251,ABACDDCACAADBBDDBCDCDBAABDCDCAADACCBCCADBABBDACBBDAAADABCBCDBDDDCCDBCDDDACBDAC,ABACDDACACADBBDDBCCDBDAABDCDACADACBCCCADABBBADBCBDAAADABBCCDBDDDCCBDCDDDACBDAC,,,9,46138,,,,,,,,,,,,,
128108,108,,,,,,,,,53,21,55,511223221166513232326666132122666665215151152166212515512666502211666660,,00010077,,,,,,,,55,19,0,6,6,10077,,535122151552332231212355321215525113115235332513325552531312322211231222513251113251551512125321,ABACDDCACAADBBDDBCDCDBAABDCDCAADACCBCCADBABBDACBBDAAADABCBCDBDDDCCDBCDDDACBDACCCBDACAACACDCDABDC,ABACDDACACADBBDDBCCDBDAABDCDACADACBCCCADABBBADBCBDAAADABBCCDBDDDCCBDCDDDACBDACCCBDACAAACCDCDABCD,,,5,10077,,,,,,,,,,,,,,32,51,11,000000000000000000000000000000000007500000000000100000000000100000000000,,00046138,,,,,,,,53,2,0,13,13,46138,,535122151552332231212355321215525113115235332513325552531312322211231222513251,ABACDDCACAADBBDDBCDCDBAABDCDCAADACCBCCADBABBDACBBDAAADABCBCDBDDDCCDBCDDDACBDAC,ABACDDACACADBBDDBCCDBDAABDCDACADACBCCCADABBBADBCBDAAADABBCCDBDDDCCBDCDDDACBDAC,,,9,46138,,,,,,,,,,,,,
128120,109,,,,,,,,,53,21,55,511223221166513232326666132122666665215151152166212515512666502211666660,,00010077,,,,,,,,55,19,0,6,6,10077,,535122151552332231212355321215525113115235332513325552531312322211231222513251113251551512125321,ABACDDCACAADBBDDBCDCDBAABDCDCAADACCBCCADBABBDACBBDAAADABCBCDBDDDCCDBCDDDACBDACCCBDACAACACDCDABDC,ABACDDACACADBBDDBCCDBDAABDCDACADACBCCCADABBBADBCBDAAADABBCCDBDDDCCBDCDDDACBDACCCBDACAAACCDCDABCD,,,5,10077,,,,,,,,,,,,,,51,11,32,000000000000230000000000000000000007500000000000100000000000100000000000,,00046150,,,,,,,,54,3,0,12,12,46150,,53512215155233223121235532121552511311523533251332555253131232221123122251325111,ABACDDCACAADBBDDBCDCDBAABDCDCAADACCBCCADBABBDACBBDAAADABCBCDBDDDCCDBCDDDACBDACCC,ABACDDACACADBBDDBCCDBDAABDCDACADACBCCCADABBBADBCBDAAADABBCCDBDDDCCBDCDDDACBDACCC,,,9,46150,,,,,,,,,,,,,
128170,110,,,,,,,,,53,21,55,511223221166513232326666132122666665215151152166212515512666502211666660,,00010077,,,,,,,,55,19,0,6,6,10077,,535122151552332231212355321215525113115235332513325552531312322211231222513251113251551512125321,ABACDDCACAADBBDDBCDCDBAABDCDCAADACCBCCADBABBDACBBDAAADABCBCDBDDDCCDBCDDDACBDACCCBDACAACACDCDABDC,ABACDDACACADBBDDBCCDBDAABDCDACADACBCCCADABBBADBCBDAAADABBCCDBDDDCCBDCDDDACBDACCCBDACAAACCDCDABCD,,,5,10077,,,,,,,,,,,,,,11,32,51,000000000000230000000000000000000007551000000000100000000000100000000000,,00046162,,,,,,,,55,4,0,12,12,46162,,5351221515523322312123553212155251131152353325133255525313123222112312225132511132,ABACDDCACAADBBDDBCDCDBAABDCDCAADACCBCCADBABBDACBBDAAADABCBCDBDDDCCDBCDDDACBDACCCBD,ABACDDACACADBBDDBCCDBDAABDCDACADACBCCCADABBBADBCBDAAADABBCCDBDDDCCBDCDDDACBDACCCBD,,,9,46162,,,,,,,,,,,,,
128177,111,,,,,,,,,,21,55,500003221166500032326666132122666665200151152166200005512666500000666666,,00010079,,,,,lose,,,56,19,0,2,2,10079,,535122151552332231212355321215525113115235332513325552531312322211231222513251113251551512125321,ABACDDCACAADBBDDBCDCDBAABDCDCAADACCBCCADBABBDACBBDAAADABCBCDBDDDCCDBCDDDACBDACCCBDACAACACDCDABDC,ABACDDACACADBBDDBCCDBDAABDCDACADACBCCCADABBBADBCBDAAADABBCCDBDDDCCBDCDDDACBDACCCBDACAAACCDCDABCD,,,5,10079,,,,,,,,,,,,,,11,32,51,000000000000230000000000000000000007551000000000100000000000100000000000,,00046162,,,,,,,,55,4,0,12,12,46162,,5351221515523322312123553212155251131152353325133255525313123222112312225132511132,ABACDDCACAADBBDDBCDCDBAABDCDCAADACCBCCADBABBDACBBDAAADABCBCDBDDDCCDBCDDDACBDACCCBD,ABACDDACACADBBDDBCCDBDAABDCDACADACBCCCADABBBADBCBDAAADABBCCDBDDDCCBDCDDDACBDACCCBD,,,9,46162,,,,,,,,,,,,,
128193,111,,,,,,,,,,21,55,500003221166500032326666132122666665200151152166200005512666500000666666,,00010079,,,,,lose,,,56,19,0,2,2,10079,,535122151552332231212355321215525113115235332513325552531312322211231222513251113251551512125321,ABACDDCACAADBBDDBCDCDBAABDCDCAADACCBCCADBABBDACBBDAAADABCBCDBDDDCCDBCDDDACBDACCCBDACAACACDCDABDC,ABACDDACACADBBDDBCCDBDAABDCDACADACBCCCADABBBADBCBDAAADABBCCDBDDDCCBDCDDDACBDACCCBDACAAACCDCDABCD,,,5,10079,,,,,,,,,,,,,,,32,51,000000000000230000000000000000000007551011000000100000000000100000000000,,00046168,,,,,win,,,56,4,0,6,6,46168,,5351221515523322312123553212155251131152353325133255525313123222112312225132511132,ABACDDCACAADBBDDBCDCDBAABDCDCAADACCBCCADBABBDACBBDAAADABCBCDBDDDCCDBCDDDACBDACCCBD,ABACDDACACADBBDDBCCDBDAABDCDACADACBCCCADABBBADBCBDAAADABBCCDBDDDCCBDCDDDACBDACCCBD,,,9,46168,,,,,,,,,,,,,
