163858,0,,,,,,,,,,33,31,000000000000000000000000000000000007000000000000000000000000000000000000,000000,00000000,,,,,,,,0,0,0,0,0,0,,33,AA,AA,,,0,0,,,,,,,,,,,,,,,33,31,000000000000000000000000000000000007000000000000000000000000000000000000,000000,00000000,,,,,,,,0,0,0,0,0,0,,33,AA,AA,,,0,0,,,,,,,,,,,,,
164010,2,,,,,,,,,33,31,12,000000000000000000000000000000000007000000000000000000000000000000000000,,00000000,,,,,,,,1,1,0,0,0,0,,3331,AAAB,AAAB,,,0,0,,,,,,,,,,,,,,33,31,12,000000000000000000000000000000000007000000000000000000000000000000000000,,00000000,,,,,,,,1,1,0,0,0,0,,3331,AAAB,AAAB,,,0,0,,,,,,,,,,,,,
164059,3,,,,,,,,,31,12,31,300000000000300000000000000000000007000000000000000000000000000000000000,,00000013,,,,,,,,2,2,0,13,13,13,,333112,AAABBC,AAABBC,,,0,13,,,,,,,,,,,,,,33,31,12,000000000000000000000000000000000007000000000000000000000000000000000000,,00000000,,,,,,,,1,1,0,0,0,0,,3331,AAAB,AAAB,,,0,0,,,,,,,,,,,,,
164062,4,,,,,,,,,31,12,31,300000000000300000000000000000000007000000000000000000000000000000000000,,00000013,,,,,,,,2,2,0,13,13,13,,333112,AAABBC,AAABBC,,,0,13,,,,,,,,,,,,,,31,12,31,300000000000300000000000000000000007000000000000000000000000000000000000,,00000013,,,,,,,,2,2,0,13,13,13,,333112,AAABBC,AAABBC,,,0,13,,,,,,,,,,,,,
164108,5,,,,,,,,,12,31,35,300000000000300000000000130000000007000000000000000000000000000000000000,,00000025,,,,,,,,3,3,0,12,12,25,,33311231,AAABBCAB,AAABBCAB,,,0,25,,,,,,,,,,,,,,31,12,31,300000000000300000000000000000000007000000000000000000000000000000000000,,00000013,,,,,,,,2,2,0,13,13,13,,333112,AAABBC,AAABBC,,,0,13,,,,,,,,,,,,,
164110,6,,,,,,,,,12,31,35,300000000000300000000000130000000007000000000000000000000000000000000000,,00000025,,,,,,,,3,3,0,12,12,25,,33311231,AAABBCAB,AAABBCAB,,,0,25,,,,,,,,,,,,,,12,31,35,300000000000300000000000130000000007000000000000000000000000000000000000,,00000025,,,,,,,,3,3,0,12,12,25,,33311231,AAABBCAB,AAABBCAB,,,0,25,,,,,,,,,,,,,
164158,7,,,,,,,,,31,35,15,300000000000300000000000130000000007210000000000000000000000000000000000,,00000037,,,,,,,,4,4,0,12,12,37,,3331123135,AAABBCABAD,AAABBCABAD,,,0,37,,,,,,,,,,L_T1_GTR03_32100001,,,,12,31,35,300000000000300000000000130000000007000000000000000000000000000000000000,,00000025,,,,,,,,3,3,0,12,12,25,,33311231,AAABBCAB,AAABBCAB,,,0,25,,,,,,,,,,,,,
164159,8,,,,,,,,,31,35,15,300000000000300000000000130000000007210000000000000000000000000000000000,,00000037,,,,,,,,4,4,0,12,12,37,,3331123135,AAABBCABAD,AAABBCABAD,,,0,37,,,,,,,,,,L_T1_GTR03_32100001,,,,31,35,15,300000000000300000000000130000000007210000000000000000000000000000000000,,00000037,,,,,,,,4,4,0,12,12,37,,3331123135,AAABBCABAD,AAABBCABAD,,,0,37,,,,,,,,,,L_T1_GTR03_32100001,,,
164214,9,,,,,,,,,35,15,35,300000000000300000000000130000000007210000000000310000000000000000000000,,00000051,,,,,,,,5,5,0,14,14,51,,333112313515,AAABBCABADBD,AAABBCABADBD,,,0,51,,,,,,,,,,,,,,31,35,15,300000000000300000000000130000000007210000000000000000000000000000000000,,00000037,,,,,,,,4,4,0,12,12,37,,3331123135,AAABBCABAD,AAABBCABAD,,,0,37,,,,,,,,,,L_T1_GTR03_32100001,,,
164215,10,,,,,,,,,35,15,35,300000000000300000000000130000000007210000000000310000000000000000000000,,00000051,,,,,,,,5,5,0,14,14,51,,333112313515,AAABBCABADBD,AAABBCABADBD,,,0,51,,,,,,,,,,,,,,35,15,35,300000000000300000000000130000000007210000000000310000000000000000000000,,00000050,,,,,,,,5,5,0,13,13,50,,333112313515,AAABBCABADBD,AAABBCABADBD,,,0,50,,,,,,,,,,,,,
164262,11,,,,,,,,,15,35,32,300000000000353000000000130000000007210000000000310000000000000000000000,,00000061,,,,,,,,6,6,0,10,10,61,,33311231351535,AAABBCABADBDAD,AAABBCABADBDAD,,,0,61,,,,,,,,,,L_T1_GTR03_41100001,,,,35,15,35,300000000000300000000000130000000007210000000000310000000000000000000000,,00000050,,,,,,,,5,5,0,13,13,50,,333112313515,AAABBCABADBD,AAABBCABADBD,,,0,50,,,,,,,,,,,,,
164264,12,,,,,,,,,15,35,32,300000000000353000000000130000000007210000000000310000000000000000000000,,00000061,,,,,,,,6,6,0,10,10,61,,33311231351535,AAABBCABADBDAD,AAABBCABADBDAD,,,0,61,,,,,,,,,,L_T1_GTR03_41100001,,,,15,35,32,300000000000353000000000130000000007210000000000310000000000000000000000,,00000061,,,,,,,,6,6,0,11,11,61,,33311231351535,AAABBCABADBDAD,AAABBCABADBDAD,,,0,61,,,,,,,,,,L_T1_GTR03_41100001,,,
164331,13,,,,,,,,,35,32,15,350000000000353100000000130000000007210000000000310000000000000000000000,,00000071,,,,,,,,7,7,0,10,10,71,,3331123135153532,AAABBCABADBDADAC,AAABBCABADBDADAC,,,0,71,,,,,L_T1_GTR___hekomi__,,,,,L_T1_GTR03_22110001,,,,15,35,32,300000000000353000000000130000000007210000000000310000000000000000000000,,00000061,,,,,,,,6,6,0,11,11,61,,33311231351535,AAABBCABADBDAD,AAABBCABADBDAD,,,0,61,,,,,,,,,,L_T1_GTR03_41100001,,,
164334,14,,,,,,,,,35,32,15,350000000000353100000000130000000007210000000000310000000000000000000000,,00000071,,,,,,,,7,7,0,10,10,71,,3331123135153532,AAABBCABADBDADAC,AAABBCABADBDADAC,,,0,71,,,,,L_T1_GTR___hekomi__,,,,,L_T1_GTR03_22110001,,,,35,32,15,350000000000353100000000130000000007210000000000310000000000000000000000,,00000071,,,,,,,,7,7,0,10,10,71,,3331123135153532,AAABBCABADBDADAC,AAABBCABADBDADAC,,,0,71,,,,,L_T1_GTR___hekomi__,,,,,L_T1_GTR03_22110001,,,
164380,15,,,,,,,,,32,15,32,355300000000353100000000130000000007210000000000310000000000000000000000,,00000081,,,,,,,,8,8,0,10,10,81,,333112313515353215,AAABBCABADBDADACBD,AAABBCABADBDADACBD,,,0,81,,,,,L_T1_GTR___standard,,,,,L_T1_GTR03_33000001,,,,35,32,15,350000000000353100000000130000000007210000000000310000000000000000000000,,00000071,,,,,,,,7,7,0,10,10,71,,3331123135153532,AAABBCABADBDADAC,AAABBCABADBDADAC,,,0,71,,,,,L_T1_GTR___hekomi__,,,,,L_T1_GTR03_22110001,,,
164382,16,,,,,,,,,32,15,32,355300000000353100000000130000000007210000000000310000000000000000000000,,00000081,,,,,,,,8,8,0,10,10,81,,333112313515353215,AAABBCABADBDADACBD,AAABBCABADBDADACBD,,,0,81,,,,,L_T1_GTR___standard,,,,,L_T1_GTR03_33000001,,,,32,15,32,355300000000353100000000130000000007210000000000310000000000000000000000,,00000081,,,,,,,,8,8,0,10,10,81,,333112313515353215,AAABBCABADBDADACBD,AAABBCABADBDADACBD,,,0,81,,,,,L_T1_GTR___standard,,,,,L_T1_GTR03_33000001,,,
164435,17,,,,,,,,,15,32,11,355300000000353100000000130000000007210000000000310000000000320000000000,,00000094,,,,,,,,9,9,0,13,13,94,,33311231351535321532,AAABBCABADBDADACBDAC,AAABBCABADBDADACBDAC,,,0,94,,,,,L_T1_GTR___standard,,,,,L_T1_GTR03_33000001,,,,32,15,32,355300000000353100000000130000000007210000000000310000000000000000000000,,00000081,,,,,,,,8,8,0,10,10,81,,333112313515353215,AAABBCABADBDADACBD,AAABBCABADBDADACBD,,,0,81,,,,,L_T1_GTR___standard,,,,,L_T1_GTR03_33000001,,,
164437,18,,,,,,,,,15,32,11,355300000000353100000000130000000007210000000000310000000000320000000000,,00000094,,,,,,,,9,9,0,13,13,94,,33311231351535321532,AAABBCABADBDADACBDAC,AAABBCABADBDADACBDAC,,,0,94,,,,,L_T1_GTR___standard,,,,,L_T1_GTR03_33000001,,,,15,32,11,355300000000353100000000130000000007210000000000310000000000320000000000,,00000094,,,,,,,,9,9,0,13,13,94,,33311231351535321532,AAABBCABADBDADACBDAC,AAABBCABADBDADACBDAC,,,0,94,,,,,L_T1_GTR___standard,,,,,L_T1_GTR03_33000001,,,
164482,19,,,,,,,,,32,11,32,355300000000353100000000131500000007210000000000310000000000320000000000,,00000105,,,,,,,,10,10,0,11,11,105,,3331123135153532153211,AAABBCABADBDADACBDACBB,AAABBCABADBDADACBDACBB,,,0,105,,,,,L_T1_GTR___standard,,,,,L_T1_GTR03_33000001,,,,15,32,11,355300000000353100000000130000000007210000000000310000000000320000000000,,00000094,,,,,,,,9,9,0,13,13,94,,33311231351535321532,AAABBCABADBDADACBDAC,AAABBCABADBDADACBDAC,,,0,94,,,,,L_T1_GTR___standard,,,,,L_T1_GTR03_33000001,,,
164484,20,,,,,,,,,32,11,32,355300000000353100000000131500000007210000000000310000000000320000000000,,00000105,,,,,,,,10,10,0,11,11,105,,3331123135153532153211,AAABBCABADBDADACBDACBB,AAABBCABADBDADACBDACBB,,,0,105,,,,,L_T1_GTR___standard,,,,,L_T1_GTR03_33000001,,,,32,11,32,355300000000353100000000131500000007210000000000310000000000320000000000,,00000105,,,,,,,,10,10,0,11,11,105,,3331123135153532153211,AAABBCABADBDADACBDACBB,AAABBCABADBDADACBDACBB,,,0,105,,,,,L_T1_GTR___standard,,,,,L_T1_GTR03_33000001,,,
164533,21,,,,,,,,,11,32,11,355300000000353100000000131500000007210000000000312000000000323000000000,,00000116,,,,,,,,11,11,0,11,11,116,,333112313515353215321132,AAABBCABADBDADACBDACBBAC,AAABBCABADBDADACBDACBBAC,,,0,116,,,,,L_T1_GTR___standard,,,,,L_T1_GTR03_33000001,,,,32,11,32,355300000000353100000000131500000007210000000000310000000000320000000000,,00000105,,,,,,,,10,10,0,11,11,105,,3331123135153532153211,AAABBCABADBDADACBDACBB,AAABBCABADBDADACBDACBB,,,0,105,,,,,L_T1_GTR___standard,,,,,L_T1_GTR03_33000001,,,
164535,22,,,,,,,,,11,32,11,355300000000353100000000131500000007210000000000312000000000323000000000,,00000116,,,,,,,,11,11,0,11,11,116,,333112313515353215321132,AAABBCABADBDADACBDACBBAC,AAABBCABADBDADACBDACBBAC,,,0,116,,,,,L_T1_GTR___standard,,,,,L_T1_GTR03_33000001,,,,11,32,11,355300000000353100000000131500000007210000000000312000000000323000000000,,00000116,,,,,,,,11,11,0,11,11,116,,333112313515353215321132,AAABBCABADBDADACBDACBBAC,AAABBCABADBDADACBDACBBAC,,,0,116,,,,,L_T1_GTR___standard,,,,,L_T1_GTR03_33000001,,,
164576,23,,,,,,,,,32,11,35,355310000000353110000000131500000007210000000000312000000000323000000000,,00000125,,,,,,,,12,12,0,9,9,125,,33311231351535321532113211,AAABBCABADBDADACBDACBBACBB,AAABBCABADBDADACBDACBBACBB,,,0,125,,,,,L_T1_GTR___standard,,,,,L_T1_GTR03_33000001,,,,11,32,11,355300000000353100000000131500000007210000000000312000000000323000000000,,00000116,,,,,,,,11,11,0,11,11,116,,333112313515353215321132,AAABBCABADBDADACBDACBBAC,AAABBCABADBDADACBDACBBAC,,,0,116,,,,,L_T1_GTR___standard,,,,,L_T1_GTR03_33000001,,,
164580,24,,,,,,,,,32,11,35,355310000000353110000000131500000007210000000000312000000000323000000000,,00000125,,,,,,,,12,12,0,9,9,125,,33311231351535321532113211,AAABBCABADBDADACBDACBBACBB,AAABBCABADBDADACBDACBBACBB,,,0,125,,,,,L_T1_GTR___standard,,,,,L_T1_GTR03_33000001,,,,32,11,35,355310000000353110000000131500000007210000000000312000000000323000000000,,00000125,,,,,,,,12,12,0,9,9,125,,33311231351535321532113211,AAABBCABADBDADACBDACBBACBB,AAABBCABADBDADACBDACBBACBB,,,0,125,,,,,L_T1_GTR___standard,,,,,L_T1_GTR03_33000001,,,
164621,25,,,,,,,,,11,35,11,355310000000353110000000131500000007212300000000312000000000323000000000,,00000135,,,,,,,,13,13,0,10,10,135,,3331123135153532153211321135,AAABBCABADBDADACBDACBBACBBAD,AAABBCABADBDADACBDACBBACBBAD,,,0,135,,,,,L_T1_GTR___standard,,,,,L_T1_GTR03_33000001,,,,32,11,35,355310000000353110000000131500000007210000000000312000000000323000000000,,00000125,,,,,,,,12,12,0,9,9,125,,33311231351535321532113211,AAABBCABADBDADACBDACBBACBB,AAABBCABADBDADACBDACBBACBB,,,0,125,,,,,L_T1_GTR___standard,,,,,L_T1_GTR03_33000001,,,
164630,26,,,,,,,,,11,35,11,355310000000353110000000131500000007212300000000312000000000323000000000,,00000135,,,,,,,,13,13,0,10,10,135,,3331123135153532153211321135,AAABBCABADBDADACBDACBBACBBAD,AAABBCABADBDADACBDACBBACBBAD,,,0,135,,,,,L_T1_GTR___standard,,,,,L_T1_GTR03_33000001,,,,11,35,11,355310000000353110000000131500000007210000000000312200000000323300000000,,00000135,,,,,,,,13,13,0,10,10,135,,3331123135153532153211321135,AAABBCABADBDADACBDACBBACBBAD,AAABBCABADBDADACBDACBBACBBAD,,,0,135,,,,,L_T1_GTR___standard,,,,,L_T1_GTR03_33000001,,,
164670,27,,,,,,,,,35,11,35,355310000000353110000000131500000007212300000000312110000000323000000000,,00000144,,,,,,,,14,14,0,9,9,144,,333112313515353215321132113511,AAABBCABADBDADACBDACBBACBBADBB,AAABBCABADBDADACBDACBBACBBADBB,,,0,144,,,,,L_T1_GTR___standard,,,,,L_T1_GTR03_33000001,,,,11,35,11,355310000000353110000000131500000007210000000000312200000000323300000000,,00000135,,,,,,,,13,13,0,10,10,135,,3331123135153532153211321135,AAABBCABADBDADACBDACBBACBBAD,AAABBCABADBDADACBDACBBACBBAD,,,0,135,,,,,L_T1_GTR___standard,,,,,L_T1_GTR03_33000001,,,
164674,28,,,,,,,,,35,11,35,355310000000353110000000131500000007212300000000312110000000323000000000,,00000144,,,,,,,,14,14,0,9,9,144,,333112313515353215321132113511,AAABBCABADBDADACBDACBBACBBADBB,AAABBCABADBDADACBDACBBACBBADBB,,,0,144,,,,,L_T1_GTR___standard,,,,,L_T1_GTR03_33000001,,,,35,11,35,355310000000353110000000131500000007210000000000312211000000323300000000,,00000143,,,,,,,,14,14,0,8,8,143,,333112313515353215321132113511,AAABBCABADBDADACBDACBBACBBADBB,AAABBCABADBDADACBDACBBACBBADBB,,,0,143,,,,,L_T1_GTR___standard,,,,,L_T1_GTR03_33000001,,,
164718,29,,,,,,,,,35,11,35,355310000000353110000000131500000007212300000000312110000000323000000000,,00000144,,,,,,,,14,14,0,9,9,144,,333112313515353215321132113511,AAABBCABADBDADACBDACBBACBBADBB,AAABBCABADBDADACBDACBBACBBADBB,,,0,144,,,,,L_T1_GTR___standard,,,,,L_T1_GTR03_33000001,,,,11,35,53,355313000000353115000000131500000007210000000000312211000000323300000000,,00000151,,,,,,,,15,15,0,8,8,151,,33311231351535321532113211351135,AAABBCABADBDADACBDACBBACBBADBBAD,AAABBCABADBDADACBDACBBACBBADBBAD,,,0,151,,,,,L_T1_GTR___standard,,,,,L_T1_GTR03_33000001,,,
164720,30,,,,,,,,,11,35,53,355310000000353110000000131500000007212300000000312110000000323350000000,,00000154,,,,,,,,15,15,0,10,10,154,,33311231351535321532113211351135,AAABBCABADBDADACBDACBBACBBADBBAD,AAABBCABADBDADACBDACBBACBBADBBAD,,,0,154,,,,,L_T1_GTR___standard,,,,,L_T1_GTR03_33000001,,,,11,35,53,355313000000353115000000131500000007210000000000312211000000323300000000,,00000151,,,,,,,,15,15,0,8,8,151,,33311231351535321532113211351135,AAABBCABADBDADACBDACBBACBBADBBAD,AAABBCABADBDADACBDACBBACBBADBBAD,,,0,151,,,,,L_T1_GTR___standard,,,,,L_T1_GTR03_33000001,,,
164756,31,,,,,,,,,11,35,53,355310000000353110000000131500000007212300000000312110000000323350000000,,00000154,,,,,,,,15,15,0,10,10,154,,33311231351535321532113211351135,AAABBCABADBDADACBDACBBACBBADBBAD,AAABBCABADBDADACBDACBBACBBADBBAD,,,0,154,,,,,L_T1_GTR___standard,,,,,L_T1_GTR03_33000001,,,,35,53,15,355313000000353115110000131500000007210000000000312211000000323300000000,,00000157,,,,,,,,16,16,0,6,6,157,,3331123135153532153211321135113553,AAABBCABADBDADACBDACBBACBBADBBADDA,AAABBCABADBDADACBDACBBACBBADBBADAD,,,0,157,,,,,L_T1_GTR___standard,,,,,L_T1_GTR03_33000001,,,
164764,32,,,,,,,,,35,53,15,355310000000353110000000131500000007212300000000312110000000323351100000,,00000161,,,,,,,,16,16,0,7,7,161,,3331123135153532153211321135113553,AAABBCABADBDADACBDACBBACBBADBBADDA,AAABBCABADBDADACBDACBBACBBADBBADAD,,,0,161,,,,,L_T1_GTR___standard,,,,,L_T1_GTR03_33000001,,,,35,53,15,355313000000353115110000131500000007210000000000312211000000323300000000,,00000157,,,,,,,,16,16,0,6,6,157,,3331123135153532153211321135113553,AAABBCABADBDADACBDACBBACBBADBBADDA,AAABBCABADBDADACBDACBBACBBADBBADAD,,,0,157,,,,,L_T1_GTR___standard,,,,,L_T1_GTR03_33000001,,,
164808,33,,,,,,,,,53,15,51,355313000000353115000000131500000007212300000000312110000000323351100000,,00000169,,,,,,,,17,17,0,8,8,169,,333112313515353215321132113511355315,AAABBCABADBDADACBDACBBACBBADBBADDABD,AAABBCABADBDADACBDACBBACBBADBBADADBD,,,0,169,,,,,L_T1_GTR___standard,,,,,L_T1_GTR03_33000001,,,,35,53,15,355313000000353115110000131500000007210000000000312211000000323300000000,,00000157,,,,,,,,16,16,0,6,6,157,,3331123135153532153211321135113553,AAABBCABADBDADACBDACBBACBBADBBADDA,AAABBCABADBDADACBDACBBACBBADBBADAD,,,0,157,,,,,L_T1_GTR___standard,,,,,L_T1_GTR03_33000001,,,
164818,34,,,,,,,,,53,15,51,355313000000353115000000131500000007212300000000312110000000323351100000,,00000169,,,,,,,,17,17,0,8,8,169,,333112313515353215321132113511355315,AAABBCABADBDADACBDACBBACBBADBBADDABD,AAABBCABADBDADACBDACBBACBBADBBADADBD,,,0,169,,,,,L_T1_GTR___standard,,,,,L_T1_GTR03_33000001,,,,53,15,51,355313300000353115115000131500000007210000000000312211000000323300000000,,00000162,,,,,,,,17,17,0,5,5,162,,333112313515353215321132113511355315,AAABBCABADBDADACBDACBBACBBADBBADDABD,AAABBCABADBDADACBDACBBACBBADBBADADBD,,,0,162,,,,,L_T1_GTR___standard,,,,,L_T1_GTR03_33000001,,,
164850,35,,,,,,,,,15,51,25,355313000000353115000000131550000007212330000000312110000000323351100000,,00000178,,,,,,,,18,18,0,9,9,178,,33311231351535321532113211351135531551,AAABBCABADBDADACBDACBBACBBADBBADDABDDB,AAABBCABADBDADACBDACBBACBBADBBADADBDBD,,,0,178,,,,,L_T1_GTR___standard,,,,,L_T1_GTR03_33000001,,,,53,15,51,355313300000353115115000131500000007210000000000312211000000323300000000,,00000162,,,,,,,,17,17,0,5,5,162,,333112313515353215321132113511355315,AAABBCABADBDADACBDACBBACBBADBBADDABD,AAABBCABADBDADACBDACBBACBBADBBADADBD,,,0,162,,,,,L_T1_GTR___standard,,,,,L_T1_GTR03_33000001,,,
164857,36,,,,,,,,,15,51,25,355313000000353115000000131550000007212330000000312110000000323351100000,,00000178,,,,,,,,18,18,0,9,9,178,,33311231351535321532113211351135531551,AAABBCABADBDADACBDACBBACBBADBBADDABDDB,AAABBCABADBDADACBDACBBACBBADBBADADBDBD,,,0,178,,,,,L_T1_GTR___standard,,,,,L_T1_GTR03_33000001,,,,15,51,25,355313335000353115115000131500000007210000000000312211000000323300000000,,00000167,,,,,,,,18,18,0,5,5,167,,33311231351535321532113211351135531551,AAABBCABADBDADACBDACBBACBBADBBADDABDDB,AAABBCABADBDADACBDACBBACBBADBBADADBDBD,,,0,167,,,,,L_T1_GTR___standard,,,,,L_T1_GTR03_33000001,,,
164890,37,,,,,,,,,51,25,11,355313000000353115150000131550000007212330000000312110000000323351100000,,00000185,,,,,,,,19,19,0,7,7,185,,3331123135153532153211321135113553155125,AAABBCABADBDADACBDACBBACBBADBBADDABDDBCD,AAABBCABADBDADACBDACBBACBBADBBADADBDBDCD,,,0,185,,,,,L_T1_GTR___standard,,,,,L_T1_GTR03_33000001,,,,15,51,25,355313335000353115115000131500000007210000000000312211000000323300000000,,00000167,,,,,,,,18,18,0,5,5,167,,33311231351535321532113211351135531551,AAABBCABADBDADACBDACBBACBBADBBADDABDDB,AAABBCABADBDADACBDACBBACBBADBBADADBDBD,,,0,167,,,,,L_T1_GTR___standard,,,,,L_T1_GTR03_33000001,,,
164906,38,,,,,,,,,51,25,11,355313000000353115150000131550000007212330000000312110000000323351100000,,00000185,,,,,,,,19,19,0,7,7,185,,3331123135153532153211321135113553155125,AAABBCABADBDADACBDACBBACBBADBBADDABDDBCD,AAABBCABADBDADACBDACBBACBBADBBADADBDBDCD,,,0,185,,,,,L_T1_GTR___standard,,,,,L_T1_GTR03_33000001,,,,51,25,11,355313335000353115115000131500000007210000000000312211000000323315000000,,00000176,,,,,,,,19,19,0,9,9,176,,3331123135153532153211321135113553155125,AAABBCABADBDADACBDACBBACBBADBBADDABDDBCD,AAABBCABADBDADACBDACBBACBBADBBADADBDBDCD,,,0,176,,,,,L_T1_GTR___standard,,,,,L_T1_GTR03_33000001,,,
164929,39,,,,,,,,,25,11,15,355313000000353115150000131551500007212330000000312110000000323351100000,,00000192,,,,,,,,20,20,0,7,7,192,,333112313515353215321132113511355315512511,AAABBCABADBDADACBDACBBACBBADBBADDABDDBCDBB,AAABBCABADBDADACBDACBBACBBADBBADADBDBDCDBB,,,0,192,,,,,L_T1_GTR___standard,,,,,L_T1_GTR03_33000001,,,,51,25,11,355313335000353115115000131500000007210000000000312211000000323315000000,,00000176,,,,,,,,19,19,0,9,9,176,,3331123135153532153211321135113553155125,AAABBCABADBDADACBDACBBACBBADBBADDABDDBCD,AAABBCABADBDADACBDACBBACBBADBBADADBDBDCD,,,0,176,,,,,L_T1_GTR___standard,,,,,L_T1_GTR03_33000001,,,
164950,40,,,,,,,,,25,11,15,355313000000353115150000131551500007212330000000312110000000323351100000,,00000192,,,,,,,,20,20,0,7,7,192,,333112313515353215321132113511355315512511,AAABBCABADBDADACBDACBBACBBADBBADDABDDBCDBB,AAABBCABADBDADACBDACBBACBBADBBADADBDBDCDBB,,,0,192,,,,,L_T1_GTR___standard,,,,,L_T1_GTR03_33000001,,,,25,11,15,355313335000353115115000131500000007210000000000312211000000323315510000,,00000183,,,,,,,,20,20,0,7,7,183,,333112313515353215321132113511355315512511,AAABBCABADBDADACBDACBBACBBADBBADDABDDBCDBB,AAABBCABADBDADACBDACBBACBBADBBADADBDBDCDBB,,,0,183,,,,,L_T1_GTR___standard,,,,,L_T1_GTR03_33000001,,,
164974,41,,,,,,,,,11,15,22,355313000000353115150000131551500007212330000000312115200000323351100000,,00000199,,,,,,,,21,21,0,7,7,199,,33311231351535321532113211351135531551251115,AAABBCABADBDADACBDACBBACBBADBBADDABDDBCDBBBD,AAABBCABADBDADACBDACBBACBBADBBADADBDBDCDBBBD,,,0,199,,,,,L_T1_GTR___standard,,,,,L_T1_GTR03_33000001,,,,25,11,15,355313335000353115115000131500000007210000000000312211000000323315510000,,00000183,,,,,,,,20,20,0,7,7,183,,333112313515353215321132113511355315512511,AAABBCABADBDADACBDACBBACBBADBBADDABDDBCDBB,AAABBCABADBDADACBDACBBACBBADBBADADBDBDCDBB,,,0,183,,,,,L_T1_GTR___standard,,,,,L_T1_GTR03_33000001,,,
165014,42,,,,,,,,,15,22,12,355313000000353115150000131551500007212331100000312115200000323351100000,,00000206,,,,,,,,22,22,0,7,7,206,,3331123135153532153211321135113553155125111522,AAABBCABADBDADACBDACBBACBBADBBADDABDDBCDBBBDCC,AAABBCABADBDADACBDACBBACBBADBBADADBDBDCDBBBDCC,,,0,206,,,,,L_T1_GTR___standard,,,,,L_T1_GTR03_33000001,,,,25,11,15,355313335000353115115000131500000007210000000000312211000000323315510000,,00000183,,,,,,,,20,20,0,7,7,183,,333112313515353215321132113511355315512511,AAABBCABADBDADACBDACBBACBBADBBADDABDDBCDBB,AAABBCABADBDADACBDACBBACBBADBBADADBDBDCDBB,,,0,183,,,,,L_T1_GTR___standard,,,,,L_T1_GTR03_33000001,,,
165017,43,,,,,,,,,15,22,12,355313000000353115150000131551500007212331100000312115200000323351100000,,00000206,,,,,,,,22,22,0,7,7,206,,3331123135153532153211321135113553155125111522,AAABBCABADBDADACBDACBBACBBADBBADDABDDBCDBBBDCC,AAABBCABADBDADACBDACBBACBBADBBADADBDBDCDBBBDCC,,,0,206,,,,,L_T1_GTR___standard,,,,,L_T1_GTR03_33000001,,,,11,15,22,355313335000353115115000131550000007212000000000312211000000323315510000,,00000192,,,,,,,,21,21,0,9,9,192,,33311231351535321532113211351135531551251115,AAABBCABADBDADACBDACBBACBBADBBADDABDDBCDBBBD,AAABBCABADBDADACBDACBBACBBADBBADADBDBDCDBBBD,,,0,192,,,,,L_T1_GTR___standard,,,,,L_T1_GTR03_33000001,,,
165056,45,,,,,,,,,22,12,11,355313000000353115150000131551500007212331100000312115200000323351115000,,00000212,,,,,,,,23,23,0,6,6,212,,333112313515353215321132113511355315512511152212,AAABBCABADBDADACBDACBBACBBADBBADDABDDBCDBBBDCCBC,AAABBCABADBDADACBDACBBACBBADBBADADBDBDCDBBBDCCBC,,,0,212,,,,,L_T1_GTR___standard,,,,,L_T1_GTR03_33000001,,,,15,22,12,355313335000353115115000131550000007212000000000312211000000323315511100,,00000196,,,,,,,,22,22,0,4,4,196,,3331123135153532153211321135113553155125111522,AAABBCABADBDADACBDACBBACBBADBBADDABDDBCDBBBDCC,AAABBCABADBDADACBDACBBACBBADBBADADBDBDCDBBBDCC,,,0,196,,,,,L_T1_GTR___standard,,,,,L_T1_GTR03_33000001,,,
165092,46,,,,,,,,,12,11,31,355313000000353115150000131551520007212331120000312115200000323351115000,,00000218,,,,,,,,24,24,0,6,6,218,,33311231351535321532113211351135531551251115221211,AAABBCABADBDADACBDACBBACBBADBBADDABDDBCDBBBDCCBCBB,AAABBCABADBDADACBDACBBACBBADBBADADBDBDCDBBBDCCBCBB,,,0,218,,,,,L_T1_GTR___standard,,,,,L_T1_GTR03_33000001,,,,15,22,12,355313335000353115115000131550000007212000000000312211000000323315511100,,00000196,,,,,,,,22,22,0,4,4,196,,3331123135153532153211321135113553155125111522,AAABBCABADBDADACBDACBBACBBADBBADDABDDBCDBBBDCC,AAABBCABADBDADACBDACBBACBBADBBADADBDBDCDBBBDCC,,,0,196,,,,,L_T1_GTR___standard,,,,,L_T1_GTR03_33000001,,,
165124,47,,,,,,,,,12,11,31,355313000000353115150000131551520007212331120000312115200000323351115000,,00000218,,,,,,,,24,24,0,6,6,218,,33311231351535321532113211351135531551251115221211,AAABBCABADBDADACBDACBBACBBADBBADDABDDBCDBBBDCCBCBB,AAABBCABADBDADACBDACBBACBBADBBADADBDBDCDBBBDCCBCBB,,,0,218,,,,,L_T1_GTR___standard,,,,,L_T1_GTR03_33000001,,,,22,12,11,355313335000353115115000131550000007212100000000312211500000323315511100,,00000203,,,,,,,,23,23,0,7,7,203,,333112313515353215321132113511355315512511152212,AAABBCABADBDADACBDACBBACBBADBBADDABDDBCDBBBDCCBC,AAABBCABADBDADACBDACBBACBBADBBADADBDBDCDBBBDCCBC,,,0,203,,,,,L_T1_GTR___standard,,,,,L_T1_GTR03_33000001,,,
165127,48,,,,,,,,,11,31,52,355313000000353115150000131551522007212331121000312115200000323351115000,,00000223,,,,,,,,25,25,0,5,5,223,,3331123135153532153211321135113553155125111522121131,AAABBCABADBDADACBDACBBACBBADBBADDABDDBCDBBBDCCBCBBAB,AAABBCABADBDADACBDACBBACBBADBBADADBDBDCDBBBDCCBCBBAB,,,0,223,,,,,L_T1_GTR___standard,,,,,L_T1_GTR03_33000001,,,,22,12,11,355313335000353115115000131550000007212100000000312211500000323315511100,,00000203,,,,,,,,23,23,0,7,7,203,,333112313515353215321132113511355315512511152212,AAABBCABADBDADACBDACBBACBBADBBADDABDDBCDBBBDCCBC,AAABBCABADBDADACBDACBBACBBADBBADADBDBDCDBBBDCCBC,,,0,203,,,,,L_T1_GTR___standard,,,,,L_T1_GTR03_33000001,,,
165161,49,,,,,,,,,31,52,33,355313000000353115151100131551522007212331121000312115200000323351115000,,00000227,,,,,,,,26,26,0,4,4,227,,333112313515353215321132113511355315512511152212113152,AAABBCABADBDADACBDACBBACBBADBBADDABDDBCDBBBDCCBCBBABDC,AAABBCABADBDADACBDACBBACBBADBBADADBDBDCDBBBDCCBCBBABCD,,,0,227,,,,,L_T1_GTR___standard,,,,,L_T1_GTR03_33000001,,,,22,12,11,355313335000353115115000131550000007212100000000312211500000323315511100,,00000203,,,,,,,,23,23,0,7,7,203,,333112313515353215321132113511355315512511152212,AAABBCABADBDADACBDACBBACBBADBBADDABDDBCDBBBDCCBC,AAABBCABADBDADACBDACBBACBBADBBADADBDBDCDBBBDCCBC,,,0,203,,,,,L_T1_GTR___standard,,,,,L_T1_GTR03_33000001,,,
165165,50,,,,,,,,,31,52,33,355313000000353115151100131551522007212331121000312115200000323351115000,,00000227,,,,,,,,26,26,0,4,4,227,,333112313515353215321132113511355315512511152212113152,AAABBCABADBDADACBDACBBACBBADBBADDABDDBCDBBBDCCBCBBABDC,AAABBCABADBDADACBDACBBACBBADBBADADBDBDCDBBBDCCBCBBABCD,,,0,227,,,,,L_T1_GTR___standard,,,,,L_T1_GTR03_33000001,,,,12,11,31,355313335000353115115000131550000007212122000000312211500000323315511100,,00000211,,,,,,,,24,24,0,8,8,211,,33311231351535321532113211351135531551251115221211,AAABBCABADBDADACBDACBBACBBADBBADDABDDBCDBBBDCCBCBB,AAABBCABADBDADACBDACBBACBBADBBADADBDBDCDBBBDCCBCBB,,,0,211,,,,,L_T1_GTR___standard,,,,,L_T1_GTR03_33000001,,,
165224,51,,,,,,,,,31,52,33,355313000000353115151100131551522007212331121000312115200000323351115000,,00000227,,,,,,,,26,26,0,4,4,227,,333112313515353215321132113511355315512511152212113152,AAABBCABADBDADACBDACBBACBBADBBADDABDDBCDBBBDCCBCBBABDC,AAABBCABADBDADACBDACBBACBBADBBADADBDBDCDBBBDCCBCBBABCD,,,0,227,,,,,L_T1_GTR___standard,,,,,L_T1_GTR03_33000001,,,,11,31,52,355313335000353115115000131552000007212122100000312211500000323315511100,,00000218,,,,,,,,25,25,0,7,7,218,,3331123135153532153211321135113553155125111522121131,AAABBCABADBDADACBDACBBACBBADBBADDABDDBCDBBBDCCBCBBAB,AAABBCABADBDADACBDACBBACBBADBBADADBDBDCDBBBDCCBCBBAB,,,0,218,,,,,L_T1_GTR___standard,,,,,L_T1_GTR03_33000001,,,
165228,52,,,,,,,,,52,33,21,355313300000353115151110131551522007212331121000312115200000323351115000,,00000230,,,,,,,,27,27,0,3,3,230,,33311231351535321532113211351135531551251115221211315233,AAABBCABADBDADACBDACBBACBBADBBADDABDDBCDBBBDCCBCBBABDCAA,AAABBCABADBDADACBDACBBACBBADBBADADBDBDCDBBBDCCBCBBABCDAA,,,0,230,,,,,L_T1_GTR___standard,,,,,L_T1_GTR03_33000001,,,,11,31,52,355313335000353115115000131552000007212122100000312211500000323315511100,,00000218,,,,,,,,25,25,0,7,7,218,,3331123135153532153211321135113553155125111522121131,AAABBCABADBDADACBDACBBACBBADBBADDABDDBCDBBBDCCBCBBAB,AAABBCABADBDADACBDACBBACBBADBBADADBDBDCDBBBDCCBCBBAB,,,0,218,,,,,L_T1_GTR___standard,,,,,L_T1_GTR03_33000001,,,
165253,53,,,,,,,,,52,33,21,355313300000353115151110131551522007212331121000312115200000323351115000,,00000230,,,,,,,,27,27,0,3,3,230,,33311231351535321532113211351135531551251115221211315233,AAABBCABADBDADACBDACBBACBBADBBADDABDDBCDBBBDCCBCBBABDCAA,AAABBCABADBDADACBDACBBACBBADBBADADBDBDCDBBBDCCBCBBABCDAA,,,0,230,,,,,L_T1_GTR___standard,,,,,L_T1_GTR03_33000001,,,,,31,52,355313335000353115115000131552000007212122110000312211510000323315511100,,bb60abb3,,,,,,,,26,0,1,bb60abb3,180,398,,3331123135153532153211321135113553155125111522121131,AAABBCABADBDADACBDACBBACBBADBBADDABDDBCDBBBDCCBCBBAB,AAABBCABADBDADACBDACBBACBBADBBADADBDBDCDBBBDCCBCBBAB,,,1,398,,,,,L_T1_GTR___standard,,,,,L_T1_GTR03_33000001,,,
165266,54,,,,,,,,,33,21,31,355313300000353115151110131551522007212331121000312115200000323351115520,,00000234,,,,,,,,28,28,0,4,4,234,,3331123135153532153211321135113553155125111522121131523321,AAABBCABADBDADACBDACBBACBBADBBADDABDDBCDBBBDCCBCBBABDCAACB,AAABBCABADBDADACBDACBBACBBADBBADADBDBDCDBBBDCCBCBBABCDAABC,,,0,234,,,,,L_T1_GTR___standard,,,,,L_T1_GTR03_33000001,,,,,31,52,355313335000353115115000131552000007212122110000312211510000323315511100,,bb60abb3,,,,,,,,26,0,1,bb60abb3,180,398,,3331123135153532153211321135113553155125111522121131,AAABBCABADBDADACBDACBBACBBADBBADDABDDBCDBBBDCCBCBBAB,AAABBCABADBDADACBDACBBACBBADBBADADBDBDCDBBBDCCBCBBAB,,,1,398,,,,,L_T1_GTR___standard,,,,,L_T1_GTR03_33000001,,,
165309,55,,,,,,,,,21,31,13,355313300000353115151110131551522007212331121000312115233000323351115520,,00000236,,,,,,,,29,29,0,2,2,236,,333112313515353215321132113511355315512511152212113152332131,AAABBCABADBDADACBDACBBACBBADBBADDABDDBCDBBBDCCBCBBABDCAACBAB,AAABBCABADBDADACBDACBBACBBADBBADADBDBDCDBBBDCCBCBBABCDAABCAB,,,0,236,,,,,L_T1_GTR___standard,,,,,L_T1_GTR03_33000001,,,,,31,52,355313335000353115115000131552000007212122110000312211510000323315511100,,bb60abb3,,,,,,,,26,0,1,bb60abb3,180,398,,3331123135153532153211321135113553155125111522121131,AAABBCABADBDADACBDACBBACBBADBBADDABDDBCDBBBDCCBCBBAB,AAABBCABADBDADACBDACBBACBBADBBADADBDBDCDBBBDCCBCBBAB,,,1,398,,,,,L_T1_GTR___standard,,,,,L_T1_GTR03_33000001,,,
165318,56,,,,,,,,,21,31,13,355313300000353115151110131551522007212331121000312115233000323351115520,,00000236,,,,,,,,29,29,0,2,2,236,,333112313515353215321132113511355315512511152212113152332131,AAABBCABADBDADACBDACBBACBBADBBADDABDDBCDBBBDCCBCBBABDCAACBAB,AAABBCABADBDADACBDACBBACBBADBBADADBDBDCDBBBDCCBCBBABCDAABCAB,,,0,236,,,,,L_T1_GTR___standard,,,,,L_T1_GTR03_33000001,,,,31,52,33,355313335000353115115000131552000007212122000000312211500000323315500000,,00000404,,,,,,,,27,1,0,6,6,404,,333112313515353215321132113511355315512511152212113152,AAABBCABADBDADACBDACBBACBBADBBADDABDDBCDBBBDCCBCBBABDC,AAABBCABADBDADACBDACBBACBBADBBADADBDBDCDBBBDCCBCBBABCD,,,1,404,,,,,L_T1_GTR___standard,,,,,L_T1_GTR03_33000001,,,
165360,57,,,,,,,,,21,31,13,355313300000353115151110131551522007212331121000312115233000323351115520,,00000236,,,,,,,,29,29,0,2,2,236,,333112313515353215321132113511355315512511152212113152332131,AAABBCABADBDADACBDACBBACBBADBBADDABDDBCDBBBDCCBCBBABDCAACBAB,AAABBCABADBDADACBDACBBACBBADBBADADBDBDCDBBBDCCBCBBABCDAABCAB,,,0,236,,,,,L_T1_GTR___standard,,,,,L_T1_GTR03_33000001,,,,52,33,21,355313335000353115115000131552000007212122000000312211510000323315530000,,00000410,,,,,,,,28,2,0,6,6,410,,33311231351535321532113211351135531551251115221211315233,AAABBCABADBDADACBDACBBACBBADBBADDABDDBCDBBBDCCBCBBABDCAA,AAABBCABADBDADACBDACBBACBBADBBADADBDBDCDBBBDCCBCBBABCDAA,,,1,410,,,,,L_T1_GTR___standard,,,,,L_T1_GTR03_33000001,,,
165378,58,,,,,,,,,,31,13,355313300000353115151110131551522107212331121200312115233000323351115520,,bb40abb1,,,,,,,,30,0,1,bb40abb1,40,276,,333112313515353215321132113511355315512511152212113152332131,AAABBCABADBDADACBDACBBACBBADBBADDABDDBCDBBBDCCBCBBABDCAACBAB,AAABBCABADBDADACBDACBBACBBADBBADADBDBDCDBBBDCCBCBBABCDAABCAB,,,1,276,,,,,L_T1_GTR___standard,,,,,L_T1_GTR03_33000001,,,,52,33,21,355313335000353115115000131552000007212122000000312211510000323315530000,,00000410,,,,,,,,28,2,0,6,6,410,,33311231351535321532113211351135531551251115221211315233,AAABBCABADBDADACBDACBBACBBADBBADDABDDBCDBBBDCCBCBBABDCAA,AAABBCABADBDADACBDACBBACBBADBBADADBDBDCDBBBDCCBCBBABCDAA,,,1,410,,,,,L_T1_GTR___standard,,,,,L_T1_GTR03_33000001,,,
165405,59,,,,,,,,,,31,13,355313300000353115151110131551522107212331121200312115233000323351115520,,bb40abb1,,,,,,,,30,0,1,bb40abb1,40,276,,333112313515353215321132113511355315512511152212113152332131,AAABBCABADBDADACBDACBBACBBADBBADDABDDBCDBBBDCCBCBBABDCAACBAB,AAABBCABADBDADACBDACBBACBBADBBADADBDBDCDBBBDCCBCBBABCDAABCAB,,,1,276,,,,,L_T1_GTR___standard,,,,,L_T1_GTR03_33000001,,,,33,21,31,355313335000353115115000131552520007212122000000312211510000323315530000,,00000417,,,,,,,,29,3,0,7,7,417,,3331123135153532153211321135113553155125111522121131523321,AAABBCABADBDADACBDACBBACBBADBBADDABDDBCDBBBDCCBCBBABDCAACB,AAABBCABADBDADACBDACBBACBBADBBADADBDBDCDBBBDCCBCBBABCDAABC,,,1,417,,,,,L_T1_GTR___standard,,,,,L_T1_GTR03_33000001,,,
165442,60,,,,,,,,,,31,13,355313300000353115151110131551522107212331121200312115233000323351115520,,bb40abb1,,,,,,,,30,0,1,bb40abb1,40,276,,333112313515353215321132113511355315512511152212113152332131,AAABBCABADBDADACBDACBBACBBADBBADDABDDBCDBBBDCCBCBBABDCAACBAB,AAABBCABADBDADACBDACBBACBBADBBADADBDBDCDBBBDCCBCBBABCDAABCAB,,,1,276,,,,,L_T1_GTR___standard,,,,,L_T1_GTR03_33000001,,,,21,31,13,355313335000353115115000131552520007212122000000312211513000323315533000,,00000422,,,,,,,,30,4,0,5,5,422,,333112313515353215321132113511355315512511152212113152332131,AAABBCABADBDADACBDACBBACBBADBBADDABDDBCDBBBDCCBCBBABDCAACBAB,AAABBCABADBDADACBDACBBACBBADBBADADBDBDCDBBBDCCBCBBABCDAABCAB,,,1,422,,,,,L_T1_GTR___standard,,,,,L_T1_GTR03_33000001,,,
165480,61,,,,,,,,,,31,13,355313300000353115151110131551522107212331121200312115233000323351115520,,bb40abb1,,,,,,,,30,0,1,bb40abb1,40,276,,333112313515353215321132113511355315512511152212113152332131,AAABBCABADBDADACBDACBBACBBADBBADDABDDBCDBBBDCCBCBBABDCAACBAB,AAABBCABADBDADACBDACBBACBBADBBADADBDBDCDBBBDCCBCBBABCDAABCAB,,,1,276,,,,,L_T1_GTR___standard,,,,,L_T1_GTR03_33000001,,,,31,13,55,355313335000353115115000131552520007212122120000312211513000323315533000,,00000428,,,,,,,,31,5,0,6,6,428,,33311231351535321532113211351135531551251115221211315233213113,AAABBCABADBDADACBDACBBACBBADBBADDABDDBCDBBBDCCBCBBABDCAACBABBA,AAABBCABADBDADACBDACBBACBBADBBADADBDBDCDBBBDCCBCBBABCDAABCABAB,,,1,428,,,,,L_T1_GTR___standard,,,,,L_T1_GTR03_33000001,,,
165483,62,,,,,,,,,31,13,55,355313300000353115156000131551522007212331121260312115233000323351115520,,00000279,,,,,,,,31,1,0,3,3,279,,33311231351535321532113211351135531551251115221211315233213113,AAABBCABADBDADACBDACBBACBBADBBADDABDDBCDBBBDCCBCBBABDCAACBABBA,AAABBCABADBDADACBDACBBACBBADBBADADBDBDCDBBBDCCBCBBABCDAABCABAB,,,1,279,,,,,L_T1_GTR___standard,,,,,L_T1_GTR03_33000001,,,,31,13,55,355313335000353115115000131552520007212122120000312211513000323315533000,,00000428,,,,,,,,31,5,0,6,6,428,,33311231351535321532113211351135531551251115221211315233213113,AAABBCABADBDADACBDACBBACBBADBBADDABDDBCDBBBDCCBCBBABDCAACBABBA,AAABBCABADBDADACBDACBBACBBADBBADADBDBDCDBBBDCCBCBBABCDAABCABAB,,,1,428,,,,,L_T1_GTR___standard,,,,,L_T1_GTR03_33000001,,,
165517,63,,,,,,,,,31,13,55,355313300000353115156000131551522007212331121260312115233000323351115520,,00000279,,,,,,,,31,1,0,3,3,279,,33311231351535321532113211351135531551251115221211315233213113,AAABBCABADBDADACBDACBBACBBADBBADDABDDBCDBBBDCCBCBBABDCAACBABBA,AAABBCABADBDADACBDACBBACBBADBBADADBDBDCDBBBDCCBCBBABCDAABCABAB,,,1,279,,,,,L_T1_GTR___standard,,,,,L_T1_GTR03_33000001,,,,13,55,32,355313335000353115115000131552520007212122120000312211513130323315533000,,00000431,,,,,,,,32,6,0,3,3,431,,3331123135153532153211321135113553155125111522121131523321311355,AAABBCABADBDADACBDACBBACBBADBBADDABDDBCDBBBDCCBCBBABDCAACBABBADD,AAABBCABADBDADACBDACBBACBBADBBADADBDBDCDBBBDCCBCBBABCDAABCABABDD,,,1,431,,,,,L_T1_GTR___standard,,,,,L_T1_GTR03_33000001,,,
165521,64,,,,,,,,,13,55,32,355313300000353115156000131551522007212331121260312115233310323351115520,,00000283,,,,,,,,32,2,0,4,4,283,,3331123135153532153211321135113553155125111522121131523321311355,AAABBCABADBDADACBDACBBACBBADBBADDABDDBCDBBBDCCBCBBABDCAACBABBADD,AAABBCABADBDADACBDACBBACBBADBBADADBDBDCDBBBDCCBCBBABCDAABCABABDD,,,1,283,,,,,L_T1_GTR___standard,,,,,L_T1_GTR03_33000001,,,,13,55,32,355313335000353115115000131552520007212122120000312211513130323315533000,,00000431,,,,,,,,32,6,0,3,3,431,,3331123135153532153211321135113553155125111522121131523321311355,AAABBCABADBDADACBDACBBACBBADBBADDABDDBCDBBBDCCBCBBABDCAACBABBADD,AAABBCABADBDADACBDACBBACBBADBBADADBDBDCDBBBDCCBCBBABCDAABCABABDD,,,1,431,,,,,L_T1_GTR___standard,,,,,L_T1_GTR03_33000001,,,
165555,66,,,,,,,,,55,32,53,355313300000353115156000131551522007212331121260312115233311323351115523,,00000285,,,,,,,,33,3,0,2,2,285,,333112313515353215321132113511355315512511152212113152332131135532,AAABBCABADBDADACBDACBBACBBADBBADDABDDBCDBBBDCCBCBBABDCAACBABBADDAC,AAABBCABADBDADACBDACBBACBBADBBADADBDBDCDBBBDCCBCBBABCDAABCABABDDAC,,,1,285,,,,,L_T1_GTR___standard,,,,,L_T1_GTR03_33000001,,,,55,32,53,355313335000353115115000131552520007212122120000312211513130323315533130,,00000435,,,,,,,,33,7,0,4,4,435,,333112313515353215321132113511355315512511152212113152332131135532,AAABBCABADBDADACBDACBBACBBADBBADDABDDBCDBBBDCCBCBBABDCAACBABBADDAC,AAABBCABADBDADACBDACBBACBBADBBADADBDBDCDBBBDCCBCBBABCDAABCABABDDAC,,,1,435,,,,,L_T1_GTR___standard,,,,,L_T1_GTR03_33000001,,,
165586,67,,,,,,,,,55,32,53,355313300000353115156000131551522007212331121260312115233311323351115523,,00000285,,,,,,,,33,3,0,2,2,285,,333112313515353215321132113511355315512511152212113152332131135532,AAABBCABADBDADACBDACBBACBBADBBADDABDDBCDBBBDCCBCBBABDCAACBABBADDAC,AAABBCABADBDADACBDACBBACBBADBBADADBDBDCDBBBDCCBCBBABCDAABCABABDDAC,,,1,285,,,,,L_T1_GTR___standard,,,,,L_T1_GTR03_33000001,,,,32,53,55,355313335000353115115000131552520007212122120000312211513130323315533135,,00000437,,,,,,,,34,8,0,2,2,437,,33311231351535321532113211351135531551251115221211315233213113553253,AAABBCABADBDADACBDACBBACBBADBBADDABDDBCDBBBDCCBCBBABDCAACBABBADDACDA,AAABBCABADBDADACBDACBBACBBADBBADADBDBDCDBBBDCCBCBBABCDAABCABABDDACAD,,,1,437,,,,,L_T1_GTR___standard,,,,,L_T1_GTR03_33000001,,,
165612,68,,,,,,,,,32,53,55,355313355000353115156000131551522007212331121260312115233311323351115523,,00000289,,,,,,,,34,4,0,4,4,289,,33311231351535321532113211351135531551251115221211315233213113553253,AAABBCABADBDADACBDACBBACBBADBBADDABDDBCDBBBDCCBCBBABDCAACBABBADDACDA,AAABBCABADBDADACBDACBBACBBADBBADADBDBDCDBBBDCCBCBBABCDAABCABABDDACAD,,,1,289,,,,,L_T1_GTR___standard,,,,,L_T1_GTR03_33000001,,,,32,53,55,355313335000353115115000131552520007212122120000312211513130323315533135,,00000437,,,,,,,,34,8,0,2,2,437,,33311231351535321532113211351135531551251115221211315233213113553253,AAABBCABADBDADACBDACBBACBBADBBADDABDDBCDBBBDCCBCBBABDCAACBABBADDACDA,AAABBCABADBDADACBDACBBACBBADBBADADBDBDCDBBBDCCBCBBABCDAABCABABDDACAD,,,1,437,,,,,L_T1_GTR___standard,,,,,L_T1_GTR03_33000001,,,
165645,69,,,,,,,,,,53,55,355313355000353115156300131551522207212331121260312115233311323351115523,,bb50abb2,,,,,,,,35,0,1,bb50abb2,100,389,,33311231351535321532113211351135531551251115221211315233213113553253,AAABBCABADBDADACBDACBBACBBADBBADDABDDBCDBBBDCCBCBBABDCAACBABBADDACDA,AAABBCABADBDADACBDACBBACBBADBBADADBDBDCDBBBDCCBCBBABCDAABCABABDDACAD,,,1,389,,,,,L_T1_GTR___standard,,,,,L_T1_GTR03_33000001,,,,32,53,55,355313335000353115115000131552520007212122120000312211513130323315533135,,00000437,,,,,,,,34,8,0,2,2,437,,33311231351535321532113211351135531551251115221211315233213113553253,AAABBCABADBDADACBDACBBACBBADBBADDABDDBCDBBBDCCBCBBABDCAACBABBADDACDA,AAABBCABADBDADACBDACBBACBBADBBADADBDBDCDBBBDCCBCBBABCDAABCABABDDACAD,,,1,437,,,,,L_T1_GTR___standard,,,,,L_T1_GTR03_33000001,,,
165651,70,,,,,,,,,,53,55,355313355000353115156300131551522207212331121260312115233311323351115523,,bb50abb2,,,,,,,,35,0,1,bb50abb2,100,389,,33311231351535321532113211351135531551251115221211315233213113553253,AAABBCABADBDADACBDACBBACBBADBBADDABDDBCDBBBDCCBCBBABDCAACBABBADDACDA,AAABBCABADBDADACBDACBBACBBADBBADADBDBDCDBBBDCCBCBBABCDAABCABABDDACAD,,,1,389,,,,,L_T1_GTR___standard,,,,,L_T1_GTR03_33000001,,,,53,55,55,355313335000353115115000131552520007212122122000312211513133323315533135,,00000439,,,,,,,,35,9,0,2,2,439,,3331123135153532153211321135113553155125111522121131523321311355325355,AAABBCABADBDADACBDACBBACBBADBBADDABDDBCDBBBDCCBCBBABDCAACBABBADDACDADD,AAABBCABADBDADACBDACBBACBBADBBADADBDBDCDBBBDCCBCBBABCDAABCABABDDACADDD,,,1,439,,,,,L_T1_GTR___standard,,,,,L_T1_GTR03_33000001,,,
165686,71,,,,,,,,,,53,55,355313355000353115156300131551522207212331121260312115233311323351115523,,bb50abb2,,,,,,,,35,0,1,bb50abb2,100,389,,33311231351535321532113211351135531551251115221211315233213113553253,AAABBCABADBDADACBDACBBACBBADBBADDABDDBCDBBBDCCBCBBABDCAACBABBADDACDA,AAABBCABADBDADACBDACBBACBBADBBADADBDBDCDBBBDCCBCBBABCDAABCABABDDACAD,,,1,389,,,,,L_T1_GTR___standard,,,,,L_T1_GTR03_33000001,,,,55,55,11,355313335500353115115300131552520007212122122000312211513133323315533135,,00000443,,,,,,,,36,10,0,4,4,443,,333112313515353215321132113511355315512511152212113152332131135532535555,AAABBCABADBDADACBDACBBACBBADBBADDABDDBCDBBBDCCBCBBABDCAACBABBADDACDADDDD,AAABBCABADBDADACBDACBBACBBADBBADADBDBDCDBBBDCCBCBBABCDAABCABABDDACADDDDD,,,1,443,,,,,L_T1_GTR___standard,,,,,L_T1_GTR03_33000001,,,
165725,72,,,,,,,,,,53,55,355313355000353115153000131551500007212331110000312115233311323351115523,,bb40abb8,,,,,,,,36,0,2,bb40abb8,320,709,,33311231351535321532113211351135531551251115221211315233213113553253,AAABBCABADBDADACBDACBBACBBADBBADDABDDBCDBBBDCCBCBBABDCAACBABBADDACDA,AAABBCABADBDADACBDACBBACBBADBBADADBDBDCDBBBDCCBCBBABCDAABCABABDDACAD,,,2,709,,,,,L_T1_GTR___standard,,,,,L_T1_GTR03_33000001,,,,55,55,11,355313335500353115115300131552520007212122122000312211513133323315533135,,00000443,,,,,,,,36,10,0,4,4,443,,333112313515353215321132113511355315512511152212113152332131135532535555,AAABBCABADBDADACBDACBBACBBADBBADDABDDBCDBBBDCCBCBBABDCAACBABBADDACDADDDD,AAABBCABADBDADACBDACBBACBBADBBADADBDBDCDBBBDCCBCBBABCDAABCABABDDACADDDDD,,,1,443,,,,,L_T1_GTR___standard,,,,,L_T1_GTR03_33000001,,,
165805,73,,,,,,,,,,53,55,355313355000353115153000131555000007212330000000312115233311323351115523,,bb40ab16,,,,,,,,37,0,3,bb40ab16,640,1349,,33311231351535321532113211351135531551251115221211315233213113553253,AAABBCABADBDADACBDACBBACBBADBBADDABDDBCDBBBDCCBCBBABDCAACBABBADDACDA,AAABBCABADBDADACBDACBBACBBADBBADADBDBDCDBBBDCCBCBBABCDAABCABABDDACAD,,,3,1349,,,,,L_T1_GTR___standard,,,,,L_T1_GTR03_33000001,,,,55,55,11,355313335500353115115300131552520007212122122000312211513133323315533135,,00000443,,,,,,,,36,10,0,4,4,443,,333112313515353215321132113511355315512511152212113152332131135532535555,AAABBCABADBDADACBDACBBACBBADBBADDABDDBCDBBBDCCBCBBABDCAACBABBADDACDADDDD,AAABBCABADBDADACBDACBBACBBADBBADADBDBDCDBBBDCCBCBBABCDAABCABABDDACADDDDD,,,1,443,,,,,L_T1_GTR___standard,,,,,L_T1_GTR03_33000001,,,
165851,74,,,,,,,,,,53,55,355313355000353115153000131555000007212330000000312115233311323351115523,,bb40ab16,,,,,,,,37,0,3,bb40ab16,640,1349,,33311231351535321532113211351135531551251115221211315233213113553253,AAABBCABADBDADACBDACBBACBBADBBADDABDDBCDBBBDCCBCBBABDCAACBABBADDACDA,AAABBCABADBDADACBDACBBACBBADBBADADBDBDCDBBBDCCBCBBABCDAABCABABDDACAD,,,3,1349,,,,,L_T1_GTR___standard,,,,,L_T1_GTR03_33000001,,,,,55,11,355313335550353115115350131552520007212122122000312211513133323315533135,,bb50abb2,,,,,,,,37,0,1,bb50abb2,100,543,,333112313515353215321132113511355315512511152212113152332131135532535555,AAABBCABADBDADACBDACBBACBBADBBADDABDDBCDBBBDCCBCBBABDCAACBABBADDACDADDDD,AAABBCABADBDADACBDACBBACBBADBBADADBDBDCDBBBDCCBCBBABCDAABCABABDDACADDDDD,,,1,543,,,,,L_T1_GTR___standard,,,,,L_T1_GTR03_33000001,,,
165886,75,,,,,,,,,,53,55,355313355000353111530000131000000007212330000000312115233311323351115523,,bb40ab32,,,,,,,,38,0,4,bb40ab32,1280,2629,,33311231351535321532113211351135531551251115221211315233213113553253,AAABBCABADBDADACBDACBBACBBADBBADDABDDBCDBBBDCCBCBBABDCAACBABBADDACDA,AAABBCABADBDADACBDACBBACBBADBBADADBDBDCDBBBDCCBCBBABCDAABCABABDDACAD,,,4,2629,,,,,L_T1_GTR___standard,,,,,L_T1_GTR03_33000001,,,,,55,11,355313335550353115115350131552520007212122122000312211513133323315533135,,bb50abb2,,,,,,,,37,0,1,bb50abb2,100,543,,333112313515353215321132113511355315512511152212113152332131135532535555,AAABBCABADBDADACBDACBBACBBADBBADDABDDBCDBBBDCCBCBBABDCAACBABBADDACDADDDD,AAABBCABADBDADACBDACBBACBBADBBADADBDBDCDBBBDCCBCBBABCDAABCABABDDACADDDDD,,,1,543,,,,,L_T1_GTR___standard,,,,,L_T1_GTR03_33000001,,,
165942,76,,,,,,,,,,53,55,355313355000353111530000131000000007212330000000312115233311323351115523,,bb40ab32,,,,,,,,38,0,4,bb40ab32,1280,2629,,33311231351535321532113211351135531551251115221211315233213113553253,AAABBCABADBDADACBDACBBACBBADBBADDABDDBCDBBBDCCBCBBABDCAACBABBADDACDA,AAABBCABADBDADACBDACBBACBBADBBADADBDBDCDBBBDCCBCBBABCDAABCABABDDACAD,,,4,2629,,,,,L_T1_GTR___standard,,,,,L_T1_GTR03_33000001,,,,55,11,53,355313330000353115113000131552520007212122122000312211513133323315533135,,00000544,,,,,,,,38,1,0,1,1,544,,33311231351535321532113211351135531551251115221211315233213113553253555511,AAABBCABADBDADACBDACBBACBBADBBADDABDDBCDBBBDCCBCBBABDCAACBABBADDACDADDDDBB,AAABBCABADBDADACBDACBBACBBADBBADADBDBDCDBBBDCCBCBBABCDAABCABABDDACADDDDDBB,,,1,544,,,,,L_T1_GTR___standard,,,,,L_T1_GTR03_33000001,,,
165971,77,,,,,,,,,,53,55,355333550000353530000000131000000007212330000000312115233311323351115523,,bb40ab64,,,,,,,,39,0,5,bb40ab64,2560,5189,,33311231351535321532113211351135531551251115221211315233213113553253,AAABBCABADBDADACBDACBBACBBADBBADDABDDBCDBBBDCCBCBBABDCAACBABBADDACDA,AAABBCABADBDADACBDACBBACBBADBBADADBDBDCDBBBDCCBCBBABCDAABCABABDDACAD,,,5,5189,,,,,L_T1_GTR___standard/L_T1_GTR___mahara__,,,,,L_T1_GTR03_33000001,,,,55,11,53,355313330000353115113000131552520007212122122000312211513133323315533135,,00000544,,,,,,,,38,1,0,1,1,544,,33311231351535321532113211351135531551251115221211315233213113553253555511,AAABBCABADBDADACBDACBBACBBADBBADDABDDBCDBBBDCCBCBBABDCAACBABBADDACDADDDDBB,AAABBCABADBDADACBDACBBACBBADBBADADBDBDCDBBBDCCBCBBABCDAABCABABDDACADDDDDBB,,,1,544,,,,,L_T1_GTR___standard,,,,,L_T1_GTR03_33000001,,,
165980,78,,,,,,,,,,53,55,355333550000353530000000131000000007212330000000312115233311323351115523,,bb40ab64,,,,,,,,39,0,5,bb40ab64,2560,5189,,33311231351535321532113211351135531551251115221211315233213113553253,AAABBCABADBDADACBDACBBACBBADBBADDABDDBCDBBBDCCBCBBABDCAACBABBADDACDA,AAABBCABADBDADACBDACBBACBBADBBADADBDBDCDBBBDCCBCBBABCDAABCABABDDACAD,,,5,5189,,,,,L_T1_GTR___standard/L_T1_GTR___mahara__,,,,,L_T1_GTR03_33000001,,,,11,53,35,355313335500353115113000131552520007212122122000312211513133323315533135,,00000549,,,,,,,,39,2,0,5,5,549,,3331123135153532153211321135113553155125111522121131523321311355325355551153,AAABBCABADBDADACBDACBBACBBADBBADDABDDBCDBBBDCCBCBBABDCAACBABBADDACDADDDDBBDA,AAABBCABADBDADACBDACBBACBBADBBADADBDBDCDBBBDCCBCBBABCDAABCABABDDACADDDDDBBAD,,,1,549,,,,,L_T1_GTR___standard,,,,,L_T1_GTR03_33000001,,,
166005,79,,,,,,,,,,53,55,355333550000353530000000131000000007212330000000312115233311323351115523,,bb40ab64,,,,,,,,39,0,5,bb40ab64,2560,5189,,33311231351535321532113211351135531551251115221211315233213113553253,AAABBCABADBDADACBDACBBACBBADBBADDABDDBCDBBBDCCBCBBABDCAACBABBADDACDA,AAABBCABADBDADACBDACBBACBBADBBADADBDBDCDBBBDCCBCBBABCDAABCABABDDACAD,,,5,5189,,,,,L_T1_GTR___standard/L_T1_GTR___mahara__,,,,,L_T1_GTR03_33000001,,,,,53,35,355313335500353115113000131552520007212122122110312211513133323315533135,,bb40abb1,,,,,,,,40,0,1,bb40abb1,40,589,,3331123135153532153211321135113553155125111522121131523321311355325355551153,AAABBCABADBDADACBDACBBACBBADBBADDABDDBCDBBBDCCBCBBABDCAACBABBADDACDADDDDBBDA,AAABBCABADBDADACBDACBBACBBADBBADADBDBDCDBBBDCCBCBBABCDAABCABABDDACADDDDDBBAD,,,1,589,,,,,L_T1_GTR___standard,,,,,L_T1_GTR03_33000001,,,
166053,80,,,,,,,,,,53,55,355550000000353500000000131000000007212330000000312115233311323351115523,,bb60ab99,,,,,,,,40,0,6,bb60ab99,5940,11129,,33311231351535321532113211351135531551251115221211315233213113553253,AAABBCABADBDADACBDACBBACBBADBBADDABDDBCDBBBDCCBCBBABDCAACBABBADDACDA,AAABBCABADBDADACBDACBBACBBADBBADADBDBDCDBBBDCCBCBBABCDAABCABABDDACAD,,,6,11129,,,,,,,,,,,,,,,53,35,355313335500353115113000131552520007212122122110312211513133323315533135,,bb40abb1,,,,,,,,40,0,1,bb40abb1,40,589,,3331123135153532153211321135113553155125111522121131523321311355325355551153,AAABBCABADBDADACBDACBBACBBADBBADDABDDBCDBBBDCCBCBBABDCAACBABBADDACDADDDDBBDA,AAABBCABADBDADACBDACBBACBBADBBADADBDBDCDBBBDCCBCBBABCDAABCABABDDACADDDDDBBAD,,,1,589,,,,,L_T1_GTR___standard,,,,,L_T1_GTR03_33000001,,,
166083,81,,,,,,,,,,53,55,355550000000353500000000131000000007212330000000312115233311323351115523,,bb60ab99,,,,,,,,40,0,6,bb60ab99,5940,11129,,33311231351535321532113211351135531551251115221211315233213113553253,AAABBCABADBDADACBDACBBACBBADBBADDABDDBCDBBBDCCBCBBABDCAACBABBADDACDA,AAABBCABADBDADACBDACBBACBBADBBADADBDBDCDBBBDCCBCBBABCDAABCABABDDACAD,,,6,11129,,,,,,,,,,,,,,,53,35,355313335500353115113000131552520007212122122000312211513330323315533355,,bb60ab11,,,,,,,,41,0,2,bb60ab11,660,1249,,3331123135153532153211321135113553155125111522121131523321311355325355551153,AAABBCABADBDADACBDACBBACBBADBBADDABDDBCDBBBDCCBCBBABDCAACBABBADDACDADDDDBBDA,AAABBCABADBDADACBDACBBACBBADBBADADBDBDCDBBBDCCBCBBABCDAABCABABDDACADDDDDBBAD,,,2,1249,,,,,L_T1_GTR___standard,,,,,L_T1_GTR03_33000001,,,
166133,82,,,,,,,,,,53,55,300000000000330000000000131000000007212330000000312115233311323351115523,,bb40a128,,,,,,,,41,0,7,bb40a128,5120,16249,,33311231351535321532113211351135531551251115221211315233213113553253,AAABBCABADBDADACBDACBBACBBADBBADDABDDBCDBBBDCCBCBBABDCAACBABBADDACDA,AAABBCABADBDADACBDACBBACBBADBBADADBDBDCDBBBDCCBCBBABCDAABCABABDDACAD,,,7,16249,,,,,,,,,,,,,,,53,35,355313335500353115113000131552520007212122122000312211513330323315533355,,bb60ab11,,,,,,,,41,0,2,bb60ab11,660,1249,,3331123135153532153211321135113553155125111522121131523321311355325355551153,AAABBCABADBDADACBDACBBACBBADBBADDABDDBCDBBBDCCBCBBABDCAACBABBADDACDADDDDBBDA,AAABBCABADBDADACBDACBBACBBADBBADADBDBDCDBBBDCCBCBBABCDAABCABABDDACADDDDDBBAD,,,2,1249,,,,,L_T1_GTR___standard,,,,,L_T1_GTR03_33000001,,,
166167,83,,,,,,,,,,53,55,300000000000330000000000131000000007212330000000312115233311323351115523,,bb40a128,,,,,,,,41,0,7,bb40a128,5120,16249,,33311231351535321532113211351135531551251115221211315233213113553253,AAABBCABADBDADACBDACBBACBBADBBADDABDDBCDBBBDCCBCBBABDCAACBABBADDACDA,AAABBCABADBDADACBDACBBACBBADBBADADBDBDCDBBBDCCBCBBABCDAABCABABDDACAD,,,7,16249,,,,,,,,,,,,,,,53,35,355313335500353115113000131552520007212122122000312211510000323315555000,,bb50ab18,,,,,,,,42,0,3,bb50ab18,900,2149,,3331123135153532153211321135113553155125111522121131523321311355325355551153,AAABBCABADBDADACBDACBBACBBADBBADDABDDBCDBBBDCCBCBBABDCAACBABBADDACDADDDDBBDA,AAABBCABADBDADACBDACBBACBBADBBADADBDBDCDBBBDCCBCBBABCDAABCABABDDACADDDDDBBAD,,,3,2149,,,,,L_T1_GTR___standard,,,,,L_T1_GTR03_33000001,,,
166213,84,,,,,,,,,,53,55,000000000000000000000000110000000007212330000000312115233311323351115523,,bb40a160,,,,,,,,42,0,8,bb40a160,6400,22649,,33311231351535321532113211351135531551251115221211315233213113553253,AAABBCABADBDADACBDACBBACBBADBBADDABDDBCDBBBDCCBCBBABDCAACBABBADDACDA,AAABBCABADBDADACBDACBBACBBADBBADADBDBDCDBBBDCCBCBBABCDAABCABABDDACAD,,,8,22649,,,,,,,,,,,,,,,53,35,355313335500353115113000131552520007212122122000312211510000323315555000,,bb50ab18,,,,,,,,42,0,3,bb50ab18,900,2149,,3331123135153532153211321135113553155125111522121131523321311355325355551153,AAABBCABADBDADACBDACBBACBBADBBADDABDDBCDBBBDCCBCBBABDCAACBABBADDACDADDDDBBDA,AAABBCABADBDADACBDACBBACBBADBBADADBDBDCDBBBDCCBCBBABCDAABCABABDDACADDDDDBBAD,,,3,2149,,,,,L_T1_GTR___standard,,,,,L_T1_GTR03_33000001,,,
166247,85,,,,,,,,,,53,55,000000000000000000000000110000000007212330000000312115233311323351115523,,bb40a160,,,,,,,,42,0,8,bb40a160,6400,22649,,33311231351535321532113211351135531551251115221211315233213113553253,AAABBCABADBDADACBDACBBACBBADBBADDABDDBCDBBBDCCBCBBABDCAACBABBADDACDA,AAABBCABADBDADACBDACBBACBBADBBADADBDBDCDBBBDCCBCBBABCDAABCABABDDACAD,,,8,22649,,,,,,,,,,,,,,,53,35,355313335500353115113000131552520007212122122000312211100000323310000000,,bb50ab34,,,,,,,,43,0,4,bb50ab34,1700,3849,,3331123135153532153211321135113553155125111522121131523321311355325355551153,AAABBCABADBDADACBDACBBACBBADBBADDABDDBCDBBBDCCBCBBABDCAACBABBADDACDADDDDBBDA,AAABBCABADBDADACBDACBBACBBADBBADADBDBDCDBBBDCCBCBBABCDAABCABABDDACADDDDDBBAD,,,4,3849,,,,,L_T1_GTR___standard,,,,,L_T1_GTR03_33000001,,,
166293,86,,,,,,,,,,53,55,000000000000000000000000000000000007223300000000321152333110323351115523,,bb40a192,,,,,,,,43,0,9,bb40a192,7680,30329,,33311231351535321532113211351135531551251115221211315233213113553253,AAABBCABADBDADACBDACBBACBBADBBADDABDDBCDBBBDCCBCBBABDCAACBABBADDACDA,AAABBCABADBDADACBDACBBACBBADBBADADBDBDCDBBBDCCBCBBABCDAABCABABDDACAD,,,9,30329,,,,,,,,,,R_T1_GTR03_22200002,,,,,53,35,355313335500353115113000131552520007212122122000312211100000323310000000,,bb50ab34,,,,,,,,43,0,4,bb50ab34,1700,3849,,3331123135153532153211321135113553155125111522121131523321311355325355551153,AAABBCABADBDADACBDACBBACBBADBBADDABDDBCDBBBDCCBCBBABDCAACBABBADDACDADDDDBBDA,AAABBCABADBDADACBDACBBACBBADBBADADBDBDCDBBBDCCBCBBABCDAABCABABDDACADDDDDBBAD,,,4,3849,,,,,L_T1_GTR___standard,,,,,L_T1_GTR03_33000001,,,
166331,87,,,,,,,,,,53,55,000000000000000000000000000000000007223300000000321152333110323351115523,,bb40a192,,,,,,,,43,0,9,bb40a192,7680,30329,,33311231351535321532113211351135531551251115221211315233213113553253,AAABBCABADBDADACBDACBBACBBADBBADDABDDBCDBBBDCCBCBBABDCAACBABBADDACDA,AAABBCABADBDADACBDACBBACBBADBBADADBDBDCDBBBDCCBCBBABCDAABCABABDDACAD,,,9,30329,,,,,,,,,,R_T1_GTR03_22200002,,,,,53,35,355313335500353115113000131552520007212122220000312200000000323300000000,,bb60ab67,,,,,,,,44,0,5,bb60ab67,4020,7869,,3331123135153532153211321135113553155125111522121131523321311355325355551153,AAABBCABADBDADACBDACBBACBBADBBADDABDDBCDBBBDCCBCBBABDCAACBABBADDACDADDDDBBDA,AAABBCABADBDADACBDACBBACBBADBBADADBDBDCDBBBDCCBCBBABCDAABCABABDDACADDDDDBBAD,,,5,7869,,,,,L_T1_GTR___standard,,,,,L_T1_GTR03_33000001,,,
166376,88,,,,,,,,,,53,55,000000000000000000000000000000000007330000000000311523331100333511155230,,bb60a227,,,,,,,,44,0,10,bb60a227,13620,43949,,33311231351535321532113211351135531551251115221211315233213113553253,AAABBCABADBDADACBDACBBACBBADBBADDABDDBCDBBBDCCBCBBABDCAACBABBADDACDA,AAABBCABADBDADACBDACBBACBBADBBADADBDBDCDBBBDCCBCBBABCDAABCABABDDACAD,,,9,43949,,,,,,,,,,,,,,,53,35,355313335500353115113000131552520007212122220000312200000000323300000000,,bb60ab67,,,,,,,,44,0,5,bb60ab67,4020,7869,,3331123135153532153211321135113553155125111522121131523321311355325355551153,AAABBCABADBDADACBDACBBACBBADBBADDABDDBCDBBBDCCBCBBABDCAACBABBADDACDADDDDBBDA,AAABBCABADBDADACBDACBBACBBADBBADADBDBDCDBBBDCCBCBBABCDAABCABABDDACADDDDDBBAD,,,5,7869,,,,,L_T1_GTR___standard,,,,,L_T1_GTR03_33000001,,,
166407,89,,,,,,,,,,53,55,000000000000000000000000000000000007330000000000311523331100333511155230,,bb60a227,,,,,,,,44,0,10,bb60a227,13620,43949,,33311231351535321532113211351135531551251115221211315233213113553253,AAABBCABADBDADACBDACBBACBBADBBADDABDDBCDBBBDCCBCBBABDCAACBABBADDACDA,AAABBCABADBDADACBDACBBACBBADBBADADBDBDCDBBBDCCBCBBABCDAABCABABDDACAD,,,9,43949,,,,,,,,,,,,,,,53,35,355313335500353115113000131555000007212100000000312200000000323300000000,,bb40ab96,,,,,,,,45,0,6,bb40ab96,3840,11709,,3331123135153532153211321135113553155125111522121131523321311355325355551153,AAABBCABADBDADACBDACBBACBBADBBADDABDDBCDBBBDCCBCBBABDCAACBABBADDACDADDDDBBDA,AAABBCABADBDADACBDACBBACBBADBBADADBDBDCDBBBDCCBCBBABCDAABCABABDDACADDDDDBBAD,,,6,11709,,,,,L_T1_GTR___standard,,,,,L_T1_GTR03_33000001,,,
166461,90,,,,,,,,,,53,55,000000000000000000000000000000000007000000000000115233311000511155230000,,bb50a258,,,,,,,,45,0,11,bb50a258,12900,56849,,33311231351535321532113211351135531551251115221211315233213113553253,AAABBCABADBDADACBDACBBACBBADBBADDABDDBCDBBBDCCBCBBABDCAACBABBADDACDA,AAABBCABADBDADACBDACBBACBBADBBADADBDBDCDBBBDCCBCBBABCDAABCABABDDACAD,,,9,56849,,,,,,,,,,,,,,,53,35,355313335500353115113000131555000007212100000000312200000000323300000000,,bb40ab96,,,,,,,,45,0,6,bb40ab96,3840,11709,,3331123135153532153211321135113553155125111522121131523321311355325355551153,AAABBCABADBDADACBDACBBACBBADBBADDABDDBCDBBBDCCBCBBABDCAACBABBADDACDADDDDBBDA,AAABBCABADBDADACBDACBBACBBADBBADADBDBDCDBBBDCCBCBBABCDAABCABABDDACADDDDDBBAD,,,6,11709,,,,,L_T1_GTR___standard,,,,,L_T1_GTR03_33000001,,,
166487,91,,,,,,,,,,53,55,000000000000000000000000000000000007000000000000115233311000511155230000,,bb50a258,,,,,,,,45,0,11,bb50a258,12900,56849,,33311231351535321532113211351135531551251115221211315233213113553253,AAABBCABADBDADACBDACBBACBBADBBADDABDDBCDBBBDCCBCBBABDCAACBABBADDACDA,AAABBCABADBDADACBDACBBACBBADBBADADBDBDCDBBBDCCBCBBABCDAABCABABDDACAD,,,9,56849,,,,,,,,,,,,,,,53,35,355313335500353111130000131000000007212100000000312200000000323300000000,,bb90a133,,,,,,,,46,0,7,bb90a133,11970,23679,,3331123135153532153211321135113553155125111522121131523321311355325355551153,AAABBCABADBDADACBDACBBACBBADBBADDABDDBCDBBBDCCBCBBABDCAACBABBADDACDADDDDBBDA,AAABBCABADBDADACBDACBBACBBADBBADADBDBDCDBBBDCCBCBBABCDAABCABABDDACADDDDDBBAD,,,7,23679,,,,,L_T1_GTR___standard,,,,,L_T1_GTR03_33000001,,,
166543,92,,,,,,,,,,53,55,000000000000000000000000000000000007000000000000523331100000555230000000,,bb80a291,,,,,,,,46,0,12,bb80a291,23280,80129,,33311231351535321532113211351135531551251115221211315233213113553253,AAABBCABADBDADACBDACBBACBBADBBADDABDDBCDBBBDCCBCBBABDCAACBABBADDACDA,AAABBCABADBDADACBDACBBACBBADBBADADBDBDCDBBBDCCBCBBABCDAABCABABDDACAD,,,9,80129,,,,,,,,,,,,,,,53,35,355313335500353111130000131000000007212100000000312200000000323300000000,,bb90a133,,,,,,,,46,0,7,bb90a133,11970,23679,,3331123135153532153211321135113553155125111522121131523321311355325355551153,AAABBCABADBDADACBDACBBACBBADBBADDABDDBCDBBBDCCBCBBABDCAACBABBADDACDADDDDBBDA,AAABBCABADBDADACBDACBBACBBADBBADADBDBDCDBBBDCCBCBBABCDAABCABABDDACADDDDDBBAD,,,7,23679,,,,,L_T1_GTR___standard,,,,,L_T1_GTR03_33000001,,,
166584,93,,,,,,,,,,53,55,000000000000000000000000000000000007000000000000523331100000555230000000,,bb80a291,,,,,,,,46,0,12,bb80a291,23280,80129,,33311231351535321532113211351135531551251115221211315233213113553253,AAABBCABADBDADACBDACBBACBBADBBADDABDDBCDBBBDCCBCBBABDCAACBABBADDACDA,AAABBCABADBDADACBDACBBACBBADBBADADBDBDCDBBBDCCBCBBABCDAABCABABDDACAD,,,9,80129,,,,,,,,,,,,,,53,35,32,355355000000353000000000131000000007212100000000312200000000323300000000,,00023683,,,,,,,,47,1,0,4,4,23683,,333112313515353215321132113511355315512511152212113152332131135532535555115335,AAABBCABADBDADACBDACBBACBBADBBADDABDDBCDBBBDCCBCBBABDCAACBABBADDACDADDDDBBDAAD,AAABBCABADBDADACBDACBBACBBADBBADADBDBDCDBBBDCCBCBBABCDAABCABABDDACADDDDDBBADAD,,,7,23683,,,,,L_T1_GTR___standard,,,,,L_T1_GTR03_33000001,,,
166608,94,,,,,,,,,,53,55,000000000000000000000000000000000007000000000000523331100000555230000000,,bb80a291,,,,,,,,46,0,12,bb80a291,23280,80129,,33311231351535321532113211351135531551251115221211315233213113553253,AAABBCABADBDADACBDACBBACBBADBBADDABDDBCDBBBDCCBCBBABDCAACBABBADDACDA,AAABBCABADBDADACBDACBBACBBADBBADADBDBDCDBBBDCCBCBBABCDAABCABABDDACAD,,,9,80129,,,,,,,,,,,,,,35,35,32,355355000000353000000000131000000007212100000000312200000000323300000000,,00023683,,,,,,,,48,2,0,0,0,23683,,33311231351535321532113211351135531551251115221211315233213113553253555511533535,AAABBCABADBDADACBDACBBACBBADBBADDABDDBCDBBBDCCBCBBABDCAACBABBADDACDADDDDBBDAADAD,AAABBCABADBDADACBDACBBACBBADBBADADBDBDCDBBBDCCBCBBABCDAABCABABDDACADDDDDBBADADAD,,,7,23683,,,,,L_T1_GTR___standard,,,,,L_T1_GTR03_33000001,,,
166640,95,,,,,,,,,53,55,55,000000000000000000000000000000000007000000000000211000000000200000000000,,00080133,,,,,,,,47,1,0,4,4,80133,,3331123135153532153211321135113553155125111522121131523321311355325355,AAABBCABADBDADACBDACBBACBBADBBADDABDDBCDBBBDCCBCBBABDCAACBABBADDACDADD,AAABBCABADBDADACBDACBBACBBADBBADADBDBDCDBBBDCCBCBBABCDAABCABABDDACADDD,,,9,80133,,,,,,,,,,,,,,35,35,32,355355000000353000000000131000000007212100000000312200000000323300000000,,00023683,,,,,,,,48,2,0,0,0,23683,,33311231351535321532113211351135531551251115221211315233213113553253555511533535,AAABBCABADBDADACBDACBBACBBADBBADDABDDBCDBBBDCCBCBBABDCAACBABBADDACDADDDDBBDAADAD,AAABBCABADBDADACBDACBBACBBADBBADADBDBDCDBBBDCCBCBBABCDAABCABABDDACADDDDDBBADADAD,,,7,23683,,,,,L_T1_GTR___standard,,,,,L_T1_GTR03_33000001,,,
166692,96,,,,,,,,,55,55,11,000000000000530000000000000000000007000000000000211000000000200000000000,,00080146,,,,,,,,48,2,0,13,13,80146,,333112313515353215321132113511355315512511152212113152332131135532535555,AAABBCABADBDADACBDACBBACBBADBBADDABDDBCDBBBDCCBCBBABDCAACBABBADDACDADDDD,AAABBCABADBDADACBDACBBACBBADBBADADBDBDCDBBBDCCBCBBABCDAABCABABDDACADDDDD,,,9,80146,,,,,,,,,,,,,,35,35,32,355355000000353000000000131000000007212100000000312200000000323300000000,,00023683,,,,,,,,48,2,0,0,0,23683,,33311231351535321532113211351135531551251115221211315233213113553253555511533535,AAABBCABADBDADACBDACBBACBBADBBADDABDDBCDBBBDCCBCBBABDCAACBABBADDACDADDDDBBDAADAD,AAABBCABADBDADACBDACBBACBBADBBADADBDBDCDBBBDCCBCBBABCDAABCABABDDACADDDDDBBADADAD,,,7,23683,,,,,L_T1_GTR___standard,,,,,L_T1_GTR03_33000001,,,
166744,97,,,,,,,,,55,11,53,000000000000530000000000500000000007500000000000211000000000200000000000,,00080159,,,,,,,,49,3,0,13,13,80159,,33311231351535321532113211351135531551251115221211315233213113553253555511,AAABBCABADBDADACBDACBBACBBADBBADDABDDBCDBBBDCCBCBBABDCAACBABBADDACDADDDDBB,AAABBCABADBDADACBDACBBACBBADBBADADBDBDCDBBBDCCBCBBABCDAABCABABDDACADDDDDBB,,,9,80159,,,,,,,,,,,,,,35,35,32,355355000000353000000000131000000007212100000000312200000000323300000000,,00023683,,,,,,,,48,2,0,0,0,23683,,33311231351535321532113211351135531551251115221211315233213113553253555511533535,AAABBCABADBDADACBDACBBACBBADBBADDABDDBCDBBBDCCBCBBABDCAACBABBADDACDADDDDBBDAADAD,AAABBCABADBDADACBDACBBACBBADBBADADBDBDCDBBBDCCBCBBABCDAABCABABDDACADDDDDBBADADAD,,,7,23683,,,,,L_T1_GTR___standard,,,,,L_T1_GTR03_33000001,,,
166764,98,,,,,,,,,55,11,53,000000000000530000000000500000000007500000000000211000000000200000000000,,00080159,,,,,,,,49,3,0,13,13,80159,,33311231351535321532113211351135531551251115221211315233213113553253555511,AAABBCABADBDADACBDACBBACBBADBBADDABDDBCDBBBDCCBCBBABDCAACBABBADDACDADDDDBB,AAABBCABADBDADACBDACBBACBBADBBADADBDBDCDBBBDCCBCBBABCDAABCABABDDACADDDDDBB,,,9,80159,,,,,,,,,,,,,,35,32,22,355355666660353666660000131536666607212166666000312266666000323366666000,,00023691,,,,,,,,49,3,0,8,8,23691,,3331123135153532153211321135113553155125111522121131523321311355325355551153353532,AAABBCABADBDADACBDACBBACBBADBBADDABDDBCDBBBDCCBCBBABDCAACBABBADDACDADDDDBBDAADADAC,AAABBCABADBDADACBDACBBACBBADBBADADBDBDCDBBBDCCBCBBABCDAABCABABDDACADDDDDBBADADADAC,,,7,23691,,,,,L_T1_GTR___standard,,,,,L_T1_GTR03_33000001,,,
166790,99,,,,,,,,,11,53,35,000000000000530000000000500000000007500000000000211550000000200000000000,,00080168,,,,,,,,50,4,0,9,9,80168,,3331123135153532153211321135113553155125111522121131523321311355325355551153,AAABBCABADBDADACBDACBBACBBADBBADDABDDBCDBBBDCCBCBBABDCAACBABBADDACDADDDDBBDA,AAABBCABADBDADACBDACBBACBBADBBADADBDBDCDBBBDCCBCBBABCDAABCABABDDACADDDDDBBAD,,,9,80168,,,,,,,,,,,,,,35,32,22,355355666660353666660000131536666607212166666000312266666000323366666000,,00023691,,,,,,,,49,3,0,8,8,23691,,3331123135153532153211321135113553155125111522121131523321311355325355551153353532,AAABBCABADBDADACBDACBBACBBADBBADDABDDBCDBBBDCCBCBBABDCAACBABBADDACDADDDDBBDAADADAC,AAABBCABADBDADACBDACBBACBBADBBADADBDBDCDBBBDCCBCBBABCDAABCABABDDACADDDDDBBADADADAC,,,7,23691,,,,,L_T1_GTR___standard,,,,,L_T1_GTR03_33000001,,,
166831,100,,,,,,,,,53,35,32,000000000000530000000000500000000007500000000000211551100000200000000000,,00080175,,,,,,,,51,5,0,7,7,80175,,333112313515353215321132113511355315512511152212113152332131135532535555115335,AAABBCABADBDADACBDACBBACBBADBBADDABDDBCDBBBDCCBCBBABDCAACBABBADDACDADDDDBBDAAD,AAABBCABADBDADACBDACBBACBBADBBADADBDBDCDBBBDCCBCBBABCDAABCABABDDACADDDDDBBADAD,,,9,80175,,,,,,,,,,,,,,35,32,22,355355666660353666660000131536666607212166666000312266666000323366666000,,00023691,,,,,,,,49,3,0,8,8,23691,,3331123135153532153211321135113553155125111522121131523321311355325355551153353532,AAABBCABADBDADACBDACBBACBBADBBADDABDDBCDBBBDCCBCBBABDCAACBABBADDACDADDDDBBDAADADAC,AAABBCABADBDADACBDACBBACBBADBBADADBDBDCDBBBDCCBCBBABCDAABCABABDDACADDDDDBBADADADAC,,,7,23691,,,,,L_T1_GTR___standard,,,,,L_T1_GTR03_33000001,,,
166867,102,,,,,,,,,53,35,32,000000000000530000000000500000000007500000000000211551100000200000000000,,00080175,,,,,,,,51,5,0,7,7,80175,,333112313515353215321132113511355315512511152212113152332131135532535555115335,AAABBCABADBDADACBDACBBACBBADBBADDABDDBCDBBBDCCBCBBABDCAACBABBADDACDADDDDBBDAAD,AAABBCABADBDADACBDACBBACBBADBBADADBDBDCDBBBDCCBCBBABCDAABCABABDDACADDDDDBBADAD,,,9,80175,,,,,,,,,,,,,,,32,22,355355666666353666666666131536666635212166666666312266666666322266666666,,00023694,,,,,lose,,,50,3,0,3,3,23694,,3331123135153532153211321135113553155125111522121131523321311355325355551153353532,AAABBCABADBDADACBDACBBACBBADBBADDABDDBCDBBBDCCBCBBABDCAACBABBADDACDADDDDBBDAADADAC,AAABBCABADBDADACBDACBBACBBADBBADADBDBDCDBBBDCCBCBBABCDAABCABABDDACADDDDDBBADADADAC,,,7,23694,,,,,L_T1_GTR___standard,,,,,L_T1_GTR03_33000001,,,
166877,102,,,,,,,,,,32,22,000000000000530000000000500000000007535000000000211551100000200000000000,,00080186,,,,,win,,,53,6,0,0,0,80186,,33311231351535321532113211351135531551251115221211315233213113553253555511533532,AAABBCABADBDADACBDACBBACBBADBBADDABDDBCDBBBDCCBCBBABDCAACBABBADDACDADDDDBBDAADAC,AAABBCABADBDADACBDACBBACBBADBBADADBDBDCDBBBDCCBCBBABCDAABCABABDDACADDDDDBBADADAC,,,9,80186,,,,,,,,,,,,,,,32,22,355355666666353666666666131536666635212166666666312266666666322266666666,,00023694,,,,,lose,,,50,3,0,3,3,23694,,3331123135153532153211321135113553155125111522121131523321311355325355551153353532,AAABBCABADBDADACBDACBBACBBADBBADDABDDBCDBBBDCCBCBBABDCAACBABBADDACDADDDDBBDAADADAC,AAABBCABADBDADACBDACBBACBBADBBADADBDBDCDBBBDCCBCBBABCDAABCABABDDACADDDDDBBADADADAC,,,7,23694,,,,,L_T1_GTR___standard,,,,,L_T1_GTR03_33000001,,,
166878,101,,,,,,,,,,32,22,000000000000530000000000500000000007535000000000211551100000200000000000,,00080186,,,,,win,,,53,6,0,0,0,80186,,33311231351535321532113211351135531551251115221211315233213113553253555511533532,AAABBCABADBDADACBDACBBACBBADBBADDABDDBCDBBBDCCBCBBABDCAACBABBADDACDADDDDBBDAADAC,AAABBCABADBDADACBDACBBACBBADBBADADBDBDCDBBBDCCBCBBABCDAABCABABDDACADDDDDBBADADAC,,,9,80186,,,,,,,,,,,,,,,32,22,355355666666353666666666131536666635212166666666312266666666322266666666,,00023694,,,,,lose,,,50,3,0,3,3,23694,,3331123135153532153211321135113553155125111522121131523321311355325355551153353532,AAABBCABADBDADACBDACBBACBBADBBADDABDDBCDBBBDCCBCBBABDCAACBABBADDACDADDDDBBDAADADAC,AAABBCABADBDADACBDACBBACBBADBBADADBDBDCDBBBDCCBCBBABCDAABCABABDDACADDDDDBBADADADAC,,,7,23694,,,,,L_T1_GTR___standard,,,,,L_T1_GTR03_33000001,,,
