174820,0,,,,,,,,,,22,52,000000000000000000000000000000000007000000000000000000000000000000000000,000000,00000000,,,,,,,,0,0,0,0,0,0,,22,AA,AA,,,0,0,,,,,,,,,,,,,,,22,52,000000000000000000000000000000000007000000000000000000000000000000000000,000000,00000000,,,,,,,,0,0,0,0,0,0,,22,AA,AA,,,0,0,,,,,,,,,,,,,
174971,2,,,,,,,,,22,52,51,000000000000000000000000000000000007000000000000000000000000000000000000,,00000001,,,,,,,,1,1,0,1,1,1,,2252,AABA,AAAB,,,0,1,,,,,,,,,,,,,,22,52,51,000000000000000000000000000000000007000000000000000000000000000000000000,,00000000,,,,,,,,1,1,0,0,0,0,,2252,AABA,AAAB,,,0,0,,,,,,,,,,,,,
175021,3,,,,,,,,,52,51,23,200000000000200000000000000000000007000000000000000000000000000000000000,,00000013,,,,,,,,2,2,0,12,12,13,,225251,AABABC,AAABBC,,,0,13,,,,,,,,,,,,,,22,52,51,000000000000000000000000000000000007000000000000000000000000000000000000,,00000000,,,,,,,,1,1,0,0,0,0,,2252,AABA,AAAB,,,0,0,,,,,,,,,,,,,
175023,4,,,,,,,,,52,51,23,200000000000200000000000000000000007000000000000000000000000000000000000,,00000013,,,,,,,,2,2,0,12,12,13,,225251,AABABC,AAABBC,,,0,13,,,,,,,,,,,,,,52,51,23,200000000000200000000000000000000007000000000000000000000000000000000000,,00000013,,,,,,,,2,2,0,13,13,13,,225251,AABABC,AAABBC,,,0,13,,,,,,,,,,,,,
175070,5,,,,,,,,,51,23,21,200000000000200000000000520000000007000000000000000000000000000000000000,,00000026,,,,,,,,3,3,0,13,13,26,,22525123,AABABCAD,AAABBCAD,,,0,26,,,,,,,,,,,,,,52,51,23,200000000000200000000000000000000007000000000000000000000000000000000000,,00000013,,,,,,,,2,2,0,13,13,13,,225251,AABABC,AAABBC,,,0,13,,,,,,,,,,,,,
175072,6,,,,,,,,,51,23,21,200000000000200000000000520000000007000000000000000000000000000000000000,,00000026,,,,,,,,3,3,0,13,13,26,,22525123,AABABCAD,AAABBCAD,,,0,26,,,,,,,,,,,,,,51,23,21,200000000000200000000000520000000007000000000000000000000000000000000000,,00000026,,,,,,,,3,3,0,13,13,26,,22525123,AABABCAD,AAABBCAD,,,0,26,,,,,,,,,,,,,
175120,7,,,,,,,,,23,21,53,200000000000200000000000520000000007150000000000000000000000000000000000,,00000038,,,,,,,,4,4,0,12,12,38,,2252512321,AABABCADAC,AAABBCADAC,,,0,38,,,,,,,,,,L_T1_GTR03_32100001,,,,51,23,21,200000000000200000000000520000000007000000000000000000000000000000000000,,00000026,,,,,,,,3,3,0,13,13,26,,22525123,AABABCAD,AAABBCAD,,,0,26,,,,,,,,,,,,,
175123,8,,,,,,,,,23,21,53,200000000000200000000000520000000007150000000000000000000000000000000000,,00000038,,,,,,,,4,4,0,12,12,38,,2252512321,AABABCADAC,AAABBCADAC,,,0,38,,,,,,,,,,L_T1_GTR03_32100001,,,,23,21,53,200000000000200000000000520000000007150000000000000000000000000000000000,,00000038,,,,,,,,4,4,0,12,12,38,,2252512321,AABABCADAC,AAABBCADAC,,,0,38,,,,,,,,,,L_T1_GTR03_32100001,,,
175168,9,,,,,,,,,21,53,25,200000000000232000000000520000000007150000000000000000000000000000000000,,00000049,,,,,,,,5,5,0,11,11,49,,225251232153,AABABCADACBD,AAABBCADACBD,,,0,49,,,,,,,,,,L_T1_GTR03_41100001/L_T1_GTR03_32100001,,,,23,21,53,200000000000200000000000520000000007150000000000000000000000000000000000,,00000038,,,,,,,,4,4,0,12,12,38,,2252512321,AABABCADAC,AAABBCADAC,,,0,38,,,,,,,,,,L_T1_GTR03_32100001,,,
175171,10,,,,,,,,,21,53,25,200000000000232000000000520000000007150000000000000000000000000000000000,,00000049,,,,,,,,5,5,0,11,11,49,,225251232153,AABABCADACBD,AAABBCADACBD,,,0,49,,,,,,,,,,L_T1_GTR03_41100001/L_T1_GTR03_32100001,,,,21,53,25,200000000000232000000000520000000007150000000000000000000000000000000000,,00000049,,,,,,,,5,5,0,11,11,49,,225251232153,AABABCADACBD,AAABBCADACBD,,,0,49,,,,,,,,,,L_T1_GTR03_41100001/L_T1_GTR03_32100001,,,
175224,11,,,,,,,,,53,25,23,200000000000232000000000520000000007150000000000100000000000200000000000,,00000062,,,,,,,,6,6,0,13,13,62,,22525123215325,AABABCADACBDAB,AAABBCADACBDAB,,,0,62,,,,,,,,,,L_T1_GTR03_41100001,,,,21,53,25,200000000000232000000000520000000007150000000000000000000000000000000000,,00000049,,,,,,,,5,5,0,11,11,49,,225251232153,AABABCADACBD,AAABBCADACBD,,,0,49,,,,,,,,,,L_T1_GTR03_41100001/L_T1_GTR03_32100001,,,
175226,12,,,,,,,,,53,25,23,200000000000232000000000520000000007150000000000100000000000200000000000,,00000062,,,,,,,,6,6,0,13,13,62,,22525123215325,AABABCADACBDAB,AAABBCADACBDAB,,,0,62,,,,,,,,,,L_T1_GTR03_41100001,,,,53,25,23,200000000000232000000000520000000007150000000000100000000000200000000000,,00000062,,,,,,,,6,6,0,13,13,62,,22525123215325,AABABCADACBDAB,AAABBCADACBDAB,,,0,62,,,,,,,,,,L_T1_GTR03_41100001,,,
175294,13,,,,,,,,,25,23,21,230000000000232500000000520000000007150000000000100000000000200000000000,,00000072,,,,,,,,7,7,0,10,10,72,,2252512321532523,AABABCADACBDABAD,AAABBCADACBDABAD,,,0,72,,,,,L_T1_GTR___hekomi__,,,,,,,,,53,25,23,200000000000232000000000520000000007150000000000100000000000200000000000,,00000062,,,,,,,,6,6,0,13,13,62,,22525123215325,AABABCADACBDAB,AAABBCADACBDAB,,,0,62,,,,,,,,,,L_T1_GTR03_41100001,,,
175296,14,,,,,,,,,25,23,21,230000000000232500000000520000000007150000000000100000000000200000000000,,00000072,,,,,,,,7,7,0,10,10,72,,2252512321532523,AABABCADACBDABAD,AAABBCADACBDABAD,,,0,72,,,,,L_T1_GTR___hekomi__,,,,,,,,,25,23,21,230000000000232500000000520000000007150000000000100000000000200000000000,,00000072,,,,,,,,7,7,0,10,10,72,,2252512321532523,AABABCADACBDABAD,AAABBCADACBDABAD,,,0,72,,,,,L_T1_GTR___hekomi__,,,,,,,,
175348,15,,,,,,,,,23,21,31,230000000000232500000000520000000007150000000000150000000000220000000000,,00000084,,,,,,,,8,8,0,12,12,84,,225251232153252321,AABABCADACBDABADAC,AAABBCADACBDABADAC,,,0,84,,,,,L_T1_GTR___hekomi__,,,,,,,,,25,23,21,230000000000232500000000520000000007150000000000100000000000200000000000,,00000072,,,,,,,,7,7,0,10,10,72,,2252512321532523,AABABCADACBDABAD,AAABBCADACBDABAD,,,0,72,,,,,L_T1_GTR___hekomi__,,,,,,,,
175351,16,,,,,,,,,23,21,31,230000000000232500000000520000000007150000000000150000000000220000000000,,00000084,,,,,,,,8,8,0,12,12,84,,225251232153252321,AABABCADACBDABADAC,AAABBCADACBDABADAC,,,0,84,,,,,L_T1_GTR___hekomi__,,,,,,,,,23,21,31,230000000000232500000000520000000007150000000000150000000000220000000000,,00000084,,,,,,,,8,8,0,12,12,84,,225251232153252321,AABABCADACBDABADAC,AAABBCADACBDABADAC,,,0,84,,,,,L_T1_GTR___hekomi__,,,,,,,,
175397,17,,,,,,,,,21,31,55,230000000000232500000000520000000007152300000000150000000000220000000000,,00000095,,,,,,,,9,9,0,11,11,95,,22525123215325232131,AABABCADACBDABADACDC,AAABBCADACBDABADACCD,,,0,95,,,,,L_T1_GTR___hekomi__,,,,,,,,,23,21,31,230000000000232500000000520000000007150000000000150000000000220000000000,,00000084,,,,,,,,8,8,0,12,12,84,,225251232153252321,AABABCADACBDABADAC,AAABBCADACBDABADAC,,,0,84,,,,,L_T1_GTR___hekomi__,,,,,,,,
175399,18,,,,,,,,,21,31,55,230000000000232500000000520000000007152300000000150000000000220000000000,,00000095,,,,,,,,9,9,0,11,11,95,,22525123215325232131,AABABCADACBDABADACDC,AAABBCADACBDABADACCD,,,0,95,,,,,L_T1_GTR___hekomi__,,,,,,,,,21,31,55,230000000000232500000000520000000007152300000000150000000000220000000000,,00000095,,,,,,,,9,9,0,11,11,95,,22525123215325232131,AABABCADACBDABADACDC,AAABBCADACBDABADACCD,,,0,95,,,,,L_T1_GTR___hekomi__,,,,,,,,
175446,19,,,,,,,,,31,55,33,230000000000232500000000520000000007152300000000152000000000221000000000,,00000106,,,,,,,,10,10,0,11,11,106,,2252512321532523213155,AABABCADACBDABADACDCBB,AAABBCADACBDABADACCDBB,,,0,106,,,,,L_T1_GTR___hekomi__,,,,,,,,,21,31,55,230000000000232500000000520000000007152300000000150000000000220000000000,,00000095,,,,,,,,9,9,0,11,11,95,,22525123215325232131,AABABCADACBDABADACDC,AAABBCADACBDABADACCD,,,0,95,,,,,L_T1_GTR___hekomi__,,,,,,,,
175448,20,,,,,,,,,31,55,33,230000000000232500000000520000000007152300000000152000000000221000000000,,00000106,,,,,,,,10,10,0,11,11,106,,2252512321532523213155,AABABCADACBDABADACDCBB,AAABBCADACBDABADACCDBB,,,0,106,,,,,L_T1_GTR___hekomi__,,,,,,,,,31,55,33,230000000000232500000000520000000007152300000000152000000000221000000000,,00000106,,,,,,,,10,10,0,11,11,106,,2252512321532523213155,AABABCADACBDABADACDCBB,AAABBCADACBDABADACCDBB,,,0,106,,,,,L_T1_GTR___hekomi__,,,,,,,,
175499,22,,,,,,,,,55,33,22,230000000000232500000000520000000007152300000000152100000000221300000000,,00000116,,,,,,,,11,11,0,10,10,116,,225251232153252321315533,AABABCADACBDABADACDCBBDD,AAABBCADACBDABADACCDBBDD,,,0,116,,,,,L_T1_GTR___hekomi__,,,,,,,,,55,33,22,230000000000232500000000520000000007152300000000152100000000221300000000,,00000116,,,,,,,,11,11,0,10,10,116,,225251232153252321315533,AABABCADACBDABADACDCBBDD,AAABBCADACBDABADACCDBBDD,,,0,116,,,,,L_T1_GTR___hekomi__,,,,,,,,
175546,24,,,,,,,,,33,22,23,235500000000232500000000520000000007152300000000152100000000221300000000,,00000126,,,,,,,,12,12,0,10,10,126,,22525123215325232131553322,AABABCADACBDABADACDCBBDDAA,AAABBCADACBDABADACCDBBDDAA,,,0,126,,,,,L_T1_GTR___hekomi__,,,,,,,,,33,22,23,235500000000232500000000520000000007152300000000152100000000221300000000,,00000126,,,,,,,,12,12,0,10,10,126,,22525123215325232131553322,AABABCADACBDABADACDCBBDDAA,AAABBCADACBDABADACCDBBDDAA,,,0,126,,,,,L_T1_GTR___hekomi__,,,,,,,,
175589,25,,,,,,,,,22,23,52,235533000000232500000000520000000007152300000000152100000000221300000000,,00000134,,,,,,,,13,13,0,8,8,134,,2252512321532523213155332223,AABABCADACBDABADACDCBBDDAAAD,AAABBCADACBDABADACCDBBDDAAAD,,,0,134,,,,,L_T1_GTR___hekomi__,,,,,,,,,33,22,23,235500000000232500000000520000000007152300000000152100000000221300000000,,00000126,,,,,,,,12,12,0,10,10,126,,22525123215325232131553322,AABABCADACBDABADACDCBBDDAA,AAABBCADACBDABADACCDBBDDAA,,,0,126,,,,,L_T1_GTR___hekomi__,,,,,,,,
175593,26,,,,,,,,,22,23,52,235533000000232500000000520000000007152300000000152100000000221300000000,,00000134,,,,,,,,13,13,0,8,8,134,,2252512321532523213155332223,AABABCADACBDABADACDCBBDDAAAD,AAABBCADACBDABADACCDBBDDAAAD,,,0,134,,,,,L_T1_GTR___hekomi__,,,,,,,,,22,23,52,235500000000232500000000520000000007152300000000152130000000221330000000,,00000135,,,,,,,,13,13,0,9,9,135,,2252512321532523213155332223,AABABCADACBDABADACDCBBDDAAAD,AAABBCADACBDABADACCDBBDDAAAD,,,0,135,,,,,L_T1_GTR___hekomi__,,,,,,,,
175631,27,,,,,,,,,23,52,12,235533000000232522000000520000000007152300000000152100000000221300000000,,00000142,,,,,,,,14,14,0,8,8,142,,225251232153252321315533222352,AABABCADACBDABADACDCBBDDAAADBA,AAABBCADACBDABADACCDBBDDAAADAB,,,0,142,,,,,L_T1_GTR___hekomi__,,,,,,,,,22,23,52,235500000000232500000000520000000007152300000000152130000000221330000000,,00000135,,,,,,,,13,13,0,9,9,135,,2252512321532523213155332223,AABABCADACBDABADACDCBBDDAAAD,AAABBCADACBDABADACCDBBDDAAAD,,,0,135,,,,,L_T1_GTR___hekomi__,,,,,,,,
175638,28,,,,,,,,,23,52,12,235533000000232522000000520000000007152300000000152100000000221300000000,,00000142,,,,,,,,14,14,0,8,8,142,,225251232153252321315533222352,AABABCADACBDABADACDCBBDDAAADBA,AAABBCADACBDABADACCDBBDDAAADAB,,,0,142,,,,,L_T1_GTR___hekomi__,,,,,,,,,23,52,12,235520000000232520000000520000000007152300000000152130000000221330000000,,00000144,,,,,,,,14,14,0,9,9,144,,225251232153252321315533222352,AABABCADACBDABADACDCBBDDAAADBA,AAABBCADACBDABADACCDBBDDAAADAB,,,0,144,,,,,L_T1_GTR___hekomi__,,,,,,,,
175679,29,,,,,,,,,52,12,52,235533000000232522000000520000000007152300000000152100000000221332000000,,00000150,,,,,,,,15,15,0,8,8,150,,22525123215325232131553322235212,AABABCADACBDABADACDCBBDDAAADBACA,AAABBCADACBDABADACCDBBDDAAADABAC,,,0,150,,,,,L_T1_GTR___hekomi__,,,,,,,,,23,52,12,235520000000232520000000520000000007152300000000152130000000221330000000,,00000144,,,,,,,,14,14,0,9,9,144,,225251232153252321315533222352,AABABCADACBDABADACDCBBDDAAADBA,AAABBCADACBDABADACCDBBDDAAADAB,,,0,144,,,,,L_T1_GTR___hekomi__,,,,,,,,
175683,30,,,,,,,,,52,12,52,235533000000232522000000520000000007152300000000152100000000221332000000,,00000150,,,,,,,,15,15,0,8,8,150,,22525123215325232131553322235212,AABABCADACBDABADACDCBBDDAAADBACA,AAABBCADACBDABADACCDBBDDAAADABAC,,,0,150,,,,,L_T1_GTR___hekomi__,,,,,,,,,52,12,52,235522000000232523000000520000000007152300000000152130000000221330000000,,00000152,,,,,,,,15,15,0,8,8,152,,22525123215325232131553322235212,AABABCADACBDABADACDCBBDDAAADBACA,AAABBCADACBDABADACCDBBDDAAADABAC,,,0,152,,,,,L_T1_GTR___hekomi__,,,,,,,,
175723,31,,,,,,,,,12,52,25,235533000000232522000000525200000007152300000000152100000000221332000000,,00000161,,,,,,,,16,16,0,11,11,161,,2252512321532523213155332223521252,AABABCADACBDABADACDCBBDDAAADBACABA,AAABBCADACBDABADACCDBBDDAAADABACAB,,,0,161,,,,,L_T1_GTR___hekomi__,,,,,,,,,52,12,52,235522000000232523000000520000000007152300000000152130000000221330000000,,00000152,,,,,,,,15,15,0,8,8,152,,22525123215325232131553322235212,AABABCADACBDABADACDCBBDDAAADBACA,AAABBCADACBDABADACCDBBDDAAADABAC,,,0,152,,,,,L_T1_GTR___hekomi__,,,,,,,,
175750,32,,,,,,,,,12,52,25,235533000000232522000000525200000007152300000000152100000000221332000000,,00000161,,,,,,,,16,16,0,11,11,161,,2252512321532523213155332223521252,AABABCADACBDABADACDCBBDDAAADBACABA,AAABBCADACBDABADACCDBBDDAAADABACAB,,,0,161,,,,,L_T1_GTR___hekomi__,,,,,,,,,12,52,25,235522000000232523200000525000000007152300000000152130000000221330000000,,00000159,,,,,,,,16,16,0,7,7,159,,2252512321532523213155332223521252,AABABCADACBDABADACDCBBDDAAADBACABA,AAABBCADACBDABADACCDBBDDAAADABACAB,,,0,159,,,,,L_T1_GTR___hekomi__,,,,,,,,
175764,33,,,,,,,,,52,25,51,235533000000232522000000525210000007152320000000152100000000221332000000,,00000170,,,,,,,,17,17,0,9,9,170,,225251232153252321315533222352125225,AABABCADACBDABADACDCBBDDAAADBACABAAB,AAABBCADACBDABADACCDBBDDAAADABACABAB,,,0,170,,,,,L_T1_GTR___hekomi__,,,,,,,,,12,52,25,235522000000232523200000525000000007152300000000152130000000221330000000,,00000159,,,,,,,,16,16,0,7,7,159,,2252512321532523213155332223521252,AABABCADACBDABADACDCBBDDAAADBACABA,AAABBCADACBDABADACCDBBDDAAADABACAB,,,0,159,,,,,L_T1_GTR___hekomi__,,,,,,,,
175792,34,,,,,,,,,52,25,51,235533000000232522000000525210000007152320000000152100000000221332000000,,00000170,,,,,,,,17,17,0,9,9,170,,225251232153252321315533222352125225,AABABCADACBDABADACDCBBDDAAADBACABAAB,AAABBCADACBDABADACCDBBDDAAADABACABAB,,,0,170,,,,,L_T1_GTR___hekomi__,,,,,,,,,52,25,51,235522000000232523200000525000000007152321000000152130000000221330000000,,00000167,,,,,,,,17,17,0,8,8,167,,225251232153252321315533222352125225,AABABCADACBDABADACDCBBDDAAADBACABAAB,AAABBCADACBDABADACCDBBDDAAADABACABAB,,,0,167,,,,,L_T1_GTR___hekomi__,,,,,,,,
175803,35,,,,,,,,,25,51,51,235533000000232522000000525212500007152320000000152100000000221332000000,,00000177,,,,,,,,18,18,0,7,7,177,,22525123215325232131553322235212522551,AABABCADACBDABADACDCBBDDAAADBACABAABBC,AAABBCADACBDABADACCDBBDDAAADABACABABBC,,,0,177,,,,,L_T1_GTR___hekomi__,,,,,,,,,52,25,51,235522000000232523200000525000000007152321000000152130000000221330000000,,00000167,,,,,,,,17,17,0,8,8,167,,225251232153252321315533222352125225,AABABCADACBDABADACDCBBDDAAADBACABAAB,AAABBCADACBDABADACCDBBDDAAADABACABAB,,,0,167,,,,,L_T1_GTR___hekomi__,,,,,,,,
175842,36,,,,,,,,,51,51,35,235533000000232522520000525212500007152320000000152100000000221332000000,,00000183,,,,,,,,19,19,0,6,6,183,,2252512321532523213155332223521252255151,AABABCADACBDABADACDCBBDDAAADBACABAABBCBC,AAABBCADACBDABADACCDBBDDAAADABACABABBCBC,,,0,183,,,,,L_T1_GTR___hekomi__,,,,,,,,,52,25,51,235522000000232523200000525000000007152321000000152130000000221330000000,,00000167,,,,,,,,17,17,0,8,8,167,,225251232153252321315533222352125225,AABABCADACBDABADACDCBBDDAAADBACABAAB,AAABBCADACBDABADACCDBBDDAAADABACABAB,,,0,167,,,,,L_T1_GTR___hekomi__,,,,,,,,
175852,37,,,,,,,,,51,51,35,235533000000232522520000525212500007152320000000152100000000221332000000,,00000183,,,,,,,,19,19,0,6,6,183,,2252512321532523213155332223521252255151,AABABCADACBDABADACDCBBDDAAADBACABAABBCBC,AAABBCADACBDABADACCDBBDDAAADABACABABBCBC,,,0,183,,,,,L_T1_GTR___hekomi__,,,,,,,,,25,51,51,235522500000232523220000525000000007152321000000152130000000221330000000,,00000173,,,,,,,,18,18,0,6,6,173,,22525123215325232131553322235212522551,AABABCADACBDABADACDCBBDDAAADBACABAABBC,AAABBCADACBDABADACCDBBDDAAADABACABABBC,,,0,173,,,,,L_T1_GTR___hekomi__,,,,,,,,
175882,38,,,,,,,,,51,35,31,235533000000232522520000525212500007152325100000152100000000221332000000,,00000191,,,,,,,,20,20,0,8,8,191,,225251232153252321315533222352125225515135,AABABCADACBDABADACDCBBDDAAADBACABAABBCBCDB,AAABBCADACBDABADACCDBBDDAAADABACABABBCBCBD,,,0,191,,,,,L_T1_GTR___hekomi__,,,,,,,,,25,51,51,235522500000232523220000525000000007152321000000152130000000221330000000,,00000173,,,,,,,,18,18,0,6,6,173,,22525123215325232131553322235212522551,AABABCADACBDABADACDCBBDDAAADBACABAABBC,AAABBCADACBDABADACCDBBDDAAADABACABABBC,,,0,173,,,,,L_T1_GTR___hekomi__,,,,,,,,
175918,39,,,,,,,,,51,35,31,235533000000232522520000525212500007152325100000152100000000221332000000,,00000191,,,,,,,,20,20,0,8,8,191,,225251232153252321315533222352125225515135,AABABCADACBDABADACDCBBDDAAADBACABAABBCBCDB,AAABBCADACBDABADACCDBBDDAAADABACABABBCBCBD,,,0,191,,,,,L_T1_GTR___hekomi__,,,,,,,,,51,51,35,235522500000232523220000525200000007152321500000152130000000221330000000,,00000180,,,,,,,,19,19,0,7,7,180,,2252512321532523213155332223521252255151,AABABCADACBDABADACDCBBDDAAADBACABAABBCBC,AAABBCADACBDABADACCDBBDDAAADABACABABBCBC,,,0,180,,,,,L_T1_GTR___hekomi__,,,,,,,,
175920,40,,,,,,,,,35,31,15,235533000000232522520000525212550007152325110000152100000000221332000000,,00000197,,,,,,,,21,21,0,6,6,197,,22525123215325232131553322235212522551513531,AABABCADACBDABADACDCBBDDAAADBACABAABBCBCDBDC,AAABBCADACBDABADACCDBBDDAAADABACABABBCBCBDCD,,,0,197,,,,,L_T1_GTR___hekomi__,,,,,,,,,51,51,35,235522500000232523220000525200000007152321500000152130000000221330000000,,00000180,,,,,,,,19,19,0,7,7,180,,2252512321532523213155332223521252255151,AABABCADACBDABADACDCBBDDAAADBACABAABBCBC,AAABBCADACBDABADACCDBBDDAAADABACABABBCBC,,,0,180,,,,,L_T1_GTR___hekomi__,,,,,,,,
175961,41,,,,,,,,,35,31,15,235533000000232522520000525212550007152325110000152100000000221332000000,,00000197,,,,,,,,21,21,0,6,6,197,,22525123215325232131553322235212522551513531,AABABCADACBDABADACDCBBDDAAADBACABAABBCBCDBDC,AAABBCADACBDABADACCDBBDDAAADABACABABBCBCBDCD,,,0,197,,,,,L_T1_GTR___hekomi__,,,,,,,,,51,35,31,235522500000232523220000525200000007152321500000152131500000221330000000,,00000187,,,,,,,,20,20,0,7,7,187,,225251232153252321315533222352125225515135,AABABCADACBDABADACDCBBDDAAADBACABAABBCBCDB,AAABBCADACBDABADACCDBBDDAAADABACABABBCBCBD,,,0,187,,,,,L_T1_GTR___hekomi__,,,,,,,,
175992,42,,,,,,,,,31,15,53,235533000000232522520000525212550007152325115000152130000000221332000000,,00000202,,,,,,,,22,22,0,5,5,202,,2252512321532523213155332223521252255151353115,AABABCADACBDABADACDCBBDDAAADBACABAABBCBCDBDCCB,AAABBCADACBDABADACCDBBDDAAADABACABABBCBCBDCDBC,,,0,202,,,,,L_T1_GTR___hekomi__,,,,,,,,,51,35,31,235522500000232523220000525200000007152321500000152131500000221330000000,,00000187,,,,,,,,20,20,0,7,7,187,,225251232153252321315533222352125225515135,AABABCADACBDABADACDCBBDDAAADBACABAABBCBCDB,AAABBCADACBDABADACCDBBDDAAADABACABABBCBCBD,,,0,187,,,,,L_T1_GTR___hekomi__,,,,,,,,
176005,43,,,,,,,,,31,15,53,235533000000232522520000525212550007152325115000152130000000221332000000,,00000202,,,,,,,,22,22,0,5,5,202,,2252512321532523213155332223521252255151353115,AABABCADACBDABADACDCBBDDAAADBACABAABBCBCDBDCCB,AAABBCADACBDABADACCDBBDDAAADABACABABBCBCBDCDBC,,,0,202,,,,,L_T1_GTR___hekomi__,,,,,,,,,35,31,15,235522500000232523220000525200000007152321500000152131500000221331500000,,00000194,,,,,,,,21,21,0,7,7,194,,22525123215325232131553322235212522551513531,AABABCADACBDABADACDCBBDDAAADBACABAABBCBCDBDC,AAABBCADACBDABADACCDBBDDAAADABACABABBCBCBDCD,,,0,194,,,,,L_T1_GTR___hekomi__,,,,,,,,
176036,44,,,,,,,,,15,53,51,235533310000232522520000525212550007152325115000152130000000221332000000,,00000209,,,,,,,,23,23,0,7,7,209,,225251232153252321315533222352125225515135311553,AABABCADACBDABADACDCBBDDAAADBACABAABBCBCDBDCCBBD,AAABBCADACBDABADACCDBBDDAAADABACABABBCBCBDCDBCBD,,,0,209,,,,,L_T1_GTR___hekomi__,,,,,,,,,35,31,15,235522500000232523220000525200000007152321500000152131500000221331500000,,00000194,,,,,,,,21,21,0,7,7,194,,22525123215325232131553322235212522551513531,AABABCADACBDABADACDCBBDDAAADBACABAABBCBCDBDC,AAABBCADACBDABADACCDBBDDAAADABACABABBCBCBDCD,,,0,194,,,,,L_T1_GTR___hekomi__,,,,,,,,
176068,45,,,,,,,,,15,53,51,235533310000232522520000525212550007152325115000152130000000221332000000,,00000209,,,,,,,,23,23,0,7,7,209,,225251232153252321315533222352125225515135311553,AABABCADACBDABADACDCBBDDAAADBACABAABBCBCDBDCCBBD,AAABBCADACBDABADACCDBBDDAAADABACABABBCBCBDCDBCBD,,,0,209,,,,,L_T1_GTR___hekomi__,,,,,,,,,31,15,53,235522500000232523225000525230000007152321500000152131500000221331500000,,00000199,,,,,,,,22,22,0,5,5,199,,2252512321532523213155332223521252255151353115,AABABCADACBDABADACDCBBDDAAADBACABAABBCBCDBDCCB,AAABBCADACBDABADACCDBBDDAAADABACABABBCBCBDCDBC,,,0,199,,,,,L_T1_GTR___hekomi__,,,,,,,,
176076,46,,,,,,,,,53,51,51,235533311500232522520000525212550007152325115000152130000000221332000000,,00000214,,,,,,,,24,24,0,5,5,214,,22525123215325232131553322235212522551513531155351,AABABCADACBDABADACDCBBDDAAADBACABAABBCBCDBDCCBBDBC,AAABBCADACBDABADACCDBBDDAAADABACABABBCBCBDCDBCBDBC,,,0,214,,,,,L_T1_GTR___hekomi__,,,,,,,,,31,15,53,235522500000232523225000525230000007152321500000152131500000221331500000,,00000199,,,,,,,,22,22,0,5,5,199,,2252512321532523213155332223521252255151353115,AABABCADACBDABADACDCBBDDAAADBACABAABBCBCDBDCCB,AAABBCADACBDABADACCDBBDDAAADABACABABBCBCBDCDBC,,,0,199,,,,,L_T1_GTR___hekomi__,,,,,,,,
176108,47,,,,,,,,,53,51,51,235533311500232522520000525212550007152325115000152130000000221332000000,,00000214,,,,,,,,24,24,0,5,5,214,,22525123215325232131553322235212522551513531155351,AABABCADACBDABADACDCBBDDAAADBACABAABBCBCDBDCCBBDBC,AAABBCADACBDABADACCDBBDDAAADABACABABBCBCBDCDBCBDBC,,,0,214,,,,,L_T1_GTR___hekomi__,,,,,,,,,15,53,51,235522500000232523225000525233100007152321500000152131500000221331500000,,00000207,,,,,,,,23,23,0,8,8,207,,225251232153252321315533222352125225515135311553,AABABCADACBDABADACDCBBDDAAADBACABAABBCBCDBDCCBBD,AAABBCADACBDABADACCDBBDDAAADABACABABBCBCBDCDBCBD,,,0,207,,,,,L_T1_GTR___hekomi__,,,,,,,,
176137,48,,,,,,,,,51,51,53,235533311550232522523000525212550007152325115000152130000000221332000000,,00000217,,,,,,,,25,25,0,3,3,217,,2252512321532523213155332223521252255151353115535151,AABABCADACBDABADACDCBBDDAAADBACABAABBCBCDBDCCBBDBCBC,AAABBCADACBDABADACCDBBDDAAADABACABABBCBCBDCDBCBDBCBC,,,0,217,,,,,L_T1_GTR___hekomi__,,,,,,,,,15,53,51,235522500000232523225000525233100007152321500000152131500000221331500000,,00000207,,,,,,,,23,23,0,8,8,207,,225251232153252321315533222352125225515135311553,AABABCADACBDABADACDCBBDDAAADBACABAABBCBCDBDCCBBD,AAABBCADACBDABADACCDBBDDAAADABACABABBCBCBDCDBCBD,,,0,207,,,,,L_T1_GTR___hekomi__,,,,,,,,
176146,49,,,,,,,,,51,51,53,235533311550232522523000525212550007152325115000152130000000221332000000,,00000217,,,,,,,,25,25,0,3,3,217,,2252512321532523213155332223521252255151353115535151,AABABCADACBDABADACDCBBDDAAADBACABAABBCBCDBDCCBBDBCBC,AAABBCADACBDABADACCDBBDDAAADABACABABBCBCBDCDBCBDBCBC,,,0,217,,,,,L_T1_GTR___hekomi__,,,,,,,,,53,51,51,235522500000232523225000525233100007152321515000152131500000221331500000,,00000213,,,,,,,,24,24,0,6,6,213,,22525123215325232131553322235212522551513531155351,AABABCADACBDABADACDCBBDDAAADBACABAABBCBCDBDCCBBDBC,AAABBCADACBDABADACCDBBDDAAADABACABABBCBCBDCDBCBDBC,,,0,213,,,,,L_T1_GTR___hekomi__,,,,,,,,
176168,50,,,,,,,,,51,53,33,235533311550232522523150525212550007152325115000152130000000221332000000,,00000220,,,,,,,,26,26,0,3,3,220,,225251232153252321315533222352125225515135311553515153,AABABCADACBDABADACDCBBDDAAADBACABAABBCBCDBDCCBBDBCBCBD,AAABBCADACBDABADACCDBBDDAAADABACABABBCBCBDCDBCBDBCBCBD,,,0,220,,,,,L_T1_GTR___hekomi__,,,,,,,,,53,51,51,235522500000232523225000525233100007152321515000152131500000221331500000,,00000213,,,,,,,,24,24,0,6,6,213,,22525123215325232131553322235212522551513531155351,AABABCADACBDABADACDCBBDDAAADBACABAABBCBCDBDCCBBDBC,AAABBCADACBDABADACCDBBDDAAADABACABABBCBCBDCDBCBDBC,,,0,213,,,,,L_T1_GTR___hekomi__,,,,,,,,
176180,51,,,,,,,,,51,53,33,235533311550232522523150525212550007152325115000152130000000221332000000,,00000220,,,,,,,,26,26,0,3,3,220,,225251232153252321315533222352125225515135311553515153,AABABCADACBDABADACDCBBDDAAADBACABAABBCBCDBDCCBBDBCBCBD,AAABBCADACBDABADACCDBBDDAAADABACABABBCBCBDCDBCBDBCBCBD,,,0,220,,,,,L_T1_GTR___hekomi__,,,,,,,,,51,51,53,235522500000232523225000525233135007152321515000152131500000221331500000,,00000218,,,,,,,,25,25,0,5,5,218,,2252512321532523213155332223521252255151353115535151,AABABCADACBDABADACDCBBDDAAADBACABAABBCBCDBDCCBBDBCBC,AAABBCADACBDABADACCDBBDDAAADABACABABBCBCBDCDBCBDBCBC,,,0,218,,,,,L_T1_GTR___hekomi__,,,,,,,,
176214,52,,,,,,,,,51,53,33,235533311550232522523150525212550007152325115000152130000000221332000000,,00000220,,,,,,,,26,26,0,3,3,220,,225251232153252321315533222352125225515135311553515153,AABABCADACBDABADACDCBBDDAAADBACABAABBCBCDBDCCBBDBCBCBD,AAABBCADACBDABADACCDBBDDAAADABACABABBCBCBDCDBCBDBCBCBD,,,0,220,,,,,L_T1_GTR___hekomi__,,,,,,,,,51,53,33,235522500000232523225150525233135007152321515000152131500000221331500000,,00000221,,,,,,,,26,26,0,3,3,221,,225251232153252321315533222352125225515135311553515153,AABABCADACBDABADACDCBBDDAAADBACABAABBCBCDBDCCBBDBCBCBD,AAABBCADACBDABADACCDBBDDAAADABACABABBCBCBDCDBCBDBCBCBD,,,0,221,,,,,L_T1_GTR___hekomi__,,,,,,,,
176218,53,,,,,,,,,53,33,52,235533311550232522523150525212550007152325115000152130000000221332150000,,00000225,,,,,,,,27,27,0,5,5,225,,22525123215325232131553322235212522551513531155351515333,AABABCADACBDABADACDCBBDDAAADBACABAABBCBCDBDCCBBDBCBCBDDD,AAABBCADACBDABADACCDBBDDAAADABACABABBCBCBDCDBCBDBCBCBDDD,,,0,225,,,,,L_T1_GTR___hekomi__,,,,,,,,,51,53,33,235522500000232523225150525233135007152321515000152131500000221331500000,,00000221,,,,,,,,26,26,0,3,3,221,,225251232153252321315533222352125225515135311553515153,AABABCADACBDABADACDCBBDDAAADBACABAABBCBCDBDCCBBDBCBCBD,AAABBCADACBDABADACCDBBDDAAADABACABABBCBCBDCDBCBDBCBCBD,,,0,221,,,,,L_T1_GTR___hekomi__,,,,,,,,
176246,54,,,,,,,,,53,33,52,235533311550232522523150525212550007152325115000152130000000221332150000,,00000225,,,,,,,,27,27,0,5,5,225,,22525123215325232131553322235212522551513531155351515333,AABABCADACBDABADACDCBBDDAAADBACABAABBCBCDBDCCBBDBCBCBDDD,AAABBCADACBDABADACCDBBDDAAADABACABABBCBCBDCDBCBDBCBCBDDD,,,0,225,,,,,L_T1_GTR___hekomi__,,,,,,,,,53,33,52,235522500000232523225150525233135007152321515150152131500000221331500000,,00000224,,,,,,,,27,27,0,3,3,224,,22525123215325232131553322235212522551513531155351515333,AABABCADACBDABADACDCBBDDAAADBACABAABBCBCDBDCCBBDBCBCBDDD,AAABBCADACBDABADACCDBBDDAAADABACABABBCBCBDCDBCBDBCBCBDDD,,,0,224,,,,,L_T1_GTR___hekomi__,,,,,,,,
176266,55,,,,,,,,,33,52,13,235533311550232522523150525212550007152325115000152130000000221332155300,,00000230,,,,,,,,28,28,0,5,5,230,,2252512321532523213155332223521252255151353115535151533352,AABABCADACBDABADACDCBBDDAAADBACABAABBCBCDBDCCBBDBCBCBDDDBA,AAABBCADACBDABADACCDBBDDAAADABACABABBCBCBDCDBCBDBCBCBDDDAB,,,0,230,,,,,L_T1_GTR___hekomi__,,,,,,,,,53,33,52,235522500000232523225150525233135007152321515150152131500000221331500000,,00000224,,,,,,,,27,27,0,3,3,224,,22525123215325232131553322235212522551513531155351515333,AABABCADACBDABADACDCBBDDAAADBACABAABBCBCDBDCCBBDBCBCBDDD,AAABBCADACBDABADACCDBBDDAAADABACABABBCBCBDCDBCBDBCBCBDDD,,,0,224,,,,,L_T1_GTR___hekomi__,,,,,,,,
176286,56,,,,,,,,,33,52,13,235533311550232522523150525212550007152325115000152130000000221332155300,,00000230,,,,,,,,28,28,0,5,5,230,,2252512321532523213155332223521252255151353115535151533352,AABABCADACBDABADACDCBBDDAAADBACABAABBCBCDBDCCBBDBCBCBDDDBA,AAABBCADACBDABADACCDBBDDAAADABACABABBCBCBDCDBCBDBCBCBDDDAB,,,0,230,,,,,L_T1_GTR___hekomi__,,,,,,,,,33,52,13,235522500000232523225150525233135007152321515150152131500000221331535000,,00000229,,,,,,,,28,28,0,5,5,229,,2252512321532523213155332223521252255151353115535151533352,AABABCADACBDABADACDCBBDDAAADBACABAABBCBCDBDCCBBDBCBCBDDDBA,AAABBCADACBDABADACCDBBDDAAADABACABABBCBCBDCDBCBDBCBCBDDDAB,,,0,229,,,,,L_T1_GTR___hekomi__,,,,,,,,
176298,57,,,,,,,,,52,13,35,235533311553232522523150525212550007152325115000152130000000221332155300,,00000232,,,,,,,,29,29,0,2,2,232,,225251232153252321315533222352125225515135311553515153335213,AABABCADACBDABADACDCBBDDAAADBACABAABBCBCDBDCCBBDBCBCBDDDBACD,AAABBCADACBDABADACCDBBDDAAADABACABABBCBCBDCDBCBDBCBCBDDDABCD,,,0,232,,,,,L_T1_GTR___hekomi__,,,,,,,,,33,52,13,235522500000232523225150525233135007152321515150152131500000221331535000,,00000229,,,,,,,,28,28,0,5,5,229,,2252512321532523213155332223521252255151353115535151533352,AABABCADACBDABADACDCBBDDAAADBACABAABBCBCDBDCCBBDBCBCBDDDBA,AAABBCADACBDABADACCDBBDDAAADABACABABBCBCBDCDBCBDBCBCBDDDAB,,,0,229,,,,,L_T1_GTR___hekomi__,,,,,,,,
176330,58,,,,,,,,,52,13,35,235533311553232522523150525212550007152325115000152130000000221332155300,,00000232,,,,,,,,29,29,0,2,2,232,,225251232153252321315533222352125225515135311553515153335213,AABABCADACBDABADACDCBBDDAAADBACABAABBCBCDBDCCBBDBCBCBDDDBACD,AAABBCADACBDABADACCDBBDDAAADABACABABBCBCBDCDBCBDBCBCBDDDABCD,,,0,232,,,,,L_T1_GTR___hekomi__,,,,,,,,,52,13,35,235522500000232523225150525233135007152321515150152131533000221331535000,,00000234,,,,,,,,29,29,0,5,5,234,,225251232153252321315533222352125225515135311553515153335213,AABABCADACBDABADACDCBBDDAAADBACABAABBCBCDBDCCBBDBCBCBDDDBACD,AAABBCADACBDABADACCDBBDDAAADABACABABBCBCBDCDBCBDBCBCBDDDABCD,,,0,234,,,,,L_T1_GTR___hekomi__,,,,,,,,
176368,59,,,,,,,,,52,13,35,235533311553232522523150525212550007152325115000152130000000221332155300,,00000232,,,,,,,,29,29,0,2,2,232,,225251232153252321315533222352125225515135311553515153335213,AABABCADACBDABADACDCBBDDAAADBACABAABBCBCDBDCCBBDBCBCBDDDBACD,AAABBCADACBDABADACCDBBDDAAADABACABABBCBCBDCDBCBDBCBCBDDDABCD,,,0,232,,,,,L_T1_GTR___hekomi__,,,,,,,,,13,35,32,235522500000232523225150525233135007152321515150152131533000221331535520,,00000238,,,,,,,,30,30,0,4,4,238,,22525123215325232131553322235212522551513531155351515333521335,AABABCADACBDABADACDCBBDDAAADBACABAABBCBCDBDCCBBDBCBCBDDDBACDDB,AAABBCADACBDABADACCDBBDDAAADABACABABBCBCBDCDBCBDBCBCBDDDABCDBD,,,0,238,,,,,L_T1_GTR___hekomi__,,,,,,,,
176371,60,,,,,,,,,13,35,32,235533311553232522523150525212550007152325115500152132000000221332155300,,00000236,,,,,,,,30,30,0,4,4,236,,22525123215325232131553322235212522551513531155351515333521335,AABABCADACBDABADACDCBBDDAAADBACABAABBCBCDBDCCBBDBCBCBDDDBACDDB,AAABBCADACBDABADACCDBBDDAAADABACABABBCBCBDCDBCBDBCBCBDDDABCDBD,,,0,236,,,,,L_T1_GTR___hekomi__,,,,,,,,,13,35,32,235522500000232523225150525233135007152321515150152131533000221331535520,,00000238,,,,,,,,30,30,0,4,4,238,,22525123215325232131553322235212522551513531155351515333521335,AABABCADACBDABADACDCBBDDAAADBACABAABBCBCDBDCCBBDBCBCBDDDBACDDB,AAABBCADACBDABADACCDBBDDAAADABACABABBCBCBDCDBCBDBCBCBDDDABCDBD,,,0,238,,,,,L_T1_GTR___hekomi__,,,,,,,,
176412,61,,,,,,,,,35,32,25,235533311553232522523150525212550007152325115500152132310000221332155300,,00000242,,,,,,,,31,31,0,6,6,242,,2252512321532523213155332223521252255151353115535151533352133532,AABABCADACBDABADACDCBBDDAAADBACABAABBCBCDBDCCBBDBCBCBDDDBACDDBDA,AAABBCADACBDABADACCDBBDDAAADABACABABBCBCBDCDBCBDBCBCBDDDABCDBDAD,,,0,242,,,,,L_T1_GTR___hekomi__,,,,,,,,,13,35,32,235522500000232523225150525233135007152321515150152131533000221331535520,,00000238,,,,,,,,30,30,0,4,4,238,,22525123215325232131553322235212522551513531155351515333521335,AABABCADACBDABADACDCBBDDAAADBACABAABBCBCDBDCCBBDBCBCBDDDBACDDB,AAABBCADACBDABADACCDBBDDAAADABACABABBCBCBDCDBCBDBCBCBDDDABCDBD,,,0,238,,,,,L_T1_GTR___hekomi__,,,,,,,,
176460,62,,,,,,,,,35,32,25,235533311553232522523150525212550007152325115500152132310000221332155300,,00000242,,,,,,,,31,31,0,6,6,242,,2252512321532523213155332223521252255151353115535151533352133532,AABABCADACBDABADACDCBBDDAAADBACABAABBCBCDBDCCBBDBCBCBDDDBACDDBDA,AAABBCADACBDABADACCDBBDDAAADABACABABBCBCBDCDBCBDBCBCBDDDABCDBDAD,,,0,242,,,,,L_T1_GTR___hekomi__,,,,,,,,,35,32,25,235522513000232523225150525233135007152321515150152131533000221331535520,,00000241,,,,,,,,31,31,0,3,3,241,,2252512321532523213155332223521252255151353115535151533352133532,AABABCADACBDABADACDCBBDDAAADBACABAABBCBCDBDCCBBDBCBCBDDDBACDDBDA,AAABBCADACBDABADACCDBBDDAAADABACABABBCBCBDCDBCBDBCBCBDDDABCDBDAD,,,0,241,,,,,L_T1_GTR___hekomi__,,,,,,,,
176469,63,,,,,,,,,,32,25,235533311553232522523150525212550007152325115500152132315000221332155330,,bb50abb2,,,,,,,,32,0,1,bb50abb2,100,342,,2252512321532523213155332223521252255151353115535151533352133532,AABABCADACBDABADACDCBBDDAAADBACABAABBCBCDBDCCBBDBCBCBDDDBACDDBDA,AAABBCADACBDABADACCDBBDDAAADABACABABBCBCBDCDBCBDBCBCBDDDABCDBDAD,,,1,342,,,,,L_T1_GTR___hekomi__,,,,,,,,,35,32,25,235522513000232523225150525233135007152321515150152131533000221331535520,,00000241,,,,,,,,31,31,0,3,3,241,,2252512321532523213155332223521252255151353115535151533352133532,AABABCADACBDABADACDCBBDDAAADBACABAABBCBCDBDCCBBDBCBCBDDDBACDDBDA,AAABBCADACBDABADACCDBBDDAAADABACABABBCBCBDCDBCBDBCBCBDDDABCDBDAD,,,0,241,,,,,L_T1_GTR___hekomi__,,,,,,,,
176507,64,,,,,,,,,,32,25,235533311553232522523150525212550007152325115500152132315000221332155330,,bb50abb2,,,,,,,,32,0,1,bb50abb2,100,342,,2252512321532523213155332223521252255151353115535151533352133532,AABABCADACBDABADACDCBBDDAAADBACABAABBCBCDBDCCBBDBCBCBDDDBACDDBDA,AAABBCADACBDABADACCDBBDDAAADABACABABBCBCBDCDBCBDBCBCBDDDABCDBDAD,,,1,342,,,,,L_T1_GTR___hekomi__,,,,,,,,,32,25,55,235522513000232523225150525233135007152321515150152131533530221331535520,,00000244,,,,,,,,32,32,0,3,3,244,,225251232153252321315533222352125225515135311553515153335213353225,AABABCADACBDABADACDCBBDDAAADBACABAABBCBCDBDCCBBDBCBCBDDDBACDDBDAAB,AAABBCADACBDABADACCDBBDDAAADABACABABBCBCBDCDBCBDBCBCBDDDABCDBDADAB,,,0,244,,,,,L_T1_GTR___hekomi__,,,,,,,,
176538,65,,,,,,,,,,32,25,235533311553232522523150525212550007152325115500152132315000221332155330,,bb50abb2,,,,,,,,32,0,1,bb50abb2,100,342,,2252512321532523213155332223521252255151353115535151533352133532,AABABCADACBDABADACDCBBDDAAADBACABAABBCBCDBDCCBBDBCBCBDDDBACDDBDA,AAABBCADACBDABADACCDBBDDAAADABACABABBCBCBDCDBCBDBCBCBDDDABCDBDAD,,,1,342,,,,,L_T1_GTR___hekomi__,,,,,,,,,25,55,31,235522513000232523225150525233135007152321515150152131533533221331535522,,00000246,,,,,,,,33,33,0,2,2,246,,22525123215325232131553322235212522551513531155351515333521335322555,AABABCADACBDABADACDCBBDDAAADBACABAABBCBCDBDCCBBDBCBCBDDDBACDDBDAABBB,AAABBCADACBDABADACCDBBDDAAADABACABABBCBCBDCDBCBDBCBCBDDDABCDBDADABBB,,,0,246,,,,,L_T1_GTR___hekomi__,,,,,,,,
176562,66,,,,,,,,,32,25,55,235533311553232522523150525212550007152325110000152132310000221332133000,,00000345,,,,,,,,33,1,0,3,3,345,,225251232153252321315533222352125225515135311553515153335213353225,AABABCADACBDABADACDCBBDDAAADBACABAABBCBCDBDCCBBDBCBCBDDDBACDDBDAAB,AAABBCADACBDABADACCDBBDDAAADABACABABBCBCBDCDBCBDBCBCBDDDABCDBDADAB,,,1,345,,,,,L_T1_GTR___hekomi__,,,,,,,,,25,55,31,235522513000232523225150525233135007152321515150152131533533221331535522,,00000246,,,,,,,,33,33,0,2,2,246,,22525123215325232131553322235212522551513531155351515333521335322555,AABABCADACBDABADACDCBBDDAAADBACABAABBCBCDBDCCBBDBCBCBDDDBACDDBDAABBB,AAABBCADACBDABADACCDBBDDAAADABACABABBCBCBDCDBCBDBCBCBDDDABCDBDADABBB,,,0,246,,,,,L_T1_GTR___hekomi__,,,,,,,,
176590,67,,,,,,,,,32,25,55,235533311553232522523150525212550007152325110000152132310000221332133000,,00000345,,,,,,,,33,1,0,3,3,345,,225251232153252321315533222352125225515135311553515153335213353225,AABABCADACBDABADACDCBBDDAAADBACABAABBCBCDBDCCBBDBCBCBDDDBACDDBDAAB,AAABBCADACBDABADACCDBBDDAAADABACABABBCBCBDCDBCBDBCBCBDDDABCDBDADAB,,,1,345,,,,,L_T1_GTR___hekomi__,,,,,,,,,,55,31,235522513000232523225150525233135507152321515152152131533533221331535522,,bb40abb1,,,,,,,,34,0,1,bb40abb1,40,286,,22525123215325232131553322235212522551513531155351515333521335322555,AABABCADACBDABADACDCBBDDAAADBACABAABBCBCDBDCCBBDBCBCBDDDBACDDBDAABBB,AAABBCADACBDABADACCDBBDDAAADABACABABBCBCBDCDBCBDBCBCBDDDABCDBDADABBB,,,1,286,,,,,L_T1_GTR___hekomi__,,,,,,,,
176620,68,,,,,,,,,25,55,31,235533311553232522523150525212550007152325110000152132313000221332133200,,00000349,,,,,,,,34,2,0,4,4,349,,22525123215325232131553322235212522551513531155351515333521335322555,AABABCADACBDABADACDCBBDDAAADBACABAABBCBCDBDCCBBDBCBCBDDDBACDDBDAABBB,AAABBCADACBDABADACCDBBDDAAADABACABABBCBCBDCDBCBDBCBCBDDDABCDBDADABBB,,,1,349,,,,,L_T1_GTR___hekomi__,,,,,,,,,,55,31,235522513000232523225150525233135507152321515152152131533533221331535522,,bb40abb1,,,,,,,,34,0,1,bb40abb1,40,286,,22525123215325232131553322235212522551513531155351515333521335322555,AABABCADACBDABADACDCBBDDAAADBACABAABBCBCDBDCCBBDBCBCBDDDBACDDBDAABBB,AAABBCADACBDABADACCDBBDDAAADABACABABBCBCBDCDBCBDBCBCBDDDABCDBDADABBB,,,1,286,,,,,L_T1_GTR___hekomi__,,,,,,,,
176669,69,,,,,,,,,25,55,31,235533311553232522523150525212550007152325110000152132313000221332133200,,00000349,,,,,,,,34,2,0,4,4,349,,22525123215325232131553322235212522551513531155351515333521335322555,AABABCADACBDABADACDCBBDDAAADBACABAABBCBCDBDCCBBDBCBCBDDDBACDDBDAABBB,AAABBCADACBDABADACCDBBDDAAADABACABABBCBCBDCDBCBDBCBCBDDDABCDBDADABBB,,,1,349,,,,,L_T1_GTR___hekomi__,,,,,,,,,,55,31,235522513000232523221500525233130007152321511520152131533533221331535522,,bb40abb8,,,,,,,,35,0,2,bb40abb8,320,606,,22525123215325232131553322235212522551513531155351515333521335322555,AABABCADACBDABADACDCBBDDAAADBACABAABBCBCDBDCCBBDBCBCBDDDBACDDBDAABBB,AAABBCADACBDABADACCDBBDDAAADABACABABBCBCBDCDBCBDBCBCBDDDABCDBDADABBB,,,2,606,,,,,L_T1_GTR___hekomi__,,,,,,,,
176710,70,,,,,,,,,55,31,12,235533311553232522523150525212550007152325110000152132313000221332133225,,00000351,,,,,,,,35,3,0,2,2,351,,2252512321532523213155332223521252255151353115535151533352133532255531,AABABCADACBDABADACDCBBDDAAADBACABAABBCBCDBDCCBBDBCBCBDDDBACDDBDAABBBDC,AAABBCADACBDABADACCDBBDDAAADABACABABBCBCBDCDBCBDBCBCBDDDABCDBDADABBBCD,,,1,351,,,,,L_T1_GTR___hekomi__,,,,,,,,,,55,31,235522513000232523221500525233130007152321511520152131533533221331535522,,bb40abb8,,,,,,,,35,0,2,bb40abb8,320,606,,22525123215325232131553322235212522551513531155351515333521335322555,AABABCADACBDABADACDCBBDDAAADBACABAABBCBCDBDCCBBDBCBCBDDDBACDDBDAABBB,AAABBCADACBDABADACCDBBDDAAADABACABABBCBCBDCDBCBDBCBCBDDDABCDBDADABBB,,,2,606,,,,,L_T1_GTR___hekomi__,,,,,,,,
176742,71,,,,,,,,,,31,12,235533311553232522523150525212555507152325110000152132313000221332133225,,bb50abb2,,,,,,,,36,0,1,bb50abb2,100,451,,2252512321532523213155332223521252255151353115535151533352133532255531,AABABCADACBDABADACDCBBDDAAADBACABAABBCBCDBDCCBBDBCBCBDDDBACDDBDAABBBDC,AAABBCADACBDABADACCDBBDDAAADABACABABBCBCBDCDBCBDBCBCBDDDABCDBDADABBBCD,,,1,451,,,,,L_T1_GTR___hekomi__,,,,,,,,,,55,31,235522513000232523221500525233130007152321511520152131533533221331535522,,bb40abb8,,,,,,,,35,0,2,bb40abb8,320,606,,22525123215325232131553322235212522551513531155351515333521335322555,AABABCADACBDABADACDCBBDDAAADBACABAABBCBCDBDCCBBDBCBCBDDDBACDDBDAABBB,AAABBCADACBDABADACCDBBDDAAADABACABABBCBCBDCDBCBDBCBCBDDDABCDBDADABBB,,,2,606,,,,,L_T1_GTR___hekomi__,,,,,,,,
176751,72,,,,,,,,,,31,12,235533311553232522523150525212555507152325110000152132313000221332133225,,bb50abb2,,,,,,,,36,0,1,bb50abb2,100,451,,2252512321532523213155332223521252255151353115535151533352133532255531,AABABCADACBDABADACDCBBDDAAADBACABAABBCBCDBDCCBBDBCBCBDDDBACDDBDAABBBDC,AAABBCADACBDABADACCDBBDDAAADABACABABBCBCBDCDBCBDBCBCBDDDABCDBDADABBBCD,,,1,451,,,,,L_T1_GTR___hekomi__,,,,,,,,,,55,31,235522513000232523221500525233130007152321511200152131533330221331532200,,bb50ab18,,,,,,,,36,0,3,bb50ab18,900,1506,,22525123215325232131553322235212522551513531155351515333521335322555,AABABCADACBDABADACDCBBDDAAADBACABAABBCBCDBDCCBBDBCBCBDDDBACDDBDAABBB,AAABBCADACBDABADACCDBBDDAAADABACABABBCBCBDCDBCBDBCBCBDDDABCDBDADABBB,,,3,1506,,,,,L_T1_GTR___hekomi__,,,,,,,,
176821,73,,,,,,,,,,31,12,235533311553232522231500525212000007152325110000152132313000221332133225,,bb40abb8,,,,,,,,37,0,2,bb40abb8,320,771,,2252512321532523213155332223521252255151353115535151533352133532255531,AABABCADACBDABADACDCBBDDAAADBACABAABBCBCDBDCCBBDBCBCBDDDBACDDBDAABBBDC,AAABBCADACBDABADACCDBBDDAAADABACABABBCBCBDCDBCBDBCBCBDDDABCDBDADABBBCD,,,2,771,,,,,L_T1_GTR___hekomi__,,,,,,,,,,55,31,235522513000232523221500525233130007152321511200152131533330221331532200,,bb50ab18,,,,,,,,36,0,3,bb50ab18,900,1506,,22525123215325232131553322235212522551513531155351515333521335322555,AABABCADACBDABADACDCBBDDAAADBACABAABBCBCDBDCCBBDBCBCBDDDBACDDBDAABBB,AAABBCADACBDABADACCDBBDDAAADABACABABBCBCBDCDBCBDBCBCBDDDABCDBDADABBB,,,3,1506,,,,,L_T1_GTR___hekomi__,,,,,,,,
176841,74,,,,,,,,,,31,12,235533311553232522231500525212000007152325110000152132313000221332133225,,bb40abb8,,,,,,,,37,0,2,bb40abb8,320,771,,2252512321532523213155332223521252255151353115535151533352133532255531,AABABCADACBDABADACDCBBDDAAADBACABAABBCBCDBDCCBBDBCBCBDDDBACDDBDAABBBDC,AAABBCADACBDABADACCDBBDDAAADABACABABBCBCBDCDBCBDBCBCBDDDABCDBDADABBBCD,,,2,771,,,,,L_T1_GTR___hekomi__,,,,,,,,,55,31,12,235522513000232523221500525233130007152321511200152131500000221331522000,,00001508,,,,,,,,37,1,0,2,2,1508,,2252512321532523213155332223521252255151353115535151533352133532255531,AABABCADACBDABADACDCBBDDAAADBACABAABBCBCDBDCCBBDBCBCBDDDBACDDBDAABBBDC,AAABBCADACBDABADACCDBBDDAAADABACABABBCBCBDCDBCBDBCBCBDDDABCDBDADABBBCD,,,3,1508,,,,,L_T1_GTR___hekomi__,,,,,,,,
176888,75,,,,,,,,,,31,12,235533311553232522231500525212000007152325110000152132313000221332133225,,bb40abb8,,,,,,,,37,0,2,bb40abb8,320,771,,2252512321532523213155332223521252255151353115535151533352133532255531,AABABCADACBDABADACDCBBDDAAADBACABAABBCBCDBDCCBBDBCBCBDDDBACDDBDAABBBDC,AAABBCADACBDABADACCDBBDDAAADABACABABBCBCBDCDBCBDBCBCBDDDABCDBDADABBBCD,,,2,771,,,,,L_T1_GTR___hekomi__,,,,,,,,,31,12,33,235522513000232523221500525233130007152321511200152131500000221331522550,,00001512,,,,,,,,38,2,0,4,4,1512,,225251232153252321315533222352125225515135311553515153335213353225553112,AABABCADACBDABADACDCBBDDAAADBACABAABBCBCDBDCCBBDBCBCBDDDBACDDBDAABBBDCCA,AAABBCADACBDABADACCDBBDDAAADABACABABBCBCBDCDBCBDBCBCBDDDABCDBDADABBBCDAC,,,3,1512,,,,,L_T1_GTR___hekomi__,,,,,,,,
176914,76,,,,,,,,,,31,12,235533311553232531500000525210000007152325110000152132313000221332133225,,bb40ab16,,,,,,,,38,0,3,bb40ab16,640,1411,,2252512321532523213155332223521252255151353115535151533352133532255531,AABABCADACBDABADACDCBBDDAAADBACABAABBCBCDBDCCBBDBCBCBDDDBACDDBDAABBBDC,AAABBCADACBDABADACCDBBDDAAADABACABABBCBCBDCDBCBDBCBCBDDDABCDBDADABBBCD,,,3,1411,,,,,L_T1_GTR___hekomi__,,,,,,,,,31,12,33,235522513000232523221500525233130007152321511200152131500000221331522550,,00001512,,,,,,,,38,2,0,4,4,1512,,225251232153252321315533222352125225515135311553515153335213353225553112,AABABCADACBDABADACDCBBDDAAADBACABAABBCBCDBDCCBBDBCBCBDDDBACDDBDAABBBDCCA,AAABBCADACBDABADACCDBBDDAAADABACABABBCBCBDCDBCBDBCBCBDDDABCDBDADABBBCDAC,,,3,1512,,,,,L_T1_GTR___hekomi__,,,,,,,,
176962,77,,,,,,,,,,31,12,235533311553232531500000525210000007152325110000152132313000221332133225,,bb40ab16,,,,,,,,38,0,3,bb40ab16,640,1411,,2252512321532523213155332223521252255151353115535151533352133532255531,AABABCADACBDABADACDCBBDDAAADBACABAABBCBCDBDCCBBDBCBCBDDDBACDDBDAABBBDC,AAABBCADACBDABADACCDBBDDAAADABACABABBCBCBDCDBCBDBCBCBDDDABCDBDADABBBCD,,,3,1411,,,,,L_T1_GTR___hekomi__,,,,,,,,,12,33,13,235522513310232523221500525233130007152321511200152131500000221331522550,,00001515,,,,,,,,39,3,0,3,3,1515,,22525123215325232131553322235212522551513531155351515333521335322555311233,AABABCADACBDABADACDCBBDDAAADBACABAABBCBCDBDCCBBDBCBCBDDDBACDDBDAABBBDCCADD,AAABBCADACBDABADACCDBBDDAAADABACABABBCBCBDCDBCBDBCBCBDDDABCDBDADABBBCDACDD,,,3,1515,,,,,L_T1_GTR___hekomi__,,,,,,,,
176999,78,,,,,,,,,,31,12,235511553300232515000000525210000007152325110000152132313000221332133225,,bb40ab32,,,,,,,,39,0,4,bb40ab32,1280,2691,,2252512321532523213155332223521252255151353115535151533352133532255531,AABABCADACBDABADACDCBBDDAAADBACABAABBCBCDBDCCBBDBCBCBDDDBACDDBDAABBBDC,AAABBCADACBDABADACCDBBDDAAADABACABABBCBCBDCDBCBDBCBCBDDDABCDBDADABBBCD,,,4,2691,,,,,L_T1_GTR___hekomi__,,,,,,,,,12,33,13,235522513310232523221500525233130007152321511200152131500000221331522550,,00001515,,,,,,,,39,3,0,3,3,1515,,22525123215325232131553322235212522551513531155351515333521335322555311233,AABABCADACBDABADACDCBBDDAAADBACABAABBCBCDBDCCBBDBCBCBDDDBACDDBDAABBBDCCADD,AAABBCADACBDABADACCDBBDDAAADABACABABBCBCBDCDBCBDBCBCBDDDABCDBDADABBBCDACDD,,,3,1515,,,,,L_T1_GTR___hekomi__,,,,,,,,
177014,79,,,,,,,,,,31,12,235511553300232515000000525210000007152325110000152132313000221332133225,,bb40ab32,,,,,,,,39,0,4,bb40ab32,1280,2691,,2252512321532523213155332223521252255151353115535151533352133532255531,AABABCADACBDABADACDCBBDDAAADBACABAABBCBCDBDCCBBDBCBCBDDDBACDDBDAABBBDC,AAABBCADACBDABADACCDBBDDAAADABACABABBCBCBDCDBCBDBCBCBDDDABCDBDADABBBCD,,,4,2691,,,,,L_T1_GTR___hekomi__,,,,,,,,,33,13,13,235522513310232523221300525233130007152321511200152131512000221331522550,,00001521,,,,,,,,40,4,0,6,6,1521,,2252512321532523213155332223521252255151353115535151533352133532255531123313,AABABCADACBDABADACDCBBDDAAADBACABAABBCBCDBDCCBBDBCBCBDDDBACDDBDAABBBDCCADDCD,AAABBCADACBDABADACCDBBDDAAADABACABABBCBCBDCDBCBDBCBCBDDDABCDBDADABBBCDACDDCD,,,3,1521,,,,,L_T1_GTR___hekomi__,,,,,,,,
177072,80,,,,,,,,,,31,12,235511553300232515000000525210000007152325110000152132313000221332133225,,bb40ab32,,,,,,,,39,0,4,bb40ab32,1280,2691,,2252512321532523213155332223521252255151353115535151533352133532255531,AABABCADACBDABADACDCBBDDAAADBACABAABBCBCDBDCCBBDBCBCBDDDBACDDBDAABBBDC,AAABBCADACBDABADACCDBBDDAAADABACABABBCBCBDCDBCBDBCBCBDDDABCDBDADABBBCD,,,4,2691,,,,,L_T1_GTR___hekomi__,,,,,,,,,13,13,21,235522513310232523221530525233133007152321511200152131512000221331522550,,00001524,,,,,,,,41,5,0,3,3,1524,,225251232153252321315533222352125225515135311553515153335213353225553112331313,AABABCADACBDABADACDCBBDDAAADBACABAABBCBCDBDCCBBDBCBCBDDDBACDDBDAABBBDCCADDCDCD,AAABBCADACBDABADACCDBBDDAAADABACABABBCBCBDCDBCBDBCBCBDDDABCDBDADABBBCDACDDCDCD,,,3,1524,,,,,L_T1_GTR___hekomi__,,,,,,,,
177081,81,,,,,,,,,,31,12,235555330000232550000000525200000007152325110000152132313000221332133225,,bb60ab67,,,,,,,,40,0,5,bb60ab67,4020,6711,,2252512321532523213155332223521252255151353115535151533352133532255531,AABABCADACBDABADACDCBBDDAAADBACABAABBCBCDBDCCBBDBCBCBDDDBACDDBDAABBBDC,AAABBCADACBDABADACCDBBDDAAADABACABABBCBCBDCDBCBDBCBCBDDDABCDBDADABBBCD,,,5,6711,,,,,L_T1_GTR___hekomi__,,,,,,,,,13,13,21,235522513310232523221530525233133007152321511200152131512000221331522550,,00001524,,,,,,,,41,5,0,3,3,1524,,225251232153252321315533222352125225515135311553515153335213353225553112331313,AABABCADACBDABADACDCBBDDAAADBACABAABBCBCDBDCCBBDBCBCBDDDBACDDBDAABBBDCCADDCDCD,AAABBCADACBDABADACCDBBDDAAADABACABABBCBCBDCDBCBDBCBCBDDDABCDBDADABBBCDACDDCDCD,,,3,1524,,,,,L_T1_GTR___hekomi__,,,,,,,,
177111,82,,,,,,,,,,31,12,235555330000232550000000525200000007152325110000152132313000221332133225,,bb60ab67,,,,,,,,40,0,5,bb60ab67,4020,6711,,2252512321532523213155332223521252255151353115535151533352133532255531,AABABCADACBDABADACDCBBDDAAADBACABAABBCBCDBDCCBBDBCBCBDDDBACDDBDAABBBDC,AAABBCADACBDABADACCDBBDDAAADABACABABBCBCBDCDBCBDBCBCBDDDABCDBDADABBBCD,,,5,6711,,,,,L_T1_GTR___hekomi__,,,,,,,,,13,21,25,235522513311232523221530525233133007152321511200152131512000221331522550,,00001526,,,,,,,,42,6,0,2,2,1526,,22525123215325232131553322235212522551513531155351515333521335322555311233131321,AABABCADACBDABADACDCBBDDAAADBACABAABBCBCDBDCCBBDBCBCBDDDBACDDBDAABBBDCCADDCDCDAC,AAABBCADACBDABADACCDBBDDAAADABACABABBCBCBDCDBCBDBCBCBDDDABCDBDADABBBCDACDDCDCDAC,,,3,1526,,,,,L_T1_GTR___hekomi__,,,,,,,,
177162,83,,,,,,,,,,31,12,235555330000232550000000525200000007152325110000152132313000221332133225,,bb60ab67,,,,,,,,40,0,5,bb60ab67,4020,6711,,2252512321532523213155332223521252255151353115535151533352133532255531,AABABCADACBDABADACDCBBDDAAADBACABAABBCBCDBDCCBBDBCBCBDDDBACDDBDAABBBDC,AAABBCADACBDABADACCDBBDDAAADABACABABBCBCBDCDBCBDBCBCBDDDABCDBDADABBBCD,,,5,6711,,,,,L_T1_GTR___hekomi__,,,,,,,,,21,25,12,235522513311232523221533525233133007152321511200152131512000221331522550,,00001527,,,,,,,,43,7,0,1,1,1527,,2252512321532523213155332223521252255151353115535151533352133532255531123313132125,AABABCADACBDABADACDCBBDDAAADBACABAABBCBCDBDCCBBDBCBCBDDDBACDDBDAABBBDCCADDCDCDACAB,AAABBCADACBDABADACCDBBDDAAADABACABABBCBCBDCDBCBDBCBCBDDDABCDBDADABBBCDACDDCDCDACAB,,,3,1527,,,,,L_T1_GTR___hekomi__,,,,,,,,
177165,84,,,,,,,,,,31,12,233300000000232000000000525200000007152325110000152132313000221332133225,,bb40ab96,,,,,,,,41,0,6,bb40ab96,3840,10551,,2252512321532523213155332223521252255151353115535151533352133532255531,AABABCADACBDABADACDCBBDDAAADBACABAABBCBCDBDCCBBDBCBCBDDDBACDDBDAABBBDC,AAABBCADACBDABADACCDBBDDAAADABACABABBCBCBDCDBCBDBCBCBDDDABCDBDADABBBCD,,,6,10551,,,,,,,,,,,,,,21,25,12,235522513311232523221533525233133007152321511200152131512000221331522550,,00001527,,,,,,,,43,7,0,1,1,1527,,2252512321532523213155332223521252255151353115535151533352133532255531123313132125,AABABCADACBDABADACDCBBDDAAADBACABAABBCBCDBDCCBBDBCBCBDDDBACDDBDAABBBDCCADDCDCDACAB,AAABBCADACBDABADACCDBBDDAAADABACABABBCBCBDCDBCBDBCBCBDDDABCDBDADABBBCDACDDCDCDACAB,,,3,1527,,,,,L_T1_GTR___hekomi__,,,,,,,,
177246,85,,,,,,,,,,31,12,200000000000220000000000525200000007152325110000152132313000221332133225,,bb40a128,,,,,,,,42,0,7,bb40a128,5120,15671,,2252512321532523213155332223521252255151353115535151533352133532255531,AABABCADACBDABADACDCBBDDAAADBACABAABBCBCDBDCCBBDBCBCBDDDBACDDBDAABBBDC,AAABBCADACBDABADACCDBBDDAAADABACABABBCBCBDCDBCBDBCBCBDDDABCDBDADABBBCD,,,7,15671,,,,,,,,,,,,,,21,25,12,235522513311232523221533525233133007152321511200152131512000221331522550,,00001527,,,,,,,,43,7,0,1,1,1527,,2252512321532523213155332223521252255151353115535151533352133532255531123313132125,AABABCADACBDABADACDCBBDDAAADBACABAABBCBCDBDCCBBDBCBCBDDDBACDDBDAABBBDCCADDCDCDACAB,AAABBCADACBDABADACCDBBDDAAADABACABABBCBCBDCDBCBDBCBCBDDDABCDBDADABBBCDACDDCDCDACAB,,,3,1527,,,,,L_T1_GTR___hekomi__,,,,,,,,
177306,86,,,,,,,,,,31,12,200000000000220000000000525200000007152325110000152132313000221332133225,,bb40a128,,,,,,,,42,0,7,bb40a128,5120,15671,,2252512321532523213155332223521252255151353115535151533352133532255531,AABABCADACBDABADACDCBBDDAAADBACABAABBCBCDBDCCBBDBCBCBDDDBACDDBDAABBBDC,AAABBCADACBDABADACCDBBDDAAADABACABABBCBCBDCDBCBDBCBCBDDDABCDBDADABBBCD,,,7,15671,,,,,,,,,,,,,,,25,12,235522513311232523221533525233033007152321511200152131512200221331522551,,bb50abb2,,,,,,,,44,0,1,bb50abb2,100,1627,,2252512321532523213155332223521252255151353115535151533352133532255531123313132125,AABABCADACBDABADACDCBBDDAAADBACABAABBCBCDBDCCBBDBCBCBDDDBACDDBDAABBBDCCADDCDCDACAB,AAABBCADACBDABADACCDBBDDAAADABACABABBCBCBDCDBCBDBCBCBDDDABCDBDADABBBCDACDDCDCDACAB,,,3,1627,,,,,L_T1_GTR___hekomi__,,,,,,,,
177326,87,,,,,,,,,,31,12,000000000000000000000000552000000007152325110000152132313000221332133225,,bb40a160,,,,,,,,43,0,8,bb40a160,6400,22071,,2252512321532523213155332223521252255151353115535151533352133532255531,AABABCADACBDABADACDCBBDDAAADBACABAABBCBCDBDCCBBDBCBCBDDDBACDDBDAABBBDC,AAABBCADACBDABADACCDBBDDAAADABACABABBCBCBDCDBCBDBCBCBDDDABCDBDADABBBCD,,,8,22071,,,,,,,,,,,,,,,25,12,235522513311232523221533525233033007152321511200152131512200221331522551,,bb50abb2,,,,,,,,44,0,1,bb50abb2,100,1627,,2252512321532523213155332223521252255151353115535151533352133532255531123313132125,AABABCADACBDABADACDCBBDDAAADBACABAABBCBCDBDCCBBDBCBCBDDDBACDDBDAABBBDCCADDCDCDACAB,AAABBCADACBDABADACCDBBDDAAADABACABABBCBCBDCDBCBDBCBCBDDDABCDBDADABBBCDACDDCDCDACAB,,,3,1627,,,,,L_T1_GTR___hekomi__,,,,,,,,
177387,88,,,,,,,,,,31,12,000000000000000000000000552000000007152325110000152132313000221332133225,,bb40a160,,,,,,,,43,0,8,bb40a160,6400,22071,,2252512321532523213155332223521252255151353115535151533352133532255531,AABABCADACBDABADACDCBBDDAAADBACABAABBCBCDBDCCBBDBCBCBDDDBACDDBDAABBBDC,AAABBCADACBDABADACCDBBDDAAADABACABABBCBCBDCDBCBDBCBCBDDDABCDBDADABBBCD,,,8,22071,,,,,,,,,,,,,,,25,12,235522513311232523221533525233133007152321511000152131510000221331555100,,bb50ab10,,,,,,,,45,0,2,bb50ab10,500,2127,,2252512321532523213155332223521252255151353115535151533352133532255531123313132125,AABABCADACBDABADACDCBBDDAAADBACABAABBCBCDBDCCBBDBCBCBDDDBACDDBDAABBBDCCADDCDCDACAB,AAABBCADACBDABADACCDBBDDAAADABACABABBCBCBDCDBCBDBCBCBDDDABCDBDADABBBCDACDDCDCDACAB,,,3,2127,,,,,L_T1_GTR___hekomi__,,,,,,,,
177409,89,,,,,,,,,,31,12,000000000000000000000000200000000007123251100000121323130000221332133225,,bb80a195,,,,,,,,44,0,9,bb80a195,15600,37671,,2252512321532523213155332223521252255151353115535151533352133532255531,AABABCADACBDABADACDCBBDDAAADBACABAABBCBCDBDCCBBDBCBCBDDDBACDDBDAABBBDC,AAABBCADACBDABADACCDBBDDAAADABACABABBCBCBDCDBCBDBCBCBDDDABCDBDADABBBCD,,,9,37671,,,,,,,,,,,,,,,25,12,235522513311232523221533525233133007152321511000152131510000221331555100,,bb50ab10,,,,,,,,45,0,2,bb50ab10,500,2127,,2252512321532523213155332223521252255151353115535151533352133532255531123313132125,AABABCADACBDABADACDCBBDDAAADBACABAABBCBCDBDCCBBDBCBCBDDDBACDDBDAABBBDCCADDCDCDACAB,AAABBCADACBDABADACCDBBDDAAADABACABABBCBCBDCDBCBDBCBCBDDDABCDBDADABBBCDACDDCDCDACAB,,,3,2127,,,,,L_T1_GTR___hekomi__,,,,,,,,
177472,90,,,,,,,,,,31,12,000000000000000000000000200000000007123251100000121323130000221332133225,,bb80a195,,,,,,,,44,0,9,bb80a195,15600,37671,,2252512321532523213155332223521252255151353115535151533352133532255531,AABABCADACBDABADACDCBBDDAAADBACABAABBCBCDBDCCBBDBCBCBDDDBACDDBDAABBBDC,AAABBCADACBDABADACCDBBDDAAADABACABABBCBCBDCDBCBDBCBCBDDDABCDBDADABBBCD,,,9,37671,,,,,,,,,,,,,,,25,12,235522513311232523221533525233133007152321110000152131100000221331100000,,bb80ab21,,,,,,,,46,0,3,bb80ab21,1680,3807,,2252512321532523213155332223521252255151353115535151533352133532255531123313132125,AABABCADACBDABADACDCBBDDAAADBACABAABBCBCDBDCCBBDBCBCBDDDBACDDBDAABBBDCCADDCDCDACAB,AAABBCADACBDABADACCDBBDDAAADABACABABBCBCBDCDBCBDBCBCBDDDABCDBDADABBBCDACDDCDCDACAB,,,3,3807,,,,,L_T1_GTR___hekomi__,,,,,,,,
177492,91,,,,,,,,,,31,12,000000000000000000000000200000000007132500000000113233000000133233225000,,bb80a227,,,,,,,,45,0,10,bb80a227,18160,55831,,2252512321532523213155332223521252255151353115535151533352133532255531,AABABCADACBDABADACDCBBDDAAADBACABAABBCBCDBDCCBBDBCBCBDDDBACDDBDAABBBDC,AAABBCADACBDABADACCDBBDDAAADABACABABBCBCBDCDBCBDBCBCBDDDABCDBDADABBBCD,,,9,55831,,,,,,,,,,,,,,,25,12,235522513311232523221533525233133007152321110000152131100000221331100000,,bb80ab21,,,,,,,,46,0,3,bb80ab21,1680,3807,,2252512321532523213155332223521252255151353115535151533352133532255531123313132125,AABABCADACBDABADACDCBBDDAAADBACABAABBCBCDBDCCBBDBCBCBDDDBACDDBDAABBBDCCADDCDCDACAB,AAABBCADACBDABADACCDBBDDAAADABACABABBCBCBDCDBCBDBCBCBDDDABCDBDADABBBCDACDDCDCDACAB,,,3,3807,,,,,L_T1_GTR___hekomi__,,,,,,,,
177551,92,,,,,,,,,,31,12,000000000000000000000000200000000007132500000000113233000000133233225000,,bb80a227,,,,,,,,45,0,10,bb80a227,18160,55831,,2252512321532523213155332223521252255151353115535151533352133532255531,AABABCADACBDABADACDCBBDDAAADBACABAABBCBCDBDCCBBDBCBCBDDDBACDDBDAABBBDC,AAABBCADACBDABADACCDBBDDAAADABACABABBCBCBDCDBCBDBCBCBDDDABCDBDADABBBCD,,,9,55831,,,,,,,,,,,,,,,25,12,235522513311232523221533525233330007152320000000152130000000221330000000,,bb50ab34,,,,,,,,47,0,4,bb50ab34,1700,5507,,2252512321532523213155332223521252255151353115535151533352133532255531123313132125,AABABCADACBDABADACDCBBDDAAADBACABAABBCBCDBDCCBBDBCBCBDDDBACDDBDAABBBDCCADDCDCDACAB,AAABBCADACBDABADACCDBBDDAAADABACABABBCBCBDCDBCBDBCBCBDDDABCDBDADABBBCDACDDCDCDACAB,,,4,5507,,,,,L_T1_GTR___hekomi__,,,,,,,,
177575,93,,,,,,,,,,31,12,000000000000000000000000200000000007325000000000320000000000332225000000,,bb40a256,,,,,,,,46,0,11,bb40a256,10240,66071,,2252512321532523213155332223521252255151353115535151533352133532255531,AABABCADACBDABADACDCBBDDAAADBACABAABBCBCDBDCCBBDBCBCBDDDBACDDBDAABBBDC,AAABBCADACBDABADACCDBBDDAAADABACABABBCBCBDCDBCBDBCBCBDDDABCDBDADABBBCD,,,9,66071,,,,,,,,,,,,,,,25,12,235522513311232523221533525233330007152320000000152130000000221330000000,,bb50ab34,,,,,,,,47,0,4,bb50ab34,1700,5507,,2252512321532523213155332223521252255151353115535151533352133532255531123313132125,AABABCADACBDABADACDCBBDDAAADBACABAABBCBCDBDCCBBDBCBCBDDDBACDDBDAABBBDCCADDCDCDACAB,AAABBCADACBDABADACCDBBDDAAADABACABABBCBCBDCDBCBDBCBCBDDDABCDBDADABBBCDACDDCDCDACAB,,,4,5507,,,,,L_T1_GTR___hekomi__,,,,,,,,
177632,94,,,,,,,,,,31,12,000000000000000000000000200000000007325000000000320000000000332225000000,,bb40a256,,,,,,,,46,0,11,bb40a256,10240,66071,,2252512321532523213155332223521252255151353115535151533352133532255531,AABABCADACBDABADACDCBBDDAAADBACABAABBCBCDBDCCBBDBCBCBDDDBACDDBDAABBBDC,AAABBCADACBDABADACCDBBDDAAADABACABABBCBCBDCDBCBDBCBCBDDDABCDBDADABBBCD,,,9,66071,,,,,,,,,,,,,,,25,12,235522513311232522215331525200000007152320000000152130000000221330000000,,bb90ab69,,,,,,,,48,0,5,bb90ab69,6210,11717,,2252512321532523213155332223521252255151353115535151533352133532255531123313132125,AABABCADACBDABADACDCBBDDAAADBACABAABBCBCDBDCCBBDBCBCBDDDBACDDBDAABBBDCCADDCDCDACAB,AAABBCADACBDABADACCDBBDDAAADABACABABBCBCBDCDBCBDBCBCBDDDABCDBDADABBBCDACDDCDCDACAB,,,5,11717,,,,,L_T1_GTR___hekomi__,,,,,,,,
177659,95,,,,,,,,,,31,12,000000000000000000000000200000000007250000000000200000000000222500000000,,bb60a291,,,,,,,,47,0,12,bb60a291,17460,83531,,2252512321532523213155332223521252255151353115535151533352133532255531,AABABCADACBDABADACDCBBDDAAADBACABAABBCBCDBDCCBBDBCBCBDDDBACDDBDAABBBDC,AAABBCADACBDABADACCDBBDDAAADABACABABBCBCBDCDBCBDBCBCBDDDABCDBDADABBBCD,,,9,83531,,,,,,,,,,,,,,,25,12,235522513311232522215331525200000007152320000000152130000000221330000000,,bb90ab69,,,,,,,,48,0,5,bb90ab69,6210,11717,,2252512321532523213155332223521252255151353115535151533352133532255531123313132125,AABABCADACBDABADACDCBBDDAAADBACABAABBCBCDBDCCBBDBCBCBDDDBACDDBDAABBBDCCADDCDCDACAB,AAABBCADACBDABADACCDBBDDAAADABACABABBCBCBDCDBCBDBCBCBDDDABCDBDADABBBCDACDDCDCDACAB,,,5,11717,,,,,L_T1_GTR___hekomi__,,,,,,,,
177720,96,,,,,,,,,,31,12,000000000000000000000000200000000007250000000000200000000000222500000000,,bb60a291,,,,,,,,47,0,12,bb60a291,17460,83531,,2252512321532523213155332223521252255151353115535151533352133532255531,AABABCADACBDABADACDCBBDDAAADBACABAABBCBCDBDCCBBDBCBCBDDDBACDDBDAABBBDC,AAABBCADACBDABADACCDBBDDAAADABACABABBCBCBDCDBCBDBCBCBDDDABCDBDADABBBCD,,,9,83531,,,,,,,,,,,,,,,25,12,235551113000232515100000525200000007152320000000152130000000221330000000,,bb80ab99,,,,,,,,49,0,6,bb80ab99,7920,19637,,2252512321532523213155332223521252255151353115535151533352133532255531123313132125,AABABCADACBDABADACDCBBDDAAADBACABAABBCBCDBDCCBBDBCBCBDDDBACDDBDAABBBDCCADDCDCDACAB,AAABBCADACBDABADACCDBBDDAAADABACABABBCBCBDCDBCBDBCBCBDDDABCDBDADABBBCDACDDCDCDACAB,,,6,19637,,,,,L_T1_GTR___hekomi__,,,,,,,,
177754,97,,,,,,,,,31,12,33,000000000000000000000000000000000007500000000000000000000000500000000000,,00083536,,,,,,,,48,1,0,5,5,83536,,225251232153252321315533222352125225515135311553515153335213353225553112,AABABCADACBDABADACDCBBDDAAADBACABAABBCBCDBDCCBBDBCBCBDDDBACDDBDAABBBDCCA,AAABBCADACBDABADACCDBBDDAAADABACABABBCBCBDCDBCBDBCBCBDDDABCDBDADABBBCDAC,,,9,83536,,,,,,,,,,,,,,,25,12,235551113000232515100000525200000007152320000000152130000000221330000000,,bb80ab99,,,,,,,,49,0,6,bb80ab99,7920,19637,,2252512321532523213155332223521252255151353115535151533352133532255531123313132125,AABABCADACBDABADACDCBBDDAAADBACABAABBCBCDBDCCBBDBCBCBDDDBACDDBDAABBBDCCADDCDCDACAB,AAABBCADACBDABADACCDBBDDAAADABACABABBCBCBDCDBCBDBCBCBDDDABCDBDADABBBCDACDDCDCDACAB,,,6,19637,,,,,L_T1_GTR___hekomi__,,,,,,,,
177806,98,,,,,,,,,12,33,13,000000000000130000000000000000000007500000000000000000000000500000000000,,00083548,,,,,,,,49,2,0,12,12,83548,,22525123215325232131553322235212522551513531155351515333521335322555311233,AABABCADACBDABADACDCBBDDAAADBACABAABBCBCDBDCCBBDBCBCBDDDBACDDBDAABBBDCCADD,AAABBCADACBDABADACCDBBDDAAADABACABABBCBCBDCDBCBDBCBCBDDDABCDBDADABBBCDACDD,,,9,83548,,,,,,,,,,,,,,,25,12,235551113000232515100000525200000007152320000000152130000000221330000000,,bb80ab99,,,,,,,,49,0,6,bb80ab99,7920,19637,,2252512321532523213155332223521252255151353115535151533352133532255531123313132125,AABABCADACBDABADACDCBBDDAAADBACABAABBCBCDBDCCBBDBCBCBDDDBACDDBDAABBBDCCADDCDCDACAB,AAABBCADACBDABADACCDBBDDAAADABACABABBCBCBDCDBCBDBCBCBDDDABCDBDADABBBCDACDDCDCDACAB,,,6,19637,,,,,L_T1_GTR___hekomi__,,,,,,,,
177856,99,,,,,,,,,33,13,13,000000000000130000000000120000000007500000000000000000000000500000000000,,00083561,,,,,,,,50,3,0,13,13,83561,,2252512321532523213155332223521252255151353115535151533352133532255531123313,AABABCADACBDABADACDCBBDDAAADBACABAABBCBCDBDCCBBDBCBCBDDDBACDDBDAABBBDCCADDCD,AAABBCADACBDABADACCDBBDDAAADABACABABBCBCBDCDBCBDBCBCBDDDABCDBDADABBBCDACDDCD,,,9,83561,,,,,,,,,,,,,,,25,12,235551113000232515100000525200000007152320000000152130000000221330000000,,bb80ab99,,,,,,,,49,0,6,bb80ab99,7920,19637,,2252512321532523213155332223521252255151353115535151533352133532255531123313132125,AABABCADACBDABADACDCBBDDAAADBACABAABBCBCDBDCCBBDBCBCBDDDBACDDBDAABBBDCCADDCDCDACAB,AAABBCADACBDABADACCDBBDDAAADABACABABBCBCBDCDBCBDBCBCBDDDABCDBDADABBBCDACDDCDCDACAB,,,6,19637,,,,,L_T1_GTR___hekomi__,,,,,,,,
177902,100,,,,,,,,,33,13,13,000000000000130000000000120000000007500000000000000000000000500000000000,,00083561,,,,,,,,50,3,0,13,13,83561,,2252512321532523213155332223521252255151353115535151533352133532255531123313,AABABCADACBDABADACDCBBDDAAADBACABAABBCBCDBDCCBBDBCBCBDDDBACDDBDAABBBDCCADDCD,AAABBCADACBDABADACCDBBDDAAADABACABABBCBCBDCDBCBDBCBCBDDDABCDBDADABBBCDACDDCD,,,9,83561,,,,,,,,,,,,,,25,12,23,233666660000232156666600525266666007152326666600152136666600221336666600,,00019639,,,,,,,,50,1,0,2,2,19639,,225251232153252321315533222352125225515135311553515153335213353225553112331313212512,AABABCADACBDABADACDCBBDDAAADBACABAABBCBCDBDCCBBDBCBCBDDDBACDDBDAABBBDCCADDCDCDACABCA,AAABBCADACBDABADACCDBBDDAAADABACABABBCBCBDCDBCBDBCBCBDDDABCDBDADABBBCDACDDCDCDACABAC,,,6,19639,,,,,L_T1_GTR___standard,,,,,L_T1_GTR03_33000001,,,
177930,101,,,,,,,,,13,13,21,300000000000133000000000120000000007500000000000000000000000500000000000,,00083572,,,,,,,,51,4,0,11,11,83572,,225251232153252321315533222352125225515135311553515153335213353225553112331313,AABABCADACBDABADACDCBBDDAAADBACABAABBCBCDBDCCBBDBCBCBDDDBACDDBDAABBBDCCADDCDCD,AAABBCADACBDABADACCDBBDDAAADABACABABBCBCBDCDBCBDBCBCBDDDABCDBDADABBBCDACDDCDCD,,,9,83572,,,,,,,,,,,,,,25,12,23,233666660000232156666600525266666007152326666600152136666600221336666600,,00019639,,,,,,,,50,1,0,2,2,19639,,225251232153252321315533222352125225515135311553515153335213353225553112331313212512,AABABCADACBDABADACDCBBDDAAADBACABAABBCBCDBDCCBBDBCBCBDDDBACDDBDAABBBDCCADDCDCDACABCA,AAABBCADACBDABADACCDBBDDAAADABACABABBCBCBDCDBCBDBCBCBDDDABCDBDADABBBCDACDDCDCDACABAC,,,6,19639,,,,,L_T1_GTR___standard,,,,,L_T1_GTR03_33000001,,,
177989,103,,,,,,,,,13,13,21,300000000000133000000000120000000007500000000000000000000000500000000000,,00083572,,,,,,,,51,4,0,11,11,83572,,225251232153252321315533222352125225515135311553515153335213353225553112331313,AABABCADACBDABADACDCBBDDAAADBACABAABBCBCDBDCCBBDBCBCBDDDBACDDBDAABBBDCCADDCDCD,AAABBCADACBDABADACCDBBDDAAADABACABABBCBCBDCDBCBDBCBCBDDDABCDBDADABBBCDACDDCDCD,,,9,83572,,,,,,,,,,,,,,,12,23,233666666666232156666666525266666666152326666625152136666666221336666666,,00019642,,,,,lose,,,51,1,0,3,3,19642,,225251232153252321315533222352125225515135311553515153335213353225553112331313212512,AABABCADACBDABADACDCBBDDAAADBACABAABBCBCDBDCCBBDBCBCBDDDBACDDBDAABBBDCCADDCDCDACABCA,AAABBCADACBDABADACCDBBDDAAADABACABABBCBCBDCDBCBDBCBCBDDDABCDBDADABBBCDACDDCDCDACABAC,,,6,19642,,,,,L_T1_GTR___standard,,,,,L_T1_GTR03_33000001,,,
177998,102,,,,,,,,,13,21,25,300000000000133000000000123000000007510000000000000000000000500000000000,,00083583,,,,,,,,52,5,0,11,11,83583,,22525123215325232131553322235212522551513531155351515333521335322555311233131321,AABABCADACBDABADACDCBBDDAAADBACABAABBCBCDBDCCBBDBCBCBDDDBACDDBDAABBBDCCADDCDCDAC,AAABBCADACBDABADACCDBBDDAAADABACABABBCBCBDCDBCBDBCBCBDDDABCDBDADABBBCDACDDCDCDAC,,,9,83583,,,,,,,,,,,,,,,12,23,233666666666232156666666525266666666152326666625152136666666221336666666,,00019642,,,,,lose,,,51,1,0,3,3,19642,,225251232153252321315533222352125225515135311553515153335213353225553112331313212512,AABABCADACBDABADACDCBBDDAAADBACABAABBCBCDBDCCBBDBCBCBDDDBACDDBDAABBBDCCADDCDCDACABCA,AAABBCADACBDABADACCDBBDDAAADABACABABBCBCBDCDBCBDBCBCBDDDABCDBDADABBBCDACDDCDCDACABAC,,,6,19642,,,,,L_T1_GTR___standard,,,,,L_T1_GTR03_33000001,,,
177999,103,,,,,,,,,,21,25,300000000000133000000000123000000007510000000000000000000000500000000000,,00083584,,,,,win,,,53,5,0,1,1,83584,,22525123215325232131553322235212522551513531155351515333521335322555311233131321,AABABCADACBDABADACDCBBDDAAADBACABAABBCBCDBDCCBBDBCBCBDDDBACDDBDAABBBDCCADDCDCDAC,AAABBCADACBDABADACCDBBDDAAADABACABABBCBCBDCDBCBDBCBCBDDDABCDBDADABBBCDACDDCDCDAC,,,9,83584,,,,,,,,,,,,,,,12,23,233666666666232156666666525266666666152326666625152136666666221336666666,,00019642,,,,,lose,,,51,1,0,3,3,19642,,225251232153252321315533222352125225515135311553515153335213353225553112331313212512,AABABCADACBDABADACDCBBDDAAADBACABAABBCBCDBDCCBBDBCBCBDDDBACDDBDAABBBDCCADDCDCDACABCA,AAABBCADACBDABADACCDBBDDAAADABACABABBCBCBDCDBCBDBCBCBDDDABCDBDADABBBCDACDDCDCDACABAC,,,6,19642,,,,,L_T1_GTR___standard,,,,,L_T1_GTR03_33000001,,,
