153306,0,,,,,,,,,,11,21,000000000000000000000000000000000007000000000000000000000000000000000000,000000,00000000,,,,,,,,0,0,0,0,0,0,,11,AA,AA,,,0,0,,,,,,,,,,,,,,,11,21,000000000000000000000000000000000007000000000000000000000000000000000000,000000,00000000,,,,,,,,0,0,0,0,0,0,,11,AA,AA,,,0,0,,,,,,,,,,,,,
153457,2,,,,,,,,,11,21,13,000000000000000000000000000000000007000000000000000000000000000000000000,,00000000,,,,,,,,1,1,0,0,0,0,,1121,AABA,AAAB,,,0,0,,,,,,,,,,,,,,11,21,13,000000000000000000000000000000000007000000000000000000000000000000000000,,00000000,,,,,,,,1,1,0,0,0,0,,1121,AABA,AAAB,,,0,0,,,,,,,,,,,,,
153508,3,,,,,,,,,21,13,12,100000000000100000000000000000000007000000000000000000000000000000000000,,00000013,,,,,,,,2,2,0,13,13,13,,112113,AABAAC,AAABAC,,,0,13,,,,,,,,,,,,,,11,21,13,000000000000000000000000000000000007000000000000000000000000000000000000,,00000000,,,,,,,,1,1,0,0,0,0,,1121,AABA,AAAB,,,0,0,,,,,,,,,,,,,
153510,4,,,,,,,,,21,13,12,100000000000100000000000000000000007000000000000000000000000000000000000,,00000013,,,,,,,,2,2,0,13,13,13,,112113,AABAAC,AAABAC,,,0,13,,,,,,,,,,,,,,21,13,12,100000000000100000000000000000000007000000000000000000000000000000000000,,00000014,,,,,,,,2,2,0,14,14,14,,112113,AABAAC,AAABAC,,,0,14,,,,,,,,,,,,,
153558,6,,,,,,,,,13,12,13,100000000000100000000000210000000007000000000000000000000000000000000000,,00000026,,,,,,,,3,3,0,13,13,26,,11211312,AABAACAB,AAABACAB,,,0,26,,,,,,,,,,,,,,13,12,13,100000000000100000000000210000000007000000000000000000000000000000000000,,00000026,,,,,,,,3,3,0,12,12,26,,11211312,AABAACAB,AAABACAB,,,0,26,,,,,,,,,,,,,
153603,7,,,,,,,,,12,13,53,100000000000131000000000210000000007000000000000000000000000000000000000,,00000037,,,,,,,,4,4,0,11,11,37,,1121131213,AABAACABAC,AAABACABAC,,,0,37,,,,,,,,,,L_T1_GTR03_41100001,,,,13,12,13,100000000000100000000000210000000007000000000000000000000000000000000000,,00000026,,,,,,,,3,3,0,12,12,26,,11211312,AABAACAB,AAABACAB,,,0,26,,,,,,,,,,,,,
153612,8,,,,,,,,,12,13,53,100000000000131000000000210000000007000000000000000000000000000000000000,,00000037,,,,,,,,4,4,0,11,11,37,,1121131213,AABAACABAC,AAABACABAC,,,0,37,,,,,,,,,,L_T1_GTR03_41100001,,,,12,13,53,100000000000100000000000210000000007000000000000100000000000300000000000,,00000039,,,,,,,,4,4,0,13,13,39,,1121131213,AABAACABAC,AAABACABAC,,,0,39,,,,,,,,,,,,,
153658,9,,,,,,,,,13,53,52,100000000000131000000000210000000007120000000000000000000000000000000000,,00000050,,,,,,,,5,5,0,13,13,50,,112113121353,AABAACABACDC,AAABACABACCD,,,0,50,,,,,,,,,,L_T1_GTR03_41100001/L_T1_GTR03_32100001,,,,12,13,53,100000000000100000000000210000000007000000000000100000000000300000000000,,00000039,,,,,,,,4,4,0,13,13,39,,1121131213,AABAACABAC,AAABACABAC,,,0,39,,,,,,,,,,,,,
153663,10,,,,,,,,,13,53,52,100000000000131000000000210000000007120000000000000000000000000000000000,,00000050,,,,,,,,5,5,0,13,13,50,,112113121353,AABAACABACDC,AAABACABACCD,,,0,50,,,,,,,,,,L_T1_GTR03_41100001/L_T1_GTR03_32100001,,,,13,53,52,100000000000100000000000210000000007120000000000100000000000300000000000,,00000052,,,,,,,,5,5,0,13,13,52,,112113121353,AABAACABACDC,AAABACABACCD,,,0,52,,,,,,,,,,L_T1_GTR03_51000001,,,
153712,11,,,,,,,,,53,52,23,100000000000131000000000210000000007120000000000100000000000300000000000,,00000063,,,,,,,,6,6,0,13,13,63,,11211312135352,AABAACABACDCDB,AAABACABACCDBD,,,0,63,,,,,,,,,,L_T1_GTR03_51000001/L_T1_GTR03_41100001,,,,13,53,52,100000000000100000000000210000000007120000000000100000000000300000000000,,00000052,,,,,,,,5,5,0,13,13,52,,112113121353,AABAACABACDC,AAABACABACCD,,,0,52,,,,,,,,,,L_T1_GTR03_51000001,,,
153716,12,,,,,,,,,53,52,23,100000000000131000000000210000000007120000000000100000000000300000000000,,00000063,,,,,,,,6,6,0,13,13,63,,11211312135352,AABAACABACDCDB,AAABACABACCDBD,,,0,63,,,,,,,,,,L_T1_GTR03_51000001/L_T1_GTR03_41100001,,,,53,52,23,100000000000100000000000210000000007120000000000100000000000331000000000,,00000063,,,,,,,,6,6,0,11,11,63,,11211312135352,AABAACABACDCDB,AAABACABACCDBD,,,0,63,,,,,,,,,,L_T1_GTR03_51000001,,,
153764,13,,,,,,,,,53,52,23,100000000000131000000000210000000007120000000000100000000000300000000000,,00000063,,,,,,,,6,6,0,13,13,63,,11211312135352,AABAACABACDCDB,AAABACABACCDBD,,,0,63,,,,,,,,,,L_T1_GTR03_51000001/L_T1_GTR03_41100001,,,,52,23,55,100000000000100000000000210000000007123500000000100000000000331000000000,,00000073,,,,,,,,7,7,0,10,10,73,,1121131213535223,AABAACABACDCDBBC,AAABACABACCDBDBC,,,0,73,,,,,,,,,,L_T1_GTR03_51000001,,,
153782,14,,,,,,,,,52,23,55,130000000000131500000000210000000007120000000000100000000000300000000000,,00000073,,,,,,,,7,7,0,10,10,73,,1121131213535223,AABAACABACDCDBBC,AAABACABACCDBDBC,,,0,73,,,,,L_T1_GTR___hekomi__,,,,,L_T1_GTR03_51000001,,,,52,23,55,100000000000100000000000210000000007123500000000100000000000331000000000,,00000073,,,,,,,,7,7,0,10,10,73,,1121131213535223,AABAACABACDCDBBC,AAABACABACCDBDBC,,,0,73,,,,,,,,,,L_T1_GTR03_51000001,,,
153805,15,,,,,,,,,52,23,55,130000000000131500000000210000000007120000000000100000000000300000000000,,00000073,,,,,,,,7,7,0,10,10,73,,1121131213535223,AABAACABACDCDBBC,AAABACABACCDBDBC,,,0,73,,,,,L_T1_GTR___hekomi__,,,,,L_T1_GTR03_51000001,,,,23,55,55,100000000000100000000000212500000007123500000000100000000000331000000000,,00000083,,,,,,,,8,8,0,10,10,83,,112113121353522355,AABAACABACDCDBBCDD,AAABACABACCDBDBCDD,,,0,83,,,,,,,,,,L_T1_GTR03_51000001,,,
153827,16,,,,,,,,,23,55,55,130000000000131500000000212500000007120000000000100000000000300000000000,,00000083,,,,,,,,8,8,0,10,10,83,,112113121353522355,AABAACABACDCDBBCDD,AAABACABACCDBDBCDD,,,0,83,,,,,L_T1_GTR___hekomi__,,,,,L_T1_GTR03_51000001,,,,23,55,55,100000000000100000000000212500000007123500000000100000000000331000000000,,00000083,,,,,,,,8,8,0,10,10,83,,112113121353522355,AABAACABACDCDBBCDD,AAABACABACCDBDBCDD,,,0,83,,,,,,,,,,L_T1_GTR03_51000001,,,
153860,17,,,,,,,,,23,55,55,130000000000131500000000212500000007120000000000100000000000300000000000,,00000083,,,,,,,,8,8,0,10,10,83,,112113121353522355,AABAACABACDCDBBCDD,AAABACABACCDBDBCDD,,,0,83,,,,,L_T1_GTR___hekomi__,,,,,L_T1_GTR03_51000001,,,,55,55,52,100000000000100000000000212500000007123500000000123000000000331000000000,,00000095,,,,,,,,9,9,0,12,12,95,,11211312135352235555,AABAACABACDCDBBCDDDD,AAABACABACCDBDBCDDDD,,,0,95,,,,,,,,,,L_T1_GTR03_51000001,,,
153880,18,,,,,,,,,55,55,52,130000000000131500000000212500000007120000000000120000000000330000000000,,00000095,,,,,,,,9,9,0,12,12,95,,11211312135352235555,AABAACABACDCDBBCDDDD,AAABACABACCDBDBCDDDD,,,0,95,,,,,L_T1_GTR___hekomi__,,,,,L_T1_GTR03_51000001,,,,55,55,52,100000000000100000000000212500000007123500000000123000000000331000000000,,00000095,,,,,,,,9,9,0,12,12,95,,11211312135352235555,AABAACABACDCDBBCDDDD,AAABACABACCDBDBCDDDD,,,0,95,,,,,,,,,,L_T1_GTR03_51000001,,,
153907,19,,,,,,,,,55,55,52,130000000000131500000000212500000007120000000000120000000000330000000000,,00000095,,,,,,,,9,9,0,12,12,95,,11211312135352235555,AABAACABACDCDBBCDDDD,AAABACABACCDBDBCDDDD,,,0,95,,,,,L_T1_GTR___hekomi__,,,,,L_T1_GTR03_51000001,,,,55,52,13,100000000000100000000000212500000007123500000000123000000000331550000000,,00000104,,,,,,,,10,10,0,9,9,104,,1121131213535223555552,AABAACABACDCDBBCDDDDDB,AAABACABACCDBDBCDDDDBD,,,0,104,,,,,,,,,,L_T1_GTR03_51000001,,,
153930,20,,,,,,,,,55,52,13,130000000000131500000000212500000007125000000000125000000000330000000000,,00000106,,,,,,,,10,10,0,11,11,106,,1121131213535223555552,AABAACABACDCDBBCDDDDDB,AAABACABACCDBDBCDDDDBD,,,0,106,,,,,L_T1_GTR___hekomi__,,,,,L_T1_GTR03_51000001,,,,55,52,13,100000000000100000000000212500000007123500000000123000000000331550000000,,00000104,,,,,,,,10,10,0,9,9,104,,1121131213535223555552,AABAACABACDCDBBCDDDDDB,AAABACABACCDBDBCDDDDBD,,,0,104,,,,,,,,,,L_T1_GTR03_51000001,,,
153958,21,,,,,,,,,55,52,13,130000000000131500000000212500000007125000000000125000000000330000000000,,00000106,,,,,,,,10,10,0,11,11,106,,1121131213535223555552,AABAACABACDCDBBCDDDDDB,AAABACABACCDBDBCDDDDBD,,,0,106,,,,,L_T1_GTR___hekomi__,,,,,L_T1_GTR03_51000001,,,,52,13,55,150000000000150000000000212500000007123500000000123000000000331550000000,,00000116,,,,,,,,11,11,0,12,12,116,,112113121353522355555213,AABAACABACDCDBBCDDDDDBAC,AAABACABACCDBDBCDDDDBDAC,,,0,116,,,,,,,,,,L_T1_GTR03_51000001,,,
153971,22,,,,,,,,,,52,13,130000000000131500000000212555000007125000000000125000000000330000000000,,bb40abb1,,,,,,,,11,0,1,bb40abb1,40,146,,1121131213535223555552,AABAACABACDCDBBCDDDDDB,AAABACABACCDBDBCDDDDBD,,,1,146,,,,,L_T1_GTR___hekomi__,,,,,L_T1_GTR03_51000001,,,,52,13,55,150000000000150000000000212500000007123500000000123000000000331550000000,,00000116,,,,,,,,11,11,0,12,12,116,,112113121353522355555213,AABAACABACDCDBBCDDDDDBAC,AAABACABACCDBDBCDDDDBDAC,,,0,116,,,,,,,,,,L_T1_GTR03_51000001,,,
154010,23,,,,,,,,,,52,13,130000000000131500000000212555000007125000000000125000000000330000000000,,bb40abb1,,,,,,,,11,0,1,bb40abb1,40,146,,1121131213535223555552,AABAACABACDCDBBCDDDDDB,AAABACABACCDBDBCDDDDBD,,,1,146,,,,,L_T1_GTR___hekomi__,,,,,L_T1_GTR03_51000001,,,,13,55,23,155200000000150000000000212500000007123500000000123000000000331550000000,,00000127,,,,,,,,12,12,0,11,11,127,,11211312135352235555521355,AABAACABACDCDBBCDDDDDBACDD,AAABACABACCDBDBCDDDDBDACDD,,,0,127,,,,,,,,,,L_T1_GTR03_51000001,,,
154035,24,,,,,,,,,52,13,55,130000000000131000000000212000000007125000000000125000000000330000000000,,00000155,,,,,,,,12,1,0,9,9,155,,112113121353522355555213,AABAACABACDCDBBCDDDDDBAC,AAABACABACCDBDBCDDDDBDAC,,,1,155,,,,,L_T1_GTR___hekomi__,,,,,L_T1_GTR03_51000001,,,,13,55,23,155200000000150000000000212500000007123500000000123000000000331550000000,,00000127,,,,,,,,12,12,0,11,11,127,,11211312135352235555521355,AABAACABACDCDBBCDDDDDBACDD,AAABACABACCDBDBCDDDDBDACDD,,,0,127,,,,,,,,,,L_T1_GTR03_51000001,,,
154082,25,,,,,,,,,13,55,23,130000000000131000000000212000000007125520000000125000000000330000000000,,00000165,,,,,,,,13,2,0,10,10,165,,11211312135352235555521355,AABAACABACDCDBBCDDDDDBACDD,AAABACABACCDBDBCDDDDBDACDD,,,1,165,,,,,L_T1_GTR___hekomi__,,,,,L_T1_GTR03_51000001,,,,13,55,23,155200000000150000000000212500000007123500000000123000000000331550000000,,00000127,,,,,,,,12,12,0,11,11,127,,11211312135352235555521355,AABAACABACDCDBBCDDDDDBACDD,AAABACABACCDBDBCDDDDBDACDD,,,0,127,,,,,,,,,,L_T1_GTR03_51000001,,,
154132,27,,,,,,,,,55,23,23,130000000000131000000000212000000007125520000000125000000000333100000000,,00000175,,,,,,,,14,3,0,10,10,175,,1121131213535223555552135523,AABAACABACDCDBBCDDDDDBACDDBC,AAABACABACCDBDBCDDDDBDACDDBC,,,1,175,,,,,L_T1_GTR___hekomi__,,,,,L_T1_GTR03_51000001,,,,55,23,23,155260000000150000000000212500000007123536000000123100000000331550000000,,00000136,,,,,,,,13,13,0,9,9,136,,1121131213535223555552135523,AABAACABACDCDBBCDDDDDBACDDBC,AAABACABACCDBDBCDDDDBDACDDBC,,,0,136,,,,,,,,,,L_T1_GTR03_51000001,,,
154178,28,,,,,,,,,23,23,52,130000000000131000000000212000000007125520000000125000000000333155000000,,00000183,,,,,,,,15,4,0,8,8,183,,112113121353522355555213552323,AABAACABACDCDBBCDDDDDBACDDBCBC,AAABACABACCDBDBCDDDDBDACDDBCBC,,,1,183,,,,,L_T1_GTR___hekomi__,,,,,L_T1_GTR03_51000001,,,,55,23,23,155260000000150000000000212500000007123536000000123100000000331550000000,,00000136,,,,,,,,13,13,0,9,9,136,,1121131213535223555552135523,AABAACABACDCDBBCDDDDDBACDDBC,AAABACABACCDBDBCDDDDBDACDDBC,,,0,136,,,,,,,,,,L_T1_GTR03_51000001,,,
154198,29,,,,,,,,,23,23,52,130000000000131000000000212000000007125520000000125000000000333155000000,,00000183,,,,,,,,15,4,0,8,8,183,,112113121353522355555213552323,AABAACABACDCDBBCDDDDDBACDDBCBC,AAABACABACCDBDBCDDDDBDACDDBCBC,,,1,183,,,,,L_T1_GTR___hekomi__,,,,,L_T1_GTR03_51000001,,,,23,23,52,155260000000150000000000212500000007123536500000123150000000331550000000,,00000143,,,,,,,,14,14,0,7,7,143,,112113121353522355555213552323,AABAACABACDCDBBCDDDDDBACDDBCBC,AAABACABACCDBDBCDDDDBDACDDBCBC,,,0,143,,,,,,,,,,L_T1_GTR03_51000001,,,
154223,30,,,,,,,,,23,52,11,130000000000131000000000212000000007125520000000125320000000333155000000,,00000192,,,,,,,,16,5,0,9,9,192,,11211312135352235555521355232352,AABAACABACDCDBBCDDDDDBACDDBCBCDB,AAABACABACCDBDBCDDDDBDACDDBCBCBD,,,1,192,,,,,L_T1_GTR___hekomi__,,,,,L_T1_GTR03_51000001,,,,23,23,52,155260000000150000000000212500000007123536500000123150000000331550000000,,00000143,,,,,,,,14,14,0,7,7,143,,112113121353522355555213552323,AABAACABACDCDBBCDDDDDBACDDBCBC,AAABACABACCDBDBCDDDDBDACDDBCBC,,,0,143,,,,,,,,,,L_T1_GTR03_51000001,,,
154240,31,,,,,,,,,23,52,11,130000000000131000000000212000000007125520000000125320000000333155000000,,00000192,,,,,,,,16,5,0,9,9,192,,11211312135352235555521355232352,AABAACABACDCDBBCDDDDDBACDDBCBCDB,AAABACABACCDBDBCDDDDBDACDDBCBCBD,,,1,192,,,,,L_T1_GTR___hekomi__,,,,,L_T1_GTR03_51000001,,,,23,52,11,155260000000150000000000212500000007123536500000123153200000331550000000,,00000150,,,,,,,,15,15,0,7,7,150,,11211312135352235555521355232352,AABAACABACDCDBBCDDDDDBACDDBCBCDB,AAABACABACCDBDBCDDDDBDACDDBCBCBD,,,0,150,,,,,,,,,,L_T1_GTR03_51000001,,,
154272,32,,,,,,,,,52,11,22,133200000000131000000000212000000007125520000000125320000000333155000000,,00000202,,,,,,,,17,6,0,10,10,202,,1121131213535223555552135523235211,AABAACABACDCDBBCDDDDDBACDDBCBCDBAA,AAABACABACCDBDBCDDDDBDACDDBCBCBDAA,,,1,202,,,,,L_T1_GTR___standard,,,,,L_T1_GTR03_51000001/L_T1_GTR03_33000001,,,,23,52,11,155260000000150000000000212500000007123536500000123153200000331550000000,,00000150,,,,,,,,15,15,0,7,7,150,,11211312135352235555521355232352,AABAACABACDCDBBCDDDDDBACDDBCBCDB,AAABACABACCDBDBCDDDDBDACDDBCBCBD,,,0,150,,,,,,,,,,L_T1_GTR03_51000001,,,
154303,33,,,,,,,,,52,11,22,133200000000131000000000212000000007125520000000125320000000333155000000,,00000202,,,,,,,,17,6,0,10,10,202,,1121131213535223555552135523235211,AABAACABACDCDBBCDDDDDBACDDBCBCDBAA,AAABACABACCDBDBCDDDDBDACDDBCBCBDAA,,,1,202,,,,,L_T1_GTR___standard,,,,,L_T1_GTR03_51000001/L_T1_GTR03_33000001,,,,52,11,22,155260000000150000000000212500000007123536500000123153220000331553000000,,00000156,,,,,,,,16,16,0,6,6,156,,1121131213535223555552135523235211,AABAACABACDCDBBCDDDDDBACDDBCBCDBAA,AAABACABACCDBDBCDDDDBDACDDBCBCBDAA,,,0,156,,,,,,,,,,L_T1_GTR03_51000001,,,
154316,34,,,,,,,,,11,22,21,133200000000131250000000212000000007125520000000125320000000333155000000,,00000211,,,,,,,,18,7,0,9,9,211,,112113121353522355555213552323521122,AABAACABACDCDBBCDDDDDBACDDBCBCDBAABB,AAABACABACCDBDBCDDDDBDACDDBCBCBDAABB,,,1,211,,,,,L_T1_GTR___standard,,,,,L_T1_GTR03_51000001/L_T1_GTR03_33000001,,,,52,11,22,155260000000150000000000212500000007123536500000123153220000331553000000,,00000156,,,,,,,,16,16,0,6,6,156,,1121131213535223555552135523235211,AABAACABACDCDBBCDDDDDBACDDBCBCDBAA,AAABACABACCDBDBCDDDDBDACDDBCBCBDAA,,,0,156,,,,,,,,,,L_T1_GTR03_51000001,,,
154341,35,,,,,,,,,11,22,21,133200000000131250000000212000000007125520000000125320000000333155000000,,00000211,,,,,,,,18,7,0,9,9,211,,112113121353522355555213552323521122,AABAACABACDCDBBCDDDDDBACDDBCBCDBAABB,AAABACABACCDBDBCDDDDBDACDDBCBCBDAABB,,,1,211,,,,,L_T1_GTR___standard,,,,,L_T1_GTR03_51000001/L_T1_GTR03_33000001,,,,11,22,21,155260000000150000000000212500000007123536552000123153220000331553000000,,00000162,,,,,,,,17,17,0,6,6,162,,112113121353522355555213552323521122,AABAACABACDCDBBCDDDDDBACDDBCBCDBAABB,AAABACABACCDBDBCDDDDBDACDDBCBCBDAABB,,,0,162,,,,,,,,,,L_T1_GTR03_51000001,,,
154357,36,,,,,,,,,22,21,55,133200000000131250000000212110000007125520000000125320000000333155000000,,00000220,,,,,,,,19,8,0,9,9,220,,11211312135352235555521355232352112221,AABAACABACDCDBBCDDDDDBACDDBCBCDBAABBBA,AAABACABACCDBDBCDDDDBDACDDBCBCBDAABBAB,,,1,220,,,,,L_T1_GTR___standard,,,,,L_T1_GTR03_51000001/L_T1_GTR03_33000001,,,,11,22,21,155260000000150000000000212500000007123536552000123153220000331553000000,,00000162,,,,,,,,17,17,0,6,6,162,,112113121353522355555213552323521122,AABAACABACDCDBBCDDDDDBACDDBCBCDBAABB,AAABACABACCDBDBCDDDDBDACDDBCBCBDAABB,,,0,162,,,,,,,,,,L_T1_GTR03_51000001,,,
154399,37,,,,,,,,,21,55,25,133200000000131250000000212110000007125520000000125320000000333155220000,,00000226,,,,,,,,20,9,0,6,6,226,,1121131213535223555552135523235211222155,AABAACABACDCDBBCDDDDDBACDDBCBCDBAABBBADD,AAABACABACCDBDBCDDDDBDACDDBCBCBDAABBABDD,,,1,226,,,,,L_T1_GTR___standard,,,,,L_T1_GTR03_51000001/L_T1_GTR03_33000001,,,,11,22,21,155260000000150000000000212500000007123536552000123153220000331553000000,,00000162,,,,,,,,17,17,0,6,6,162,,112113121353522355555213552323521122,AABAACABACDCDBBCDDDDDBACDDBCBCDBAABB,AAABACABACCDBDBCDDDDBDACDDBCBCBDAABB,,,0,162,,,,,,,,,,L_T1_GTR03_51000001,,,
154408,38,,,,,,,,,21,55,25,133200000000131250000000212110000007125520000000125320000000333155220000,,00000226,,,,,,,,20,9,0,6,6,226,,1121131213535223555552135523235211222155,AABAACABACDCDBBCDDDDDBACDDBCBCDBAABBBADD,AAABACABACCDBDBCDDDDBDACDDBCBCBDAABBABDD,,,1,226,,,,,L_T1_GTR___standard,,,,,L_T1_GTR03_51000001/L_T1_GTR03_33000001,,,,22,21,55,155260000000151000000000212510000007123536552000123153220000331553000000,,00000171,,,,,,,,18,18,0,9,9,171,,11211312135352235555521355232352112221,AABAACABACDCDBBCDDDDDBACDDBCBCDBAABBBA,AAABACABACCDBDBCDDDDBDACDDBCBCBDAABBAB,,,0,171,,,,,L_T1_GTR___standard,,,,,L_T1_GTR03_51000001/L_T1_GTR03_33000001,,,
154450,40,,,,,,,,,55,25,11,133200000000131250000000212110000007125522100000125320000000333155220000,,00000234,,,,,,,,21,10,0,8,8,234,,112113121353522355555213552323521122215525,AABAACABACDCDBBCDDDDDBACDDBCBCDBAABBBADDBD,AAABACABACCDBDBCDDDDBDACDDBCBCBDAABBABDDBD,,,1,234,,,,,L_T1_GTR___standard,,,,,L_T1_GTR03_51000001/L_T1_GTR03_33000001,,,,21,55,25,155262200000151000000000212510000007123536552000123153220000331553000000,,00000178,,,,,,,,19,19,0,7,7,178,,1121131213535223555552135523235211222155,AABAACABACDCDBBCDDDDDBACDDBCBCDBAABBBADD,AAABACABACCDBDBCDDDDBDACDDBCBCBDAABBABDD,,,0,178,,,,,L_T1_GTR___standard,,,,,L_T1_GTR03_51000001/L_T1_GTR03_33000001,,,
154498,42,,,,,,,,,25,11,55,133255000000131250000000212110000007125522100000125320000000333155220000,,00000242,,,,,,,,22,11,0,8,8,242,,11211312135352235555521355232352112221552511,AABAACABACDCDBBCDDDDDBACDDBCBCDBAABBBADDBDAA,AAABACABACCDBDBCDDDDBDACDDBCBCBDAABBABDDBDAA,,,1,242,,,,,L_T1_GTR___standard,,,,,L_T1_GTR03_51000001/L_T1_GTR03_33000001,,,,55,25,11,155262200000151210000000212510000007123536552000123153220000331553000000,,00000188,,,,,,,,20,20,0,10,10,188,,112113121353522355555213552323521122215525,AABAACABACDCDBBCDDDDDBACDDBCBCDBAABBBADDBD,AAABACABACCDBDBCDDDDBDACDDBCBCBDAABBABDDBD,,,0,188,,,,,L_T1_GTR___standard,,,,,L_T1_GTR03_51000001/L_T1_GTR03_33000001,,,
154533,43,,,,,,,,,25,11,55,133255000000131250000000212110000007125522100000125320000000333155220000,,00000242,,,,,,,,22,11,0,8,8,242,,11211312135352235555521355232352112221552511,AABAACABACDCDBBCDDDDDBACDDBCBCDBAABBBADDBDAA,AAABACABACCDBDBCDDDDBDACDDBCBCBDAABBABDDBDAA,,,1,242,,,,,L_T1_GTR___standard,,,,,L_T1_GTR03_51000001/L_T1_GTR03_33000001,,,,25,11,55,155262255000151210000000212510000007123536552000123153220000331553000000,,00000193,,,,,,,,21,21,0,5,5,193,,11211312135352235555521355232352112221552511,AABAACABACDCDBBCDDDDDBACDDBCBCDBAABBBADDBDAA,AAABACABACCDBDBCDDDDBDACDDBCBCBDAABBABDDBDAA,,,0,193,,,,,L_T1_GTR___standard,,,,,L_T1_GTR03_51000001/L_T1_GTR03_33000001,,,
154546,44,,,,,,,,,11,55,22,133255000000131250000000212110000007125522100000125325200000333155220000,,00000249,,,,,,,,23,12,0,7,7,249,,1121131213535223555552135523235211222155251155,AABAACABACDCDBBCDDDDDBACDDBCBCDBAABBBADDBDAADD,AAABACABACCDBDBCDDDDBDACDDBCBCBDAABBABDDBDAADD,,,1,249,,,,,L_T1_GTR___standard,,,,,L_T1_GTR03_51000001/L_T1_GTR03_33000001,,,,25,11,55,155262255000151210000000212510000007123536552000123153220000331553000000,,00000193,,,,,,,,21,21,0,5,5,193,,11211312135352235555521355232352112221552511,AABAACABACDCDBBCDDDDDBACDDBCBCDBAABBBADDBDAA,AAABACABACCDBDBCDDDDBDACDDBCBCBDAABBABDDBDAA,,,0,193,,,,,L_T1_GTR___standard,,,,,L_T1_GTR03_51000001/L_T1_GTR03_33000001,,,
154567,45,,,,,,,,,11,55,22,133255000000131250000000212110000007125522100000125325200000333155220000,,00000249,,,,,,,,23,12,0,7,7,249,,1121131213535223555552135523235211222155251155,AABAACABACDCDBBCDDDDDBACDDBCBCDBAABBBADDBDAADD,AAABACABACCDBDBCDDDDBDACDDBCBCBDAABBABDDBDAADD,,,1,249,,,,,L_T1_GTR___standard,,,,,L_T1_GTR03_51000001/L_T1_GTR03_33000001,,,,11,55,22,155262255000151210000000212510000007123536552250123153220000331553000000,,00000197,,,,,,,,22,22,0,4,4,197,,1121131213535223555552135523235211222155251155,AABAACABACDCDBBCDDDDDBACDDBCBCDBAABBBADDBDAADD,AAABACABACCDBDBCDDDDBDACDDBCBCBDAABBABDDBDAADD,,,0,197,,,,,L_T1_GTR___standard,,,,,L_T1_GTR03_51000001/L_T1_GTR03_33000001,,,
154605,46,,,,,,,,,55,22,32,133255000000131250000000212111000007125522110000125325200000333155220000,,00000255,,,,,,,,24,13,0,6,6,255,,112113121353522355555213552323521122215525115522,AABAACABACDCDBBCDDDDDBACDDBCBCDBAABBBADDBDAADDBB,AAABACABACCDBDBCDDDDBDACDDBCBCBDAABBABDDBDAADDBB,,,1,255,,,,,L_T1_GTR___standard,,,,,L_T1_GTR03_51000001/L_T1_GTR03_33000001,,,,11,55,22,155262255000151210000000212510000007123536552250123153220000331553000000,,00000197,,,,,,,,22,22,0,4,4,197,,1121131213535223555552135523235211222155251155,AABAACABACDCDBBCDDDDDBACDDBCBCDBAABBBADDBDAADD,AAABACABACCDBDBCDDDDBDACDDBCBCBDAABBABDDBDAADD,,,0,197,,,,,L_T1_GTR___standard,,,,,L_T1_GTR03_51000001/L_T1_GTR03_33000001,,,
154634,47,,,,,,,,,55,22,32,133255000000131250000000212111000007125522110000125325200000333155220000,,00000255,,,,,,,,24,13,0,6,6,255,,112113121353522355555213552323521122215525115522,AABAACABACDCDBBCDDDDDBACDDBCBCDBAABBBADDBDAADDBB,AAABACABACCDBDBCDDDDBDACDDBCBCBDAABBABDDBDAADDBB,,,1,255,,,,,L_T1_GTR___standard,,,,,L_T1_GTR03_51000001/L_T1_GTR03_33000001,,,,55,22,32,155262255100151211000000212510000007123536552250123153220000331553000000,,00000201,,,,,,,,23,23,0,4,4,201,,112113121353522355555213552323521122215525115522,AABAACABACDCDBBCDDDDDBACDDBCBCDBAABBBADDBDAADDBB,AAABACABACCDBDBCDDDDBDACDDBCBCBDAABBABDDBDAADDBB,,,0,201,,,,,L_T1_GTR___standard,,,,,L_T1_GTR03_51000001/L_T1_GTR03_33000001,,,
154644,48,,,,,,,,,22,32,31,133255000000131250000000212111000007125522110000125325200000333155225500,,00000259,,,,,,,,25,14,0,4,4,259,,11211312135352235555521355232352112221552511552232,AABAACABACDCDBBCDDDDDBACDDBCBCDBAABBBADDBDAADDBBCB,AAABACABACCDBDBCDDDDBDACDDBCBCBDAABBABDDBDAADDBBBC,,,1,259,,,,,L_T1_GTR___standard,,,,,L_T1_GTR03_51000001/L_T1_GTR03_33000001,,,,55,22,32,155262255100151211000000212510000007123536552250123153220000331553000000,,00000201,,,,,,,,23,23,0,4,4,201,,112113121353522355555213552323521122215525115522,AABAACABACDCDBBCDDDDDBACDDBCBCDBAABBBADDBDAADDBB,AAABACABACCDBDBCDDDDBDACDDBCBCBDAABBABDDBDAADDBB,,,0,201,,,,,L_T1_GTR___standard,,,,,L_T1_GTR03_51000001/L_T1_GTR03_33000001,,,
154672,49,,,,,,,,,22,32,31,133255000000131250000000212111000007125522110000125325200000333155225500,,00000259,,,,,,,,25,14,0,4,4,259,,11211312135352235555521355232352112221552511552232,AABAACABACDCDBBCDDDDDBACDDBCBCDBAABBBADDBDAADDBBCB,AAABACABACCDBDBCDDDDBDACDDBCBCBDAABBABDDBDAADDBBBC,,,1,259,,,,,L_T1_GTR___standard,,,,,L_T1_GTR03_51000001/L_T1_GTR03_33000001,,,,22,32,31,155262255100151211000000212510000007123536552250123153225500331553000000,,00000205,,,,,,,,24,24,0,4,4,205,,11211312135352235555521355232352112221552511552232,AABAACABACDCDBBCDDDDDBACDDBCBCDBAABBBADDBDAADDBBCB,AAABACABACCDBDBCDDDDBDACDDBCBCBDAABBABDDBDAADDBBBC,,,0,205,,,,,L_T1_GTR___standard,,,,,L_T1_GTR03_51000001/L_T1_GTR03_33000001,,,
154677,50,,,,,,,,,32,31,21,133255000000131250000000212111000007125522110000125325200000333155225522,,00000261,,,,,,,,26,15,0,2,2,261,,1121131213535223555552135523235211222155251155223231,AABAACABACDCDBBCDDDDDBACDDBCBCDBAABBBADDBDAADDBBCBCA,AAABACABACCDBDBCDDDDBDACDDBCBCBDAABBABDDBDAADDBBBCAC,,,1,261,,,,,L_T1_GTR___standard,,,,,L_T1_GTR03_51000001/L_T1_GTR03_33000001,,,,22,32,31,155262255100151211000000212510000007123536552250123153225500331553000000,,00000205,,,,,,,,24,24,0,4,4,205,,11211312135352235555521355232352112221552511552232,AABAACABACDCDBBCDDDDDBACDDBCBCDBAABBBADDBDAADDBBCB,AAABACABACCDBDBCDDDDBDACDDBCBCBDAABBABDDBDAADDBBBC,,,0,205,,,,,L_T1_GTR___standard,,,,,L_T1_GTR03_51000001/L_T1_GTR03_33000001,,,
154735,51,,,,,,,,,32,31,21,133255000000131250000000212111000007125522110000125325200000333155225522,,00000261,,,,,,,,26,15,0,2,2,261,,1121131213535223555552135523235211222155251155223231,AABAACABACDCDBBCDDDDDBACDDBCBCDBAABBBADDBDAADDBBCBCA,AAABACABACCDBDBCDDDDBDACDDBCBCBDAABBABDDBDAADDBBBCAC,,,1,261,,,,,L_T1_GTR___standard,,,,,L_T1_GTR03_51000001/L_T1_GTR03_33000001,,,,32,31,21,155262205100151211000000212510000007123536552250123153225520331553200000,,00000208,,,,,,,,25,25,0,3,3,208,,1121131213535223555552135523235211222155251155223231,AABAACABACDCDBBCDDDDDBACDDBCBCDBAABBBADDBDAADDBBCBCA,AAABACABACCDBDBCDDDDBDACDDBCBCBDAABBABDDBDAADDBBBCAC,,,0,208,,,,,L_T1_GTR___standard,,,,,L_T1_GTR03_51000001/L_T1_GTR03_33000001,,,
154742,52,,,,,,,,,31,21,21,133255200000131253000000212111000007125522110000125325200000333155225522,,00000268,,,,,,,,27,16,0,7,7,268,,112113121353522355555213552323521122215525115522323121,AABAACABACDCDBBCDDDDDBACDDBCBCDBAABBBADDBDAADDBBCBCABA,AAABACABACCDBDBCDDDDBDACDDBCBCBDAABBABDDBDAADDBBBCACAB,,,1,268,,,,,L_T1_GTR___standard,,,,,L_T1_GTR03_51000001/L_T1_GTR03_33000001,,,,32,31,21,155262205100151211000000212510000007123536552250123153225520331553200000,,00000208,,,,,,,,25,25,0,3,3,208,,1121131213535223555552135523235211222155251155223231,AABAACABACDCDBBCDDDDDBACDDBCBCDBAABBBADDBDAADDBBCBCA,AAABACABACCDBDBCDDDDBDACDDBCBCBDAABBABDDBDAADDBBBCAC,,,0,208,,,,,L_T1_GTR___standard,,,,,L_T1_GTR03_51000001/L_T1_GTR03_33000001,,,
154778,53,,,,,,,,,31,21,21,133255200000131253000000212111000007125522110000125325200000333155225522,,00000268,,,,,,,,27,16,0,7,7,268,,112113121353522355555213552323521122215525115522323121,AABAACABACDCDBBCDDDDDBACDDBCBCDBAABBBADDBDAADDBBCBCABA,AAABACABACCDBDBCDDDDBDACDDBCBCBDAABBABDDBDAADDBBBCACAB,,,1,268,,,,,L_T1_GTR___standard,,,,,L_T1_GTR03_51000001/L_T1_GTR03_33000001,,,,31,21,21,155262255100151211000000212512300007123536552250123153225520331553200000,,00000215,,,,,,,,26,26,0,7,7,215,,112113121353522355555213552323521122215525115522323121,AABAACABACDCDBBCDDDDDBACDDBCBCDBAABBBADDBDAADDBBCBCABA,AAABACABACCDBDBCDDDDBDACDDBCBCBDAABBABDDBDAADDBBBCACAB,,,0,215,,,,,L_T1_GTR___standard,,,,,L_T1_GTR03_51000001/L_T1_GTR03_33000001,,,
154800,54,,,,,,,,,21,21,15,133255200000131253000000212111300007125522111000125325200000333155225522,,00000273,,,,,,,,28,17,0,5,5,273,,11211312135352235555521355232352112221552511552232312121,AABAACABACDCDBBCDDDDDBACDDBCBCDBAABBBADDBDAADDBBCBCABABA,AAABACABACCDBDBCDDDDBDACDDBCBCBDAABBABDDBDAADDBBBCACABAB,,,1,273,,,,,L_T1_GTR___standard,,,,,L_T1_GTR03_51000001/L_T1_GTR03_33000001,,,,31,21,21,155262255100151211000000212512300007123536552250123153225520331553200000,,00000215,,,,,,,,26,26,0,7,7,215,,112113121353522355555213552323521122215525115522323121,AABAACABACDCDBBCDDDDDBACDDBCBCDBAABBBADDBDAADDBBCBCABA,AAABACABACCDBDBCDDDDBDACDDBCBCBDAABBABDDBDAADDBBBCACAB,,,0,215,,,,,L_T1_GTR___standard,,,,,L_T1_GTR03_51000001/L_T1_GTR03_33000001,,,
154818,55,,,,,,,,,21,21,15,133255200000131253000000212111300007125522111000125325200000333155225522,,00000273,,,,,,,,28,17,0,5,5,273,,11211312135352235555521355232352112221552511552232312121,AABAACABACDCDBBCDDDDDBACDDBCBCDBAABBBADDBDAADDBBCBCABABA,AAABACABACCDBDBCDDDDBDACDDBCBCBDAABBABDDBDAADDBBBCACABAB,,,1,273,,,,,L_T1_GTR___standard,,,,,L_T1_GTR03_51000001/L_T1_GTR03_33000001,,,,21,21,15,155262255100151211310000212512300007123536552250123153225520331553200000,,00000222,,,,,,,,27,27,0,7,7,222,,11211312135352235555521355232352112221552511552232312121,AABAACABACDCDBBCDDDDDBACDDBCBCDBAABBBADDBDAADDBBCBCABABA,AAABACABACCDBDBCDDDDBDACDDBCBCBDAABBABDDBDAADDBBBCACABAB,,,0,222,,,,,L_T1_GTR___standard,,,,,L_T1_GTR03_51000001/L_T1_GTR03_33000001,,,
154834,56,,,,,,,,,,21,15,133255200000131253000000212111300007125522111000125325212000333155225522,,bb40abb1,,,,,,,,29,0,1,bb40abb1,40,313,,11211312135352235555521355232352112221552511552232312121,AABAACABACDCDBBCDDDDDBACDDBCBCDBAABBBADDBDAADDBBCBCABABA,AAABACABACCDBDBCDDDDBDACDDBCBCBDAABBABDDBDAADDBBBCACABAB,,,1,313,,,,,L_T1_GTR___standard,,,,,L_T1_GTR03_51000001/L_T1_GTR03_33000001,,,,21,21,15,155262255100151211310000212512300007123536552250123153225520331553200000,,00000222,,,,,,,,27,27,0,7,7,222,,11211312135352235555521355232352112221552511552232312121,AABAACABACDCDBBCDDDDDBACDDBCBCDBAABBBADDBDAADDBBCBCABABA,AAABACABACCDBDBCDDDDBDACDDBCBCBDAABBABDDBDAADDBBBCACABAB,,,0,222,,,,,L_T1_GTR___standard,,,,,L_T1_GTR03_51000001/L_T1_GTR03_33000001,,,
154850,57,,,,,,,,,,21,15,133255200000131253000000212111300007125522111000125325212000333155225522,,bb40abb1,,,,,,,,29,0,1,bb40abb1,40,313,,11211312135352235555521355232352112221552511552232312121,AABAACABACDCDBBCDDDDDBACDDBCBCDBAABBBADDBDAADDBBCBCABABA,AAABACABACCDBDBCDDDDBDACDDBCBCBDAABBABDDBDAADDBBBCACABAB,,,1,313,,,,,L_T1_GTR___standard,,,,,L_T1_GTR03_51000001/L_T1_GTR03_33000001,,,,,21,15,155262255100151211310000212512300007123536552250123153225520331553221000,,bb40abb1,,,,,,,,28,0,1,bb40abb1,40,262,,11211312135352235555521355232352112221552511552232312121,AABAACABACDCDBBCDDDDDBACDDBCBCDBAABBBADDBDAADDBBCBCABABA,AAABACABACCDBDBCDDDDBDACDDBCBCBDAABBABDDBDAADDBBBCACABAB,,,1,262,,,,,L_T1_GTR___standard,,,,,L_T1_GTR03_51000001/L_T1_GTR03_33000001,,,
154917,58,,,,,,,,,,21,15,133255200000131253000000212111300007125522000000125325220000333155225522,,bb40abb8,,,,,,,,30,0,2,bb40abb8,320,633,,11211312135352235555521355232352112221552511552232312121,AABAACABACDCDBBCDDDDDBACDDBCBCDBAABBBADDBDAADDBBCBCABABA,AAABACABACCDBDBCDDDDBDACDDBCBCBDAABBABDDBDAADDBBBCACABAB,,,2,633,,,,,L_T1_GTR___standard,,,,,L_T1_GTR03_51000001/L_T1_GTR03_33000001,,,,,21,15,155262255100151211310000212512300007123536552250123153225520331553221000,,bb40abb1,,,,,,,,28,0,1,bb40abb1,40,262,,11211312135352235555521355232352112221552511552232312121,AABAACABACDCDBBCDDDDDBACDDBCBCDBAABBBADDBDAADDBBCBCABABA,AAABACABACCDBDBCDDDDBDACDDBCBCBDAABBABDDBDAADDBBBCACABAB,,,1,262,,,,,L_T1_GTR___standard,,,,,L_T1_GTR03_51000001/L_T1_GTR03_33000001,,,
154933,59,,,,,,,,,,21,15,133255200000131253000000212111300007125522000000125325220000333155225522,,bb40abb8,,,,,,,,30,0,2,bb40abb8,320,633,,11211312135352235555521355232352112221552511552232312121,AABAACABACDCDBBCDDDDDBACDDBCBCDBAABBBADDBDAADDBBCBCABABA,AAABACABACCDBDBCDDDDBDACDDBCBCBDAABBABDDBDAADDBBBCACABAB,,,2,633,,,,,L_T1_GTR___standard,,,,,L_T1_GTR03_51000001/L_T1_GTR03_33000001,,,,,21,15,155262255100151211310000212512300007123536552250123153552000331553100000,,bb40abb8,,,,,,,,29,0,2,bb40abb8,320,582,,11211312135352235555521355232352112221552511552232312121,AABAACABACDCDBBCDDDDDBACDDBCBCDBAABBBADDBDAADDBBCBCABABA,AAABACABACCDBDBCDDDDBDACDDBCBCBDAABBABDDBDAADDBBBCACABAB,,,2,582,,,,,L_T1_GTR___standard,,,,,L_T1_GTR03_51000001/L_T1_GTR03_33000001,,,
154997,60,,,,,,,,,,21,15,133255200000131253000000212111300007125522000000125325000000333155552200,,bb50ab18,,,,,,,,31,0,3,bb50ab18,900,1533,,11211312135352235555521355232352112221552511552232312121,AABAACABACDCDBBCDDDDDBACDDBCBCDBAABBBADDBDAADDBBCBCABABA,AAABACABACCDBDBCDDDDBDACDDBCBCBDAABBABDDBDAADDBBBCACABAB,,,3,1533,,,,,L_T1_GTR___standard,,,,,L_T1_GTR03_51000001/L_T1_GTR03_33000001,,,,,21,15,155262255100151211310000212512300007123536552250123153552000331553100000,,bb40abb8,,,,,,,,29,0,2,bb40abb8,320,582,,11211312135352235555521355232352112221552511552232312121,AABAACABACDCDBBCDDDDDBACDDBCBCDBAABBBADDBDAADDBBCBCABABA,AAABACABACCDBDBCDDDDBDACDDBCBCBDAABBABDDBDAADDBBBCACABAB,,,2,582,,,,,L_T1_GTR___standard,,,,,L_T1_GTR03_51000001/L_T1_GTR03_33000001,,,
155017,61,,,,,,,,,,21,15,133255200000131253000000212111300007125522000000125325000000333155552200,,bb50ab18,,,,,,,,31,0,3,bb50ab18,900,1533,,11211312135352235555521355232352112221552511552232312121,AABAACABACDCDBBCDDDDDBACDDBCBCDBAABBBADDBDAADDBBCBCABABA,AAABACABACCDBDBCDDDDBDACDDBCBCBDAABBABDDBDAADDBBBCACABAB,,,3,1533,,,,,L_T1_GTR___standard,,,,,L_T1_GTR03_51000001/L_T1_GTR03_33000001,,,,,21,15,155262255100151211310000212512300007123532250000123153200000331553100000,,bb40ab16,,,,,,,,30,0,3,bb40ab16,640,1222,,11211312135352235555521355232352112221552511552232312121,AABAACABACDCDBBCDDDDDBACDDBCBCDBAABBBADDBDAADDBBCBCABABA,AAABACABACCDBDBCDDDDBDACDDBCBCBDAABBABDDBDAADDBBBCACABAB,,,3,1222,,,,,L_T1_GTR___standard,,,,,L_T1_GTR03_51000001/L_T1_GTR03_33000001,,,
155083,62,,,,,,,,,,21,15,133255200000131253000000212111300007125522000000125320000000333122000000,,bb50ab34,,,,,,,,32,0,4,bb50ab34,1700,3233,,11211312135352235555521355232352112221552511552232312121,AABAACABACDCDBBCDDDDDBACDDBCBCDBAABBBADDBDAADDBBCBCABABA,AAABACABACCDBDBCDDDDBDACDDBCBCBDAABBABDDBDAADDBBBCACABAB,,,4,3233,,,,,L_T1_GTR___standard,,,,,L_T1_GTR03_51000001/L_T1_GTR03_33000001,,,,,21,15,155262255100151211310000212512300007123532250000123153200000331553100000,,bb40ab16,,,,,,,,30,0,3,bb40ab16,640,1222,,11211312135352235555521355232352112221552511552232312121,AABAACABACDCDBBCDDDDDBACDDBCBCDBAABBBADDBDAADDBBCBCABABA,AAABACABACCDBDBCDDDDBDACDDBCBCBDAABBABDDBDAADDBBBCACABAB,,,3,1222,,,,,L_T1_GTR___standard,,,,,L_T1_GTR03_51000001/L_T1_GTR03_33000001,,,
155108,63,,,,,,,,,,21,15,133255200000131253000000212111300007125522000000125320000000333122000000,,bb50ab34,,,,,,,,32,0,4,bb50ab34,1700,3233,,11211312135352235555521355232352112221552511552232312121,AABAACABACDCDBBCDDDDDBACDDBCBCDBAABBBADDBDAADDBBCBCABABA,AAABACABACCDBDBCDDDDBDACDDBCBCBDAABBABDDBDAADDBBBCACABAB,,,4,3233,,,,,L_T1_GTR___standard,,,,,L_T1_GTR03_51000001/L_T1_GTR03_33000001,,,,21,15,53,155262255100151211310000212513000007123535000000123153000000331553100000,,00001228,,,,,,,,31,1,0,6,6,1228,,1121131213535223555552135523235211222155251155223231212115,AABAACABACDCDBBCDDDDDBACDDBCBCDBAABBBADDBDAADDBBCBCABABAAD,AAABACABACCDBDBCDDDDBDACDDBCBCBDAABBABDDBDAADDBBBCACABABAD,,,3,1228,,,,,L_T1_GTR___standard,,,,,L_T1_GTR03_51000001/L_T1_GTR03_33000001,,,
155142,64,,,,,,,,,,21,15,133255200000131253000000212111300007125522000000125320000000333122000000,,bb50ab34,,,,,,,,32,0,4,bb50ab34,1700,3233,,11211312135352235555521355232352112221552511552232312121,AABAACABACDCDBBCDDDDDBACDDBCBCDBAABBBADDBDAADDBBCBCABABA,AAABACABACCDBDBCDDDDBDACDDBCBCBDAABBABDDBDAADDBBBCACABAB,,,4,3233,,,,,L_T1_GTR___standard,,,,,L_T1_GTR03_51000001/L_T1_GTR03_33000001,,,,15,53,55,155262255100151211311200212513000007123535000000123153000000331553100000,,00001232,,,,,,,,32,2,0,4,4,1232,,112113121353522355555213552323521122215525115522323121211553,AABAACABACDCDBBCDDDDDBACDDBCBCDBAABBBADDBDAADDBBCBCABABAADDC,AAABACABACCDBDBCDDDDBDACDDBCBCBDAABBABDDBDAADDBBBCACABABADCD,,,3,1232,,,,,L_T1_GTR___standard,,,,,L_T1_GTR03_51000001/L_T1_GTR03_33000001,,,
155148,65,,,,,,,,,21,15,53,133255200000131253000000212111300007125500000000125300000000333100000000,,00003238,,,,,,,,33,1,0,5,5,3238,,1121131213535223555552135523235211222155251155223231212115,AABAACABACDCDBBCDDDDDBACDDBCBCDBAABBBADDBDAADDBBCBCABABAAD,AAABACABACCDBDBCDDDDBDACDDBCBCBDAABBABDDBDAADDBBBCACABABAD,,,4,3238,,,,,L_T1_GTR___standard,,,,,L_T1_GTR03_51000001/L_T1_GTR03_33000001,,,,15,53,55,155262255100151211311200212513000007123535000000123153000000331553100000,,00001232,,,,,,,,32,2,0,4,4,1232,,112113121353522355555213552323521122215525115522323121211553,AABAACABACDCDBBCDDDDDBACDDBCBCDBAABBBADDBDAADDBBCBCABABAADDC,AAABACABACCDBDBCDDDDBDACDDBCBCBDAABBABDDBDAADDBBBCACABABADCD,,,3,1232,,,,,L_T1_GTR___standard,,,,,L_T1_GTR03_51000001/L_T1_GTR03_33000001,,,
155195,66,,,,,,,,,15,53,55,133255200000131253000000212111300007125500000000125321000000333100000000,,00003247,,,,,,,,34,2,0,9,9,3247,,112113121353522355555213552323521122215525115522323121211553,AABAACABACDCDBBCDDDDDBACDDBCBCDBAABBBADDBDAADDBBCBCABABAADDC,AAABACABACCDBDBCDDDDBDACDDBCBCBDAABBABDDBDAADDBBBCACABABADCD,,,4,3247,,,,,L_T1_GTR___standard,,,,,L_T1_GTR03_51000001/L_T1_GTR03_33000001,,,,15,53,55,155262255100151211311200212513000007123535000000123153000000331553100000,,00001232,,,,,,,,32,2,0,4,4,1232,,112113121353522355555213552323521122215525115522323121211553,AABAACABACDCDBBCDDDDDBACDDBCBCDBAABBBADDBDAADDBBCBCABABAADDC,AAABACABACCDBDBCDDDDBDACDDBCBCBDAABBABDDBDAADDBBBCACABABADCD,,,3,1232,,,,,L_T1_GTR___standard,,,,,L_T1_GTR03_51000001/L_T1_GTR03_33000001,,,
155228,67,,,,,,,,,,53,55,133255200000131253000000212111300007125551000000125321000000333100000000,,bb90abb5,,,,,,,,35,0,1,bb90abb5,450,3697,,112113121353522355555213552323521122215525115522323121211553,AABAACABACDCDBBCDDDDDBACDDBCBCDBAABBBADDBDAADDBBCBCABABAADDC,AAABACABACCDBDBCDDDDBDACDDBCBCBDAABBABDDBDAADDBBBCACABABADCD,,,4,3697,,,,,L_T1_GTR___standard,,,,,L_T1_GTR03_51000001/L_T1_GTR03_33000001,,,,15,53,55,155262255100151211311200212513000007123535000000123153000000331553100000,,00001232,,,,,,,,32,2,0,4,4,1232,,112113121353522355555213552323521122215525115522323121211553,AABAACABACDCDBBCDDDDDBACDDBCBCDBAABBBADDBDAADDBBCBCABABAADDC,AAABACABACCDBDBCDDDDBDACDDBCBCBDAABBABDDBDAADDBBBCACABABADCD,,,3,1232,,,,,L_T1_GTR___standard,,,,,L_T1_GTR03_51000001/L_T1_GTR03_33000001,,,
155249,68,,,,,,,,,,53,55,133255200000131253000000212111300007125551000000125321000000333100000000,,bb90abb5,,,,,,,,35,0,1,bb90abb5,450,3697,,112113121353522355555213552323521122215525115522323121211553,AABAACABACDCDBBCDDDDDBACDDBCBCDBAABBBADDBDAADDBBCBCABABAADDC,AAABACABACCDBDBCDDDDBDACDDBCBCBDAABBABDDBDAADDBBBCACABABADCD,,,4,3697,,,,,L_T1_GTR___standard,,,,,L_T1_GTR03_51000001/L_T1_GTR03_33000001,,,,53,55,23,155262255166151211311215212513666667123535666660123153666600331553166666,,00001235,,,,,,,,33,3,0,3,3,1235,,11211312135352235555521355232352112221552511552232312121155355,AABAACABACDCDBBCDDDDDBACDDBCBCDBAABBBADDBDAADDBBCBCABABAADDCDD,AAABACABACCDBDBCDDDDBDACDDBCBCBDAABBABDDBDAADDBBBCACABABADCDDD,,,3,1235,,,,,L_T1_GTR___standard,,,,,L_T1_GTR03_51000001/L_T1_GTR03_33000001,,,
155280,69,,,,,,,,,,53,55,133255200000131253000000212111300007125551000000125321000000333100000000,,bb90abb5,,,,,,,,35,0,1,bb90abb5,450,3697,,112113121353522355555213552323521122215525115522323121211553,AABAACABACDCDBBCDDDDDBACDDBCBCDBAABBBADDBDAADDBBCBCABABAADDC,AAABACABACCDBDBCDDDDBDACDDBCBCBDAABBABDDBDAADDBBBCACABABADCD,,,4,3697,,,,,L_T1_GTR___standard,,,,,L_T1_GTR03_51000001/L_T1_GTR03_33000001,,,,55,23,15,155262255166151211311215212513666667123535666660123153666635331553166666,,00001237,,,,,,,,34,4,0,2,2,1237,,1121131213535223555552135523235211222155251155223231212115535523,AABAACABACDCDBBCDDDDDBACDDBCBCDBAABBBADDBDAADDBBCBCABABAADDCDDBC,AAABACABACCDBDBCDDDDBDACDDBCBCBDAABBABDDBDAADDBBBCACABABADCDDDBC,,,3,1237,,,,,L_T1_GTR___standard,,,,,L_T1_GTR03_51000001/L_T1_GTR03_33000001,,,
155298,70,,,,,,,,,,53,55,133255200000131253000000212111300007125551000000125321000000333100000000,,bb90abb5,,,,,,,,35,0,1,bb90abb5,450,3697,,112113121353522355555213552323521122215525115522323121211553,AABAACABACDCDBBCDDDDDBACDDBCBCDBAABBBADDBDAADDBBCBCABABAADDC,AAABACABACCDBDBCDDDDBDACDDBCBCBDAABBABDDBDAADDBBBCACABABADCD,,,4,3697,,,,,L_T1_GTR___standard,,,,,L_T1_GTR03_51000001/L_T1_GTR03_33000001,,,,,23,15,155262255166151211311215212513666665123535666665123153666635331553166666,,bb40abb1,,,,,,,,35,0,1,bb40abb1,40,1277,,1121131213535223555552135523235211222155251155223231212115535523,AABAACABACDCDBBCDDDDDBACDDBCBCDBAABBBADDBDAADDBBCBCABABAADDCDDBC,AAABACABACCDBDBCDDDDBDACDDBCBCBDAABBABDDBDAADDBBBCACABABADCDDDBC,,,3,1277,,,,,L_T1_GTR___standard,,,,,L_T1_GTR03_51000001/L_T1_GTR03_33000001,,,
155313,71,,,,,,,,,,53,55,133255200000131253000000212300000007120000000000123200000000333100000000,,bb40abb8,,,,,,,,36,0,2,bb40abb8,320,4017,,112113121353522355555213552323521122215525115522323121211553,AABAACABACDCDBBCDDDDDBACDDBCBCDBAABBBADDBDAADDBBCBCABABAADDC,AAABACABACCDBDBCDDDDBDACDDBCBCBDAABBABDDBDAADDBBBCACABABADCD,,,4,4017,,,,,L_T1_GTR___standard,,,,,L_T1_GTR03_51000001/L_T1_GTR03_33000001,,,,,23,15,155262255166151211311215212513666665123535666665123153666635331553166666,,bb40abb1,,,,,,,,35,0,1,bb40abb1,40,1277,,1121131213535223555552135523235211222155251155223231212115535523,AABAACABACDCDBBCDDDDDBACDDBCBCDBAABBBADDBDAADDBBCBCABABAADDCDDBC,AAABACABACCDBDBCDDDDBDACDDBCBCBDAABBABDDBDAADDBBBCACABABADCDDDBC,,,3,1277,,,,,L_T1_GTR___standard,,,,,L_T1_GTR03_51000001/L_T1_GTR03_33000001,,,
155366,72,,,,,,,,,,53,55,133255200000131253000000212300000007120000000000123200000000333100000000,,bb40abb8,,,,,,,,36,0,2,bb40abb8,320,4017,,112113121353522355555213552323521122215525115522323121211553,AABAACABACDCDBBCDDDDDBACDDBCBCDBAABBBADDBDAADDBBCBCABABAADDC,AAABACABACCDBDBCDDDDBDACDDBCBCBDAABBABDDBDAADDBBBCACABABADCD,,,4,4017,,,,,L_T1_GTR___standard,,,,,L_T1_GTR03_51000001/L_T1_GTR03_33000001,,,,23,15,15,155262255166151211311210212513666620123535666600123153666637331553166660,,00001279,,,,,,,,36,1,0,2,2,1279,,112113121353522355555213552323521122215525115522323121211553552315,AABAACABACDCDBBCDDDDDBACDDBCBCDBAABBBADDBDAADDBBCBCABABAADDCDDBCAD,AAABACABACCDBDBCDDDDBDACDDBCBCBDAABBABDDBDAADDBBBCACABABADCDDDBCAD,,,3,1279,,,,,L_T1_GTR___standard,,,,,L_T1_GTR03_51000001/L_T1_GTR03_33000001,,,
155377,73,,,,,,,,,,53,55,133255200000131253000000212300000007120000000000123200000000333100000000,,bb40abb8,,,,,,,,36,0,2,bb40abb8,320,4017,,112113121353522355555213552323521122215525115522323121211553,AABAACABACDCDBBCDDDDDBACDDBCBCDBAABBBADDBDAADDBBCBCABABAADDC,AAABACABACCDBDBCDDDDBDACDDBCBCBDAABBABDDBDAADDBBBCACABABADCD,,,4,4017,,,,,L_T1_GTR___standard,,,,,L_T1_GTR03_51000001/L_T1_GTR03_33000001,,,,,15,15,155262255166151211311210212513666623123535666600123153666630331553166660,,00001282,,,,,lose,,,37,1,0,3,3,1282,,112113121353522355555213552323521122215525115522323121211553552315,AABAACABACDCDBBCDDDDDBACDDBCBCDBAABBBADDBDAADDBBCBCABABAADDCDDBCAD,AAABACABACCDBDBCDDDDBDACDDBCBCBDAABBABDDBDAADDBBBCACABABADCDDDBCAD,,,3,1282,,,,,L_T1_GTR___standard,,,,,L_T1_GTR03_51000001/L_T1_GTR03_33000001,,,
155393,73,,,,,,,,,,53,55,133255200000131253000000212300000007120000000000122000000000100000000000,,00004025,,,,,win,,,37,0,2,8,8,4025,,112113121353522355555213552323521122215525115522323121211553,AABAACABACDCDBBCDDDDDBACDDBCBCDBAABBBADDBDAADDBBCBCABABAADDC,AAABACABACCDBDBCDDDDBDACDDBCBCBDAABBABDDBDAADDBBBCACABABADCD,,,4,4025,,,,,L_T1_GTR___standard,,,,,L_T1_GTR03_51000001/L_T1_GTR03_33000001,,,,,15,15,155262255166151211311210212513666623123535666600123153666630331553166660,,00001282,,,,,lose,,,37,1,0,3,3,1282,,112113121353522355555213552323521122215525115522323121211553552315,AABAACABACDCDBBCDDDDDBACDDBCBCDBAABBBADDBDAADDBBCBCABABAADDCDDBCAD,AAABACABACCDBDBCDDDDBDACDDBCBCBDAABBABDDBDAADDBBBCACABABADCDDDBCAD,,,3,1282,,,,,L_T1_GTR___standard,,,,,L_T1_GTR03_51000001/L_T1_GTR03_33000001,,,
