155640,0,,,,,,,,,,51,21,000000000000000000000000000000000007000000000000000000000000000000000000,000000,00000000,,,,,,,,0,0,0,0,0,0,,51,AB,AB,,,0,0,,,,,,,,,,,,,,,51,21,000000000000000000000000000000000007000000000000000000000000000000000000,000000,00000000,,,,,,,,0,0,0,0,0,0,,51,AB,AB,,,0,0,,,,,,,,,,,,,
155790,2,,,,,,,,,51,21,53,000000000000000000000000000000000007000000000000000000000000000000000000,,00000000,,,,,,,,1,1,0,0,0,0,,5121,BACA,ABAC,,,0,0,,,,,,,,,,,,,,51,21,53,000000000000000000000000000000000007000000000000000000000000000000000000,,00000000,,,,,,,,1,1,0,0,0,0,,5121,BACA,ABAC,,,0,0,,,,,,,,,,,,,
155840,4,,,,,,,,,21,53,13,150000000000000000000000000000000007000000000000000000000000000000000000,,00000012,,,,,,,,2,2,0,12,12,12,,512153,BACABD,ABACBD,,,0,12,,,,,,,,,,,,,,21,53,13,000000000000100000000000500000000007000000000000000000000000000000000000,,00000013,,,,,,,,2,2,0,13,13,13,,512153,BACABD,ABACBD,,,0,13,,,,,,,,,,,,,
155889,5,,,,,,,,,21,53,13,150000000000000000000000000000000007000000000000000000000000000000000000,,00000012,,,,,,,,2,2,0,12,12,12,,512153,BACABD,ABACBD,,,0,12,,,,,,,,,,,,,,53,13,33,120000000000100000000000500000000007000000000000000000000000000000000000,,00000024,,,,,,,,3,3,0,11,11,24,,51215313,BACABDAD,ABACBDAD,,,0,24,,,,,,,,,,,,,
155892,6,,,,,,,,,53,13,33,150000000000100000000000200000000007000000000000000000000000000000000000,,00000025,,,,,,,,3,3,0,13,13,25,,51215313,BACABDAD,ABACBDAD,,,0,25,,,,,,,,,,,,,,53,13,33,120000000000100000000000500000000007000000000000000000000000000000000000,,00000024,,,,,,,,3,3,0,11,11,24,,51215313,BACABDAD,ABACBDAD,,,0,24,,,,,,,,,,,,,
155940,7,,,,,,,,,53,13,33,150000000000100000000000200000000007000000000000000000000000000000000000,,00000025,,,,,,,,3,3,0,13,13,25,,51215313,BACABDAD,ABACBDAD,,,0,25,,,,,,,,,,,,,,13,33,11,120000000000100000000000500000000007350000000000000000000000000000000000,,00000036,,,,,,,,4,4,0,12,12,36,,5121531333,BACABDADDD,ABACBDADDD,,,0,36,,,,,,,,,,,,,
155942,8,,,,,,,,,13,33,11,155300000000100000000000200000000007000000000000000000000000000000000000,,00000036,,,,,,,,4,4,0,11,11,36,,5121531333,BACABDADDD,ABACBDADDD,,,0,36,,,,,,,,,,L_T1_GTR03_22110002,,,,13,33,11,120000000000100000000000500000000007350000000000000000000000000000000000,,00000036,,,,,,,,4,4,0,12,12,36,,5121531333,BACABDADDD,ABACBDADDD,,,0,36,,,,,,,,,,,,,
155987,9,,,,,,,,,33,11,12,155300000000100000000000213000000007000000000000000000000000000000000000,,00000048,,,,,,,,5,5,0,12,12,48,,512153133311,BACABDADDDAA,ABACBDADDDAA,,,0,48,,,,,,,,,,L_T1_GTR03_22110002,,,,13,33,11,120000000000100000000000500000000007350000000000000000000000000000000000,,00000036,,,,,,,,4,4,0,12,12,36,,5121531333,BACABDADDD,ABACBDADDD,,,0,36,,,,,,,,,,,,,
155996,10,,,,,,,,,33,11,12,155300000000100000000000213000000007000000000000000000000000000000000000,,00000048,,,,,,,,5,5,0,12,12,48,,512153133311,BACABDADDDAA,ABACBDADDDAA,,,0,48,,,,,,,,,,L_T1_GTR03_22110002,,,,33,11,12,120000000000100000000000500000000007350000000000300000000000100000000000,,00000049,,,,,,,,5,5,0,13,13,49,,512153133311,BACABDADDDAA,ABACBDADDDAA,,,0,49,,,,,,,,,,,,,
156037,11,,,,,,,,,11,12,12,155300000000100000000000213000000007330000000000000000000000000000000000,,00000060,,,,,,,,6,6,0,12,12,60,,51215313331112,BACABDADDDAAAC,ABACBDADDDAAAC,,,0,60,,,,,,,,,,L_T1_GTR03_22110002,,,,33,11,12,120000000000100000000000500000000007350000000000300000000000100000000000,,00000049,,,,,,,,5,5,0,13,13,49,,512153133311,BACABDADDDAA,ABACBDADDDAA,,,0,49,,,,,,,,,,,,,
156048,12,,,,,,,,,11,12,12,155300000000100000000000213000000007330000000000000000000000000000000000,,00000060,,,,,,,,6,6,0,12,12,60,,51215313331112,BACABDADDDAAAC,ABACBDADDDAAAC,,,0,60,,,,,,,,,,L_T1_GTR03_22110002,,,,11,12,12,120000000000100000000000500000000007350000000000300000000000133000000000,,00000060,,,,,,,,6,6,0,11,11,60,,51215313331112,BACABDADDDAAAC,ABACBDADDDAAAC,,,0,60,,,,,,,,,,,,,
156091,13,,,,,,,,,12,12,23,155300000000100000000000213000000007330000000000100000000000100000000000,,00000073,,,,,,,,7,7,0,13,13,73,,5121531333111212,BACABDADDDAAACAC,ABACBDADDDAAACAC,,,0,73,,,,,,,,,,L_T1_GTR03_22110002,,,,11,12,12,120000000000100000000000500000000007350000000000300000000000133000000000,,00000060,,,,,,,,6,6,0,11,11,60,,51215313331112,BACABDADDDAAAC,ABACBDADDDAAAC,,,0,60,,,,,,,,,,,,,
156096,14,,,,,,,,,12,12,23,155300000000100000000000213000000007330000000000100000000000100000000000,,00000073,,,,,,,,7,7,0,13,13,73,,5121531333111212,BACABDADDDAAACAC,ABACBDADDDAAACAC,,,0,73,,,,,,,,,,L_T1_GTR03_22110002,,,,12,12,23,120000000000100000000000500000000007350000000000300000000000133110000000,,00000069,,,,,,,,7,7,0,9,9,69,,5121531333111212,BACABDADDDAAACAC,ABACBDADDDAAACAC,,,0,69,,,,,,,,,,,,,
156144,15,,,,,,,,,12,12,23,155300000000100000000000213000000007330000000000100000000000100000000000,,00000073,,,,,,,,7,7,0,13,13,73,,5121531333111212,BACABDADDDAAACAC,ABACBDADDDAAACAC,,,0,73,,,,,,,,,,L_T1_GTR03_22110002,,,,12,23,15,120000000000120000000000510000000007350000000000300000000000133110000000,,00000081,,,,,,,,8,8,0,12,12,81,,512153133311121223,BACABDADDDAAACACCD,ABACBDADDDAAACACCD,,,0,81,,,,,,,,,,,,,
156145,16,,,,,,,,,12,23,15,155300000000100000000000213000000007330000000000100000000000112000000000,,00000085,,,,,,,,8,8,0,12,12,85,,512153133311121223,BACABDADDDAAACACCD,ABACBDADDDAAACACCD,,,0,85,,,,,,,,,,L_T1_GTR03_22110002,,,,12,23,15,120000000000120000000000510000000007350000000000300000000000133110000000,,00000081,,,,,,,,8,8,0,12,12,81,,512153133311121223,BACABDADDDAAACACCD,ABACBDADDDAAACACCD,,,0,81,,,,,,,,,,,,,
156192,17,,,,,,,,,12,23,15,155300000000100000000000213000000007330000000000100000000000112000000000,,00000085,,,,,,,,8,8,0,12,12,85,,512153133311121223,BACABDADDDAAACACCD,ABACBDADDDAAACACCD,,,0,85,,,,,,,,,,L_T1_GTR03_22110002,,,,23,15,52,122000000000121000000000510000000007350000000000300000000000133110000000,,00000092,,,,,,,,9,9,0,11,11,92,,51215313331112122315,BACABDADDDAAACACCDAB,ABACBDADDDAAACACCDAB,,,0,92,,,,,L_T1_GTR___standard,,,,,L_T1_GTR03_33000001,,,
156196,18,,,,,,,,,23,15,52,155300000000100000000000213000000007331200000000100000000000112000000000,,00000096,,,,,,,,9,9,0,11,11,96,,51215313331112122315,BACABDADDDAAACACCDAB,ABACBDADDDAAACACCDAB,,,0,96,,,,,,,,,,L_T1_GTR03_22110002,,,,23,15,52,122000000000121000000000510000000007350000000000300000000000133110000000,,00000092,,,,,,,,9,9,0,11,11,92,,51215313331112122315,BACABDADDDAAACACCDAB,ABACBDADDDAAACACCDAB,,,0,92,,,,,L_T1_GTR___standard,,,,,L_T1_GTR03_33000001,,,
156238,19,,,,,,,,,23,15,52,155300000000100000000000213000000007331200000000100000000000112000000000,,00000096,,,,,,,,9,9,0,11,11,96,,51215313331112122315,BACABDADDDAAACACCDAB,ABACBDADDDAAACACCDAB,,,0,96,,,,,,,,,,L_T1_GTR03_22110002,,,,15,52,21,122320000000121000000000510000000007350000000000300000000000133110000000,,00000101,,,,,,,,10,10,0,9,9,101,,5121531333111212231552,BACABDADDDAAACACCDABBC,ABACBDADDDAAACACCDABBC,,,0,101,,,,,L_T1_GTR___standard,,,,,L_T1_GTR03_33000001,,,
156248,20,,,,,,,,,15,52,21,155300000000100000000000213000000007331200000000132000000000112000000000,,00000107,,,,,,,,10,10,0,11,11,107,,5121531333111212231552,BACABDADDDAAACACCDABBC,ABACBDADDDAAACACCDABBC,,,0,107,,,,,,,,,,L_T1_GTR03_22110002,,,,15,52,21,122320000000121000000000510000000007350000000000300000000000133110000000,,00000101,,,,,,,,10,10,0,9,9,101,,5121531333111212231552,BACABDADDDAAACACCDABBC,ABACBDADDDAAACACCDABBC,,,0,101,,,,,L_T1_GTR___standard,,,,,L_T1_GTR03_33000001,,,
156285,21,,,,,,,,,15,52,21,155300000000100000000000213000000007331200000000132000000000112000000000,,00000107,,,,,,,,10,10,0,11,11,107,,5121531333111212231552,BACABDADDDAAACACCDABBC,ABACBDADDDAAACACCDABBC,,,0,107,,,,,,,,,,L_T1_GTR03_22110002,,,,52,21,13,122320000000121000000000515000000007351000000000300000000000133110000000,,00000112,,,,,,,,11,11,0,11,11,112,,512153133311121223155221,BACABDADDDAAACACCDABBCCA,ABACBDADDDAAACACCDABBCAC,,,0,112,,,,,L_T1_GTR___standard,,,,,L_T1_GTR03_33000001,,,
156296,22,,,,,,,,,52,21,13,155300000000151000000000213000000007331200000000132000000000112000000000,,00000118,,,,,,,,11,11,0,11,11,118,,512153133311121223155221,BACABDADDDAAACACCDABBCCA,ABACBDADDDAAACACCDABBCAC,,,0,118,,,,,L_T1_GTR___standard,,,,,L_T1_GTR03_33000001,,,,52,21,13,122320000000121000000000515000000007351000000000300000000000133110000000,,00000112,,,,,,,,11,11,0,11,11,112,,512153133311121223155221,BACABDADDDAAACACCDABBCCA,ABACBDADDDAAACACCDABBCAC,,,0,112,,,,,L_T1_GTR___standard,,,,,L_T1_GTR03_33000001,,,
156344,23,,,,,,,,,21,13,15,155300000000151000000000213000000007331200000000132500000000112200000000,,00000128,,,,,,,,12,12,0,10,10,128,,51215313331112122315522113,BACABDADDDAAACACCDABBCCAAD,ABACBDADDDAAACACCDABBCACAD,,,0,128,,,,,L_T1_GTR___standard,,,,,L_T1_GTR03_33000001,,,,52,21,13,122320000000121000000000515000000007351000000000300000000000133110000000,,00000112,,,,,,,,11,11,0,11,11,112,,512153133311121223155221,BACABDADDDAAACACCDABBCCA,ABACBDADDDAAACACCDABBCAC,,,0,112,,,,,L_T1_GTR___standard,,,,,L_T1_GTR03_33000001,,,
156358,24,,,,,,,,,21,13,15,155300000000151000000000213000000007331200000000132500000000112200000000,,00000128,,,,,,,,12,12,0,10,10,128,,51215313331112122315522113,BACABDADDDAAACACCDABBCCAAD,ABACBDADDDAAACACCDABBCACAD,,,0,128,,,,,L_T1_GTR___standard,,,,,L_T1_GTR03_33000001,,,,21,13,15,122320000000121000000000515000000007351200000000350000000000133110000000,,00000122,,,,,,,,12,12,0,10,10,122,,51215313331112122315522113,BACABDADDDAAACACCDABBCCAAD,ABACBDADDDAAACACCDABBCACAD,,,0,122,,,,,L_T1_GTR___standard,,,,,L_T1_GTR03_33000001,,,
156388,25,,,,,,,,,13,15,13,155312000000151000000000213000000007331200000000132500000000112200000000,,00000136,,,,,,,,13,13,0,8,8,136,,5121531333111212231552211315,BACABDADDDAAACACCDABBCCAADAB,ABACBDADDDAAACACCDABBCACADAB,,,0,136,,,,,L_T1_GTR___standard,,,,,L_T1_GTR03_33000001,,,,21,13,15,122320000000121000000000515000000007351200000000350000000000133110000000,,00000122,,,,,,,,12,12,0,10,10,122,,51215313331112122315522113,BACABDADDDAAACACCDABBCCAAD,ABACBDADDDAAACACCDABBCACAD,,,0,122,,,,,L_T1_GTR___standard,,,,,L_T1_GTR03_33000001,,,
156402,26,,,,,,,,,13,15,13,155312000000151000000000213000000007331200000000132500000000112200000000,,00000136,,,,,,,,13,13,0,8,8,136,,5121531333111212231552211315,BACABDADDDAAACACCDABBCCAADAB,ABACBDADDDAAACACCDABBCACADAB,,,0,136,,,,,L_T1_GTR___standard,,,,,L_T1_GTR03_33000001,,,,13,15,13,122322100000121000000000515000000007351200000000350000000000133110000000,,00000130,,,,,,,,13,13,0,8,8,130,,5121531333111212231552211315,BACABDADDDAAACACCDABBCCAADAB,ABACBDADDDAAACACCDABBCACADAB,,,0,130,,,,,L_T1_GTR___standard,,,,,L_T1_GTR03_33000001,,,
156432,27,,,,,,,,,15,13,35,155312000000151310000000213000000007331200000000132500000000112200000000,,00000146,,,,,,,,14,14,0,10,10,146,,512153133311121223155221131513,BACABDADDDAAACACCDABBCCAADABAD,ABACBDADDDAAACACCDABBCACADABAD,,,0,146,,,,,L_T1_GTR___standard,,,,,L_T1_GTR03_33000001,,,,13,15,13,122322100000121000000000515000000007351200000000350000000000133110000000,,00000130,,,,,,,,13,13,0,8,8,130,,5121531333111212231552211315,BACABDADDDAAACACCDABBCCAADAB,ABACBDADDDAAACACCDABBCACADAB,,,0,130,,,,,L_T1_GTR___standard,,,,,L_T1_GTR03_33000001,,,
156449,28,,,,,,,,,15,13,35,155312000000151310000000213000000007331200000000132500000000112200000000,,00000146,,,,,,,,14,14,0,10,10,146,,512153133311121223155221131513,BACABDADDDAAACACCDABBCCAADABAD,ABACBDADDDAAACACCDABBCACADABAD,,,0,146,,,,,L_T1_GTR___standard,,,,,L_T1_GTR03_33000001,,,,15,13,35,122322100000121000000000515000000007351200000000353100000000133110000000,,00000140,,,,,,,,14,14,0,10,10,140,,512153133311121223155221131513,BACABDADDDAAACACCDABBCCAADABAD,ABACBDADDDAAACACCDABBCACADABAD,,,0,140,,,,,L_T1_GTR___standard,,,,,L_T1_GTR03_33000001,,,
156473,29,,,,,,,,,13,35,21,155312000000151310000000213510000007331200000000132500000000112200000000,,00000154,,,,,,,,15,15,0,8,8,154,,51215313331112122315522113151335,BACABDADDDAAACACCDABBCCAADABADDB,ABACBDADDDAAACACCDABBCACADABADBD,,,0,154,,,,,L_T1_GTR___standard,,,,,L_T1_GTR03_33000001,,,,15,13,35,122322100000121000000000515000000007351200000000353100000000133110000000,,00000140,,,,,,,,14,14,0,10,10,140,,512153133311121223155221131513,BACABDADDDAAACACCDABBCCAADABAD,ABACBDADDDAAACACCDABBCACADABAD,,,0,140,,,,,L_T1_GTR___standard,,,,,L_T1_GTR03_33000001,,,
156490,30,,,,,,,,,13,35,21,155312000000151310000000213510000007331200000000132500000000112200000000,,00000154,,,,,,,,15,15,0,8,8,154,,51215313331112122315522113151335,BACABDADDDAAACACCDABBCCAADABADDB,ABACBDADDDAAACACCDABBCACADABADBD,,,0,154,,,,,L_T1_GTR___standard,,,,,L_T1_GTR03_33000001,,,,13,35,21,122322115000121000000000515000000007351200000000353100000000133110000000,,00000146,,,,,,,,15,15,0,6,6,146,,51215313331112122315522113151335,BACABDADDDAAACACCDABBCCAADABADDB,ABACBDADDDAAACACCDABBCACADABADBD,,,0,146,,,,,L_T1_GTR___standard,,,,,L_T1_GTR03_33000001,,,
156516,31,,,,,,,,,35,21,13,155312130000151310000000213510000007331200000000132500000000112200000000,,00000161,,,,,,,,16,16,0,7,7,161,,5121531333111212231552211315133521,BACABDADDDAAACACCDABBCCAADABADDBCA,ABACBDADDDAAACACCDABBCACADABADBDAC,,,0,161,,,,,L_T1_GTR___standard,,,,,L_T1_GTR03_33000001,,,,13,35,21,122322115000121000000000515000000007351200000000353100000000133110000000,,00000146,,,,,,,,15,15,0,6,6,146,,51215313331112122315522113151335,BACABDADDDAAACACCDABBCCAADABADDB,ABACBDADDDAAACACCDABBCACADABADBD,,,0,146,,,,,L_T1_GTR___standard,,,,,L_T1_GTR03_33000001,,,
156532,32,,,,,,,,,35,21,13,155312130000151310000000213510000007331200000000132500000000112200000000,,00000161,,,,,,,,16,16,0,7,7,161,,5121531333111212231552211315133521,BACABDADDDAAACACCDABBCCAADABADDBCA,ABACBDADDDAAACACCDABBCACADABADBDAC,,,0,161,,,,,L_T1_GTR___standard,,,,,L_T1_GTR03_33000001,,,,35,21,13,122322115000121310000000515000000007351200000000353100000000133110000000,,00000155,,,,,,,,16,16,0,9,9,155,,5121531333111212231552211315133521,BACABDADDDAAACACCDABBCCAADABADDBCA,ABACBDADDDAAACACCDABBCACADABADBDAC,,,0,155,,,,,L_T1_GTR___standard,,,,,L_T1_GTR03_33000001,,,
156559,33,,,,,,,,,21,13,22,155312130000151310000000213510000007331200000000132553000000112200000000,,00000169,,,,,,,,17,17,0,8,8,169,,512153133311121223155221131513352113,BACABDADDDAAACACCDABBCCAADABADDBCAAD,ABACBDADDDAAACACCDABBCACADABADBDACAD,,,0,169,,,,,L_T1_GTR___standard,,,,,L_T1_GTR03_33000001,,,,35,21,13,122322115000121310000000515000000007351200000000353100000000133110000000,,00000155,,,,,,,,16,16,0,9,9,155,,5121531333111212231552211315133521,BACABDADDDAAACACCDABBCCAADABADDBCA,ABACBDADDDAAACACCDABBCACADABADBDAC,,,0,155,,,,,L_T1_GTR___standard,,,,,L_T1_GTR03_33000001,,,
156592,34,,,,,,,,,21,13,22,155312130000151310000000213510000007331200000000132553000000112200000000,,00000169,,,,,,,,17,17,0,8,8,169,,512153133311121223155221131513352113,BACABDADDDAAACACCDABBCCAADABADDBCAAD,ABACBDADDDAAACACCDABBCACADABADBDACAD,,,0,169,,,,,L_T1_GTR___standard,,,,,L_T1_GTR03_33000001,,,,21,13,22,122322115000121310000000515300000007351250000000353100000000133110000000,,00000164,,,,,,,,17,17,0,9,9,164,,512153133311121223155221131513352113,BACABDADDDAAACACCDABBCCAADABADDBCAAD,ABACBDADDDAAACACCDABBCACADABADBDACAD,,,0,164,,,,,L_T1_GTR___standard/L_T1_GTR___zabuton_,,,,,L_T1_GTR03_33000001,,,
156601,35,,,,,,,,,13,22,52,155312130000151312100000213510000007331200000000132553000000112200000000,,00000177,,,,,,,,18,18,0,8,8,177,,51215313331112122315522113151335211322,BACABDADDDAAACACCDABBCCAADABADDBCAADCC,ABACBDADDDAAACACCDABBCACADABADBDACADCC,,,0,177,,,,,L_T1_GTR___standard,,,,,L_T1_GTR03_33000001,,,,21,13,22,122322115000121310000000515300000007351250000000353100000000133110000000,,00000164,,,,,,,,17,17,0,9,9,164,,512153133311121223155221131513352113,BACABDADDDAAACACCDABBCCAADABADDBCAAD,ABACBDADDDAAACACCDABBCACADABADBDACAD,,,0,164,,,,,L_T1_GTR___standard/L_T1_GTR___zabuton_,,,,,L_T1_GTR03_33000001,,,
156654,36,,,,,,,,,13,22,52,155312130000151312100000213510000007331200000000132553000000112200000000,,00000177,,,,,,,,18,18,0,8,8,177,,51215313331112122315522113151335211322,BACABDADDDAAACACCDABBCCAADABADDBCAADCC,ABACBDADDDAAACACCDABBCACADABADBDACADCC,,,0,177,,,,,L_T1_GTR___standard,,,,,L_T1_GTR03_33000001,,,,13,22,52,122322115000121312000000515310000007351250000000353100000000133110000000,,00000172,,,,,,,,18,18,0,8,8,172,,51215313331112122315522113151335211322,BACABDADDDAAACACCDABBCCAADABADDBCAADCC,ABACBDADDDAAACACCDABBCACADABADBDACADCC,,,0,172,,,,,L_T1_GTR___standard/L_T1_GTR___zabuton_,,,,,L_T1_GTR03_33000001,,,
156658,37,,,,,,,,,22,52,53,155312133000151312110000213510000007331200000000132553000000112200000000,,00000183,,,,,,,,19,19,0,6,6,183,,5121531333111212231552211315133521132252,BACABDADDDAAACACCDABBCCAADABADDBCAADCCBC,ABACBDADDDAAACACCDABBCACADABADBDACADCCBC,,,0,183,,,,,L_T1_GTR___standard,,,,,L_T1_GTR03_33000001,,,,13,22,52,122322115000121312000000515310000007351250000000353100000000133110000000,,00000172,,,,,,,,18,18,0,8,8,172,,51215313331112122315522113151335211322,BACABDADDDAAACACCDABBCCAADABADDBCAADCC,ABACBDADDDAAACACCDABBCACADABADBDACADCC,,,0,172,,,,,L_T1_GTR___standard/L_T1_GTR___zabuton_,,,,,L_T1_GTR03_33000001,,,
156694,38,,,,,,,,,22,52,53,155312133000151312110000213510000007331200000000132553000000112200000000,,00000183,,,,,,,,19,19,0,6,6,183,,5121531333111212231552211315133521132252,BACABDADDDAAACACCDABBCCAADABADDBCAADCCBC,ABACBDADDDAAACACCDABBCACADABADBDACADCCBC,,,0,183,,,,,L_T1_GTR___standard,,,,,L_T1_GTR03_33000001,,,,22,52,53,122322115000121312000000515311000007351253000000353100000000133110000000,,00000180,,,,,,,,19,19,0,8,8,180,,5121531333111212231552211315133521132252,BACABDADDDAAACACCDABBCCAADABADDBCAADCCBC,ABACBDADDDAAACACCDABBCACADABADBDACADCCBC,,,0,180,,,,,L_T1_GTR___standard/L_T1_GTR___zabuton_,,,,,L_T1_GTR03_33000001,,,
156719,39,,,,,,,,,52,53,25,155312133000151312112000213512000007331200000000132553000000112200000000,,00000187,,,,,,,,20,20,0,4,4,187,,512153133311121223155221131513352113225253,BACABDADDDAAACACCDABBCCAADABADDBCAADCCBCBD,ABACBDADDDAAACACCDABBCACADABADBDACADCCBCBD,,,0,187,,,,,L_T1_GTR___standard,,,,,L_T1_GTR03_33000001,,,,22,52,53,122322115000121312000000515311000007351253000000353100000000133110000000,,00000180,,,,,,,,19,19,0,8,8,180,,5121531333111212231552211315133521132252,BACABDADDDAAACACCDABBCCAADABADDBCAADCCBC,ABACBDADDDAAACACCDABBCACADABADBDACADCCBC,,,0,180,,,,,L_T1_GTR___standard/L_T1_GTR___zabuton_,,,,,L_T1_GTR03_33000001,,,
156755,40,,,,,,,,,52,53,25,155312133000151312112000213512000007331200000000132553000000112200000000,,00000187,,,,,,,,20,20,0,4,4,187,,512153133311121223155221131513352113225253,BACABDADDDAAACACCDABBCCAADABADDBCAADCCBCBD,ABACBDADDDAAACACCDABBCACADABADBDACADCCBCBD,,,0,187,,,,,L_T1_GTR___standard,,,,,L_T1_GTR03_33000001,,,,52,53,25,122322115000121312000000515311000007351253000000353120000000133112000000,,00000188,,,,,,,,20,20,0,8,8,188,,512153133311121223155221131513352113225253,BACABDADDDAAACACCDABBCCAADABADDBCAADCCBCBD,ABACBDADDDAAACACCDABBCACADABADBDACADCCBCBD,,,0,188,,,,,L_T1_GTR___standard/L_T1_GTR___zabuton_,,,,,L_T1_GTR03_33000001,,,
156762,41,,,,,,,,,53,25,31,155312133000151312112000213512000007331225000000132553000000112200000000,,00000195,,,,,,,,21,21,0,8,8,195,,51215313331112122315522113151335211322525325,BACABDADDDAAACACCDABBCCAADABADDBCAADCCBCBDCB,ABACBDADDDAAACACCDABBCACADABADBDACADCCBCBDBC,,,0,195,,,,,L_T1_GTR___standard,,,,,L_T1_GTR03_33000001,,,,52,53,25,122322115000121312000000515311000007351253000000353120000000133112000000,,00000188,,,,,,,,20,20,0,8,8,188,,512153133311121223155221131513352113225253,BACABDADDDAAACACCDABBCCAADABADDBCAADCCBCBD,ABACBDADDDAAACACCDABBCACADABADBDACADCCBCBD,,,0,188,,,,,L_T1_GTR___standard/L_T1_GTR___zabuton_,,,,,L_T1_GTR03_33000001,,,
156797,42,,,,,,,,,53,25,31,155312133000151312112000213512000007331225000000132553000000112200000000,,00000195,,,,,,,,21,21,0,8,8,195,,51215313331112122315522113151335211322525325,BACABDADDDAAACACCDABBCCAADABADDBCAADCCBCBDCB,ABACBDADDDAAACACCDABBCACADABADBDACADCCBCBDBC,,,0,195,,,,,L_T1_GTR___standard,,,,,L_T1_GTR03_33000001,,,,53,25,31,122322115000121312000000515311000007351253000000353122500000133112000000,,00000195,,,,,,,,21,21,0,7,7,195,,51215313331112122315522113151335211322525325,BACABDADDDAAACACCDABBCCAADABADDBCAADCCBCBDCB,ABACBDADDDAAACACCDABBCACADABADBDACADCCBCBDBC,,,0,195,,,,,L_T1_GTR___standard/L_T1_GTR___zabuton_,,,,,L_T1_GTR03_33000001,,,
156808,43,,,,,,,,,25,31,53,155312133000151312112000213512000007331225000000132553000000112235000000,,00000203,,,,,,,,22,22,0,8,8,203,,5121531333111212231552211315133521132252532531,BACABDADDDAAACACCDABBCCAADABADDBCAADCCBCBDCBDA,ABACBDADDDAAACACCDABBCACADABADBDACADCCBCBDBCAD,,,0,203,,,,,L_T1_GTR___standard,,,,,L_T1_GTR03_33000001,,,,53,25,31,122322115000121312000000515311000007351253000000353122500000133112000000,,00000195,,,,,,,,21,21,0,7,7,195,,51215313331112122315522113151335211322525325,BACABDADDDAAACACCDABBCCAADABADDBCAADCCBCBDCB,ABACBDADDDAAACACCDABBCACADABADBDACADCCBCBDBC,,,0,195,,,,,L_T1_GTR___standard/L_T1_GTR___zabuton_,,,,,L_T1_GTR03_33000001,,,
156851,44,,,,,,,,,31,53,15,155312133000151312112000213512000007331225000000132553200000112235500000,,00000210,,,,,,,,23,23,0,7,7,210,,512153133311121223155221131513352113225253253153,BACABDADDDAAACACCDABBCCAADABADDBCAADCCBCBDCBDABD,ABACBDADDDAAACACCDABBCACADABADBDACADCCBCBDBCADBD,,,0,210,,,,,L_T1_GTR___standard,,,,,L_T1_GTR03_33000001,,,,53,25,31,122322115000121312000000515311000007351253000000353122500000133112000000,,00000195,,,,,,,,21,21,0,7,7,195,,51215313331112122315522113151335211322525325,BACABDADDDAAACACCDABBCCAADABADDBCAADCCBCBDCB,ABACBDADDDAAACACCDABBCACADABADBDACADCCBCBDBC,,,0,195,,,,,L_T1_GTR___standard/L_T1_GTR___zabuton_,,,,,L_T1_GTR03_33000001,,,
156860,45,,,,,,,,,31,53,15,155312133000151312112000213512000007331225000000132553200000112235500000,,00000210,,,,,,,,23,23,0,7,7,210,,512153133311121223155221131513352113225253253153,BACABDADDDAAACACCDABBCCAADABADDBCAADCCBCBDCBDABD,ABACBDADDDAAACACCDABBCACADABADBDACADCCBCBDBCADBD,,,0,210,,,,,L_T1_GTR___standard,,,,,L_T1_GTR03_33000001,,,,25,31,53,122322115300121312500000515311000007351253000000353122500000133112000000,,00000199,,,,,,,,22,22,0,4,4,199,,5121531333111212231552211315133521132252532531,BACABDADDDAAACACCDABBCCAADABADDBCAADCCBCBDCBDA,ABACBDADDDAAACACCDABBCACADABADBDACADCCBCBDBCAD,,,0,199,,,,,L_T1_GTR___standard/L_T1_GTR___zabuton_,,,,,L_T1_GTR03_33000001,,,
156922,46,,,,,,,,,31,53,15,155312133000151312112000213512000007331225000000132553200000112235500000,,00000210,,,,,,,,23,23,0,7,7,210,,512153133311121223155221131513352113225253253153,BACABDADDDAAACACCDABBCCAADABADDBCAADCCBCBDCBDABD,ABACBDADDDAAACACCDABBCACADABADBDACADCCBCBDBCADBD,,,0,210,,,,,L_T1_GTR___standard,,,,,L_T1_GTR03_33000001,,,,31,53,15,122322115320121312550000515311000007351253000000353122500000133112000000,,00000202,,,,,,,,23,23,0,3,3,202,,512153133311121223155221131513352113225253253153,BACABDADDDAAACACCDABBCCAADABADDBCAADCCBCBDCBDABD,ABACBDADDDAAACACCDABBCACADABADBDACADCCBCBDBCADBD,,,0,202,,,,,L_T1_GTR___standard/L_T1_GTR___zabuton_,,,,,L_T1_GTR03_33000001,,,
156954,47,,,,,,,,,53,15,31,155312133300151312112100213512000007331225000000132553200000112235500000,,00000211,,,,,,,,24,24,0,1,1,211,,51215313331112122315522113151335211322525325315315,BACABDADDDAAACACCDABBCCAADABADDBCAADCCBCBDCBDABDAB,ABACBDADDDAAACACCDABBCACADABADBDACADCCBCBDBCADBDAB,,,0,211,,,,,L_T1_GTR___standard,,,,,L_T1_GTR03_33000001,,,,31,53,15,122322115320121312550000515311000007351253000000353122500000133112000000,,00000202,,,,,,,,23,23,0,3,3,202,,512153133311121223155221131513352113225253253153,BACABDADDDAAACACCDABBCCAADABADDBCAADCCBCBDCBDABD,ABACBDADDDAAACACCDABBCACADABADBDACADCCBCBDBCADBD,,,0,202,,,,,L_T1_GTR___standard/L_T1_GTR___zabuton_,,,,,L_T1_GTR03_33000001,,,
156959,48,,,,,,,,,53,15,31,155312133300151312112100213512000007331225000000132553200000112235500000,,00000211,,,,,,,,24,24,0,1,1,211,,51215313331112122315522113151335211322525325315315,BACABDADDDAAACACCDABBCCAADABADDBCAADCCBCBDCBDABDAB,ABACBDADDDAAACACCDABBCACADABADBDACADCCBCBDBCADBDAB,,,0,211,,,,,L_T1_GTR___standard,,,,,L_T1_GTR03_33000001,,,,53,15,31,122322115320121312550000515311300007351253100000353122500000133112000000,,00000209,,,,,,,,24,24,0,7,7,209,,51215313331112122315522113151335211322525325315315,BACABDADDDAAACACCDABBCCAADABADDBCAADCCBCBDCBDABDAB,ABACBDADDDAAACACCDABBCACADABADBDACADCCBCBDBCADBDAB,,,0,209,,,,,L_T1_GTR___standard/L_T1_GTR___zabuton_,,,,,L_T1_GTR03_33000001,,,
156994,49,,,,,,,,,53,15,31,155312133300151312112100213512000007331225000000132553200000112235500000,,00000211,,,,,,,,24,24,0,1,1,211,,51215313331112122315522113151335211322525325315315,BACABDADDDAAACACCDABBCCAADABADDBCAADCCBCBDCBDABDAB,ABACBDADDDAAACACCDABBCACADABADBDACADCCBCBDBCADBDAB,,,0,211,,,,,L_T1_GTR___standard,,,,,L_T1_GTR03_33000001,,,,15,31,11,122322115320121312553500515311300007351253100000353122500000133112000000,,00000213,,,,,,,,25,25,0,4,4,213,,5121531333111212231552211315133521132252532531531531,BACABDADDDAAACACCDABBCCAADABADDBCAADCCBCBDCBDABDABDA,ABACBDADDDAAACACCDABBCACADABADBDACADCCBCBDBCADBDABAD,,,0,213,,,,,L_T1_GTR___standard/L_T1_GTR___zabuton_,,,,,L_T1_GTR03_33000001,,,
157008,50,,,,,,,,,15,31,11,155312133300151312112100213512000007331225000000132553250000112235530000,,00000216,,,,,,,,25,25,0,5,5,216,,5121531333111212231552211315133521132252532531531531,BACABDADDDAAACACCDABBCCAADABADDBCAADCCBCBDCBDABDABDA,ABACBDADDDAAACACCDABBCACADABADBDACADCCBCBDBCADBDABAD,,,0,216,,,,,L_T1_GTR___standard,,,,,L_T1_GTR03_33000001,,,,15,31,11,122322115320121312553500515311300007351253100000353122500000133112000000,,00000213,,,,,,,,25,25,0,4,4,213,,5121531333111212231552211315133521132252532531531531,BACABDADDDAAACACCDABBCCAADABADDBCAADCCBCBDCBDABDABDA,ABACBDADDDAAACACCDABBCACADABADBDACADCCBCBDBCADBDABAD,,,0,213,,,,,L_T1_GTR___standard/L_T1_GTR___zabuton_,,,,,L_T1_GTR03_33000001,,,
157032,51,,,,,,,,,15,31,11,155312133300151312112100213512000007331225000000132553250000112235530000,,00000216,,,,,,,,25,25,0,5,5,216,,5121531333111212231552211315133521132252532531531531,BACABDADDDAAACACCDABBCCAADABADDBCAADCCBCBDCBDABDABDA,ABACBDADDDAAACACCDABBCACADABADBDACADCCBCBDBCADBDABAD,,,0,216,,,,,L_T1_GTR___standard,,,,,L_T1_GTR03_33000001,,,,31,11,12,122322115320121312553500515311300007351253110000353122550000133112000000,,00000219,,,,,,,,26,26,0,6,6,219,,512153133311121223155221131513352113225253253153153111,BACABDADDDAAACACCDABBCCAADABADDBCAADCCBCBDCBDABDABDAAA,ABACBDADDDAAACACCDABBCACADABADBDACADCCBCBDBCADBDABADAA,,,0,219,,,,,L_T1_GTR___standard/L_T1_GTR___zabuton_,,,,,L_T1_GTR03_33000001,,,
157046,52,,,,,,,,,31,11,12,155312133300151312112100213512000007331225000000132553255100112235530000,,00000220,,,,,,,,26,26,0,4,4,220,,512153133311121223155221131513352113225253253153153111,BACABDADDDAAACACCDABBCCAADABADDBCAADCCBCBDCBDABDABDAAA,ABACBDADDDAAACACCDABBCACADABADBDACADCCBCBDBCADBDABADAA,,,0,220,,,,,L_T1_GTR___standard,,,,,L_T1_GTR03_33000001,,,,31,11,12,122322115320121312553500515311300007351253110000353122550000133112000000,,00000219,,,,,,,,26,26,0,6,6,219,,512153133311121223155221131513352113225253253153153111,BACABDADDDAAACACCDABBCCAADABADDBCAADCCBCBDCBDABDABDAAA,ABACBDADDDAAACACCDABBCACADABADBDACADCCBCBDBCADBDABADAA,,,0,219,,,,,L_T1_GTR___standard/L_T1_GTR___zabuton_,,,,,L_T1_GTR03_33000001,,,
157070,53,,,,,,,,,31,11,12,155312133300151312112100213512000007331225000000132553255100112235530000,,00000220,,,,,,,,26,26,0,4,4,220,,512153133311121223155221131513352113225253253153153111,BACABDADDDAAACACCDABBCCAADABADDBCAADCCBCBDCBDABDABDAAA,ABACBDADDDAAACACCDABBCACADABADBDACADCCBCBDBCADBDABADAA,,,0,220,,,,,L_T1_GTR___standard,,,,,L_T1_GTR03_33000001,,,,11,12,32,122322115320121312553500515311331007351253110000353122550000133112000000,,00000225,,,,,,,,27,27,0,6,6,225,,51215313331112122315522113151335211322525325315315311112,BACABDADDDAAACACCDABBCCAADABADDBCAADCCBCBDCBDABDABDAAAAC,ABACBDADDDAAACACCDABBCACADABADBDACADCCBCBDBCADBDABADAAAC,,,0,225,,,,,L_T1_GTR___standard/L_T1_GTR___zabuton_,,,,,L_T1_GTR03_33000001,,,
157086,54,,,,,,,,,11,12,32,155312133300151312112100213512000007331225000000132553255100112235533100,,00000225,,,,,,,,27,27,0,5,5,225,,51215313331112122315522113151335211322525325315315311112,BACABDADDDAAACACCDABBCCAADABADDBCAADCCBCBDCBDABDABDAAAAC,ABACBDADDDAAACACCDABBCACADABADBDACADCCBCBDBCADBDABADAAAC,,,0,225,,,,,L_T1_GTR___standard,,,,,L_T1_GTR03_33000001,,,,11,12,32,122322115320121312553500515311331007351253110000353122550000133112000000,,00000225,,,,,,,,27,27,0,6,6,225,,51215313331112122315522113151335211322525325315315311112,BACABDADDDAAACACCDABBCCAADABADDBCAADCCBCBDCBDABDABDAAAAC,ABACBDADDDAAACACCDABBCACADABADBDACADCCBCBDBCADBDABADAAAC,,,0,225,,,,,L_T1_GTR___standard/L_T1_GTR___zabuton_,,,,,L_T1_GTR03_33000001,,,
157104,55,,,,,,,,,11,12,32,155312133300151312112100213512000007331225000000132553255100112235533100,,00000225,,,,,,,,27,27,0,5,5,225,,51215313331112122315522113151335211322525325315315311112,BACABDADDDAAACACCDABBCCAADABADDBCAADCCBCBDCBDABDABDAAAAC,ABACBDADDDAAACACCDABBCACADABADBDACADCCBCBDBCADBDABADAAAC,,,0,225,,,,,L_T1_GTR___standard,,,,,L_T1_GTR03_33000001,,,,12,32,22,122322115320121312553500515311331007351253110000353122551100133112000000,,00000229,,,,,,,,28,28,0,4,4,229,,5121531333111212231552211315133521132252532531531531111232,BACABDADDDAAACACCDABBCCAADABADDBCAADCCBCBDCBDABDABDAAAACDC,ABACBDADDDAAACACCDABBCACADABADBDACADCCBCBDBCADBDABADAAACCD,,,0,229,,,,,L_T1_GTR___standard/L_T1_GTR___zabuton_,,,,,L_T1_GTR03_33000001,,,
157114,56,,,,,,,,,,12,32,155312133300151312112100213512000007331225000000132553255100112235533111,,bb40abb1,,,,,,,,28,0,1,bb40abb1,40,265,,51215313331112122315522113151335211322525325315315311112,BACABDADDDAAACACCDABBCCAADABADDBCAADCCBCBDCBDABDABDAAAAC,ABACBDADDDAAACACCDABBCACADABADBDACADCCBCBDBCADBDABADAAAC,,,1,265,,,,,L_T1_GTR___standard,,,,,L_T1_GTR03_33000001,,,,12,32,22,122322115320121312553500515311331007351253110000353122551100133112000000,,00000229,,,,,,,,28,28,0,4,4,229,,5121531333111212231552211315133521132252532531531531111232,BACABDADDDAAACACCDABBCCAADABADDBCAADCCBCBDCBDABDABDAAAACDC,ABACBDADDDAAACACCDABBCACADABADBDACADCCBCBDBCADBDABADAAACCD,,,0,229,,,,,L_T1_GTR___standard/L_T1_GTR___zabuton_,,,,,L_T1_GTR03_33000001,,,
157137,57,,,,,,,,,,12,32,155312133300151312112100213512000007331225000000132553255100112235533111,,bb40abb1,,,,,,,,28,0,1,bb40abb1,40,265,,51215313331112122315522113151335211322525325315315311112,BACABDADDDAAACACCDABBCCAADABADDBCAADCCBCBDCBDABDABDAAAAC,ABACBDADDDAAACACCDABBCACADABADBDACADCCBCBDBCADBDABADAAAC,,,1,265,,,,,L_T1_GTR___standard,,,,,L_T1_GTR03_33000001,,,,,32,22,122322115320121312553500515311331007351253111200353122551100133112000000,,bb60abb3,,,,,,,,29,0,1,bb60abb3,180,409,,5121531333111212231552211315133521132252532531531531111232,BACABDADDDAAACACCDABBCCAADABADDBCAADCCBCBDCBDABDABDAAAACDC,ABACBDADDDAAACACCDABBCACADABADBDACADCCBCBDBCADBDABADAAACCD,,,1,409,,,,,L_T1_GTR___standard/L_T1_GTR___zabuton_,,,,,L_T1_GTR03_33000001,,,
157180,58,,,,,,,,,12,32,22,155312133300151312112100213512000007331225000000132553255000112235533000,,00000267,,,,,,,,29,1,0,2,2,267,,5121531333111212231552211315133521132252532531531531111232,BACABDADDDAAACACCDABBCCAADABADDBCAADCCBCBDCBDABDABDAAAACDC,ABACBDADDDAAACACCDABBCACADABADBDACADCCBCBDBCADBDABADAAACCD,,,1,267,,,,,L_T1_GTR___standard,,,,,L_T1_GTR03_33000001,,,,,32,22,122322115320121312553500515311331007351253111200353122551100133112000000,,bb60abb3,,,,,,,,29,0,1,bb60abb3,180,409,,5121531333111212231552211315133521132252532531531531111232,BACABDADDDAAACACCDABBCCAADABADDBCAADCCBCBDCBDABDABDAAAACDC,ABACBDADDDAAACACCDABBCACADABADBDACADCCBCBDBCADBDABADAAACCD,,,1,409,,,,,L_T1_GTR___standard/L_T1_GTR___zabuton_,,,,,L_T1_GTR03_33000001,,,
157220,59,,,,,,,,,32,22,32,155312133300151312112100213512000007331225120000132553255000112235533000,,00000274,,,,,,,,30,2,0,7,7,274,,512153133311121223155221131513352113225253253153153111123222,BACABDADDDAAACACCDABBCCAADABADDBCAADCCBCBDCBDABDABDAAAACDCCC,ABACBDADDDAAACACCDABBCACADABADBDACADCCBCBDBCADBDABADAAACCDCC,,,1,274,,,,,L_T1_GTR___standard,,,,,L_T1_GTR03_33000001,,,,,32,22,122322115320121312553500515311331007351253111200353122551100133112000000,,bb60abb3,,,,,,,,29,0,1,bb60abb3,180,409,,5121531333111212231552211315133521132252532531531531111232,BACABDADDDAAACACCDABBCCAADABADDBCAADCCBCBDCBDABDABDAAAACDC,ABACBDADDDAAACACCDABBCACADABADBDACADCCBCBDBCADBDABADAAACCD,,,1,409,,,,,L_T1_GTR___standard/L_T1_GTR___zabuton_,,,,,L_T1_GTR03_33000001,,,
157230,60,,,,,,,,,32,22,32,155312133300151312112100213512000007331225120000132553255000112235533000,,00000274,,,,,,,,30,2,0,7,7,274,,512153133311121223155221131513352113225253253153153111123222,BACABDADDDAAACACCDABBCCAADABADDBCAADCCBCBDCBDABDABDAAAACDCCC,ABACBDADDDAAACACCDABBCACADABADBDACADCCBCBDBCADBDABADAAACCDCC,,,1,274,,,,,L_T1_GTR___standard,,,,,L_T1_GTR03_33000001,,,,32,22,32,122322115320121312553500515311330007351253200000353122550000133112000000,,00000414,,,,,,,,30,1,0,5,5,414,,512153133311121223155221131513352113225253253153153111123222,BACABDADDDAAACACCDABBCCAADABADDBCAADCCBCBDCBDABDABDAAAACDCCC,ABACBDADDDAAACACCDABBCACADABADBDACADCCBCBDBCADBDABADAAACCDCC,,,1,414,,,,,L_T1_GTR___standard/L_T1_GTR___zabuton_,,,,,L_T1_GTR03_33000001,,,
157262,61,,,,,,,,,32,22,32,155312133300151312112100213512000007331225120000132553255000112235533000,,00000274,,,,,,,,30,2,0,7,7,274,,512153133311121223155221131513352113225253253153153111123222,BACABDADDDAAACACCDABBCCAADABADDBCAADCCBCBDCBDABDABDAAAACDCCC,ABACBDADDDAAACACCDABBCACADABADBDACADCCBCBDBCADBDABADAAACCDCC,,,1,274,,,,,L_T1_GTR___standard,,,,,L_T1_GTR03_33000001,,,,22,32,33,122322115320121312553500515311332307351253200000353122550000133112000000,,00000418,,,,,,,,31,2,0,4,4,418,,51215313331112122315522113151335211322525325315315311112322232,BACABDADDDAAACACCDABBCCAADABADDBCAADCCBCBDCBDABDABDAAAACDCCCDC,ABACBDADDDAAACACCDABBCACADABADBDACADCCBCBDBCADBDABADAAACCDCCCD,,,1,418,,,,,L_T1_GTR___standard/L_T1_GTR___zabuton_,,,,,L_T1_GTR03_33000001,,,
157296,62,,,,,,,,,22,32,33,155312133300151312112100213512000007331225120000132553255260112235533360,,00000278,,,,,,,,31,3,0,4,4,278,,51215313331112122315522113151335211322525325315315311112322232,BACABDADDDAAACACCDABBCCAADABADDBCAADCCBCBDCBDABDABDAAAACDCCCDC,ABACBDADDDAAACACCDABBCACADABADBDACADCCBCBDBCADBDABADAAACCDCCCD,,,1,278,,,,,L_T1_GTR___standard,,,,,L_T1_GTR03_33000001,,,,22,32,33,122322115320121312553500515311332307351253200000353122550000133112000000,,00000418,,,,,,,,31,2,0,4,4,418,,51215313331112122315522113151335211322525325315315311112322232,BACABDADDDAAACACCDABBCCAADABADDBCAADCCBCBDCBDABDABDAAAACDCCCDC,ABACBDADDDAAACACCDABBCACADABADBDACADCCBCBDBCADBDABADAAACCDCCCD,,,1,418,,,,,L_T1_GTR___standard/L_T1_GTR___zabuton_,,,,,L_T1_GTR03_33000001,,,
157315,63,,,,,,,,,22,32,33,155312133300151312112100213512000007331225120000132553255260112235533360,,00000278,,,,,,,,31,3,0,4,4,278,,51215313331112122315522113151335211322525325315315311112322232,BACABDADDDAAACACCDABBCCAADABADDBCAADCCBCBDCBDABDABDAAAACDCCCDC,ABACBDADDDAAACACCDABBCACADABADBDACADCCBCBDBCADBDABADAAACCDCCCD,,,1,278,,,,,L_T1_GTR___standard,,,,,L_T1_GTR03_33000001,,,,32,33,32,122322115322121312553520515311332307351253200000353122550000133112000000,,00000420,,,,,,,,32,3,0,2,2,420,,5121531333111212231552211315133521132252532531531531111232223233,BACABDADDDAAACACCDABBCCAADABADDBCAADCCBCBDCBDABDABDAAAACDCCCDCDD,ABACBDADDDAAACACCDABBCACADABADBDACADCCBCBDBCADBDABADAAACCDCCCDDD,,,1,420,,,,,L_T1_GTR___standard/L_T1_GTR___zabuton_,,,,,L_T1_GTR03_33000001,,,
157343,64,,,,,,,,,,32,33,155312133300151312112100213512000007331225122200132553255260112235533360,,bb40abb1,,,,,,,,32,0,1,bb40abb1,40,318,,51215313331112122315522113151335211322525325315315311112322232,BACABDADDDAAACACCDABBCCAADABADDBCAADCCBCBDCBDABDABDAAAACDCCCDC,ABACBDADDDAAACACCDABBCACADABADBDACADCCBCBDBCADBDABADAAACCDCCCD,,,1,318,,,,,L_T1_GTR___standard,,,,,L_T1_GTR03_33000001,,,,32,33,32,122322115322121312553520515311332307351253200000353122550000133112000000,,00000420,,,,,,,,32,3,0,2,2,420,,5121531333111212231552211315133521132252532531531531111232223233,BACABDADDDAAACACCDABBCCAADABADDBCAADCCBCBDCBDABDABDAAAACDCCCDCDD,ABACBDADDDAAACACCDABBCACADABADBDACADCCBCBDBCADBDABADAAACCDCCCDDD,,,1,420,,,,,L_T1_GTR___standard/L_T1_GTR___zabuton_,,,,,L_T1_GTR03_33000001,,,
157384,65,,,,,,,,,,32,33,155312133300151312112100213512000007331225122200132553255260112235533360,,bb40abb1,,,,,,,,32,0,1,bb40abb1,40,318,,51215313331112122315522113151335211322525325315315311112322232,BACABDADDDAAACACCDABBCCAADABADDBCAADCCBCBDCBDABDABDAAAACDCCCDC,ABACBDADDDAAACACCDABBCACADABADBDACADCCBCBDBCADBDABADAAACCDCCCD,,,1,318,,,,,L_T1_GTR___standard,,,,,L_T1_GTR03_33000001,,,,33,32,23,122322115322121312553520515311332307351253220000353122553000133112000000,,00000425,,,,,,,,33,4,0,5,5,425,,512153133311121223155221131513352113225253253153153111123222323332,BACABDADDDAAACACCDABBCCAADABADDBCAADCCBCBDCBDABDABDAAAACDCCCDCDDDC,ABACBDADDDAAACACCDABBCACADABADBDACADCCBCBDBCADBDABADAAACCDCCCDDDCD,,,1,425,,,,,L_T1_GTR___standard/L_T1_GTR___zabuton_,,,,,L_T1_GTR03_33000001,,,
157407,66,,,,,,,,,32,33,32,155312133300151312112100213512000007331225100000132553252000112235533360,,00000323,,,,,,,,33,1,0,5,5,323,,5121531333111212231552211315133521132252532531531531111232223233,BACABDADDDAAACACCDABBCCAADABADDBCAADCCBCBDCBDABDABDAAAACDCCCDCDD,ABACBDADDDAAACACCDABBCACADABADBDACADCCBCBDBCADBDABADAAACCDCCCDDD,,,1,323,,,,,L_T1_GTR___standard,,,,,L_T1_GTR03_33000001,,,,33,32,23,122322115322121312553520515311332307351253220000353122553000133112000000,,00000425,,,,,,,,33,4,0,5,5,425,,512153133311121223155221131513352113225253253153153111123222323332,BACABDADDDAAACACCDABBCCAADABADDBCAADCCBCBDCBDABDABDAAAACDCCCDCDDDC,ABACBDADDDAAACACCDABBCACADABADBDACADCCBCBDBCADBDABADAAACCDCCCDDDCD,,,1,425,,,,,L_T1_GTR___standard/L_T1_GTR___zabuton_,,,,,L_T1_GTR03_33000001,,,
157446,67,,,,,,,,,33,32,23,155312133300151312112100213512000007331225123000132553255000112235533360,,00000328,,,,,,,,34,2,0,5,5,328,,512153133311121223155221131513352113225253253153153111123222323332,BACABDADDDAAACACCDABBCCAADABADDBCAADCCBCBDCBDABDABDAAAACDCCCDCDDDC,ABACBDADDDAAACACCDABBCACADABADBDACADCCBCBDBCADBDABADAAACCDCCCDDDCD,,,1,328,,,,,L_T1_GTR___standard,,,,,L_T1_GTR03_33000001,,,,33,32,23,122322115322121312553520515311332307351253220000353122553000133112000000,,00000425,,,,,,,,33,4,0,5,5,425,,512153133311121223155221131513352113225253253153153111123222323332,BACABDADDDAAACACCDABBCCAADABADDBCAADCCBCBDCBDABDABDAAAACDCCCDCDDDC,ABACBDADDDAAACACCDABBCACADABADBDACADCCBCBDBCADBDABADAAACCDCCCDDDCD,,,1,425,,,,,L_T1_GTR___standard/L_T1_GTR___zabuton_,,,,,L_T1_GTR03_33000001,,,
157466,68,,,,,,,,,33,32,23,155312133300151312112100213512000007331225123000132553255000112235533360,,00000328,,,,,,,,34,2,0,5,5,328,,512153133311121223155221131513352113225253253153153111123222323332,BACABDADDDAAACACCDABBCCAADABADDBCAADCCBCBDCBDABDABDAAAACDCCCDCDDDC,ABACBDADDDAAACACCDABBCACADABADBDACADCCBCBDBCADBDABADAAACCDCCCDDDCD,,,1,328,,,,,L_T1_GTR___standard,,,,,L_T1_GTR03_33000001,,,,32,23,15,122322115322121312553520515311332307351253220000353122553330133112600000,,00000428,,,,,,,,34,5,0,3,3,428,,51215313331112122315522113151335211322525325315315311112322232333223,BACABDADDDAAACACCDABBCCAADABADDBCAADCCBCBDCBDABDABDAAAACDCCCDCDDDCCD,ABACBDADDDAAACACCDABBCACADABADBDACADCCBCBDBCADBDABADAAACCDCCCDDDCDCD,,,1,428,,,,,L_T1_GTR___standard/L_T1_GTR___zabuton_,,,,,L_T1_GTR03_33000001,,,
157475,69,,,,,,,,,,32,23,155312133300151312112100213512000007331225123300132553255300112235533360,,bb60abb3,,,,,,,,35,0,1,bb60abb3,180,508,,512153133311121223155221131513352113225253253153153111123222323332,BACABDADDDAAACACCDABBCCAADABADDBCAADCCBCBDCBDABDABDAAAACDCCCDCDDDC,ABACBDADDDAAACACCDABBCACADABADBDACADCCBCBDBCADBDABADAAACCDCCCDDDCD,,,1,508,,,,,L_T1_GTR___standard,,,,,L_T1_GTR03_33000001,,,,32,23,15,122322115322121312553520515311332307351253220000353122553330133112600000,,00000428,,,,,,,,34,5,0,3,3,428,,51215313331112122315522113151335211322525325315315311112322232333223,BACABDADDDAAACACCDABBCCAADABADDBCAADCCBCBDCBDABDABDAAAACDCCCDCDDDCCD,ABACBDADDDAAACACCDABBCACADABADBDACADCCBCBDBCADBDABADAAACCDCCCDDDCDCD,,,1,428,,,,,L_T1_GTR___standard/L_T1_GTR___zabuton_,,,,,L_T1_GTR03_33000001,,,
157504,70,,,,,,,,,,32,23,155312133300151312112100213512000007331225123300132553255300112235533360,,bb60abb3,,,,,,,,35,0,1,bb60abb3,180,508,,512153133311121223155221131513352113225253253153153111123222323332,BACABDADDDAAACACCDABBCCAADABADDBCAADCCBCBDCBDABDABDAAAACDCCCDCDDDC,ABACBDADDDAAACACCDABBCACADABADBDACADCCBCBDBCADBDABADAAACCDCCCDDDCD,,,1,508,,,,,L_T1_GTR___standard,,,,,L_T1_GTR03_33000001,,,,,23,15,122322115322121312553520515311332307351253222300353122553330133112600000,,bb90abb5,,,,,,,,35,0,1,bb90abb5,450,878,,51215313331112122315522113151335211322525325315315311112322232333223,BACABDADDDAAACACCDABBCCAADABADDBCAADCCBCBDCBDABDABDAAAACDCCCDCDDDCCD,ABACBDADDDAAACACCDABBCACADABADBDACADCCBCBDBCADBDABADAAACCDCCCDDDCDCD,,,1,878,,,,,L_T1_GTR___standard/L_T1_GTR___zabuton_,,,,,L_T1_GTR03_33000001,,,
157539,71,,,,,,,,,32,23,15,155312133300151312112100213512000007331225120000132553252000112235500000,,00000512,,,,,,,,36,1,0,4,4,512,,51215313331112122315522113151335211322525325315315311112322232333223,BACABDADDDAAACACCDABBCCAADABADDBCAADCCBCBDCBDABDABDAAAACDCCCDCDDDCCD,ABACBDADDDAAACACCDABBCACADABADBDACADCCBCBDBCADBDABADAAACCDCCCDDDCDCD,,,1,512,,,,,L_T1_GTR___standard,,,,,L_T1_GTR03_33000001,,,,,23,15,122322115322121312553520515311332307351253222300353122553330133112600000,,bb90abb5,,,,,,,,35,0,1,bb90abb5,450,878,,51215313331112122315522113151335211322525325315315311112322232333223,BACABDADDDAAACACCDABBCCAADABADDBCAADCCBCBDCBDABDABDAAAACDCCCDCDDDCCD,ABACBDADDDAAACACCDABBCACADABADBDACADCCBCBDBCADBDABADAAACCDCCCDDDCDCD,,,1,878,,,,,L_T1_GTR___standard/L_T1_GTR___zabuton_,,,,,L_T1_GTR03_33000001,,,
157566,72,,,,,,,,,32,23,15,155312133300151312112100213512000007331225120000132553252000112235500000,,00000512,,,,,,,,36,1,0,4,4,512,,51215313331112122315522113151335211322525325315315311112322232333223,BACABDADDDAAACACCDABBCCAADABADDBCAADCCBCBDCBDABDABDAAAACDCCCDCDDDCCD,ABACBDADDDAAACACCDABBCACADABADBDACADCCBCBDBCADBDABADAAACCDCCCDDDCDCD,,,1,512,,,,,L_T1_GTR___standard,,,,,L_T1_GTR03_33000001,,,,23,15,55,122322115322121312553520515311300007351253000000353122550000133112600000,,00000882,,,,,,,,36,1,0,4,4,882,,5121531333111212231552211315133521132252532531531531111232223233322315,BACABDADDDAAACACCDABBCCAADABADDBCAADCCBCBDCBDABDABDAAAACDCCCDCDDDCCDAB,ABACBDADDDAAACACCDABBCACADABADBDACADCCBCBDBCADBDABADAAACCDCCCDDDCDCDAB,,,1,882,,,,,L_T1_GTR___standard/L_T1_GTR___zabuton_,,,,,L_T1_GTR03_33000001,,,
157570,73,,,,,,,,,32,23,15,155312133300151312112100213512000007331225120000132553252000112235500000,,00000512,,,,,,,,36,1,0,4,4,512,,51215313331112122315522113151335211322525325315315311112322232333223,BACABDADDDAAACACCDABBCCAADABADDBCAADCCBCBDCBDABDABDAAAACDCCCDCDDDCCD,ABACBDADDDAAACACCDABBCACADABADBDACADCCBCBDBCADBDABADAAACCDCCCDDDCDCD,,,1,512,,,,,L_T1_GTR___standard,,,,,L_T1_GTR03_33000001,,,,15,15,35,122322115322121312553520515311330007351253000000353122550000133112600000,,00000882,,,,,,,,37,2,0,0,0,882,,512153133311121223155221131513352113225253253153153111123222323332231515,BACABDADDDAAACACCDABBCCAADABADDBCAADCCBCBDCBDABDABDAAAACDCCCDCDDDCCDABAB,ABACBDADDDAAACACCDABBCACADABADBDACADCCBCBDBCADBDABADAAACCDCCCDDDCDCDABAB,,,1,882,,,,,L_T1_GTR___standard/L_T1_GTR___zabuton_,,,,,L_T1_GTR03_33000001,,,
157633,74,,,,,,,,,32,23,15,155312133300151312112100213512000007331225120000132553252000112235500000,,00000512,,,,,,,,36,1,0,4,4,512,,51215313331112122315522113151335211322525325315315311112322232333223,BACABDADDDAAACACCDABBCCAADABADDBCAADCCBCBDCBDABDABDAAAACDCCCDCDDDCCD,ABACBDADDDAAACACCDABBCACADABADBDACADCCBCBDBCADBDABADAAACCDCCCDDDCDCD,,,1,512,,,,,L_T1_GTR___standard,,,,,L_T1_GTR03_33000001,,,,15,35,25,122322115322121312553520515311330007351253200000353122553000133112600000,,00000887,,,,,,,,38,3,0,5,5,887,,51215313331112122315522113151335211322525325315315311112322232333223151535,BACABDADDDAAACACCDABBCCAADABADDBCAADCCBCBDCBDABDABDAAAACDCCCDCDDDCCDABABDB,ABACBDADDDAAACACCDABBCACADABADBDACADCCBCBDBCADBDABADAAACCDCCCDDDCDCDABABBD,,,1,887,,,,,L_T1_GTR___standard/L_T1_GTR___zabuton_,,,,,L_T1_GTR03_33000001,,,
157640,75,,,,,,,,,23,15,35,155312133360151312112160213512000007331225126000132553255260112235530000,,00000516,,,,,,,,37,2,0,4,4,516,,5121531333111212231552211315133521132252532531531531111232223233322315,BACABDADDDAAACACCDABBCCAADABADDBCAADCCBCBDCBDABDABDAAAACDCCCDCDDDCCDAB,ABACBDADDDAAACACCDABBCACADABADBDACADCCBCBDBCADBDABADAAACCDCCCDDDCDCDAB,,,1,516,,,,,L_T1_GTR___standard,,,,,L_T1_GTR03_33000001,,,,15,35,25,122322115322121312553520515311330007351253200000353122553000133112600000,,00000887,,,,,,,,38,3,0,5,5,887,,51215313331112122315522113151335211322525325315315311112322232333223151535,BACABDADDDAAACACCDABBCCAADABADDBCAADCCBCBDCBDABDABDAAAACDCCCDCDDDCCDABABDB,ABACBDADDDAAACACCDABBCACADABADBDACADCCBCBDBCADBDABADAAACCDCCCDDDCDCDABABBD,,,1,887,,,,,L_T1_GTR___standard/L_T1_GTR___zabuton_,,,,,L_T1_GTR03_33000001,,,
157671,76,,,,,,,,,23,15,35,155312133360151312112160213512000007331225126000132553255260112235530000,,00000516,,,,,,,,37,2,0,4,4,516,,5121531333111212231552211315133521132252532531531531111232223233322315,BACABDADDDAAACACCDABBCCAADABADDBCAADCCBCBDCBDABDABDAAAACDCCCDCDDDCCDAB,ABACBDADDDAAACACCDABBCACADABADBDACADCCBCBDBCADBDABADAAACCDCCCDDDCDCDAB,,,1,516,,,,,L_T1_GTR___standard,,,,,L_T1_GTR03_33000001,,,,35,25,55,122322115322121312553520515311330007351253215000353122553000133112600000,,00000893,,,,,,,,39,4,0,6,6,893,,5121531333111212231552211315133521132252532531531531111232223233322315153525,BACABDADDDAAACACCDABBCCAADABADDBCAADCCBCBDCBDABDABDAAAACDCCCDCDDDCCDABABDBCB,ABACBDADDDAAACACCDABBCACADABADBDACADCCBCBDBCADBDABADAAACCDCCCDDDCDCDABABBDBC,,,1,893,,,,,L_T1_GTR___standard/L_T1_GTR___zabuton_,,,,,L_T1_GTR03_33000001,,,
157712,78,,,,,,,,,15,35,25,155312133360151312112160213512000007331225126000132553255260112235533200,,00000520,,,,,,,,38,3,0,4,4,520,,512153133311121223155221131513352113225253253153153111123222323332231535,BACABDADDDAAACACCDABBCCAADABADDBCAADCCBCBDCBDABDABDAAAACDCCCDCDDDCCDABDB,ABACBDADDDAAACACCDABBCACADABADBDACADCCBCBDBCADBDABADAAACCDCCCDDDCDCDABBD,,,1,520,,,,,L_T1_GTR___standard,,,,,L_T1_GTR03_33000001,,,,25,55,25,122322115322121312553520515311330007351253215000353122553000133112653000,,00000898,,,,,,,,40,5,0,5,5,898,,512153133311121223155221131513352113225253253153153111123222323332231515352555,BACABDADDDAAACACCDABBCCAADABADDBCAADCCBCBDCBDABDABDAAAACDCCCDCDDDCCDABABDBCBBB,ABACBDADDDAAACACCDABBCACADABADBDACADCCBCBDBCADBDABADAAACCDCCCDDDCDCDABABBDBCBB,,,1,898,,,,,L_T1_GTR___standard/L_T1_GTR___zabuton_,,,,,L_T1_GTR03_33000001,,,
157752,79,,,,,,,,,15,35,25,155312133360151312112160213512000007331225126000132553255260112235533200,,00000520,,,,,,,,38,3,0,4,4,520,,512153133311121223155221131513352113225253253153153111123222323332231535,BACABDADDDAAACACCDABBCCAADABADDBCAADCCBCBDCBDABDABDAAAACDCCCDCDDDCCDABDB,ABACBDADDDAAACACCDABBCACADABADBDACADCCBCBDBCADBDABADAAACCDCCCDDDCDCDABBD,,,1,520,,,,,L_T1_GTR___standard,,,,,L_T1_GTR03_33000001,,,,55,25,25,122322115322121312553520515311330007351253215500353122553200133112653000,,00000902,,,,,,,,41,6,0,4,4,902,,51215313331112122315522113151335211322525325315315311112322232333223151535255525,BACABDADDDAAACACCDABBCCAADABADDBCAADCCBCBDCBDABDABDAAAACDCCCDCDDDCCDABABDBCBBBCB,ABACBDADDDAAACACCDABBCACADABADBDACADCCBCBDBCADBDABADAAACCDCCCDDDCDCDABABBDBCBBBC,,,1,902,,,,,L_T1_GTR___standard/L_T1_GTR___zabuton_,,,,,L_T1_GTR03_33000001,,,
157768,80,,,,,,,,,35,25,55,155312133365151312112160213512000007331225126000132553255260112235533200,,00000521,,,,,,,,39,4,0,1,1,521,,51215313331112122315522113151335211322525325315315311112322232333223153525,BACABDADDDAAACACCDABBCCAADABADDBCAADCCBCBDCBDABDABDAAAACDCCCDCDDDCCDABDBCB,ABACBDADDDAAACACCDABBCACADABADBDACADCCBCBDBCADBDABADAAACCDCCCDDDCDCDABBDBC,,,1,521,,,,,L_T1_GTR___standard,,,,,L_T1_GTR03_33000001,,,,55,25,25,122322115322121312553520515311330007351253215500353122553200133112653000,,00000902,,,,,,,,41,6,0,4,4,902,,51215313331112122315522113151335211322525325315315311112322232333223151535255525,BACABDADDDAAACACCDABBCCAADABADDBCAADCCBCBDCBDABDABDAAAACDCCCDCDDDCCDABABDBCBBBCB,ABACBDADDDAAACACCDABBCACADABADBDACADCCBCBDBCADBDABADAAACCDCCCDDDCDCDABABBDBCBBBC,,,1,902,,,,,L_T1_GTR___standard/L_T1_GTR___zabuton_,,,,,L_T1_GTR03_33000001,,,
157800,81,,,,,,,,,35,25,55,155312133365151312112160213512000007331225126000132553255260112235533200,,00000521,,,,,,,,39,4,0,1,1,521,,51215313331112122315522113151335211322525325315315311112322232333223153525,BACABDADDDAAACACCDABBCCAADABADDBCAADCCBCBDCBDABDABDAAAACDCCCDCDDDCCDABDBCB,ABACBDADDDAAACACCDABBCACADABADBDACADCCBCBDBCADBDABADAAACCDCCCDDDCDCDABBDBC,,,1,521,,,,,L_T1_GTR___standard,,,,,L_T1_GTR03_33000001,,,,25,25,23,122322115322121312553520515311330007351253215500353122553200133112653550,,00000903,,,,,,,,42,7,0,1,1,903,,5121531333111212231552211315133521132252532531531531111232223233322315153525552525,BACABDADDDAAACACCDABBCCAADABADDBCAADCCBCBDCBDABDABDAAAACDCCCDCDDDCCDABABDBCBBBCBCB,ABACBDADDDAAACACCDABBCACADABADBDACADCCBCBDBCADBDABADAAACCDCCCDDDCDCDABABBDBCBBBCBC,,,1,903,,,,,L_T1_GTR___standard/L_T1_GTR___zabuton_,,,,,L_T1_GTR03_33000001,,,
157806,82,,,,,,,,,25,55,25,155312133365151312112160213512000007331225126000132553255260112235533253,,00000523,,,,,,,,40,5,0,2,2,523,,5121531333111212231552211315133521132252532531531531111232223233322315352555,BACABDADDDAAACACCDABBCCAADABADDBCAADCCBCBDCBDABDABDAAAACDCCCDCDDDCCDABDBCBBB,ABACBDADDDAAACACCDABBCACADABADBDACADCCBCBDBCADBDABADAAACCDCCCDDDCDCDABBDBCBB,,,1,523,,,,,L_T1_GTR___standard,,,,,L_T1_GTR03_33000001,,,,25,25,23,122322115322121312553520515311330007351253215500353122553200133112653550,,00000903,,,,,,,,42,7,0,1,1,903,,5121531333111212231552211315133521132252532531531531111232223233322315153525552525,BACABDADDDAAACACCDABBCCAADABADDBCAADCCBCBDCBDABDABDAAAACDCCCDCDDDCCDABABDBCBBBCBCB,ABACBDADDDAAACACCDABBCACADABADBDACADCCBCBDBCADBDABADAAACCDCCCDDDCDCDABABBDBCBBBCBC,,,1,903,,,,,L_T1_GTR___standard/L_T1_GTR___zabuton_,,,,,L_T1_GTR03_33000001,,,
157859,83,,,,,,,,,25,55,25,155312133365151312112160213512000007331225126000132553255260112235533253,,00000523,,,,,,,,40,5,0,2,2,523,,5121531333111212231552211315133521132252532531531531111232223233322315352555,BACABDADDDAAACACCDABBCCAADABADDBCAADCCBCBDCBDABDABDAAAACDCCCDCDDDCCDABDBCBBB,ABACBDADDDAAACACCDABBCACADABADBDACADCCBCBDBCADBDABADAAACCDCCCDDDCDCDABBDBCBB,,,1,523,,,,,L_T1_GTR___standard,,,,,L_T1_GTR03_33000001,,,,25,23,33,122322115322121312553520515311330007351253215500353122553250133112653552,,00000905,,,,,,,,43,8,0,2,2,905,,512153133311121223155221131513352113225253253153153111123222323332231515352555252523,BACABDADDDAAACACCDABBCCAADABADDBCAADCCBCBDCBDABDABDAAAACDCCCDCDDDCCDABABDBCBBBCBCBCD,ABACBDADDDAAACACCDABBCACADABADBDACADCCBCBDBCADBDABADAAACCDCCCDDDCDCDABABBDBCBBBCBCCD,,,1,905,,,,,L_T1_GTR___standard/L_T1_GTR___zabuton_,,,,,L_T1_GTR03_33000001,,,
157888,84,,,,,,,,,55,25,25,155312133365151312112160213512500007331225126200132553255260112235533253,,00000527,,,,,,,,41,6,0,4,4,527,,512153133311121223155221131513352113225253253153153111123222323332231535255525,BACABDADDDAAACACCDABBCCAADABADDBCAADCCBCBDCBDABDABDAAAACDCCCDCDDDCCDABDBCBBBCB,ABACBDADDDAAACACCDABBCACADABADBDACADCCBCBDBCADBDABADAAACCDCCCDDDCDCDABBDBCBBBC,,,1,527,,,,,L_T1_GTR___standard,,,,,L_T1_GTR03_33000001,,,,25,23,33,122322115322121312553520515311330007351253215500353122553250133112653552,,00000905,,,,,,,,43,8,0,2,2,905,,512153133311121223155221131513352113225253253153153111123222323332231515352555252523,BACABDADDDAAACACCDABBCCAADABADDBCAADCCBCBDCBDABDABDAAAACDCCCDCDDDCCDABABDBCBBBCBCBCD,ABACBDADDDAAACACCDABBCACADABADBDACADCCBCBDBCADBDABADAAACCDCCCDDDCDCDABABBDBCBBBCBCCD,,,1,905,,,,,L_T1_GTR___standard/L_T1_GTR___zabuton_,,,,,L_T1_GTR03_33000001,,,
157908,85,,,,,,,,,55,25,25,155312133365151312112160213512500007331225126200132553255260112235533253,,00000527,,,,,,,,41,6,0,4,4,527,,512153133311121223155221131513352113225253253153153111123222323332231535255525,BACABDADDDAAACACCDABBCCAADABADDBCAADCCBCBDCBDABDABDAAAACDCCCDCDDDCCDABDBCBBBCB,ABACBDADDDAAACACCDABBCACADABADBDACADCCBCBDBCADBDABADAAACCDCCCDDDCDCDABBDBCBBBC,,,1,527,,,,,L_T1_GTR___standard,,,,,L_T1_GTR03_33000001,,,,,23,33,122322115322121312553520515311330007351253215550353122553252133112653552,,bb60abb3,,,,,,,,44,0,1,bb60abb3,180,1085,,512153133311121223155221131513352113225253253153153111123222323332231515352555252523,BACABDADDDAAACACCDABBCCAADABADDBCAADCCBCBDCBDABDABDAAAACDCCCDCDDDCCDABABDBCBBBCBCBCD,ABACBDADDDAAACACCDABBCACADABADBDACADCCBCBDBCADBDABADAAACCDCCCDDDCDCDABABBDBCBBBCBCCD,,,1,1085,,,,,L_T1_GTR___standard/L_T1_GTR___zabuton_,,,,,L_T1_GTR03_33000001,,,
157925,86,,,,,,,,,25,25,23,155312133365151312112160213512555007331225126200132553255260112235533253,,00000533,,,,,,,,42,7,0,6,6,533,,51215313331112122315522113151335211322525325315315311112322232333223153525552525,BACABDADDDAAACACCDABBCCAADABADDBCAADCCBCBDCBDABDABDAAAACDCCCDCDDDCCDABDBCBBBCBCB,ABACBDADDDAAACACCDABBCACADABADBDACADCCBCBDBCADBDABADAAACCDCCCDDDCDCDABBDBCBBBCBC,,,1,533,,,,,L_T1_GTR___standard,,,,,L_T1_GTR03_33000001,,,,,23,33,122322115322121312553520515311330007351253215550353122553252133112653552,,bb60abb3,,,,,,,,44,0,1,bb60abb3,180,1085,,512153133311121223155221131513352113225253253153153111123222323332231515352555252523,BACABDADDDAAACACCDABBCCAADABADDBCAADCCBCBDCBDABDABDAAAACDCCCDCDDDCCDABABDBCBBBCBCBCD,ABACBDADDDAAACACCDABBCACADABADBDACADCCBCBDBCADBDABADAAACCDCCCDDDCDCDABABBDBCBBBCBCCD,,,1,1085,,,,,L_T1_GTR___standard/L_T1_GTR___zabuton_,,,,,L_T1_GTR03_33000001,,,
157948,87,,,,,,,,,,25,23,155312133365151312112160213512555007331225126225132553255260112235533253,,bb40abb1,,,,,,,,43,0,1,bb40abb1,40,573,,51215313331112122315522113151335211322525325315315311112322232333223153525552525,BACABDADDDAAACACCDABBCCAADABADDBCAADCCBCBDCBDABDABDAAAACDCCCDCDDDCCDABDBCBBBCBCB,ABACBDADDDAAACACCDABBCACADABADBDACADCCBCBDBCADBDABADAAACCDCCCDDDCDCDABBDBCBBBCBC,,,1,573,,,,,L_T1_GTR___standard,,,,,L_T1_GTR03_33000001,,,,,23,33,122322115322121312553520515311330007351253215550353122553252133112653552,,bb60abb3,,,,,,,,44,0,1,bb60abb3,180,1085,,512153133311121223155221131513352113225253253153153111123222323332231515352555252523,BACABDADDDAAACACCDABBCCAADABADDBCAADCCBCBDCBDABDABDAAAACDCCCDCDDDCCDABABDBCBBBCBCBCD,ABACBDADDDAAACACCDABBCACADABADBDACADCCBCBDBCADBDABADAAACCDCCCDDDCDCDABABBDBCBBBCBCCD,,,1,1085,,,,,L_T1_GTR___standard/L_T1_GTR___zabuton_,,,,,L_T1_GTR03_33000001,,,
158002,88,,,,,,,,,,25,23,155312133365151312112160213512555007331225126225132553255260112235533253,,bb40abb1,,,,,,,,43,0,1,bb40abb1,40,573,,51215313331112122315522113151335211322525325315315311112322232333223153525552525,BACABDADDDAAACACCDABBCCAADABADDBCAADCCBCBDCBDABDABDAAAACDCCCDCDDDCCDABDBCBBBCBCB,ABACBDADDDAAACACCDABBCACADABADBDACADCCBCBDBCADBDABADAAACCDCCCDDDCDCDABBDBCBBBCBC,,,1,573,,,,,L_T1_GTR___standard,,,,,L_T1_GTR03_33000001,,,,23,33,25,122322115322121312553520515311330007351253210000353122553220133112653200,,00001087,,,,,,,,45,1,0,2,2,1087,,51215313331112122315522113151335211322525325315315311112322232333223151535255525252333,BACABDADDDAAACACCDABBCCAADABADDBCAADCCBCBDCBDABDABDAAAACDCCCDCDDDCCDABABDBCBBBCBCBCDDD,ABACBDADDDAAACACCDABBCACADABADBDACADCCBCBDBCADBDABADAAACCDCCCDDDCDCDABABBDBCBBBCBCCDDD,,,1,1087,,,,,L_T1_GTR___standard/L_T1_GTR___zabuton_,,,,,L_T1_GTR03_33000001,,,
158033,89,,,,,,,,,,25,23,155312133365151312112160213512555007331225125000132553255000112235533530,,bb60ab11,,,,,,,,44,0,2,bb60ab11,660,1233,,51215313331112122315522113151335211322525325315315311112322232333223153525552525,BACABDADDDAAACACCDABBCCAADABADDBCAADCCBCBDCBDABDABDAAAACDCCCDCDDDCCDABDBCBBBCBCB,ABACBDADDDAAACACCDABBCACADABADBDACADCCBCBDBCADBDABADAAACCDCCCDDDCDCDABBDBCBBBCBC,,,2,1233,,,,,L_T1_GTR___standard,,,,,L_T1_GTR03_33000001,,,,23,33,25,122322115322121312553520515311330007351253210000353122553220133112653200,,00001087,,,,,,,,45,1,0,2,2,1087,,51215313331112122315522113151335211322525325315315311112322232333223151535255525252333,BACABDADDDAAACACCDABBCCAADABADDBCAADCCBCBDCBDABDABDAAAACDCCCDCDDDCCDABABDBCBBBCBCBCDDD,ABACBDADDDAAACACCDABBCACADABADBDACADCCBCBDBCADBDABADAAACCDCCCDDDCDCDABABBDBCBBBCBCCDDD,,,1,1087,,,,,L_T1_GTR___standard/L_T1_GTR___zabuton_,,,,,L_T1_GTR03_33000001,,,
158038,90,,,,,,,,,,25,23,155312133365151312112160213512555007331225125000132553255000112235533530,,bb60ab11,,,,,,,,44,0,2,bb60ab11,660,1233,,51215313331112122315522113151335211322525325315315311112322232333223153525552525,BACABDADDDAAACACCDABBCCAADABADDBCAADCCBCBDCBDABDABDAAAACDCCCDCDDDCCDABDBCBBBCBCB,ABACBDADDDAAACACCDABBCACADABADBDACADCCBCBDBCADBDABADAAACCDCCCDDDCDCDABBDBCBBBCBC,,,2,1233,,,,,L_T1_GTR___standard,,,,,L_T1_GTR03_33000001,,,,33,25,53,122322115322121312553520515311330007351253210000353122553220133112653232,,00001089,,,,,,,,46,2,0,2,2,1089,,5121531333111212231552211315133521132252532531531531111232223233322315153525552525233325,BACABDADDDAAACACCDABBCCAADABADDBCAADCCBCBDCBDABDABDAAAACDCCCDCDDDCCDABABDBCBBBCBCBCDDDCB,ABACBDADDDAAACACCDABBCACADABADBDACADCCBCBDBCADBDABADAAACCDCCCDDDCDCDABABBDBCBBBCBCCDDDBC,,,1,1089,,,,,L_T1_GTR___standard/L_T1_GTR___zabuton_,,,,,L_T1_GTR03_33000001,,,
158104,91,,,,,,,,,25,23,33,155312133365151312112160213512000007331225120000132553200000112235533530,,00001236,,,,,,,,45,1,0,3,3,1236,,5121531333111212231552211315133521132252532531531531111232223233322315352555252523,BACABDADDDAAACACCDABBCCAADABADDBCAADCCBCBDCBDABDABDAAAACDCCCDCDDDCCDABDBCBBBCBCBCD,ABACBDADDDAAACACCDABBCACADABADBDACADCCBCBDBCADBDABADAAACCDCCCDDDCDCDABBDBCBBBCBCCD,,,2,1236,,,,,L_T1_GTR___standard,,,,,L_T1_GTR03_33000001,,,,33,25,53,122322115322121312553520515311330007351253210000353122553220133112653232,,00001089,,,,,,,,46,2,0,2,2,1089,,5121531333111212231552211315133521132252532531531531111232223233322315153525552525233325,BACABDADDDAAACACCDABBCCAADABADDBCAADCCBCBDCBDABDABDAAAACDCCCDCDDDCCDABABDBCBBBCBCBCDDDCB,ABACBDADDDAAACACCDABBCACADABADBDACADCCBCBDBCADBDABADAAACCDCCCDDDCDCDABABBDBCBBBCBCCDDDBC,,,1,1089,,,,,L_T1_GTR___standard/L_T1_GTR___zabuton_,,,,,L_T1_GTR03_33000001,,,
158148,92,,,,,,,,,23,33,25,155312133365151312112160213512520007331225120000132553200000112235533530,,00001242,,,,,,,,46,2,0,6,6,1242,,512153133311121223155221131513352113225253253153153111123222323332231535255525252333,BACABDADDDAAACACCDABBCCAADABADDBCAADCCBCBDCBDABDABDAAAACDCCCDCDDDCCDABDBCBBBCBCBCDDD,ABACBDADDDAAACACCDABBCACADABADBDACADCCBCBDBCADBDABADAAACCDCCCDDDCDCDABBDBCBBBCBCCDDD,,,2,1242,,,,,L_T1_GTR___standard,,,,,L_T1_GTR03_33000001,,,,33,25,53,122322115322121312553520515311330007351253210000353122553220133112653232,,00001089,,,,,,,,46,2,0,2,2,1089,,5121531333111212231552211315133521132252532531531531111232223233322315153525552525233325,BACABDADDDAAACACCDABBCCAADABADDBCAADCCBCBDCBDABDABDAAAACDCCCDCDDDCCDABABDBCBBBCBCBCDDDCB,ABACBDADDDAAACACCDABBCACADABADBDACADCCBCBDBCADBDABADAAACCDCCCDDDCDCDABABBDBCBBBCBCCDDDBC,,,1,1089,,,,,L_T1_GTR___standard/L_T1_GTR___zabuton_,,,,,L_T1_GTR03_33000001,,,
158298,93,,,,,,,,,33,25,53,155312133365151312112160213512523207331225120000132553200000112235533530,,00001243,,,,,,,,47,3,0,1,1,1243,,51215313331112122315522113151335211322525325315315311112322232333223153525552525233325,BACABDADDDAAACACCDABBCCAADABADDBCAADCCBCBDCBDABDABDAAAACDCCCDCDDDCCDABDBCBBBCBCBCDDDCB,ABACBDADDDAAACACCDABBCACADABADBDACADCCBCBDBCADBDABADAAACCDCCCDDDCDCDABBDBCBBBCBCCDDDBC,,,2,1243,,,,,L_T1_GTR___standard,,,,,L_T1_GTR03_33000001,,,,33,25,53,122322115322121312553520515311330007351253210000353122553220133112653232,,00001089,,,,,,,,46,2,0,2,2,1089,,5121531333111212231552211315133521132252532531531531111232223233322315153525552525233325,BACABDADDDAAACACCDABBCCAADABADDBCAADCCBCBDCBDABDABDAAAACDCCCDCDDDCCDABABDBCBBBCBCBCDDDCB,ABACBDADDDAAACACCDABBCACADABADBDACADCCBCBDBCADBDABADAAACCDCCCDDDCDCDABABBDBCBBBCBCCDDDBC,,,1,1089,,,,,L_T1_GTR___standard/L_T1_GTR___zabuton_,,,,,L_T1_GTR03_33000001,,,
158318,94,,,,,,,,,33,25,53,155312133365151312112160213512523207331225120000132553200000112235533530,,00001243,,,,,,,,47,3,0,1,1,1243,,51215313331112122315522113151335211322525325315315311112322232333223153525552525233325,BACABDADDDAAACACCDABBCCAADABADDBCAADCCBCBDCBDABDABDAAAACDCCCDCDDDCCDABDBCBBBCBCBCDDDCB,ABACBDADDDAAACACCDABBCACADABADBDACADCCBCBDBCADBDABADAAACCDCCCDDDCDCDABBDBCBBBCBCCDDDBC,,,2,1243,,,,,L_T1_GTR___standard,,,,,L_T1_GTR03_33000001,,,,25,53,51,122322115322121312553526515311336607351253216000353122553223133112653232,,00001090,,,,,,,,47,3,0,1,1,1090,,512153133311121223155221131513352113225253253153153111123222323332231515352555252523332553,BACABDADDDAAACACCDABBCCAADABADDBCAADCCBCBDCBDABDABDAAAACDCCCDCDDDCCDABABDBCBBBCBCBCDDDCBBD,ABACBDADDDAAACACCDABBCACADABADBDACADCCBCBDBCADBDABADAAACCDCCCDDDCDCDABABBDBCBBBCBCCDDDBCBD,,,1,1090,,,,,L_T1_GTR___standard/L_T1_GTR___zabuton_,,,,,L_T1_GTR03_33000001,,,
158336,95,,,,,,,,,25,53,51,155312133365151312112160213512523207331225123300132553200000112235533530,,00001247,,,,,,,,48,4,0,4,4,1247,,5121531333111212231552211315133521132252532531531531111232223233322315352555252523332553,BACABDADDDAAACACCDABBCCAADABADDBCAADCCBCBDCBDABDABDAAAACDCCCDCDDDCCDABDBCBBBCBCBCDDDCBBD,ABACBDADDDAAACACCDABBCACADABADBDACADCCBCBDBCADBDABADAAACCDCCCDDDCDCDABBDBCBBBCBCCDDDBCBD,,,2,1247,,,,,L_T1_GTR___standard,,,,,L_T1_GTR03_33000001,,,,25,53,51,122322115322121312553526515311336607351253216000353122553223133112653232,,00001090,,,,,,,,47,3,0,1,1,1090,,512153133311121223155221131513352113225253253153153111123222323332231515352555252523332553,BACABDADDDAAACACCDABBCCAADABADDBCAADCCBCBDCBDABDABDAAAACDCCCDCDDDCCDABABDBCBBBCBCBCDDDCBBD,ABACBDADDDAAACACCDABBCACADABADBDACADCCBCBDBCADBDABADAAACCDCCCDDDCDCDABABBDBCBBBCBCCDDDBCBD,,,1,1090,,,,,L_T1_GTR___standard/L_T1_GTR___zabuton_,,,,,L_T1_GTR03_33000001,,,
158340,96,,,,,,,,,25,53,51,155312133365151312112160213512523207331225123300132553200000112235533530,,00001247,,,,,,,,48,4,0,4,4,1247,,5121531333111212231552211315133521132252532531531531111232223233322315352555252523332553,BACABDADDDAAACACCDABBCCAADABADDBCAADCCBCBDCBDABDABDAAAACDCCCDCDDDCCDABDBCBBBCBCBCDDDCBBD,ABACBDADDDAAACACCDABBCACADABADBDACADCCBCBDBCADBDABADAAACCDCCCDDDCDCDABBDBCBBBCBCCDDDBCBD,,,2,1247,,,,,L_T1_GTR___standard,,,,,L_T1_GTR03_33000001,,,,,53,51,122322115322121312553526515311336607351253216230353122553223133112653232,,bb40abb1,,,,,,,,48,0,1,bb40abb1,40,1130,,512153133311121223155221131513352113225253253153153111123222323332231515352555252523332553,BACABDADDDAAACACCDABBCCAADABADDBCAADCCBCBDCBDABDABDAAAACDCCCDCDDDCCDABABDBCBBBCBCBCDDDCBBD,ABACBDADDDAAACACCDABBCACADABADBDACADCCBCBDBCADBDABADAAACCDCCCDDDCDCDABABBDBCBBBCBCCDDDBCBD,,,1,1130,,,,,L_T1_GTR___standard/L_T1_GTR___zabuton_,,,,,L_T1_GTR03_33000001,,,
158397,97,,,,,,,,,53,51,13,155312133365151312112160213512523207331225123320132553250000112235533530,,00001250,,,,,,,,49,5,0,3,3,1250,,512153133311121223155221131513352113225253253153153111123222323332231535255525252333255351,BACABDADDDAAACACCDABBCCAADABADDBCAADCCBCBDCBDABDABDAAAACDCCCDCDDDCCDABDBCBBBCBCBCDDDCBBDBA,ABACBDADDDAAACACCDABBCACADABADBDACADCCBCBDBCADBDABADAAACCDCCCDDDCDCDABBDBCBBBCBCCDDDBCBDAB,,,2,1250,,,,,L_T1_GTR___standard,,,,,L_T1_GTR03_33000001,,,,,53,51,122322115322121312553526515311336607351253216230353122553223133112653232,,bb40abb1,,,,,,,,48,0,1,bb40abb1,40,1130,,512153133311121223155221131513352113225253253153153111123222323332231515352555252523332553,BACABDADDDAAACACCDABBCCAADABADDBCAADCCBCBDCBDABDABDAAAACDCCCDCDDDCCDABABDBCBBBCBCBCDDDCBBD,ABACBDADDDAAACACCDABBCACADABADBDACADCCBCBDBCADBDABADAAACCDCCCDDDCDCDABABBDBCBBBCBCCDDDBCBD,,,1,1130,,,,,L_T1_GTR___standard/L_T1_GTR___zabuton_,,,,,L_T1_GTR03_33000001,,,
158423,98,,,,,,,,,53,51,13,155312133365151312112160213512523207331225123320132553250000112235533530,,00001250,,,,,,,,49,5,0,3,3,1250,,512153133311121223155221131513352113225253253153153111123222323332231535255525252333255351,BACABDADDDAAACACCDABBCCAADABADDBCAADCCBCBDCBDABDABDAAAACDCCCDCDDDCCDABDBCBBBCBCBCDDDCBBDBA,ABACBDADDDAAACACCDABBCACADABADBDACADCCBCBDBCADBDABADAAACCDCCCDDDCDCDABBDBCBBBCBCCDDDBCBDAB,,,2,1250,,,,,L_T1_GTR___standard,,,,,L_T1_GTR03_33000001,,,,,53,51,122322115322121312553526515311336007351253215000353122553330133112653326,,bb50ab10,,,,,,,,49,0,2,bb50ab10,500,1630,,512153133311121223155221131513352113225253253153153111123222323332231515352555252523332553,BACABDADDDAAACACCDABBCCAADABADDBCAADCCBCBDCBDABDABDAAAACDCCCDCDDDCCDABABDBCBBBCBCBCDDDCBBD,ABACBDADDDAAACACCDABBCACADABADBDACADCCBCBDBCADBDABADAAACCDCCCDDDCDCDABABBDBCBBBCBCCDDDBCBD,,,2,1630,,,,,L_T1_GTR___standard/L_T1_GTR___zabuton_,,,,,L_T1_GTR03_33000001,,,
158430,99,,,,,,,,,,51,13,155312133365151312112160213512523207331225123320132553253500112235533530,,bb60abb3,,,,,,,,50,0,1,bb60abb3,180,1430,,512153133311121223155221131513352113225253253153153111123222323332231535255525252333255351,BACABDADDDAAACACCDABBCCAADABADDBCAADCCBCBDCBDABDABDAAAACDCCCDCDDDCCDABDBCBBBCBCBCDDDCBBDBA,ABACBDADDDAAACACCDABBCACADABADBDACADCCBCBDBCADBDABADAAACCDCCCDDDCDCDABBDBCBBBCBCCDDDBCBDAB,,,2,1430,,,,,L_T1_GTR___standard,,,,,L_T1_GTR03_33000001,,,,,53,51,122322115322121312553526515311336007351253215000353122553330133112653326,,bb50ab10,,,,,,,,49,0,2,bb50ab10,500,1630,,512153133311121223155221131513352113225253253153153111123222323332231515352555252523332553,BACABDADDDAAACACCDABBCCAADABADDBCAADCCBCBDCBDABDABDAAAACDCCCDCDDDCCDABABDBCBBBCBCBCDDDCBBD,ABACBDADDDAAACACCDABBCACADABADBDACADCCBCBDBCADBDABADAAACCDCCCDDDCDCDABABBDBCBBBCBCCDDDBCBD,,,2,1630,,,,,L_T1_GTR___standard/L_T1_GTR___zabuton_,,,,,L_T1_GTR03_33000001,,,
158515,100,,,,,,,,,,51,13,155312133365151312112160213512522007331225122000132553255000112235553000,,b100ab15,,,,,,,,51,0,2,b100ab15,1500,2930,,512153133311121223155221131513352113225253253153153111123222323332231535255525252333255351,BACABDADDDAAACACCDABBCCAADABADDBCAADCCBCBDCBDABDABDAAAACDCCCDCDDDCCDABDBCBBBCBCBCDDDCBBDBA,ABACBDADDDAAACACCDABBCACADABADBDACADCCBCBDBCADBDABADAAACCDCCCDDDCDCDABBDBCBBBCBCCDDDBCBDAB,,,2,2930,,,,,L_T1_GTR___standard,,,,,L_T1_GTR03_33000001,,,,,53,51,122322115322121312553526515311336007351253215000353122553330133112653326,,bb50ab10,,,,,,,,49,0,2,bb50ab10,500,1630,,512153133311121223155221131513352113225253253153153111123222323332231515352555252523332553,BACABDADDDAAACACCDABBCCAADABADDBCAADCCBCBDCBDABDABDAAAACDCCCDCDDDCCDABABDBCBBBCBCBCDDDCBBD,ABACBDADDDAAACACCDABBCACADABADBDACADCCBCBDBCADBDABADAAACCDCCCDDDCDCDABABBDBCBBBCBCCDDDBCBD,,,2,1630,,,,,L_T1_GTR___standard/L_T1_GTR___zabuton_,,,,,L_T1_GTR03_33000001,,,
158516,101,,,,,,,,,,51,13,155312133365151312112160213512522007331225122000132553255000112235553000,,b100ab15,,,,,,,,51,0,2,b100ab15,1500,2930,,512153133311121223155221131513352113225253253153153111123222323332231535255525252333255351,BACABDADDDAAACACCDABBCCAADABADDBCAADCCBCBDCBDABDABDAAAACDCCCDCDDDCCDABDBCBBBCBCBCDDDCBBDBA,ABACBDADDDAAACACCDABBCACADABADBDACADCCBCBDBCADBDABADAAACCDCCCDDDCDCDABBDBCBBBCBCCDDDBCBDAB,,,2,2930,,,,,L_T1_GTR___standard,,,,,L_T1_GTR03_33000001,,,,53,51,13,122322115322121312553526515311336007351253215000353122550000133112652600,,00001634,,,,,,,,50,1,0,4,4,1634,,51215313331112122315522113151335211322525325315315311112322232333223151535255525252333255351,BACABDADDDAAACACCDABBCCAADABADDBCAADCCBCBDCBDABDABDAAAACDCCCDCDDDCCDABABDBCBBBCBCBCDDDCBBDBA,ABACBDADDDAAACACCDABBCACADABADBDACADCCBCBDBCADBDABADAAACCDCCCDDDCDCDABABBDBCBBBCBCCDDDBCBDAB,,,2,1634,,,,,L_T1_GTR___standard/L_T1_GTR___zabuton_,,,,,L_T1_GTR03_33000001,,,
158553,102,,,,,,,,,,51,13,155312133365151312112160213512522007331225122000132553255000112235553000,,b100ab15,,,,,,,,51,0,2,b100ab15,1500,2930,,512153133311121223155221131513352113225253253153153111123222323332231535255525252333255351,BACABDADDDAAACACCDABBCCAADABADDBCAADCCBCBDCBDABDABDAAAACDCCCDCDDDCCDABDBCBBBCBCBCDDDCBBDBA,ABACBDADDDAAACACCDABBCACADABADBDACADCCBCBDBCADBDABADAAACCDCCCDDDCDCDABBDBCBBBCBCCDDDBCBDAB,,,2,2930,,,,,L_T1_GTR___standard,,,,,L_T1_GTR03_33000001,,,,51,13,22,122322115322121312553526515311336307351253215500353122550000133112652600,,00001638,,,,,,,,51,2,0,4,4,1638,,5121531333111212231552211315133521132252532531531531111232223233322315153525552525233325535113,BACABDADDDAAACACCDABBCCAADABADDBCAADCCBCBDCBDABDABDAAAACDCCCDCDDDCCDABABDBCBBBCBCBCDDDCBBDBAAD,ABACBDADDDAAACACCDABBCACADABADBDACADCCBCBDBCADBDABADAAACCDCCCDDDCDCDABABBDBCBBBCBCCDDDBCBDABAD,,,2,1638,,,,,L_T1_GTR___standard/L_T1_GTR___zabuton_,,,,,L_T1_GTR03_33000001,,,
158596,103,,,,,,,,,,51,13,155312133365151312112160213512522007331225122000132553255000112235553000,,b100ab15,,,,,,,,51,0,2,b100ab15,1500,2930,,512153133311121223155221131513352113225253253153153111123222323332231535255525252333255351,BACABDADDDAAACACCDABBCCAADABADDBCAADCCBCBDCBDABDABDAAAACDCCCDCDDDCCDABDBCBBBCBCBCDDDCBBDBA,ABACBDADDDAAACACCDABBCACADABADBDACADCCBCBDBCADBDABADAAACCDCCCDDDCDCDABBDBCBBBCBCCDDDBCBDAB,,,2,2930,,,,,L_T1_GTR___standard,,,,,L_T1_GTR03_33000001,,,,13,22,13,122322115322121312553526515311336307351253215500353122551500133112652600,,00001642,,,,,,,,52,3,0,4,4,1642,,512153133311121223155221131513352113225253253153153111123222323332231515352555252523332553511322,BACABDADDDAAACACCDABBCCAADABADDBCAADCCBCBDCBDABDABDAAAACDCCCDCDDDCCDABABDBCBBBCBCBCDDDCBBDBAADCC,ABACBDADDDAAACACCDABBCACADABADBDACADCCBCBDBCADBDABADAAACCDCCCDDDCDCDABABBDBCBBBCBCCDDDBCBDABADCC,,,2,1642,,,,,L_T1_GTR___standard/L_T1_GTR___zabuton_,,,,,L_T1_GTR03_33000001,,,
158602,104,,,,,,,,,,51,13,155312133365151312111600213512500007331225100000132553200000112233000000,,bb40ab16,,,,,,,,52,0,3,bb40ab16,640,3570,,512153133311121223155221131513352113225253253153153111123222323332231535255525252333255351,BACABDADDDAAACACCDABBCCAADABADDBCAADCCBCBDCBDABDABDAAAACDCCCDCDDDCCDABDBCBBBCBCBCDDDCBBDBA,ABACBDADDDAAACACCDABBCACADABADBDACADCCBCBDBCADBDABADAAACCDCCCDDDCDCDABBDBCBBBCBCCDDDBCBDAB,,,3,3570,,,,,L_T1_GTR___standard,,,,,L_T1_GTR03_33000001,,,,13,22,13,122322115322121312553526515311336307351253215500353122551500133112652600,,00001642,,,,,,,,52,3,0,4,4,1642,,512153133311121223155221131513352113225253253153153111123222323332231515352555252523332553511322,BACABDADDDAAACACCDABBCCAADABADDBCAADCCBCBDCBDABDABDAAAACDCCCDCDDDCCDABABDBCBBBCBCBCDDDCBBDBAADCC,ABACBDADDDAAACACCDABBCACADABADBDACADCCBCBDBCADBDABADAAACCDCCCDDDCDCDABABBDBCBBBCBCCDDDBCBDABADCC,,,2,1642,,,,,L_T1_GTR___standard/L_T1_GTR___zabuton_,,,,,L_T1_GTR03_33000001,,,
158632,105,,,,,,,,,,51,13,155312133365151312111600213512500007331225100000132553200000112233000000,,bb40ab16,,,,,,,,52,0,3,bb40ab16,640,3570,,512153133311121223155221131513352113225253253153153111123222323332231535255525252333255351,BACABDADDDAAACACCDABBCCAADABADDBCAADCCBCBDCBDABDABDAAAACDCCCDCDDDCCDABDBCBBBCBCBCDDDCBBDBA,ABACBDADDDAAACACCDABBCACADABADBDACADCCBCBDBCADBDABADAAACCDCCCDDDCDCDABBDBCBBBCBCCDDDBCBDAB,,,3,3570,,,,,L_T1_GTR___standard,,,,,L_T1_GTR03_33000001,,,,22,13,55,122322115322121312553526515311336307351253215500353122551510133112652630,,00001645,,,,,,,,53,4,0,3,3,1645,,51215313331112122315522113151335211322525325315315311112322232333223151535255525252333255351132213,BACABDADDDAAACACCDABBCCAADABADDBCAADCCBCBDCBDABDABDAAAACDCCCDCDDDCCDABABDBCBBBCBCBCDDDCBBDBAADCCAD,ABACBDADDDAAACACCDABBCACADABADBDACADCCBCBDBCADBDABADAAACCDCCCDDDCDCDABABBDBCBBBCBCCDDDBCBDABADCCAD,,,2,1645,,,,,L_T1_GTR___standard/L_T1_GTR___zabuton_,,,,,L_T1_GTR03_33000001,,,
158666,106,,,,,,,,,,51,13,155312133365151312111600213512500007331225100000132553200000112233000000,,bb40ab16,,,,,,,,52,0,3,bb40ab16,640,3570,,512153133311121223155221131513352113225253253153153111123222323332231535255525252333255351,BACABDADDDAAACACCDABBCCAADABADDBCAADCCBCBDCBDABDABDAAAACDCCCDCDDDCCDABDBCBBBCBCBCDDDCBBDBA,ABACBDADDDAAACACCDABBCACADABADBDACADCCBCBDBCADBDABADAAACCDCCCDDDCDCDABBDBCBBBCBCCDDDBCBDAB,,,3,3570,,,,,L_T1_GTR___standard,,,,,L_T1_GTR03_33000001,,,,13,55,25,122322115322121312553526515311336307351253215500353122551510133112652632,,00001647,,,,,,,,54,5,0,2,2,1647,,5121531333111212231552211315133521132252532531531531111232223233322315153525552525233325535113221355,BACABDADDDAAACACCDABBCCAADABADDBCAADCCBCBDCBDABDABDAAAACDCCCDCDDDCCDABABDBCBBBCBCBCDDDCBBDBAADCCADBB,ABACBDADDDAAACACCDABBCACADABADBDACADCCBCBDBCADBDABADAAACCDCCCDDDCDCDABABBDBCBBBCBCCDDDBCBDABADCCADBB,,,2,1647,,,,,L_T1_GTR___standard/L_T1_GTR___zabuton_,,,,,L_T1_GTR03_33000001,,,
158694,107,,,,,,,,,51,13,22,155312333651151312000000213512500007331225100000132553200000112233000000,,00003574,,,,,,,,53,1,0,4,4,3574,,51215313331112122315522113151335211322525325315315311112322232333223153525552525233325535113,BACABDADDDAAACACCDABBCCAADABADDBCAADCCBCBDCBDABDABDAAAACDCCCDCDDDCCDABDBCBBBCBCBCDDDCBBDBAAD,ABACBDADDDAAACACCDABBCACADABADBDACADCCBCBDBCADBDABADAAACCDCCCDDDCDCDABBDBCBBBCBCCDDDBCBDABAD,,,3,3574,,,,,L_T1_GTR___standard,,,,,L_T1_GTR03_33000001,,,,13,55,25,122322115322121312553526515311336307351253215500353122551510133112652632,,00001647,,,,,,,,54,5,0,2,2,1647,,5121531333111212231552211315133521132252532531531531111232223233322315153525552525233325535113221355,BACABDADDDAAACACCDABBCCAADABADDBCAADCCBCBDCBDABDABDAAAACDCCCDCDDDCCDABABDBCBBBCBCBCDDDCBBDBAADCCADBB,ABACBDADDDAAACACCDABBCACADABADBDACADCCBCBDBCADBDABADAAACCDCCCDDDCDCDABABBDBCBBBCBCCDDDBCBDABADCCADBB,,,2,1647,,,,,L_T1_GTR___standard/L_T1_GTR___zabuton_,,,,,L_T1_GTR03_33000001,,,
158744,109,,,,,,,,,51,13,22,155312333651151312000000213512500007331225100000132553200000112233000000,,00003574,,,,,,,,53,1,0,4,4,3574,,51215313331112122315522113151335211322525325315315311112322232333223153525552525233325535113,BACABDADDDAAACACCDABBCCAADABADDBCAADCCBCBDCBDABDABDAAAACDCCCDCDDDCCDABDBCBBBCBCBCDDDCBBDBAAD,ABACBDADDDAAACACCDABBCACADABADBDACADCCBCBDBCADBDABADAAACCDCCCDDDCDCDABBDBCBBBCBCCDDDBCBDABAD,,,3,3574,,,,,L_T1_GTR___standard,,,,,L_T1_GTR03_33000001,,,,,55,25,122322115322121312553526515311336366351253215566353122551511133112652632,,00001649,,,,,lose,,,55,5,0,2,2,1649,,5121531333111212231552211315133521132252532531531531111232223233322315153525552525233325535113221355,BACABDADDDAAACACCDABBCCAADABADDBCAADCCBCBDCBDABDABDAAAACDCCCDCDDDCCDABABDBCBBBCBCBCDDDCBBDBAADCCADBB,ABACBDADDDAAACACCDABBCACADABADBDACADCCBCBDBCADBDABADAAACCDCCCDDDCDCDABABBDBCBBBCBCCDDDBCBDABADCCADBB,,,2,1649,,,,,L_T1_GTR___standard/L_T1_GTR___zabuton_,,,,,L_T1_GTR03_33000001,,,
158748,108,,,,,,,,,13,22,13,155312333651151312100000213512550007331225100000132553200000112233000000,,00003580,,,,,,,,54,2,0,6,6,3580,,5121531333111212231552211315133521132252532531531531111232223233322315352555252523332553511322,BACABDADDDAAACACCDABBCCAADABADDBCAADCCBCBDCBDABDABDAAAACDCCCDCDDDCCDABDBCBBBCBCBCDDDCBBDBAADCC,ABACBDADDDAAACACCDABBCACADABADBDACADCCBCBDBCADBDABADAAACCDCCCDDDCDCDABBDBCBBBCBCCDDDBCBDABADCC,,,3,3580,,,,,L_T1_GTR___standard,,,,,L_T1_GTR03_33000001,,,,,55,25,122322115322121312553526515311336366351253215566353122551511133112652632,,00001649,,,,,lose,,,55,5,0,2,2,1649,,5121531333111212231552211315133521132252532531531531111232223233322315153525552525233325535113221355,BACABDADDDAAACACCDABBCCAADABADDBCAADCCBCBDCBDABDABDAAAACDCCCDCDDDCCDABABDBCBBBCBCBCDDDCBBDBAADCCADBB,ABACBDADDDAAACACCDABBCACADABADBDACADCCBCBDBCADBDABADAAACCDCCCDDDCDCDABABBDBCBBBCBCCDDDBCBDABADCCADBB,,,2,1649,,,,,L_T1_GTR___standard/L_T1_GTR___zabuton_,,,,,L_T1_GTR03_33000001,,,
158753,109,,,,,,,,,,22,13,155312333651151312100000213512550007331225100010132553200000112233000000,,00003581,,,,,win,,,55,2,0,1,1,3581,,5121531333111212231552211315133521132252532531531531111232223233322315352555252523332553511322,BACABDADDDAAACACCDABBCCAADABADDBCAADCCBCBDCBDABDABDAAAACDCCCDCDDDCCDABDBCBBBCBCBCDDDCBBDBAADCC,ABACBDADDDAAACACCDABBCACADABADBDACADCCBCBDBCADBDABADAAACCDCCCDDDCDCDABBDBCBBBCBCCDDDBCBDABADCC,,,3,3581,,,,,L_T1_GTR___standard,,,,,L_T1_GTR03_33000001,,,,,55,25,122322115322121312553526515311336366351253215566353122551511133112652632,,00001649,,,,,lose,,,55,5,0,2,2,1649,,5121531333111212231552211315133521132252532531531531111232223233322315153525552525233325535113221355,BACABDADDDAAACACCDABBCCAADABADDBCAADCCBCBDCBDABDABDAAAACDCCCDCDDDCCDABABDBCBBBCBCBCDDDCBBDBAADCCADBB,ABACBDADDDAAACACCDABBCACADABADBDACADCCBCBDBCADBDABADAAACCDCCCDDDCDCDABABBDBCBBBCBCCDDDBCBDABADCCADBB,,,2,1649,,,,,L_T1_GTR___standard/L_T1_GTR___zabuton_,,,,,L_T1_GTR03_33000001,,,
