185350,0,,,,,,,,,,53,22,000000000000000000000000000000000007000000000000000000000000000000000000,000000,00000000,,,,,,,,0,0,0,0,0,0,,53,AB,AB,,,0,0,,,,,,,,,,,,,,,53,22,000000000000000000000000000000000007000000000000000000000000000000000000,000000,00000000,,,,,,,,0,0,0,0,0,0,,53,AB,AB,,,0,0,,,,,,,,,,,,,
185504,2,,,,,,,,,53,22,54,000000000000000000000000000000000007000000000000000000000000000000000000,,00000000,,,,,,,,1,1,0,0,0,0,,5322,ABCC,ABCC,,,0,0,,,,,,,,,,,,,,53,22,54,000000000000000000000000000000000007000000000000000000000000000000000000,,00000000,,,,,,,,1,1,0,0,0,0,,5322,ABCC,ABCC,,,0,0,,,,,,,,,,,,,
185554,4,,,,,,,,,22,54,24,000000000000000000000000500000000007300000000000000000000000000000000000,,00000014,,,,,,,,2,2,0,14,14,14,,532254,ABCCAD,ABCCAD,,,0,14,,,,,,,,,,,,,,22,54,24,000000000000000000000000500000000007300000000000000000000000000000000000,,00000013,,,,,,,,2,2,0,13,13,13,,532254,ABCCAD,ABCCAD,,,0,13,,,,,,,,,,,,,
185606,6,,,,,,,,,54,24,33,200000000000200000000000500000000007300000000000000000000000000000000000,,00000026,,,,,,,,3,3,0,12,12,26,,53225424,ABCCADCD,ABCCADCD,,,0,26,,,,,,,,,,,,,,54,24,33,200000000000200000000000500000000007300000000000000000000000000000000000,,00000026,,,,,,,,3,3,0,13,13,26,,53225424,ABCCADCD,ABCCADCD,,,0,26,,,,,,,,,,,,,
185655,8,,,,,,,,,24,33,55,200000000000200000000000500000000007354000000000000000000000000000000000,,00000038,,,,,,,,4,4,0,12,12,38,,5322542433,ABCCADCDBB,ABCCADCDBB,,,0,38,,,,,,,,,,,,,,24,33,55,200000000000254000000000500000000007300000000000000000000000000000000000,,00000038,,,,,,,,4,4,0,12,12,38,,5322542433,ABCCADCDBB,ABCCADCDBB,,,0,38,,,,,,,,,,,,,
185703,9,,,,,,,,,33,55,52,200000000000240000000000520000000007354000000000000000000000000000000000,,00000050,,,,,,,,5,5,0,12,12,50,,532254243355,ABCCADCDBBAA,ABCCADCDBBAA,,,0,50,,,,,,,,,,L_T1_GTR03_32100001,,,,24,33,55,200000000000254000000000500000000007300000000000000000000000000000000000,,00000038,,,,,,,,4,4,0,12,12,38,,5322542433,ABCCADCDBB,ABCCADCDBB,,,0,38,,,,,,,,,,,,,
185707,10,,,,,,,,,33,55,52,200000000000240000000000520000000007354000000000000000000000000000000000,,00000050,,,,,,,,5,5,0,12,12,50,,532254243355,ABCCADCDBBAA,ABCCADCDBBAA,,,0,50,,,,,,,,,,L_T1_GTR03_32100001,,,,33,55,52,224000000000254000000000500000000007300000000000000000000000000000000000,,00000050,,,,,,,,5,5,0,12,12,50,,532254243355,ABCCADCDBBAA,ABCCADCDBBAA,,,0,50,,,,,,,,,,,,,
185762,12,,,,,,,,,55,52,35,200000000000240000000000520000000007354000000000300000000000300000000000,,00000063,,,,,,,,6,6,0,13,13,63,,53225424335552,ABCCADCDBBAAAC,ABCCADCDBBAAAC,,,0,63,,,,,,,,,,,,,,55,52,35,224000000000254000000000500000000007300000000000300000000000300000000000,,00000063,,,,,,,,6,6,0,13,13,63,,53225424335552,ABCCADCDBBAAAC,ABCCADCDBBAAAC,,,0,63,,,,,,,,,,,,,
185814,14,,,,,,,,,52,35,35,200000000000240000000000520000000007354000000000350000000000350000000000,,00000075,,,,,,,,7,7,0,12,12,75,,5322542433555235,ABCCADCDBBAAACBA,ABCCADCDBBAAACAB,,,0,75,,,,,,,,,,,,,,52,35,35,224000000000254000000000500000000007300000000000350000000000350000000000,,00000075,,,,,,,,7,7,0,12,12,75,,5322542433555235,ABCCADCDBBAAACBA,ABCCADCDBBAAACAB,,,0,75,,,,,,,,,,R_T1_GTR03_22110001,,,
185859,16,,,,,,,,,35,35,43,200000000000242000000000525000000007354000000000350000000000350000000000,,00000086,,,,,,,,8,8,0,11,11,86,,532254243355523535,ABCCADCDBBAAACBABA,ABCCADCDBBAAACABAB,,,0,86,,,,,,,,,,L_T1_GTR03_41100001,,,,35,35,43,224250000000254000000000500000000007300000000000350000000000350000000000,,00000084,,,,,,,,8,8,0,9,9,84,,532254243355523535,ABCCADCDBBAAACBABA,ABCCADCDBBAAACABAB,,,0,84,,,,,,,,,,R_T1_GTR03_22110001,,,
185908,17,,,,,,,,,35,35,43,200000000000242000000000525000000007354000000000350000000000350000000000,,00000086,,,,,,,,8,8,0,11,11,86,,532254243355523535,ABCCADCDBBAAACBABA,ABCCADCDBBAAACABAB,,,0,86,,,,,,,,,,L_T1_GTR03_41100001,,,,35,43,35,224250000000254000000000530000000007350000000000350000000000350000000000,,00000096,,,,,,,,9,9,0,12,12,96,,53225424335552353543,ABCCADCDBBAAACBABADB,ABCCADCDBBAAACABABBD,,,0,96,,,,,,,,,,,,,
185912,18,,,,,,,,,35,43,35,200000000000242000000000525000000007354000000000350000000000353500000000,,00000097,,,,,,,,9,9,0,11,11,97,,53225424335552353543,ABCCADCDBBAAACBABADB,ABCCADCDBBAAACABABBD,,,0,97,,,,,,,,,,L_T1_GTR03_41100001,,,,35,43,35,224250000000254000000000530000000007350000000000350000000000350000000000,,00000096,,,,,,,,9,9,0,12,12,96,,53225424335552353543,ABCCADCDBBAAACBABADB,ABCCADCDBBAAACABABBD,,,0,96,,,,,,,,,,,,,
185955,19,,,,,,,,,35,43,35,200000000000242000000000525000000007354000000000350000000000353500000000,,00000097,,,,,,,,9,9,0,11,11,97,,53225424335552353543,ABCCADCDBBAAACBABADB,ABCCADCDBBAAACABABBD,,,0,97,,,,,,,,,,L_T1_GTR03_41100001,,,,43,35,55,224250000000254000000000535000000007353000000000350000000000350000000000,,00000107,,,,,,,,10,10,0,11,11,107,,5322542433555235354335,ABCCADCDBBAAACBABADBBA,ABCCADCDBBAAACABABBDAB,,,0,107,,,,,R_T1_GTRn__pat00001,,,,,,,,
185964,20,,,,,,,,,43,35,55,200000000000242000000000525000000007354000000000353500000000353500000000,,00000108,,,,,,,,10,10,0,11,11,108,,5322542433555235354335,ABCCADCDBBAAACBABADBBA,ABCCADCDBBAAACABABBDAB,,,0,108,,,,,,,,,,L_T1_GTR03_41100001,,,,43,35,55,224250000000254000000000535000000007353000000000350000000000350000000000,,00000107,,,,,,,,10,10,0,11,11,107,,5322542433555235354335,ABCCADCDBBAAACBABADBBA,ABCCADCDBBAAACABABBDAB,,,0,107,,,,,R_T1_GTRn__pat00001,,,,,,,,
186000,21,,,,,,,,,43,35,55,200000000000242000000000525000000007354000000000353500000000353500000000,,00000108,,,,,,,,10,10,0,11,11,108,,5322542433555235354335,ABCCADCDBBAAACBABADBBA,ABCCADCDBBAAACABABBDAB,,,0,108,,,,,,,,,,L_T1_GTR03_41100001,,,,35,55,24,224250000000254300000000535400000007353000000000350000000000350000000000,,00000117,,,,,,,,11,11,0,10,10,117,,532254243355523535433555,ABCCADCDBBAAACBABADBBAAA,ABCCADCDBBAAACABABBDABAA,,,0,117,,,,,R_T1_GTRn__pat00001,,,,,,,,
186036,22,,,,,,,,,35,55,24,240000000000242300000000525000000007354000000000353500000000353500000000,,00000118,,,,,,,,11,11,0,10,10,118,,532254243355523535433555,ABCCADCDBBAAACBABADBBAAA,ABCCADCDBBAAACABABBDABAA,,,0,118,,,,,L_T1_GTR___hekomi__,,,,,,,,,35,55,24,224250000000254300000000535400000007353000000000350000000000350000000000,,00000117,,,,,,,,11,11,0,10,10,117,,532254243355523535433555,ABCCADCDBBAAACBABADBBAAA,ABCCADCDBBAAACABABBDABAA,,,0,117,,,,,R_T1_GTRn__pat00001,,,,,,,,
186044,23,,,,,,,,,35,55,24,240000000000242300000000525000000007354000000000353500000000353500000000,,00000118,,,,,,,,11,11,0,10,10,118,,532254243355523535433555,ABCCADCDBBAAACBABADBBAAA,ABCCADCDBBAAACABABBDABAA,,,0,118,,,,,L_T1_GTR___hekomi__,,,,,,,,,55,24,24,224250000000254335000000535400000007353000000000350000000000350000000000,,00000126,,,,,,,,12,12,0,9,9,126,,53225424335552353543355524,ABCCADCDBBAAACBABADBBAAACD,ABCCADCDBBAAACABABBDABAACD,,,0,126,,,,,R_T1_GTRn__pat00001,,,,,,,,
186082,25,,,,,,,,,55,24,24,240000000000242300000000525350000007354000000000353500000000353500000000,,00000128,,,,,,,,12,12,0,10,10,128,,53225424335552353543355524,ABCCADCDBBAAACBABADBBAAACD,ABCCADCDBBAAACABABBDABAACD,,,0,128,,,,,L_T1_GTR___hekomi__,,,,,,,,,24,24,25,224250000000254335550000535400000007353000000000350000000000350000000000,,00000132,,,,,,,,13,13,0,6,6,132,,5322542433555235354335552424,ABCCADCDBBAAACBABADBBAAACDCD,ABCCADCDBBAAACABABBDABAACDCD,,,0,132,,,,,R_T1_GTRn__pat00001,,,,,,,,
186122,26,,,,,,,,,24,24,25,240000000000242355000000525350000007354000000000353500000000353500000000,,00000136,,,,,,,,13,13,0,8,8,136,,5322542433555235354335552424,ABCCADCDBBAAACBABADBBAAACDCD,ABCCADCDBBAAACABABBDABAACDCD,,,0,136,,,,,L_T1_GTR___hekomi__,,,,,,,,,24,24,25,224250000000254335550000535400000007353000000000350000000000350000000000,,00000132,,,,,,,,13,13,0,6,6,132,,5322542433555235354335552424,ABCCADCDBBAAACBABADBBAAACDCD,ABCCADCDBBAAACABABBDABAACDCD,,,0,132,,,,,R_T1_GTRn__pat00001,,,,,,,,
186133,27,,,,,,,,,24,24,25,240000000000242355000000525350000007354000000000353500000000353500000000,,00000136,,,,,,,,13,13,0,8,8,136,,5322542433555235354335552424,ABCCADCDBBAAACBABADBBAAACDCD,ABCCADCDBBAAACABABBDABAACDCD,,,0,136,,,,,L_T1_GTR___hekomi__,,,,,,,,,24,25,23,224250000000254335550000535400000007353000000000350000000000352400000000,,00000143,,,,,,,,14,14,0,11,11,143,,532254243355523535433555242425,ABCCADCDBBAAACBABADBBAAACDCDCA,ABCCADCDBBAAACABABBDABAACDCDAC,,,0,143,,,,,R_T1_GTRn__pat00001,,,,,,,,
186172,28,,,,,,,,,24,25,23,244200000000242355000000525350000007354000000000353500000000353500000000,,00000146,,,,,,,,14,14,0,10,10,146,,532254243355523535433555242425,ABCCADCDBBAAACBABADBBAAACDCDCA,ABCCADCDBBAAACABABBDABAACDCDAC,,,0,146,,,,,L_T1_GTR___standard,,,,,L_T1_GTR03_33000001,,,,24,25,23,224250000000254335550000535400000007353000000000350000000000352400000000,,00000143,,,,,,,,14,14,0,11,11,143,,532254243355523535433555242425,ABCCADCDBBAAACBABADBBAAACDCDCA,ABCCADCDBBAAACABABBDABAACDCDAC,,,0,143,,,,,R_T1_GTRn__pat00001,,,,,,,,
186180,29,,,,,,,,,24,25,23,244200000000242355000000525350000007354000000000353500000000353500000000,,00000146,,,,,,,,14,14,0,10,10,146,,532254243355523535433555242425,ABCCADCDBBAAACBABADBBAAACDCDCA,ABCCADCDBBAAACABABBDABAACDCDAC,,,0,146,,,,,L_T1_GTR___standard,,,,,L_T1_GTR03_33000001,,,,25,23,55,224250000000254335550000535400000007353000000000350000000000352442000000,,00000151,,,,,,,,15,15,0,8,8,151,,53225424335552353543355524242523,ABCCADCDBBAAACBABADBBAAACDCDCACB,ABCCADCDBBAAACABABBDABAACDCDACBC,,,0,151,,,,,R_T1_GTRn__pat00001,,,,,,,,
186223,30,,,,,,,,,24,25,23,244200000000242355000000525350000007354000000000353500000000353500000000,,00000146,,,,,,,,14,14,0,10,10,146,,532254243355523535433555242425,ABCCADCDBBAAACBABADBBAAACDCDCA,ABCCADCDBBAAACABABBDABAACDCDAC,,,0,146,,,,,L_T1_GTR___standard,,,,,L_T1_GTR03_33000001,,,,23,55,23,224250000000254335550000535400000007353000000000350000000000352442250000,,00000158,,,,,,,,16,16,0,7,7,158,,5322542433555235354335552424252355,ABCCADCDBBAAACBABADBBAAACDCDCACBAA,ABCCADCDBBAAACABABBDABAACDCDACBCAA,,,0,158,,,,,R_T1_GTRn__pat00001,,,,,,,,
186236,31,,,,,,,,,25,23,55,244220000000242355400000525350000007354000000000353500000000353500000000,,00000153,,,,,,,,15,15,0,7,7,153,,53225424335552353543355524242523,ABCCADCDBBAAACBABADBBAAACDCDCACB,ABCCADCDBBAAACABABBDABAACDCDACBC,,,0,153,,,,,L_T1_GTR___standard,,,,,L_T1_GTR03_33000001,,,,23,55,23,224250000000254335550000535400000007353000000000350000000000352442250000,,00000158,,,,,,,,16,16,0,7,7,158,,5322542433555235354335552424252355,ABCCADCDBBAAACBABADBBAAACDCDCACBAA,ABCCADCDBBAAACABABBDABAACDCDACBCAA,,,0,158,,,,,R_T1_GTRn__pat00001,,,,,,,,
186281,32,,,,,,,,,23,55,23,244222500000242355400000525350000007354000000000353500000000353500000000,,00000161,,,,,,,,16,16,0,8,8,161,,5322542433555235354335552424252355,ABCCADCDBBAAACBABADBBAAACDCDCACBAA,ABCCADCDBBAAACABABBDABAACDCDACBCAA,,,0,161,,,,,L_T1_GTR___standard,,,,,L_T1_GTR03_33000001,,,,23,55,23,224250000000254335550000535400000007353000000000350000000000352442250000,,00000158,,,,,,,,16,16,0,7,7,158,,5322542433555235354335552424252355,ABCCADCDBBAAACBABADBBAAACDCDCACBAA,ABCCADCDBBAAACABABBDABAACDCDACBCAA,,,0,158,,,,,R_T1_GTRn__pat00001,,,,,,,,
186295,33,,,,,,,,,23,55,23,244222500000242355400000525350000007354000000000353500000000353500000000,,00000161,,,,,,,,16,16,0,8,8,161,,5322542433555235354335552424252355,ABCCADCDBBAAACBABADBBAAACDCDCACBAA,ABCCADCDBBAAACABABBDABAACDCDACBCAA,,,0,161,,,,,L_T1_GTR___standard,,,,,L_T1_GTR03_33000001,,,,55,23,23,224250000000254335550000535400000007353300000000352000000000352442250000,,00000168,,,,,,,,17,17,0,10,10,168,,532254243355523535433555242425235523,ABCCADCDBBAAACBABADBBAAACDCDCACBAACB,ABCCADCDBBAAACABABBDABAACDCDACBCAABC,,,0,168,,,,,,,,,,,,,
186321,34,,,,,,,,,55,23,23,244222523000242355400000525350000007354000000000353500000000353500000000,,00000167,,,,,,,,17,17,0,6,6,167,,532254243355523535433555242425235523,ABCCADCDBBAAACBABADBBAAACDCDCACBAACB,ABCCADCDBBAAACABABBDABAACDCDACBCAABC,,,0,167,,,,,L_T1_GTR___standard,,,,,L_T1_GTR03_33000001,,,,55,23,23,224250000000254335550000535400000007353300000000352000000000352442250000,,00000168,,,,,,,,17,17,0,10,10,168,,532254243355523535433555242425235523,ABCCADCDBBAAACBABADBBAAACDCDCACBAACB,ABCCADCDBBAAACABABBDABAACDCDACBCAABC,,,0,168,,,,,,,,,,,,,
186332,35,,,,,,,,,55,23,23,244222523000242355400000525350000007354000000000353500000000353500000000,,00000167,,,,,,,,17,17,0,6,6,167,,532254243355523535433555242425235523,ABCCADCDBBAAACBABADBBAAACDCDCACBAACB,ABCCADCDBBAAACABABBDABAACDCDACBCAABC,,,0,167,,,,,L_T1_GTR___standard,,,,,L_T1_GTR03_33000001,,,,23,23,34,224250000000254335550000535400000007353300000000352000000000352442255500,,00000172,,,,,,,,18,18,0,4,4,172,,53225424335552353543355524242523552323,ABCCADCDBBAAACBABADBBAAACDCDCACBAACBCB,ABCCADCDBBAAACABABBDABAACDCDACBCAABCBC,,,0,172,,,,,,,,,,,,,
186359,36,,,,,,,,,23,23,34,244222523000242355455000525350000007354000000000353500000000353500000000,,00000172,,,,,,,,18,18,0,5,5,172,,53225424335552353543355524242523552323,ABCCADCDBBAAACBABADBBAAACDCDCACBAACBCB,ABCCADCDBBAAACABABBDABAACDCDACBCAABCBC,,,0,172,,,,,L_T1_GTR___standard,,,,,L_T1_GTR03_33000001,,,,23,23,34,224250000000254335550000535400000007353300000000352000000000352442255500,,00000172,,,,,,,,18,18,0,4,4,172,,53225424335552353543355524242523552323,ABCCADCDBBAAACBABADBBAAACDCDCACBAACBCB,ABCCADCDBBAAACABABBDABAACDCDACBCAABCBC,,,0,172,,,,,,,,,,,,,
186373,37,,,,,,,,,23,23,34,244222523000242355455000525350000007354000000000353500000000353500000000,,00000172,,,,,,,,18,18,0,5,5,172,,53225424335552353543355524242523552323,ABCCADCDBBAAACBABADBBAAACDCDCACBAACBCB,ABCCADCDBBAAACABABBDABAACDCDACBCAABCBC,,,0,172,,,,,L_T1_GTR___standard,,,,,L_T1_GTR03_33000001,,,,23,34,53,224253200000254335550000535400000007353300000000352000000000352442255500,,00000179,,,,,,,,19,19,0,7,7,179,,5322542433555235354335552424252355232334,ABCCADCDBBAAACBABADBBAAACDCDCACBAACBCBBD,ABCCADCDBBAAACABABBDABAACDCDACBCAABCBCBD,,,0,179,,,,,,,,,,,,,
186393,38,,,,,,,,,23,34,53,244222523300242355455200525350000007354000000000353500000000353500000000,,00000176,,,,,,,,19,19,0,4,4,176,,5322542433555235354335552424252355232334,ABCCADCDBBAAACBABADBBAAACDCDCACBAACBCBBD,ABCCADCDBBAAACABABBDABAACDCDACBCAABCBCBD,,,0,176,,,,,L_T1_GTR___standard,,,,,L_T1_GTR03_33000001,,,,23,34,53,224253200000254335550000535400000007353300000000352000000000352442255500,,00000179,,,,,,,,19,19,0,7,7,179,,5322542433555235354335552424252355232334,ABCCADCDBBAAACBABADBBAAACDCDCACBAACBCBBD,ABCCADCDBBAAACABABBDABAACDCDACBCAABCBCBD,,,0,179,,,,,,,,,,,,,
186426,39,,,,,,,,,34,53,43,244222523330242355455220525350000007354000000000353500000000353500000000,,00000179,,,,,,,,20,20,0,3,3,179,,532254243355523535433555242425235523233453,ABCCADCDBBAAACBABADBBAAACDCDCACBAACBCBBDAB,ABCCADCDBBAAACABABBDABAACDCDACBCAABCBCBDAB,,,0,179,,,,,L_T1_GTR___standard,,,,,L_T1_GTR03_33000001,,,,23,34,53,224253200000254335550000535400000007353300000000352000000000352442255500,,00000179,,,,,,,,19,19,0,7,7,179,,5322542433555235354335552424252355232334,ABCCADCDBBAAACBABADBBAAACDCDCACBAACBCBBD,ABCCADCDBBAAACABABBDABAACDCDACBCAABCBCBD,,,0,179,,,,,,,,,,,,,
186431,40,,,,,,,,,34,53,43,244222523330242355455220525350000007354000000000353500000000353500000000,,00000179,,,,,,,,20,20,0,3,3,179,,532254243355523535433555242425235523233453,ABCCADCDBBAAACBABADBBAAACDCDCACBAACBCBBDAB,ABCCADCDBBAAACABABBDABAACDCDACBCAABCBCBDAB,,,0,179,,,,,L_T1_GTR___standard,,,,,L_T1_GTR03_33000001,,,,34,53,43,224253220000254335553000535400000007353300000000352000000000352442255500,,00000184,,,,,,,,20,20,0,5,5,184,,532254243355523535433555242425235523233453,ABCCADCDBBAAACBABADBBAAACDCDCACBAACBCBBDAB,ABCCADCDBBAAACABABBDABAACDCDACBCAABCBCBDAB,,,0,184,,,,,,,,,,,,,
186469,41,,,,,,,,,53,43,42,244222523330242355455220525350000007354430000000353500000000353500000000,,00000188,,,,,,,,21,21,0,9,9,188,,53225424335552353543355524242523552323345343,ABCCADCDBBAAACBABADBBAAACDCDCACBAACBCBBDABDB,ABCCADCDBBAAACABABBDABAACDCDACBCAABCBCBDABBD,,,0,188,,,,,L_T1_GTR___standard,,,,,L_T1_GTR03_33000001,,,,34,53,43,224253220000254335553000535400000007353300000000352000000000352442255500,,00000184,,,,,,,,20,20,0,5,5,184,,532254243355523535433555242425235523233453,ABCCADCDBBAAACBABADBBAAACDCDCACBAACBCBBDAB,ABCCADCDBBAAACABABBDABAACDCDACBCAABCBCBDAB,,,0,184,,,,,,,,,,,,,
186471,42,,,,,,,,,53,43,42,244222523330242355455220525350000007354430000000353500000000353500000000,,00000188,,,,,,,,21,21,0,9,9,188,,53225424335552353543355524242523552323345343,ABCCADCDBBAAACBABADBBAAACDCDCACBAACBCBBDABDB,ABCCADCDBBAAACABABBDABAACDCDACBCAABCBCBDABBD,,,0,188,,,,,L_T1_GTR___standard,,,,,L_T1_GTR03_33000001,,,,53,43,42,224253220000254335553000535443000007353300000000352000000000352442255500,,00000192,,,,,,,,21,21,0,8,8,192,,53225424335552353543355524242523552323345343,ABCCADCDBBAAACBABADBBAAACDCDCACBAACBCBBDABDB,ABCCADCDBBAAACABABBDABAACDCDACBCAABCBCBDABBD,,,0,192,,,,,,,,,,,,,
186503,43,,,,,,,,,53,43,42,244222523330242355455220525350000007354430000000353500000000353500000000,,00000188,,,,,,,,21,21,0,9,9,188,,53225424335552353543355524242523552323345343,ABCCADCDBBAAACBABADBBAAACDCDCACBAACBCBBDABDB,ABCCADCDBBAAACABABBDABAACDCDACBCAABCBCBDABBD,,,0,188,,,,,L_T1_GTR___standard,,,,,L_T1_GTR03_33000001,,,,43,42,44,224253220000254335553350535443000007353300000000352000000000352442255500,,00000195,,,,,,,,22,22,0,3,3,195,,5322542433555235354335552424252355232334534342,ABCCADCDBBAAACBABADBBAAACDCDCACBAACBCBBDABDBDC,ABCCADCDBBAAACABABBDABAACDCDACBCAABCBCBDABBDCD,,,0,195,,,,,,,,,,,,,
186518,44,,,,,,,,,43,42,44,244222523330242355455220525350000007354430000000353500000000353553000000,,00000197,,,,,,,,22,22,0,9,9,197,,5322542433555235354335552424252355232334534342,ABCCADCDBBAAACBABADBBAAACDCDCACBAACBCBBDABDBDC,ABCCADCDBBAAACABABBDABAACDCDACBCAABCBCBDABBDCD,,,0,197,,,,,L_T1_GTR___standard,,,,,L_T1_GTR03_33000001,,,,43,42,44,224253220000254335553350535443000007353300000000352000000000352442255500,,00000195,,,,,,,,22,22,0,3,3,195,,5322542433555235354335552424252355232334534342,ABCCADCDBBAAACBABADBBAAACDCDCACBAACBCBBDABDBDC,ABCCADCDBBAAACABABBDABAACDCDACBCAABCBCBDABBDCD,,,0,195,,,,,,,,,,,,,
186566,45,,,,,,,,,42,44,25,244222523330242355455220525350000007354430000000353543000000353553000000,,00000206,,,,,,,,23,23,0,9,9,206,,532254243355523535433555242425235523233453434244,ABCCADCDBBAAACBABADBBAAACDCDCACBAACBCBBDABDBDCDD,ABCCADCDBBAAACABABBDABAACDCDACBCAABCBCBDABBDCDDD,,,0,206,,,,,L_T1_GTR___standard,,,,,L_T1_GTR03_33000001,,,,43,42,44,224253220000254335553350535443000007353300000000352000000000352442255500,,00000195,,,,,,,,22,22,0,3,3,195,,5322542433555235354335552424252355232334534342,ABCCADCDBBAAACBABADBBAAACDCDCACBAACBCBBDABDBDC,ABCCADCDBBAAACABABBDABAACDCDACBCAABCBCBDABBDCD,,,0,195,,,,,,,,,,,,,
186577,46,,,,,,,,,42,44,25,244222523330242355455220525350000007354430000000353543000000353553000000,,00000206,,,,,,,,23,23,0,9,9,206,,532254243355523535433555242425235523233453434244,ABCCADCDBBAAACBABADBBAAACDCDCACBAACBCBBDABDBDCDD,ABCCADCDBBAAACABABBDABAACDCDACBCAABCBCBDABBDCDDD,,,0,206,,,,,L_T1_GTR___standard,,,,,L_T1_GTR03_33000001,,,,42,44,25,224253220000254335553350535443000007353330000000352400000000352442255500,,00000204,,,,,,,,23,23,0,9,9,204,,532254243355523535433555242425235523233453434244,ABCCADCDBBAAACBABADBBAAACDCDCACBAACBCBBDABDBDCDD,ABCCADCDBBAAACABABBDABAACDCDACBCAABCBCBDABBDCDDD,,,0,204,,,,,,,,,,,,,
186606,47,,,,,,,,,44,25,55,244222523330242355455220525354200007354430000000353543000000353553000000,,00000214,,,,,,,,24,24,0,8,8,214,,53225424335552353543355524242523552323345343424425,ABCCADCDBBAAACBABADBBAAACDCDCACBAACBCBBDABDBDCDDCA,ABCCADCDBBAAACABABBDABAACDCDACBCAABCBCBDABBDCDDDAC,,,0,214,,,,,L_T1_GTR___standard,,,,,L_T1_GTR03_33000001,,,,42,44,25,224253220000254335553350535443000007353330000000352400000000352442255500,,00000204,,,,,,,,23,23,0,9,9,204,,532254243355523535433555242425235523233453434244,ABCCADCDBBAAACBABADBBAAACDCDCACBAACBCBBDABDBDCDD,ABCCADCDBBAAACABABBDABAACDCDACBCAABCBCBDABBDCDDD,,,0,204,,,,,,,,,,,,,
186619,48,,,,,,,,,44,25,55,244222523330242355455220525354200007354430000000353543000000353553000000,,00000214,,,,,,,,24,24,0,8,8,214,,53225424335552353543355524242523552323345343424425,ABCCADCDBBAAACBABADBBAAACDCDCACBAACBCBBDABDBDCDDCA,ABCCADCDBBAAACABABBDABAACDCDACBCAABCBCBDABBDCDDDAC,,,0,214,,,,,L_T1_GTR___standard,,,,,L_T1_GTR03_33000001,,,,44,25,55,224253222400254335553350535443000007353330000000352400000000352442255500,,00000208,,,,,,,,24,24,0,4,4,208,,53225424335552353543355524242523552323345343424425,ABCCADCDBBAAACBABADBBAAACDCDCACBAACBCBBDABDBDCDDCA,ABCCADCDBBAAACABABBDABAACDCDACBCAABCBCBDABBDCDDDAC,,,0,208,,,,,,,,,,,,,
186640,49,,,,,,,,,25,55,32,244222523330242355455220525354244007354430000000353543000000353553000000,,00000219,,,,,,,,25,25,0,5,5,219,,5322542433555235354335552424252355232334534342442555,ABCCADCDBBAAACBABADBBAAACDCDCACBAACBCBBDABDBDCDDCAAA,ABCCADCDBBAAACABABBDABAACDCDACBCAABCBCBDABBDCDDDACAA,,,0,219,,,,,L_T1_GTR___standard,,,,,L_T1_GTR03_33000001,,,,44,25,55,224253222400254335553350535443000007353330000000352400000000352442255500,,00000208,,,,,,,,24,24,0,4,4,208,,53225424335552353543355524242523552323345343424425,ABCCADCDBBAAACBABADBBAAACDCDCACBAACBCBBDABDBDCDDCA,ABCCADCDBBAAACABABBDABAACDCDACBCAABCBCBDABBDCDDDAC,,,0,208,,,,,,,,,,,,,
186653,50,,,,,,,,,25,55,32,244222523330242355455220525354244007354430000000353543000000353553000000,,00000219,,,,,,,,25,25,0,5,5,219,,5322542433555235354335552424252355232334534342442555,ABCCADCDBBAAACBABADBBAAACDCDCACBAACBCBBDABDBDCDDCAAA,ABCCADCDBBAAACABABBDABAACDCDACBCAABCBCBDABBDCDDDACAA,,,0,219,,,,,L_T1_GTR___standard,,,,,L_T1_GTR03_33000001,,,,25,55,32,224253222444254335553350535443000007353330000000352400000000352442255500,,00000211,,,,,,,,25,25,0,3,3,211,,5322542433555235354335552424252355232334534342442555,ABCCADCDBBAAACBABADBBAAACDCDCACBAACBCBBDABDBDCDDCAAA,ABCCADCDBBAAACABABBDABAACDCDACBCAABCBCBDABBDCDDDACAA,,,0,211,,,,,,,,,,,,,
186680,51,,,,,,,,,55,32,24,244222523330242355455220525354244007354435200000353543000000353553000000,,00000226,,,,,,,,26,26,0,7,7,226,,532254243355523535433555242425235523233453434244255532,ABCCADCDBBAAACBABADBBAAACDCDCACBAACBCBBDABDBDCDDCAAABC,ABCCADCDBBAAACABABBDABAACDCDACBCAABCBCBDABBDCDDDACAABC,,,0,226,,,,,L_T1_GTR___standard,,,,,L_T1_GTR03_33000001,,,,25,55,32,224253222444254335553350535443000007353330000000352400000000352442255500,,00000211,,,,,,,,25,25,0,3,3,211,,5322542433555235354335552424252355232334534342442555,ABCCADCDBBAAACBABADBBAAACDCDCACBAACBCBBDABDBDCDDCAAA,ABCCADCDBBAAACABABBDABAACDCDACBCAABCBCBDABBDCDDDACAA,,,0,211,,,,,,,,,,,,,
186691,52,,,,,,,,,55,32,24,244222523330242355455220525354244007354435200000353543000000353553000000,,00000226,,,,,,,,26,26,0,7,7,226,,532254243355523535433555242425235523233453434244255532,ABCCADCDBBAAACBABADBBAAACDCDCACBAACBCBBDABDBDCDDCAAABC,ABCCADCDBBAAACABABBDABAACDCDACBCAABCBCBDABBDCDDDACAABC,,,0,226,,,,,L_T1_GTR___standard,,,,,L_T1_GTR03_33000001,,,,55,32,24,224253222444254335553355535443000007353330000000352400000000352442255500,,00000212,,,,,,,,26,26,0,1,1,212,,532254243355523535433555242425235523233453434244255532,ABCCADCDBBAAACBABADBBAAACDCDCACBAACBCBBDABDBDCDDCAAABC,ABCCADCDBBAAACABABBDABAACDCDACBCAABCBCBDABBDCDDDACAABC,,,0,212,,,,,,,,,,,,,
186716,53,,,,,,,,,32,24,24,244222523330242355455220525354244007354435255000353543000000353553000000,,00000231,,,,,,,,27,27,0,5,5,231,,53225424335552353543355524242523552323345343424425553224,ABCCADCDBBAAACBABADBBAAACDCDCACBAACBCBBDABDBDCDDCAAABCCD,ABCCADCDBBAAACABABBDABAACDCDACBCAABCBCBDABBDCDDDACAABCCD,,,0,231,,,,,L_T1_GTR___standard,,,,,L_T1_GTR03_33000001,,,,55,32,24,224253222444254335553355535443000007353330000000352400000000352442255500,,00000212,,,,,,,,26,26,0,1,1,212,,532254243355523535433555242425235523233453434244255532,ABCCADCDBBAAACBABADBBAAACDCDCACBAACBCBBDABDBDCDDCAAABC,ABCCADCDBBAAACABABBDABAACDCDACBCAABCBCBDABBDCDDDACAABC,,,0,212,,,,,,,,,,,,,
186745,54,,,,,,,,,32,24,24,244222523330242355455220525354244007354435255000353543000000353553000000,,00000231,,,,,,,,27,27,0,5,5,231,,53225424335552353543355524242523552323345343424425553224,ABCCADCDBBAAACBABADBBAAACDCDCACBAACBCBBDABDBDCDDCAAABCCD,ABCCADCDBBAAACABABBDABAACDCDACBCAABCBCBDABBDCDDDACAABCCD,,,0,231,,,,,L_T1_GTR___standard,,,,,L_T1_GTR03_33000001,,,,32,24,24,224253222444254335553355535443000007353330000000352455000000352442255500,,00000221,,,,,,,,27,27,0,9,9,221,,53225424335552353543355524242523552323345343424425553224,ABCCADCDBBAAACBABADBBAAACDCDCACBAACBCBBDABDBDCDDCAAABCCD,ABCCADCDBBAAACABABBDABAACDCDACBCAABCBCBDABBDCDDDACAABCCD,,,0,221,,,,,,,,,,,,,
186759,55,,,,,,,,,24,24,45,244222523330242355455220525354244007354435255000353543200000353553300000,,00000238,,,,,,,,28,28,0,7,7,238,,5322542433555235354335552424252355232334534342442555322424,ABCCADCDBBAAACBABADBBAAACDCDCACBAACBCBBDABDBDCDDCAAABCCDCD,ABCCADCDBBAAACABABBDABAACDCDACBCAABCBCBDABBDCDDDACAABCCDCD,,,0,238,,,,,L_T1_GTR___standard,,,,,L_T1_GTR03_33000001,,,,32,24,24,224253222444254335553355535443000007353330000000352455000000352442255500,,00000221,,,,,,,,27,27,0,9,9,221,,53225424335552353543355524242523552323345343424425553224,ABCCADCDBBAAACBABADBBAAACDCDCACBAACBCBBDABDBDCDDCAAABCCD,ABCCADCDBBAAACABABBDABAACDCDACBCAABCBCBDABBDCDDDACAABCCD,,,0,221,,,,,,,,,,,,,
186802,56,,,,,,,,,24,24,45,244222523330242355455220525354244007354435255000353543200000353553300000,,00000238,,,,,,,,28,28,0,7,7,238,,5322542433555235354335552424252355232334534342442555322424,ABCCADCDBBAAACBABADBBAAACDCDCACBAACBCBBDABDBDCDDCAAABCCDCD,ABCCADCDBBAAACABABBDABAACDCDACBCAABCBCBDABBDCDDDACAABCCDCD,,,0,238,,,,,L_T1_GTR___standard,,,,,L_T1_GTR03_33000001,,,,24,24,45,224253222444254335553355535443300007353332000000352455000000352442255500,,00000228,,,,,,,,28,28,0,7,7,228,,5322542433555235354335552424252355232334534342442555322424,ABCCADCDBBAAACBABADBBAAACDCDCACBAACBCBBDABDBDCDDCAAABCCDCD,ABCCADCDBBAAACABABBDABAACDCDACBCAABCBCBDABBDCDDDACAABCCDCD,,,0,228,,,,,,,,,,,,,
186828,57,,,,,,,,,24,45,53,244222523330242355455220525354244007354435255000353543240000353553320000,,00000243,,,,,,,,29,29,0,5,5,243,,532254243355523535433555242425235523233453434244255532242445,ABCCADCDBBAAACBABADBBAAACDCDCACBAACBCBBDABDBDCDDCAAABCCDCDDA,ABCCADCDBBAAACABABBDABAACDCDACBCAABCBCBDABBDCDDDACAABCCDCDAD,,,0,243,,,,,L_T1_GTR___standard,,,,,L_T1_GTR03_33000001,,,,24,24,45,224253222444254335553355535443300007353332000000352455000000352442255500,,00000228,,,,,,,,28,28,0,7,7,228,,5322542433555235354335552424252355232334534342442555322424,ABCCADCDBBAAACBABADBBAAACDCDCACBAACBCBBDABDBDCDDCAAABCCDCD,ABCCADCDBBAAACABABBDABAACDCDACBCAABCBCBDABBDCDDDACAABCCDCD,,,0,228,,,,,,,,,,,,,
186841,58,,,,,,,,,24,45,53,244222523330242355455220525354244007354435255000353543240000353553320000,,00000243,,,,,,,,29,29,0,5,5,243,,532254243355523535433555242425235523233453434244255532242445,ABCCADCDBBAAACBABADBBAAACDCDCACBAACBCBBDABDBDCDDCAAABCCDCDDA,ABCCADCDBBAAACABABBDABAACDCDACBCAABCBCBDABBDCDDDACAABCCDCDAD,,,0,243,,,,,L_T1_GTR___standard,,,,,L_T1_GTR03_33000001,,,,24,45,53,224253222444254335553355535443300007353332200000352455400000352442255500,,00000235,,,,,,,,29,29,0,7,7,235,,532254243355523535433555242425235523233453434244255532242445,ABCCADCDBBAAACBABADBBAAACDCDCACBAACBCBBDABDBDCDDCAAABCCDCDDA,ABCCADCDBBAAACABABBDABAACDCDACBCAABCBCBDABBDCDDDACAABCCDCDAD,,,0,235,,,,,,,,,,,,,
186870,59,,,,,,,,,45,53,23,244222523330242355455220525354244007354435255000353543240000353553322400,,00000248,,,,,,,,30,30,0,5,5,248,,53225424335552353543355524242523552323345343424425553224244553,ABCCADCDBBAAACBABADBBAAACDCDCACBAACBCBBDABDBDCDDCAAABCCDCDDAAB,ABCCADCDBBAAACABABBDABAACDCDACBCAABCBCBDABBDCDDDACAABCCDCDADAB,,,0,248,,,,,L_T1_GTR___standard,,,,,L_T1_GTR03_33000001,,,,24,45,53,224253222444254335553355535443300007353332200000352455400000352442255500,,00000235,,,,,,,,29,29,0,7,7,235,,532254243355523535433555242425235523233453434244255532242445,ABCCADCDBBAAACBABADBBAAACDCDCACBAACBCBBDABDBDCDDCAAABCCDCDDA,ABCCADCDBBAAACABABBDABAACDCDACBCAABCBCBDABBDCDDDACAABCCDCDAD,,,0,235,,,,,,,,,,,,,
186879,60,,,,,,,,,45,53,23,244222523330242355455220525354244007354435255000353543240000353553322400,,00000248,,,,,,,,30,30,0,5,5,248,,53225424335552353543355524242523552323345343424425553224244553,ABCCADCDBBAAACBABADBBAAACDCDCACBAACBCBBDABDBDCDDCAAABCCDCDDAAB,ABCCADCDBBAAACABABBDABAACDCDACBCAABCBCBDABBDCDDDACAABCCDCDADAB,,,0,248,,,,,L_T1_GTR___standard,,,,,L_T1_GTR03_33000001,,,,45,53,23,224253222444254335553355535443300007353332220000352455440000352442255500,,00000241,,,,,,,,30,30,0,6,6,241,,53225424335552353543355524242523552323345343424425553224244553,ABCCADCDBBAAACBABADBBAAACDCDCACBAACBCBBDABDBDCDDCAAABCCDCDDAAB,ABCCADCDBBAAACABABBDABAACDCDACBCAABCBCBDABBDCDDDACAABCCDCDADAB,,,0,241,,,,,,,,,,,,,
186905,61,,,,,,,,,45,53,23,244222523330242355455220525354244007354435255000353543240000353553322400,,00000248,,,,,,,,30,30,0,5,5,248,,53225424335552353543355524242523552323345343424425553224244553,ABCCADCDBBAAACBABADBBAAACDCDCACBAACBCBBDABDBDCDDCAAABCCDCDDAAB,ABCCADCDBBAAACABABBDABAACDCDACBCAABCBCBDABBDCDDDACAABCCDCDADAB,,,0,248,,,,,L_T1_GTR___standard,,,,,L_T1_GTR03_33000001,,,,,53,23,224253222444254335553355535443354007353332220000352455440000352442255500,,bb40abb1,,,,,,,,31,0,1,bb40abb1,40,281,,53225424335552353543355524242523552323345343424425553224244553,ABCCADCDBBAAACBABADBBAAACDCDCACBAACBCBBDABDBDCDDCAAABCCDCDDAAB,ABCCADCDBBAAACABABBDABAACDCDACBCAABCBCBDABBDCDDDACAABCCDCDADAB,,,1,281,,,,,,,,,,,,,
186929,62,,,,,,,,,53,23,44,244222523330242355455220525354244007354435255000353543245000353553322440,,00000251,,,,,,,,31,31,0,3,3,251,,5322542433555235354335552424252355232334534342442555322424455323,ABCCADCDBBAAACBABADBBAAACDCDCACBAACBCBBDABDBDCDDCAAABCCDCDDAABCB,ABCCADCDBBAAACABABBDABAACDCDACBCAABCBCBDABBDCDDDACAABCCDCDADABBC,,,0,251,,,,,L_T1_GTR___standard,,,,,L_T1_GTR03_33000001,,,,,53,23,224253222444254335553355535443354007353332220000352455440000352442255500,,bb40abb1,,,,,,,,31,0,1,bb40abb1,40,281,,53225424335552353543355524242523552323345343424425553224244553,ABCCADCDBBAAACBABADBBAAACDCDCACBAACBCBBDABDBDCDDCAAABCCDCDDAAB,ABCCADCDBBAAACABABBDABAACDCDACBCAABCBCBDABBDCDDDACAABCCDCDADAB,,,1,281,,,,,,,,,,,,,
186969,63,,,,,,,,,23,44,53,244222523330242355455220525354244007354435255000353543245000353553322445,,00000253,,,,,,,,32,32,0,2,2,253,,532254243355523535433555242425235523233453434244255532242445532344,ABCCADCDBBAAACBABADBBAAACDCDCACBAACBCBBDABDBDCDDCAAABCCDCDDAABCBDD,ABCCADCDBBAAACABABBDABAACDCDACBCAABCBCBDABBDCDDDACAABCCDCDADABBCDD,,,0,253,,,,,L_T1_GTR___standard,,,,,L_T1_GTR03_33000001,,,,,53,23,224253222444254335553355535443354007353332220000352455440000352442255500,,bb40abb1,,,,,,,,31,0,1,bb40abb1,40,281,,53225424335552353543355524242523552323345343424425553224244553,ABCCADCDBBAAACBABADBBAAACDCDCACBAACBCBBDABDBDCDDCAAABCCDCDDAAB,ABCCADCDBBAAACABABBDABAACDCDACBCAABCBCBDABBDCDDDACAABCCDCDADAB,,,1,281,,,,,,,,,,,,,
186988,64,,,,,,,,,23,44,53,244222523330242355455220525354244007354435255000353543245000353553322445,,00000253,,,,,,,,32,32,0,2,2,253,,532254243355523535433555242425235523233453434244255532242445532344,ABCCADCDBBAAACBABADBBAAACDCDCACBAACBCBBDABDBDCDDCAAABCCDCDDAABCBDD,ABCCADCDBBAAACABABBDABAACDCDACBCAABCBCBDABBDCDDDACAABCCDCDADABBCDD,,,0,253,,,,,L_T1_GTR___standard,,,,,L_T1_GTR03_33000001,,,,,53,23,224253222444254333355200535443340007353332220000352455440000352442255500,,bb70ab12,,,,,,,,32,0,2,bb70ab12,840,1121,,53225424335552353543355524242523552323345343424425553224244553,ABCCADCDBBAAACBABADBBAAACDCDCACBAACBCBBDABDBDCDDCAAABCCDCDDAAB,ABCCADCDBBAAACABABBDABAACDCDACBCAABCBCBDABBDCDDDACAABCCDCDADAB,,,2,1121,,,,,,,,,,,,,
187003,65,,,,,,,,,44,53,35,244222523330242355455220525354244307354435255200353543245000353553322445,,00000257,,,,,,,,33,33,0,4,4,257,,53225424335552353543355524242523552323345343424425553224244553234453,ABCCADCDBBAAACBABADBBAAACDCDCACBAACBCBBDABDBDCDDCAAABCCDCDDAABCBDDAB,ABCCADCDBBAAACABABBDABAACDCDACBCAABCBCBDABBDCDDDACAABCCDCDADABBCDDAB,,,0,257,,,,,L_T1_GTR___standard,,,,,L_T1_GTR03_33000001,,,,,53,23,224253222444254333355200535443340007353332220000352455440000352442255500,,bb70ab12,,,,,,,,32,0,2,bb70ab12,840,1121,,53225424335552353543355524242523552323345343424425553224244553,ABCCADCDBBAAACBABADBBAAACDCDCACBAACBCBBDABDBDCDDCAAABCCDCDDAAB,ABCCADCDBBAAACABABBDABAACDCDACBCAABCBCBDABBDCDDDACAABCCDCDADAB,,,2,1121,,,,,,,,,,,,,
187037,66,,,,,,,,,53,35,25,244222523334242355455220525354244307354435255200353543245000353553322445,,00000259,,,,,,,,34,34,0,2,2,259,,5322542433555235354335552424252355232334534342442555322424455323445335,ABCCADCDBBAAACBABADBBAAACDCDCACBAACBCBBDABDBDCDDCAAABCCDCDDAABCBDDABBA,ABCCADCDBBAAACABABBDABAACDCDACBCAABCBCBDABBDCDDDACAABCCDCDADABBCDDABAB,,,0,259,,,,,L_T1_GTR___standard,,,,,L_T1_GTR03_33000001,,,,,53,23,224253222444254333355200535443340007353332220000352455440000352442255500,,bb70ab12,,,,,,,,32,0,2,bb70ab12,840,1121,,53225424335552353543355524242523552323345343424425553224244553,ABCCADCDBBAAACBABADBBAAACDCDCACBAACBCBBDABDBDCDDCAAABCCDCDDAAB,ABCCADCDBBAAACABABBDABAACDCDACBCAABCBCBDABBDCDDDACAABCCDCDADAB,,,2,1121,,,,,,,,,,,,,
187073,67,,,,,,,,,,35,25,244222523334242355455220525354244307354435255200353543245530353553322445,,bb40abb1,,,,,,,,35,0,1,bb40abb1,40,299,,5322542433555235354335552424252355232334534342442555322424455323445335,ABCCADCDBBAAACBABADBBAAACDCDCACBAACBCBBDABDBDCDDCAAABCCDCDDAABCBDDABBA,ABCCADCDBBAAACABABBDABAACDCDACBCAABCBCBDABBDCDDDACAABCCDCDADABBCDDABAB,,,1,299,,,,,L_T1_GTR___standard,,,,,L_T1_GTR03_33000001,,,,,53,23,224253222444254333355200535443340007353332220000352455440000352442255500,,bb70ab12,,,,,,,,32,0,2,bb70ab12,840,1121,,53225424335552353543355524242523552323345343424425553224244553,ABCCADCDBBAAACBABADBBAAACDCDCACBAACBCBBDABDBDCDDCAAABCCDCDDAAB,ABCCADCDBBAAACABABBDABAACDCDACBCAABCBCBDABBDCDDDACAABCCDCDADAB,,,2,1121,,,,,,,,,,,,,
187075,68,,,,,,,,,,35,25,244222523334242355455220525354244307354435255200353543245530353553322445,,bb40abb1,,,,,,,,35,0,1,bb40abb1,40,299,,5322542433555235354335552424252355232334534342442555322424455323445335,ABCCADCDBBAAACBABADBBAAACDCDCACBAACBCBBDABDBDCDDCAAABCCDCDDAABCBDDABBA,ABCCADCDBBAAACABABBDABAACDCDACBCAABCBCBDABBDCDDDACAABCCDCDADABBCDDABAB,,,1,299,,,,,L_T1_GTR___standard,,,,,L_T1_GTR03_33000001,,,,,53,23,224252224440254552000000535444000007353332220000352455440000352442255500,,bb40ab16,,,,,,,,33,0,3,bb40ab16,640,1761,,53225424335552353543355524242523552323345343424425553224244553,ABCCADCDBBAAACBABADBBAAACDCDCACBAACBCBBDABDBDCDDCAAABCCDCDDAAB,ABCCADCDBBAAACABABBDABAACDCDACBCAABCBCBDABBDCDDDACAABCCDCDADAB,,,3,1761,,,,,,,,,,,,,
187154,69,,,,,,,,,,35,25,244222523334242355455220525354244307354435220000353543243000353553322445,,bb40abb8,,,,,,,,36,0,2,bb40abb8,320,619,,5322542433555235354335552424252355232334534342442555322424455323445335,ABCCADCDBBAAACBABADBBAAACDCDCACBAACBCBBDABDBDCDDCAAABCCDCDDAABCBDDABBA,ABCCADCDBBAAACABABBDABAACDCDACBCAABCBCBDABBDCDDDACAABCCDCDADABBCDDABAB,,,2,619,,,,,L_T1_GTR___standard,,,,,L_T1_GTR03_33000001,,,,,53,23,224252224440254552000000535444000007353332220000352455440000352442255500,,bb40ab16,,,,,,,,33,0,3,bb40ab16,640,1761,,53225424335552353543355524242523552323345343424425553224244553,ABCCADCDBBAAACBABADBBAAACDCDCACBAACBCBBDABDBDCDDCAAABCCDCDDAAB,ABCCADCDBBAAACABABBDABAACDCDACBCAABCBCBDABBDCDDDACAABCCDCDADAB,,,3,1761,,,,,,,,,,,,,
187169,70,,,,,,,,,,35,25,244222523334242355455220525354244307354435220000353543243000353553322445,,bb40abb8,,,,,,,,36,0,2,bb40abb8,320,619,,5322542433555235354335552424252355232334534342442555322424455323445335,ABCCADCDBBAAACBABADBBAAACDCDCACBAACBCBBDABDBDCDDCAAABCCDCDDAABCBDDABBA,ABCCADCDBBAAACABABBDABAACDCDACBCAABCBCBDABBDCDDDACAABCCDCDADABBCDDABAB,,,2,619,,,,,L_T1_GTR___standard,,,,,L_T1_GTR03_33000001,,,,53,23,44,224254440000254550000000535444000007353332220000352455440000352442255500,,00001766,,,,,,,,34,1,0,5,5,1766,,5322542433555235354335552424252355232334534342442555322424455323,ABCCADCDBBAAACBABADBBAAACDCDCACBAACBCBBDABDBDCDDCAAABCCDCDDAABCB,ABCCADCDBBAAACABABBDABAACDCDACBCAABCBCBDABBDCDDDACAABCCDCDADABBC,,,3,1766,,,,,,,,,,,,,
187236,71,,,,,,,,,,35,25,244222523334242355455220525354244307354435220000353543243000353553322445,,bb40abb8,,,,,,,,36,0,2,bb40abb8,320,619,,5322542433555235354335552424252355232334534342442555322424455323445335,ABCCADCDBBAAACBABADBBAAACDCDCACBAACBCBBDABDBDCDDCAAABCCDCDDAABCBDDABBA,ABCCADCDBBAAACABABBDABAACDCDACBCAABCBCBDABBDCDDDACAABCCDCDADABBCDDABAB,,,2,619,,,,,L_T1_GTR___standard,,,,,L_T1_GTR03_33000001,,,,23,44,53,224254440000254550000000535444300007353332225000352455440000352442255500,,00001771,,,,,,,,35,2,0,5,5,1771,,532254243355523535433555242425235523233453434244255532242445532344,ABCCADCDBBAAACBABADBBAAACDCDCACBAACBCBBDABDBDCDDCAAABCCDCDDAABCBDD,ABCCADCDBBAAACABABBDABAACDCDACBCAABCBCBDABBDCDDDACAABCCDCDADABBCDD,,,3,1771,,,,,,,,,,,,,
187241,72,,,,,,,,,,35,25,244222523334242355455220525354443007354435000000353543430000353553322445,,bb40ab16,,,,,,,,37,0,3,bb40ab16,640,1259,,5322542433555235354335552424252355232334534342442555322424455323445335,ABCCADCDBBAAACBABADBBAAACDCDCACBAACBCBBDABDBDCDDCAAABCCDCDDAABCBDDABBA,ABCCADCDBBAAACABABBDABAACDCDACBCAABCBCBDABBDCDDDACAABCCDCDADABBCDDABAB,,,3,1259,,,,,L_T1_GTR___standard,,,,,L_T1_GTR03_33000001,,,,23,44,53,224254440000254550000000535444300007353332225000352455440000352442255500,,00001771,,,,,,,,35,2,0,5,5,1771,,532254243355523535433555242425235523233453434244255532242445532344,ABCCADCDBBAAACBABADBBAAACDCDCACBAACBCBBDABDBDCDDCAAABCCDCDDAABCBDD,ABCCADCDBBAAACABABBDABAACDCDACBCAABCBCBDABBDCDDDACAABCCDCDADABBCDD,,,3,1771,,,,,,,,,,,,,
187270,73,,,,,,,,,,35,25,244222523334242355455220525354443007354435000000353543430000353553322445,,bb40ab16,,,,,,,,37,0,3,bb40ab16,640,1259,,5322542433555235354335552424252355232334534342442555322424455323445335,ABCCADCDBBAAACBABADBBAAACDCDCACBAACBCBBDABDBDCDDCAAABCCDCDDAABCBDDABBA,ABCCADCDBBAAACABABBDABAACDCDACBCAABCBCBDABBDCDDDACAABCCDCDADABBCDDABAB,,,3,1259,,,,,L_T1_GTR___standard,,,,,L_T1_GTR03_33000001,,,,44,53,35,224254440000254550000000535444332007353332225000352455440000352442255500,,00001776,,,,,,,,36,3,0,5,5,1776,,53225424335552353543355524242523552323345343424425553224244553234453,ABCCADCDBBAAACBABADBBAAACDCDCACBAACBCBBDABDBDCDDCAAABCCDCDDAABCBDDAB,ABCCADCDBBAAACABABBDABAACDCDACBCAABCBCBDABBDCDDDACAABCCDCDADABBCDDAB,,,3,1776,,,,,,,,,,,,,
187296,74,,,,,,,,,,35,25,244222523334242355455220525354443007354435000000353543430000353553322445,,bb40ab16,,,,,,,,37,0,3,bb40ab16,640,1259,,5322542433555235354335552424252355232334534342442555322424455323445335,ABCCADCDBBAAACBABADBBAAACDCDCACBAACBCBBDABDBDCDDCAAABCCDCDDAABCBDDABBA,ABCCADCDBBAAACABABBDABAACDCDACBCAABCBCBDABBDCDDDACAABCCDCDADABBCDDABAB,,,3,1259,,,,,L_T1_GTR___standard,,,,,L_T1_GTR03_33000001,,,,,53,35,224254444400254550000000535444332007353332225000352455440000352442255500,,bb50abb2,,,,,,,,37,0,1,bb50abb2,100,1876,,53225424335552353543355524242523552323345343424425553224244553234453,ABCCADCDBBAAACBABADBBAAACDCDCACBAACBCBBDABDBDCDDCAAABCCDCDDAABCBDDAB,ABCCADCDBBAAACABABBDABAACDCDACBCAABCBCBDABBDCDDDACAABCCDCDADABBCDDAB,,,3,1876,,,,,,,,,,,,,
187325,75,,,,,,,,,,35,25,244222523334242355552200525353000007354435000000353543430000353553322445,,bb60ab35,,,,,,,,38,0,4,bb60ab35,2100,3359,,5322542433555235354335552424252355232334534342442555322424455323445335,ABCCADCDBBAAACBABADBBAAACDCDCACBAACBCBBDABDBDCDDCAAABCCDCDDAABCBDDABBA,ABCCADCDBBAAACABABBDABAACDCDACBCAABCBCBDABBDCDDDACAABCCDCDADABBCDDABAB,,,4,3359,,,,,L_T1_GTR___standard,,,,,L_T1_GTR03_33000001,,,,,53,35,224254444400254550000000535444332007353332225000352455440000352442255500,,bb50abb2,,,,,,,,37,0,1,bb50abb2,100,1876,,53225424335552353543355524242523552323345343424425553224244553234453,ABCCADCDBBAAACBABADBBAAACDCDCACBAACBCBBDABDBDCDDCAAABCCDCDDAABCBDDAB,ABCCADCDBBAAACABABBDABAACDCDACBCAABCBCBDABBDCDDDACAABCCDCDADABBCDDAB,,,3,1876,,,,,,,,,,,,,
187361,76,,,,,,,,,,35,25,244222523334242355552200525353000007354435000000353543430000353553322445,,bb60ab35,,,,,,,,38,0,4,bb60ab35,2100,3359,,5322542433555235354335552424252355232334534342442555322424455323445335,ABCCADCDBBAAACBABADBBAAACDCDCACBAACBCBBDABDBDCDDCAAABCCDCDDAABCBDDABBA,ABCCADCDBBAAACABABBDABAACDCDACBCAABCBCBDABBDCDDDACAABCCDCDADABBCDDABAB,,,4,3359,,,,,L_T1_GTR___standard,,,,,L_T1_GTR03_33000001,,,,53,35,25,224250000000254550000000535444332007353332225000352455440000352442255500,,00001880,,,,,,,,38,1,0,4,4,1880,,5322542433555235354335552424252355232334534342442555322424455323445335,ABCCADCDBBAAACBABADBBAAACDCDCACBAACBCBBDABDBDCDDCAAABCCDCDDAABCBDDABBA,ABCCADCDBBAAACABABBDABAACDCDACBCAABCBCBDABBDCDDDACAABCCDCDADABBCDDABAB,,,3,1880,,,,,,,,,,,,,
187404,77,,,,,,,,,,35,25,244222523334242355552200525353000007354435000000353543430000353553322445,,bb60ab35,,,,,,,,38,0,4,bb60ab35,2100,3359,,5322542433555235354335552424252355232334534342442555322424455323445335,ABCCADCDBBAAACBABADBBAAACDCDCACBAACBCBBDABDBDCDDCAAABCCDCDDAABCBDDABBA,ABCCADCDBBAAACABABBDABAACDCDACBCAABCBCBDABBDCDDDACAABCCDCDADABBCDDABAB,,,4,3359,,,,,L_T1_GTR___standard,,,,,L_T1_GTR03_33000001,,,,35,25,24,224253500000254550000000535444332007353332225000352455440000352442255500,,00001887,,,,,,,,39,2,0,7,7,1887,,532254243355523535433555242425235523233453434244255532242445532344533525,ABCCADCDBBAAACBABADBBAAACDCDCACBAACBCBBDABDBDCDDCAAABCCDCDDAABCBDDABBACA,ABCCADCDBBAAACABABBDABAACDCDACBCAABCBCBDABBDCDDDACAABCCDCDADABBCDDABABAC,,,3,1887,,,,,,,,,,,,,
187410,78,,,,,,,,,,35,25,244222233344242322000000525330000007354435000000353543430000353553322445,,b100ab70,,,,,,,,39,0,5,b100ab70,7000,10359,,5322542433555235354335552424252355232334534342442555322424455323445335,ABCCADCDBBAAACBABADBBAAACDCDCACBAACBCBBDABDBDCDDCAAABCCDCDDAABCBDDABBA,ABCCADCDBBAAACABABBDABAACDCDACBCAABCBCBDABBDCDDDACAABCCDCDADABBCDDABAB,,,5,10359,,,,,L_T1_GTR___standard,,,,,L_T1_GTR03_33000001,,,,35,25,24,224253500000254550000000535444332007353332225000352455440000352442255500,,00001887,,,,,,,,39,2,0,7,7,1887,,532254243355523535433555242425235523233453434244255532242445532344533525,ABCCADCDBBAAACBABADBBAAACDCDCACBAACBCBBDABDBDCDDCAAABCCDCDDAABCBDDABBACA,ABCCADCDBBAAACABABBDABAACDCDACBCAABCBCBDABBDCDDDACAABCCDCDADABBCDDABABAC,,,3,1887,,,,,,,,,,,,,
187465,79,,,,,,,,,,35,25,244222233344242322000000525330000007354435000000353543430000353553322445,,b100ab70,,,,,,,,39,0,5,b100ab70,7000,10359,,5322542433555235354335552424252355232334534342442555322424455323445335,ABCCADCDBBAAACBABADBBAAACDCDCACBAACBCBBDABDBDCDDCAAABCCDCDDAABCBDDABBA,ABCCADCDBBAAACABABBDABAACDCDACBCAABCBCBDABBDCDDDACAABCCDCDADABBCDDABAB,,,5,10359,,,,,L_T1_GTR___standard,,,,,L_T1_GTR03_33000001,,,,25,24,45,224253000000254553000000535444332007353332225000352455440000352442255500,,00001893,,,,,,,,40,3,0,6,6,1893,,53225424335552353543355524242523552323345343424425553224244553234453352524,ABCCADCDBBAAACBABADBBAAACDCDCACBAACBCBBDABDBDCDDCAAABCCDCDDAABCBDDABBACACD,ABCCADCDBBAAACABABBDABAACDCDACBCAABCBCBDABBDCDDDACAABCCDCDADABBCDDABABACCD,,,3,1893,,,,,,,,,,,,,
187499,80,,,,,,,,,,35,25,244222233344242322000000525330000007354435000000353543430000353553322445,,b100ab70,,,,,,,,39,0,5,b100ab70,7000,10359,,5322542433555235354335552424252355232334534342442555322424455323445335,ABCCADCDBBAAACBABADBBAAACDCDCACBAACBCBBDABDBDCDDCAAABCCDCDDAABCBDDABBA,ABCCADCDBBAAACABABBDABAACDCDACBCAABCBCBDABBDCDDDACAABCCDCDADABBCDDABAB,,,5,10359,,,,,L_T1_GTR___standard,,,,,L_T1_GTR03_33000001,,,,24,45,25,224253550000254553000000535444332207353332225500352455440000352442255500,,00001897,,,,,,,,41,4,0,4,4,1897,,5322542433555235354335552424252355232334534342442555322424455323445335252445,ABCCADCDBBAAACBABADBBAAACDCDCACBAACBCBBDABDBDCDDCAAABCCDCDDAABCBDDABBACACDDA,ABCCADCDBBAAACABABBDABAACDCDACBCAABCBCBDABBDCDDDACAABCCDCDADABBCDDABABACCDAD,,,3,1897,,,,,,,,,,,,,
187508,81,,,,,,,,,35,25,24,244333440000242000000000525000000007354450000000353543430000353553322445,,00010363,,,,,,,,40,1,0,4,4,10363,,532254243355523535433555242425235523233453434244255532242445532344533525,ABCCADCDBBAAACBABADBBAAACDCDCACBAACBCBBDABDBDCDDCAAABCCDCDDAABCBDDABBACA,ABCCADCDBBAAACABABBDABAACDCDACBCAABCBCBDABBDCDDDACAABCCDCDADABBCDDABABAC,,,5,10363,,,,,L_T1_GTR___standard,,,,,L_T1_GTR03_33000001,,,,24,45,25,224253550000254553000000535444332207353332225500352455440000352442255500,,00001897,,,,,,,,41,4,0,4,4,1897,,5322542433555235354335552424252355232334534342442555322424455323445335252445,ABCCADCDBBAAACBABADBBAAACDCDCACBAACBCBBDABDBDCDDCAAABCCDCDDAABCBDDABBACACDDA,ABCCADCDBBAAACABABBDABAACDCDACBCAABCBCBDABBDCDDDACAABCCDCDADABBCDDABABACCDAD,,,3,1897,,,,,,,,,,,,,
187548,82,,,,,,,,,25,24,45,244333440000242000000000525000000007354455300000353543430000353553322445,,00010370,,,,,,,,41,2,0,7,7,10370,,53225424335552353543355524242523552323345343424425553224244553234453352524,ABCCADCDBBAAACBABADBBAAACDCDCACBAACBCBBDABDBDCDDCAAABCCDCDDAABCBDDABBACACD,ABCCADCDBBAAACABABBDABAACDCDACBCAABCBCBDABBDCDDDACAABCCDCDADABBCDDABABACCD,,,5,10370,,,,,L_T1_GTR___standard,,,,,L_T1_GTR03_33000001,,,,24,45,25,224253550000254553000000535444332207353332225500352455440000352442255500,,00001897,,,,,,,,41,4,0,4,4,1897,,5322542433555235354335552424252355232334534342442555322424455323445335252445,ABCCADCDBBAAACBABADBBAAACDCDCACBAACBCBBDABDBDCDDCAAABCCDCDDAABCBDDABBACACDDA,ABCCADCDBBAAACABABBDABAACDCDACBCAABCBCBDABBDCDDDACAABCCDCDADABBCDDABABACCDAD,,,3,1897,,,,,,,,,,,,,
187590,84,,,,,,,,,25,24,45,244333440000242000000000525000000007354455300000353543430000353553322445,,00010370,,,,,,,,41,2,0,7,7,10370,,53225424335552353543355524242523552323345343424425553224244553234453352524,ABCCADCDBBAAACBABADBBAAACDCDCACBAACBCBBDABDBDCDDCAAABCCDCDDAABCBDDABBACACD,ABCCADCDBBAAACABABBDABAACDCDACBCAABCBCBDABBDCDDDACAABCCDCDADABBCDDABABACCD,,,5,10370,,,,,L_T1_GTR___standard,,,,,L_T1_GTR03_33000001,,,,,45,25,224253556666254553666660535444332266353332225524352455446666352442255566,,00001900,,,,,lose,,,42,4,0,3,3,1900,,5322542433555235354335552424252355232334534342442555322424455323445335252445,ABCCADCDBBAAACBABADBBAAACDCDCACBAACBCBBDABDBDCDDCAAABCCDCDDAABCBDDABBACACDDA,ABCCADCDBBAAACABABBDABAACDCDACBCAABCBCBDABBDCDDDACAABCCDCDADABBCDDABABACCDAD,,,3,1900,,,,,,,,,,,,,
187592,83,,,,,,,,,24,45,25,244333440000242000000000525250000007354455300000353543430000353553322445,,00010380,,,,,,,,42,3,0,10,10,10380,,5322542433555235354335552424252355232334534342442555322424455323445335252445,ABCCADCDBBAAACBABADBBAAACDCDCACBAACBCBBDABDBDCDDCAAABCCDCDDAABCBDDABBACACDDA,ABCCADCDBBAAACABABBDABAACDCDACBCAABCBCBDABBDCDDDACAABCCDCDADABBCDDABABACCDAD,,,5,10380,,,,,L_T1_GTR___standard,,,,,L_T1_GTR03_33000001,,,,,45,25,224253556666254553666660535444332266353332225524352455446666352442255566,,00001900,,,,,lose,,,42,4,0,3,3,1900,,5322542433555235354335552424252355232334534342442555322424455323445335252445,ABCCADCDBBAAACBABADBBAAACDCDCACBAACBCBBDABDBDCDDCAAABCCDCDDAABCBDDABBACACDDA,ABCCADCDBBAAACABABBDABAACDCDACBCAABCBCBDABBDCDDDACAABCCDCDADABBCDDABABACCDAD,,,3,1900,,,,,,,,,,,,,
187600,84,,,,,,,,,,45,25,244333440000242000000000525250000407354455300000353543430000353553322445,,00010383,,,,,win,,,43,3,0,3,3,10383,,5322542433555235354335552424252355232334534342442555322424455323445335252445,ABCCADCDBBAAACBABADBBAAACDCDCACBAACBCBBDABDBDCDDCAAABCCDCDDAABCBDDABBACACDDA,ABCCADCDBBAAACABABBDABAACDCDACBCAABCBCBDABBDCDDDACAABCCDCDADABBCDDABABACCDAD,,,5,10383,,,,,L_T1_GTR___standard,,,,,L_T1_GTR03_33000001,,,,,45,25,224253556666254553666660535444332266353332225524352455446666352442255566,,00001900,,,,,lose,,,42,4,0,3,3,1900,,5322542433555235354335552424252355232334534342442555322424455323445335252445,ABCCADCDBBAAACBABADBBAAACDCDCACBAACBCBBDABDBDCDDCAAABCCDCDDAABCBDDABBACACDDA,ABCCADCDBBAAACABABBDABAACDCDACBCAABCBCBDABBDCDDDACAABCCDCDADABBCDDABABACCDAD,,,3,1900,,,,,,,,,,,,,
