187851,0,,,,,,,,,,44,42,000000000000000000000000000000000007000000000000000000000000000000000000,000000,00000000,,,,,,,,0,0,0,0,0,0,,44,AA,AA,,,0,0,,,,,,,,,,,,,,,44,42,000000000000000000000000000000000007000000000000000000000000000000000000,000000,00000000,,,,,,,,0,0,0,0,0,0,,44,AA,AA,,,0,0,,,,,,,,,,,,,
188002,2,,,,,,,,,44,42,52,000000000000000000000000000000000007000000000000000000000000000000000000,,00000000,,,,,,,,1,1,0,0,0,0,,4442,AAAB,AAAB,,,0,0,,,,,,,,,,,,,,44,42,52,000000000000000000000000000000000007000000000000000000000000000000000000,,00000000,,,,,,,,1,1,0,0,0,0,,4442,AAAB,AAAB,,,0,0,,,,,,,,,,,,,
188052,3,,,,,,,,,42,52,32,400000000000400000000000000000000007000000000000000000000000000000000000,,00000013,,,,,,,,2,2,0,13,13,13,,444252,AAABCB,AAABBC,,,0,13,,,,,,,,,,,,,,44,42,52,000000000000000000000000000000000007000000000000000000000000000000000000,,00000000,,,,,,,,1,1,0,0,0,0,,4442,AAAB,AAAB,,,0,0,,,,,,,,,,,,,
188055,4,,,,,,,,,42,52,32,400000000000400000000000000000000007000000000000000000000000000000000000,,00000013,,,,,,,,2,2,0,13,13,13,,444252,AAABCB,AAABBC,,,0,13,,,,,,,,,,,,,,42,52,32,400000000000400000000000000000000007000000000000000000000000000000000000,,00000013,,,,,,,,2,2,0,13,13,13,,444252,AAABCB,AAABBC,,,0,13,,,,,,,,,,,,,
188100,5,,,,,,,,,52,32,54,400000000000400000000000240000000007000000000000000000000000000000000000,,00000025,,,,,,,,3,3,0,12,12,25,,44425232,AAABCBDB,AAABBCBD,,,0,25,,,,,,,,,,,,,,42,52,32,400000000000400000000000000000000007000000000000000000000000000000000000,,00000013,,,,,,,,2,2,0,13,13,13,,444252,AAABCB,AAABBC,,,0,13,,,,,,,,,,,,,
188103,6,,,,,,,,,52,32,54,400000000000400000000000240000000007000000000000000000000000000000000000,,00000025,,,,,,,,3,3,0,12,12,25,,44425232,AAABCBDB,AAABBCBD,,,0,25,,,,,,,,,,,,,,52,32,54,400000000000400000000000240000000007000000000000000000000000000000000000,,00000025,,,,,,,,3,3,0,12,12,25,,44425232,AAABCBDB,AAABBCBD,,,0,25,,,,,,,,,,,,,
188152,7,,,,,,,,,32,54,52,400000000000400000000000240000000007520000000000000000000000000000000000,,00000038,,,,,,,,4,4,0,13,13,38,,4442523254,AAABCBDBCA,AAABBCBDAC,,,0,38,,,,,,,,,,L_T1_GTR03_32100001,,,,52,32,54,400000000000400000000000240000000007000000000000000000000000000000000000,,00000025,,,,,,,,3,3,0,12,12,25,,44425232,AAABCBDB,AAABBCBD,,,0,25,,,,,,,,,,,,,
188154,8,,,,,,,,,32,54,52,400000000000400000000000240000000007520000000000000000000000000000000000,,00000038,,,,,,,,4,4,0,13,13,38,,4442523254,AAABCBDBCA,AAABBCBDAC,,,0,38,,,,,,,,,,L_T1_GTR03_32100001,,,,32,54,52,400000000000400000000000240000000007520000000000000000000000000000000000,,00000038,,,,,,,,4,4,0,13,13,38,,4442523254,AAABCBDBCA,AAABBCBDAC,,,0,38,,,,,,,,,,L_T1_GTR03_32100001,,,
188198,9,,,,,,,,,54,52,45,400000000000400000000000242300000007520000000000000000000000000000000000,,00000048,,,,,,,,5,5,0,10,10,48,,444252325452,AAABCBDBCACB,AAABBCBDACBC,,,0,48,,,,,,,,,,L_T1_GTR03_32100001,,,,32,54,52,400000000000400000000000240000000007520000000000000000000000000000000000,,00000038,,,,,,,,4,4,0,13,13,38,,4442523254,AAABCBDBCA,AAABBCBDAC,,,0,38,,,,,,,,,,L_T1_GTR03_32100001,,,
188202,10,,,,,,,,,54,52,45,400000000000400000000000242300000007520000000000000000000000000000000000,,00000048,,,,,,,,5,5,0,10,10,48,,444252325452,AAABCBDBCACB,AAABBCBDACBC,,,0,48,,,,,,,,,,L_T1_GTR03_32100001,,,,54,52,45,400000000000400000000000242000000007523000000000000000000000000000000000,,00000049,,,,,,,,5,5,0,11,11,49,,444252325452,AAABCBDBCACB,AAABBCBDACBC,,,0,49,,,,,,,,,,L_T1_GTR03_32100001,,,
188253,11,,,,,,,,,52,45,35,400000000000400000000000242300000007520000000000500000000000400000000000,,00000061,,,,,,,,6,6,0,13,13,61,,44425232545245,AAABCBDBCACBAC,AAABBCBDACBCAC,,,0,61,,,,,,,,,,,,,,54,52,45,400000000000400000000000242000000007523000000000000000000000000000000000,,00000049,,,,,,,,5,5,0,11,11,49,,444252325452,AAABCBDBCACB,AAABBCBDACBC,,,0,49,,,,,,,,,,L_T1_GTR03_32100001,,,
188256,12,,,,,,,,,52,45,35,400000000000400000000000242300000007520000000000500000000000400000000000,,00000061,,,,,,,,6,6,0,13,13,61,,44425232545245,AAABCBDBCACBAC,AAABBCBDACBCAC,,,0,61,,,,,,,,,,,,,,52,45,35,400000000000400000000000242000000007523000000000500000000000400000000000,,00000062,,,,,,,,6,6,0,13,13,62,,44425232545245,AAABCBDBCACBAC,AAABBCBDACBCAC,,,0,62,,,,,,,,,,,,,
188306,14,,,,,,,,,45,35,44,400000000000400000000000242300000007520000000000520000000000450000000000,,00000073,,,,,,,,7,7,0,12,12,73,,4442523254524535,AAABCBDBCACBACDC,AAABBCBDACBCACCD,,,0,73,,,,,,,,,,,,,,45,35,44,400000000000400000000000242000000007523000000000525000000000400000000000,,00000073,,,,,,,,7,7,0,11,11,73,,4442523254524535,AAABCBDBCACBACDC,AAABBCBDACBCACCD,,,0,73,,,,,,,,,,,,,
188354,15,,,,,,,,,45,35,44,400000000000400000000000242300000007520000000000520000000000450000000000,,00000073,,,,,,,,7,7,0,12,12,73,,4442523254524535,AAABCBDBCACBACDC,AAABBCBDACBCACCD,,,0,73,,,,,,,,,,,,,,35,44,45,400000000000454000000000242000000007523000000000525000000000400000000000,,00000084,,,,,,,,8,8,0,11,11,84,,444252325452453544,AAABCBDBCACBACDCAA,AAABBCBDACBCACCDAA,,,0,84,,,,,,,,,,L_T1_GTR03_41100001,,,
188358,16,,,,,,,,,35,44,45,400000000000400000000000242300000007520000000000525000000000454000000000,,00000084,,,,,,,,8,8,0,11,11,84,,444252325452453544,AAABCBDBCACBACDCAA,AAABBCBDACBCACCDAA,,,0,84,,,,,,,,,,,,,,35,44,45,400000000000454000000000242000000007523000000000525000000000400000000000,,00000084,,,,,,,,8,8,0,11,11,84,,444252325452453544,AAABCBDBCACBACDCAA,AAABBCBDACBCACCDAA,,,0,84,,,,,,,,,,L_T1_GTR03_41100001,,,
188401,17,,,,,,,,,44,45,45,400000000000400000000000242335000007520000000000525000000000454000000000,,00000093,,,,,,,,9,9,0,9,9,93,,44425232545245354445,AAABCBDBCACBACDCAAAC,AAABBCBDACBCACCDAAAC,,,0,93,,,,,,,,,,,,,,35,44,45,400000000000454000000000242000000007523000000000525000000000400000000000,,00000084,,,,,,,,8,8,0,11,11,84,,444252325452453544,AAABCBDBCACBACDCAA,AAABBCBDACBCACCDAA,,,0,84,,,,,,,,,,L_T1_GTR03_41100001,,,
188427,18,,,,,,,,,44,45,45,400000000000400000000000242335000007520000000000525000000000454000000000,,00000093,,,,,,,,9,9,0,9,9,93,,44425232545245354445,AAABCBDBCACBACDCAAAC,AAABBCBDACBCACCDAAAC,,,0,93,,,,,,,,,,,,,,44,45,45,400000000000454000000000242000000007523000000000525300000000450000000000,,00000094,,,,,,,,9,9,0,10,10,94,,44425232545245354445,AAABCBDBCACBACDCAAAC,AAABBCBDACBCACCDAAAC,,,0,94,,,,,,,,,,L_T1_GTR03_41100001,,,
188450,19,,,,,,,,,45,45,34,400000000000400000000000242335000007520000000000525400000000454400000000,,0000010a,,,,,,,,10,10,0,9,9,93,,4442523254524535444545,AAABCBDBCACBACDCAAACAC,AAABBCBDACBCACCDAAACAC,,,0,93,,,,,,,,,,,,,,44,45,45,400000000000454000000000242000000007523000000000525300000000450000000000,,00000094,,,,,,,,9,9,0,10,10,94,,44425232545245354445,AAABCBDBCACBACDCAAAC,AAABBCBDACBCACCDAAAC,,,0,94,,,,,,,,,,L_T1_GTR03_41100001,,,
188476,20,,,,,,,,,45,45,34,400000000000400000000000242335000007520000000000525400000000454400000000,,0000010a,,,,,,,,10,10,0,9,9,93,,4442523254524535444545,AAABCBDBCACBACDCAAACAC,AAABBCBDACBCACCDAAACAC,,,0,93,,,,,,,,,,,,,,45,45,34,400000000000454000000000242000000007523000000000525300000000454400000000,,00000104,,,,,,,,10,10,0,10,10,104,,4442523254524535444545,AAABCBDBCACBACDCAAACAC,AAABBCBDACBCACCDAAACAC,,,0,104,,,,,,,,,,L_T1_GTR03_41100001,,,
188501,21,,,,,,,,,45,34,53,400000000000400000000000242335000007524500000000525400000000454400000000,,00000115,,,,,,,,11,11,0,22,22,115,,444252325452453544454534,AAABCBDBCACBACDCAAACACDA,AAABBCBDACBCACCDAAACACAD,,,0,115,,,,,,,,,,,,,,45,45,34,400000000000454000000000242000000007523000000000525300000000454400000000,,00000104,,,,,,,,10,10,0,10,10,104,,4442523254524535444545,AAABCBDBCACBACDCAAACAC,AAABBCBDACBCACCDAAACAC,,,0,104,,,,,,,,,,L_T1_GTR03_41100001,,,
188524,22,,,,,,,,,45,34,53,400000000000400000000000242335000007524500000000525400000000454400000000,,00000115,,,,,,,,11,11,0,22,22,115,,444252325452453544454534,AAABCBDBCACBACDCAAACACDA,AAABBCBDACBCACCDAAACACAD,,,0,115,,,,,,,,,,,,,,45,34,53,400000000000454000000000242000000007523000000000525350000000454440000000,,00000113,,,,,,,,11,11,0,9,9,113,,444252325452453544454534,AAABCBDBCACBACDCAAACACDA,AAABBCBDACBCACCDAAACACAD,,,0,113,,,,,,,,,,L_T1_GTR03_41100001,,,
188546,23,,,,,,,,,34,53,54,400000000000454000000000242335000007524500000000525400000000454400000000,,00000125,,,,,,,,12,12,0,10,10,125,,44425232545245354445453453,AAABCBDBCACBACDCAAACACDACD,AAABBCBDACBCACCDAAACACADCD,,,0,125,,,,,,,,,,L_T1_GTR03_41100001,,,,45,34,53,400000000000454000000000242000000007523000000000525350000000454440000000,,00000113,,,,,,,,11,11,0,9,9,113,,444252325452453544454534,AAABCBDBCACBACDCAAACACDA,AAABBCBDACBCACCDAAACACAD,,,0,113,,,,,,,,,,L_T1_GTR03_41100001,,,
188595,25,,,,,,,,,53,54,24,400000000000454000000000242335000007524500000000525400000000454434000000,,00000134,,,,,,,,13,13,0,9,9,134,,4442523254524535444545345354,AAABCBDBCACBACDCAAACACDACDCA,AAABBCBDACBCACCDAAACACADCDAC,,,0,134,,,,,,,,,,L_T1_GTR03_41100001,,,,34,53,54,450000000000454400000000242000000007523000000000525350000000454440000000,,00000123,,,,,,,,12,12,0,10,10,123,,44425232545245354445453453,AAABCBDBCACBACDCAAACACDACD,AAABBCBDACBCACCDAAACACADCD,,,0,123,,,,,,,,,,,,,
188639,27,,,,,,,,,54,24,55,400000000000454000000000242335000007524550000000525430000000454434000000,,00000143,,,,,,,,14,14,0,9,9,143,,444252325452453544454534535424,AAABCBDBCACBACDCAAACACDACDCABA,AAABBCBDACBCACCDAAACACADCDACAB,,,0,143,,,,,,,,,,L_T1_GTR03_41100001,,,,53,54,24,450000000000454434000000242000000007523000000000525350000000454440000000,,00000132,,,,,,,,13,13,0,9,9,132,,4442523254524535444545345354,AAABCBDBCACBACDCAAACACDACDCA,AAABBCBDACBCACCDAAACACADCDAC,,,0,132,,,,,,,,,,,,,
188680,28,,,,,,,,,24,55,24,400000000000454000000000242335000007524550000000525430000000454434450000,,00000149,,,,,,,,15,15,0,6,6,149,,44425232545245354445453453542455,AAABCBDBCACBACDCAAACACDACDCABACC,AAABBCBDACBCACCDAAACACADCDACABCC,,,0,149,,,,,,,,,,L_T1_GTR03_41100001,,,,53,54,24,450000000000454434000000242000000007523000000000525350000000454440000000,,00000132,,,,,,,,13,13,0,9,9,132,,4442523254524535444545345354,AAABCBDBCACBACDCAAACACDACDCA,AAABBCBDACBCACCDAAACACADCDAC,,,0,132,,,,,,,,,,,,,
188688,29,,,,,,,,,24,55,24,400000000000454000000000242335000007524550000000525430000000454434450000,,00000149,,,,,,,,15,15,0,6,6,149,,44425232545245354445453453542455,AAABCBDBCACBACDCAAACACDACDCABACC,AAABBCBDACBCACCDAAACACADCDACABCC,,,0,149,,,,,,,,,,L_T1_GTR03_41100001,,,,54,24,55,455300000000454434000000242000000007523000000000525350000000454440000000,,00000143,,,,,,,,14,14,0,11,11,143,,444252325452453544454534535424,AAABCBDBCACBACDCAAACACDACDCABA,AAABBCBDACBCACCDAAACACADCDACAB,,,0,143,,,,,,,,,,,,,
188733,30,,,,,,,,,24,55,24,400000000000454000000000242335000007524550000000525430000000454434450000,,00000149,,,,,,,,15,15,0,6,6,149,,44425232545245354445453453542455,AAABCBDBCACBACDCAAACACDACDCABACC,AAABBCBDACBCACCDAAACACADCDACABCC,,,0,149,,,,,,,,,,L_T1_GTR03_41100001,,,,24,55,24,455300000000454434000000242540000007523000000000525350000000454440000000,,00000153,,,,,,,,15,15,0,10,10,153,,44425232545245354445453453542455,AAABCBDBCACBACDCAAACACDACDCABACC,AAABBCBDACBCACCDAAACACADCDACABCC,,,0,153,,,,,,,,,,,,,
188748,31,,,,,,,,,55,24,34,400000000000454000000000242335000007524550000000525434000000454434452000,,00000154,,,,,,,,16,16,0,5,5,154,,4442523254524535444545345354245524,AAABCBDBCACBACDCAAACACDACDCABACCBA,AAABBCBDACBCACCDAAACACADCDACABCCAB,,,0,154,,,,,,,,,,L_T1_GTR03_41100001,,,,24,55,24,455300000000454434000000242540000007523000000000525350000000454440000000,,00000153,,,,,,,,15,15,0,10,10,153,,44425232545245354445453453542455,AAABCBDBCACBACDCAAACACDACDCABACC,AAABBCBDACBCACCDAAACACADCDACABCC,,,0,153,,,,,,,,,,,,,
188770,32,,,,,,,,,55,24,34,400000000000454000000000242335000007524550000000525434000000454434452000,,00000154,,,,,,,,16,16,0,5,5,154,,4442523254524535444545345354245524,AAABCBDBCACBACDCAAACACDACDCABACCBA,AAABBCBDACBCACCDAAACACADCDACABCCAB,,,0,154,,,,,,,,,,L_T1_GTR03_41100001,,,,55,24,34,455300000000454434000000242544200007523000000000525350000000454440000000,,00000160,,,,,,,,16,16,0,7,7,160,,4442523254524535444545345354245524,AAABCBDBCACBACDCAAACACDACDCABACCBA,AAABBCBDACBCACCDAAACACADCDACABCCAB,,,0,160,,,,,,,,,,,,,
188800,33,,,,,,,,,24,34,23,455000000000454000000000242335000007524550000000525434000000454434452000,,00000165,,,,,,,,17,17,0,11,11,165,,444252325452453544454534535424552434,AAABCBDBCACBACDCAAACACDACDCABACCBADA,AAABBCBDACBCACCDAAACACADCDACABCCABAD,,,0,165,,,,,L_T1_GTR___standard,,,,,L_T1_GTR03_33000001,,,,55,24,34,455300000000454434000000242544200007523000000000525350000000454440000000,,00000160,,,,,,,,16,16,0,7,7,160,,4442523254524535444545345354245524,AAABCBDBCACBACDCAAACACDACDCABACCBA,AAABBCBDACBCACCDAAACACADCDACABCCAB,,,0,160,,,,,,,,,,,,,
188815,34,,,,,,,,,24,34,23,455000000000454000000000242335000007524550000000525434000000454434452000,,00000165,,,,,,,,17,17,0,11,11,165,,444252325452453544454534535424552434,AAABCBDBCACBACDCAAACACDACDCABACCBADA,AAABBCBDACBCACCDAAACACADCDACABCCABAD,,,0,165,,,,,L_T1_GTR___standard,,,,,L_T1_GTR03_33000001,,,,24,34,23,455355000000454434000000242544200007523000000000525350000000454440000000,,00000168,,,,,,,,17,17,0,8,8,168,,444252325452453544454534535424552434,AAABCBDBCACBACDCAAACACDACDCABACCBADA,AAABBCBDACBCACCDAAACACADCDACABCCABAD,,,0,168,,,,,,,,,,,,,
188846,35,,,,,,,,,34,23,34,455400000000454200000000242335000007524550000000525434000000454434452000,,00000175,,,,,,,,18,18,0,10,10,175,,44425232545245354445453453542455243423,AAABCBDBCACBACDCAAACACDACDCABACCBADABD,AAABBCBDACBCACCDAAACACADCDACABCCABADBD,,,0,175,,,,,L_T1_GTR___standard,,,,,L_T1_GTR03_33000001,,,,24,34,23,455355000000454434000000242544200007523000000000525350000000454440000000,,00000168,,,,,,,,17,17,0,8,8,168,,444252325452453544454534535424552434,AAABCBDBCACBACDCAAACACDACDCABACCBADA,AAABBCBDACBCACCDAAACACADCDACABCCABAD,,,0,168,,,,,,,,,,,,,
188854,36,,,,,,,,,34,23,34,455400000000454200000000242335000007524550000000525434000000454434452000,,00000175,,,,,,,,18,18,0,10,10,175,,44425232545245354445453453542455243423,AAABCBDBCACBACDCAAACACDACDCABACCBADABD,AAABBCBDACBCACCDAAACACADCDACABCCABADBD,,,0,175,,,,,L_T1_GTR___standard,,,,,L_T1_GTR03_33000001,,,,34,23,34,455355400000454434200000242544200007523000000000525350000000454440000000,,00000175,,,,,,,,18,18,0,7,7,175,,44425232545245354445453453542455243423,AAABCBDBCACBACDCAAACACDACDCABACCBADABD,AAABBCBDACBCACCDAAACACADCDACABCCABADBD,,,0,175,,,,,,,,,,,,,
188893,37,,,,,,,,,23,34,45,455440000000454230000000242335000007524550000000525434000000454434452000,,00000184,,,,,,,,19,19,0,9,9,184,,4442523254524535444545345354245524342334,AAABCBDBCACBACDCAAACACDACDCABACCBADABDDA,AAABBCBDACBCACCDAAACACADCDACABCCABADBDAD,,,0,184,,,,,L_T1_GTR___standard,,,,,L_T1_GTR03_33000001,,,,34,23,34,455355400000454434200000242544200007523000000000525350000000454440000000,,00000175,,,,,,,,18,18,0,7,7,175,,44425232545245354445453453542455243423,AAABCBDBCACBACDCAAACACDACDCABACCBADABD,AAABBCBDACBCACCDAAACACADCDACABCCABADBD,,,0,175,,,,,,,,,,,,,
188894,38,,,,,,,,,23,34,45,455440000000454230000000242335000007524550000000525434000000454434452000,,00000184,,,,,,,,19,19,0,9,9,184,,4442523254524535444545345354245524342334,AAABCBDBCACBACDCAAACACDACDCABACCBADABDDA,AAABBCBDACBCACCDAAACACADCDACABCCABADBDAD,,,0,184,,,,,L_T1_GTR___standard,,,,,L_T1_GTR03_33000001,,,,23,34,45,455355430000454434240000242544200007523000000000525350000000454440000000,,00000181,,,,,,,,19,19,0,6,6,181,,4442523254524535444545345354245524342334,AAABCBDBCACBACDCAAACACDACDCABACCBADABDDA,AAABBCBDACBCACCDAAACACADCDACABCCABADBDAD,,,0,181,,,,,,,,,,,,,
188938,40,,,,,,,,,34,45,53,455440000000454230000000242335000007524550000000525434320000454434452000,,00000190,,,,,,,,20,20,0,6,6,190,,444252325452453544454534535424552434233445,AAABCBDBCACBACDCAAACACDACDCABACCBADABDDAAC,AAABBCBDACBCACCDAAACACADCDACABCCABADBDADAC,,,0,190,,,,,L_T1_GTR___standard,,,,,L_T1_GTR03_33000001,,,,34,45,53,455355430000454434240000242544200007523320000000525350000000454440000000,,00000190,,,,,,,,20,20,0,9,9,190,,444252325452453544454534535424552434233445,AAABCBDBCACBACDCAAACACDACDCABACCBADABDDAAC,AAABBCBDACBCACCDAAACACADCDACABCCABADBDADAC,,,0,190,,,,,,,,,,,,,
188978,41,,,,,,,,,34,45,53,455440000000454230000000242335000007524550000000525434320000454434452000,,00000190,,,,,,,,20,20,0,6,6,190,,444252325452453544454534535424552434233445,AAABCBDBCACBACDCAAACACDACDCABACCBADABDDAAC,AAABBCBDACBCACCDAAACACADCDACABCCABADBDADAC,,,0,190,,,,,L_T1_GTR___standard,,,,,L_T1_GTR03_33000001,,,,45,53,24,455355433000454434244000242544200007523320000000525350000000454440000000,,00000195,,,,,,,,21,21,0,5,5,195,,44425232545245354445453453542455243423344553,AAABCBDBCACBACDCAAACACDACDCABACCBADABDDAACCD,AAABBCBDACBCACCDAAACACADCDACABCCABADBDADACCD,,,0,195,,,,,,,,,,,,,
188994,42,,,,,,,,,45,53,24,455440000000454234000000242335300007524550000000525434320000454434452000,,00000197,,,,,,,,21,21,0,7,7,197,,44425232545245354445453453542455243423344553,AAABCBDBCACBACDCAAACACDACDCABACCBADABDDAACCD,AAABBCBDACBCACCDAAACACADCDACABCCABADBDADACCD,,,0,197,,,,,L_T1_GTR___standard,,,,,L_T1_GTR03_33000001,,,,45,53,24,455355433000454434244000242544200007523320000000525350000000454440000000,,00000195,,,,,,,,21,21,0,5,5,195,,44425232545245354445453453542455243423344553,AAABCBDBCACBACDCAAACACDACDCABACCBADABDDAACCD,AAABBCBDACBCACCDAAACACADCDACABCCABADBDADACCD,,,0,195,,,,,,,,,,,,,
189010,43,,,,,,,,,45,53,24,455440000000454234000000242335300007524550000000525434320000454434452000,,00000197,,,,,,,,21,21,0,7,7,197,,44425232545245354445453453542455243423344553,AAABCBDBCACBACDCAAACACDACDCABACCBADABDDAACCD,AAABBCBDACBCACCDAAACACADCDACABCCABADBDADACCD,,,0,197,,,,,L_T1_GTR___standard,,,,,L_T1_GTR03_33000001,,,,53,24,22,455355433540454434244000242544200007523320000000525350000000454440000000,,00000198,,,,,,,,22,22,0,3,3,198,,4442523254524535444545345354245524342334455324,AAABCBDBCACBACDCAAACACDACDCABACCBADABDDAACCDBA,AAABBCBDACBCACCDAAACACADCDACABCCABADBDADACCDAB,,,0,198,,,,,,,,,,,,,
189037,44,,,,,,,,,53,24,22,455440000000454234450000242335300007524550000000525434320000454434452000,,00000204,,,,,,,,22,22,0,7,7,204,,4442523254524535444545345354245524342334455324,AAABCBDBCACBACDCAAACACDACDCABACCBADABDDAACCDBA,AAABBCBDACBCACCDAAACACADCDACABCCABADBDADACCDAB,,,0,204,,,,,L_T1_GTR___standard,,,,,L_T1_GTR03_33000001,,,,53,24,22,455355433540454434244000242544200007523320000000525350000000454440000000,,00000198,,,,,,,,22,22,0,3,3,198,,4442523254524535444545345354245524342334455324,AAABCBDBCACBACDCAAACACDACDCABACCBADABDDAACCDBA,AAABBCBDACBCACCDAAACACADCDACABCCABADBDADACCDAB,,,0,198,,,,,,,,,,,,,
189068,45,,,,,,,,,53,24,22,455440000000454234450000242335300007524550000000525434320000454434452000,,00000204,,,,,,,,22,22,0,7,7,204,,4442523254524535444545345354245524342334455324,AAABCBDBCACBACDCAAACACDACDCABACCBADABDDAACCDBA,AAABBCBDACBCACCDAAACACADCDACABCCABADBDADACCDAB,,,0,204,,,,,L_T1_GTR___standard,,,,,L_T1_GTR03_33000001,,,,24,22,43,455355433540454434244500242544230007523320000000525350000000454440000000,,00000202,,,,,,,,23,23,0,4,4,202,,444252325452453544454534535424552434233445532422,AAABCBDBCACBACDCAAACACDACDCABACCBADABDDAACCDBABB,AAABBCBDACBCACCDAAACACADCDACABCCABADBDADACCDABBB,,,0,202,,,,,,,,,,,,,
189076,46,,,,,,,,,24,22,43,455440000000454234450000242335300007524553500000525434320000454434452000,,00000211,,,,,,,,23,23,0,7,7,211,,444252325452453544454534535424552434233445532422,AAABCBDBCACBACDCAAACACDACDCABACCBADABDDAACCDBABB,AAABBCBDACBCACCDAAACACADCDACABCCABADBDADACCDABBB,,,0,211,,,,,L_T1_GTR___standard,,,,,L_T1_GTR03_33000001,,,,24,22,43,455355433540454434244500242544230007523320000000525350000000454440000000,,00000202,,,,,,,,23,23,0,4,4,202,,444252325452453544454534535424552434233445532422,AAABCBDBCACBACDCAAACACDACDCABACCBADABDDAACCDBABB,AAABBCBDACBCACCDAAACACADCDACABCCABADBDADACCDABBB,,,0,202,,,,,,,,,,,,,
189112,47,,,,,,,,,24,22,43,455440000000454234450000242335300007524553500000525434320000454434452000,,00000211,,,,,,,,23,23,0,7,7,211,,444252325452453544454534535424552434233445532422,AAABCBDBCACBACDCAAACACDACDCABACCBADABDDAACCDBABB,AAABBCBDACBCACCDAAACACADCDACABCCABADBDADACCDABBB,,,0,211,,,,,L_T1_GTR___standard,,,,,L_T1_GTR03_33000001,,,,22,43,23,455355433540454434244500242544230007523322000000525354000000454440000000,,00000210,,,,,,,,24,24,0,8,8,210,,44425232545245354445453453542455243423344553242243,AAABCBDBCACBACDCAAACACDACDCABACCBADABDDAACCDBABBAD,AAABBCBDACBCACCDAAACACADCDACABCCABADBDADACCDABBBAD,,,0,210,,,,,,,,,,,,,
189115,48,,,,,,,,,22,43,23,455440000000454234450000242335300007524553500000525434320000454434452240,,00000215,,,,,,,,24,24,0,4,4,215,,44425232545245354445453453542455243423344553242243,AAABCBDBCACBACDCAAACACDACDCABACCBADABDDAACCDBABBAD,AAABBCBDACBCACCDAAACACADCDACABCCABADBDADACCDABBBAD,,,0,215,,,,,L_T1_GTR___standard,,,,,L_T1_GTR03_33000001,,,,22,43,23,455355433540454434244500242544230007523322000000525354000000454440000000,,00000210,,,,,,,,24,24,0,8,8,210,,44425232545245354445453453542455243423344553242243,AAABCBDBCACBACDCAAACACDACDCABACCBADABDDAACCDBABBAD,AAABBCBDACBCACCDAAACACADCDACABCCABADBDADACCDABBBAD,,,0,210,,,,,,,,,,,,,
189145,49,,,,,,,,,,43,23,455440000000454234450000242335300007524553300000525434322200454434452240,,bb50abb2,,,,,,,,25,0,1,bb50abb2,100,315,,44425232545245354445453453542455243423344553242243,AAABCBDBCACBACDCAAACACDACDCABACCBADABDDAACCDBABBAD,AAABBCBDACBCACCDAAACACADCDACABCCABADBDADACCDABBBAD,,,1,315,,,,,L_T1_GTR___standard,,,,,L_T1_GTR03_33000001,,,,22,43,23,455355433540454434244500242544230007523322000000525354000000454440000000,,00000210,,,,,,,,24,24,0,8,8,210,,44425232545245354445453453542455243423344553242243,AAABCBDBCACBACDCAAACACDACDCABACCBADABDDAACCDBABBAD,AAABBCBDACBCACCDAAACACADCDACABCCABADBDADACCDABBBAD,,,0,210,,,,,,,,,,,,,
189148,50,,,,,,,,,,43,23,455440000000454234450000242335300007524553300000525434322200454434452240,,bb50abb2,,,,,,,,25,0,1,bb50abb2,100,315,,44425232545245354445453453542455243423344553242243,AAABCBDBCACBACDCAAACACDACDCABACCBADABDDAACCDBABBAD,AAABBCBDACBCACCDAAACACADCDACABCCABADBDADACCDABBBAD,,,1,315,,,,,L_T1_GTR___standard,,,,,L_T1_GTR03_33000001,,,,43,23,44,455355433540454434244500242544232207523322000000525354000000454440000000,,00000214,,,,,,,,25,25,0,4,4,214,,4442523254524535444545345354245524342334455324224323,AAABCBDBCACBACDCAAACACDACDCABACCBADABDDAACCDBABBADBD,AAABBCBDACBCACCDAAACACADCDACABCCABADBDADACCDABBBADBD,,,0,214,,,,,,,,,,,,,
189198,51,,,,,,,,,,43,23,455440000000454234450000242335300007524553300000525434322200454434452240,,bb50abb2,,,,,,,,25,0,1,bb50abb2,100,315,,44425232545245354445453453542455243423344553242243,AAABCBDBCACBACDCAAACACDACDCABACCBADABDDAACCDBABBAD,AAABBCBDACBCACCDAAACACADCDACABCCABADBDADACCDABBBAD,,,1,315,,,,,L_T1_GTR___standard,,,,,L_T1_GTR03_33000001,,,,23,44,22,455355433540454434244500242544232207523322300000525354400000454440000000,,00000221,,,,,,,,26,26,0,7,7,221,,444252325452453544454534535424552434233445532422432344,AAABCBDBCACBACDCAAACACDACDCABACCBADABDDAACCDBABBADBDAA,AAABBCBDACBCACCDAAACACADCDACABCCABADBDADACCDABBBADBDAA,,,0,221,,,,,,,,,,,,,
189234,52,,,,,,,,,,43,23,455440000000454234450000242335300007524553300000525434322200454434452240,,bb50abb2,,,,,,,,25,0,1,bb50abb2,100,315,,44425232545245354445453453542455243423344553242243,AAABCBDBCACBACDCAAACACDACDCABACCBADABDDAACCDBABBAD,AAABBCBDACBCACCDAAACACADCDACABCCABADBDADACCDABBBAD,,,1,315,,,,,L_T1_GTR___standard,,,,,L_T1_GTR03_33000001,,,,44,22,35,455355433540454434244500242544232207523322332000525354400000454440000000,,00000226,,,,,,,,27,27,0,5,5,226,,44425232545245354445453453542455243423344553242243234422,AAABCBDBCACBACDCAAACACDACDCABACCBADABDDAACCDBABBADBDAABB,AAABBCBDACBCACCDAAACACADCDACABCCABADBDADACCDABBBADBDAABB,,,0,226,,,,,,,,,,,,,
189241,53,,,,,,,,,43,23,44,455440000000454234450000242335300007524553500000525434300000454434454000,,00000317,,,,,,,,26,1,0,2,2,317,,4442523254524535444545345354245524342334455324224323,AAABCBDBCACBACDCAAACACDACDCABACCBADABDDAACCDBABBADBD,AAABBCBDACBCACCDAAACACADCDACABCCABADBDADACCDABBBADBD,,,1,317,,,,,L_T1_GTR___standard,,,,,L_T1_GTR03_33000001,,,,44,22,35,455355433540454434244500242544232207523322332000525354400000454440000000,,00000226,,,,,,,,27,27,0,5,5,226,,44425232545245354445453453542455243423344553242243234422,AAABCBDBCACBACDCAAACACDACDCABACCBADABDDAACCDBABBADBDAABB,AAABBCBDACBCACCDAAACACADCDACABCCABADBDADACCDABBBADBDAABB,,,0,226,,,,,,,,,,,,,
189263,54,,,,,,,,,43,23,44,455440000000454234450000242335300007524553500000525434300000454434454000,,00000317,,,,,,,,26,1,0,2,2,317,,4442523254524535444545345354245524342334455324224323,AAABCBDBCACBACDCAAACACDACDCABACCBADABDDAACCDBABBADBD,AAABBCBDACBCACCDAAACACADCDACABCCABADBDADACCDABBBADBD,,,1,317,,,,,L_T1_GTR___standard,,,,,L_T1_GTR03_33000001,,,,,22,35,455355433540454434244500242544232207523322332000525354444000454440000000,,bb40abb1,,,,,,,,28,0,1,bb40abb1,40,266,,44425232545245354445453453542455243423344553242243234422,AAABCBDBCACBACDCAAACACDACDCABACCBADABDDAACCDBABBADBDAABB,AAABBCBDACBCACCDAAACACADCDACABCCABADBDADACCDABBBADBDAABB,,,1,266,,,,,,,,,,,,,
189312,55,,,,,,,,,23,44,22,455440000000454234453000242335340007524553500000525434300000454434454000,,00000322,,,,,,,,27,2,0,5,5,322,,444252325452453544454534535424552434233445532422432344,AAABCBDBCACBACDCAAACACDACDCABACCBADABDDAACCDBABBADBDAA,AAABBCBDACBCACCDAAACACADCDACABCCABADBDADACCDABBBADBDAA,,,1,322,,,,,L_T1_GTR___standard,,,,,L_T1_GTR03_33000001,,,,,22,35,455355433540454434244500242544232207523322332000525354444000454440000000,,bb40abb1,,,,,,,,28,0,1,bb40abb1,40,266,,44425232545245354445453453542455243423344553242243234422,AAABCBDBCACBACDCAAACACDACDCABACCBADABDDAACCDBABBADBDAABB,AAABBCBDACBCACCDAAACACADCDACABCCABADBDADACCDABBBADBDAABB,,,1,266,,,,,,,,,,,,,
189378,56,,,,,,,,,23,44,22,455440000000454234453000242335340007524553500000525434300000454434454000,,00000322,,,,,,,,27,2,0,5,5,322,,444252325452453544454534535424552434233445532422432344,AAABCBDBCACBACDCAAACACDACDCABACCBADABDDAACCDBABBADBDAA,AAABBCBDACBCACCDAAACACADCDACABCCABADBDADACCDABBBADBDAA,,,1,322,,,,,L_T1_GTR___standard,,,,,L_T1_GTR03_33000001,,,,22,35,25,455355433540454434244500242544232207523322332000525356000000454440000000,,00000271,,,,,,,,29,1,0,5,5,271,,4442523254524535444545345354245524342334455324224323442235,AAABCBDBCACBACDCAAACACDACDCABACCBADABDDAACCDBABBADBDAABBDC,AAABBCBDACBCACCDAAACACADCDACABCCABADBDADACCDABBBADBDAABBCD,,,1,271,,,,,,,,,,,,,
189383,57,,,,,,,,,44,22,35,455442000000454234453300242335340007524553500000525434300000454434454000,,00000326,,,,,,,,28,3,0,4,4,326,,44425232545245354445453453542455243423344553242243234422,AAABCBDBCACBACDCAAACACDACDCABACCBADABDDAACCDBABBADBDAABB,AAABBCBDACBCACCDAAACACADCDACABCCABADBDADACCDABBBADBDAABB,,,1,326,,,,,L_T1_GTR___standard,,,,,L_T1_GTR03_33000001,,,,22,35,25,455355433540454434244500242544232207523322332000525356000000454440000000,,00000271,,,,,,,,29,1,0,5,5,271,,4442523254524535444545345354245524342334455324224323442235,AAABCBDBCACBACDCAAACACDACDCABACCBADABDDAACCDBABBADBDAABBDC,AAABBCBDACBCACCDAAACACADCDACABCCABADBDADACCDABBBADBDAABBCD,,,1,271,,,,,,,,,,,,,
189405,58,,,,,,,,,44,22,35,455442000000454234453300242335340007524553500000525434300000454434454000,,00000326,,,,,,,,28,3,0,4,4,326,,44425232545245354445453453542455243423344553242243234422,AAABCBDBCACBACDCAAACACDACDCABACCBADABDDAACCDBABBADBDAABB,AAABBCBDACBCACCDAAACACADCDACABCCABADBDADACCDABBBADBDAABB,,,1,326,,,,,L_T1_GTR___standard,,,,,L_T1_GTR03_33000001,,,,,35,25,455355433540454434244500242544232207523322332220525356000000454440000000,,bb50abb2,,,,,,,,30,0,1,bb50abb2,100,371,,4442523254524535444545345354245524342334455324224323442235,AAABCBDBCACBACDCAAACACDACDCABACCBADABDDAACCDBABBADBDAABBDC,AAABBCBDACBCACCDAAACACADCDACABCCABADBDADACCDABBBADBDAABBCD,,,1,371,,,,,,,,,,,,,
189418,59,,,,,,,,,22,35,25,455442000000454234453300242335340007524553544000525434300000454434454000,,00000331,,,,,,,,29,4,0,5,5,331,,4442523254524535444545345354245524342334455324224323442235,AAABCBDBCACBACDCAAACACDACDCABACCBADABDDAACCDBABBADBDAABBDC,AAABBCBDACBCACCDAAACACADCDACABCCABADBDADACCDABBBADBDAABBCD,,,1,331,,,,,L_T1_GTR___standard,,,,,L_T1_GTR03_33000001,,,,,35,25,455355433540454434244500242544232207523322332220525356000000454440000000,,bb50abb2,,,,,,,,30,0,1,bb50abb2,100,371,,4442523254524535444545345354245524342334455324224323442235,AAABCBDBCACBACDCAAACACDACDCABACCBADABDDAACCDBABBADBDAABBDC,AAABBCBDACBCACCDAAACACADCDACABCCABADBDADACCDABBBADBDAABBCD,,,1,371,,,,,,,,,,,,,
189460,60,,,,,,,,,35,25,45,455442220000454234453300242335340007524553544000525434300000454434454000,,00000337,,,,,,,,30,5,0,6,6,337,,444252325452453544454534535424552434233445532422432344223525,AAABCBDBCACBACDCAAACACDACDCABACCBADABDDAACCDBABBADBDAABBDCBC,AAABBCBDACBCACCDAAACACADCDACABCCABADBDADACCDABBBADBDAABBCDBC,,,1,337,,,,,L_T1_GTR___standard,,,,,L_T1_GTR03_33000001,,,,,35,25,455355433540454434244500242544232207523322332220525356000000454440000000,,bb50abb2,,,,,,,,30,0,1,bb50abb2,100,371,,4442523254524535444545345354245524342334455324224323442235,AAABCBDBCACBACDCAAACACDACDCABACCBADABDDAACCDBABBADBDAABBDC,AAABBCBDACBCACCDAAACACADCDACABCCABADBDADACCDABBBADBDAABBCD,,,1,371,,,,,,,,,,,,,
189470,61,,,,,,,,,35,25,45,455442220000454234453300242335340007524553544000525434300000454434454000,,00000337,,,,,,,,30,5,0,6,6,337,,444252325452453544454534535424552434233445532422432344223525,AAABCBDBCACBACDCAAACACDACDCABACCBADABDDAACCDBABBADBDAABBDCBC,AAABBCBDACBCACCDAAACACADCDACABCCABADBDADACCDABBBADBDAABBCDBC,,,1,337,,,,,L_T1_GTR___standard,,,,,L_T1_GTR03_33000001,,,,35,25,45,455355433540454434244500242544230007523322330000525356000000454440000000,,00000375,,,,,,,,31,1,0,4,4,375,,444252325452453544454534535424552434233445532422432344223525,AAABCBDBCACBACDCAAACACDACDCABACCBADABDDAACCDBABBADBDAABBDCBC,AAABBCBDACBCACCDAAACACADCDACABCCABADBDADACCDABBBADBDAABBCDBC,,,1,375,,,,,,,,,,,,,
189505,62,,,,,,,,,35,25,45,455442220000454234453300242335340007524553544000525434300000454434454000,,00000337,,,,,,,,30,5,0,6,6,337,,444252325452453544454534535424552434233445532422432344223525,AAABCBDBCACBACDCAAACACDACDCABACCBADABDDAACCDBABBADBDAABBDCBC,AAABBCBDACBCACCDAAACACADCDACABCCABADBDADACCDABBBADBDAABBCDBC,,,1,337,,,,,L_T1_GTR___standard,,,,,L_T1_GTR03_33000001,,,,,25,45,455355433540454434244500242544230007523322330000525356350000454440000000,,bb40abb1,,,,,,,,32,0,1,bb40abb1,40,415,,444252325452453544454534535424552434233445532422432344223525,AAABCBDBCACBACDCAAACACDACDCABACCBADABDDAACCDBABBADBDAABBDCBC,AAABBCBDACBCACCDAAACACADCDACABCCABADBDADACCDABBBADBDAABBCDBC,,,1,415,,,,,,,,,,,,,
189545,63,,,,,,,,,25,45,32,455442225300454234453360242335340007524553544000525434360000454434454000,,00000341,,,,,,,,31,6,0,4,4,341,,44425232545245354445453453542455243423344553242243234422352545,AAABCBDBCACBACDCAAACACDACDCABACCBADABDDAACCDBABBADBDAABBDCBCAC,AAABBCBDACBCACCDAAACACADCDACABCCABADBDADACCDABBBADBDAABBCDBCAC,,,1,341,,,,,L_T1_GTR___standard,,,,,L_T1_GTR03_33000001,,,,,25,45,455355433540454434244500242544230007523322330000525356350000454440000000,,bb40abb1,,,,,,,,32,0,1,bb40abb1,40,415,,444252325452453544454534535424552434233445532422432344223525,AAABCBDBCACBACDCAAACACDACDCABACCBADABDDAACCDBABBADBDAABBDCBC,AAABBCBDACBCACCDAAACACADCDACABCCABADBDADACCDABBBADBDAABBCDBC,,,1,415,,,,,,,,,,,,,
189596,64,,,,,,,,,25,45,32,455442225300454234453360242335340007524553544000525434360000454434454000,,00000341,,,,,,,,31,6,0,4,4,341,,44425232545245354445453453542455243423344553242243234422352545,AAABCBDBCACBACDCAAACACDACDCABACCBADABDDAACCDBABBADBDAABBDCBCAC,AAABBCBDACBCACCDAAACACADCDACABCCABADBDADACCDABBBADBDAABBCDBCAC,,,1,341,,,,,L_T1_GTR___standard,,,,,L_T1_GTR03_33000001,,,,25,45,32,455355433540454434244500242544200007523322000000525355000000454440000000,,00000422,,,,,,,,33,1,0,7,7,422,,44425232545245354445453453542455243423344553242243234422352545,AAABCBDBCACBACDCAAACACDACDCABACCBADABDDAACCDBABBADBDAABBDCBCAC,AAABBCBDACBCACCDAAACACADCDACABCCABADBDADACCDABBBADBDAABBCDBCAC,,,1,422,,,,,,,,,,,,,
189634,65,,,,,,,,,45,32,23,455442225300454234453366242335340007524553544000525434365000454434454200,,00000345,,,,,,,,32,7,0,4,4,345,,4442523254524535444545345354245524342334455324224323442235254532,AAABCBDBCACBACDCAAACACDACDCABACCBADABDDAACCDBABBADBDAABBDCBCACDB,AAABBCBDACBCACCDAAACACADCDACABCCABADBDADACCDABBBADBDAABBCDBCACBD,,,1,345,,,,,L_T1_GTR___standard,,,,,L_T1_GTR03_33000001,,,,25,45,32,455355433540454434244500242544200007523322000000525355000000454440000000,,00000422,,,,,,,,33,1,0,7,7,422,,44425232545245354445453453542455243423344553242243234422352545,AAABCBDBCACBACDCAAACACDACDCABACCBADABDDAACCDBABBADBDAABBDCBCAC,AAABBCBDACBCACCDAAACACADCDACABCCABADBDADACCDABBBADBDAABBCDBCAC,,,1,422,,,,,,,,,,,,,
189638,66,,,,,,,,,45,32,23,455442225300454234453366242335340007524553544000525434365000454434454200,,00000345,,,,,,,,32,7,0,4,4,345,,4442523254524535444545345354245524342334455324224323442235254532,AAABCBDBCACBACDCAAACACDACDCABACCBADABDDAACCDBABBADBDAABBDCBCACDB,AAABBCBDACBCACCDAAACACADCDACABCCABADBDADACCDABBBADBDAABBCDBCACBD,,,1,345,,,,,L_T1_GTR___standard,,,,,L_T1_GTR03_33000001,,,,45,32,23,455355433340454434244500242544200007523322520000525355000000454440000000,,00000428,,,,,,,,34,2,0,6,6,428,,4442523254524535444545345354245524342334455324224323442235254532,AAABCBDBCACBACDCAAACACDACDCABACCBADABDDAACCDBABBADBDAABBDCBCACDB,AAABBCBDACBCACCDAAACACADCDACABCCABADBDADACCDABBBADBDAABBCDBCACBD,,,1,428,,,,,,,,,,,,,
189682,67,,,,,,,,,45,32,23,455442225300454234453366242335340007524553544000525434365000454434454200,,00000345,,,,,,,,32,7,0,4,4,345,,4442523254524535444545345354245524342334455324224323442235254532,AAABCBDBCACBACDCAAACACDACDCABACCBADABDDAACCDBABBADBDAABBDCBCACDB,AAABBCBDACBCACCDAAACACADCDACABCCABADBDADACCDABBBADBDAABBCDBCACBD,,,1,345,,,,,L_T1_GTR___standard,,,,,L_T1_GTR03_33000001,,,,32,23,54,455355433540454434244500242544200007523322520000525355450000454440000000,,00000435,,,,,,,,35,3,0,7,7,435,,444252325452453544454534535424552434233445532422432344223525453223,AAABCBDBCACBACDCAAACACDACDCABACCBADABDDAACCDBABBADBDAABBDCBCACDBBD,AAABBCBDACBCACCDAAACACADCDACABCCABADBDADACCDABBBADBDAABBCDBCACBDBD,,,1,435,,,,,,,,,,,,,
189698,68,,,,,,,,,,32,23,455442225300454234453366242335340007524553544400525434365500454434454200,,bb40abb1,,,,,,,,33,0,1,bb40abb1,40,385,,4442523254524535444545345354245524342334455324224323442235254532,AAABCBDBCACBACDCAAACACDACDCABACCBADABDDAACCDBABBADBDAABBDCBCACDB,AAABBCBDACBCACCDAAACACADCDACABCCABADBDADACCDABBBADBDAABBCDBCACBD,,,1,385,,,,,L_T1_GTR___standard,,,,,L_T1_GTR03_33000001,,,,32,23,54,455355433540454434244500242544200007523322520000525355450000454440000000,,00000435,,,,,,,,35,3,0,7,7,435,,444252325452453544454534535424552434233445532422432344223525453223,AAABCBDBCACBACDCAAACACDACDCABACCBADABDDAACCDBABBADBDAABBDCBCACDBBD,AAABBCBDACBCACCDAAACACADCDACABCCABADBDADACCDABBBADBDAABBCDBCACBDBD,,,1,435,,,,,,,,,,,,,
189758,69,,,,,,,,,,32,23,455442225300454234453366242335340007524553544400525434365500454434454200,,bb40abb1,,,,,,,,33,0,1,bb40abb1,40,385,,4442523254524535444545345354245524342334455324224323442235254532,AAABCBDBCACBACDCAAACACDACDCABACCBADABDDAACCDBABBADBDAABBDCBCACDB,AAABBCBDACBCACCDAAACACADCDACABCCABADBDADACCDABBBADBDAABBCDBCACBD,,,1,385,,,,,L_T1_GTR___standard,,,,,L_T1_GTR03_33000001,,,,23,54,34,455355433540454434244500242544200007523322520000525355452000454443000000,,00000440,,,,,,,,36,4,0,5,5,440,,44425232545245354445453453542455243423344553242243234422352545322354,AAABCBDBCACBACDCAAACACDACDCABACCBADABDDAACCDBABBADBDAABBDCBCACDBBDCA,AAABBCBDACBCACCDAAACACADCDACABCCABADBDADACCDABBBADBDAABBCDBCACBDBDAC,,,1,440,,,,,,,,,,,,,
189788,70,,,,,,,,,32,23,54,455442225300454234453366242335300007524553500000525434355000454434404200,,00000388,,,,,,,,34,1,0,3,3,388,,444252325452453544454534535424552434233445532422432344223525453223,AAABCBDBCACBACDCAAACACDACDCABACCBADABDDAACCDBABBADBDAABBDCBCACDBBD,AAABBCBDACBCACCDAAACACADCDACABCCABADBDADACCDABBBADBDAABBCDBCACBDBD,,,1,388,,,,,L_T1_GTR___standard,,,,,L_T1_GTR03_33000001,,,,23,54,34,455355433540454434244500242544200007523322520000525355452000454443000000,,00000440,,,,,,,,36,4,0,5,5,440,,44425232545245354445453453542455243423344553242243234422352545322354,AAABCBDBCACBACDCAAACACDACDCABACCBADABDDAACCDBABBADBDAABBDCBCACDBBDCA,AAABBCBDACBCACCDAAACACADCDACABCCABADBDADACCDABBBADBDAABBCDBCACBDBDAC,,,1,440,,,,,,,,,,,,,
189826,71,,,,,,,,,23,54,34,455442225300454234453366242335330007524553520000525434355000454434454200,,00000394,,,,,,,,35,2,0,6,6,394,,44425232545245354445453453542455243423344553242243234422352545322354,AAABCBDBCACBACDCAAACACDACDCABACCBADABDDAACCDBABBADBDAABBDCBCACDBBDCA,AAABBCBDACBCACCDAAACACADCDACABCCABADBDADACCDABBBADBDAABBCDBCACBDBDAC,,,1,394,,,,,L_T1_GTR___standard,,,,,L_T1_GTR03_33000001,,,,23,54,34,455355433540454434244500242544200007523322520000525355452000454443000000,,00000440,,,,,,,,36,4,0,5,5,440,,44425232545245354445453453542455243423344553242243234422352545322354,AAABCBDBCACBACDCAAACACDACDCABACCBADABDDAACCDBABBADBDAABBDCBCACDBBDCA,AAABBCBDACBCACCDAAACACADCDACABCCABADBDADACCDABBBADBDAABBCDBCACBDBDAC,,,1,440,,,,,,,,,,,,,
189849,72,,,,,,,,,,54,34,455442225300454234453366242335333007524553522000525434355000454434454200,,bb60abb3,,,,,,,,36,0,1,bb60abb3,180,574,,44425232545245354445453453542455243423344553242243234422352545322354,AAABCBDBCACBACDCAAACACDACDCABACCBADABDDAACCDBABBADBDAABBDCBCACDBBDCA,AAABBCBDACBCACCDAAACACADCDACABCCABADBDADACCDABBBADBDAABBCDBCACBDBDAC,,,1,574,,,,,L_T1_GTR___standard,,,,,L_T1_GTR03_33000001,,,,23,54,34,455355433540454434244500242544200007523322520000525355452000454443000000,,00000440,,,,,,,,36,4,0,5,5,440,,44425232545245354445453453542455243423344553242243234422352545322354,AAABCBDBCACBACDCAAACACDACDCABACCBADABDDAACCDBABBADBDAABBDCBCACDBBDCA,AAABBCBDACBCACCDAAACACADCDACABCCABADBDADACCDABBBADBDAABBCDBCACBDBDAC,,,1,440,,,,,,,,,,,,,
189853,73,,,,,,,,,,54,34,455442225300454234453366242335333007524553522000525434355000454434454200,,bb60abb3,,,,,,,,36,0,1,bb60abb3,180,574,,44425232545245354445453453542455243423344553242243234422352545322354,AAABCBDBCACBACDCAAACACDACDCABACCBADABDDAACCDBABBADBDAABBDCBCACDBBDCA,AAABBCBDACBCACCDAAACACADCDACABCCABADBDADACCDABBBADBDAABBCDBCACBDBDAC,,,1,574,,,,,L_T1_GTR___standard,,,,,L_T1_GTR03_33000001,,,,54,34,32,455355433540454434244500242544200007523322523600525355452200454443000000,,00000444,,,,,,,,37,5,0,4,4,444,,4442523254524535444545345354245524342334455324224323442235254532235434,AAABCBDBCACBACDCAAACACDACDCABACCBADABDDAACCDBABBADBDAABBDCBCACDBBDCADA,AAABBCBDACBCACCDAAACACADCDACABCCABADBDADACCDABBBADBDAABBCDBCACBDBDACAD,,,1,444,,,,,,,,,,,,,
189920,74,,,,,,,,,54,34,32,455442225000454234456000242335000007524553522000525434355000454434454200,,00000579,,,,,,,,37,1,0,5,5,579,,4442523254524535444545345354245524342334455324224323442235254532235434,AAABCBDBCACBACDCAAACACDACDCABACCBADABDDAACCDBABBADBDAABBDCBCACDBBDCADA,AAABBCBDACBCACCDAAACACADCDACABCCABADBDADACCDABBBADBDAABBCDBCACBDBDACAD,,,1,579,,,,,L_T1_GTR___standard,,,,,L_T1_GTR03_33000001,,,,54,34,32,455355433540454434244500242544200007523322523600525355452200454443000000,,00000444,,,,,,,,37,5,0,4,4,444,,4442523254524535444545345354245524342334455324224323442235254532235434,AAABCBDBCACBACDCAAACACDACDCABACCBADABDDAACCDBABBADBDAABBDCBCACDBBDCADA,AAABBCBDACBCACCDAAACACADCDACABCCABADBDADACCDABBBADBDAABBCDBCACBDBDACAD,,,1,444,,,,,,,,,,,,,
189952,75,,,,,,,,,54,34,32,455442225000454234456000242335000007524553522000525434355000454434454200,,00000579,,,,,,,,37,1,0,5,5,579,,4442523254524535444545345354245524342334455324224323442235254532235434,AAABCBDBCACBACDCAAACACDACDCABACCBADABDDAACCDBABBADBDAABBDCBCACDBBDCADA,AAABBCBDACBCACCDAAACACADCDACABCCABADBDADACCDABBBADBDAABBCDBCACBDBDACAD,,,1,579,,,,,L_T1_GTR___standard,,,,,L_T1_GTR03_33000001,,,,34,34,32,455355433546454434244560242544200007523322523600525355452250454443400000,,00000447,,,,,,,,38,6,0,3,3,447,,444252325452453544454534535424552434233445532422432344223525453223543434,AAABCBDBCACBACDCAAACACDACDCABACCBADABDDAACCDBABBADBDAABBDCBCACDBBDCADADA,AAABBCBDACBCACCDAAACACADCDACABCCABADBDADACCDABBBADBDAABBCDBCACBDBDACADAD,,,1,447,,,,,,,,,,,,,
189960,76,,,,,,,,,34,32,43,455442225500454234456400242335000007524553522000525434355000454434454200,,00000583,,,,,,,,38,2,0,4,4,583,,444252325452453544454534535424552434233445532422432344223525453223543432,AAABCBDBCACBACDCAAACACDACDCABACCBADABDDAACCDBABBADBDAABBDCBCACDBBDCADADB,AAABBCBDACBCACCDAAACACADCDACABCCABADBDADACCDABBBADBDAABBCDBCACBDBDACADBD,,,1,583,,,,,L_T1_GTR___standard,,,,,L_T1_GTR03_33000001,,,,34,34,32,455355433546454434244560242544200007523322523600525355452250454443400000,,00000447,,,,,,,,38,6,0,3,3,447,,444252325452453544454534535424552434233445532422432344223525453223543434,AAABCBDBCACBACDCAAACACDACDCABACCBADABDDAACCDBABBADBDAABBDCBCACDBBDCADADA,AAABBCBDACBCACCDAAACACADCDACABCCABADBDADACCDABBBADBDAABBCDBCACBDBDACADAD,,,1,447,,,,,,,,,,,,,
189965,77,,,,,,,,,34,32,43,455442225500454234456400242335000007524553522000525434355000454434454200,,00000583,,,,,,,,38,2,0,4,4,583,,444252325452453544454534535424552434233445532422432344223525453223543432,AAABCBDBCACBACDCAAACACDACDCABACCBADABDDAACCDBABBADBDAABBDCBCACDBBDCADADB,AAABBCBDACBCACCDAAACACADCDACABCCABADBDADACCDABBBADBDAABBCDBCACBDBDACADBD,,,1,583,,,,,L_T1_GTR___standard,,,,,L_T1_GTR03_33000001,,,,34,32,43,455355433546454434244560242544200007523322523600525355452250454443410000,,00000447,,,,,,,,39,7,0,0,0,447,,44425232545245354445453453542455243423344553242243234422352545322354343432,AAABCBDBCACBACDCAAACACDACDCABACCBADABDDAACCDBABBADBDAABBDCBCACDBBDCADADADB,AAABBCBDACBCACCDAAACACADCDACABCCABADBDADACCDABBBADBDAABBCDBCACBDBDACADADBD,,,1,447,,,,,,,,,,,,,
190013,78,,,,,,,,,34,32,43,455442225500454234456400242335000007524553522000525434355000454434454200,,00000583,,,,,,,,38,2,0,4,4,583,,444252325452453544454534535424552434233445532422432344223525453223543432,AAABCBDBCACBACDCAAACACDACDCABACCBADABDDAACCDBABBADBDAABBDCBCACDBBDCADADB,AAABBCBDACBCACCDAAACACADCDACABCCABADBDADACCDABBBADBDAABBCDBCACBDBDACADBD,,,1,583,,,,,L_T1_GTR___standard,,,,,L_T1_GTR03_33000001,,,,32,43,35,455355433546454434244560242544200007523322523600525355452250454443464300,,00000451,,,,,,,,40,8,0,4,4,451,,4442523254524535444545345354245524342334455324224323442235254532235434343243,AAABCBDBCACBACDCAAACACDACDCABACCBADABDDAACCDBABBADBDAABBDCBCACDBBDCADADADBAD,AAABBCBDACBCACCDAAACACADCDACABCCABADBDADACCDABBBADBDAABBCDBCACBDBDACADADBDAD,,,1,451,,,,,,,,,,,,,
190026,79,,,,,,,,,32,43,35,455442225500454234456440242335300007524553522000525434355000454434454200,,00000586,,,,,,,,39,3,0,3,3,586,,44425232545245354445453453542455243423344553242243234422352545322354343243,AAABCBDBCACBACDCAAACACDACDCABACCBADABDDAACCDBABBADBDAABBDCBCACDBBDCADADBAD,AAABBCBDACBCACCDAAACACADCDACABCCABADBDADACCDABBBADBDAABBCDBCACBDBDACADBDAD,,,1,586,,,,,L_T1_GTR___standard,,,,,L_T1_GTR03_33000001,,,,32,43,35,455355433546454434244560242544200007523322523600525355452250454443464300,,00000451,,,,,,,,40,8,0,4,4,451,,4442523254524535444545345354245524342334455324224323442235254532235434343243,AAABCBDBCACBACDCAAACACDACDCABACCBADABDDAACCDBABBADBDAABBDCBCACDBBDCADADADBAD,AAABBCBDACBCACCDAAACACADCDACABCCABADBDADACCDABBBADBDAABBCDBCACBDBDACADADBDAD,,,1,451,,,,,,,,,,,,,
190041,80,,,,,,,,,32,43,35,455442225500454234456440242335300007524553522000525434355000454434454200,,00000586,,,,,,,,39,3,0,3,3,586,,44425232545245354445453453542455243423344553242243234422352545322354343243,AAABCBDBCACBACDCAAACACDACDCABACCBADABDDAACCDBABBADBDAABBDCBCACDBBDCADADBAD,AAABBCBDACBCACCDAAACACADCDACABCCABADBDADACCDABBBADBDAABBCDBCACBDBDACADBDAD,,,1,586,,,,,L_T1_GTR___standard,,,,,L_T1_GTR03_33000001,,,,,43,35,455355433546454434244560242544223007523322523600525355452250454443464300,,bb40abb1,,,,,,,,41,0,1,bb40abb1,40,491,,4442523254524535444545345354245524342334455324224323442235254532235434343243,AAABCBDBCACBACDCAAACACDACDCABACCBADABDDAACCDBABBADBDAABBDCBCACDBBDCADADADBAD,AAABBCBDACBCACCDAAACACADCDACABCCABADBDADACCDABBBADBDAABBCDBCACBDBDACADADBDAD,,,1,491,,,,,,,,,,,,,
190081,81,,,,,,,,,43,35,53,455442225500454234456440242335300007524553522000525434355200454434454230,,00000589,,,,,,,,40,4,0,3,3,589,,4442523254524535444545345354245524342334455324224323442235254532235434324335,AAABCBDBCACBACDCAAACACDACDCABACCBADABDDAACCDBABBADBDAABBDCBCACDBBDCADADBADDC,AAABBCBDACBCACCDAAACACADCDACABCCABADBDADACCDABBBADBDAABBCDBCACBDBDACADBDADCD,,,1,589,,,,,L_T1_GTR___standard,,,,,L_T1_GTR03_33000001,,,,,43,35,455355433546454434244560242544223007523322523600525355452250454443464300,,bb40abb1,,,,,,,,41,0,1,bb40abb1,40,491,,4442523254524535444545345354245524342334455324224323442235254532235434343243,AAABCBDBCACBACDCAAACACDACDCABACCBADABDDAACCDBABBADBDAABBDCBCACDBBDCADADADBAD,AAABBCBDACBCACCDAAACACADCDACABCCABADBDADACCDABBBADBDAABBCDBCACBDBDACADADBDAD,,,1,491,,,,,,,,,,,,,
190125,82,,,,,,,,,43,35,53,455442225500454234456440242335300007524553522000525434355200454434454230,,00000589,,,,,,,,40,4,0,3,3,589,,4442523254524535444545345354245524342334455324224323442235254532235434324335,AAABCBDBCACBACDCAAACACDACDCABACCBADABDDAACCDBABBADBDAABBDCBCACDBBDCADADBADDC,AAABBCBDACBCACCDAAACACADCDACABCCABADBDADACCDABBBADBDAABBCDBCACBDBDACADBDADCD,,,1,589,,,,,L_T1_GTR___standard,,,,,L_T1_GTR03_33000001,,,,,43,35,455355433546454434445600242544300007523322536000525355452250454443464300,,bb60ab11,,,,,,,,42,0,2,bb60ab11,660,1151,,4442523254524535444545345354245524342334455324224323442235254532235434343243,AAABCBDBCACBACDCAAACACDACDCABACCBADABDDAACCDBABBADBDAABBDCBCACDBBDCADADADBAD,AAABBCBDACBCACCDAAACACADCDACABCCABADBDADACCDABBBADBDAABBCDBCACBDBDACADADBDAD,,,2,1151,,,,,,,,,,,,,
190162,83,,,,,,,,,35,53,52,455442225540454234456443242335300007524553522000525434355200454434454230,,00000590,,,,,,,,41,5,0,1,1,590,,444252325452453544454534535424552434233445532422432344223525453223543432433553,AAABCBDBCACBACDCAAACACDACDCABACCBADABDDAACCDBABBADBDAABBDCBCACDBBDCADADBADDCCD,AAABBCBDACBCACCDAAACACADCDACABCCABADBDADACCDABBBADBDAABBCDBCACBDBDACADBDADCDCD,,,1,590,,,,,L_T1_GTR___standard,,,,,L_T1_GTR03_33000001,,,,,43,35,455355433546454434445600242544300007523322536000525355452250454443464300,,bb60ab11,,,,,,,,42,0,2,bb60ab11,660,1151,,4442523254524535444545345354245524342334455324224323442235254532235434343243,AAABCBDBCACBACDCAAACACDACDCABACCBADABDDAACCDBABBADBDAABBDCBCACDBBDCADADADBAD,AAABBCBDACBCACCDAAACACADCDACABCCABADBDADACCDABBBADBDAABBCDBCACBDBDACADADBDAD,,,2,1151,,,,,,,,,,,,,
190217,84,,,,,,,,,35,53,52,455442225540454234456443242335300007524553522000525434355200454434454230,,00000590,,,,,,,,41,5,0,1,1,590,,444252325452453544454534535424552434233445532422432344223525453223543432433553,AAABCBDBCACBACDCAAACACDACDCABACCBADABDDAACCDBABBADBDAABBDCBCACDBBDCADADBADDCCD,AAABBCBDACBCACCDAAACACADCDACABCCABADBDADACCDABBBADBDAABBCDBCACBDBDACADBDADCDCD,,,1,590,,,,,L_T1_GTR___standard,,,,,L_T1_GTR03_33000001,,,,43,35,53,455355335460454435600000242530000007523322536000525355452250454443464300,,00001156,,,,,,,,43,1,0,5,5,1156,,444252325452453544454534535424552434233445532422432344223525453223543434324335,AAABCBDBCACBACDCAAACACDACDCABACCBADABDDAACCDBABBADBDAABBDCBCACDBBDCADADADBADDC,AAABBCBDACBCACCDAAACACADCDACABCCABADBDADACCDABBBADBDAABBCDBCACBDBDACADADBDADCD,,,2,1156,,,,,,,,,,,,,
190248,85,,,,,,,,,53,52,24,455442225546454234456443242335360007524553522660525434355266454434454233,,00000592,,,,,,,,42,6,0,2,2,592,,44425232545245354445453453542455243423344553242243234422352545322354343243355352,AAABCBDBCACBACDCAAACACDACDCABACCBADABDDAACCDBABBADBDAABBDCBCACDBBDCADADBADDCCDCB,AAABBCBDACBCACCDAAACACADCDACABCCABADBDADACCDABBBADBDAABBCDBCACBDBDACADBDADCDCDBC,,,1,592,,,,,L_T1_GTR___standard,,,,,L_T1_GTR03_33000001,,,,43,35,53,455355335460454435600000242530000007523322536000525355452250454443464300,,00001156,,,,,,,,43,1,0,5,5,1156,,444252325452453544454534535424552434233445532422432344223525453223543434324335,AAABCBDBCACBACDCAAACACDACDCABACCBADABDDAACCDBABBADBDAABBDCBCACDBBDCADADADBADDC,AAABBCBDACBCACCDAAACACADCDACABCCABADBDADACCDABBBADBDAABBCDBCACBDBDACADADBDADCD,,,2,1156,,,,,,,,,,,,,
190259,86,,,,,,,,,53,52,24,455442225546454234456443242335360007524553522660525434355266454434454233,,00000592,,,,,,,,42,6,0,2,2,592,,44425232545245354445453453542455243423344553242243234422352545322354343243355352,AAABCBDBCACBACDCAAACACDACDCABACCBADABDDAACCDBABBADBDAABBDCBCACDBBDCADADBADDCCDCB,AAABBCBDACBCACCDAAACACADCDACABCCABADBDADACCDABBBADBDAABBCDBCACBDBDACADBDADCDCDBC,,,1,592,,,,,L_T1_GTR___standard,,,,,L_T1_GTR03_33000001,,,,35,53,52,455355335460454435600000242534300007523322536000525355452250454443464300,,00001164,,,,,,,,44,2,0,8,8,1164,,44425232545245354445453453542455243423344553242243234422352545322354343432433553,AAABCBDBCACBACDCAAACACDACDCABACCBADABDDAACCDBABBADBDAABBDCBCACDBBDCADADADBADDCCD,AAABBCBDACBCACCDAAACACADCDACABCCABADBDADACCDABBBADBDAABBCDBCACBDBDACADADBDADCDCD,,,2,1164,,,,,,,,,,,,,
190302,87,,,,,,,,,52,24,34,455442225546454234456443242335360007524553522660525434355266454434454233,,00000593,,,,,,,,43,7,0,1,1,593,,4442523254524535444545345354245524342334455324224323442235254532235434324335535224,AAABCBDBCACBACDCAAACACDACDCABACCBADABDDAACCDBABBADBDAABBDCBCACDBBDCADADBADDCCDCBBA,AAABBCBDACBCACCDAAACACADCDACABCCABADBDADACCDABBBADBDAABBCDBCACBDBDACADBDADCDCDBCAB,,,1,593,,,,,L_T1_GTR___standard,,,,,L_T1_GTR03_33000001,,,,35,53,52,455355335460454435600000242534300007523322536000525355452250454443464300,,00001164,,,,,,,,44,2,0,8,8,1164,,44425232545245354445453453542455243423344553242243234422352545322354343432433553,AAABCBDBCACBACDCAAACACDACDCABACCBADABDDAACCDBABBADBDAABBDCBCACDBBDCADADADBADDCCD,AAABBCBDACBCACCDAAACACADCDACABCCABADBDADACCDABBBADBDAABBCDBCACBDBDACADADBDADCDCD,,,2,1164,,,,,,,,,,,,,
190316,88,,,,,,,,,52,24,34,455442225546454234456443242335360007524553522660525434355266454434454233,,00000593,,,,,,,,43,7,0,1,1,593,,4442523254524535444545345354245524342334455324224323442235254532235434324335535224,AAABCBDBCACBACDCAAACACDACDCABACCBADABDDAACCDBABBADBDAABBDCBCACDBBDCADADBADDCCDCBBA,AAABBCBDACBCACCDAAACACADCDACABCCABADBDADACCDABBBADBDAABBCDBCACBDBDACADBDADCDCDBCAB,,,1,593,,,,,L_T1_GTR___standard,,,,,L_T1_GTR03_33000001,,,,53,52,24,455355335460454435600000242534330007523322536500525355452250454443464300,,00001168,,,,,,,,45,3,0,4,4,1168,,4442523254524535444545345354245524342334455324224323442235254532235434343243355352,AAABCBDBCACBACDCAAACACDACDCABACCBADABDDAACCDBABBADBDAABBDCBCACDBBDCADADADBADDCCDCB,AAABBCBDACBCACCDAAACACADCDACABCCABADBDADACCDABBBADBDAABBCDBCACBDBDACADADBDADCDCDBC,,,2,1168,,,,,,,,,,,,,
190347,89,,,,,,,,,52,24,34,455442225546454234456443242335360007524553522660525434355266454434454233,,00000593,,,,,,,,43,7,0,1,1,593,,4442523254524535444545345354245524342334455324224323442235254532235434324335535224,AAABCBDBCACBACDCAAACACDACDCABACCBADABDDAACCDBABBADBDAABBDCBCACDBBDCADADBADDCCDCBBA,AAABBCBDACBCACCDAAACACADCDACABCCABADBDADACCDABBBADBDAABBCDBCACBDBDACADBDADCDCDBCAB,,,1,593,,,,,L_T1_GTR___standard,,,,,L_T1_GTR03_33000001,,,,,52,24,455355335460454435600000242534333507523322536500525355452250454443464300,,bb40abb1,,,,,,,,46,0,1,bb40abb1,40,1208,,4442523254524535444545345354245524342334455324224323442235254532235434343243355352,AAABCBDBCACBACDCAAACACDACDCABACCBADABDDAACCDBABBADBDAABBDCBCACDBBDCADADADBADDCCDCB,AAABBCBDACBCACCDAAACACADCDACABCCABADBDADACCDABBBADBDAABBCDBCACBDBDACADADBDADCDCDBC,,,2,1208,,,,,,,,,,,,,
190368,90,,,,,,,,,24,34,52,455442225546454234456443242335362007524553522665525434355266454434454233,,00000595,,,,,,,,44,8,0,2,2,595,,444252325452453544454534535424552434233445532422432344223525453223543432433553522434,AAABCBDBCACBACDCAAACACDACDCABACCBADABDDAACCDBABBADBDAABBDCBCACDBBDCADADBADDCCDCBBADA,AAABBCBDACBCACCDAAACACADCDACABCCABADBDADACCDABBBADBDAABBCDBCACBDBDACADBDADCDCDBCABAD,,,1,595,,,,,L_T1_GTR___standard,,,,,L_T1_GTR03_33000001,,,,,52,24,455355335460454435600000242534333507523322536500525355452250454443464300,,bb40abb1,,,,,,,,46,0,1,bb40abb1,40,1208,,4442523254524535444545345354245524342334455324224323442235254532235434343243355352,AAABCBDBCACBACDCAAACACDACDCABACCBADABDDAACCDBABBADBDAABBDCBCACDBBDCADADADBADDCCDCB,AAABBCBDACBCACCDAAACACADCDACABCCABADBDADACCDABBBADBDAABBCDBCACBDBDACADADBDADCDCDBC,,,2,1208,,,,,,,,,,,,,
190432,91,,,,,,,,,24,34,52,455442225546454234456443242335362007524553522665525434355266454434454233,,00000595,,,,,,,,44,8,0,2,2,595,,444252325452453544454534535424552434233445532422432344223525453223543432433553522434,AAABCBDBCACBACDCAAACACDACDCABACCBADABDDAACCDBABBADBDAABBDCBCACDBBDCADADBADDCCDCBBADA,AAABBCBDACBCACCDAAACACADCDACABCCABADBDADACCDABBBADBDAABBCDBCACBDBDACADBDADCDCDBCABAD,,,1,595,,,,,L_T1_GTR___standard,,,,,L_T1_GTR03_33000001,,,,,52,24,455355335460454435000000242534500007523322550000525355452250454443464300,,bb40abb8,,,,,,,,47,0,2,bb40abb8,320,1528,,4442523254524535444545345354245524342334455324224323442235254532235434343243355352,AAABCBDBCACBACDCAAACACDACDCABACCBADABDDAACCDBABBADBDAABBDCBCACDBBDCADADADBADDCCDCB,AAABBCBDACBCACCDAAACACADCDACABCCABADBDADACCDABBBADBDAABBCDBCACBDBDACADADBDADCDCDBC,,,2,1528,,,,,,,,,,,,,
190435,92,,,,,,,,,,34,52,455442225546454234456443242335362427524553522665525434355266454434454233,,bb40abb1,,,,,,,,45,0,1,bb40abb1,40,635,,444252325452453544454534535424552434233445532422432344223525453223543432433553522434,AAABCBDBCACBACDCAAACACDACDCABACCBADABDDAACCDBABBADBDAABBDCBCACDBBDCADADBADDCCDCBBADA,AAABBCBDACBCACCDAAACACADCDACABCCABADBDADACCDABBBADBDAABBCDBCACBDBDACADBDADCDCDBCABAD,,,1,635,,,,,L_T1_GTR___standard,,,,,L_T1_GTR03_33000001,,,,,52,24,455355335460454435000000242534500007523322550000525355452250454443464300,,bb40abb8,,,,,,,,47,0,2,bb40abb8,320,1528,,4442523254524535444545345354245524342334455324224323442235254532235434343243355352,AAABCBDBCACBACDCAAACACDACDCABACCBADABDDAACCDBABBADBDAABBDCBCACDBBDCADADADBADDCCDCB,AAABBCBDACBCACCDAAACACADCDACABCCABADBDADACCDABBBADBDAABBCDBCACBDBDACADADBDADCDCDBC,,,2,1528,,,,,,,,,,,,,
190517,93,,,,,,,,,,34,52,455442225560454234453600242335362207524553522650525434355266454434454233,,bb40abb8,,,,,,,,46,0,2,bb40abb8,320,955,,444252325452453544454534535424552434233445532422432344223525453223543432433553522434,AAABCBDBCACBACDCAAACACDACDCABACCBADABDDAACCDBABBADBDAABBDCBCACDBBDCADADBADDCCDCBBADA,AAABBCBDACBCACCDAAACACADCDACABCCABADBDADACCDABBBADBDAABBCDBCACBDBDACADBDADCDCDBCABAD,,,2,955,,,,,L_T1_GTR___standard,,,,,L_T1_GTR03_33000001,,,,,52,24,455355335460454435000000242534500007523322550000525355452250454443464300,,bb40abb8,,,,,,,,47,0,2,bb40abb8,320,1528,,4442523254524535444545345354245524342334455324224323442235254532235434343243355352,AAABCBDBCACBACDCAAACACDACDCABACCBADABDDAACCDBABBADBDAABBDCBCACDBBDCADADADBADDCCDCB,AAABBCBDACBCACCDAAACACADCDACABCCABADBDADACCDABBBADBDAABBCDBCACBDBDACADADBDADCDCDBC,,,2,1528,,,,,,,,,,,,,
190521,94,,,,,,,,,,34,52,455442225560454234453600242335362207524553522650525434355266454434454233,,bb40abb8,,,,,,,,46,0,2,bb40abb8,320,955,,444252325452453544454534535424552434233445532422432344223525453223543432433553522434,AAABCBDBCACBACDCAAACACDACDCABACCBADABDDAACCDBABBADBDAABBDCBCACDBBDCADADBADDCCDCBBADA,AAABBCBDACBCACCDAAACACADCDACABCCABADBDADACCDABBBADBDAABBCDBCACBDBDACADBDADCDCDBCABAD,,,2,955,,,,,L_T1_GTR___standard,,,,,L_T1_GTR03_33000001,,,,52,24,34,455355335460454435000000242534000007523322000000525355422500454443443000,,00001533,,,,,,,,48,1,0,5,5,1533,,444252325452453544454534535424552434233445532422432344223525453223543434324335535224,AAABCBDBCACBACDCAAACACDACDCABACCBADABDDAACCDBABBADBDAABBDCBCACDBBDCADADADBADDCCDCBBA,AAABBCBDACBCACCDAAACACADCDACABCCABADBDADACCDABBBADBDAABBCDBCACBDBDACADADBDADCDCDBCAB,,,2,1533,,,,,,,,,,,,,
190574,95,,,,,,,,,,34,52,455442225560454234453600242335362207524553522650525434355266454434454233,,bb40abb8,,,,,,,,46,0,2,bb40abb8,320,955,,444252325452453544454534535424552434233445532422432344223525453223543432433553522434,AAABCBDBCACBACDCAAACACDACDCABACCBADABDDAACCDBABBADBDAABBDCBCACDBBDCADADBADDCCDCBBADA,AAABBCBDACBCACCDAAACACADCDACABCCABADBDADACCDABBBADBDAABBCDBCACBDBDACADBDADCDCDBCABAD,,,2,955,,,,,L_T1_GTR___standard,,,,,L_T1_GTR03_33000001,,,,24,34,52,455355335460454435250000242534000007523322000000525355422500454443443000,,00001539,,,,,,,,49,2,0,6,6,1539,,44425232545245354445453453542455243423344553242243234422352545322354343432433553522434,AAABCBDBCACBACDCAAACACDACDCABACCBADABDDAACCDBABBADBDAABBDCBCACDBBDCADADADBADDCCDCBBADA,AAABBCBDACBCACCDAAACACADCDACABCCABADBDADACCDABBBADBDAABBCDBCACBDBDACADADBDADCDCDBCABAD,,,2,1539,,,,,,,,,,,,,
190609,96,,,,,,,,,,34,52,455442225560454234453000242335300007524553550000525434355266454434454233,,bb50ab18,,,,,,,,47,0,3,bb50ab18,900,1855,,444252325452453544454534535424552434233445532422432344223525453223543432433553522434,AAABCBDBCACBACDCAAACACDACDCABACCBADABDDAACCDBABBADBDAABBDCBCACDBBDCADADBADDCCDCBBADA,AAABBCBDACBCACCDAAACACADCDACABCCABADBDADACCDABBBADBDAABBCDBCACBDBDACADBDADCDCDBCABAD,,,3,1855,,,,,L_T1_GTR___standard,,,,,L_T1_GTR03_33000001,,,,24,34,52,455355335460454435250000242534000007523322000000525355422500454443443000,,00001539,,,,,,,,49,2,0,6,6,1539,,44425232545245354445453453542455243423344553242243234422352545322354343432433553522434,AAABCBDBCACBACDCAAACACDACDCABACCBADABDDAACCDBABBADBDAABBDCBCACDBBDCADADADBADDCCDCBBADA,AAABBCBDACBCACCDAAACACADCDACABCCABADBDADACCDABBBADBDAABBCDBCACBDBDACADADBDADCDCDBCABAD,,,2,1539,,,,,,,,,,,,,
190668,97,,,,,,,,,,34,52,455442225560454234453000242335300007524553550000525434355266454434454233,,bb50ab18,,,,,,,,47,0,3,bb50ab18,900,1855,,444252325452453544454534535424552434233445532422432344223525453223543432433553522434,AAABCBDBCACBACDCAAACACDACDCABACCBADABDDAACCDBABBADBDAABBDCBCACDBBDCADADBADDCCDCBBADA,AAABBCBDACBCACCDAAACACADCDACABCCABADBDADACCDABBBADBDAABBCDBCACBDBDACADBDADCDCDBCABAD,,,3,1855,,,,,L_T1_GTR___standard,,,,,L_T1_GTR03_33000001,,,,34,52,34,455355335460454435254000242534200007523322000000525355422500454443443000,,00001543,,,,,,,,50,3,0,4,4,1543,,4442523254524535444545345354245524342334455324224323442235254532235434343243355352243452,AAABCBDBCACBACDCAAACACDACDCABACCBADABDDAACCDBABBADBDAABBDCBCACDBBDCADADADBADDCCDCBBADACB,AAABBCBDACBCACCDAAACACADCDACABCCABADBDADACCDABBBADBDAABBCDBCACBDBDACADADBDADCDCDBCABADBC,,,2,1543,,,,,,,,,,,,,
190690,98,,,,,,,,,,34,52,455442225560454234453000242335300007524553000000525434326650454434442335,,bb40ab32,,,,,,,,48,0,4,bb40ab32,1280,3135,,444252325452453544454534535424552434233445532422432344223525453223543432433553522434,AAABCBDBCACBACDCAAACACDACDCABACCBADABDDAACCDBABBADBDAABBDCBCACDBBDCADADBADDCCDCBBADA,AAABBCBDACBCACCDAAACACADCDACABCCABADBDADACCDABBBADBDAABBCDBCACBDBDACADBDADCDCDBCABAD,,,4,3135,,,,,L_T1_GTR___standard,,,,,L_T1_GTR03_33000001,,,,34,52,34,455355335460454435254000242534200007523322000000525355422500454443443000,,00001543,,,,,,,,50,3,0,4,4,1543,,4442523254524535444545345354245524342334455324224323442235254532235434343243355352243452,AAABCBDBCACBACDCAAACACDACDCABACCBADABDDAACCDBABBADBDAABBDCBCACDBBDCADADADBADDCCDCBBADACB,AAABBCBDACBCACCDAAACACADCDACABCCABADBDADACCDABBBADBDAABBCDBCACBDBDACADADBDADCDCDBCABADBC,,,2,1543,,,,,,,,,,,,,
190705,99,,,,,,,,,,34,52,455442225560454234453000242335300007524553000000525434326650454434442335,,bb40ab32,,,,,,,,48,0,4,bb40ab32,1280,3135,,444252325452453544454534535424552434233445532422432344223525453223543432433553522434,AAABCBDBCACBACDCAAACACDACDCABACCBADABDDAACCDBABBADBDAABBDCBCACDBBDCADADBADDCCDCBBADA,AAABBCBDACBCACCDAAACACADCDACABCCABADBDADACCDABBBADBDAABBCDBCACBDBDACADBDADCDCDBCABAD,,,4,3135,,,,,L_T1_GTR___standard,,,,,L_T1_GTR03_33000001,,,,52,34,32,455355335460454435254000242534200007523322000000525355422500454443443340,,00001547,,,,,,,,51,4,0,4,4,1547,,444252325452453544454534535424552434233445532422432344223525453223543434324335535224345234,AAABCBDBCACBACDCAAACACDACDCABACCBADABDDAACCDBABBADBDAABBDCBCACDBBDCADADADBADDCCDCBBADACBDA,AAABBCBDACBCACCDAAACACADCDACABCCABADBDADACCDABBBADBDAABBCDBCACBDBDACADADBDADCDCDBCABADBCAD,,,2,1547,,,,,,,,,,,,,
190763,100,,,,,,,,,,34,52,455442225560454234453000242335300007524553000000525434326650454434442335,,bb40ab32,,,,,,,,48,0,4,bb40ab32,1280,3135,,444252325452453544454534535424552434233445532422432344223525453223543432433553522434,AAABCBDBCACBACDCAAACACDACDCABACCBADABDDAACCDBABBADBDAABBDCBCACDBBDCADADBADDCCDCBBADA,AAABBCBDACBCACCDAAACACADCDACABCCABADBDADACCDABBBADBDAABBCDBCACBDBDACADBDADCDCDBCABAD,,,4,3135,,,,,L_T1_GTR___standard,,,,,L_T1_GTR03_33000001,,,,34,32,35,455355335460454435254000242534220007523322500000525355422500454443443340,,00001553,,,,,,,,52,5,0,6,6,1553,,44425232545245354445453453542455243423344553242243234422352545322354343432433553522434523432,AAABCBDBCACBACDCAAACACDACDCABACCBADABDDAACCDBABBADBDAABBDCBCACDBBDCADADADBADDCCDCBBADACBDADB,AAABBCBDACBCACCDAAACACADCDACABCCABADBDADACCDABBBADBDAABBCDBCACBDBDACADADBDADCDCDBCABADBCADBD,,,2,1553,,,,,,,,,,,,,
190775,101,,,,,,,,,,34,52,455442225560454234453000242335300007524553000000525433266500454432335000,,bb40ab64,,,,,,,,49,0,5,bb40ab64,2560,5695,,444252325452453544454534535424552434233445532422432344223525453223543432433553522434,AAABCBDBCACBACDCAAACACDACDCABACCBADABDDAACCDBABBADBDAABBDCBCACDBBDCADADBADDCCDCBBADA,AAABBCBDACBCACCDAAACACADCDACABCCABADBDADACCDABBBADBDAABBCDBCACBDBDACADBDADCDCDBCABAD,,,5,5695,,,,,L_T1_GTR___standard,,,,,L_T1_GTR03_33000001,,,,34,32,35,455355335460454435254000242534220007523322500000525355422500454443443340,,00001553,,,,,,,,52,5,0,6,6,1553,,44425232545245354445453453542455243423344553242243234422352545322354343432433553522434523432,AAABCBDBCACBACDCAAACACDACDCABACCBADABDDAACCDBABBADBDAABBDCBCACDBBDCADADADBADDCCDCBBADACBDADB,AAABBCBDACBCACCDAAACACADCDACABCCABADBDADACCDABBBADBDAABBCDBCACBDBDACADADBDADCDCDBCABADBCADBD,,,2,1553,,,,,,,,,,,,,
190800,102,,,,,,,,,,34,52,455442225560454234453000242335300007524553000000525433266500454432335000,,bb40ab64,,,,,,,,49,0,5,bb40ab64,2560,5695,,444252325452453544454534535424552434233445532422432344223525453223543432433553522434,AAABCBDBCACBACDCAAACACDACDCABACCBADABDDAACCDBABBADBDAABBDCBCACDBBDCADADBADDCCDCBBADA,AAABBCBDACBCACCDAAACACADCDACABCCABADBDADACCDABBBADBDAABBCDBCACBDBDACADBDADCDCDBCABAD,,,5,5695,,,,,L_T1_GTR___standard,,,,,L_T1_GTR03_33000001,,,,32,35,44,455355335460454435254000242534220007523322543000525355422500454443443340,,00001558,,,,,,,,53,6,0,5,5,1558,,4442523254524535444545345354245524342334455324224323442235254532235434343243355352243452343235,AAABCBDBCACBACDCAAACACDACDCABACCBADABDDAACCDBABBADBDAABBDCBCACDBBDCADADADBADDCCDCBBADACBDADBDC,AAABBCBDACBCACCDAAACACADCDACABCCABADBDADACCDABBBADBDAABBCDBCACBDBDACADADBDADCDCDBCABADBCADBDCD,,,2,1558,,,,,,,,,,,,,
190843,103,,,,,,,,,,34,52,455442225560454234453000242335300007524553000000525433266500454432335000,,bb40ab64,,,,,,,,49,0,5,bb40ab64,2560,5695,,444252325452453544454534535424552434233445532422432344223525453223543432433553522434,AAABCBDBCACBACDCAAACACDACDCABACCBADABDDAACCDBABBADBDAABBDCBCACDBBDCADADBADDCCDCBBADA,AAABBCBDACBCACCDAAACACADCDACABCCABADBDADACCDABBBADBDAABBCDBCACBDBDACADBDADCDCDBCABAD,,,5,5695,,,,,L_T1_GTR___standard,,,,,L_T1_GTR03_33000001,,,,,35,44,455355335460454435254000242534222007523322543300525355422500454443443340,,bb40abb1,,,,,,,,54,0,1,bb40abb1,40,1598,,4442523254524535444545345354245524342334455324224323442235254532235434343243355352243452343235,AAABCBDBCACBACDCAAACACDACDCABACCBADABDDAACCDBABBADBDAABBDCBCACDBBDCADADADBADDCCDCBBADACBDADBDC,AAABBCBDACBCACCDAAACACADCDACABCCABADBDADACCDABBBADBDAABBCDBCACBDBDACADADBDADCDCDBCABADBCADBDCD,,,2,1598,,,,,,,,,,,,,
190868,104,,,,,,,,,34,52,34,455442225560454234453000242335300007524550000000525426650000454423350000,,00005698,,,,,,,,50,1,0,3,3,5698,,44425232545245354445453453542455243423344553242243234422352545322354343243355352243452,AAABCBDBCACBACDCAAACACDACDCABACCBADABDDAACCDBABBADBDAABBDCBCACDBBDCADADBADDCCDCBBADACB,AAABBCBDACBCACCDAAACACADCDACABCCABADBDADACCDABBBADBDAABBCDBCACBDBDACADBDADCDCDBCABADBC,,,5,5698,,,,,L_T1_GTR___standard,,,,,L_T1_GTR03_33000001,,,,,35,44,455355335460454435254000242534222007523322543300525355422500454443443340,,bb40abb1,,,,,,,,54,0,1,bb40abb1,40,1598,,4442523254524535444545345354245524342334455324224323442235254532235434343243355352243452343235,AAABCBDBCACBACDCAAACACDACDCABACCBADABDDAACCDBABBADBDAABBDCBCACDBBDCADADADBADDCCDCBBADACBDADBDC,AAABBCBDACBCACCDAAACACADCDACABCCABADBDADACCDABBBADBDAABBCDBCACBDBDACADADBDADCDCDBCABADBCADBDCD,,,2,1598,,,,,,,,,,,,,
190923,105,,,,,,,,,34,52,34,455442225560454234453000242335300007524550000000525426650000454423350000,,00005698,,,,,,,,50,1,0,3,3,5698,,44425232545245354445453453542455243423344553242243234422352545322354343243355352243452,AAABCBDBCACBACDCAAACACDACDCABACCBADABDDAACCDBABBADBDAABBDCBCACDBBDCADADBADDCCDCBBADACB,AAABBCBDACBCACCDAAACACADCDACABCCABADBDADACCDABBBADBDAABBCDBCACBDBDACADBDADCDCDBCABADBC,,,5,5698,,,,,L_T1_GTR___standard,,,,,L_T1_GTR03_33000001,,,,,35,44,455355335460454435540000242534000007523322543300525355422500454443443340,,bb40abb8,,,,,,,,55,0,2,bb40abb8,320,1918,,4442523254524535444545345354245524342334455324224323442235254532235434343243355352243452343235,AAABCBDBCACBACDCAAACACDACDCABACCBADABDDAACCDBABBADBDAABBDCBCACDBBDCADADADBADDCCDCBBADACBDADBDC,AAABBCBDACBCACCDAAACACADCDACABCCABADBDADACCDABBBADBDAABBCDBCACBDBDACADADBDADCDCDBCABADBCADBDCD,,,2,1918,,,,,,,,,,,,,
190975,106,,,,,,,,,52,34,32,455442225560454234453000242335340007524553000000525426650000454423350000,,00005702,,,,,,,,51,2,0,4,4,5702,,4442523254524535444545345354245524342334455324224323442235254532235434324335535224345234,AAABCBDBCACBACDCAAACACDACDCABACCBADABDDAACCDBABBADBDAABBDCBCACDBBDCADADBADDCCDCBBADACBDA,AAABBCBDACBCACCDAAACACADCDACABCCABADBDADACCDABBBADBDAABBCDBCACBDBDACADBDADCDCDBCABADBCAD,,,5,5702,,,,,L_T1_GTR___standard,,,,,L_T1_GTR03_33000001,,,,,35,44,455355335460454435540000242534000007523322543300525355422500454443443340,,bb40abb8,,,,,,,,55,0,2,bb40abb8,320,1918,,4442523254524535444545345354245524342334455324224323442235254532235434343243355352243452343235,AAABCBDBCACBACDCAAACACDACDCABACCBADABDDAACCDBABBADBDAABBDCBCACDBBDCADADADBADDCCDCBBADACBDADBDC,AAABBCBDACBCACCDAAACACADCDACABCCABADBDADACCDABBBADBDAABBCDBCACBDBDACADADBDADCDCDBCABADBCADBDCD,,,2,1918,,,,,,,,,,,,,
191005,107,,,,,,,,,52,34,32,455442225560454234453000242335340007524553000000525426650000454423350000,,00005702,,,,,,,,51,2,0,4,4,5702,,4442523254524535444545345354245524342334455324224323442235254532235434324335535224345234,AAABCBDBCACBACDCAAACACDACDCABACCBADABDDAACCDBABBADBDAABBDCBCACDBBDCADADBADDCCDCBBADACBDA,AAABBCBDACBCACCDAAACACADCDACABCCABADBDADACCDABBBADBDAABBCDBCACBDBDACADBDADCDCDBCABADBCAD,,,5,5702,,,,,L_T1_GTR___standard,,,,,L_T1_GTR03_33000001,,,,,35,44,455333546000454434000000242534000007523322543300525355422500454443443340,,bb50ab18,,,,,,,,56,0,3,bb50ab18,900,2818,,4442523254524535444545345354245524342334455324224323442235254532235434343243355352243452343235,AAABCBDBCACBACDCAAACACDACDCABACCBADABDDAACCDBABBADBDAABBDCBCACDBBDCADADADBADDCCDCBBADACBDADBDC,AAABBCBDACBCACCDAAACACADCDACABCCABADBDADACCDABBBADBDAABBCDBCACBDBDACADADBDADCDCDBCABADBCADBDCD,,,3,2818,,,,,,,,,,,,,
191036,108,,,,,,,,,34,32,35,455442225560454234453000242335342007524553500000525426650000454423350000,,00005707,,,,,,,,52,3,0,5,5,5707,,444252325452453544454534535424552434233445532422432344223525453223543432433553522434523432,AAABCBDBCACBACDCAAACACDACDCABACCBADABDDAACCDBABBADBDAABBDCBCACDBBDCADADBADDCCDCBBADACBDADB,AAABBCBDACBCACCDAAACACADCDACABCCABADBDADACCDABBBADBDAABBCDBCACBDBDACADBDADCDCDBCABADBCADBD,,,5,5707,,,,,L_T1_GTR___standard,,,,,L_T1_GTR03_33000001,,,,,35,44,455333546000454434000000242534000007523322543300525355422500454443443340,,bb50ab18,,,,,,,,56,0,3,bb50ab18,900,2818,,4442523254524535444545345354245524342334455324224323442235254532235434343243355352243452343235,AAABCBDBCACBACDCAAACACDACDCABACCBADABDDAACCDBABBADBDAABBDCBCACDBBDCADADADBADDCCDCBBADACBDADBDC,AAABBCBDACBCACCDAAACACADCDACABCCABADBDADACCDABBBADBDAABBCDBCACBDBDACADADBDADCDCDBCABADBCADBDCD,,,3,2818,,,,,,,,,,,,,
191089,109,,,,,,,,,34,32,35,455442225560454234453000242335342007524553500000525426650000454423350000,,00005707,,,,,,,,52,3,0,5,5,5707,,444252325452453544454534535424552434233445532422432344223525453223543432433553522434523432,AAABCBDBCACBACDCAAACACDACDCABACCBADABDDAACCDBABBADBDAABBDCBCACDBBDCADADBADDCCDCBBADACBDADB,AAABBCBDACBCACCDAAACACADCDACABCCABADBDADACCDABBBADBDAABBCDBCACBDBDACADBDADCDCDBCABADBCADBD,,,5,5707,,,,,L_T1_GTR___standard,,,,,L_T1_GTR03_33000001,,,,,35,44,455546000000454440000000242540000007523322543300525355422500454443443340,,bb90ab37,,,,,,,,57,0,4,bb90ab37,3330,6148,,4442523254524535444545345354245524342334455324224323442235254532235434343243355352243452343235,AAABCBDBCACBACDCAAACACDACDCABACCBADABDDAACCDBABBADBDAABBDCBCACDBBDCADADADBADDCCDCBBADACBDADBDC,AAABBCBDACBCACCDAAACACADCDACABCCABADBDADACCDABBBADBDAABBCDBCACBDBDACADADBDADCDCDBCABADBCADBDCD,,,4,6148,,,,,,,,,,,,,
191100,110,,,,,,,,,32,35,44,455442225560454234453000242335342007524553540000525426653000454423350000,,00005712,,,,,,,,53,4,0,5,5,5712,,44425232545245354445453453542455243423344553242243234422352545322354343243355352243452343235,AAABCBDBCACBACDCAAACACDACDCABACCBADABDDAACCDBABBADBDAABBDCBCACDBBDCADADBADDCCDCBBADACBDADBDC,AAABBCBDACBCACCDAAACACADCDACABCCABADBDADACCDABBBADBDAABBCDBCACBDBDACADBDADCDCDBCABADBCADBDCD,,,5,5712,,,,,L_T1_GTR___standard,,,,,L_T1_GTR03_33000001,,,,,35,44,455546000000454440000000242540000007523322543300525355422500454443443340,,bb90ab37,,,,,,,,57,0,4,bb90ab37,3330,6148,,4442523254524535444545345354245524342334455324224323442235254532235434343243355352243452343235,AAABCBDBCACBACDCAAACACDACDCABACCBADABDDAACCDBABBADBDAABBDCBCACDBBDCADADADBADDCCDCBBADACBDADBDC,AAABBCBDACBCACCDAAACACADCDACABCCABADBDADACCDABBBADBDAABBCDBCACBDBDACADADBDADCDCDBCABADBCADBDCD,,,4,6148,,,,,,,,,,,,,
191135,111,,,,,,,,,35,44,23,455442225560454234453300242335342207524553540000525426653000454423350000,,00005716,,,,,,,,54,5,0,4,4,5716,,4442523254524535444545345354245524342334455324224323442235254532235434324335535224345234323544,AAABCBDBCACBACDCAAACACDACDCABACCBADABDDAACCDBABBADBDAABBDCBCACDBBDCADADBADDCCDCBBADACBDADBDCAA,AAABBCBDACBCACCDAAACACADCDACABCCABADBDADACCDABBBADBDAABBCDBCACBDBDACADBDADCDCDBCABADBCADBDCDAA,,,5,5716,,,,,L_T1_GTR___standard,,,,,L_T1_GTR03_33000001,,,,,35,44,455546000000454440000000242540000007523322543300525355422500454443443340,,bb90ab37,,,,,,,,57,0,4,bb90ab37,3330,6148,,4442523254524535444545345354245524342334455324224323442235254532235434343243355352243452343235,AAABCBDBCACBACDCAAACACDACDCABACCBADABDDAACCDBABBADBDAABBDCBCACDBBDCADADADBADDCCDCBBADACBDADBDC,AAABBCBDACBCACCDAAACACADCDACABCCABADBDADACCDABBBADBDAABBCDBCACBDBDACADADBDADCDCDBCABADBCADBDCD,,,4,6148,,,,,,,,,,,,,
191192,112,,,,,,,,,44,23,25,455442225560454234453300242335342207524553540000525426653300454423355000,,00005720,,,,,,,,55,6,0,4,4,5720,,444252325452453544454534535424552434233445532422432344223525453223543432433553522434523432354423,AAABCBDBCACBACDCAAACACDACDCABACCBADABDDAACCDBABBADBDAABBDCBCACDBBDCADADBADDCCDCBBADACBDADBDCAABD,AAABBCBDACBCACCDAAACACADCDACABCCABADBDADACCDABBBADBDAABBCDBCACBDBDACADBDADCDCDBCABADBCADBDCDAABD,,,5,5720,,,,,L_T1_GTR___standard,,,,,L_T1_GTR03_33000001,,,,,35,44,455546000000454440000000242540000007523322543300525355422500454443443340,,bb90ab37,,,,,,,,57,0,4,bb90ab37,3330,6148,,4442523254524535444545345354245524342334455324224323442235254532235434343243355352243452343235,AAABCBDBCACBACDCAAACACDACDCABACCBADABDDAACCDBABBADBDAABBDCBCACDBBDCADADADBADDCCDCBBADACBDADBDC,AAABBCBDACBCACCDAAACACADCDACABCCABADBDADACCDABBBADBDAABBCDBCACBDBDACADADBDADCDCDBCABADBCADBDCD,,,4,6148,,,,,,,,,,,,,
191210,113,,,,,,,,,44,23,25,455442225560454234453300242335342207524553540000525426653300454423355000,,00005720,,,,,,,,55,6,0,4,4,5720,,444252325452453544454534535424552434233445532422432344223525453223543432433553522434523432354423,AAABCBDBCACBACDCAAACACDACDCABACCBADABDDAACCDBABBADBDAABBDCBCACDBBDCADADBADDCCDCBBADACBDADBDCAABD,AAABBCBDACBCACCDAAACACADCDACABCCABADBDADACCDABBBADBDAABBCDBCACBDBDACADBDADCDCDBCABADBCADBDCDAABD,,,5,5720,,,,,L_T1_GTR___standard,,,,,L_T1_GTR03_33000001,,,,35,44,23,400000000000400000000000242560000007523322543360525355422500454443443340,,00006152,,,,,,,,58,1,0,4,4,6152,,444252325452453544454534535424552434233445532422432344223525453223543434324335535224345234323544,AAABCBDBCACBACDCAAACACDACDCABACCBADABDDAACCDBABBADBDAABBDCBCACDBBDCADADADBADDCCDCBBADACBDADBDCAA,AAABBCBDACBCACCDAAACACADCDACABCCABADBDADACCDABBBADBDAABBCDBCACBDBDACADADBDADCDCDBCABADBCADBDCDAA,,,4,6152,,,,,,,,,,,,,
191225,114,,,,,,,,,,23,25,455442225560454234453300242335342207524553544400525426653300454423355000,,bb40abb1,,,,,,,,56,0,1,bb40abb1,40,5760,,444252325452453544454534535424552434233445532422432344223525453223543432433553522434523432354423,AAABCBDBCACBACDCAAACACDACDCABACCBADABDDAACCDBABBADBDAABBDCBCACDBBDCADADBADDCCDCBBADACBDADBDCAABD,AAABBCBDACBCACCDAAACACADCDACABCCABADBDADACCDABBBADBDAABBCDBCACBDBDACADBDADCDCDBCABADBCADBDCDAABD,,,5,5760,,,,,L_T1_GTR___standard,,,,,L_T1_GTR03_33000001,,,,35,44,23,400000000000400000000000242560000007523322543360525355422500454443443340,,00006152,,,,,,,,58,1,0,4,4,6152,,444252325452453544454534535424552434233445532422432344223525453223543434324335535224345234323544,AAABCBDBCACBACDCAAACACDACDCABACCBADABDDAACCDBABBADBDAABBDCBCACDBBDCADADADBADDCCDCBBADACBDADBDCAA,AAABBCBDACBCACCDAAACACADCDACABCCABADBDADACCDABBBADBDAABBCDBCACBDBDACADADBDADCDCDBCABADBCADBDCDAA,,,4,6152,,,,,,,,,,,,,
191257,115,,,,,,,,,,23,25,455442225560454234453300242335342207524553544400525426653300454423355000,,bb40abb1,,,,,,,,56,0,1,bb40abb1,40,5760,,444252325452453544454534535424552434233445532422432344223525453223543432433553522434523432354423,AAABCBDBCACBACDCAAACACDACDCABACCBADABDDAACCDBABBADBDAABBDCBCACDBBDCADADBADDCCDCBBADACBDADBDCAABD,AAABBCBDACBCACCDAAACACADCDACABCCABADBDADACCDABBBADBDAABBCDBCACBDBDACADBDADCDCDBCABADBCADBDCDAABD,,,5,5760,,,,,L_T1_GTR___standard,,,,,L_T1_GTR03_33000001,,,,44,23,25,400000000000400000000000242560000007523322543360525355422553454443443340,,00006154,,,,,,,,59,2,0,2,2,6154,,44425232545245354445453453542455243423344553242243234422352545322354343432433553522434523432354423,AAABCBDBCACBACDCAAACACDACDCABACCBADABDDAACCDBABBADBDAABBDCBCACDBBDCADADADBADDCCDCBBADACBDADBDCAABD,AAABBCBDACBCACCDAAACACADCDACABCCABADBDADACCDABBBADBDAABBCDBCACBDBDACADADBDADCDCDBCABADBCADBDCDAABD,,,4,6154,,,,,,,,,,,,,
191316,116,,,,,,,,,23,25,35,455442225560454234453300242335322007524553500000525426653300454423350000,,00005764,,,,,,,,57,1,0,4,4,5764,,44425232545245354445453453542455243423344553242243234422352545322354343243355352243452343235442325,AAABCBDBCACBACDCAAACACDACDCABACCBADABDDAACCDBABBADBDAABBDCBCACDBBDCADADBADDCCDCBBADACBDADBDCAABDBC,AAABBCBDACBCACCDAAACACADCDACABCCABADBDADACCDABBBADBDAABBCDBCACBDBDACADBDADCDCDBCABADBCADBDCDAABDBC,,,5,5764,,,,,L_T1_GTR___standard,,,,,L_T1_GTR03_33000001,,,,44,23,25,400000000000400000000000242560000007523322543360525355422553454443443340,,00006154,,,,,,,,59,2,0,2,2,6154,,44425232545245354445453453542455243423344553242243234422352545322354343432433553522434523432354423,AAABCBDBCACBACDCAAACACDACDCABACCBADABDDAACCDBABBADBDAABBDCBCACDBBDCADADADBADDCCDCBBADACBDADBDCAABD,AAABBCBDACBCACCDAAACACADCDACABCCABADBDADACCDABBBADBDAABBCDBCACBDBDACADADBDADCDCDBCABADBCADBDCDAABD,,,4,6154,,,,,,,,,,,,,
191378,117,,,,,,,,,23,25,35,455442225560454234453300242335322007524553500000525426653300454423350000,,00005764,,,,,,,,57,1,0,4,4,5764,,44425232545245354445453453542455243423344553242243234422352545322354343243355352243452343235442325,AAABCBDBCACBACDCAAACACDACDCABACCBADABDDAACCDBABBADBDAABBDCBCACDBBDCADADBADDCCDCBBADACBDADBDCAABDBC,AAABBCBDACBCACCDAAACACADCDACABCCABADBDADACCDABBBADBDAABBCDBCACBDBDACADBDADCDCDBCABADBCADBDCDAABDBC,,,5,5764,,,,,L_T1_GTR___standard,,,,,L_T1_GTR03_33000001,,,,23,25,35,460000000000400000000000242560000007523322543360525355422553454443443344,,00006156,,,,,,,,60,3,0,2,2,6156,,4442523254524535444545345354245524342334455324224323442235254532235434343243355352243452343235442325,AAABCBDBCACBACDCAAACACDACDCABACCBADABDDAACCDBABBADBDAABBDCBCACDBBDCADADADBADDCCDCBBADACBDADBDCAABDBC,AAABBCBDACBCACCDAAACACADCDACABCCABADBDADACCDABBBADBDAABBCDBCACBDBDACADADBDADCDCDBCABADBCADBDCDAABDBC,,,4,6156,,,,,,,,,,L_T1_GTR03_31110001,,,
191385,118,,,,,,,,,25,35,25,455442225560454234453300242335322007524553520000525426653330454423355000,,00005767,,,,,,,,58,2,0,3,3,5767,,4442523254524535444545345354245524342334455324224323442235254532235434324335535224345234323544232535,AAABCBDBCACBACDCAAACACDACDCABACCBADABDDAACCDBABBADBDAABBDCBCACDBBDCADADBADDCCDCBBADACBDADBDCAABDBCDC,AAABBCBDACBCACCDAAACACADCDACABCCABADBDADACCDABBBADBDAABBCDBCACBDBDACADBDADCDCDBCABADBCADBDCDAABDBCCD,,,5,5767,,,,,L_T1_GTR___standard,,,,,L_T1_GTR03_33000001,,,,23,25,35,460000000000400000000000242560000007523322543360525355422553454443443344,,00006156,,,,,,,,60,3,0,2,2,6156,,4442523254524535444545345354245524342334455324224323442235254532235434343243355352243452343235442325,AAABCBDBCACBACDCAAACACDACDCABACCBADABDDAACCDBABBADBDAABBDCBCACDBBDCADADADBADDCCDCBBADACBDADBDCAABDBC,AAABBCBDACBCACCDAAACACADCDACABCCABADBDADACCDABBBADBDAABBCDBCACBDBDACADADBDADCDCDBCABADBCADBDCDAABDBC,,,4,6156,,,,,,,,,,L_T1_GTR03_31110001,,,
191411,119,,,,,,,,,,35,25,455442225560454234453300242335322007524553522500525426653330454423355000,,bb40abb1,,,,,,,,59,0,1,bb40abb1,40,5807,,4442523254524535444545345354245524342334455324224323442235254532235434324335535224345234323544232535,AAABCBDBCACBACDCAAACACDACDCABACCBADABDDAACCDBABBADBDAABBDCBCACDBBDCADADBADDCCDCBBADACBDADBDCAABDBCDC,AAABBCBDACBCACCDAAACACADCDACABCCABADBDADACCDABBBADBDAABBCDBCACBDBDACADBDADCDCDBCABADBCADBDCDAABDBCCD,,,5,5807,,,,,L_T1_GTR___standard,,,,,L_T1_GTR03_33000001,,,,23,25,35,460000000000400000000000242560000007523322543360525355422553454443443344,,00006156,,,,,,,,60,3,0,2,2,6156,,4442523254524535444545345354245524342334455324224323442235254532235434343243355352243452343235442325,AAABCBDBCACBACDCAAACACDACDCABACCBADABDDAACCDBABBADBDAABBDCBCACDBBDCADADADBADDCCDCBBADACBDADBDCAABDBC,AAABBCBDACBCACCDAAACACADCDACABCCABADBDADACCDABBBADBDAABBCDBCACBDBDACADADBDADCDCDBCABADBCADBDCDAABDBC,,,4,6156,,,,,,,,,,L_T1_GTR03_31110001,,,
191450,120,,,,,,,,,,35,25,455442225560454234453300242335322007524553522500525426653330454423355000,,bb40abb1,,,,,,,,59,0,1,bb40abb1,40,5807,,4442523254524535444545345354245524342334455324224323442235254532235434324335535224345234323544232535,AAABCBDBCACBACDCAAACACDACDCABACCBADABDDAACCDBABBADBDAABBDCBCACDBBDCADADBADDCCDCBBADACBDADBDCAABDBCDC,AAABBCBDACBCACCDAAACACADCDACABCCABADBDADACCDABBBADBDAABBCDBCACBDBDACADBDADCDCDBCABADBCADBDCDAABDBCCD,,,5,5807,,,,,L_T1_GTR___standard,,,,,L_T1_GTR03_33000001,,,,25,35,25,460000000000400000000000242562000007523322543363525355422553454443443344,,00006158,,,,,,,,61,4,0,2,2,6158,,444252325452453544454534535424552434233445532422432344223525453223543434324335535224345234323544232535,AAABCBDBCACBACDCAAACACDACDCABACCBADABDDAACCDBABBADBDAABBDCBCACDBBDCADADADBADDCCDCBBADACBDADBDCAABDBCDC,AAABBCBDACBCACCDAAACACADCDACABCCABADBDADACCDABBBADBDAABBCDBCACBDBDACADADBDADCDCDBCABADBCADBDCDAABDBCCD,,,4,6158,,,,,,,,,,L_T1_GTR03_31110001,,,
191478,121,,,,,,,,,,35,25,455442225560454234453300242335322007524553522500525426653330454423355000,,bb40abb1,,,,,,,,59,0,1,bb40abb1,40,5807,,4442523254524535444545345354245524342334455324224323442235254532235434324335535224345234323544232535,AAABCBDBCACBACDCAAACACDACDCABACCBADABDDAACCDBABBADBDAABBDCBCACDBBDCADADBADDCCDCBBADACBDADBDCAABDBCDC,AAABBCBDACBCACCDAAACACADCDACABCCABADBDADACCDABBBADBDAABBCDBCACBDBDACADBDADCDCDBCABADBCADBDCDAABDBCCD,,,5,5807,,,,,L_T1_GTR___standard,,,,,L_T1_GTR03_33000001,,,,,35,25,460000000000400000000000242562250007523322543363525355422553454443443344,,bb40abb1,,,,,,,,62,0,1,bb40abb1,40,6198,,444252325452453544454534535424552434233445532422432344223525453223543434324335535224345234323544232535,AAABCBDBCACBACDCAAACACDACDCABACCBADABDDAACCDBABBADBDAABBDCBCACDBBDCADADADBADDCCDCBBADACBDADBDCAABDBCDC,AAABBCBDACBCACCDAAACACADCDACABCCABADBDADACCDABBBADBDAABBCDBCACBDBDACADADBDADCDCDBCABADBCADBDCDAABDBCCD,,,4,6198,,,,,,,,,,L_T1_GTR03_31110001,,,
191492,122,,,,,,,,,,35,25,455442225560454234453300242335300007524553550000525426653330454423355000,,bb50ab10,,,,,,,,60,0,2,bb50ab10,500,6307,,4442523254524535444545345354245524342334455324224323442235254532235434324335535224345234323544232535,AAABCBDBCACBACDCAAACACDACDCABACCBADABDDAACCDBABBADBDAABBDCBCACDBBDCADADBADDCCDCBBADACBDADBDCAABDBCDC,AAABBCBDACBCACCDAAACACADCDACABCCABADBDADACCDABBBADBDAABBCDBCACBDBDACADBDADCDCDBCABADBCADBDCDAABDBCCD,,,5,6307,,,,,L_T1_GTR___standard,,,,,L_T1_GTR03_33000001,,,,,35,25,460000000000400000000000242562250007523322543363525355422553454443443344,,bb40abb1,,,,,,,,62,0,1,bb40abb1,40,6198,,444252325452453544454534535424552434233445532422432344223525453223543434324335535224345234323544232535,AAABCBDBCACBACDCAAACACDACDCABACCBADABDDAACCDBABBADBDAABBDCBCACDBBDCADADADBADDCCDCBBADACBDADBDCAABDBCDC,AAABBCBDACBCACCDAAACACADCDACABCCABADBDADACCDABBBADBDAABBCDBCACBDBDACADADBDADCDCDBCABADBCADBDCDAABDBCCD,,,4,6198,,,,,,,,,,L_T1_GTR03_31110001,,,
191563,123,,,,,,,,,,35,25,455442225560454234453300242335300007524553550000525426653330454423355000,,bb50ab10,,,,,,,,60,0,2,bb50ab10,500,6307,,4442523254524535444545345354245524342334455324224323442235254532235434324335535224345234323544232535,AAABCBDBCACBACDCAAACACDACDCABACCBADABDDAACCDBABBADBDAABBDCBCACDBBDCADADBADDCCDCBBADACBDADBDCAABDBCDC,AAABBCBDACBCACCDAAACACADCDACABCCABADBDADACCDABBBADBDAABBCDBCACBDBDACADBDADCDCDBCABADBCADBDCDAABDBCCD,,,5,6307,,,,,L_T1_GTR___standard,,,,,L_T1_GTR03_33000001,,,,,35,25,460000000000400000000000242550000007523354336300525355422553454443443344,,bb50ab10,,,,,,,,63,0,2,bb50ab10,500,6698,,444252325452453544454534535424552434233445532422432344223525453223543434324335535224345234323544232535,AAABCBDBCACBACDCAAACACDACDCABACCBADABDDAACCDBABBADBDAABBDCBCACDBBDCADADADBADDCCDCBBADACBDADBDCAABDBCDC,AAABBCBDACBCACCDAAACACADCDACABCCABADBDADACCDABBBADBDAABBCDBCACBDBDACADADBDADCDCDBCABADBCADBDCDAABDBCCD,,,4,6698,,,,,,,,,,L_T1_GTR03_31110001,,,
191575,124,,,,,,,,,,35,25,455442225560454234453300242335300007524553000000525426333000454423300000,,bb50ab18,,,,,,,,61,0,3,bb50ab18,900,7207,,4442523254524535444545345354245524342334455324224323442235254532235434324335535224345234323544232535,AAABCBDBCACBACDCAAACACDACDCABACCBADABDDAACCDBABBADBDAABBDCBCACDBBDCADADBADDCCDCBBADACBDADBDCAABDBCDC,AAABBCBDACBCACCDAAACACADCDACABCCABADBDADACCDABBBADBDAABBCDBCACBDBDACADBDADCDCDBCABADBCADBDCDAABDBCCD,,,5,7207,,,,,L_T1_GTR___standard,,,,,L_T1_GTR03_33000001,,,,,35,25,460000000000400000000000242550000007523354336300525355422553454443443344,,bb50ab10,,,,,,,,63,0,2,bb50ab10,500,6698,,444252325452453544454534535424552434233445532422432344223525453223543434324335535224345234323544232535,AAABCBDBCACBACDCAAACACDACDCABACCBADABDDAACCDBABBADBDAABBDCBCACDBBDCADADADBADDCCDCBBADACBDADBDCAABDBCDC,AAABBCBDACBCACCDAAACACADCDACABCCABADBDADACCDABBBADBDAABBCDBCACBDBDACADADBDADCDCDBCABADBCADBDCDAABDBCCD,,,4,6698,,,,,,,,,,L_T1_GTR03_31110001,,,
191643,125,,,,,,,,,35,25,45,455442225560454234453300242335300007524553000000525420000000454420000000,,00007213,,,,,,,,62,1,0,6,6,7213,,444252325452453544454534535424552434233445532422432344223525453223543432433553522434523432354423253525,AAABCBDBCACBACDCAAACACDACDCABACCBADABDDAACCDBABBADBDAABBDCBCACDBBDCADADBADDCCDCBBADACBDADBDCAABDBCDCBC,AAABBCBDACBCACCDAAACACADCDACABCCABADBDADACCDABBBADBDAABBCDBCACBDBDACADBDADCDCDBCABADBCADBDCDAABDBCCDBC,,,5,7213,,,,,L_T1_GTR___standard,,,,,L_T1_GTR03_33000001,,,,,35,25,460000000000400000000000242550000007523354336300525355422553454443443344,,bb50ab10,,,,,,,,63,0,2,bb50ab10,500,6698,,444252325452453544454534535424552434233445532422432344223525453223543434324335535224345234323544232535,AAABCBDBCACBACDCAAACACDACDCABACCBADABDDAACCDBABBADBDAABBDCBCACDBBDCADADADBADDCCDCBBADACBDADBDCAABDBCDC,AAABBCBDACBCACCDAAACACADCDACABCCABADBDADACCDABBBADBDAABBCDBCACBDBDACADADBDADCDCDBCABADBCADBDCDAABDBCCD,,,4,6698,,,,,,,,,,L_T1_GTR03_31110001,,,
191644,126,,,,,,,,,35,25,45,455442225560454234453300242335300007524553000000525420000000454420000000,,00007213,,,,,,,,62,1,0,6,6,7213,,444252325452453544454534535424552434233445532422432344223525453223543432433553522434523432354423253525,AAABCBDBCACBACDCAAACACDACDCABACCBADABDDAACCDBABBADBDAABBDCBCACDBBDCADADBADDCCDCBBADACBDADBDCAABDBCDCBC,AAABBCBDACBCACCDAAACACADCDACABCCABADBDADACCDABBBADBDAABBCDBCACBDBDACADBDADCDCDBCABADBCADBDCDAABDBCCDBC,,,5,7213,,,,,L_T1_GTR___standard,,,,,L_T1_GTR03_33000001,,,,,35,25,460000000000400000000000242000000007523343363000525342255300454443443344,,bb50ab18,,,,,,,,64,0,3,bb50ab18,900,7598,,444252325452453544454534535424552434233445532422432344223525453223543434324335535224345234323544232535,AAABCBDBCACBACDCAAACACDACDCABACCBADABDDAACCDBABBADBDAABBDCBCACDBBDCADADADBADDCCDCBBADACBDADBDCAABDBCDC,AAABBCBDACBCACCDAAACACADCDACABCCABADBDADACCDABBBADBDAABBCDBCACBDBDACADADBDADCDCDBCABADBCADBDCDAABDBCCD,,,4,7598,,,,,,,,,,L_T1_GTR03_31110001,,,
191681,127,,,,,,,,,25,45,33,455442225560454234453300242335300007524553350000525420000000454420000000,,00007219,,,,,,,,63,2,0,6,6,7219,,44425232545245354445453453542455243423344553242243234422352545322354343243355352243452343235442325352545,AAABCBDBCACBACDCAAACACDACDCABACCBADABDDAACCDBABBADBDAABBDCBCACDBBDCADADBADDCCDCBBADACBDADBDCAABDBCDCBCAC,AAABBCBDACBCACCDAAACACADCDACABCCABADBDADACCDABBBADBDAABBCDBCACBDBDACADBDADCDCDBCABADBCADBDCDAABDBCCDBCAC,,,5,7219,,,,,L_T1_GTR___standard,,,,,L_T1_GTR03_33000001,,,,,35,25,460000000000400000000000242000000007523343363000525342255300454443443344,,bb50ab18,,,,,,,,64,0,3,bb50ab18,900,7598,,444252325452453544454534535424552434233445532422432344223525453223543434324335535224345234323544232535,AAABCBDBCACBACDCAAACACDACDCABACCBADABDDAACCDBABBADBDAABBDCBCACDBBDCADADADBADDCCDCBBADACBDADBDCAABDBCDC,AAABBCBDACBCACCDAAACACADCDACABCCABADBDADACCDABBBADBDAABBCDBCACBDBDACADADBDADCDCDBCABADBCADBDCDAABDBCCD,,,4,7598,,,,,,,,,,L_T1_GTR03_31110001,,,
191726,128,,,,,,,,,45,33,52,455442225560454234453300242335300007524553350000525425000000454422000000,,00007227,,,,,,,,64,3,0,8,8,7227,,4442523254524535444545345354245524342334455324224323442235254532235434324335535224345234323544232535254533,AAABCBDBCACBACDCAAACACDACDCABACCBADABDDAACCDBABBADBDAABBDCBCACDBBDCADADBADDCCDCBBADACBDADBDCAABDBCDCBCACDD,AAABBCBDACBCACCDAAACACADCDACABCCABADBDADACCDABBBADBDAABBCDBCACBDBDACADBDADCDCDBCABADBCADBDCDAABDBCCDBCACDD,,,5,7227,,,,,L_T1_GTR___standard,,,,,L_T1_GTR03_33000001,,,,,35,25,460000000000400000000000242000000007523343363000525342255300454443443344,,bb50ab18,,,,,,,,64,0,3,bb50ab18,900,7598,,444252325452453544454534535424552434233445532422432344223525453223543434324335535224345234323544232535,AAABCBDBCACBACDCAAACACDACDCABACCBADABDDAACCDBABBADBDAABBDCBCACDBBDCADADADBADDCCDCBBADACBDADBDCAABDBCDC,AAABBCBDACBCACCDAAACACADCDACABCCABADBDADACCDABBBADBDAABBCDBCACBDBDACADADBDADCDCDBCABADBCADBDCDAABDBCCD,,,4,7598,,,,,,,,,,L_T1_GTR03_31110001,,,
191730,129,,,,,,,,,45,33,52,455442225560454234453300242335300007524553350000525425000000454422000000,,00007227,,,,,,,,64,3,0,8,8,7227,,4442523254524535444545345354245524342334455324224323442235254532235434324335535224345234323544232535254533,AAABCBDBCACBACDCAAACACDACDCABACCBADABDDAACCDBABBADBDAABBDCBCACDBBDCADADBADDCCDCBBADACBDADBDCAABDBCDCBCACDD,AAABBCBDACBCACCDAAACACADCDACABCCABADBDADACCDABBBADBDAABBCDBCACBDBDACADBDADCDCDBCABADBCADBDCDAABDBCCDBCACDD,,,5,7227,,,,,L_T1_GTR___standard,,,,,L_T1_GTR03_33000001,,,,,35,25,460000000000400000000000242000000007523333630000525322553000453443344400,,bb50ab34,,,,,,,,65,0,4,bb50ab34,1700,9298,,444252325452453544454534535424552434233445532422432344223525453223543434324335535224345234323544232535,AAABCBDBCACBACDCAAACACDACDCABACCBADABDDAACCDBABBADBDAABBDCBCACDBBDCADADADBADDCCDCBBADACBDADBDCAABDBCDC,AAABBCBDACBCACCDAAACACADCDACABCCABADBDADACCDABBBADBDAABBCDBCACBDBDACADADBDADCDCDBCABADBCADBDCDAABDBCCD,,,4,9298,,,,,,,,,,L_T1_GTR03_31110001,,,
191825,130,,,,,,,,,45,33,52,455442225560454234453300242335300007524553350000525425000000454422000000,,00007227,,,,,,,,64,3,0,8,8,7227,,4442523254524535444545345354245524342334455324224323442235254532235434324335535224345234323544232535254533,AAABCBDBCACBACDCAAACACDACDCABACCBADABDDAACCDBABBADBDAABBDCBCACDBBDCADADBADDCCDCBBADACBDADBDCAABDBCDCBCACDD,AAABBCBDACBCACCDAAACACADCDACABCCABADBDADACCDABBBADBDAABBCDBCACBDBDACADBDADCDCDBCABADBCADBDCDAABDBCCDBCACDD,,,5,7227,,,,,L_T1_GTR___standard,,,,,L_T1_GTR03_33000001,,,,35,25,45,460000000000400000000000242000000007523000000000525225530000453443344400,,00009305,,,,,,,,66,1,0,7,7,9305,,44425232545245354445453453542455243423344553242243234422352545322354343432433553522434523432354423253525,AAABCBDBCACBACDCAAACACDACDCABACCBADABDDAACCDBABBADBDAABBDCBCACDBBDCADADADBADDCCDCBBADACBDADBDCAABDBCDCBC,AAABBCBDACBCACCDAAACACADCDACABCCABADBDADACCDABBBADBDAABBCDBCACBDBDACADADBDADCDCDBCABADBCADBDCDAABDBCCDBC,,,4,9305,,,,,,,,,,L_T1_GTR03_31110001,,,
191872,131,,,,,,,,,45,33,52,455442225560454234453300242335300007524553350000525425000000454422000000,,00007227,,,,,,,,64,3,0,8,8,7227,,4442523254524535444545345354245524342334455324224323442235254532235434324335535224345234323544232535254533,AAABCBDBCACBACDCAAACACDACDCABACCBADABDDAACCDBABBADBDAABBDCBCACDBBDCADADBADDCCDCBBADACBDADBDCAABDBCDCBCACDD,AAABBCBDACBCACCDAAACACADCDACABCCABADBDADACCDABBBADBDAABBCDBCACBDBDACADBDADCDCDBCABADBCADBDCDAABDBCCDBCACDD,,,5,7227,,,,,L_T1_GTR___standard,,,,,L_T1_GTR03_33000001,,,,25,45,33,460000000000400000000000242000000007523000000000525225533500453443344400,,00009310,,,,,,,,67,2,0,5,5,9310,,4442523254524535444545345354245524342334455324224323442235254532235434343243355352243452343235442325352545,AAABCBDBCACBACDCAAACACDACDCABACCBADABDDAACCDBABBADBDAABBDCBCACDBBDCADADADBADDCCDCBBADACBDADBDCAABDBCDCBCAC,AAABBCBDACBCACCDAAACACADCDACABCCABADBDADACCDABBBADBDAABBCDBCACBDBDACADADBDADCDCDBCABADBCADBDCDAABDBCCDBCAC,,,4,9310,,,,,,,,,,L_T1_GTR03_31110001,,,
191896,132,,,,,,,,,33,52,24,455442225566454234453366242335366667524553354666525425566660454422266600,,00007231,,,,,,,,65,4,0,4,4,7231,,444252325452453544454534535424552434233445532422432344223525453223543432433553522434523432354423253525453352,AAABCBDBCACBACDCAAACACDACDCABACCBADABDDAACCDBABBADBDAABBDCBCACDBBDCADADBADDCCDCBBADACBDADBDCAABDBCDCBCACDDCB,AAABBCBDACBCACCDAAACACADCDACABCCABADBDADACCDABBBADBDAABBCDBCACBDBDACADBDADCDCDBCABADBCADBDCDAABDBCCDBCACDDBC,,,5,7231,,,,,L_T1_GTR___standard,,,,,L_T1_GTR03_33000001,,,,25,45,33,460000000000400000000000242000000007523000000000525225533500453443344400,,00009310,,,,,,,,67,2,0,5,5,9310,,4442523254524535444545345354245524342334455324224323442235254532235434343243355352243452343235442325352545,AAABCBDBCACBACDCAAACACDACDCABACCBADABDDAACCDBABBADBDAABBDCBCACDBBDCADADADBADDCCDCBBADACBDADBDCAABDBCDCBCAC,AAABBCBDACBCACCDAAACACADCDACABCCABADBDADACCDABBBADBDAABBCDBCACBDBDACADADBDADCDCDBCABADBCADBDCDAABDBCCDBCAC,,,4,9310,,,,,,,,,,L_T1_GTR03_31110001,,,
191910,133,,,,,,,,,,52,24,455442225566454234453366242335366663524553354666525420066660454420666600,,00007233,,,,,lose,,,66,4,0,2,2,7233,,444252325452453544454534535424552434233445532422432344223525453223543432433553522434523432354423253525453352,AAABCBDBCACBACDCAAACACDACDCABACCBADABDDAACCDBABBADBDAABBDCBCACDBBDCADADBADDCCDCBBADACBDADBDCAABDBCDCBCACDDCB,AAABBCBDACBCACCDAAACACADCDACABCCABADBDADACCDABBBADBDAABBCDBCACBDBDACADBDADCDCDBCABADBCADBDCDAABDBCCDBCACDDBC,,,5,7233,,,,,L_T1_GTR___standard,,,,,L_T1_GTR03_33000001,,,,25,45,33,460000000000400000000000242000000007523000000000525225533500453443344400,,00009310,,,,,,,,67,2,0,5,5,9310,,4442523254524535444545345354245524342334455324224323442235254532235434343243355352243452343235442325352545,AAABCBDBCACBACDCAAACACDACDCABACCBADABDDAACCDBABBADBDAABBDCBCACDBBDCADADADBADDCCDCBBADACBDADBDCAABDBCDCBCAC,AAABBCBDACBCACCDAAACACADCDACABCCABADBDADACCDABBBADBDAABBCDBCACBDBDACADADBDADCDCDBCABADBCADBDCDAABDBCCDBCAC,,,4,9310,,,,,,,,,,L_T1_GTR03_31110001,,,
191918,133,,,,,,,,,,52,24,455442225566454234453366242335366663524553354666525420066660454420666600,,00007233,,,,,lose,,,66,4,0,2,2,7233,,444252325452453544454534535424552434233445532422432344223525453223543432433553522434523432354423253525453352,AAABCBDBCACBACDCAAACACDACDCABACCBADABDDAACCDBABBADBDAABBDCBCACDBBDCADADBADDCCDCBBADACBDADBDCAABDBCDCBCACDDCB,AAABBCBDACBCACCDAAACACADCDACABCCABADBDADACCDABBBADBDAABBCDBCACBDBDACADBDADCDCDBCABADBCADBDCDAABDBCCDBCACDDBC,,,5,7233,,,,,L_T1_GTR___standard,,,,,L_T1_GTR03_33000001,,,,,45,33,460000000000400000000000242000000007523200000000525225533550453443344400,,00009313,,,,,win,,,68,2,0,3,3,9313,,4442523254524535444545345354245524342334455324224323442235254532235434343243355352243452343235442325352545,AAABCBDBCACBACDCAAACACDACDCABACCBADABDDAACCDBABBADBDAABBDCBCACDBBDCADADADBADDCCDCBBADACBDADBDCAABDBCDCBCAC,AAABBCBDACBCACCDAAACACADCDACABCCABADBDADACCDABBBADBDAABBCDBCACBDBDACADADBDADCDCDBCABADBCADBDCDAABDBCCDBCAC,,,4,9313,,,,,,,,,,L_T1_GTR03_31110001,,,
