214255,0,,,,,,,,,,33,13,000000000000000000000000000000000007000000000000000000000000000000000000,000000,00000000,,,,,,,,0,0,0,0,0,0,,33,AA,AA,,,0,0,,,,,,,,,,,,,,,33,13,000000000000000000000000000000000007000000000000000000000000000000000000,000000,00000000,,,,,,,,0,0,0,0,0,0,,33,AA,AA,,,0,0,,,,,,,,,,,,,
214407,2,,,,,,,,,33,13,31,000000000000000000000000000000000007000000000000000000000000000000000000,,00000000,,,,,,,,1,1,0,0,0,0,,3313,AABA,AAAB,,,0,0,,,,,,,,,,,,,,33,13,31,000000000000000000000000000000000007000000000000000000000000000000000000,,00000000,,,,,,,,1,1,0,0,0,0,,3313,AABA,AAAB,,,0,0,,,,,,,,,,,,,
214455,4,,,,,,,,,13,31,34,300000000000300000000000000000000007000000000000000000000000000000000000,,00000013,,,,,,,,2,2,0,13,13,13,,331331,AABAAB,AAABAB,,,0,13,,,,,,,,,,,,,,13,31,34,300000000000300000000000000000000007000000000000000000000000000000000000,,00000013,,,,,,,,2,2,0,13,13,13,,331331,AABAAB,AAABAB,,,0,13,,,,,,,,,,,,,
214508,6,,,,,,,,,31,34,11,300000000000300000000000130000000007000000000000000000000000000000000000,,00000027,,,,,,,,3,3,0,14,14,27,,33133134,AABAABAC,AAABABAC,,,0,27,,,,,,,,,,,,,,31,34,11,300000000000300000000000130000000007000000000000000000000000000000000000,,00000026,,,,,,,,3,3,0,13,13,26,,33133134,AABAABAC,AAABABAC,,,0,26,,,,,,,,,,,,,
214557,8,,,,,,,,,34,11,24,300000000000300000000000130000000007310000000000000000000000000000000000,,00000039,,,,,,,,4,4,0,12,12,39,,3313313411,AABAABACBB,AAABABACBB,,,0,39,,,,,,,,,,L_T1_GTR03_32100001,,,,34,11,24,300000000000300000000000130000000007310000000000000000000000000000000000,,00000039,,,,,,,,4,4,0,13,13,39,,3313313411,AABAABACBB,AAABABACBB,,,0,39,,,,,,,,,,L_T1_GTR03_32100001,,,
214611,9,,,,,,,,,34,11,24,300000000000300000000000130000000007310000000000000000000000000000000000,,00000039,,,,,,,,4,4,0,12,12,39,,3313313411,AABAABACBB,AAABABACBB,,,0,39,,,,,,,,,,L_T1_GTR03_32100001,,,,11,24,23,300000000000300000000000130000000007310000000000300000000000400000000000,,00000052,,,,,,,,5,5,0,13,13,52,,331331341124,AABAABACBBDC,AAABABACBBCD,,,0,52,,,,,,,,,,L_T1_GTR03_51000001,,,
214613,10,,,,,,,,,11,24,23,300000000000300000000000130000000007310000000000300000000000400000000000,,00000052,,,,,,,,5,5,0,13,13,52,,331331341124,AABAABACBBDC,AAABABACBBCD,,,0,52,,,,,,,,,,L_T1_GTR03_51000001,,,,11,24,23,300000000000300000000000130000000007310000000000300000000000400000000000,,00000052,,,,,,,,5,5,0,13,13,52,,331331341124,AABAABACBBDC,AAABABACBBCD,,,0,52,,,,,,,,,,L_T1_GTR03_51000001,,,
214663,11,,,,,,,,,11,24,23,300000000000300000000000130000000007310000000000300000000000400000000000,,00000052,,,,,,,,5,5,0,13,13,52,,331331341124,AABAABACBBDC,AAABABACBBCD,,,0,52,,,,,,,,,,L_T1_GTR03_51000001,,,,24,23,44,300000000000300000000000130000000007310000000000310000000000410000000000,,00000064,,,,,,,,6,6,0,12,12,64,,33133134112423,AABAABACBBDCDA,AAABABACBBCDAD,,,0,64,,,,,,,,,,L_T1_GTR03_51000001,,,
214667,12,,,,,,,,,24,23,44,300000000000300000000000130000000007310000000000310000000000410000000000,,00000064,,,,,,,,6,6,0,12,12,64,,33133134112423,AABAABACBBDCDA,AAABABACBBCDAD,,,0,64,,,,,,,,,,L_T1_GTR03_51000001,,,,24,23,44,300000000000300000000000130000000007310000000000310000000000410000000000,,00000064,,,,,,,,6,6,0,12,12,64,,33133134112423,AABAABACBBDCDA,AAABABACBBCDAD,,,0,64,,,,,,,,,,L_T1_GTR03_51000001,,,
214709,13,,,,,,,,,24,23,44,300000000000300000000000130000000007310000000000310000000000410000000000,,00000064,,,,,,,,6,6,0,12,12,64,,33133134112423,AABAABACBBDCDA,AAABABACBBCDAD,,,0,64,,,,,,,,,,L_T1_GTR03_51000001,,,,23,44,24,300000000000300000000000130000000007314200000000310000000000410000000000,,00000074,,,,,,,,7,7,0,10,10,74,,3313313411242344,AABAABACBBDCDACC,AAABABACBBCDADCC,,,0,74,,,,,,,,,,L_T1_GTR03_51000001,,,
214714,14,,,,,,,,,23,44,24,300000000000300000000000130000000007314200000000310000000000410000000000,,00000074,,,,,,,,7,7,0,10,10,74,,3313313411242344,AABAABACBBDCDACC,AAABABACBBCDADCC,,,0,74,,,,,,,,,,L_T1_GTR03_51000001,,,,23,44,24,300000000000300000000000130000000007314200000000310000000000410000000000,,00000074,,,,,,,,7,7,0,10,10,74,,3313313411242344,AABAABACBBDCDACC,AAABABACBBCDADCC,,,0,74,,,,,,,,,,L_T1_GTR03_51000001,,,
214762,15,,,,,,,,,23,44,24,300000000000300000000000130000000007314200000000310000000000410000000000,,00000074,,,,,,,,7,7,0,10,10,74,,3313313411242344,AABAABACBBDCDACC,AAABABACBBCDADCC,,,0,74,,,,,,,,,,L_T1_GTR03_51000001,,,,44,24,44,300000000000323000000000130000000007314200000000310000000000410000000000,,00000086,,,,,,,,8,8,0,12,12,86,,331331341124234424,AABAABACBBDCDACCDC,AAABABACBBCDADCCCD,,,0,86,,,,,,,,,,L_T1_GTR03_51000001/L_T1_GTR03_41100001,,,
214763,16,,,,,,,,,44,24,44,300000000000323000000000130000000007314200000000310000000000410000000000,,00000085,,,,,,,,8,8,0,11,11,85,,331331341124234424,AABAABACBBDCDACCDC,AAABABACBBCDADCCCD,,,0,85,,,,,,,,,,L_T1_GTR03_51000001/L_T1_GTR03_41100001,,,,44,24,44,300000000000323000000000130000000007314200000000310000000000410000000000,,00000086,,,,,,,,8,8,0,12,12,86,,331331341124234424,AABAABACBBDCDACCDC,AAABABACBBCDADCCCD,,,0,86,,,,,,,,,,L_T1_GTR03_51000001/L_T1_GTR03_41100001,,,
214809,17,,,,,,,,,44,24,44,300000000000323000000000130000000007314200000000310000000000410000000000,,00000085,,,,,,,,8,8,0,11,11,85,,331331341124234424,AABAABACBBDCDACCDC,AAABABACBBCDADCCCD,,,0,85,,,,,,,,,,L_T1_GTR03_51000001/L_T1_GTR03_41100001,,,,24,44,44,300000000000323000000000130000000007314200000000314000000000414000000000,,00000097,,,,,,,,9,9,0,11,11,97,,33133134112423442444,AABAABACBBDCDACCDCCC,AAABABACBBCDADCCCDCC,,,0,97,,,,,,,,,,L_T1_GTR03_51000001/L_T1_GTR03_41100001,,,
214815,18,,,,,,,,,24,44,44,300000000000323000000000130000000007314200000000314000000000414000000000,,00000096,,,,,,,,9,9,0,11,11,96,,33133134112423442444,AABAABACBBDCDACCDCCC,AAABABACBBCDADCCCDCC,,,0,96,,,,,,,,,,L_T1_GTR03_51000001/L_T1_GTR03_41100001,,,,24,44,44,300000000000323000000000130000000007314200000000314000000000414000000000,,00000097,,,,,,,,9,9,0,11,11,97,,33133134112423442444,AABAABACBBDCDACCDCCC,AAABABACBBCDADCCCDCC,,,0,97,,,,,,,,,,L_T1_GTR03_51000001/L_T1_GTR03_41100001,,,
214863,19,,,,,,,,,24,44,44,300000000000323000000000130000000007314200000000314000000000414000000000,,00000096,,,,,,,,9,9,0,11,11,96,,33133134112423442444,AABAABACBBDCDACCDCCC,AAABABACBBCDADCCCDCC,,,0,96,,,,,,,,,,L_T1_GTR03_51000001/L_T1_GTR03_41100001,,,,44,44,14,324000000000323000000000130000000007314200000000314000000000414000000000,,00000109,,,,,,,,10,10,0,12,12,109,,3313313411242344244444,AABAABACBBDCDACCDCCCCC,AAABABACBBCDADCCCDCCCC,,,0,109,,,,,L_T1_GTR___hekomi__,,,,,L_T1_GTR03_51000001,,,
214867,20,,,,,,,,,44,44,14,324000000000323000000000130000000007314200000000314000000000414000000000,,00000108,,,,,,,,10,10,0,12,12,108,,3313313411242344244444,AABAABACBBDCDACCDCCCCC,AAABABACBBCDADCCCDCCCC,,,0,108,,,,,L_T1_GTR___hekomi__,,,,,L_T1_GTR03_51000001,,,,44,44,14,324000000000323000000000130000000007314200000000314000000000414000000000,,00000109,,,,,,,,10,10,0,12,12,109,,3313313411242344244444,AABAABACBBDCDACCDCCCCC,AAABABACBBCDADCCCDCCCC,,,0,109,,,,,L_T1_GTR___hekomi__,,,,,L_T1_GTR03_51000001,,,
214907,21,,,,,,,,,44,44,14,324000000000323000000000130000000007314200000000314000000000414000000000,,00000108,,,,,,,,10,10,0,12,12,108,,3313313411242344244444,AABAABACBBDCDACCDCCCCC,AAABABACBBCDADCCCDCCCC,,,0,108,,,,,L_T1_GTR___hekomi__,,,,,L_T1_GTR03_51000001,,,,44,14,41,324400000000323400000000130000000007314200000000314000000000414000000000,,00000119,,,,,,,,11,11,0,10,10,119,,331331341124234424444414,AABAABACBBDCDACCDCCCCCBC,AAABABACBBCDADCCCDCCCCBC,,,0,119,,,,,L_T1_GTR___hekomi__,,,,,L_T1_GTR03_51000001,,,
214914,22,,,,,,,,,44,14,41,324400000000323400000000130000000007314200000000314000000000414000000000,,00000118,,,,,,,,11,11,0,10,10,118,,331331341124234424444414,AABAABACBBDCDACCDCCCCCBC,AAABABACBBCDADCCCDCCCCBC,,,0,118,,,,,L_T1_GTR___hekomi__,,,,,L_T1_GTR03_51000001,,,,44,14,41,324400000000323400000000130000000007314200000000314000000000414000000000,,00000119,,,,,,,,11,11,0,10,10,119,,331331341124234424444414,AABAABACBBDCDACCDCCCCCBC,AAABABACBBCDADCCCDCCCCBC,,,0,119,,,,,L_T1_GTR___hekomi__,,,,,L_T1_GTR03_51000001,,,
214944,23,,,,,,,,,44,14,41,324400000000323400000000130000000007314200000000314000000000414000000000,,00000118,,,,,,,,11,11,0,10,10,118,,331331341124234424444414,AABAABACBBDCDACCDCCCCCBC,AAABABACBBCDADCCCDCCCCBC,,,0,118,,,,,L_T1_GTR___hekomi__,,,,,L_T1_GTR03_51000001,,,,,14,41,324400000000323400000000134400000007314200000000314000000000414000000000,,bb80abb5,,,,,,,,12,0,1,bb80abb5,400,519,,331331341124234424444414,AABAABACBBDCDACCDCCCCCBC,AAABABACBBCDADCCCDCCCCBC,,,1,519,,,,,L_T1_GTR___hekomi__,,,,,L_T1_GTR03_51000001,,,
214949,24,,,,,,,,,,14,41,324400000000323400000000134400000007314200000000314000000000414000000000,,bb80abb5,,,,,,,,12,0,1,bb80abb5,400,518,,331331341124234424444414,AABAABACBBDCDACCDCCCCCBC,AAABABACBBCDADCCCDCCCCBC,,,1,518,,,,,L_T1_GTR___hekomi__,,,,,L_T1_GTR03_51000001,,,,,14,41,324400000000323400000000134400000007314200000000314000000000414000000000,,bb80abb5,,,,,,,,12,0,1,bb80abb5,400,519,,331331341124234424444414,AABAABACBBDCDACCDCCCCCBC,AAABABACBBCDADCCCDCCCCBC,,,1,519,,,,,L_T1_GTR___hekomi__,,,,,L_T1_GTR03_51000001,,,
215034,25,,,,,,,,,,14,41,324400000000323400000000134400000007314200000000314000000000414000000000,,bb80abb5,,,,,,,,12,0,1,bb80abb5,400,518,,331331341124234424444414,AABAABACBBDCDACCDCCCCCBC,AAABABACBBCDADCCCDCCCCBC,,,1,518,,,,,L_T1_GTR___hekomi__,,,,,L_T1_GTR03_51000001,,,,14,41,21,320000000000323000000000130000000007312000000000310000000000410000000000,,00000530,,,,,,,,13,1,0,11,11,530,,33133134112423442444441441,AABAABACBBDCDACCDCCCCCBCCB,AAABABACBBCDADCCCDCCCCBCBC,,,1,530,,,,,L_T1_GTR___hekomi__,,,,,L_T1_GTR03_51000001,,,
215037,26,,,,,,,,,14,41,21,320000000000323000000000130000000007312000000000310000000000410000000000,,00000528,,,,,,,,13,1,0,10,10,528,,33133134112423442444441441,AABAABACBBDCDACCDCCCCCBCCB,AAABABACBBCDADCCCDCCCCBCBC,,,1,528,,,,,L_T1_GTR___hekomi__,,,,,L_T1_GTR03_51000001,,,,14,41,21,320000000000323000000000130000000007312000000000310000000000410000000000,,00000530,,,,,,,,13,1,0,11,11,530,,33133134112423442444441441,AABAABACBBDCDACCDCCCCCBCCB,AAABABACBBCDADCCCDCCCCBCBC,,,1,530,,,,,L_T1_GTR___hekomi__,,,,,L_T1_GTR03_51000001,,,
215079,27,,,,,,,,,14,41,21,320000000000323000000000130000000007312000000000310000000000410000000000,,00000528,,,,,,,,13,1,0,10,10,528,,33133134112423442444441441,AABAABACBBDCDACCDCCCCCBCCB,AAABABACBBCDADCCCDCCCCBCBC,,,1,528,,,,,L_T1_GTR___hekomi__,,,,,L_T1_GTR03_51000001,,,,41,21,23,320000000000323000000000131400000007312000000000310000000000410000000000,,00000541,,,,,,,,14,2,0,11,11,541,,3313313411242344244444144121,AABAABACBBDCDACCDCCCCCBCCBDB,AAABABACBBCDADCCCDCCCCBCBCBD,,,1,541,,,,,L_T1_GTR___hekomi__,,,,,L_T1_GTR03_51000001,,,
215084,28,,,,,,,,,41,21,23,320000000000323000000000131400000007312000000000310000000000410000000000,,00000539,,,,,,,,14,2,0,11,11,539,,3313313411242344244444144121,AABAABACBBDCDACCDCCCCCBCCBDB,AAABABACBBCDADCCCDCCCCBCBCBD,,,1,539,,,,,L_T1_GTR___hekomi__,,,,,L_T1_GTR03_51000001,,,,41,21,23,320000000000323000000000131400000007312000000000310000000000410000000000,,00000541,,,,,,,,14,2,0,11,11,541,,3313313411242344244444144121,AABAABACBBDCDACCDCCCCCBCCBDB,AAABABACBBCDADCCCDCCCCBCBCBD,,,1,541,,,,,L_T1_GTR___hekomi__,,,,,L_T1_GTR03_51000001,,,
215125,29,,,,,,,,,41,21,23,320000000000323000000000131400000007312000000000310000000000410000000000,,00000539,,,,,,,,14,2,0,11,11,539,,3313313411242344244444144121,AABAABACBBDCDACCDCCCCCBCCBDB,AAABABACBBCDADCCCDCCCCBCBCBD,,,1,539,,,,,L_T1_GTR___hekomi__,,,,,L_T1_GTR03_51000001,,,,21,23,14,320000000000323410000000131400000007312000000000310000000000410000000000,,00000551,,,,,,,,15,3,0,10,10,551,,331331341124234424444414412123,AABAABACBBDCDACCDCCCCCBCCBDBDA,AAABABACBBCDADCCCDCCCCBCBCBDAD,,,1,551,,,,,L_T1_GTR___hekomi__,,,,,L_T1_GTR03_51000001,,,
215130,30,,,,,,,,,21,23,14,320000000000323410000000131400000007312000000000310000000000410000000000,,00000549,,,,,,,,15,3,0,10,10,549,,331331341124234424444414412123,AABAABACBBDCDACCDCCCCCBCCBDBDA,AAABABACBBCDADCCCDCCCCBCBCBDAD,,,1,549,,,,,L_T1_GTR___hekomi__,,,,,L_T1_GTR03_51000001,,,,21,23,14,320000000000323410000000131400000007312000000000310000000000410000000000,,00000551,,,,,,,,15,3,0,10,10,551,,331331341124234424444414412123,AABAABACBBDCDACCDCCCCCBCCBDBDA,AAABABACBBCDADCCCDCCCCBCBCBDAD,,,1,551,,,,,L_T1_GTR___hekomi__,,,,,L_T1_GTR03_51000001,,,
215175,31,,,,,,,,,21,23,14,320000000000323410000000131400000007312000000000310000000000410000000000,,00000549,,,,,,,,15,3,0,10,10,549,,331331341124234424444414412123,AABAABACBBDCDACCDCCCCCBCCBDBDA,AAABABACBBCDADCCCDCCCCBCBCBDAD,,,1,549,,,,,L_T1_GTR___hekomi__,,,,,L_T1_GTR03_51000001,,,,23,14,12,322100000000323410000000131400000007312000000000310000000000410000000000,,00000562,,,,,,,,16,4,0,11,11,562,,33133134112423442444441441212314,AABAABACBBDCDACCDCCCCCBCCBDBDABC,AAABABACBBCDADCCCDCCCCBCBCBDADBC,,,1,562,,,,,L_T1_GTR___standard,,,,,L_T1_GTR03_51000001/L_T1_GTR03_33000001,,,
215179,32,,,,,,,,,23,14,12,322100000000323410000000131400000007312000000000310000000000410000000000,,00000560,,,,,,,,16,4,0,11,11,560,,33133134112423442444441441212314,AABAABACBBDCDACCDCCCCCBCCBDBDABC,AAABABACBBCDADCCCDCCCCBCBCBDADBC,,,1,560,,,,,L_T1_GTR___standard,,,,,L_T1_GTR03_51000001/L_T1_GTR03_33000001,,,,23,14,12,322100000000323410000000131400000007312000000000310000000000410000000000,,00000562,,,,,,,,16,4,0,11,11,562,,33133134112423442444441441212314,AABAABACBBDCDACCDCCCCCBCCBDBDABC,AAABABACBBCDADCCCDCCCCBCBCBDADBC,,,1,562,,,,,L_T1_GTR___standard,,,,,L_T1_GTR03_51000001/L_T1_GTR03_33000001,,,
215224,33,,,,,,,,,23,14,12,322100000000323410000000131400000007312000000000310000000000410000000000,,00000560,,,,,,,,16,4,0,11,11,560,,33133134112423442444441441212314,AABAABACBBDCDACCDCCCCCBCCBDBDABC,AAABABACBBCDADCCCDCCCCBCBCBDADBC,,,1,560,,,,,L_T1_GTR___standard,,,,,L_T1_GTR03_51000001/L_T1_GTR03_33000001,,,,14,12,23,322100000000323410000000131400000007312000000000313200000000410000000000,,00000572,,,,,,,,17,5,0,10,10,572,,3313313411242344244444144121231412,AABAABACBBDCDACCDCCCCCBCCBDBDABCBD,AAABABACBBCDADCCCDCCCCBCBCBDADBCBD,,,1,572,,,,,L_T1_GTR___standard,,,,,L_T1_GTR03_51000001/L_T1_GTR03_33000001,,,
215230,34,,,,,,,,,14,12,23,322100000000323410000000131400000007312000000000313200000000410000000000,,00000570,,,,,,,,17,5,0,10,10,570,,3313313411242344244444144121231412,AABAABACBBDCDACCDCCCCCBCCBDBDABCBD,AAABABACBBCDADCCCDCCCCBCBCBDADBCBD,,,1,570,,,,,L_T1_GTR___standard,,,,,L_T1_GTR03_51000001/L_T1_GTR03_33000001,,,,14,12,23,322100000000323410000000131400000007312000000000313200000000410000000000,,00000572,,,,,,,,17,5,0,10,10,572,,3313313411242344244444144121231412,AABAABACBBDCDACCDCCCCCBCCBDBDABCBD,AAABABACBBCDADCCCDCCCCBCBCBDADBCBD,,,1,572,,,,,L_T1_GTR___standard,,,,,L_T1_GTR03_51000001/L_T1_GTR03_33000001,,,
215270,35,,,,,,,,,14,12,23,322100000000323410000000131400000007312000000000313200000000410000000000,,00000570,,,,,,,,17,5,0,10,10,570,,3313313411242344244444144121231412,AABAABACBBDCDACCDCCCCCBCCBDBDABCBD,AAABABACBBCDADCCCDCCCCBCBCBDADBCBD,,,1,570,,,,,L_T1_GTR___standard,,,,,L_T1_GTR03_51000001/L_T1_GTR03_33000001,,,,12,23,41,322114000000323410000000131400000007312000000000313200000000410000000000,,00000581,,,,,,,,18,6,0,9,9,581,,331331341124234424444414412123141223,AABAABACBBDCDACCDCCCCCBCCBDBDABCBDDA,AAABABACBBCDADCCCDCCCCBCBCBDADBCBDAD,,,1,581,,,,,L_T1_GTR___standard,,,,,L_T1_GTR03_51000001/L_T1_GTR03_33000001,,,
215275,36,,,,,,,,,12,23,41,322114000000323410000000131400000007312000000000313200000000410000000000,,00000579,,,,,,,,18,6,0,9,9,579,,331331341124234424444414412123141223,AABAABACBBDCDACCDCCCCCBCCBDBDABCBDDA,AAABABACBBCDADCCCDCCCCBCBCBDADBCBDAD,,,1,579,,,,,L_T1_GTR___standard,,,,,L_T1_GTR03_51000001/L_T1_GTR03_33000001,,,,12,23,41,322114000000323410000000131400000007312000000000313200000000410000000000,,00000581,,,,,,,,18,6,0,9,9,581,,331331341124234424444414412123141223,AABAABACBBDCDACCDCCCCCBCCBDBDABCBDDA,AAABABACBBCDADCCCDCCCCBCBCBDADBCBDAD,,,1,581,,,,,L_T1_GTR___standard,,,,,L_T1_GTR03_51000001/L_T1_GTR03_33000001,,,
215309,37,,,,,,,,,12,23,41,322114000000323410000000131400000007312000000000313200000000410000000000,,00000579,,,,,,,,18,6,0,9,9,579,,331331341124234424444414412123141223,AABAABACBBDCDACCDCCCCCBCCBDBDABCBDDA,AAABABACBBCDADCCCDCCCCBCBCBDADBCBDAD,,,1,579,,,,,L_T1_GTR___standard,,,,,L_T1_GTR03_51000001/L_T1_GTR03_33000001,,,,23,41,21,322114000000323412100000131400000007312000000000313200000000410000000000,,00000588,,,,,,,,19,7,0,7,7,588,,33133134112423442444441441212314122341,AABAABACBBDCDACCDCCCCCBCCBDBDABCBDDACB,AAABABACBBCDADCCCDCCCCBCBCBDADBCBDADBC,,,1,588,,,,,L_T1_GTR___standard,,,,,L_T1_GTR03_51000001/L_T1_GTR03_33000001,,,
215318,38,,,,,,,,,23,41,21,322114000000323412100000131400000007312000000000313200000000410000000000,,00000586,,,,,,,,19,7,0,7,7,586,,33133134112423442444441441212314122341,AABAABACBBDCDACCDCCCCCBCCBDBDABCBDDACB,AAABABACBBCDADCCCDCCCCBCBCBDADBCBDADBC,,,1,586,,,,,L_T1_GTR___standard,,,,,L_T1_GTR03_51000001/L_T1_GTR03_33000001,,,,23,41,21,322114000000323412100000131400000007312000000000313200000000410000000000,,00000588,,,,,,,,19,7,0,7,7,588,,33133134112423442444441441212314122341,AABAABACBBDCDACCDCCCCCBCCBDBDABCBDDACB,AAABABACBBCDADCCCDCCCCBCBCBDADBCBDADBC,,,1,588,,,,,L_T1_GTR___standard,,,,,L_T1_GTR03_51000001/L_T1_GTR03_33000001,,,
215359,39,,,,,,,,,23,41,21,322114000000323412100000131400000007312000000000313200000000410000000000,,00000586,,,,,,,,19,7,0,7,7,586,,33133134112423442444441441212314122341,AABAABACBBDCDACCDCCCCCBCCBDBDABCBDDACB,AAABABACBBCDADCCCDCCCCBCBCBDADBCBDADBC,,,1,586,,,,,L_T1_GTR___standard,,,,,L_T1_GTR03_51000001/L_T1_GTR03_33000001,,,,41,21,14,322114000000323412100000131400000007312000000000313200000000413200000000,,00000598,,,,,,,,20,8,0,10,10,598,,3313313411242344244444144121231412234121,AABAABACBBDCDACCDCCCCCBCCBDBDABCBDDACBDB,AAABABACBBCDADCCCDCCCCBCBCBDADBCBDADBCBD,,,1,598,,,,,L_T1_GTR___standard,,,,,L_T1_GTR03_51000001/L_T1_GTR03_33000001,,,
215367,40,,,,,,,,,41,21,14,322114000000323412100000131400000007312000000000313200000000413200000000,,00000596,,,,,,,,20,8,0,10,10,596,,3313313411242344244444144121231412234121,AABAABACBBDCDACCDCCCCCBCCBDBDABCBDDACBDB,AAABABACBBCDADCCCDCCCCBCBCBDADBCBDADBCBD,,,1,596,,,,,L_T1_GTR___standard,,,,,L_T1_GTR03_51000001/L_T1_GTR03_33000001,,,,41,21,14,322114000000323412100000131400000007312000000000313200000000413200000000,,00000598,,,,,,,,20,8,0,10,10,598,,3313313411242344244444144121231412234121,AABAABACBBDCDACCDCCCCCBCCBDBDABCBDDACBDB,AAABABACBBCDADCCCDCCCCBCBCBDADBCBDADBCBD,,,1,598,,,,,L_T1_GTR___standard,,,,,L_T1_GTR03_51000001/L_T1_GTR03_33000001,,,
215401,41,,,,,,,,,41,21,14,322114000000323412100000131400000007312000000000313200000000413200000000,,00000596,,,,,,,,20,8,0,10,10,596,,3313313411242344244444144121231412234121,AABAABACBBDCDACCDCCCCCBCCBDBDABCBDDACBDB,AAABABACBBCDADCCCDCCCCBCBCBDADBCBDADBCBD,,,1,596,,,,,L_T1_GTR___standard,,,,,L_T1_GTR03_51000001/L_T1_GTR03_33000001,,,,21,14,34,322114410000323412100000131400000007312000000000313200000000413200000000,,00000605,,,,,,,,21,9,0,7,7,605,,331331341124234424444414412123141223412114,AABAABACBBDCDACCDCCCCCBCCBDBDABCBDDACBDBBC,AAABABACBBCDADCCCDCCCCBCBCBDADBCBDADBCBDBC,,,1,605,,,,,L_T1_GTR___standard,,,,,L_T1_GTR03_51000001/L_T1_GTR03_33000001,,,
215428,42,,,,,,,,,21,14,34,322114000000323412100000131440000007312100000000313200000000413200000000,,00000605,,,,,,,,21,9,0,9,9,605,,331331341124234424444414412123141223412114,AABAABACBBDCDACCDCCCCCBCCBDBDABCBDDACBDBBC,AAABABACBBCDADCCCDCCCCBCBCBDADBCBDADBCBDBC,,,1,605,,,,,L_T1_GTR___standard,,,,,L_T1_GTR03_51000001/L_T1_GTR03_33000001,,,,21,14,34,322114410000323412100000131400000007312000000000313200000000413200000000,,00000605,,,,,,,,21,9,0,7,7,605,,331331341124234424444414412123141223412114,AABAABACBBDCDACCDCCCCCBCCBDBDABCBDDACBDBBC,AAABABACBBCDADCCCDCCCCBCBCBDADBCBDADBCBDBC,,,1,605,,,,,L_T1_GTR___standard,,,,,L_T1_GTR03_51000001/L_T1_GTR03_33000001,,,
215464,43,,,,,,,,,21,14,34,322114000000323412100000131440000007312100000000313200000000413200000000,,00000605,,,,,,,,21,9,0,9,9,605,,331331341124234424444414412123141223412114,AABAABACBBDCDACCDCCCCCBCCBDBDABCBDDACBDBBC,AAABABACBBCDADCCCDCCCCBCBCBDADBCBDADBCBDBC,,,1,605,,,,,L_T1_GTR___standard,,,,,L_T1_GTR03_51000001/L_T1_GTR03_33000001,,,,14,34,22,322114410000323412100000131420000007312100000000313200000000413200000000,,00000614,,,,,,,,22,10,0,9,9,614,,33133134112423442444441441212314122341211434,AABAABACBBDCDACCDCCCCCBCCBDBDABCBDDACBDBBCAC,AAABABACBBCDADCCCDCCCCBCBCBDADBCBDADBCBDBCAC,,,1,614,,,,,L_T1_GTR___standard,,,,,L_T1_GTR03_51000001/L_T1_GTR03_33000001,,,
215473,44,,,,,,,,,14,34,22,322114000000323412100000131440000007312110000000313220000000413200000000,,00000614,,,,,,,,22,10,0,9,9,614,,33133134112423442444441441212314122341211434,AABAABACBBDCDACCDCCCCCBCCBDBDABCBDDACBDBBCAC,AAABABACBBCDADCCCDCCCCBCBCBDADBCBDADBCBDBCAC,,,1,614,,,,,L_T1_GTR___standard,,,,,L_T1_GTR03_51000001/L_T1_GTR03_33000001,,,,14,34,22,322114410000323412100000131420000007312100000000313200000000413200000000,,00000614,,,,,,,,22,10,0,9,9,614,,33133134112423442444441441212314122341211434,AABAABACBBDCDACCDCCCCCBCCBDBDABCBDDACBDBBCAC,AAABABACBBCDADCCCDCCCCBCBCBDADBCBDADBCBDBCAC,,,1,614,,,,,L_T1_GTR___standard,,,,,L_T1_GTR03_51000001/L_T1_GTR03_33000001,,,
215508,45,,,,,,,,,14,34,22,322114000000323412100000131440000007312110000000313220000000413200000000,,00000614,,,,,,,,22,10,0,9,9,614,,33133134112423442444441441212314122341211434,AABAABACBBDCDACCDCCCCCBCCBDBDABCBDDACBDBBCAC,AAABABACBBCDADCCCDCCCCBCBCBDADBCBDADBCBDBCAC,,,1,614,,,,,L_T1_GTR___standard,,,,,L_T1_GTR03_51000001/L_T1_GTR03_33000001,,,,34,22,43,322114410000323412100000131420000007312114000000313200000000413200000000,,00000623,,,,,,,,23,11,0,9,9,623,,3313313411242344244444144121231412234121143422,AABAABACBBDCDACCDCCCCCBCCBDBDABCBDDACBDBBCACDD,AAABABACBBCDADCCCDCCCCBCBCBDADBCBDADBCBDBCACDD,,,1,623,,,,,L_T1_GTR___standard,,,,,L_T1_GTR03_51000001/L_T1_GTR03_33000001,,,
215515,46,,,,,,,,,34,22,43,322114000000323412100000131440000007312110000000313224100000413200000000,,00000621,,,,,,,,23,11,0,7,7,621,,3313313411242344244444144121231412234121143422,AABAABACBBDCDACCDCCCCCBCCBDBDABCBDDACBDBBCACDD,AAABABACBBCDADCCCDCCCCBCBCBDADBCBDADBCBDBCACDD,,,1,621,,,,,L_T1_GTR___standard,,,,,L_T1_GTR03_51000001/L_T1_GTR03_33000001,,,,34,22,43,322114410000323412100000131420000007312114000000313200000000413200000000,,00000623,,,,,,,,23,11,0,9,9,623,,3313313411242344244444144121231412234121143422,AABAABACBBDCDACCDCCCCCBCCBDBDABCBDDACBDBBCACDD,AAABABACBBCDADCCCDCCCCBCBCBDADBCBDADBCBDBCACDD,,,1,623,,,,,L_T1_GTR___standard,,,,,L_T1_GTR03_51000001/L_T1_GTR03_33000001,,,
215545,47,,,,,,,,,34,22,43,322114000000323412100000131440000007312110000000313224100000413200000000,,00000621,,,,,,,,23,11,0,7,7,621,,3313313411242344244444144121231412234121143422,AABAABACBBDCDACCDCCCCCBCCBDBDABCBDDACBDBBCACDD,AAABABACBBCDADCCCDCCCCBCBCBDADBCBDADBCBDBCACDD,,,1,621,,,,,L_T1_GTR___standard,,,,,L_T1_GTR03_51000001/L_T1_GTR03_33000001,,,,22,43,12,322114410000323412100000131420000007312114430000313200000000413200000000,,00000629,,,,,,,,24,12,0,6,6,629,,331331341124234424444414412123141223412114342243,AABAABACBBDCDACCDCCCCCBCCBDBDABCBDDACBDBBCACDDCA,AAABABACBBCDADCCCDCCCCBCBCBDADBCBDADBCBDBCACDDAC,,,1,629,,,,,L_T1_GTR___standard,,,,,L_T1_GTR03_51000001/L_T1_GTR03_33000001,,,
215556,48,,,,,,,,,22,43,12,322114000000323412100000131440000007312114300000313224100000413200000000,,00000628,,,,,,,,24,12,0,7,7,628,,331331341124234424444414412123141223412114342243,AABAABACBBDCDACCDCCCCCBCCBDBDABCBDDACBDBBCACDDCA,AAABABACBBCDADCCCDCCCCBCBCBDADBCBDADBCBDBCACDDAC,,,1,628,,,,,L_T1_GTR___standard,,,,,L_T1_GTR03_51000001/L_T1_GTR03_33000001,,,,22,43,12,322114410000323412100000131420000007312114430000313200000000413200000000,,00000629,,,,,,,,24,12,0,6,6,629,,331331341124234424444414412123141223412114342243,AABAABACBBDCDACCDCCCCCBCCBDBDABCBDDACBDBBCACDDCA,AAABABACBBCDADCCCDCCCCBCBCBDADBCBDADBCBDBCACDDAC,,,1,629,,,,,L_T1_GTR___standard,,,,,L_T1_GTR03_51000001/L_T1_GTR03_33000001,,,
215593,49,,,,,,,,,43,12,42,322114000000323412100000131442200007312114300000313224100000413200000000,,00000635,,,,,,,,25,13,0,7,7,635,,33133134112423442444441441212314122341211434224312,AABAABACBBDCDACCDCCCCCBCCBDBDABCBDDACBDBBCACDDCABD,AAABABACBBCDADCCCDCCCCBCBCBDADBCBDADBCBDBCACDDACBD,,,1,635,,,,,L_T1_GTR___standard,,,,,L_T1_GTR03_51000001/L_T1_GTR03_33000001,,,,22,43,12,322114410000323412100000131420000007312114430000313200000000413200000000,,00000629,,,,,,,,24,12,0,6,6,629,,331331341124234424444414412123141223412114342243,AABAABACBBDCDACCDCCCCCBCCBDBDABCBDDACBDBBCACDDCA,AAABABACBBCDADCCCDCCCCBCBCBDADBCBDADBCBDBCACDDAC,,,1,629,,,,,L_T1_GTR___standard,,,,,L_T1_GTR03_51000001/L_T1_GTR03_33000001,,,
215605,50,,,,,,,,,43,12,42,322114000000323412100000131442200007312114300000313224100000413200000000,,00000635,,,,,,,,25,13,0,7,7,635,,33133134112423442444441441212314122341211434224312,AABAABACBBDCDACCDCCCCCBCCBDBDABCBDDACBDBBCACDDCABD,AAABABACBBCDADCCCDCCCCBCBCBDADBCBDADBCBDBCACDDACBD,,,1,635,,,,,L_T1_GTR___standard,,,,,L_T1_GTR03_51000001/L_T1_GTR03_33000001,,,,43,12,42,322114410000323412120000131422000007312114430000313200000000413200000000,,00000635,,,,,,,,25,13,0,6,6,635,,33133134112423442444441441212314122341211434224312,AABAABACBBDCDACCDCCCCCBCCBDBDABCBDDACBDBBCACDDCABD,AAABABACBBCDADCCCDCCCCBCBCBDADBCBDADBCBDBCACDDACBD,,,1,635,,,,,L_T1_GTR___standard,,,,,L_T1_GTR03_51000001/L_T1_GTR03_33000001,,,
215638,51,,,,,,,,,12,42,11,322114000000323412100000131442200007312114334000313224100000413200000000,,00000640,,,,,,,,26,14,0,5,5,640,,3313313411242344244444144121231412234121143422431242,AABAABACBBDCDACCDCCCCCBCCBDBDABCBDDACBDBBCACDDCABDCD,AAABABACBBCDADCCCDCCCCBCBCBDADBCBDADBCBDBCACDDACBDCD,,,1,640,,,,,L_T1_GTR___standard,,,,,L_T1_GTR03_51000001/L_T1_GTR03_33000001,,,,43,12,42,322114410000323412120000131422000007312114430000313200000000413200000000,,00000635,,,,,,,,25,13,0,6,6,635,,33133134112423442444441441212314122341211434224312,AABAABACBBDCDACCDCCCCCBCCBDBDABCBDDACBDBBCACDDCABD,AAABABACBBCDADCCCDCCCCBCBCBDADBCBDADBCBDBCACDDACBD,,,1,635,,,,,L_T1_GTR___standard,,,,,L_T1_GTR03_51000001/L_T1_GTR03_33000001,,,
215663,52,,,,,,,,,12,42,11,322114000000323412100000131442200007312114334000313224100000413200000000,,00000640,,,,,,,,26,14,0,5,5,640,,3313313411242344244444144121231412234121143422431242,AABAABACBBDCDACCDCCCCCBCCBDBDABCBDDACBDBBCACDDCABDCD,AAABABACBBCDADCCCDCCCCBCBCBDADBCBDADBCBDBCACDDACBDCD,,,1,640,,,,,L_T1_GTR___standard,,,,,L_T1_GTR03_51000001/L_T1_GTR03_33000001,,,,12,42,11,322114410000323412120000131422400007312114433000313200000000413200000000,,00000640,,,,,,,,26,14,0,5,5,640,,3313313411242344244444144121231412234121143422431242,AABAABACBBDCDACCDCCCCCBCCBDBDABCBDDACBDBBCACDDCABDCD,AAABABACBBCDADCCCDCCCCBCBCBDADBCBDADBCBDBCACDDACBDCD,,,1,640,,,,,L_T1_GTR___standard,,,,,L_T1_GTR03_51000001/L_T1_GTR03_33000001,,,
215701,53,,,,,,,,,12,42,11,322114000000323412100000131442200007312114334000313224100000413200000000,,00000640,,,,,,,,26,14,0,5,5,640,,3313313411242344244444144121231412234121143422431242,AABAABACBBDCDACCDCCCCCBCCBDBDABCBDDACBDBBCACDDCABDCD,AAABABACBBCDADCCCDCCCCBCBCBDADBCBDADBCBDBCACDDACBDCD,,,1,640,,,,,L_T1_GTR___standard,,,,,L_T1_GTR03_51000001/L_T1_GTR03_33000001,,,,42,11,24,322114411000323412122000131422400007312114433000313200000000413200000000,,00000645,,,,,,,,27,15,0,5,5,645,,331331341124234424444414412123141223412114342243124211,AABAABACBBDCDACCDCCCCCBCCBDBDABCBDDACBDBBCACDDCABDCDBB,AAABABACBBCDADCCCDCCCCBCBCBDADBCBDADBCBDBCACDDACBDCDBB,,,1,645,,,,,L_T1_GTR___standard,,,,,L_T1_GTR03_51000001/L_T1_GTR03_33000001,,,
215707,54,,,,,,,,,42,11,24,322114000000323412100000131442200007312114334000313224120000413210000000,,00000646,,,,,,,,27,15,0,6,6,646,,331331341124234424444414412123141223412114342243124211,AABAABACBBDCDACCDCCCCCBCCBDBDABCBDDACBDBBCACDDCABDCDBB,AAABABACBBCDADCCCDCCCCBCBCBDADBCBDADBCBDBCACDDACBDCDBB,,,1,646,,,,,L_T1_GTR___standard,,,,,L_T1_GTR03_51000001/L_T1_GTR03_33000001,,,,42,11,24,322114411000323412122000131422400007312114433000313200000000413200000000,,00000645,,,,,,,,27,15,0,5,5,645,,331331341124234424444414412123141223412114342243124211,AABAABACBBDCDACCDCCCCCBCCBDBDABCBDDACBDBBCACDDCABDCDBB,AAABABACBBCDADCCCDCCCCBCBCBDADBCBDADBCBDBCACDDACBDCDBB,,,1,645,,,,,L_T1_GTR___standard,,,,,L_T1_GTR03_51000001/L_T1_GTR03_33000001,,,
215754,55,,,,,,,,,11,24,22,322114000000323412100000131442200007312114334000313224120000413214200000,,00000654,,,,,,,,28,16,0,8,8,654,,33133134112423442444441441212314122341211434224312421124,AABAABACBBDCDACCDCCCCCBCCBDBDABCBDDACBDBBCACDDCABDCDBBDC,AAABABACBBCDADCCCDCCCCBCBCBDADBCBDADBCBDBCACDDACBDCDBBCD,,,1,654,,,,,L_T1_GTR___standard,,,,,L_T1_GTR03_51000001/L_T1_GTR03_33000001,,,,42,11,24,322114411000323412122000131422400007312114433000313200000000413200000000,,00000645,,,,,,,,27,15,0,5,5,645,,331331341124234424444414412123141223412114342243124211,AABAABACBBDCDACCDCCCCCBCCBDBDABCBDDACBDBBCACDDCABDCDBB,AAABABACBBCDADCCCDCCCCBCBCBDADBCBDADBCBDBCACDDACBDCDBB,,,1,645,,,,,L_T1_GTR___standard,,,,,L_T1_GTR03_51000001/L_T1_GTR03_33000001,,,
215759,56,,,,,,,,,11,24,22,322114000000323412100000131442200007312114334000313224120000413214200000,,00000654,,,,,,,,28,16,0,8,8,654,,33133134112423442444441441212314122341211434224312421124,AABAABACBBDCDACCDCCCCCBCCBDBDABCBDDACBDBBCACDDCABDCDBBDC,AAABABACBBCDADCCCDCCCCBCBCBDADBCBDADBCBDBCACDDACBDCDBBCD,,,1,654,,,,,L_T1_GTR___standard,,,,,L_T1_GTR03_51000001/L_T1_GTR03_33000001,,,,11,24,22,322114411000323412122000131422420007312114433400313200000000413200000000,,00000649,,,,,,,,28,16,0,4,4,649,,33133134112423442444441441212314122341211434224312421124,AABAABACBBDCDACCDCCCCCBCCBDBDABCBDDACBDBBCACDDCABDCDBBDC,AAABABACBBCDADCCCDCCCCBCBCBDADBCBDADBCBDBCACDDACBDCDBBCD,,,1,649,,,,,L_T1_GTR___standard,,,,,L_T1_GTR03_51000001/L_T1_GTR03_33000001,,,
215793,57,,,,,,,,,11,24,22,322114000000323412100000131442200007312114334000313224120000413214200000,,00000654,,,,,,,,28,16,0,8,8,654,,33133134112423442444441441212314122341211434224312421124,AABAABACBBDCDACCDCCCCCBCCBDBDABCBDDACBDBBCACDDCABDCDBBDC,AAABABACBBCDADCCCDCCCCBCBCBDADBCBDADBCBDBCACDDACBDCDBBCD,,,1,654,,,,,L_T1_GTR___standard,,,,,L_T1_GTR03_51000001/L_T1_GTR03_33000001,,,,24,22,41,322114411000323412122110131422420007312114433400313200000000413200000000,,00000653,,,,,,,,29,17,0,4,4,653,,3313313411242344244444144121231412234121143422431242112422,AABAABACBBDCDACCDCCCCCBCCBDBDABCBDDACBDBBCACDDCABDCDBBDCDD,AAABABACBBCDADCCCDCCCCBCBCBDADBCBDADBCBDBCACDDACBDCDBBCDDD,,,1,653,,,,,L_T1_GTR___standard,,,,,L_T1_GTR03_51000001/L_T1_GTR03_33000001,,,
215811,58,,,,,,,,,24,22,41,322114100000323412110000131442200007312114334000313224120000413214200000,,00000660,,,,,,,,29,17,0,6,6,660,,3313313411242344244444144121231412234121143422431242112422,AABAABACBBDCDACCDCCCCCBCCBDBDABCBDDACBDBBCACDDCABDCDBBDCDD,AAABABACBBCDADCCCDCCCCBCBCBDADBCBDADBCBDBCACDDACBDCDBBCDDD,,,1,660,,,,,L_T1_GTR___standard,,,,,L_T1_GTR03_51000001/L_T1_GTR03_33000001,,,,24,22,41,322114411000323412122110131422420007312114433400313200000000413200000000,,00000653,,,,,,,,29,17,0,4,4,653,,3313313411242344244444144121231412234121143422431242112422,AABAABACBBDCDACCDCCCCCBCCBDBDABCBDDACBDBBCACDDCABDCDBBDCDD,AAABABACBBCDADCCCDCCCCBCBCBDADBCBDADBCBDBCACDDACBDCDBBCDDD,,,1,653,,,,,L_T1_GTR___standard,,,,,L_T1_GTR03_51000001/L_T1_GTR03_33000001,,,
215839,59,,,,,,,,,24,22,41,322114100000323412110000131442200007312114334000313224120000413214200000,,00000660,,,,,,,,29,17,0,6,6,660,,3313313411242344244444144121231412234121143422431242112422,AABAABACBBDCDACCDCCCCCBCCBDBDABCBDDACBDBBCACDDCABDCDBBDCDD,AAABABACBBCDADCCCDCCCCBCBCBDADBCBDADBCBDBCACDDACBDCDBBCDDD,,,1,660,,,,,L_T1_GTR___standard,,,,,L_T1_GTR03_51000001/L_T1_GTR03_33000001,,,,22,41,33,322114411000323412122110131422420007312114433400313220000000413240000000,,00000662,,,,,,,,30,18,0,9,9,662,,331331341124234424444414412123141223412114342243124211242241,AABAABACBBDCDACCDCCCCCBCCBDBDABCBDDACBDBBCACDDCABDCDBBDCDDCB,AAABABACBBCDADCCCDCCCCBCBCBDADBCBDADBCBDBCACDDACBDCDBBCDDDBC,,,1,662,,,,,L_T1_GTR___standard,,,,,L_T1_GTR03_51000001/L_T1_GTR03_33000001,,,
215871,60,,,,,,,,,22,41,33,322114100000323412110000131442200007312114334000313224124000413214220000,,00000665,,,,,,,,30,18,0,5,5,665,,331331341124234424444414412123141223412114342243124211242241,AABAABACBBDCDACCDCCCCCBCCBDBDABCBDDACBDBBCACDDCABDCDBBDCDDCB,AAABABACBBCDADCCCDCCCCBCBCBDADBCBDADBCBDBCACDDACBDCDBBCDDDBC,,,1,665,,,,,L_T1_GTR___standard,,,,,L_T1_GTR03_51000001/L_T1_GTR03_33000001,,,,22,41,33,322114411000323412122110131422420007312114433400313220000000413240000000,,00000662,,,,,,,,30,18,0,9,9,662,,331331341124234424444414412123141223412114342243124211242241,AABAABACBBDCDACCDCCCCCBCCBDBDABCBDDACBDBBCACDDCABDCDBBDCDDCB,AAABABACBBCDADCCCDCCCCBCBCBDADBCBDADBCBDBCACDDACBDCDBBCDDDBC,,,1,662,,,,,L_T1_GTR___standard,,,,,L_T1_GTR03_51000001/L_T1_GTR03_33000001,,,
215886,61,,,,,,,,,22,41,33,322114100000323412110000131442200007312114334000313224124000413214220000,,00000665,,,,,,,,30,18,0,5,5,665,,331331341124234424444414412123141223412114342243124211242241,AABAABACBBDCDACCDCCCCCBCCBDBDABCBDDACBDBBCACDDCABDCDBBDCDDCB,AAABABACBBCDADCCCDCCCCBCBCBDADBCBDADBCBDBCACDDACBDCDBBCDDDBC,,,1,665,,,,,L_T1_GTR___standard,,,,,L_T1_GTR03_51000001/L_T1_GTR03_33000001,,,,,41,33,322114411000323412122110131422422007312114433420313220000000413240000000,,bb40abb1,,,,,,,,31,0,1,bb40abb1,40,702,,331331341124234424444414412123141223412114342243124211242241,AABAABACBBDCDACCDCCCCCBCCBDBDABCBDDACBDBBCACDDCABDCDBBDCDDCB,AAABABACBBCDADCCCDCCCCBCBCBDADBCBDADBCBDBCACDDACBDCDBBCDDDBC,,,1,702,,,,,L_T1_GTR___standard,,,,,L_T1_GTR03_51000001/L_T1_GTR03_33000001,,,
215906,62,,,,,,,,,41,33,24,322114100000323412112200131442200007312114334000313224124000413214220000,,00000669,,,,,,,,31,19,0,4,4,669,,33133134112423442444441441212314122341211434224312421124224133,AABAABACBBDCDACCDCCCCCBCCBDBDABCBDDACBDBBCACDDCABDCDBBDCDDCBAA,AAABABACBBCDADCCCDCCCCBCBCBDADBCBDADBCBDBCACDDACBDCDBBCDDDBCAA,,,1,669,,,,,L_T1_GTR___standard,,,,,L_T1_GTR03_51000001/L_T1_GTR03_33000001,,,,,41,33,322114411000323412122110131422422007312114433420313220000000413240000000,,bb40abb1,,,,,,,,31,0,1,bb40abb1,40,702,,331331341124234424444414412123141223412114342243124211242241,AABAABACBBDCDACCDCCCCCBCCBDBDABCBDDACBDBBCACDDCABDCDBBDCDDCB,AAABABACBBCDADCCCDCCCCBCBCBDADBCBDADBCBDBCACDDACBDCDBBCDDDBC,,,1,702,,,,,L_T1_GTR___standard,,,,,L_T1_GTR03_51000001/L_T1_GTR03_33000001,,,
215968,63,,,,,,,,,41,33,24,322114100000323412112200131442200007312114334000313224124000413214220000,,00000669,,,,,,,,31,19,0,4,4,669,,33133134112423442444441441212314122341211434224312421124224133,AABAABACBBDCDACCDCCCCCBCCBDBDABCBDDACBDBBCACDDCABDCDBBDCDDCBAA,AAABABACBBCDADCCCDCCCCBCBCBDADBCBDADBCBDBCACDDACBDCDBBCDDDBCAA,,,1,669,,,,,L_T1_GTR___standard,,,,,L_T1_GTR03_51000001/L_T1_GTR03_33000001,,,,,41,33,322114411000323412111000131422400007312114433420313220000000413240000000,,bb50ab10,,,,,,,,32,0,2,bb50ab10,500,1202,,331331341124234424444414412123141223412114342243124211242241,AABAABACBBDCDACCDCCCCCBCCBDBDABCBDDACBDBBCACDDCABDCDBBDCDDCB,AAABABACBBCDADCCCDCCCCBCBCBDADBCBDADBCBDBCACDDACBDCDBBCDDDBC,,,2,1202,,,,,L_T1_GTR___standard,,,,,L_T1_GTR03_51000001/L_T1_GTR03_33000001,,,
215969,64,,,,,,,,,33,24,41,322114140000323412112210131442200007312114334000313224124000413214220000,,00000672,,,,,,,,32,20,0,3,3,672,,3313313411242344244444144121231412234121143422431242112422413324,AABAABACBBDCDACCDCCCCCBCCBDBDABCBDDACBDBBCACDDCABDCDBBDCDDCBAADC,AAABABACBBCDADCCCDCCCCBCBCBDADBCBDADBCBDBCACDDACBDCDBBCDDDBCAACD,,,1,672,,,,,L_T1_GTR___standard,,,,,L_T1_GTR03_51000001/L_T1_GTR03_33000001,,,,,41,33,322114411000323412111000131422400007312114433420313220000000413240000000,,bb50ab10,,,,,,,,32,0,2,bb50ab10,500,1202,,331331341124234424444414412123141223412114342243124211242241,AABAABACBBDCDACCDCCCCCBCCBDBDABCBDDACBDBBCACDDCABDCDBBDCDDCB,AAABABACBBCDADCCCDCCCCBCBCBDADBCBDADBCBDBCACDDACBDCDBBCDDDBC,,,2,1202,,,,,L_T1_GTR___standard,,,,,L_T1_GTR03_51000001/L_T1_GTR03_33000001,,,
216002,65,,,,,,,,,24,41,22,322114140000323412112210131442200007312114334330313224124000413214220000,,00000675,,,,,,,,33,21,0,3,3,675,,331331341124234424444414412123141223412114342243124211242241332441,AABAABACBBDCDACCDCCCCCBCCBDBDABCBDDACBDBBCACDDCABDCDBBDCDDCBAADCCB,AAABABACBBCDADCCCDCCCCBCBCBDADBCBDADBCBDBCACDDACBDCDBBCDDDBCAACDBC,,,1,675,,,,,L_T1_GTR___standard,,,,,L_T1_GTR03_51000001/L_T1_GTR03_33000001,,,,,41,33,322114411000323412111000131422400007312114433420313220000000413240000000,,bb50ab10,,,,,,,,32,0,2,bb50ab10,500,1202,,331331341124234424444414412123141223412114342243124211242241,AABAABACBBDCDACCDCCCCCBCCBDBDABCBDDACBDBBCACDDCABDCDBBDCDDCB,AAABABACBBCDADCCCDCCCCBCBCBDADBCBDADBCBDBCACDDACBDCDBBCDDDBC,,,2,1202,,,,,L_T1_GTR___standard,,,,,L_T1_GTR03_51000001/L_T1_GTR03_33000001,,,
216035,66,,,,,,,,,24,41,22,322114140000323412112210131442200007312114334330313224124000413214220000,,00000675,,,,,,,,33,21,0,3,3,675,,331331341124234424444414412123141223412114342243124211242241332441,AABAABACBBDCDACCDCCCCCBCCBDBDABCBDDACBDBBCACDDCABDCDBBDCDDCBAADCCB,AAABABACBBCDADCCCDCCCCBCBCBDADBCBDADBCBDBCACDDACBDCDBBCDDDBCAACDBC,,,1,675,,,,,L_T1_GTR___standard,,,,,L_T1_GTR03_51000001/L_T1_GTR03_33000001,,,,41,33,24,322114400000323412000000131422400007312114433420313220000000413240000000,,00001205,,,,,,,,33,1,0,3,3,1205,,33133134112423442444441441212314122341211434224312421124224133,AABAABACBBDCDACCDCCCCCBCCBDBDABCBDDACBDBBCACDDCABDCDBBDCDDCBAA,AAABABACBBCDADCCCDCCCCBCBCBDADBCBDADBCBDBCACDDACBDCDBBCDDDBCAA,,,2,1205,,,,,L_T1_GTR___standard,,,,,L_T1_GTR03_51000001/L_T1_GTR03_33000001,,,
216087,67,,,,,,,,,41,22,31,322114146600323412112216131442266007312114334336313224124426413214226000,,00000678,,,,,,,,34,22,0,3,3,678,,33133134112423442444441441212314122341211434224312421124224133244122,AABAABACBBDCDACCDCCCCCBCCBDBDABCBDDACBDBBCACDDCABDCDBBDCDDCBAADCCBDD,AAABABACBBCDADCCCDCCCCBCBCBDADBCBDADBCBDBCACDDACBDCDBBCDDDBCAACDBCDD,,,1,678,,,,,L_T1_GTR___standard,,,,,L_T1_GTR03_51000001/L_T1_GTR03_33000001,,,,41,33,24,322114400000323412000000131422400007312114433420313220000000413240000000,,00001205,,,,,,,,33,1,0,3,3,1205,,33133134112423442444441441212314122341211434224312421124224133,AABAABACBBDCDACCDCCCCCBCCBDBDABCBDDACBDBBCACDDCABDCDBBDCDDCBAA,AAABABACBBCDADCCCDCCCCBCBCBDADBCBDADBCBDBCACDDACBDCDBBCDDDBCAA,,,2,1205,,,,,L_T1_GTR___standard,,,,,L_T1_GTR03_51000001/L_T1_GTR03_33000001,,,
216093,68,,,,,,,,,41,22,31,322114146600323412112216131442266007312114334336313224124426413214226000,,00000678,,,,,,,,34,22,0,3,3,678,,33133134112423442444441441212314122341211434224312421124224133244122,AABAABACBBDCDACCDCCCCCBCCBDBDABCBDDACBDBBCACDDCABDCDBBDCDDCBAADCCBDD,AAABABACBBCDADCCCDCCCCBCBCBDADBCBDADBCBDBCACDDACBDCDBBCDDDBCAACDBCDD,,,1,678,,,,,L_T1_GTR___standard,,,,,L_T1_GTR03_51000001/L_T1_GTR03_33000001,,,,33,24,41,322114440000323412100000131422400007312114433420313220000000413240000000,,00001211,,,,,,,,34,2,0,6,6,1211,,3313313411242344244444144121231412234121143422431242112422413324,AABAABACBBDCDACCDCCCCCBCCBDBDABCBDDACBDBBCACDDCABDCDBBDCDDCBAADC,AAABABACBBCDADCCCDCCCCBCBCBDADBCBDADBCBDBCACDDACBDCDBBCDDDBCAACD,,,2,1211,,,,,L_T1_GTR___standard,,,,,L_T1_GTR03_51000001/L_T1_GTR03_33000001,,,
216118,69,,,,,,,,,41,22,31,322114146600323412112216131442266007312114334336313224124426413214226000,,00000678,,,,,,,,34,22,0,3,3,678,,33133134112423442444441441212314122341211434224312421124224133244122,AABAABACBBDCDACCDCCCCCBCCBDBDABCBDDACBDBBCACDDCABDCDBBDCDDCBAADCCBDD,AAABABACBBCDADCCCDCCCCBCBCBDADBCBDADBCBDBCACDDACBDCDBBCDDDBCAACDBCDD,,,1,678,,,,,L_T1_GTR___standard,,,,,L_T1_GTR03_51000001/L_T1_GTR03_33000001,,,,,24,41,322114440000323412100000131422433007312114433420313220000000413240000000,,bb40abb1,,,,,,,,35,0,1,bb40abb1,40,1251,,3313313411242344244444144121231412234121143422431242112422413324,AABAABACBBDCDACCDCCCCCBCCBDBDABCBDDACBDBBCACDDCABDCDBBDCDDCBAADC,AAABABACBBCDADCCCDCCCCBCBCBDADBCBDADBCBDBCACDDACBDCDBBCDDDBCAACD,,,2,1251,,,,,L_T1_GTR___standard,,,,,L_T1_GTR03_51000001/L_T1_GTR03_33000001,,,
216131,70,,,,,,,,,22,31,33,322114146600323412112216131442266147312114334336313224124426413214226000,,00000681,,,,,,,,35,23,0,3,3,681,,3313313411242344244444144121231412234121143422431242112422413324412231,AABAABACBBDCDACCDCCCCCBCCBDBDABCBDDACBDBBCACDDCABDCDBBDCDDCBAADCCBDDAB,AAABABACBBCDADCCCDCCCCBCBCBDADBCBDADBCBDBCACDDACBDCDBBCDDDBCAACDBCDDAB,,,1,681,,,,,L_T1_GTR___standard,,,,,L_T1_GTR03_51000001/L_T1_GTR03_33000001,,,,,24,41,322114440000323412100000131422433007312114433420313220000000413240000000,,bb40abb1,,,,,,,,35,0,1,bb40abb1,40,1251,,3313313411242344244444144121231412234121143422431242112422413324,AABAABACBBDCDACCDCCCCCBCCBDBDABCBDDACBDBBCACDDCABDCDBBDCDDCBAADC,AAABABACBBCDADCCCDCCCCBCBCBDADBCBDADBCBDBCACDDACBDCDBBCDDDBCAACD,,,2,1251,,,,,L_T1_GTR___standard,,,,,L_T1_GTR03_51000001/L_T1_GTR03_33000001,,,
216202,71,,,,,,,,,22,31,33,322114146600323412112216131442266147312114334336313224124426413214226000,,00000681,,,,,,,,35,23,0,3,3,681,,3313313411242344244444144121231412234121143422431242112422413324412231,AABAABACBBDCDACCDCCCCCBCCBDBDABCBDDACBDBBCACDDCABDCDBBDCDDCBAADCCBDDAB,AAABABACBBCDADCCCDCCCCBCBCBDADBCBDADBCBDBCACDDACBDCDBBCDDDBCAACDBCDDAB,,,1,681,,,,,L_T1_GTR___standard,,,,,L_T1_GTR03_51000001/L_T1_GTR03_33000001,,,,,24,41,322114440000323412100000131422400007312114442000313220000000413240000000,,bb40abb8,,,,,,,,36,0,2,bb40abb8,320,1571,,3313313411242344244444144121231412234121143422431242112422413324,AABAABACBBDCDACCDCCCCCBCCBDBDABCBDDACBDBBCACDDCABDCDBBDCDDCBAADC,AAABABACBBCDADCCCDCCCCBCBCBDADBCBDADBCBDBCACDDACBDCDBBCDDDBCAACD,,,2,1571,,,,,L_T1_GTR___standard,,,,,L_T1_GTR03_51000001/L_T1_GTR03_33000001,,,
216207,72,,,,,,,,,31,33,23,322114146622323412112216131442266147312114334336313224124426413214226000,,00000684,,,,,,,,36,24,0,3,3,684,,331331341124234424444414412123141223412114342243124211242241332441223133,AABAABACBBDCDACCDCCCCCBCCBDBDABCBDDACBDBBCACDDCABDCDBBDCDDCBAADCCBDDABAA,AAABABACBBCDADCCCDCCCCBCBCBDADBCBDADBCBDBCACDDACBDCDBBCDDDBCAACDBCDDABAA,,,1,684,,,,,L_T1_GTR___standard,,,,,L_T1_GTR03_51000001/L_T1_GTR03_33000001,,,,,24,41,322114440000323412100000131422400007312114442000313220000000413240000000,,bb40abb8,,,,,,,,36,0,2,bb40abb8,320,1571,,3313313411242344244444144121231412234121143422431242112422413324,AABAABACBBDCDACCDCCCCCBCCBDBDABCBDDACBDBBCACDDCABDCDBBDCDDCBAADC,AAABABACBBCDADCCCDCCCCBCBCBDADBCBDADBCBDBCACDDACBDCDBBCDDDBCAACD,,,2,1571,,,,,L_T1_GTR___standard,,,,,L_T1_GTR03_51000001/L_T1_GTR03_33000001,,,
216259,73,,,,,,,,,33,23,12,322114146622323412112216131442266140312114334330313224124426413214226000,,00000685,,,,,,,,37,25,0,1,1,685,,33133134112423442444441441212314122341211434224312421124224133244122313323,AABAABACBBDCDACCDCCCCCBCCBDBDABCBDDACBDBBCACDDCABDCDBBDCDDCBAADCCBDDABAADA,AAABABACBBCDADCCCDCCCCBCBCBDADBCBDADBCBDBCACDDACBDCDBBCDDDBCAACDBCDDABAAAD,,,1,685,,,,,L_T1_GTR___standard,,,,,L_T1_GTR03_51000001/L_T1_GTR03_33000001,,,,,24,41,322114440000323412100000131422400007312114442000313220000000413240000000,,bb40abb8,,,,,,,,36,0,2,bb40abb8,320,1571,,3313313411242344244444144121231412234121143422431242112422413324,AABAABACBBDCDACCDCCCCCBCCBDBDABCBDDACBDBBCACDDCABDCDBBDCDDCBAADC,AAABABACBBCDADCCCDCCCCBCBCBDADBCBDADBCBDBCACDDACBDCDBBCDDDBCAACD,,,2,1571,,,,,L_T1_GTR___standard,,,,,L_T1_GTR03_51000001/L_T1_GTR03_33000001,,,
216285,74,,,,,,,,,33,23,12,322114146622323412112216131442266140312114334330313224124426413214226000,,00000685,,,,,,,,37,25,0,1,1,685,,33133134112423442444441441212314122341211434224312421124224133244122313323,AABAABACBBDCDACCDCCCCCBCCBDBDABCBDDACBDBBCACDDCABDCDBBDCDDCBAADCCBDDABAADA,AAABABACBBCDADCCCDCCCCBCBCBDADBCBDADBCBDBCACDDACBDCDBBCDDDBCAACDBCDDABAAAD,,,1,685,,,,,L_T1_GTR___standard,,,,,L_T1_GTR03_51000001/L_T1_GTR03_33000001,,,,,24,41,322114440000323412100000131422000007312112000000313220000000413240000000,,bb40ab16,,,,,,,,37,0,3,bb40ab16,640,2211,,3313313411242344244444144121231412234121143422431242112422413324,AABAABACBBDCDACCDCCCCCBCCBDBDABCBDDACBDBBCACDDCABDCDBBDCDDCBAADC,AAABABACBBCDADCCCDCCCCBCBCBDADBCBDADBCBDBCACDDACBDCDBBCDDDBCAACD,,,3,2211,,,,,L_T1_GTR___standard,,,,,L_T1_GTR03_51000001/L_T1_GTR03_33000001,,,
216368,75,,,,,,,,,33,23,12,322114146622323412112216131442266140312114334330313224124426413214226000,,00000685,,,,,,,,37,25,0,1,1,685,,33133134112423442444441441212314122341211434224312421124224133244122313323,AABAABACBBDCDACCDCCCCCBCCBDBDABCBDDACBDBBCACDDCABDCDBBDCDDCBAADCCBDDABAADA,AAABABACBBCDADCCCDCCCCBCBCBDADBCBDADBCBDBCACDDACBDCDBBCDDDBCAACDBCDDABAAAD,,,1,685,,,,,L_T1_GTR___standard,,,,,L_T1_GTR03_51000001/L_T1_GTR03_33000001,,,,,24,41,322114440000323411000000131400000007312110000000313220000000413240000000,,bb40ab32,,,,,,,,38,0,4,bb40ab32,1280,3491,,3313313411242344244444144121231412234121143422431242112422413324,AABAABACBBDCDACCDCCCCCBCCBDBDABCBDDACBDBBCACDDCABDCDBBDCDDCBAADC,AAABABACBBCDADCCCDCCCCBCBCBDADBCBDADBCBDBCACDDACBDCDBBCDDDBCAACD,,,4,3491,,,,,L_T1_GTR___standard,,,,,L_T1_GTR03_51000001/L_T1_GTR03_33000001,,,
216450,76,,,,,,,,,33,23,12,322114146622323412112216131442266140312114334330313224124426413214226000,,00000685,,,,,,,,37,25,0,1,1,685,,33133134112423442444441441212314122341211434224312421124224133244122313323,AABAABACBBDCDACCDCCCCCBCCBDBDABCBDDACBDBBCACDDCABDCDBBDCDDCBAADCCBDDABAADA,AAABABACBBCDADCCCDCCCCBCBCBDADBCBDADBCBDBCACDDACBDCDBBCDDDBCAACDBCDDABAAAD,,,1,685,,,,,L_T1_GTR___standard,,,,,L_T1_GTR03_51000001/L_T1_GTR03_33000001,,,,,24,41,322444000000323400000000131400000007312110000000313220000000413240000000,,bb50ab66,,,,,,,,39,0,5,bb50ab66,3300,6791,,3313313411242344244444144121231412234121143422431242112422413324,AABAABACBBDCDACCDCCCCCBCCBDBDABCBDDACBDBBCACDDCABDCDBBDCDDCBAADC,AAABABACBBCDADCCCDCCCCBCBCBDADBCBDADBCBDBCACDDACBDCDBBCDDDBCAACD,,,5,6791,,,,,L_T1_GTR___standard,,,,,L_T1_GTR03_51000001/L_T1_GTR03_33000001,,,
216473,77,,,,,,,,,,23,12,322114146622323412112216131442266143312114334336313224124426413214226000,,00000687,,,,,lose,,,38,25,0,2,2,687,,33133134112423442444441441212314122341211434224312421124224133244122313323,AABAABACBBDCDACCDCCCCCBCCBDBDABCBDDACBDBBCACDDCABDCDBBDCDDCBAADCCBDDABAADA,AAABABACBBCDADCCCDCCCCBCBCBDADBCBDADBCBDBCACDDACBDCDBBCDDDBCAACDBCDDABAAAD,,,1,687,,,,,L_T1_GTR___standard,,,,,L_T1_GTR03_51000001/L_T1_GTR03_33000001,,,,,24,41,322444000000323400000000131400000007312110000000313220000000413240000000,,bb50ab66,,,,,,,,39,0,5,bb50ab66,3300,6791,,3313313411242344244444144121231412234121143422431242112422413324,AABAABACBBDCDACCDCCCCCBCCBDBDABCBDDACBDBBCACDDCABDCDBBDCDDCBAADC,AAABABACBBCDADCCCDCCCCBCBCBDADBCBDADBCBDBCACDDACBDCDBBCDDDBCAACD,,,5,6791,,,,,L_T1_GTR___standard,,,,,L_T1_GTR03_51000001/L_T1_GTR03_33000001,,,
216503,77,,,,,,,,,,23,12,322114146622323412112216131442266143312114334336313224124426413214226000,,00000687,,,,,lose,,,38,25,0,2,2,687,,33133134112423442444441441212314122341211434224312421124224133244122313323,AABAABACBBDCDACCDCCCCCBCCBDBDABCBDDACBDBBCACDDCABDCDBBDCDDCBAADCCBDDABAADA,AAABABACBBCDADCCCDCCCCBCBCBDADBCBDADBCBDBCACDDACBDCDBBCDDDBCAACDBCDDABAAAD,,,1,687,,,,,L_T1_GTR___standard,,,,,L_T1_GTR03_51000001/L_T1_GTR03_33000001,,,,,24,41,322000000000323000000000131000000007312110000000313220000000413240000000,,bb50ab66,,,,,win,,,40,0,5,0050a066,3300,10091,,3313313411242344244444144121231412234121143422431242112422413324,AABAABACBBDCDACCDCCCCCBCCBDBDABCBDDACBDBBCACDDCABDCDBBDCDDCBAADC,AAABABACBBCDADCCCDCCCCBCBCBDADBCBDADBCBDBCACDDACBDCDBBCDDDBCAACD,,,5,10091,,,,,L_T1_GTR___standard,,,,,L_T1_GTR03_51000001/L_T1_GTR03_33000001,,,
