219603,0,,,,,,,,,,41,54,000000000000000000000000000000000007000000000000000000000000000000000000,000000,00000000,,,,,,,,0,0,0,0,0,0,,41,AB,AB,,,0,0,,,,,,,,,,,,,,,41,54,000000000000000000000000000000000007000000000000000000000000000000000000,000000,00000000,,,,,,,,0,0,0,0,0,0,,41,AB,AB,,,0,0,,,,,,,,,,,,,
219753,2,,,,,,,,,41,54,21,000000000000000000000000000000000007000000000000000000000000000000000000,,00000000,,,,,,,,1,1,0,0,0,0,,4154,ABCA,ABAC,,,0,0,,,,,,,,,,,,,,41,54,21,000000000000000000000000000000000007000000000000000000000000000000000000,,00000000,,,,,,,,1,1,0,0,0,0,,4154,ABCA,ABAC,,,0,0,,,,,,,,,,,,,
219805,3,,,,,,,,,41,54,21,000000000000000000000000000000000007000000000000000000000000000000000000,,00000000,,,,,,,,1,1,0,0,0,0,,4154,ABCA,ABAC,,,0,0,,,,,,,,,,,,,,54,21,15,000000000000400000000000100000000007000000000000000000000000000000000000,,00000013,,,,,,,,2,2,0,13,13,13,,415421,ABCADB,ABACBD,,,0,13,,,,,,,,,,,,,
219807,4,,,,,,,,,54,21,15,410000000000000000000000000000000007000000000000000000000000000000000000,,00000013,,,,,,,,2,2,0,13,13,13,,415421,ABCADB,ABACBD,,,0,13,,,,,,,,,,,,,,54,21,15,000000000000400000000000100000000007000000000000000000000000000000000000,,00000013,,,,,,,,2,2,0,13,13,13,,415421,ABCADB,ABACBD,,,0,13,,,,,,,,,,,,,
219857,6,,,,,,,,,21,15,52,410000000000400000000000500000000007000000000000000000000000000000000000,,00000026,,,,,,,,3,3,0,13,13,26,,41542115,ABCADBBC,ABACBDBC,,,0,26,,,,,,,,,,,,,,21,15,52,450000000000400000000000100000000007000000000000000000000000000000000000,,00000025,,,,,,,,3,3,0,12,12,25,,41542115,ABCADBBC,ABACBDBC,,,0,25,,,,,,,,,,,,,
219906,7,,,,,,,,,15,52,12,411200000000400000000000500000000007000000000000000000000000000000000000,,00000036,,,,,,,,4,4,0,10,10,36,,4154211552,ABCADBBCCD,ABACBDBCCD,,,0,36,,,,,,,,,,L_T1_GTR03_22110002,,,,21,15,52,450000000000400000000000100000000007000000000000000000000000000000000000,,00000025,,,,,,,,3,3,0,12,12,25,,41542115,ABCADBBC,ABACBDBC,,,0,25,,,,,,,,,,,,,
219910,8,,,,,,,,,15,52,12,411200000000400000000000500000000007000000000000000000000000000000000000,,00000036,,,,,,,,4,4,0,10,10,36,,4154211552,ABCADBBCCD,ABACBDBCCD,,,0,36,,,,,,,,,,L_T1_GTR03_22110002,,,,15,52,12,450000000000400000000000100000000007210000000000000000000000000000000000,,00000038,,,,,,,,4,4,0,13,13,38,,4154211552,ABCADBBCCD,ABACBDBCCD,,,0,38,,,,,,,,,,,,,
219957,9,,,,,,,,,52,12,41,411200000000400000000000500000000007150000000000000000000000000000000000,,00000048,,,,,,,,5,5,0,12,12,48,,415421155212,ABCADBBCCDBD,ABACBDBCCDBD,,,0,48,,,,,,,,,,L_T1_GTR03_22110002,,,,15,52,12,450000000000400000000000100000000007210000000000000000000000000000000000,,00000038,,,,,,,,4,4,0,13,13,38,,4154211552,ABCADBBCCD,ABACBDBCCD,,,0,38,,,,,,,,,,,,,
219961,10,,,,,,,,,52,12,41,411200000000400000000000500000000007150000000000000000000000000000000000,,00000048,,,,,,,,5,5,0,12,12,48,,415421155212,ABCADBBCCDBD,ABACBDBCCDBD,,,0,48,,,,,,,,,,L_T1_GTR03_22110002,,,,52,12,41,450000000000400000000000100000000007210000000000510000000000000000000000,,00000050,,,,,,,,5,5,0,12,12,50,,415421155212,ABCADBBCCDBD,ABACBDBCCDBD,,,0,50,,,,,,,,,,,,,
220011,11,,,,,,,,,12,41,12,411200000000400000000000500000000007150000000000250000000000000000000000,,00000060,,,,,,,,6,6,0,12,12,60,,41542115521241,ABCADBBCCDBDAB,ABACBDBCCDBDAB,,,0,60,,,,,,,,,,L_T1_GTR03_22110002,,,,52,12,41,450000000000400000000000100000000007210000000000510000000000000000000000,,00000050,,,,,,,,5,5,0,12,12,50,,415421155212,ABCADBBCCDBD,ABACBDBCCDBD,,,0,50,,,,,,,,,,,,,
220019,12,,,,,,,,,12,41,12,411200000000400000000000500000000007150000000000250000000000000000000000,,00000060,,,,,,,,6,6,0,12,12,60,,41542115521241,ABCADBBCCDBDAB,ABACBDBCCDBDAB,,,0,60,,,,,,,,,,L_T1_GTR03_22110002,,,,12,41,12,450000000000400000000000100000000007210000000000510000000000520000000000,,00000063,,,,,,,,6,6,0,13,13,63,,41542115521241,ABCADBBCCDBDAB,ABACBDBCCDBDAB,,,0,63,,,,,,,,,,,,,
220064,13,,,,,,,,,12,41,12,411200000000400000000000500000000007150000000000250000000000000000000000,,00000060,,,,,,,,6,6,0,12,12,60,,41542115521241,ABCADBBCCDBDAB,ABACBDBCCDBDAB,,,0,60,,,,,,,,,,L_T1_GTR03_22110002,,,,41,12,14,450000000000400000000000100000000007212100000000510000000000520000000000,,00000073,,,,,,,,7,7,0,10,10,73,,4154211552124112,ABCADBBCCDBDABBD,ABACBDBCCDBDABBD,,,0,73,,,,,,,,,,,,,
220066,14,,,,,,,,,41,12,14,411200000000400000000000500000000007150000000000250000000000210000000000,,00000072,,,,,,,,7,7,0,12,12,72,,4154211552124112,ABCADBBCCDBDABBD,ABACBDBCCDBDABBD,,,0,72,,,,,,,,,,L_T1_GTR03_22110002,,,,41,12,14,450000000000400000000000100000000007212100000000510000000000520000000000,,00000073,,,,,,,,7,7,0,10,10,73,,4154211552124112,ABCADBBCCDBDABBD,ABACBDBCCDBDABBD,,,0,73,,,,,,,,,,,,,
220111,15,,,,,,,,,41,12,14,411200000000400000000000500000000007150000000000250000000000210000000000,,00000072,,,,,,,,7,7,0,12,12,72,,4154211552124112,ABCADBBCCDBDABBD,ABACBDBCCDBDABBD,,,0,72,,,,,,,,,,L_T1_GTR03_22110002,,,,12,14,44,450000000000400000000000141000000007212100000000510000000000520000000000,,00000085,,,,,,,,8,8,0,12,12,85,,415421155212411214,ABCADBBCCDBDABBDBA,ABACBDBCCDBDABBDAB,,,0,85,,,,,,,,,,L_T1_GTR03_31110001,,,
220114,16,,,,,,,,,12,14,44,411200000000410000000000540000000007150000000000250000000000210000000000,,00000084,,,,,,,,8,8,0,12,12,84,,415421155212411214,ABCADBBCCDBDABBDBA,ABACBDBCCDBDABBDAB,,,0,84,,,,,,,,,,,,,,12,14,44,450000000000400000000000141000000007212100000000510000000000520000000000,,00000085,,,,,,,,8,8,0,12,12,85,,415421155212411214,ABCADBBCCDBDABBDBA,ABACBDBCCDBDABBDAB,,,0,85,,,,,,,,,,L_T1_GTR03_31110001,,,
220161,17,,,,,,,,,12,14,44,411200000000410000000000540000000007150000000000250000000000210000000000,,00000084,,,,,,,,8,8,0,12,12,84,,415421155212411214,ABCADBBCCDBDABBDBA,ABACBDBCCDBDABBDAB,,,0,84,,,,,,,,,,,,,,14,44,15,450000000000400000000000141000000007212100000000512100000000520000000000,,00000095,,,,,,,,9,9,0,10,10,95,,41542115521241121444,ABCADBBCCDBDABBDBAAA,ABACBDBCCDBDABBDABAA,,,0,95,,,,,,,,,,L_T1_GTR03_31110001,,,
220166,18,,,,,,,,,14,44,15,411200000000410000000000540000000007150000000000251000000000212000000000,,00000095,,,,,,,,9,9,0,11,11,95,,41542115521241121444,ABCADBBCCDBDABBDBAAA,ABACBDBCCDBDABBDABAA,,,0,95,,,,,,,,,,,,,,14,44,15,450000000000400000000000141000000007212100000000512100000000520000000000,,00000095,,,,,,,,9,9,0,10,10,95,,41542115521241121444,ABCADBBCCDBDABBDBAAA,ABACBDBCCDBDABBDABAA,,,0,95,,,,,,,,,,L_T1_GTR03_31110001,,,
220207,19,,,,,,,,,14,44,15,411200000000410000000000540000000007150000000000251000000000212000000000,,00000095,,,,,,,,9,9,0,11,11,95,,41542115521241121444,ABCADBBCCDBDABBDBAAA,ABACBDBCCDBDABBDABAA,,,0,95,,,,,,,,,,,,,,44,15,55,450000000000400000000000141000000007212141000000512100000000520000000000,,00000103,,,,,,,,10,10,0,8,8,103,,4154211552124112144415,ABCADBBCCDBDABBDBAAABC,ABACBDBCCDBDABBDABAABC,,,0,103,,,,,,,,,,L_T1_GTR03_31110001,,,
220215,20,,,,,,,,,44,15,55,411200000000410000000000540000000007151400000000251000000000212000000000,,00000106,,,,,,,,10,10,0,11,11,106,,4154211552124112144415,ABCADBBCCDBDABBDBAAABC,ABACBDBCCDBDABBDABAABC,,,0,106,,,,,,,,,,,,,,44,15,55,450000000000400000000000141000000007212141000000512100000000520000000000,,00000103,,,,,,,,10,10,0,8,8,103,,4154211552124112144415,ABCADBBCCDBDABBDBAAABC,ABACBDBCCDBDABBDABAABC,,,0,103,,,,,,,,,,L_T1_GTR03_31110001,,,
220251,21,,,,,,,,,44,15,55,411200000000410000000000540000000007151400000000251000000000212000000000,,00000106,,,,,,,,10,10,0,11,11,106,,4154211552124112144415,ABCADBBCCDBDABBDBAAABC,ABACBDBCCDBDABBDABAABC,,,0,106,,,,,,,,,,,,,,15,55,54,450000000000400000000000141000000007212141000000512144000000520000000000,,00000111,,,,,,,,11,11,0,8,8,111,,415421155212411214441555,ABCADBBCCDBDABBDBAAABCCC,ABACBDBCCDBDABBDABAABCCC,,,0,111,,,,,,,,,,L_T1_GTR03_31110001,,,
220259,22,,,,,,,,,15,55,54,411200000000414400000000540000000007151400000000251000000000212000000000,,00000116,,,,,,,,11,11,0,10,10,116,,415421155212411214441555,ABCADBBCCDBDABBDBAAABCCC,ABACBDBCCDBDABBDABAABCCC,,,0,116,,,,,,,,,,,,,,15,55,54,450000000000400000000000141000000007212141000000512144000000520000000000,,00000111,,,,,,,,11,11,0,8,8,111,,415421155212411214441555,ABCADBBCCDBDABBDBAAABCCC,ABACBDBCCDBDABBDABAABCCC,,,0,111,,,,,,,,,,L_T1_GTR03_31110001,,,
220291,23,,,,,,,,,15,55,54,411200000000414400000000540000000007151400000000251000000000212000000000,,00000116,,,,,,,,11,11,0,10,10,116,,415421155212411214441555,ABCADBBCCDBDABBDBAAABCCC,ABACBDBCCDBDABBDABAABCCC,,,0,116,,,,,,,,,,,,,,55,54,42,450000000000400000000000141000000007212141100000512144500000520000000000,,00000118,,,,,,,,12,12,0,7,7,118,,41542115521241121444155554,ABCADBBCCDBDABBDBAAABCCCCA,ABACBDBCCDBDABBDABAABCCCAC,,,0,118,,,,,,,,,,L_T1_GTR03_31110001,,,
220306,24,,,,,,,,,55,54,42,411200000000414400000000545100000007151400000000251000000000212000000000,,00000127,,,,,,,,12,12,0,11,11,127,,41542115521241121444155554,ABCADBBCCDBDABBDBAAABCCCCA,ABACBDBCCDBDABBDABAABCCCAC,,,0,127,,,,,,,,,,,,,,55,54,42,450000000000400000000000141000000007212141100000512144500000520000000000,,00000118,,,,,,,,12,12,0,7,7,118,,41542115521241121444155554,ABCADBBCCDBDABBDBAAABCCCCA,ABACBDBCCDBDABBDABAABCCCAC,,,0,118,,,,,,,,,,L_T1_GTR03_31110001,,,
220341,25,,,,,,,,,55,54,42,411200000000414400000000545100000007151400000000251000000000212000000000,,00000127,,,,,,,,12,12,0,11,11,127,,41542115521241121444155554,ABCADBBCCDBDABBDBAAABCCCCA,ABACBDBCCDBDABBDABAABCCCAC,,,0,127,,,,,,,,,,,,,,54,42,25,450000000000400000000000141000000007212141100000512144500000525500000000,,00000128,,,,,,,,13,13,0,10,10,128,,4154211552124112144415555442,ABCADBBCCDBDABBDBAAABCCCCAAD,ABACBDBCCDBDABBDABAABCCCACAD,,,0,128,,,,,,,,,,L_T1_GTR03_31110001,,,
220345,26,,,,,,,,,54,42,25,411200000000414455000000545100000007151400000000251000000000212000000000,,00000134,,,,,,,,13,13,0,7,7,134,,4154211552124112144415555442,ABCADBBCCDBDABBDBAAABCCCCAAD,ABACBDBCCDBDABBDABAABCCCACAD,,,0,134,,,,,,,,,,,,,,54,42,25,450000000000400000000000141000000007212141100000512144500000525500000000,,00000128,,,,,,,,13,13,0,10,10,128,,4154211552124112144415555442,ABCADBBCCDBDABBDBAAABCCCCAAD,ABACBDBCCDBDABBDABAABCCCACAD,,,0,128,,,,,,,,,,L_T1_GTR03_31110001,,,
220387,27,,,,,,,,,42,25,51,411200000000414455000000545150000007151440000000251000000000212000000000,,00000143,,,,,,,,14,14,0,9,9,143,,415421155212411214441555544225,ABCADBBCCDBDABBDBAAABCCCCAADDC,ABACBDBCCDBDABBDABAABCCCACADCD,,,0,143,,,,,,,,,,,,,,54,42,25,450000000000400000000000141000000007212141100000512144500000525500000000,,00000128,,,,,,,,13,13,0,10,10,128,,4154211552124112144415555442,ABCADBBCCDBDABBDBAAABCCCCAAD,ABACBDBCCDBDABBDABAABCCCACAD,,,0,128,,,,,,,,,,L_T1_GTR03_31110001,,,
220394,28,,,,,,,,,42,25,51,411200000000414455000000545150000007151440000000251000000000212000000000,,00000143,,,,,,,,14,14,0,9,9,143,,415421155212411214441555544225,ABCADBBCCDBDABBDBAAABCCCCAADDC,ABACBDBCCDBDABBDABAABCCCACADCD,,,0,143,,,,,,,,,,,,,,42,25,51,450000000000454000000000141000000007212141100000512144500000525500000000,,00000140,,,,,,,,14,14,0,12,12,140,,415421155212411214441555544225,ABCADBBCCDBDABBDBAAABCCCCAADDC,ABACBDBCCDBDABBDABAABCCCACADCD,,,0,140,,,,,L_T1_GTR___hekomi__,,,,,L_T1_GTR03_22110001,,,
220435,29,,,,,,,,,42,25,51,411200000000414455000000545150000007151440000000251000000000212000000000,,00000143,,,,,,,,14,14,0,9,9,143,,415421155212411214441555544225,ABCADBBCCDBDABBDBAAABCCCCAADDC,ABACBDBCCDBDABBDABAABCCCACADCD,,,0,143,,,,,,,,,,,,,,25,51,55,450000000000454240000000141000000007212141100000512144500000525500000000,,00000149,,,,,,,,15,15,0,9,9,149,,41542115521241121444155554422551,ABCADBBCCDBDABBDBAAABCCCCAADDCCB,ABACBDBCCDBDABBDABAABCCCACADCDBC,,,0,149,,,,,L_T1_GTR___hekomi__,,,,,L_T1_GTR03_22110001,,,
220437,30,,,,,,,,,25,51,55,411200000000414455000000545150000007151440000000251400000000212200000000,,00000153,,,,,,,,15,15,0,10,10,153,,41542115521241121444155554422551,ABCADBBCCDBDABBDBAAABCCCCAADDCCB,ABACBDBCCDBDABBDABAABCCCACADCDBC,,,0,153,,,,,,,,,,,,,,25,51,55,450000000000454240000000141000000007212141100000512144500000525500000000,,00000149,,,,,,,,15,15,0,9,9,149,,41542115521241121444155554422551,ABCADBBCCDBDABBDBAAABCCCCAADDCCB,ABACBDBCCDBDABBDABAABCCCACADCDBC,,,0,149,,,,,L_T1_GTR___hekomi__,,,,,L_T1_GTR03_22110001,,,
220483,31,,,,,,,,,25,51,55,411200000000414455000000545150000007151440000000251400000000212200000000,,00000153,,,,,,,,15,15,0,10,10,153,,41542115521241121444155554422551,ABCADBBCCDBDABBDBAAABCCCCAADDCCB,ABACBDBCCDBDABBDABAABCCCACADCDBC,,,0,153,,,,,,,,,,,,,,51,55,42,455200000000454240000000141000000007212141100000512144500000525500000000,,00000159,,,,,,,,16,16,0,10,10,159,,4154211552124112144415555442255155,ABCADBBCCDBDABBDBAAABCCCCAADDCCBCC,ABACBDBCCDBDABBDABAABCCCACADCDBCCC,,,0,159,,,,,L_T1_GTR___standard,,,,,L_T1_GTR03_33000001,,,
220486,32,,,,,,,,,51,55,42,411200000000414455000000545150000007151440000000251450000000212220000000,,00000162,,,,,,,,16,16,0,9,9,162,,4154211552124112144415555442255155,ABCADBBCCDBDABBDBAAABCCCCAADDCCBCC,ABACBDBCCDBDABBDABAABCCCACADCDBCCC,,,0,162,,,,,,,,,,,,,,51,55,42,455200000000454240000000141000000007212141100000512144500000525500000000,,00000159,,,,,,,,16,16,0,10,10,159,,4154211552124112144415555442255155,ABCADBBCCDBDABBDBAAABCCCCAADDCCBCC,ABACBDBCCDBDABBDABAABCCCACADCDBCCC,,,0,159,,,,,L_T1_GTR___standard,,,,,L_T1_GTR03_33000001,,,
220527,33,,,,,,,,,51,55,42,411200000000414455000000545150000007151440000000251450000000212220000000,,00000162,,,,,,,,16,16,0,9,9,162,,4154211552124112144415555442255155,ABCADBBCCDBDABBDBAAABCCCCAADDCCBCC,ABACBDBCCDBDABBDABAABCCCACADCDBCCC,,,0,162,,,,,,,,,,,,,,55,42,21,455200000000454240000000141000000007212141110000512144550000525500000000,,00000165,,,,,,,,17,17,0,6,6,165,,415421155212411214441555544225515542,ABCADBBCCDBDABBDBAAABCCCCAADDCCBCCAD,ABACBDBCCDBDABBDABAABCCCACADCDBCCCAD,,,0,165,,,,,L_T1_GTR___standard,,,,,L_T1_GTR03_33000001,,,
220529,34,,,,,,,,,55,42,21,411200000000414455000000545150000007151440000000251450000000212221500000,,00000169,,,,,,,,17,17,0,7,7,169,,415421155212411214441555544225515542,ABCADBBCCDBDABBDBAAABCCCCAADDCCBCCAD,ABACBDBCCDBDABBDABAABCCCACADCDBCCCAD,,,0,169,,,,,,,,,,,,,,55,42,21,455200000000454240000000141000000007212141110000512144550000525500000000,,00000165,,,,,,,,17,17,0,6,6,165,,415421155212411214441555544225515542,ABCADBBCCDBDABBDBAAABCCCCAADDCCBCCAD,ABACBDBCCDBDABBDABAABCCCACADCDBCCCAD,,,0,165,,,,,L_T1_GTR___standard,,,,,L_T1_GTR03_33000001,,,
220572,35,,,,,,,,,42,21,21,411200000000414455000000545150000007151445000000251455000000212221500000,,00000177,,,,,,,,18,18,0,8,8,177,,41542115521241121444155554422551554221,ABCADBBCCDBDABBDBAAABCCCCAADDCCBCCADDB,ABACBDBCCDBDABBDABAABCCCACADCDBCCCADBD,,,0,177,,,,,,,,,,,,,,55,42,21,455200000000454240000000141000000007212141110000512144550000525500000000,,00000165,,,,,,,,17,17,0,6,6,165,,415421155212411214441555544225515542,ABCADBBCCDBDABBDBAAABCCCCAADDCCBCCAD,ABACBDBCCDBDABBDABAABCCCACADCDBCCCAD,,,0,165,,,,,L_T1_GTR___standard,,,,,L_T1_GTR03_33000001,,,
220597,36,,,,,,,,,42,21,21,411200000000414455000000545150000007151445000000251455000000212221500000,,00000177,,,,,,,,18,18,0,8,8,177,,41542115521241121444155554422551554221,ABCADBBCCDBDABBDBAAABCCCCAADDCCBCCADDB,ABACBDBCCDBDABBDABAABCCCACADCDBCCCADBD,,,0,177,,,,,,,,,,,,,,42,21,21,455200000000454240000000141000000007212141110000512144555000525550000000,,00000170,,,,,,,,18,18,0,5,5,170,,41542115521241121444155554422551554221,ABCADBBCCDBDABBDBAAABCCCCAADDCCBCCADDB,ABACBDBCCDBDABBDABAABCCCACADCDBCCCADBD,,,0,170,,,,,L_T1_GTR___standard,,,,,L_T1_GTR03_33000001,,,
220630,37,,,,,,,,,21,21,22,411200000000414455200000545154000007151445000000251455000000212221500000,,00000184,,,,,,,,19,19,0,7,7,184,,4154211552124112144415555442255155422121,ABCADBBCCDBDABBDBAAABCCCCAADDCCBCCADDBDB,ABACBDBCCDBDABBDABAABCCCACADCDBCCCADBDBD,,,0,184,,,,,,,,,,,,,,42,21,21,455200000000454240000000141000000007212141110000512144555000525550000000,,00000170,,,,,,,,18,18,0,5,5,170,,41542115521241121444155554422551554221,ABCADBBCCDBDABBDBAAABCCCCAADDCCBCCADDB,ABACBDBCCDBDABBDABAABCCCACADCDBCCCADBD,,,0,170,,,,,L_T1_GTR___standard,,,,,L_T1_GTR03_33000001,,,
220631,38,,,,,,,,,21,21,22,411200000000414455200000545154000007151445000000251455000000212221500000,,00000184,,,,,,,,19,19,0,7,7,184,,4154211552124112144415555442255155422121,ABCADBBCCDBDABBDBAAABCCCCAADDCCBCCADDBDB,ABACBDBCCDBDABBDABAABCCCACADCDBCCCADBDBD,,,0,184,,,,,,,,,,,,,,,21,21,455200000000454240000000141240000007212141110000512144555000525550000000,,bb50abb2,,,,,,,,19,0,1,bb50abb2,100,270,,41542115521241121444155554422551554221,ABCADBBCCDBDABBDBAAABCCCCAADDCCBCCADDB,ABACBDBCCDBDABBDABAABCCCACADCDBCCCADBD,,,1,270,,,,,L_T1_GTR___standard/L_T1_GTR___zabuton_,,,,,L_T1_GTR03_33000001,,,
220677,39,,,,,,,,,21,22,52,411221000000414455200000545154000007151445000000251455000000212221500000,,00000193,,,,,,,,20,20,0,9,9,193,,415421155212411214441555544225515542212122,ABCADBBCCDBDABBDBAAABCCCCAADDCCBCCADDBDBDD,ABACBDBCCDBDABBDABAABCCCACADCDBCCCADBDBDDD,,,0,193,,,,,,,,,,,,,,,21,21,455200000000454240000000141240000007212141110000512144555000525550000000,,bb50abb2,,,,,,,,19,0,1,bb50abb2,100,270,,41542115521241121444155554422551554221,ABCADBBCCDBDABBDBAAABCCCCAADDCCBCCADDB,ABACBDBCCDBDABBDABAABCCCACADCDBCCCADBD,,,1,270,,,,,L_T1_GTR___standard/L_T1_GTR___zabuton_,,,,,L_T1_GTR03_33000001,,,
220710,40,,,,,,,,,21,22,52,411221000000414455200000545154000007151445000000251455000000212221500000,,00000193,,,,,,,,20,20,0,9,9,193,,415421155212411214441555544225515542212122,ABCADBBCCDBDABBDBAAABCCCCAADDCCBCCADDBDBDD,ABACBDBCCDBDABBDABAABCCCACADCDBCCCADBDBDDD,,,0,193,,,,,,,,,,,,,,,21,21,455200000000454200000000141200000007212111100000512155500000525550000000,,b110ab16,,,,,,,,20,0,2,b110ab16,1760,2030,,41542115521241121444155554422551554221,ABCADBBCCDBDABBDBAAABCCCCAADDCCBCCADDB,ABACBDBCCDBDABBDABAABCCCACADCDBCCCADBD,,,2,2030,,,,,L_T1_GTR___standard/L_T1_GTR___zabuton_,,,,,L_T1_GTR03_33000001,,,
220715,41,,,,,,,,,22,52,41,411221000000414455221000545154000007151445000000251455000000212221500000,,00000199,,,,,,,,21,21,0,6,6,199,,41542115521241121444155554422551554221212252,ABCADBBCCDBDABBDBAAABCCCCAADDCCBCCADDBDBDDCD,ABACBDBCCDBDABBDABAABCCCACADCDBCCCADBDBDDDCD,,,0,199,,,,,,,,,,,,,,,21,21,455200000000454200000000141200000007212111100000512155500000525550000000,,b110ab16,,,,,,,,20,0,2,b110ab16,1760,2030,,41542115521241121444155554422551554221,ABCADBBCCDBDABBDBAAABCCCCAADDCCBCCADDB,ABACBDBCCDBDABBDABAABCCCACADCDBCCCADBD,,,2,2030,,,,,L_T1_GTR___standard/L_T1_GTR___zabuton_,,,,,L_T1_GTR03_33000001,,,
220747,42,,,,,,,,,52,41,45,411221000000414455221220545154000007151445000000251455000000212221500000,,00000202,,,,,,,,22,22,0,3,3,202,,4154211552124112144415555442255155422121225241,ABCADBBCCDBDABBDBAAABCCCCAADDCCBCCADDBDBDDCDAB,ABACBDBCCDBDABBDABAABCCCACADCDBCCCADBDBDDDCDAB,,,0,202,,,,,,,,,,,,,,,21,21,455200000000454200000000141200000007212111100000512155500000525550000000,,b110ab16,,,,,,,,20,0,2,b110ab16,1760,2030,,41542115521241121444155554422551554221,ABCADBBCCDBDABBDBAAABCCCCAADDCCBCCADDB,ABACBDBCCDBDABBDABAABCCCACADCDBCCCADBD,,,2,2030,,,,,L_T1_GTR___standard/L_T1_GTR___zabuton_,,,,,L_T1_GTR03_33000001,,,
220776,43,,,,,,,,,52,41,45,411221000000414455221220545154000007151445000000251455000000212221500000,,00000202,,,,,,,,22,22,0,3,3,202,,4154211552124112144415555442255155422121225241,ABCADBBCCDBDABBDBAAABCCCCAADDCCBCCADDBDBDDCDAB,ABACBDBCCDBDABBDABAABCCCACADCDBCCCADBDBDDDCDAB,,,0,202,,,,,,,,,,,,,,21,21,22,455200000000454200000000141200000007212000000000512000000000520000000000,,00002039,,,,,,,,21,1,0,9,9,2039,,4154211552124112144415555442255155422121,ABCADBBCCDBDABBDBAAABCCCCAADDCCBCCADDBDB,ABACBDBCCDBDABBDABAABCCCACADCDBCCCADBDBD,,,2,2039,,,,,L_T1_GTR___standard/L_T1_GTR___zabuton_,,,,,L_T1_GTR03_33000001,,,
220794,44,,,,,,,,,,41,45,411221000000414455221220545154000007151445000000251455520000212221500000,,bb50abb2,,,,,,,,23,0,1,bb50abb2,100,302,,4154211552124112144415555442255155422121225241,ABCADBBCCDBDABBDBAAABCCCCAADDCCBCCADDBDBDDCDAB,ABACBDBCCDBDABBDABAABCCCACADCDBCCCADBDBDDDCDAB,,,1,302,,,,,,,,,,,,,,21,21,22,455200000000454200000000141200000007212000000000512000000000520000000000,,00002039,,,,,,,,21,1,0,9,9,2039,,4154211552124112144415555442255155422121,ABCADBBCCDBDABBDBAAABCCCCAADDCCBCCADDBDB,ABACBDBCCDBDABBDABAABCCCACADCDBCCCADBDBD,,,2,2039,,,,,L_T1_GTR___standard/L_T1_GTR___zabuton_,,,,,L_T1_GTR03_33000001,,,
220825,45,,,,,,,,,,41,45,411221000000414455221220545154000007151445000000251455520000212221500000,,bb50abb2,,,,,,,,23,0,1,bb50abb2,100,302,,4154211552124112144415555442255155422121225241,ABCADBBCCDBDABBDBAAABCCCCAADDCCBCCADDBDBDDCDAB,ABACBDBCCDBDABBDABAABCCCACADCDBCCCADBDBDDDCDAB,,,1,302,,,,,,,,,,,,,,21,22,52,455200000000454212000000141200000007212000000000512000000000520000000000,,00002047,,,,,,,,22,2,0,8,8,2047,,415421155212411214441555544225515542212122,ABCADBBCCDBDABBDBAAABCCCCAADDCCBCCADDBDBDD,ABACBDBCCDBDABBDABAABCCCACADCDBCCCADBDBDDD,,,2,2047,,,,,L_T1_GTR___standard/L_T1_GTR___zabuton_,,,,,L_T1_GTR03_33000001,,,
220864,46,,,,,,,,,,41,45,411221000000414455221220545154000007151445000000251455520000212221500000,,bb50abb2,,,,,,,,23,0,1,bb50abb2,100,302,,4154211552124112144415555442255155422121225241,ABCADBBCCDBDABBDBAAABCCCCAADDCCBCCADDBDBDDCDAB,ABACBDBCCDBDABBDABAABCCCACADCDBCCCADBDBDDDCDAB,,,1,302,,,,,,,,,,,,,,22,52,41,455200000000454212000000141212000007212000000000512000000000520000000000,,00002055,,,,,,,,23,3,0,8,8,2055,,41542115521241121444155554422551554221212252,ABCADBBCCDBDABBDBAAABCCCCAADDCCBCCADDBDBDDCD,ABACBDBCCDBDABBDABAABCCCACADCDBCCCADBDBDDDCD,,,2,2055,,,,,L_T1_GTR___standard/L_T1_GTR___zabuton_,,,,,L_T1_GTR03_33000001,,,
220879,47,,,,,,,,,,41,45,411221000000414455221220545154000007151440000000251420000000212221000000,,bb40abb8,,,,,,,,24,0,2,bb40abb8,320,622,,4154211552124112144415555442255155422121225241,ABCADBBCCDBDABBDBAAABCCCCAADDCCBCCADDBDBDDCDAB,ABACBDBCCDBDABBDABAABCCCACADCDBCCCADBDBDDDCDAB,,,2,622,,,,,,,,,,,,,,22,52,41,455200000000454212000000141212000007212000000000512000000000520000000000,,00002055,,,,,,,,23,3,0,8,8,2055,,41542115521241121444155554422551554221212252,ABCADBBCCDBDABBDBAAABCCCCAADDCCBCCADDBDBDDCD,ABACBDBCCDBDABBDABAABCCCACADCDBCCCADBDBDDDCD,,,2,2055,,,,,L_T1_GTR___standard/L_T1_GTR___zabuton_,,,,,L_T1_GTR03_33000001,,,
220901,48,,,,,,,,,,41,45,411221000000414455221220545154000007151440000000251420000000212221000000,,bb40abb8,,,,,,,,24,0,2,bb40abb8,320,622,,4154211552124112144415555442255155422121225241,ABCADBBCCDBDABBDBAAABCCCCAADDCCBCCADDBDBDDCDAB,ABACBDBCCDBDABBDABAABCCCACADCDBCCCADBDBDDDCDAB,,,2,622,,,,,,,,,,,,,,,52,41,455200000000454212000000141212000007212200000000512200000000520000000000,,bb70abb4,,,,,,,,24,0,1,bb70abb4,280,2335,,41542115521241121444155554422551554221212252,ABCADBBCCDBDABBDBAAABCCCCAADDCCBCCADDBDBDDCD,ABACBDBCCDBDABBDABAABCCCACADCDBCCCADBDBDDDCD,,,2,2335,,,,,L_T1_GTR___standard,,,,,L_T1_GTR03_33000001,,,
220962,49,,,,,,,,,,41,45,411221000000414455221220545154000007151440000000251400000000211000000000,,bb40ab16,,,,,,,,25,0,3,bb40ab16,640,1262,,4154211552124112144415555442255155422121225241,ABCADBBCCDBDABBDBAAABCCCCAADDCCBCCADDBDBDDCDAB,ABACBDBCCDBDABBDABAABCCCACADCDBCCCADBDBDDDCDAB,,,3,1262,,,,,,,,,,,,,,,52,41,455200000000454212000000141212000007212200000000512200000000520000000000,,bb70abb4,,,,,,,,24,0,1,bb70abb4,280,2335,,41542115521241121444155554422551554221212252,ABCADBBCCDBDABBDBAAABCCCCAADDCCBCCADDBDBDDCD,ABACBDBCCDBDABBDABAABCCCACADCDBCCCADBDBDDDCD,,,2,2335,,,,,L_T1_GTR___standard,,,,,L_T1_GTR03_33000001,,,
220990,50,,,,,,,,,,41,45,411221000000414455221220545154000007151440000000251400000000211000000000,,bb40ab16,,,,,,,,25,0,3,bb40ab16,640,1262,,4154211552124112144415555442255155422121225241,ABCADBBCCDBDABBDBAAABCCCCAADDCCBCCADDBDBDDCDAB,ABACBDBCCDBDABBDABAABCCCACADCDBCCCADBDBDDDCDAB,,,3,1262,,,,,,,,,,,,,,52,41,45,455000000000454120000000141120000007210000000000510000000000520000000000,,00002345,,,,,,,,25,1,0,10,10,2345,,4154211552124112144415555442255155422121225241,ABCADBBCCDBDABBDBAAABCCCCAADDCCBCCADDBDBDDCDAB,ABACBDBCCDBDABBDABAABCCCACADCDBCCCADBDBDDDCDAB,,,2,2345,,,,,L_T1_GTR___standard,,,,,L_T1_GTR03_33000001,,,
221028,51,,,,,,,,,41,41,45,411221000000414455221220545154000007104400000000224000000000200000000000,,00001268,,,,,,,,26,1,0,6,6,1268,,415421155212411214441555544225515542212122524141,ABCADBBCCDBDABBDBAAABCCCCAADDCCBCCADDBDBDDCDABAB,ABACBDBCCDBDABBDABAABCCCACADCDBCCCADBDBDDDCDABAB,,,3,1268,,,,,,,,,,,,,,52,41,45,455000000000454120000000141120000007210000000000510000000000520000000000,,00002345,,,,,,,,25,1,0,10,10,2345,,4154211552124112144415555442255155422121225241,ABCADBBCCDBDABBDBAAABCCCCAADDCCBCCADDBDBDDCDAB,ABACBDBCCDBDABBDABAABCCCACADCDBCCCADBDBDDDCDAB,,,2,2345,,,,,L_T1_GTR___standard,,,,,L_T1_GTR03_33000001,,,
221075,52,,,,,,,,,41,41,45,411221000000414455221220545154000007104400000000224000000000200000000000,,00001268,,,,,,,,26,1,0,6,6,1268,,415421155212411214441555544225515542212122524141,ABCADBBCCDBDABBDBAAABCCCCAADDCCBCCADDBDBDDCDABAB,ABACBDBCCDBDABBDABAABCCCACADCDBCCCADBDBDDDCDABAB,,,3,1268,,,,,,,,,,,,,,41,45,55,455000000000454122000000141125000007210000000000510000000000520000000000,,00002351,,,,,,,,26,2,0,6,6,2351,,415421155212411214441555544225515542212122524145,ABCADBBCCDBDABBDBAAABCCCCAADDCCBCCADDBDBDDCDABAC,ABACBDBCCDBDABBDABAABCCCACADCDBCCCADBDBDDDCDABAC,,,2,2351,,,,,L_T1_GTR___standard,,,,,L_T1_GTR03_33000001,,,
221124,53,,,,,,,,,41,45,55,411221660000414455221226545154660007154466600000254666000000266600000000,,00001268,,,,,,,,27,2,0,0,0,1268,,41542115521241121444155554422551554221212252414145,ABCADBBCCDBDABBDBAAABCCCCAADDCCBCCADDBDBDDCDABABAC,ABACBDBCCDBDABBDABAABCCCACADCDBCCCADBDBDDDCDABABAC,,,3,1268,,,,,,,,,,,,,,41,45,55,455000000000454122000000141125000007210000000000510000000000520000000000,,00002351,,,,,,,,26,2,0,6,6,2351,,415421155212411214441555544225515542212122524145,ABCADBBCCDBDABBDBAAABCCCCAADDCCBCCADDBDBDDCDABAC,ABACBDBCCDBDABBDABAABCCCACADCDBCCCADBDBDDDCDABAC,,,2,2351,,,,,L_T1_GTR___standard,,,,,L_T1_GTR03_33000001,,,
221129,54,,,,,,,,,41,45,55,411221660000414455221226545154660007154466600000254666000000266600000000,,00001268,,,,,,,,27,2,0,0,0,1268,,41542115521241121444155554422551554221212252414145,ABCADBBCCDBDABBDBAAABCCCCAADDCCBCCADDBDBDDCDABABAC,ABACBDBCCDBDABBDABAABCCCACADCDBCCCADBDBDDDCDABABAC,,,3,1268,,,,,,,,,,,,,,45,55,22,455000000000454122000000141125000007214000000000511000000000520000000000,,00002362,,,,,,,,27,3,0,11,11,2362,,41542115521241121444155554422551554221212252414555,ABCADBBCCDBDABBDBAAABCCCCAADDCCBCCADDBDBDDCDABACCC,ABACBDBCCDBDABBDABAABCCCACADCDBCCCADBDBDDDCDABACCC,,,2,2362,,,,,L_T1_GTR___standard,,,,,L_T1_GTR03_33000001,,,
221175,55,,,,,,,,,41,45,55,411221660000414455221226545154660007154466600000254666000000266600000000,,00001268,,,,,,,,27,2,0,0,0,1268,,41542115521241121444155554422551554221212252414145,ABCADBBCCDBDABBDBAAABCCCCAADDCCBCCADDBDBDDCDABABAC,ABACBDBCCDBDABBDABAABCCCACADCDBCCCADBDBDDDCDABABAC,,,3,1268,,,,,,,,,,,,,,55,22,12,455000000000454122000000141125000007214450000000511000000000520000000000,,00002372,,,,,,,,28,4,0,10,10,2372,,4154211552124112144415555442255155422121225241455522,ABCADBBCCDBDABBDBAAABCCCCAADDCCBCCADDBDBDDCDABACCCDD,ABACBDBCCDBDABBDABAABCCCACADCDBCCCADBDBDDDCDABACCCDD,,,2,2372,,,,,L_T1_GTR___standard,,,,,L_T1_GTR03_33000001,,,
221182,56,,,,,,,,,45,55,22,411221660000414455221226545154660007154466640000254666100000266600000000,,00001274,,,,,,,,28,3,0,6,6,1274,,4154211552124112144415555442255155422121225241414555,ABCADBBCCDBDABBDBAAABCCCCAADDCCBCCADDBDBDDCDABABACCC,ABACBDBCCDBDABBDABAABCCCACADCDBCCCADBDBDDDCDABABACCC,,,3,1274,,,,,,,,,,,,,,55,22,12,455000000000454122000000141125000007214450000000511000000000520000000000,,00002372,,,,,,,,28,4,0,10,10,2372,,4154211552124112144415555442255155422121225241455522,ABCADBBCCDBDABBDBAAABCCCCAADDCCBCCADDBDBDDCDABACCCDD,ABACBDBCCDBDABBDABAABCCCACADCDBCCCADBDBDDDCDABACCCDD,,,2,2372,,,,,L_T1_GTR___standard,,,,,L_T1_GTR03_33000001,,,
221211,57,,,,,,,,,45,55,22,411221660000414455221226545154660007154466640000254666100000266600000000,,00001274,,,,,,,,28,3,0,6,6,1274,,4154211552124112144415555442255155422121225241414555,ABCADBBCCDBDABBDBAAABCCCCAADDCCBCCADDBDBDDCDABABACCC,ABACBDBCCDBDABBDABAABCCCACADCDBCCCADBDBDDDCDABABACCC,,,3,1274,,,,,,,,,,,,,,22,12,52,455000000000454122000000141125550007214450000000511000000000520000000000,,00002378,,,,,,,,29,5,0,6,6,2378,,415421155212411214441555544225515542212122524145552212,ABCADBBCCDBDABBDBAAABCCCCAADDCCBCCADDBDBDDCDABACCCDDBD,ABACBDBCCDBDABBDABAABCCCACADCDBCCCADBDBDDDCDABACCCDDBD,,,2,2378,,,,,L_T1_GTR___standard,,,,,L_T1_GTR03_33000001,,,
221215,58,,,,,,,,,55,22,12,411221660000414455221226545154665007154466644000254666100000266600000000,,00001279,,,,,,,,29,4,0,5,5,1279,,415421155212411214441555544225515542212122524141455522,ABCADBBCCDBDABBDBAAABCCCCAADDCCBCCADDBDBDDCDABABACCCDD,ABACBDBCCDBDABBDABAABCCCACADCDBCCCADBDBDDDCDABABACCCDD,,,3,1279,,,,,,,,,,,,,,22,12,52,455000000000454122000000141125550007214450000000511000000000520000000000,,00002378,,,,,,,,29,5,0,6,6,2378,,415421155212411214441555544225515542212122524145552212,ABCADBBCCDBDABBDBAAABCCCCAADDCCBCCADDBDBDDCDABACCCDDBD,ABACBDBCCDBDABBDABAABCCCACADCDBCCCADBDBDDDCDABACCCDDBD,,,2,2378,,,,,L_T1_GTR___standard,,,,,L_T1_GTR03_33000001,,,
221243,59,,,,,,,,,55,22,12,411221660000414455221226545154665007154466644000254666100000266600000000,,00001279,,,,,,,,29,4,0,5,5,1279,,415421155212411214441555544225515542212122524141455522,ABCADBBCCDBDABBDBAAABCCCCAADDCCBCCADDBDBDDCDABABACCCDD,ABACBDBCCDBDABBDABAABCCCACADCDBCCCADBDBDDDCDABABACCCDD,,,3,1279,,,,,,,,,,,,,,12,52,44,455000000000454122000000141125552207214450000000511000000000520000000000,,00002382,,,,,,,,30,6,0,4,4,2382,,41542115521241121444155554422551554221212252414555221252,ABCADBBCCDBDABBDBAAABCCCCAADDCCBCCADDBDBDDCDABACCCDDBDCD,ABACBDBCCDBDABBDABAABCCCACADCDBCCCADBDBDDDCDABACCCDDBDCD,,,2,2382,,,,,L_T1_GTR___standard,,,,,L_T1_GTR03_33000001,,,
221247,60,,,,,,,,,22,12,52,411221660000414455221226545154665557154466644000254666100000266600000000,,00001283,,,,,,,,30,5,0,4,4,1283,,41542115521241121444155554422551554221212252414145552212,ABCADBBCCDBDABBDBAAABCCCCAADDCCBCCADDBDBDDCDABABACCCDDBD,ABACBDBCCDBDABBDABAABCCCACADCDBCCCADBDBDDDCDABABACCCDDBD,,,3,1283,,,,,,,,,,,,,,12,52,44,455000000000454122000000141125552207214450000000511000000000520000000000,,00002382,,,,,,,,30,6,0,4,4,2382,,41542115521241121444155554422551554221212252414555221252,ABCADBBCCDBDABBDBAAABCCCCAADDCCBCCADDBDBDDCDABACCCDDBDCD,ABACBDBCCDBDABBDABAABCCCACADCDBCCCADBDBDDDCDABACCCDDBDCD,,,2,2382,,,,,L_T1_GTR___standard,,,,,L_T1_GTR03_33000001,,,
221270,61,,,,,,,,,22,12,52,411221660000414455221226545154665557154466644000254666100000266600000000,,00001283,,,,,,,,30,5,0,4,4,1283,,41542115521241121444155554422551554221212252414145552212,ABCADBBCCDBDABBDBAAABCCCCAADDCCBCCADDBDBDDCDABABACCCDDBD,ABACBDBCCDBDABBDABAABCCCACADCDBCCCADBDBDDDCDABABACCCDDBD,,,3,1283,,,,,,,,,,,,,,,52,44,455000000000454122210000141125552207214450000000511000000000520000000000,,bb40abb1,,,,,,,,31,0,1,bb40abb1,40,2422,,41542115521241121444155554422551554221212252414555221252,ABCADBBCCDBDABBDBAAABCCCCAADDCCBCCADDBDBDDCDABACCCDDBDCD,ABACBDBCCDBDABBDABAABCCCACADCDBCCCADBDBDDDCDABACCCDDBDCD,,,2,2422,,,,,L_T1_GTR___standard,,,,,L_T1_GTR03_33000001,,,
221291,62,,,,,,,,,12,52,44,411221660000414455221226545154665557154466644000254666100000266622000000,,00001291,,,,,,,,31,6,0,8,8,1291,,4154211552124112144415555442255155422121225241414555221252,ABCADBBCCDBDABBDBAAABCCCCAADDCCBCCADDBDBDDCDABABACCCDDBDCD,ABACBDBCCDBDABBDABAABCCCACADCDBCCCADBDBDDDCDABABACCCDDBDCD,,,3,1291,,,,,,,,,,,,,,,52,44,455000000000454122210000141125552207214450000000511000000000520000000000,,bb40abb1,,,,,,,,31,0,1,bb40abb1,40,2422,,41542115521241121444155554422551554221212252414555221252,ABCADBBCCDBDABBDBAAABCCCCAADDCCBCCADDBDBDDCDABACCCDDBDCD,ABACBDBCCDBDABBDABAABCCCACADCDBCCCADBDBDDDCDABACCCDDBDCD,,,2,2422,,,,,L_T1_GTR___standard,,,,,L_T1_GTR03_33000001,,,
221331,63,,,,,,,,,52,44,51,411221660000414455221226545154665555154466644000254666112000266622000000,,00001297,,,,,,,,32,7,0,6,6,1297,,415421155212411214441555544225515542212122524141455522125244,ABCADBBCCDBDABBDBAAABCCCCAADDCCBCCADDBDBDDCDABABACCCDDBDCDAA,ABACBDBCCDBDABBDABAABCCCACADCDBCCCADBDBDDDCDABABACCCDDBDCDAA,,,3,1297,,,,,,,,,,,,,,,52,44,455000000000454122210000141125552207214450000000511000000000520000000000,,bb40abb1,,,,,,,,31,0,1,bb40abb1,40,2422,,41542115521241121444155554422551554221212252414555221252,ABCADBBCCDBDABBDBAAABCCCCAADDCCBCCADDBDBDDCDABACCCDDBDCD,ABACBDBCCDBDABBDABAABCCCACADCDBCCCADBDBDDDCDABACCCDDBDCD,,,2,2422,,,,,L_T1_GTR___standard,,,,,L_T1_GTR03_33000001,,,
221354,64,,,,,,,,,52,44,51,411221660000414455221226545154665555154466644000254666112000266622000000,,00001297,,,,,,,,32,7,0,6,6,1297,,415421155212411214441555544225515542212122524141455522125244,ABCADBBCCDBDABBDBAAABCCCCAADDCCBCCADDBDBDDCDABABACCCDDBDCDAA,ABACBDBCCDBDABBDABAABCCCACADCDBCCCADBDBDDDCDABABACCCDDBDCDAA,,,3,1297,,,,,,,,,,,,,,,52,44,455000000000454110000000141155522007214450000000511000000000520000000000,,bb80ab11,,,,,,,,32,0,2,bb80ab11,880,3302,,41542115521241121444155554422551554221212252414555221252,ABCADBBCCDBDABBDBAAABCCCCAADDCCBCCADDBDBDDCDABACCCDDBDCD,ABACBDBCCDBDABBDABAABCCCACADCDBCCCADBDBDDDCDABACCCDDBDCD,,,2,3302,,,,,L_T1_GTR___standard,,,,,L_T1_GTR03_33000001,,,
221365,65,,,,,,,,,44,51,42,411221660000414455221226545154665557154466644000254666112250266622000000,,00001300,,,,,,,,33,8,0,3,3,1300,,41542115521241121444155554422551554221212252414145552212524451,ABCADBBCCDBDABBDBAAABCCCCAADDCCBCCADDBDBDDCDABABACCCDDBDCDAACB,ABACBDBCCDBDABBDABAABCCCACADCDBCCCADBDBDDDCDABABACCCDDBDCDAABC,,,3,1300,,,,,,,,,,,,,,,52,44,455000000000454110000000141155522007214450000000511000000000520000000000,,bb80ab11,,,,,,,,32,0,2,bb80ab11,880,3302,,41542115521241121444155554422551554221212252414555221252,ABCADBBCCDBDABBDBAAABCCCCAADDCCBCCADDBDBDDCDABACCCDDBDCD,ABACBDBCCDBDABBDABAABCCCACADCDBCCCADBDBDDDCDABACCCDDBDCD,,,2,3302,,,,,L_T1_GTR___standard,,,,,L_T1_GTR03_33000001,,,
221417,66,,,,,,,,,,51,42,411221660000414455221226545154665554154466644000254666112250266622000000,,00001302,,,,,lose,,,34,8,0,2,2,1302,,41542115521241121444155554422551554221212252414145552212524451,ABCADBBCCDBDABBDBAAABCCCCAADDCCBCCADDBDBDDCDABABACCCDDBDCDAACB,ABACBDBCCDBDABBDABAABCCCACADCDBCCCADBDBDDDCDABABACCCDDBDCDAABC,,,3,1302,,,,,,,,,,,,,,,52,44,455000000000454110000000141155522007214450000000511000000000520000000000,,bb80ab11,,,,,,,,32,0,2,bb80ab11,880,3302,,41542115521241121444155554422551554221212252414555221252,ABCADBBCCDBDABBDBAAABCCCCAADDCCBCCADDBDBDDCDABACCCDDBDCD,ABACBDBCCDBDABBDABAABCCCACADCDBCCCADBDBDDDCDABACCCDDBDCD,,,2,3302,,,,,L_T1_GTR___standard,,,,,L_T1_GTR03_33000001,,,
221436,66,,,,,,,,,,51,42,411221660000414455221226545154665554154466644000254666112250266622000000,,00001302,,,,,lose,,,34,8,0,2,2,1302,,41542115521241121444155554422551554221212252414145552212524451,ABCADBBCCDBDABBDBAAABCCCCAADDCCBCCADDBDBDDCDABABACCCDDBDCDAACB,ABACBDBCCDBDABBDABAABCCCACADCDBCCCADBDBDDDCDABABACCCDDBDCDAABC,,,3,1302,,,,,,,,,,,,,,,52,44,455000000000454000000000142200000007214400000000511000000000520000000000,,00003308,,,,,win,,,33,0,2,6,6,3308,,41542115521241121444155554422551554221212252414555221252,ABCADBBCCDBDABBDBAAABCCCCAADDCCBCCADDBDBDDCDABACCCDDBDCD,ABACBDBCCDBDABBDABAABCCCACADCDBCCCADBDBDDDCDABACCCDDBDCD,,,2,3308,,,,,L_T1_GTR___standard,,,,,L_T1_GTR03_33000001,,,
