210954,0,,,,,,,,,,33,42,000000000000000000000000000000000007000000000000000000000000000000000000,000000,00000000,,,,,,,,0,0,0,0,0,0,,33,AA,AA,,,0,0,,,,,,,,,,,,,,,33,42,000000000000000000000000000000000007000000000000000000000000000000000000,000000,00000000,,,,,,,,0,0,0,0,0,0,,33,AA,AA,,,0,0,,,,,,,,,,,,,
211104,2,,,,,,,,,33,42,43,000000000000000000000000000000000007000000000000000000000000000000000000,,00000000,,,,,,,,1,1,0,0,0,0,,3342,AABC,AABC,,,0,0,,,,,,,,,,,,,,33,42,43,000000000000000000000000000000000007000000000000000000000000000000000000,,00000000,,,,,,,,1,1,0,0,0,0,,3342,AABC,AABC,,,0,0,,,,,,,,,,,,,
211153,3,,,,,,,,,42,43,34,300000000000300000000000000000000007000000000000000000000000000000000000,,00000013,,,,,,,,2,2,0,13,13,13,,334243,AABCBA,AABCAB,,,0,13,,,,,,,,,,,,,,33,42,43,000000000000000000000000000000000007000000000000000000000000000000000000,,00000000,,,,,,,,1,1,0,0,0,0,,3342,AABC,AABC,,,0,0,,,,,,,,,,,,,
211155,4,,,,,,,,,42,43,34,300000000000300000000000000000000007000000000000000000000000000000000000,,00000013,,,,,,,,2,2,0,13,13,13,,334243,AABCBA,AABCAB,,,0,13,,,,,,,,,,,,,,42,43,34,300000000000300000000000000000000007000000000000000000000000000000000000,,00000013,,,,,,,,2,2,0,13,13,13,,334243,AABCBA,AABCAB,,,0,13,,,,,,,,,,,,,
211203,5,,,,,,,,,43,34,44,300000000000300000000000400000000007200000000000000000000000000000000000,,00000026,,,,,,,,3,3,0,13,13,26,,33424334,AABCBAAB,AABCABAB,,,0,26,,,,,,,,,,,,,,42,43,34,300000000000300000000000000000000007000000000000000000000000000000000000,,00000013,,,,,,,,2,2,0,13,13,13,,334243,AABCBA,AABCAB,,,0,13,,,,,,,,,,,,,
211205,6,,,,,,,,,43,34,44,300000000000300000000000400000000007200000000000000000000000000000000000,,00000026,,,,,,,,3,3,0,13,13,26,,33424334,AABCBAAB,AABCABAB,,,0,26,,,,,,,,,,,,,,43,34,44,300000000000300000000000400000000007200000000000000000000000000000000000,,00000026,,,,,,,,3,3,0,13,13,26,,33424334,AABCBAAB,AABCABAB,,,0,26,,,,,,,,,,,,,
211252,7,,,,,,,,,34,44,32,300000000000300000000000430000000007240000000000000000000000000000000000,,00000038,,,,,,,,4,4,0,12,12,38,,3342433444,AABCBAABBB,AABCABABBB,,,0,38,,,,,,,,,,L_T1_GTR03_32100001,,,,43,34,44,300000000000300000000000400000000007200000000000000000000000000000000000,,00000026,,,,,,,,3,3,0,13,13,26,,33424334,AABCBAAB,AABCABAB,,,0,26,,,,,,,,,,,,,
211255,8,,,,,,,,,34,44,32,300000000000300000000000430000000007240000000000000000000000000000000000,,00000038,,,,,,,,4,4,0,12,12,38,,3342433444,AABCBAABBB,AABCABABBB,,,0,38,,,,,,,,,,L_T1_GTR03_32100001,,,,34,44,32,300000000000300000000000430000000007240000000000000000000000000000000000,,00000038,,,,,,,,4,4,0,12,12,38,,3342433444,AABCBAABBB,AABCABABBB,,,0,38,,,,,,,,,,L_T1_GTR03_32100001,,,
211300,9,,,,,,,,,44,32,22,300000000000343000000000430000000007240000000000000000000000000000000000,,00000049,,,,,,,,5,5,0,11,11,49,,334243344432,AABCBAABBBAC,AABCABABBBAC,,,0,49,,,,,,,,,,L_T1_GTR03_41100001/L_T1_GTR03_32100001,,,,34,44,32,300000000000300000000000430000000007240000000000000000000000000000000000,,00000038,,,,,,,,4,4,0,12,12,38,,3342433444,AABCBAABBB,AABCABABBB,,,0,38,,,,,,,,,,L_T1_GTR03_32100001,,,
211304,10,,,,,,,,,44,32,22,300000000000343000000000430000000007240000000000000000000000000000000000,,00000049,,,,,,,,5,5,0,11,11,49,,334243344432,AABCBAABBBAC,AABCABABBBAC,,,0,49,,,,,,,,,,L_T1_GTR03_41100001/L_T1_GTR03_32100001,,,,44,32,22,300000000000343000000000430000000007240000000000000000000000000000000000,,00000049,,,,,,,,5,5,0,11,11,49,,334243344432,AABCBAABBBAC,AABCABABBBAC,,,0,49,,,,,,,,,,L_T1_GTR03_41100001/L_T1_GTR03_32100001,,,
211349,11,,,,,,,,,32,22,43,344000000000343000000000430000000007240000000000000000000000000000000000,,00000060,,,,,,,,6,6,0,11,11,60,,33424334443222,AABCBAABBBACCC,AABCABABBBACCC,,,0,60,,,,,L_T1_GTR___standard,,,,,L_T1_GTR03_33000001/L_T1_GTR03_32100001,,,,44,32,22,300000000000343000000000430000000007240000000000000000000000000000000000,,00000049,,,,,,,,5,5,0,11,11,49,,334243344432,AABCBAABBBAC,AABCABABBBAC,,,0,49,,,,,,,,,,L_T1_GTR03_41100001/L_T1_GTR03_32100001,,,
211354,12,,,,,,,,,32,22,43,344000000000343000000000430000000007240000000000000000000000000000000000,,00000060,,,,,,,,6,6,0,11,11,60,,33424334443222,AABCBAABBBACCC,AABCABABBBACCC,,,0,60,,,,,L_T1_GTR___standard,,,,,L_T1_GTR03_33000001/L_T1_GTR03_32100001,,,,32,22,43,344000000000343000000000430000000007240000000000000000000000000000000000,,00000060,,,,,,,,6,6,0,11,11,60,,33424334443222,AABCBAABBBACCC,AABCABABBBACCC,,,0,60,,,,,L_T1_GTR___standard,,,,,L_T1_GTR03_33000001/L_T1_GTR03_32100001,,,
211408,13,,,,,,,,,22,43,11,344000000000343000000000430000000007240000000000200000000000300000000000,,00000073,,,,,,,,7,7,0,13,13,73,,3342433444322243,AABCBAABBBACCCBA,AABCABABBBACCCAB,,,0,73,,,,,L_T1_GTR___standard,,,,,L_T1_GTR03_33000001,,,,32,22,43,344000000000343000000000430000000007240000000000000000000000000000000000,,00000060,,,,,,,,6,6,0,11,11,60,,33424334443222,AABCBAABBBACCC,AABCABABBBACCC,,,0,60,,,,,L_T1_GTR___standard,,,,,L_T1_GTR03_33000001/L_T1_GTR03_32100001,,,
211410,14,,,,,,,,,22,43,11,344000000000343000000000430000000007240000000000200000000000300000000000,,00000073,,,,,,,,7,7,0,13,13,73,,3342433444322243,AABCBAABBBACCCBA,AABCABABBBACCCAB,,,0,73,,,,,L_T1_GTR___standard,,,,,L_T1_GTR03_33000001,,,,22,43,11,344000000000343000000000430000000007240000000000200000000000300000000000,,00000073,,,,,,,,7,7,0,13,13,73,,3342433444322243,AABCBAABBBACCCBA,AABCABABBBACCCAB,,,0,73,,,,,L_T1_GTR___standard,,,,,L_T1_GTR03_33000001,,,
211453,15,,,,,,,,,43,11,23,344200000000343200000000430000000007240000000000200000000000300000000000,,00000083,,,,,,,,8,8,0,10,10,83,,334243344432224311,AABCBAABBBACCCBADD,AABCABABBBACCCABDD,,,0,83,,,,,L_T1_GTR___standard,,,,,L_T1_GTR03_33000001,,,,22,43,11,344000000000343000000000430000000007240000000000200000000000300000000000,,00000073,,,,,,,,7,7,0,13,13,73,,3342433444322243,AABCBAABBBACCCBA,AABCABABBBACCCAB,,,0,73,,,,,L_T1_GTR___standard,,,,,L_T1_GTR03_33000001,,,
211455,16,,,,,,,,,43,11,23,344200000000343200000000430000000007240000000000200000000000300000000000,,00000083,,,,,,,,8,8,0,10,10,83,,334243344432224311,AABCBAABBBACCCBADD,AABCABABBBACCCABDD,,,0,83,,,,,L_T1_GTR___standard,,,,,L_T1_GTR03_33000001,,,,43,11,23,344200000000343200000000430000000007240000000000200000000000300000000000,,00000083,,,,,,,,8,8,0,10,10,83,,334243344432224311,AABCBAABBBACCCBADD,AABCABABBBACCCABDD,,,0,83,,,,,L_T1_GTR___standard,,,,,L_T1_GTR03_33000001,,,
211507,18,,,,,,,,,11,23,42,344200000000343200000000430000000007240000000000240000000000330000000000,,00000095,,,,,,,,9,9,0,12,12,95,,33424334443222431123,AABCBAABBBACCCBADDCA,AABCABABBBACCCABDDAC,,,0,95,,,,,L_T1_GTR___standard,,,,,L_T1_GTR03_33000001,,,,11,23,42,344200000000343200000000430000000007240000000000240000000000330000000000,,00000095,,,,,,,,9,9,0,12,12,95,,33424334443222431123,AABCBAABBBACCCBADDCA,AABCABABBBACCCABDDAC,,,0,95,,,,,L_T1_GTR___standard,,,,,L_T1_GTR03_33000001,,,
211549,19,,,,,,,,,23,42,23,344210000000343210000000430000000007240000000000240000000000330000000000,,00000104,,,,,,,,10,10,0,9,9,104,,3342433444322243112342,AABCBAABBBACCCBADDCABC,AABCABABBBACCCABDDACBC,,,0,104,,,,,L_T1_GTR___standard,,,,,L_T1_GTR03_33000001,,,,11,23,42,344200000000343200000000430000000007240000000000240000000000330000000000,,00000095,,,,,,,,9,9,0,12,12,95,,33424334443222431123,AABCBAABBBACCCBADDCA,AABCABABBBACCCABDDAC,,,0,95,,,,,L_T1_GTR___standard,,,,,L_T1_GTR03_33000001,,,
211551,20,,,,,,,,,23,42,23,344210000000343210000000430000000007240000000000240000000000330000000000,,00000104,,,,,,,,10,10,0,9,9,104,,3342433444322243112342,AABCBAABBBACCCBADDCABC,AABCABABBBACCCABDDACBC,,,0,104,,,,,L_T1_GTR___standard,,,,,L_T1_GTR03_33000001,,,,23,42,23,344210000000343210000000430000000007240000000000240000000000330000000000,,00000104,,,,,,,,10,10,0,9,9,104,,3342433444322243112342,AABCBAABBBACCCBADDCABC,AABCABABBBACCCABDDACBC,,,0,104,,,,,L_T1_GTR___standard,,,,,L_T1_GTR03_33000001,,,
211602,21,,,,,,,,,42,23,43,344210000000343210000000430000000007240000000000243000000000332000000000,,00000115,,,,,,,,11,11,0,11,11,115,,334243344432224311234223,AABCBAABBBACCCBADDCABCCA,AABCABABBBACCCABDDACBCAC,,,0,115,,,,,L_T1_GTR___standard,,,,,L_T1_GTR03_33000001,,,,23,42,23,344210000000343210000000430000000007240000000000240000000000330000000000,,00000104,,,,,,,,10,10,0,9,9,104,,3342433444322243112342,AABCBAABBBACCCBADDCABC,AABCABABBBACCCABDDACBC,,,0,104,,,,,L_T1_GTR___standard,,,,,L_T1_GTR03_33000001,,,
211603,22,,,,,,,,,42,23,43,344210000000343210000000430000000007240000000000243000000000332000000000,,00000115,,,,,,,,11,11,0,11,11,115,,334243344432224311234223,AABCBAABBBACCCBADDCABCCA,AABCABABBBACCCABDDACBCAC,,,0,115,,,,,L_T1_GTR___standard,,,,,L_T1_GTR03_33000001,,,,42,23,43,344210000000343210000000430000000007240000000000243000000000332000000000,,00000115,,,,,,,,11,11,0,11,11,115,,334243344432224311234223,AABCBAABBBACCCBADDCABCCA,AABCABABBBACCCABDDACBCAC,,,0,115,,,,,L_T1_GTR___standard,,,,,L_T1_GTR03_33000001,,,
211648,23,,,,,,,,,23,43,31,344210000000343210000000434200000007240000000000243000000000332000000000,,00000126,,,,,,,,12,12,0,11,11,126,,33424334443222431123422343,AABCBAABBBACCCBADDCABCCABA,AABCABABBBACCCABDDACBCACAB,,,0,126,,,,,L_T1_GTR___standard/L_T1_GTR___zabuton_,,,,,L_T1_GTR03_33000001,,,,42,23,43,344210000000343210000000430000000007240000000000243000000000332000000000,,00000115,,,,,,,,11,11,0,11,11,115,,334243344432224311234223,AABCBAABBBACCCBADDCABCCA,AABCABABBBACCCABDDACBCAC,,,0,115,,,,,L_T1_GTR___standard,,,,,L_T1_GTR03_33000001,,,
211650,24,,,,,,,,,23,43,31,344210000000343210000000434200000007240000000000243000000000332000000000,,00000126,,,,,,,,12,12,0,11,11,126,,33424334443222431123422343,AABCBAABBBACCCBADDCABCCABA,AABCABABBBACCCABDDACBCACAB,,,0,126,,,,,L_T1_GTR___standard/L_T1_GTR___zabuton_,,,,,L_T1_GTR03_33000001,,,,23,43,31,344210000000343210000000434200000007240000000000243000000000332000000000,,00000126,,,,,,,,12,12,0,11,11,126,,33424334443222431123422343,AABCBAABBBACCCBADDCABCCABA,AABCABABBBACCCABDDACBCACAB,,,0,126,,,,,L_T1_GTR___standard/L_T1_GTR___zabuton_,,,,,L_T1_GTR03_33000001,,,
211697,25,,,,,,,,,43,31,33,344210000000343210000000434200000007240000000000243300000000332200000000,,00000136,,,,,,,,13,13,0,10,10,136,,3342433444322243112342234331,AABCBAABBBACCCBADDCABCCABAAD,AABCABABBBACCCABDDACBCACABAD,,,0,136,,,,,L_T1_GTR___standard/L_T1_GTR___zabuton_,,,,,L_T1_GTR03_33000001,,,,23,43,31,344210000000343210000000434200000007240000000000243000000000332000000000,,00000126,,,,,,,,12,12,0,11,11,126,,33424334443222431123422343,AABCBAABBBACCCBADDCABCCABA,AABCABABBBACCCABDDACBCACAB,,,0,126,,,,,L_T1_GTR___standard/L_T1_GTR___zabuton_,,,,,L_T1_GTR03_33000001,,,
211699,26,,,,,,,,,43,31,33,344210000000343210000000434200000007240000000000243300000000332200000000,,00000136,,,,,,,,13,13,0,10,10,136,,3342433444322243112342234331,AABCBAABBBACCCBADDCABCCABAAD,AABCABABBBACCCABDDACBCACABAD,,,0,136,,,,,L_T1_GTR___standard/L_T1_GTR___zabuton_,,,,,L_T1_GTR03_33000001,,,,43,31,33,344210000000343210000000434200000007240000000000243300000000332200000000,,00000136,,,,,,,,13,13,0,10,10,136,,3342433444322243112342234331,AABCBAABBBACCCBADDCABCCABAAD,AABCABABBBACCCABDDACBCACABAD,,,0,136,,,,,L_T1_GTR___standard/L_T1_GTR___zabuton_,,,,,L_T1_GTR03_33000001,,,
211744,27,,,,,,,,,31,33,24,344210000000343210000000434200000007243400000000243300000000332200000000,,00000146,,,,,,,,14,14,0,10,10,146,,334243344432224311234223433133,AABCBAABBBACCCBADDCABCCABAADAA,AABCABABBBACCCABDDACBCACABADAA,,,0,146,,,,,L_T1_GTR___standard/L_T1_GTR___zabuton_,,,,,L_T1_GTR03_33000001,,,,43,31,33,344210000000343210000000434200000007240000000000243300000000332200000000,,00000136,,,,,,,,13,13,0,10,10,136,,3342433444322243112342234331,AABCBAABBBACCCBADDCABCCABAAD,AABCABABBBACCCABDDACBCACABAD,,,0,136,,,,,L_T1_GTR___standard/L_T1_GTR___zabuton_,,,,,L_T1_GTR03_33000001,,,
211746,28,,,,,,,,,31,33,24,344210000000343210000000434200000007243400000000243300000000332200000000,,00000146,,,,,,,,14,14,0,10,10,146,,334243344432224311234223433133,AABCBAABBBACCCBADDCABCCABAADAA,AABCABABBBACCCABDDACBCACABADAA,,,0,146,,,,,L_T1_GTR___standard/L_T1_GTR___zabuton_,,,,,L_T1_GTR03_33000001,,,,31,33,24,344210000000343210000000434200000007243400000000243300000000332200000000,,00000146,,,,,,,,14,14,0,10,10,146,,334243344432224311234223433133,AABCBAABBBACCCBADDCABCCABAADAA,AABCABABBBACCCABDDACBCACABADAA,,,0,146,,,,,L_T1_GTR___standard/L_T1_GTR___zabuton_,,,,,L_T1_GTR03_33000001,,,
211784,29,,,,,,,,,33,24,33,344210000000343210000000434213000007243400000000243300000000332200000000,,00000154,,,,,,,,15,15,0,8,8,154,,33424334443222431123422343313324,AABCBAABBBACCCBADDCABCCABAADAACB,AABCABABBBACCCABDDACBCACABADAABC,,,0,154,,,,,L_T1_GTR___standard/L_T1_GTR___zabuton_,,,,,L_T1_GTR03_33000001,,,,31,33,24,344210000000343210000000434200000007243400000000243300000000332200000000,,00000146,,,,,,,,14,14,0,10,10,146,,334243344432224311234223433133,AABCBAABBBACCCBADDCABCCABAADAA,AABCABABBBACCCABDDACBCACABADAA,,,0,146,,,,,L_T1_GTR___standard/L_T1_GTR___zabuton_,,,,,L_T1_GTR03_33000001,,,
211786,30,,,,,,,,,33,24,33,344210000000343210000000434213000007243400000000243300000000332200000000,,00000154,,,,,,,,15,15,0,8,8,154,,33424334443222431123422343313324,AABCBAABBBACCCBADDCABCCABAADAACB,AABCABABBBACCCABDDACBCACABADAABC,,,0,154,,,,,L_T1_GTR___standard/L_T1_GTR___zabuton_,,,,,L_T1_GTR03_33000001,,,,33,24,33,344210000000343210000000434213000007243400000000243300000000332200000000,,00000154,,,,,,,,15,15,0,8,8,154,,33424334443222431123422343313324,AABCBAABBBACCCBADDCABCCABAADAACB,AABCABABBBACCCABDDACBCACABADAABC,,,0,154,,,,,L_T1_GTR___standard/L_T1_GTR___zabuton_,,,,,L_T1_GTR03_33000001,,,
211825,31,,,,,,,,,24,33,34,344213000000343213000000434213000007243400000000243300000000332200000000,,00000162,,,,,,,,16,16,0,8,8,162,,3342433444322243112342234331332433,AABCBAABBBACCCBADDCABCCABAADAACBAA,AABCABABBBACCCABDDACBCACABADAABCAA,,,0,162,,,,,L_T1_GTR___standard/L_T1_GTR___zabuton_,,,,,L_T1_GTR03_33000001,,,,33,24,33,344210000000343210000000434213000007243400000000243300000000332200000000,,00000154,,,,,,,,15,15,0,8,8,154,,33424334443222431123422343313324,AABCBAABBBACCCBADDCABCCABAADAACB,AABCABABBBACCCABDDACBCACABADAABC,,,0,154,,,,,L_T1_GTR___standard/L_T1_GTR___zabuton_,,,,,L_T1_GTR03_33000001,,,
211827,32,,,,,,,,,24,33,34,344213000000343213000000434213000007243400000000243300000000332200000000,,00000162,,,,,,,,16,16,0,8,8,162,,3342433444322243112342234331332433,AABCBAABBBACCCBADDCABCCABAADAACBAA,AABCABABBBACCCABDDACBCACABADAABCAA,,,0,162,,,,,L_T1_GTR___standard/L_T1_GTR___zabuton_,,,,,L_T1_GTR03_33000001,,,,24,33,34,344213000000343213000000434213000007243400000000243300000000332200000000,,00000162,,,,,,,,16,16,0,8,8,162,,3342433444322243112342234331332433,AABCBAABBBACCCBADDCABCCABAADAACBAA,AABCABABBBACCCABDDACBCACABADAABCAA,,,0,162,,,,,L_T1_GTR___standard/L_T1_GTR___zabuton_,,,,,L_T1_GTR03_33000001,,,
211876,34,,,,,,,,,33,34,22,344213000000343213000000434213000007243400000000243340000000332220000000,,00000171,,,,,,,,17,17,0,9,9,171,,334243344432224311234223433133243334,AABCBAABBBACCCBADDCABCCABAADAACBAAAB,AABCABABBBACCCABDDACBCACABADAABCAAAB,,,0,171,,,,,L_T1_GTR___standard/L_T1_GTR___zabuton_,,,,,L_T1_GTR03_33000001,,,,33,34,22,344213000000343213000000434213000007243400000000243340000000332220000000,,00000171,,,,,,,,17,17,0,9,9,171,,334243344432224311234223433133243334,AABCBAABBBACCCBADDCABCCABAADAACBAAAB,AABCABABBBACCCABDDACBCACABADAABCAAAB,,,0,171,,,,,L_T1_GTR___standard/L_T1_GTR___zabuton_,,,,,L_T1_GTR03_33000001,,,
211919,35,,,,,,,,,34,22,11,344213000000343213000000434213000007243400000000243343000000332223000000,,00000179,,,,,,,,18,18,0,8,8,179,,33424334443222431123422343313324333422,AABCBAABBBACCCBADDCABCCABAADAACBAAABCC,AABCABABBBACCCABDDACBCACABADAABCAAABCC,,,0,179,,,,,L_T1_GTR___standard/L_T1_GTR___zabuton_,,,,,L_T1_GTR03_33000001,,,,33,34,22,344213000000343213000000434213000007243400000000243340000000332220000000,,00000171,,,,,,,,17,17,0,9,9,171,,334243344432224311234223433133243334,AABCBAABBBACCCBADDCABCCABAADAACBAAAB,AABCABABBBACCCABDDACBCACABADAABCAAAB,,,0,171,,,,,L_T1_GTR___standard/L_T1_GTR___zabuton_,,,,,L_T1_GTR03_33000001,,,
211929,36,,,,,,,,,34,22,11,344213000000343213000000434213000007243400000000243343000000332223000000,,00000179,,,,,,,,18,18,0,8,8,179,,33424334443222431123422343313324333422,AABCBAABBBACCCBADDCABCCABAADAACBAAABCC,AABCABABBBACCCABDDACBCACABADAABCAAABCC,,,0,179,,,,,L_T1_GTR___standard/L_T1_GTR___zabuton_,,,,,L_T1_GTR03_33000001,,,,34,22,11,344213000000343213000000434213000007243400000000243340000000332223300000,,00000179,,,,,,,,18,18,0,8,8,179,,33424334443222431123422343313324333422,AABCBAABBBACCCBADDCABCCABAADAACBAAABCC,AABCABABBBACCCABDDACBCACABADAABCAAABCC,,,0,179,,,,,L_T1_GTR___standard/L_T1_GTR___zabuton_,,,,,L_T1_GTR03_33000001,,,
211963,37,,,,,,,,,22,11,34,344213000000343213000000434213000007243400000000243343000000332223340000,,00000186,,,,,,,,19,19,0,7,7,186,,3342433444322243112342234331332433342211,AABCBAABBBACCCBADDCABCCABAADAACBAAABCCDD,AABCABABBBACCCABDDACBCACABADAABCAAABCCDD,,,0,186,,,,,L_T1_GTR___standard/L_T1_GTR___zabuton_,,,,,L_T1_GTR03_33000001,,,,34,22,11,344213000000343213000000434213000007243400000000243340000000332223300000,,00000179,,,,,,,,18,18,0,8,8,179,,33424334443222431123422343313324333422,AABCBAABBBACCCBADDCABCCABAADAACBAAABCC,AABCABABBBACCCABDDACBCACABADAABCAAABCC,,,0,179,,,,,L_T1_GTR___standard/L_T1_GTR___zabuton_,,,,,L_T1_GTR03_33000001,,,
211974,38,,,,,,,,,22,11,34,344213000000343213000000434213000007243400000000243343000000332223340000,,00000186,,,,,,,,19,19,0,7,7,186,,3342433444322243112342234331332433342211,AABCBAABBBACCCBADDCABCCABAADAACBAAABCCDD,AABCABABBBACCCABDDACBCACABADAABCAAABCCDD,,,0,186,,,,,L_T1_GTR___standard/L_T1_GTR___zabuton_,,,,,L_T1_GTR03_33000001,,,,22,11,34,344213000000343213000000434213000007243434000000243340000000332223300000,,00000188,,,,,,,,19,19,0,9,9,188,,3342433444322243112342234331332433342211,AABCBAABBBACCCBADDCABCCABAADAACBAAABCCDD,AABCABABBBACCCABDDACBCACABADAABCAAABCCDD,,,0,188,,,,,L_T1_GTR___standard/L_T1_GTR___zabuton_,,,,,L_T1_GTR03_33000001,,,
212003,39,,,,,,,,,11,34,32,344213220000343213000000434213000007243400000000243343000000332223340000,,00000192,,,,,,,,20,20,0,6,6,192,,334243344432224311234223433133243334221134,AABCBAABBBACCCBADDCABCCABAADAACBAAABCCDDAB,AABCABABBBACCCABDDACBCACABADAABCAAABCCDDAB,,,0,192,,,,,L_T1_GTR___standard/L_T1_GTR___zabuton_,,,,,L_T1_GTR03_33000001,,,,22,11,34,344213000000343213000000434213000007243434000000243340000000332223300000,,00000188,,,,,,,,19,19,0,9,9,188,,3342433444322243112342234331332433342211,AABCBAABBBACCCBADDCABCCABAADAACBAAABCCDD,AABCABABBBACCCABDDACBCACABADAABCAAABCCDD,,,0,188,,,,,L_T1_GTR___standard/L_T1_GTR___zabuton_,,,,,L_T1_GTR03_33000001,,,
212012,40,,,,,,,,,11,34,32,344213220000343213000000434213000007243400000000243343000000332223340000,,00000192,,,,,,,,20,20,0,6,6,192,,334243344432224311234223433133243334221134,AABCBAABBBACCCBADDCABCCABAADAACBAAABCCDDAB,AABCABABBBACCCABDDACBCACABADAABCAAABCCDDAB,,,0,192,,,,,L_T1_GTR___standard/L_T1_GTR___zabuton_,,,,,L_T1_GTR03_33000001,,,,11,34,32,344213000000343213220000434213000007243434000000243340000000332223300000,,00000194,,,,,,,,20,20,0,6,6,194,,334243344432224311234223433133243334221134,AABCBAABBBACCCBADDCABCCABAADAACBAAABCCDDAB,AABCABABBBACCCABDDACBCACABADAABCAAABCCDDAB,,,0,194,,,,,L_T1_GTR___standard/L_T1_GTR___zabuton_,,,,,L_T1_GTR03_33000001,,,
212041,41,,,,,,,,,34,32,24,344213220000343213110000434213000007243400000000243343000000332223340000,,00000198,,,,,,,,21,21,0,6,6,198,,33424334443222431123422343313324333422113432,AABCBAABBBACCCBADDCABCCABAADAACBAAABCCDDABAC,AABCABABBBACCCABDDACBCACABADAABCAAABCCDDABAC,,,0,198,,,,,L_T1_GTR___standard/L_T1_GTR___zabuton_,,,,,L_T1_GTR03_33000001,,,,11,34,32,344213000000343213220000434213000007243434000000243340000000332223300000,,00000194,,,,,,,,20,20,0,6,6,194,,334243344432224311234223433133243334221134,AABCBAABBBACCCBADDCABCCABAADAACBAAABCCDDAB,AABCABABBBACCCABDDACBCACABADAABCAAABCCDDAB,,,0,194,,,,,L_T1_GTR___standard/L_T1_GTR___zabuton_,,,,,L_T1_GTR03_33000001,,,
212052,42,,,,,,,,,34,32,24,344213220000343213110000434213000007243400000000243343000000332223340000,,00000198,,,,,,,,21,21,0,6,6,198,,33424334443222431123422343313324333422113432,AABCBAABBBACCCBADDCABCCABAADAACBAAABCCDDABAC,AABCABABBBACCCABDDACBCACABADAABCAAABCCDDABAC,,,0,198,,,,,L_T1_GTR___standard/L_T1_GTR___zabuton_,,,,,L_T1_GTR03_33000001,,,,34,32,24,344213110000343213220000434213000007243434000000243340000000332223300000,,00000200,,,,,,,,21,21,0,6,6,200,,33424334443222431123422343313324333422113432,AABCBAABBBACCCBADDCABCCABAADAACBAAABCCDDABAC,AABCABABBBACCCABDDACBCACABADAABCAAABCCDDABAC,,,0,200,,,,,L_T1_GTR___standard/L_T1_GTR___zabuton_,,,,,L_T1_GTR03_33000001,,,
212086,43,,,,,,,,,32,24,11,344213220000343213110000434213000007243434000000243343000000332223340000,,00000207,,,,,,,,22,22,0,9,9,207,,3342433444322243112342234331332433342211343224,AABCBAABBBACCCBADDCABCCABAADAACBAAABCCDDABACCB,AABCABABBBACCCABDDACBCACABADAABCAAABCCDDABACBC,,,0,207,,,,,L_T1_GTR___standard/L_T1_GTR___zabuton_,,,,,L_T1_GTR03_33000001,,,,34,32,24,344213110000343213220000434213000007243434000000243340000000332223300000,,00000200,,,,,,,,21,21,0,6,6,200,,33424334443222431123422343313324333422113432,AABCBAABBBACCCBADDCABCCABAADAACBAAABCCDDABAC,AABCABABBBACCCABDDACBCACABADAABCAAABCCDDABAC,,,0,200,,,,,L_T1_GTR___standard/L_T1_GTR___zabuton_,,,,,L_T1_GTR03_33000001,,,
212097,44,,,,,,,,,32,24,11,344213220000343213110000434213000007243434000000243343000000332223340000,,00000207,,,,,,,,22,22,0,9,9,207,,3342433444322243112342234331332433342211343224,AABCBAABBBACCCBADDCABCCABAADAACBAAABCCDDABACCB,AABCABABBBACCCABDDACBCACABADAABCAAABCCDDABACBC,,,0,207,,,,,L_T1_GTR___standard/L_T1_GTR___zabuton_,,,,,L_T1_GTR03_33000001,,,,32,24,11,344213110000343213220000434213000007243434000000243343400000332223300000,,00000208,,,,,,,,22,22,0,8,8,208,,3342433444322243112342234331332433342211343224,AABCBAABBBACCCBADDCABCCABAADAACBAAABCCDDABACCB,AABCABABBBACCCABDDACBCACABADAABCAAABCCDDABACBC,,,0,208,,,,,L_T1_GTR___standard/L_T1_GTR___zabuton_,,,,,L_T1_GTR03_33000001,,,
212124,45,,,,,,,,,24,11,23,344213223000343213112000434213000007243434000000243343000000332223340000,,00000212,,,,,,,,23,23,0,5,5,212,,334243344432224311234223433133243334221134322411,AABCBAABBBACCCBADDCABCCABAADAACBAAABCCDDABACCBDD,AABCABABBBACCCABDDACBCACABADAABCAAABCCDDABACBCDD,,,0,212,,,,,L_T1_GTR___standard/L_T1_GTR___zabuton_,,,,,L_T1_GTR03_33000001,,,,32,24,11,344213110000343213220000434213000007243434000000243343400000332223300000,,00000208,,,,,,,,22,22,0,8,8,208,,3342433444322243112342234331332433342211343224,AABCBAABBBACCCBADDCABCCABAADAACBAAABCCDDABACCB,AABCABABBBACCCABDDACBCACABADAABCAAABCCDDABACBC,,,0,208,,,,,L_T1_GTR___standard/L_T1_GTR___zabuton_,,,,,L_T1_GTR03_33000001,,,
212133,46,,,,,,,,,24,11,23,344213223000343213112000434213000007243434000000243343000000332223340000,,00000212,,,,,,,,23,23,0,5,5,212,,334243344432224311234223433133243334221134322411,AABCBAABBBACCCBADDCABCCABAADAACBAAABCCDDABACCBDD,AABCABABBBACCCABDDACBCACABADAABCAAABCCDDABACBCDD,,,0,212,,,,,L_T1_GTR___standard/L_T1_GTR___zabuton_,,,,,L_T1_GTR03_33000001,,,,24,11,23,344213112000343213223000434213000007243434000000243343400000332223300000,,00000213,,,,,,,,23,23,0,5,5,213,,334243344432224311234223433133243334221134322411,AABCBAABBBACCCBADDCABCCABAADAACBAAABCCDDABACCBDD,AABCABABBBACCCABDDACBCACABADAABCAAABCCDDABACBCDD,,,0,213,,,,,L_T1_GTR___standard/L_T1_GTR___zabuton_,,,,,L_T1_GTR03_33000001,,,
212161,47,,,,,,,,,11,23,11,344213223000343213112000434213200007243434400000243343000000332223340000,,00000219,,,,,,,,24,24,0,7,7,219,,33424334443222431123422343313324333422113432241123,AABCBAABBBACCCBADDCABCCABAADAACBAAABCCDDABACCBDDCA,AABCABABBBACCCABDDACBCACABADAABCAAABCCDDABACBCDDAC,,,0,219,,,,,L_T1_GTR___standard/L_T1_GTR___zabuton_,,,,,L_T1_GTR03_33000001,,,,24,11,23,344213112000343213223000434213000007243434000000243343400000332223300000,,00000213,,,,,,,,23,23,0,5,5,213,,334243344432224311234223433133243334221134322411,AABCBAABBBACCCBADDCABCCABAADAACBAAABCCDDABACCBDD,AABCABABBBACCCABDDACBCACABADAABCAAABCCDDABACBCDD,,,0,213,,,,,L_T1_GTR___standard/L_T1_GTR___zabuton_,,,,,L_T1_GTR03_33000001,,,
212171,48,,,,,,,,,11,23,11,344213223000343213112000434213200007243434400000243343000000332223340000,,00000219,,,,,,,,24,24,0,7,7,219,,33424334443222431123422343313324333422113432241123,AABCBAABBBACCCBADDCABCCABAADAACBAAABCCDDABACCBDDCA,AABCABABBBACCCABDDACBCACABADAABCAAABCCDDABACBCDDAC,,,0,219,,,,,L_T1_GTR___standard/L_T1_GTR___zabuton_,,,,,L_T1_GTR03_33000001,,,,11,23,11,344213112000343213223000434213200007243434400000243343400000332223300000,,00000220,,,,,,,,24,24,0,7,7,220,,33424334443222431123422343313324333422113432241123,AABCBAABBBACCCBADDCABCCABAADAACBAAABCCDDABACCBDDCA,AABCABABBBACCCABDDACBCACABADAABCAAABCCDDABACBCDDAC,,,0,220,,,,,L_T1_GTR___standard/L_T1_GTR___zabuton_,,,,,L_T1_GTR03_33000001,,,
212195,49,,,,,,,,,23,11,13,344213223100343213112100434213200007243434400000243343000000332223340000,,00000223,,,,,,,,25,25,0,4,4,223,,3342433444322243112342234331332433342211343224112311,AABCBAABBBACCCBADDCABCCABAADAACBAAABCCDDABACCBDDCADD,AABCABABBBACCCABDDACBCACABADAABCAAABCCDDABACBCDDACDD,,,0,223,,,,,L_T1_GTR___standard/L_T1_GTR___zabuton_,,,,,L_T1_GTR03_33000001,,,,11,23,11,344213112000343213223000434213200007243434400000243343400000332223300000,,00000220,,,,,,,,24,24,0,7,7,220,,33424334443222431123422343313324333422113432241123,AABCBAABBBACCCBADDCABCCABAADAACBAAABCCDDABACCBDDCA,AABCABABBBACCCABDDACBCACABADAABCAAABCCDDABACBCDDAC,,,0,220,,,,,L_T1_GTR___standard/L_T1_GTR___zabuton_,,,,,L_T1_GTR03_33000001,,,
212208,50,,,,,,,,,23,11,13,344213223100343213112100434213200007243434400000243343000000332223340000,,00000223,,,,,,,,25,25,0,4,4,223,,3342433444322243112342234331332433342211343224112311,AABCBAABBBACCCBADDCABCCABAADAACBAAABCCDDABACCBDDCADD,AABCABABBBACCCABDDACBCACABADAABCAAABCCDDABACBCDDACDD,,,0,223,,,,,L_T1_GTR___standard/L_T1_GTR___zabuton_,,,,,L_T1_GTR03_33000001,,,,23,11,13,344213112000343213223000434213210007243434410000243343400000332223300000,,00000226,,,,,,,,25,25,0,6,6,226,,3342433444322243112342234331332433342211343224112311,AABCBAABBBACCCBADDCABCCABAADAACBAAABCCDDABACCBDDCADD,AABCABABBBACCCABDDACBCACABADAABCAAABCCDDABACBCDDACDD,,,0,226,,,,,L_T1_GTR___standard/L_T1_GTR___zabuton_,,,,,L_T1_GTR03_33000001,,,
212231,51,,,,,,,,,11,13,43,344213223120343213112130434213200007243434400000243343000000332223340000,,00000226,,,,,,,,26,26,0,3,3,226,,334243344432224311234223433133243334221134322411231113,AABCBAABBBACCCBADDCABCCABAADAACBAAABCCDDABACCBDDCADDDA,AABCABABBBACCCABDDACBCACABADAABCAAABCCDDABACBCDDACDDAD,,,0,226,,,,,L_T1_GTR___standard/L_T1_GTR___zabuton_,,,,,L_T1_GTR03_33000001,,,,23,11,13,344213112000343213223000434213210007243434410000243343400000332223300000,,00000226,,,,,,,,25,25,0,6,6,226,,3342433444322243112342234331332433342211343224112311,AABCBAABBBACCCBADDCABCCABAADAACBAAABCCDDABACCBDDCADD,AABCABABBBACCCABDDACBCACABADAABCAAABCCDDABACBCDDACDD,,,0,226,,,,,L_T1_GTR___standard/L_T1_GTR___zabuton_,,,,,L_T1_GTR03_33000001,,,
212242,52,,,,,,,,,11,13,43,344213223120343213112130434213200007243434400000243343000000332223340000,,00000226,,,,,,,,26,26,0,3,3,226,,334243344432224311234223433133243334221134322411231113,AABCBAABBBACCCBADDCABCCABAADAACBAAABCCDDABACCBDDCADDDA,AABCABABBBACCCABDDACBCACABADAABCAAABCCDDABACBCDDACDDAD,,,0,226,,,,,L_T1_GTR___standard/L_T1_GTR___zabuton_,,,,,L_T1_GTR03_33000001,,,,11,13,43,344213112000343213223000434213212007243434413000243343400000332223300000,,00000231,,,,,,,,26,26,0,5,5,231,,334243344432224311234223433133243334221134322411231113,AABCBAABBBACCCBADDCABCCABAADAACBAAABCCDDABACCBDDCADDDA,AABCABABBBACCCABDDACBCACABADAABCAAABCCDDABACBCDDACDDAD,,,0,231,,,,,L_T1_GTR___standard/L_T1_GTR___zabuton_,,,,,L_T1_GTR03_33000001,,,
212272,53,,,,,,,,,13,43,12,344213223120343213112130434213200007243434400000243343110000332223340000,,00000232,,,,,,,,27,27,0,6,6,232,,33424334443222431123422343313324333422113432241123111343,AABCBAABBBACCCBADDCABCCABAADAACBAAABCCDDABACCBDDCADDDABA,AABCABABBBACCCABDDACBCACABADAABCAAABCCDDABACBCDDACDDADAB,,,0,232,,,,,L_T1_GTR___standard/L_T1_GTR___zabuton_,,,,,L_T1_GTR03_33000001,,,,11,13,43,344213112000343213223000434213212007243434413000243343400000332223300000,,00000231,,,,,,,,26,26,0,5,5,231,,334243344432224311234223433133243334221134322411231113,AABCBAABBBACCCBADDCABCCABAADAACBAAABCCDDABACCBDDCADDDA,AABCABABBBACCCABDDACBCACABADAABCAAABCCDDABACBCDDACDDAD,,,0,231,,,,,L_T1_GTR___standard/L_T1_GTR___zabuton_,,,,,L_T1_GTR03_33000001,,,
212283,54,,,,,,,,,13,43,12,344213223120343213112130434213200007243434400000243343110000332223340000,,00000232,,,,,,,,27,27,0,6,6,232,,33424334443222431123422343313324333422113432241123111343,AABCBAABBBACCCBADDCABCCABAADAACBAAABCCDDABACCBDDCADDDABA,AABCABABBBACCCABDDACBCACABADAABCAAABCCDDABACBCDDACDDADAB,,,0,232,,,,,L_T1_GTR___standard/L_T1_GTR___zabuton_,,,,,L_T1_GTR03_33000001,,,,13,43,12,344213112000343213223000434213212007243434413110243343400000332223300000,,00000235,,,,,,,,27,27,0,4,4,235,,33424334443222431123422343313324333422113432241123111343,AABCBAABBBACCCBADDCABCCABAADAACBAAABCCDDABACCBDDCADDDABA,AABCABABBBACCCABDDACBCACABADAABCAAABCCDDABACBCDDACDDADAB,,,0,235,,,,,L_T1_GTR___standard/L_T1_GTR___zabuton_,,,,,L_T1_GTR03_33000001,,,
212307,55,,,,,,,,,43,12,41,344213223120343213112130434213210007243434430000243343110000332223340000,,00000238,,,,,,,,28,28,0,6,6,238,,3342433444322243112342234331332433342211343224112311134312,AABCBAABBBACCCBADDCABCCABAADAACBAAABCCDDABACCBDDCADDDABADC,AABCABABBBACCCABDDACBCACABADAABCAAABCCDDABACBCDDACDDADABCD,,,0,238,,,,,L_T1_GTR___standard/L_T1_GTR___zabuton_,,,,,L_T1_GTR03_33000001,,,,13,43,12,344213112000343213223000434213212007243434413110243343400000332223300000,,00000235,,,,,,,,27,27,0,4,4,235,,33424334443222431123422343313324333422113432241123111343,AABCBAABBBACCCBADDCABCCABAADAACBAAABCCDDABACCBDDCADDDABA,AABCABABBBACCCABDDACBCACABADAABCAAABCCDDABACBCDDACDDADAB,,,0,235,,,,,L_T1_GTR___standard/L_T1_GTR___zabuton_,,,,,L_T1_GTR03_33000001,,,
212325,56,,,,,,,,,43,12,41,344213223120343213112130434213210007243434430000243343110000332223340000,,00000238,,,,,,,,28,28,0,6,6,238,,3342433444322243112342234331332433342211343224112311134312,AABCBAABBBACCCBADDCABCCABAADAACBAAABCCDDABACCBDDCADDDABADC,AABCABABBBACCCABDDACBCACABADAABCAAABCCDDABACBCDDACDDADABCD,,,0,238,,,,,L_T1_GTR___standard/L_T1_GTR___zabuton_,,,,,L_T1_GTR03_33000001,,,,43,12,41,344213112000343213223000434213212007243434413110243343413000332223300000,,00000241,,,,,,,,28,28,0,6,6,241,,3342433444322243112342234331332433342211343224112311134312,AABCBAABBBACCCBADDCABCCABAADAACBAAABCCDDABACCBDDCADDDABADC,AABCABABBBACCCABDDACBCACABADAABCAAABCCDDABACBCDDACDDADABCD,,,0,241,,,,,L_T1_GTR___standard/L_T1_GTR___zabuton_,,,,,L_T1_GTR03_33000001,,,
212339,57,,,,,,,,,12,41,41,344213223124343213112130434213210007243434430000243343110000332223340000,,00000240,,,,,,,,29,29,0,2,2,240,,334243344432224311234223433133243334221134322411231113431241,AABCBAABBBACCCBADDCABCCABAADAACBAAABCCDDABACCBDDCADDDABADCBD,AABCABABBBACCCABDDACBCACABADAABCAAABCCDDABACBCDDACDDADABCDBD,,,0,240,,,,,L_T1_GTR___standard/L_T1_GTR___zabuton_,,,,,L_T1_GTR03_33000001,,,,43,12,41,344213112000343213223000434213212007243434413110243343413000332223300000,,00000241,,,,,,,,28,28,0,6,6,241,,3342433444322243112342234331332433342211343224112311134312,AABCBAABBBACCCBADDCABCCABAADAACBAAABCCDDABACCBDDCADDDABADC,AABCABABBBACCCABDDACBCACABADAABCAAABCCDDABACBCDDACDDADABCD,,,0,241,,,,,L_T1_GTR___standard/L_T1_GTR___zabuton_,,,,,L_T1_GTR03_33000001,,,
212370,58,,,,,,,,,12,41,41,344213223124343213112130434213210007243434430000243343110000332223340000,,00000240,,,,,,,,29,29,0,2,2,240,,334243344432224311234223433133243334221134322411231113431241,AABCBAABBBACCCBADDCABCCABAADAACBAAABCCDDABACCBDDCADDDABADCBD,AABCABABBBACCCABDDACBCACABADAABCAAABCCDDABACBCDDACDDADABCDBD,,,0,240,,,,,L_T1_GTR___standard/L_T1_GTR___zabuton_,,,,,L_T1_GTR03_33000001,,,,12,41,41,344213112000343213223000434213212007243434413110243343413000332223343000,,00000247,,,,,,,,29,29,0,6,6,247,,334243344432224311234223433133243334221134322411231113431241,AABCBAABBBACCCBADDCABCCABAADAACBAAABCCDDABACCBDDCADDDABADCBD,AABCABABBBACCCABDDACBCACABADAABCAAABCCDDABACBCDDACDDADABCDBD,,,0,247,,,,,L_T1_GTR___standard/L_T1_GTR___zabuton_,,,,,L_T1_GTR03_33000001,,,
212378,59,,,,,,,,,41,41,24,344213223124343213112130434213210007243434430000243343110000332223342100,,00000244,,,,,,,,30,30,0,4,4,244,,33424334443222431123422343313324333422113432241123111343124141,AABCBAABBBACCCBADDCABCCABAADAACBAAABCCDDABACCBDDCADDDABADCBDBD,AABCABABBBACCCABDDACBCACABADAABCAAABCCDDABACBCDDACDDADABCDBDBD,,,0,244,,,,,L_T1_GTR___standard/L_T1_GTR___zabuton_,,,,,L_T1_GTR03_33000001,,,,12,41,41,344213112000343213223000434213212007243434413110243343413000332223343000,,00000247,,,,,,,,29,29,0,6,6,247,,334243344432224311234223433133243334221134322411231113431241,AABCBAABBBACCCBADDCABCCABAADAACBAAABCCDDABACCBDDCADDDABADCBD,AABCABABBBACCCABDDACBCACABADAABCAAABCCDDABACBCDDACDDADABCDBD,,,0,247,,,,,L_T1_GTR___standard/L_T1_GTR___zabuton_,,,,,L_T1_GTR03_33000001,,,
212403,60,,,,,,,,,41,41,24,344213223124343213112130434213210007243434430000243343110000332223342100,,00000244,,,,,,,,30,30,0,4,4,244,,33424334443222431123422343313324333422113432241123111343124141,AABCBAABBBACCCBADDCABCCABAADAACBAAABCCDDABACCBDDCADDDABADCBDBD,AABCABABBBACCCABDDACBCACABADAABCAAABCCDDABACBCDDACDDADABCDBDBD,,,0,244,,,,,L_T1_GTR___standard/L_T1_GTR___zabuton_,,,,,L_T1_GTR03_33000001,,,,41,41,24,344213112000343213223000434213212007243434413110243343413100332223343200,,00000251,,,,,,,,30,30,0,4,4,251,,33424334443222431123422343313324333422113432241123111343124141,AABCBAABBBACCCBADDCABCCABAADAACBAAABCCDDABACCBDDCADDDABADCBDBD,AABCABABBBACCCABDDACBCACABADAABCAAABCCDDABACBCDDACDDADABCDBDBD,,,0,251,,,,,L_T1_GTR___standard/L_T1_GTR___zabuton_,,,,,L_T1_GTR03_33000001,,,
212415,61,,,,,,,,,41,24,11,344213223124343213112130434213210007243434430000243343111400332223342100,,00000248,,,,,,,,31,31,0,4,4,248,,3342433444322243112342234331332433342211343224112311134312414124,AABCBAABBBACCCBADDCABCCABAADAACBAAABCCDDABACCBDDCADDDABADCBDBDCB,AABCABABBBACCCABDDACBCACABADAABCAAABCCDDABACBCDDACDDADABCDBDBDBC,,,0,248,,,,,L_T1_GTR___standard/L_T1_GTR___zabuton_,,,,,L_T1_GTR03_33000001,,,,41,41,24,344213112000343213223000434213212007243434413110243343413100332223343200,,00000251,,,,,,,,30,30,0,4,4,251,,33424334443222431123422343313324333422113432241123111343124141,AABCBAABBBACCCBADDCABCCABAADAACBAAABCCDDABACCBDDCADDDABADCBDBD,AABCABABBBACCCABDDACBCACABADAABCAAABCCDDABACBCDDACDDADABCDBDBD,,,0,251,,,,,L_T1_GTR___standard/L_T1_GTR___zabuton_,,,,,L_T1_GTR03_33000001,,,
212442,62,,,,,,,,,41,24,11,344213223124343213112130434213210007243434430000243343111400332223342100,,00000248,,,,,,,,31,31,0,4,4,248,,3342433444322243112342234331332433342211343224112311134312414124,AABCBAABBBACCCBADDCABCCABAADAACBAAABCCDDABACCBDDCADDDABADCBDBDCB,AABCABABBBACCCABDDACBCACABADAABCAAABCCDDABACBCDDACDDADABCDBDBDBC,,,0,248,,,,,L_T1_GTR___standard/L_T1_GTR___zabuton_,,,,,L_T1_GTR03_33000001,,,,41,24,11,344213112400343213223100434213212007243434413110243343413100332223343200,,00000255,,,,,,,,31,31,0,4,4,255,,3342433444322243112342234331332433342211343224112311134312414124,AABCBAABBBACCCBADDCABCCABAADAACBAAABCCDDABACCBDDCADDDABADCBDBDCB,AABCABABBBACCCABDDACBCACABADAABCAAABCCDDABACBCDDACDDADABCDBDBDBC,,,0,255,,,,,L_T1_GTR___standard/L_T1_GTR___zabuton_,,,,,L_T1_GTR03_33000001,,,
212452,63,,,,,,,,,24,11,11,344213223124343213112130434213210007243434430000243343111440332223342110,,00000251,,,,,,,,32,32,0,3,3,251,,334243344432224311234223433133243334221134322411231113431241412411,AABCBAABBBACCCBADDCABCCABAADAACBAAABCCDDABACCBDDCADDDABADCBDBDCBDD,AABCABABBBACCCABDDACBCACABADAABCAAABCCDDABACBCDDACDDADABCDBDBDBCDD,,,0,251,,,,,L_T1_GTR___standard/L_T1_GTR___zabuton_,,,,,L_T1_GTR03_33000001,,,,41,24,11,344213112400343213223100434213212007243434413110243343413100332223343200,,00000255,,,,,,,,31,31,0,4,4,255,,3342433444322243112342234331332433342211343224112311134312414124,AABCBAABBBACCCBADDCABCCABAADAACBAAABCCDDABACCBDDCADDDABADCBDBDCB,AABCABABBBACCCABDDACBCACABADAABCAAABCCDDABACBCDDACDDADABCDBDBDBC,,,0,255,,,,,L_T1_GTR___standard/L_T1_GTR___zabuton_,,,,,L_T1_GTR03_33000001,,,
212473,64,,,,,,,,,24,11,11,344213223124343213112130434213210007243434430000243343111440332223342110,,00000251,,,,,,,,32,32,0,3,3,251,,334243344432224311234223433133243334221134322411231113431241412411,AABCBAABBBACCCBADDCABCCABAADAACBAAABCCDDABACCBDDCADDDABADCBDBDCBDD,AABCABABBBACCCABDDACBCACABADAABCAAABCCDDABACBCDDACDDADABCDBDBDBCDD,,,0,251,,,,,L_T1_GTR___standard/L_T1_GTR___zabuton_,,,,,L_T1_GTR03_33000001,,,,24,11,11,344213112440343213223110434213212007243434413110243343413100332223343200,,00000258,,,,,,,,32,32,0,3,3,258,,334243344432224311234223433133243334221134322411231113431241412411,AABCBAABBBACCCBADDCABCCABAADAACBAAABCCDDABACCBDDCADDDABADCBDBDCBDD,AABCABABBBACCCABDDACBCACABADAABCAAABCCDDABACBCDDACDDADABCDBDBDBCDD,,,0,258,,,,,L_T1_GTR___standard/L_T1_GTR___zabuton_,,,,,L_T1_GTR03_33000001,,,
212488,65,,,,,,,,,11,11,33,344213223124343213112130434213210007243434432400243343111440332223342110,,00000256,,,,,,,,33,33,0,5,5,256,,33424334443222431123422343313324333422113432241123111343124141241111,AABCBAABBBACCCBADDCABCCABAADAACBAAABCCDDABACCBDDCADDDABADCBDBDCBDDDD,AABCABABBBACCCABDDACBCACABADAABCAAABCCDDABACBCDDACDDADABCDBDBDBCDDDD,,,0,256,,,,,L_T1_GTR___standard/L_T1_GTR___zabuton_,,,,,L_T1_GTR03_33000001,,,,24,11,11,344213112440343213223110434213212007243434413110243343413100332223343200,,00000258,,,,,,,,32,32,0,3,3,258,,334243344432224311234223433133243334221134322411231113431241412411,AABCBAABBBACCCBADDCABCCABAADAACBAAABCCDDABACCBDDCADDDABADCBDBDCBDD,AABCABABBBACCCABDDACBCACABADAABCAAABCCDDABACBCDDACDDADABCDBDBDBCDD,,,0,258,,,,,L_T1_GTR___standard/L_T1_GTR___zabuton_,,,,,L_T1_GTR03_33000001,,,
212511,66,,,,,,,,,11,11,33,344213223124343213112130434213210007243434432400243343111440332223342110,,00000256,,,,,,,,33,33,0,5,5,256,,33424334443222431123422343313324333422113432241123111343124141241111,AABCBAABBBACCCBADDCABCCABAADAACBAAABCCDDABACCBDDCADDDABADCBDBDCBDDDD,AABCABABBBACCCABDDACBCACABADAABCAAABCCDDABACBCDDACDDADABCDBDBDBCDDDD,,,0,256,,,,,L_T1_GTR___standard/L_T1_GTR___zabuton_,,,,,L_T1_GTR03_33000001,,,,11,11,33,344213112440343213223110434213212007243434413110243343413100332223343224,,00000261,,,,,,,,33,33,0,3,3,261,,33424334443222431123422343313324333422113432241123111343124141241111,AABCBAABBBACCCBADDCABCCABAADAACBAAABCCDDABACCBDDCADDDABADCBDBDCBDDDD,AABCABABBBACCCABDDACBCACABADAABCAAABCCDDABACBCDDACDDADABCDBDBDBCDDDD,,,0,261,,,,,L_T1_GTR___standard/L_T1_GTR___zabuton_,,,,,L_T1_GTR03_33000001,,,
212514,67,,,,,,,,,,11,33,344213223124343213112130434213210007243434432400243343111441332223342111,,bb40abb1,,,,,,,,34,0,1,bb40abb1,40,296,,33424334443222431123422343313324333422113432241123111343124141241111,AABCBAABBBACCCBADDCABCCABAADAACBAAABCCDDABACCBDDCADDDABADCBDBDCBDDDD,AABCABABBBACCCABDDACBCACABADAABCAAABCCDDABACBCDDACDDADABCDBDBDBCDDDD,,,1,296,,,,,L_T1_GTR___standard/L_T1_GTR___zabuton_,,,,,L_T1_GTR03_33000001,,,,11,11,33,344213112440343213223110434213212007243434413110243343413100332223343224,,00000261,,,,,,,,33,33,0,3,3,261,,33424334443222431123422343313324333422113432241123111343124141241111,AABCBAABBBACCCBADDCABCCABAADAACBAAABCCDDABACCBDDCADDDABADCBDBDCBDDDD,AABCABABBBACCCABDDACBCACABADAABCAAABCCDDABACBCDDACDDADABCDBDBDBCDDDD,,,0,261,,,,,L_T1_GTR___standard/L_T1_GTR___zabuton_,,,,,L_T1_GTR03_33000001,,,
212534,68,,,,,,,,,,11,33,344213223124343213112130434213210007243434432400243343111441332223342111,,bb40abb1,,,,,,,,34,0,1,bb40abb1,40,296,,33424334443222431123422343313324333422113432241123111343124141241111,AABCBAABBBACCCBADDCABCCABAADAACBAAABCCDDABACCBDDCADDDABADCBDBDCBDDDD,AABCABABBBACCCABDDACBCACABADAABCAAABCCDDABACBCDDACDDADABCDBDBDBCDDDD,,,1,296,,,,,L_T1_GTR___standard/L_T1_GTR___zabuton_,,,,,L_T1_GTR03_33000001,,,,,11,33,344213112440343213223110434213212117243434413110243343413100332223343224,,bb70abb4,,,,,,,,34,0,1,bb70abb4,280,541,,33424334443222431123422343313324333422113432241123111343124141241111,AABCBAABBBACCCBADDCABCCABAADAACBAAABCCDDABACCBDDCADDDABADCBDBDCBDDDD,AABCABABBBACCCABDDACBCACABADAABCAAABCCDDABACBCDDACDDADABCDBDBDBCDDDD,,,1,541,,,,,L_T1_GTR___standard/L_T1_GTR___zabuton_,,,,,L_T1_GTR03_33000001,,,
212580,69,,,,,,,,,11,33,13,344213223124343213112130434213210007243434432400243343111400332223342000,,00000298,,,,,,,,35,1,0,2,2,298,,3342433444322243112342234331332433342211343224112311134312414124111133,AABCBAABBBACCCBADDCABCCABAADAACBAAABCCDDABACCBDDCADDDABADCBDBDCBDDDDAA,AABCABABBBACCCABDDACBCACABADAABCAAABCCDDABACBCDDACDDADABCDBDBDBCDDDDAA,,,1,298,,,,,L_T1_GTR___standard/L_T1_GTR___zabuton_,,,,,L_T1_GTR03_33000001,,,,,11,33,344213112440343213223110434213212117243434413110243343413100332223343224,,bb70abb4,,,,,,,,34,0,1,bb70abb4,280,541,,33424334443222431123422343313324333422113432241123111343124141241111,AABCBAABBBACCCBADDCABCCABAADAACBAAABCCDDABACCBDDCADDDABADCBDBDCBDDDD,AABCABABBBACCCABDDACBCACABADAABCAAABCCDDABACBCDDACDDADABCDBDBDBCDDDD,,,1,541,,,,,L_T1_GTR___standard/L_T1_GTR___zabuton_,,,,,L_T1_GTR03_33000001,,,
212600,70,,,,,,,,,11,33,13,344213223124343213112130434213210007243434432400243343111400332223342000,,00000298,,,,,,,,35,1,0,2,2,298,,3342433444322243112342234331332433342211343224112311134312414124111133,AABCBAABBBACCCBADDCABCCABAADAACBAAABCCDDABACCBDDCADDDABADCBDBDCBDDDDAA,AABCABABBBACCCABDDACBCACABADAABCAAABCCDDABACBCDDACDDADABCDBDBDBCDDDDAA,,,1,298,,,,,L_T1_GTR___standard/L_T1_GTR___zabuton_,,,,,L_T1_GTR03_33000001,,,,11,33,13,344213112440343213223000434213212007243434413000243343413000332223343224,,00000545,,,,,,,,35,1,0,4,4,545,,3342433444322243112342234331332433342211343224112311134312414124111133,AABCBAABBBACCCBADDCABCCABAADAACBAAABCCDDABACCBDDCADDDABADCBDBDCBDDDDAA,AABCABABBBACCCABDDACBCACABADAABCAAABCCDDABACBCDDACDDADABCDBDBDBCDDDDAA,,,1,545,,,,,L_T1_GTR___standard/L_T1_GTR___zabuton_,,,,,L_T1_GTR03_33000001,,,
212632,71,,,,,,,,,11,33,13,344213223124343213112130434213210007243434432400243343111400332223342000,,00000298,,,,,,,,35,1,0,2,2,298,,3342433444322243112342234331332433342211343224112311134312414124111133,AABCBAABBBACCCBADDCABCCABAADAACBAAABCCDDABACCBDDCADDDABADCBDBDCBDDDDAA,AABCABABBBACCCABDDACBCACABADAABCAAABCCDDABACBCDDACDDADABCDBDBDBCDDDDAA,,,1,298,,,,,L_T1_GTR___standard/L_T1_GTR___zabuton_,,,,,L_T1_GTR03_33000001,,,,33,13,34,344213112440343213223000434213212107243434413100243343413000332223343224,,00000549,,,,,,,,36,2,0,4,4,549,,334243344432224311234223433133243334221134322411231113431241412411113313,AABCBAABBBACCCBADDCABCCABAADAACBAAABCCDDABACCBDDCADDDABADCBDBDCBDDDDAADA,AABCABABBBACCCABDDACBCACABADAABCAAABCCDDABACBCDDACDDADABCDBDBDBCDDDDAAAD,,,1,549,,,,,L_T1_GTR___standard/L_T1_GTR___zabuton_,,,,,L_T1_GTR03_33000001,,,
212665,72,,,,,,,,,11,33,13,344213223124343213112130434213210007243434432400243343111400332223342000,,00000298,,,,,,,,35,1,0,2,2,298,,3342433444322243112342234331332433342211343224112311134312414124111133,AABCBAABBBACCCBADDCABCCABAADAACBAAABCCDDABACCBDDCADDDABADCBDBDCBDDDDAA,AABCABABBBACCCABDDACBCACABADAABCAAABCCDDABACBCDDACDDADABCDBDBDBCDDDDAA,,,1,298,,,,,L_T1_GTR___standard/L_T1_GTR___zabuton_,,,,,L_T1_GTR03_33000001,,,,13,34,44,344213112440343213223330434213212107243434413100243343413000332223343224,,00000553,,,,,,,,37,3,0,4,4,553,,33424334443222431123422343313324333422113432241123111343124141241111331334,AABCBAABBBACCCBADDCABCCABAADAACBAAABCCDDABACCBDDCADDDABADCBDBDCBDDDDAADAAB,AABCABABBBACCCABDDACBCACABADAABCAAABCCDDABACBCDDACDDADABCDBDBDBCDDDDAAADAB,,,1,553,,,,,L_T1_GTR___standard/L_T1_GTR___zabuton_,,,,,L_T1_GTR03_33000001,,,
212676,73,,,,,,,,,33,13,34,344213223124343213112136434213216007243434432400243343111446332223342110,,00000301,,,,,,,,36,2,0,3,3,301,,334243344432224311234223433133243334221134322411231113431241412411113313,AABCBAABBBACCCBADDCABCCABAADAACBAAABCCDDABACCBDDCADDDABADCBDBDCBDDDDAADA,AABCABABBBACCCABDDACBCACABADAABCAAABCCDDABACBCDDACDDADABCDBDBDBCDDDDAAAD,,,1,301,,,,,L_T1_GTR___standard/L_T1_GTR___zabuton_,,,,,L_T1_GTR03_33000001,,,,13,34,44,344213112440343213223330434213212107243434413100243343413000332223343224,,00000553,,,,,,,,37,3,0,4,4,553,,33424334443222431123422343313324333422113432241123111343124141241111331334,AABCBAABBBACCCBADDCABCCABAADAACBAAABCCDDABACCBDDCADDDABADCBDBDCBDDDDAADAAB,AABCABABBBACCCABDDACBCACABADAABCAAABCCDDABACBCDDACDDADABCDBDBDBCDDDDAAADAB,,,1,553,,,,,L_T1_GTR___standard/L_T1_GTR___zabuton_,,,,,L_T1_GTR03_33000001,,,
212689,74,,,,,,,,,33,13,34,344213223124343213112136434213216007243434432400243343111446332223342110,,00000301,,,,,,,,36,2,0,3,3,301,,334243344432224311234223433133243334221134322411231113431241412411113313,AABCBAABBBACCCBADDCABCCABAADAACBAAABCCDDABACCBDDCADDDABADCBDBDCBDDDDAADA,AABCABABBBACCCABDDACBCACABADAABCAAABCCDDABACBCDDACDDADABCDBDBDBCDDDDAAAD,,,1,301,,,,,L_T1_GTR___standard/L_T1_GTR___zabuton_,,,,,L_T1_GTR03_33000001,,,,,34,44,344213112440343213223330434213212137243434413110243343413000332223343224,,bb40abb1,,,,,,,,38,0,1,bb40abb1,40,593,,33424334443222431123422343313324333422113432241123111343124141241111331334,AABCBAABBBACCCBADDCABCCABAADAACBAAABCCDDABACCBDDCADDDABADCBDBDCBDDDDAADAAB,AABCABABBBACCCABDDACBCACABADAABCAAABCCDDABACBCDDACDDADABCDBDBDBCDDDDAAADAB,,,1,593,,,,,L_T1_GTR___standard/L_T1_GTR___zabuton_,,,,,L_T1_GTR03_33000001,,,
212708,75,,,,,,,,,13,34,44,344213223124343213112136434213216337243434432400243343111446332223342110,,00000305,,,,,,,,37,3,0,4,4,305,,33424334443222431123422343313324333422113432241123111343124141241111331334,AABCBAABBBACCCBADDCABCCABAADAACBAAABCCDDABACCBDDCADDDABADCBDBDCBDDDDAADAAB,AABCABABBBACCCABDDACBCACABADAABCAAABCCDDABACBCDDACDDADABCDBDBDBCDDDDAAADAB,,,1,305,,,,,L_T1_GTR___standard/L_T1_GTR___zabuton_,,,,,L_T1_GTR03_33000001,,,,,34,44,344213112440343213223330434213212137243434413110243343413000332223343224,,bb40abb1,,,,,,,,38,0,1,bb40abb1,40,593,,33424334443222431123422343313324333422113432241123111343124141241111331334,AABCBAABBBACCCBADDCABCCABAADAACBAAABCCDDABACCBDDCADDDABADCBDBDCBDDDDAADAAB,AABCABABBBACCCABDDACBCACABADAABCAAABCCDDABACBCDDACDDADABCDBDBDBCDDDDAAADAB,,,1,593,,,,,L_T1_GTR___standard/L_T1_GTR___zabuton_,,,,,L_T1_GTR03_33000001,,,
212736,76,,,,,,,,,,34,44,344213223124343213112136434213216333243434432400243343111446332223342110,,bb40abb1,,,,,,,,38,0,1,bb40abb1,40,345,,33424334443222431123422343313324333422113432241123111343124141241111331334,AABCBAABBBACCCBADDCABCCABAADAACBAAABCCDDABACCBDDCADDDABADCBDBDCBDDDDAADAAB,AABCABABBBACCCABDDACBCACABADAABCAAABCCDDABACBCDDACDDADABCDBDBDBCDDDDAAADAB,,,1,345,,,,,L_T1_GTR___standard/L_T1_GTR___zabuton_,,,,,L_T1_GTR03_33000001,,,,,34,44,344213112440343213223330434213212137243434413110243343413000332223343224,,bb40abb1,,,,,,,,38,0,1,bb40abb1,40,593,,33424334443222431123422343313324333422113432241123111343124141241111331334,AABCBAABBBACCCBADDCABCCABAADAACBAAABCCDDABACCBDDCADDDABADCBDBDCBDDDDAADAAB,AABCABABBBACCCABDDACBCACABADAABCAAABCCDDABACBCDDACDDADABCDBDBDBCDDDDAAADAB,,,1,593,,,,,L_T1_GTR___standard/L_T1_GTR___zabuton_,,,,,L_T1_GTR03_33000001,,,
212753,77,,,,,,,,,,34,44,344213223124343213112136434213216333243434432400243343111446332223342110,,bb40abb1,,,,,,,,38,0,1,bb40abb1,40,345,,33424334443222431123422343313324333422113432241123111343124141241111331334,AABCBAABBBACCCBADDCABCCABAADAACBAAABCCDDABACCBDDCADDDABADCBDBDCBDDDDAADAAB,AABCABABBBACCCABDDACBCACABADAABCAAABCCDDABACBCDDACDDADABCDBDBDBCDDDDAAADAB,,,1,345,,,,,L_T1_GTR___standard/L_T1_GTR___zabuton_,,,,,L_T1_GTR03_33000001,,,,34,44,21,344213112440343213220000434213212007243434413110243343413000332223343224,,00000596,,,,,,,,39,1,0,3,3,596,,3342433444322243112342234331332433342211343224112311134312414124111133133444,AABCBAABBBACCCBADDCABCCABAADAACBAAABCCDDABACCBDDCADDDABADCBDBDCBDDDDAADAABBB,AABCABABBBACCCABDDACBCACABADAABCAAABCCDDABACBCDDACDDADABCDBDBDBCDDDDAAADABBB,,,1,596,,,,,L_T1_GTR___standard/L_T1_GTR___zabuton_,,,,,L_T1_GTR03_33000001,,,
212808,78,,,,,,,,,,34,44,344213223124343213112136434213216333243434432400243343111446332223342110,,bb40abb1,,,,,,,,38,0,1,bb40abb1,40,345,,33424334443222431123422343313324333422113432241123111343124141241111331334,AABCBAABBBACCCBADDCABCCABAADAACBAAABCCDDABACCBDDCADDDABADCBDBDCBDDDDAADAAB,AABCABABBBACCCABDDACBCACABADAABCAAABCCDDABACBCDDACDDADABCDBDBDBCDDDDAAADAB,,,1,345,,,,,L_T1_GTR___standard/L_T1_GTR___zabuton_,,,,,L_T1_GTR03_33000001,,,,44,21,13,344213112440343213223400434213212107243434413110243343413000332223343224,,00000601,,,,,,,,40,2,0,5,5,601,,334243344432224311234223433133243334221134322411231113431241412411113313344421,AABCBAABBBACCCBADDCABCCABAADAACBAAABCCDDABACCBDDCADDDABADCBDBDCBDDDDAADAABBBCD,AABCABABBBACCCABDDACBCACABADAABCAAABCCDDABACBCDDACDDADABCDBDBDBCDDDDAAADABBBCD,,,1,601,,,,,L_T1_GTR___standard/L_T1_GTR___zabuton_,,,,,L_T1_GTR03_33000001,,,
212830,79,,,,,,,,,,34,44,344213223124343213112100434213211007243434432400243343111446332223342110,,bb40abb8,,,,,,,,39,0,2,bb40abb8,320,665,,33424334443222431123422343313324333422113432241123111343124141241111331334,AABCBAABBBACCCBADDCABCCABAADAACBAAABCCDDABACCBDDCADDDABADCBDBDCBDDDDAADAAB,AABCABABBBACCCABDDACBCACABADAABCAAABCCDDABACBCDDACDDADABCDBDBDBCDDDDAAADAB,,,2,665,,,,,L_T1_GTR___standard/L_T1_GTR___zabuton_,,,,,L_T1_GTR03_33000001,,,,44,21,13,344213112440343213223400434213212107243434413110243343413000332223343224,,00000601,,,,,,,,40,2,0,5,5,601,,334243344432224311234223433133243334221134322411231113431241412411113313344421,AABCBAABBBACCCBADDCABCCABAADAACBAAABCCDDABACCBDDCADDDABADCBDBDCBDDDDAADAABBBCD,AABCABABBBACCCABDDACBCACABADAABCAAABCCDDABACBCDDACDDADABCDBDBDBCDDDDAAADABBBCD,,,1,601,,,,,L_T1_GTR___standard/L_T1_GTR___zabuton_,,,,,L_T1_GTR03_33000001,,,
212832,80,,,,,,,,,,34,44,344213223124343213112100434213211007243434432400243343111446332223342110,,bb40abb8,,,,,,,,39,0,2,bb40abb8,320,665,,33424334443222431123422343313324333422113432241123111343124141241111331334,AABCBAABBBACCCBADDCABCCABAADAACBAAABCCDDABACCBDDCADDDABADCBDBDCBDDDDAADAAB,AABCABABBBACCCABDDACBCACABADAABCAAABCCDDABACBCDDACDDADABCDBDBDBCDDDDAAADAB,,,2,665,,,,,L_T1_GTR___standard/L_T1_GTR___zabuton_,,,,,L_T1_GTR03_33000001,,,,,21,13,344213112440343213223440434213212147243434413110243343413000332223343224,,bb50abb2,,,,,,,,41,0,1,bb50abb2,100,701,,334243344432224311234223433133243334221134322411231113431241412411113313344421,AABCBAABBBACCCBADDCABCCABAADAACBAAABCCDDABACCBDDCADDDABADCBDBDCBDDDDAADAABBBCD,AABCABABBBACCCABDDACBCACABADAABCAAABCCDDABACBCDDACDDADABCDBDBDBCDDDDAAADABBBCD,,,1,701,,,,,L_T1_GTR___standard/L_T1_GTR___zabuton_,,,,,L_T1_GTR03_33000001,,,
212896,81,,,,,,,,,,34,44,344213223124343213112100434213211007243434432400243343111446332223342110,,bb40abb8,,,,,,,,39,0,2,bb40abb8,320,665,,33424334443222431123422343313324333422113432241123111343124141241111331334,AABCBAABBBACCCBADDCABCCABAADAACBAAABCCDDABACCBDDCADDDABADCBDBDCBDDDDAADAAB,AABCABABBBACCCABDDACBCACABADAABCAAABCCDDABACBCDDACDDADABCDBDBDBCDDDDAAADAB,,,2,665,,,,,L_T1_GTR___standard/L_T1_GTR___zabuton_,,,,,L_T1_GTR03_33000001,,,,21,13,22,344213112000343213223000434213212107243434413110243343413000332223343224,,00000704,,,,,,,,42,1,0,3,3,704,,33424334443222431123422343313324333422113432241123111343124141241111331334442113,AABCBAABBBACCCBADDCABCCABAADAACBAAABCCDDABACCBDDCADDDABADCBDBDCBDDDDAADAABBBCDDA,AABCABABBBACCCABDDACBCACABADAABCAAABCCDDABACBCDDACDDADABCDBDBDBCDDDDAAADABBBCDAD,,,1,704,,,,,L_T1_GTR___standard/L_T1_GTR___zabuton_,,,,,L_T1_GTR03_33000001,,,
212911,82,,,,,,,,,,34,44,344213223124343213210000434213200007243434432400243343111446332223342110,,bb40ab16,,,,,,,,40,0,3,bb40ab16,640,1305,,33424334443222431123422343313324333422113432241123111343124141241111331334,AABCBAABBBACCCBADDCABCCABAADAACBAAABCCDDABACCBDDCADDDABADCBDBDCBDDDDAADAAB,AABCABABBBACCCABDDACBCACABADAABCAAABCCDDABACBCDDACDDADABCDBDBDBCDDDDAAADAB,,,3,1305,,,,,L_T1_GTR___standard/L_T1_GTR___zabuton_,,,,,L_T1_GTR03_33000001,,,,21,13,22,344213112000343213223000434213212107243434413110243343413000332223343224,,00000704,,,,,,,,42,1,0,3,3,704,,33424334443222431123422343313324333422113432241123111343124141241111331334442113,AABCBAABBBACCCBADDCABCCABAADAACBAAABCCDDABACCBDDCADDDABADCBDBDCBDDDDAADAABBBCDDA,AABCABABBBACCCABDDACBCACABADAABCAAABCCDDABACBCDDACDDADABCDBDBDBCDDDDAAADABBBCDAD,,,1,704,,,,,L_T1_GTR___standard/L_T1_GTR___zabuton_,,,,,L_T1_GTR03_33000001,,,
212922,83,,,,,,,,,,34,44,344213223124343213210000434213200007243434432400243343111446332223342110,,bb40ab16,,,,,,,,40,0,3,bb40ab16,640,1305,,33424334443222431123422343313324333422113432241123111343124141241111331334,AABCBAABBBACCCBADDCABCCABAADAACBAAABCCDDABACCBDDCADDDABADCBDBDCBDDDDAADAAB,AABCABABBBACCCABDDACBCACABADAABCAAABCCDDABACBCDDACDDADABCDBDBDBCDDDDAAADAB,,,3,1305,,,,,L_T1_GTR___standard/L_T1_GTR___zabuton_,,,,,L_T1_GTR03_33000001,,,,,13,22,344213112000343213223000434213212107243434413110243343413210332223343224,,bb40abb1,,,,,,,,43,0,1,bb40abb1,40,744,,33424334443222431123422343313324333422113432241123111343124141241111331334442113,AABCBAABBBACCCBADDCABCCABAADAACBAAABCCDDABACCBDDCADDDABADCBDBDCBDDDDAADAABBBCDDA,AABCABABBBACCCABDDACBCACABADAABCAAABCCDDABACBCDDACDDADABCDBDBDBCDDDDAAADABBBCDAD,,,1,744,,,,,L_T1_GTR___standard/L_T1_GTR___zabuton_,,,,,L_T1_GTR03_33000001,,,
212987,84,,,,,,,,,,34,44,344213223124343213210000434213200007243434432400243343111446332223342110,,bb40ab16,,,,,,,,40,0,3,bb40ab16,640,1305,,33424334443222431123422343313324333422113432241123111343124141241111331334,AABCBAABBBACCCBADDCABCCABAADAACBAAABCCDDABACCBDDCADDDABADCBDBDCBDDDDAADAAB,AABCABABBBACCCABDDACBCACABADAABCAAABCCDDABACBCDDACDDADABCDBDBDBCDDDDAAADAB,,,3,1305,,,,,L_T1_GTR___standard/L_T1_GTR___zabuton_,,,,,L_T1_GTR03_33000001,,,,13,22,14,344213112000343213223000434213212007243434413000243343413200332223343224,,00000748,,,,,,,,44,1,0,4,4,748,,3342433444322243112342234331332433342211343224112311134312414124111133133444211322,AABCBAABBBACCCBADDCABCCABAADAACBAAABCCDDABACCBDDCADDDABADCBDBDCBDDDDAADAABBBCDDACC,AABCABABBBACCCABDDACBCACABADAABCAAABCCDDABACBCDDACDDADABCDBDBDBCDDDDAAADABBBCDADCC,,,1,748,,,,,L_T1_GTR___standard/L_T1_GTR___zabuton_,,,,,L_T1_GTR03_33000001,,,
212994,85,,,,,,,,,,34,44,344213312430343213100000434213000007243434432400243343111446332223342110,,bb40ab32,,,,,,,,41,0,4,bb40ab32,1280,2585,,33424334443222431123422343313324333422113432241123111343124141241111331334,AABCBAABBBACCCBADDCABCCABAADAACBAAABCCDDABACCBDDCADDDABADCBDBDCBDDDDAADAAB,AABCABABBBACCCABDDACBCACABADAABCAAABCCDDABACBCDDACDDADABCDBDBDBCDDDDAAADAB,,,4,2585,,,,,L_T1_GTR___standard/L_T1_GTR___zabuton_,,,,,L_T1_GTR03_33000001,,,,13,22,14,344213112000343213223000434213212007243434413000243343413200332223343224,,00000748,,,,,,,,44,1,0,4,4,748,,3342433444322243112342234331332433342211343224112311134312414124111133133444211322,AABCBAABBBACCCBADDCABCCABAADAACBAAABCCDDABACCBDDCADDDABADCBDBDCBDDDDAADAABBBCDDACC,AABCABABBBACCCABDDACBCACABADAABCAAABCCDDABACBCDDACDDADABCDBDBDBCDDDDAAADABBBCDADCC,,,1,748,,,,,L_T1_GTR___standard/L_T1_GTR___zabuton_,,,,,L_T1_GTR03_33000001,,,
213030,86,,,,,,,,,,34,44,344213312430343213100000434213000007243434432400243343111446332223342110,,bb40ab32,,,,,,,,41,0,4,bb40ab32,1280,2585,,33424334443222431123422343313324333422113432241123111343124141241111331334,AABCBAABBBACCCBADDCABCCABAADAACBAAABCCDDABACCBDDCADDDABADCBDBDCBDDDDAADAAB,AABCABABBBACCCABDDACBCACABADAABCAAABCCDDABACBCDDACDDADABCDBDBDBCDDDDAAADAB,,,4,2585,,,,,L_T1_GTR___standard/L_T1_GTR___zabuton_,,,,,L_T1_GTR03_33000001,,,,22,14,14,344213112000343213223000434213212007243434413000243343413231332223343224,,00000750,,,,,,,,45,2,0,2,2,750,,334243344432224311234223433133243334221134322411231113431241412411113313344421132214,AABCBAABBBACCCBADDCABCCABAADAACBAAABCCDDABACCBDDCADDDABADCBDBDCBDDDDAADAABBBCDDACCDB,AABCABABBBACCCABDDACBCACABADAABCAAABCCDDABACBCDDACDDADABCDBDBDBCDDDDAAADABBBCDADCCBD,,,1,750,,,,,L_T1_GTR___standard/L_T1_GTR___zabuton_,,,,,L_T1_GTR03_33000001,,,
213066,87,,,,,,,,,,34,44,344213312430343213100000434213000007243434432400243343111446332223342110,,bb40ab32,,,,,,,,41,0,4,bb40ab32,1280,2585,,33424334443222431123422343313324333422113432241123111343124141241111331334,AABCBAABBBACCCBADDCABCCABAADAACBAAABCCDDABACCBDDCADDDABADCBDBDCBDDDDAADAAB,AABCABABBBACCCABDDACBCACABADAABCAAABCCDDABACBCDDACDDADABCDBDBDBCDDDDAAADAB,,,4,2585,,,,,L_T1_GTR___standard/L_T1_GTR___zabuton_,,,,,L_T1_GTR03_33000001,,,,14,14,42,344213112220343213223000434213212007243434413000243343413232332223343224,,00000753,,,,,,,,46,3,0,3,3,753,,33424334443222431123422343313324333422113432241123111343124141241111331334442113221414,AABCBAABBBACCCBADDCABCCABAADAACBAAABCCDDABACCBDDCADDDABADCBDBDCBDDDDAADAABBBCDDACCDBDB,AABCABABBBACCCABDDACBCACABADAABCAAABCCDDABACBCDDACDDADABCDBDBDBCDDDDAAADABBBCDADCCBDBD,,,1,753,,,,,L_T1_GTR___standard/L_T1_GTR___zabuton_,,,,,L_T1_GTR03_33000001,,,
213077,88,,,,,,,,,,34,44,344211243000343211000000434210000007243434432400243343111446332223342110,,bb50ab66,,,,,,,,42,0,5,bb50ab66,3300,5885,,33424334443222431123422343313324333422113432241123111343124141241111331334,AABCBAABBBACCCBADDCABCCABAADAACBAAABCCDDABACCBDDCADDDABADCBDBDCBDDDDAADAAB,AABCABABBBACCCABDDACBCACABADAABCAAABCCDDABACBCDDACDDADABCDBDBDBCDDDDAAADAB,,,5,5885,,,,,L_T1_GTR___standard/L_T1_GTR___zabuton_,,,,,L_T1_GTR03_33000001,,,,14,14,42,344213112220343213223000434213212007243434413000243343413232332223343224,,00000753,,,,,,,,46,3,0,3,3,753,,33424334443222431123422343313324333422113432241123111343124141241111331334442113221414,AABCBAABBBACCCBADDCABCCABAADAACBAAABCCDDABACCBDDCADDDABADCBDBDCBDDDDAADAABBBCDDACCDBDB,AABCABABBBACCCABDDACBCACABADAABCAAABCCDDABACBCDDACDDADABCDBDBDBCDDDDAAADABBBCDADCCBDBD,,,1,753,,,,,L_T1_GTR___standard/L_T1_GTR___zabuton_,,,,,L_T1_GTR03_33000001,,,
213158,89,,,,,,,,,,34,44,344224300000343200000000434200000007243434432400243343111446332223342110,,bb40ab96,,,,,,,,43,0,6,bb40ab96,3840,9725,,33424334443222431123422343313324333422113432241123111343124141241111331334,AABCBAABBBACCCBADDCABCCABAADAACBAAABCCDDABACCBDDCADDDABADCBDBDCBDDDDAADAAB,AABCABABBBACCCABDDACBCACABADAABCAAABCCDDABACBCDDACDDADABCDBDBDBCDDDDAAADAB,,,6,9725,,,,,L_T1_GTR___standard,,,,,L_T1_GTR03_33000001,,,,14,14,42,344213112220343213223000434213212007243434413000243343413232332223343224,,00000753,,,,,,,,46,3,0,3,3,753,,33424334443222431123422343313324333422113432241123111343124141241111331334442113221414,AABCBAABBBACCCBADDCABCCABAADAACBAAABCCDDABACCBDDCADDDABADCBDBDCBDDDDAADAABBBCDDACCDBDB,AABCABABBBACCCABDDACBCACABADAABCAAABCCDDABACBCDDACDDADABCDBDBDBCDDDDAAADABBBCDADCCBDBD,,,1,753,,,,,L_T1_GTR___standard/L_T1_GTR___zabuton_,,,,,L_T1_GTR03_33000001,,,
213161,90,,,,,,,,,,34,44,344224300000343200000000434200000007243434432400243343111446332223342110,,bb40ab96,,,,,,,,43,0,6,bb40ab96,3840,9725,,33424334443222431123422343313324333422113432241123111343124141241111331334,AABCBAABBBACCCBADDCABCCABAADAACBAAABCCDDABACCBDDCADDDABADCBDBDCBDDDDAADAAB,AABCABABBBACCCABDDACBCACABADAABCAAABCCDDABACBCDDACDDADABCDBDBDBCDDDDAAADAB,,,6,9725,,,,,L_T1_GTR___standard,,,,,L_T1_GTR03_33000001,,,,14,42,24,344213112224343213223100434213212007243434413000243343413231332223343224,,00000755,,,,,,,,47,4,0,2,2,755,,3342433444322243112342234331332433342211343224112311134312414124111133133444211322141442,AABCBAABBBACCCBADDCABCCABAADAACBAAABCCDDABACCBDDCADDDABADCBDBDCBDDDDAADAABBBCDDACCDBDBBC,AABCABABBBACCCABDDACBCACABADAABCAAABCCDDABACBCDDACDDADABCDBDBDBCDDDDAAADABBBCDADCCBDBDBC,,,1,755,,,,,L_T1_GTR___standard/L_T1_GTR___zabuton_,,,,,L_T1_GTR03_33000001,,,
213243,91,,,,,,,,,,34,44,344430000000343000000000434000000007243434432400243343111446332223342110,,bb40a128,,,,,,,,44,0,7,bb40a128,5120,14845,,33424334443222431123422343313324333422113432241123111343124141241111331334,AABCBAABBBACCCBADDCABCCABAADAACBAAABCCDDABACCBDDCADDDABADCBDBDCBDDDDAADAAB,AABCABABBBACCCABDDACBCACABADAABCAAABCCDDABACBCDDACDDADABCDBDBDBCDDDDAAADAB,,,7,14845,,,,,,,,,,,,,,14,42,24,344213112224343213223100434213212007243434413000243343413231332223343224,,00000755,,,,,,,,47,4,0,2,2,755,,3342433444322243112342234331332433342211343224112311134312414124111133133444211322141442,AABCBAABBBACCCBADDCABCCABAADAACBAAABCCDDABACCBDDCADDDABADCBDBDCBDDDDAADAABBBCDDACCDBDBBC,AABCABABBBACCCABDDACBCACABADAABCAAABCCDDABACBCDDACDDADABCDBDBDBCDDDDAAADABBBCDADCCBDBDBC,,,1,755,,,,,L_T1_GTR___standard/L_T1_GTR___zabuton_,,,,,L_T1_GTR03_33000001,,,
213258,92,,,,,,,,,,34,44,344430000000343000000000434000000007243434432400243343111446332223342110,,bb40a128,,,,,,,,44,0,7,bb40a128,5120,14845,,33424334443222431123422343313324333422113432241123111343124141241111331334,AABCBAABBBACCCBADDCABCCABAADAACBAAABCCDDABACCBDDCADDDABADCBDBDCBDDDDAADAAB,AABCABABBBACCCABDDACBCACABADAABCAAABCCDDABACBCDDACDDADABCDBDBDBCDDDDAAADAB,,,7,14845,,,,,,,,,,,,,,42,24,21,344213112224343213223100434213212107243434413400243343413231332223343224,,00000756,,,,,,,,48,5,0,1,1,756,,334243344432224311234223433133243334221134322411231113431241412411113313344421132214144224,AABCBAABBBACCCBADDCABCCABAADAACBAAABCCDDABACCBDDCADDDABADCBDBDCBDDDDAADAABBBCDDACCDBDBBCCB,AABCABABBBACCCABDDACBCACABADAABCAAABCCDDABACBCDDACDDADABCDBDBDBCDDDDAAADABBBCDADCCBDBDBCBC,,,1,756,,,,,L_T1_GTR___standard/L_T1_GTR___zabuton_,,,,,L_T1_GTR03_33000001,,,
213307,93,,,,,,,,,,34,44,344430000000343000000000434000000007243434432400243343111446332223342110,,bb40a128,,,,,,,,44,0,7,bb40a128,5120,14845,,33424334443222431123422343313324333422113432241123111343124141241111331334,AABCBAABBBACCCBADDCABCCABAADAACBAAABCCDDABACCBDDCADDDABADCBDBDCBDDDDAADAAB,AABCABABBBACCCABDDACBCACABADAABCAAABCCDDABACBCDDACDDADABCDBDBDBCDDDDAAADAB,,,7,14845,,,,,,,,,,,,,,24,21,11,344213112224343213223100434213212107243434413440243343413231332223343224,,00000759,,,,,,,,49,6,0,3,3,759,,33424334443222431123422343313324333422113432241123111343124141241111331334442113221414422421,AABCBAABBBACCCBADDCABCCABAADAACBAAABCCDDABACCBDDCADDDABADCBDBDCBDDDDAADAABBBCDDACCDBDBBCCBCD,AABCABABBBACCCABDDACBCACABADAABCAAABCCDDABACBCDDACDDADABCDBDBDBCDDDDAAADABBBCDADCCBDBDBCBCCD,,,1,759,,,,,L_T1_GTR___standard/L_T1_GTR___zabuton_,,,,,L_T1_GTR03_33000001,,,
213324,94,,,,,,,,,,34,44,330000000000330000000000434000000007243434432400243343111446332223342110,,bb50a162,,,,,,,,45,0,8,bb50a162,8100,22945,,33424334443222431123422343313324333422113432241123111343124141241111331334,AABCBAABBBACCCBADDCABCCABAADAACBAAABCCDDABACCBDDCADDDABADCBDBDCBDDDDAADAAB,AABCABABBBACCCABDDACBCACABADAABCAAABCCDDABACBCDDACDDADABCDBDBDBCDDDDAAADAB,,,8,22945,,,,,,,,,,,,,,24,21,11,344213112224343213223100434213212107243434413440243343413231332223343224,,00000759,,,,,,,,49,6,0,3,3,759,,33424334443222431123422343313324333422113432241123111343124141241111331334442113221414422421,AABCBAABBBACCCBADDCABCCABAADAACBAAABCCDDABACCBDDCADDDABADCBDBDCBDDDDAADAABBBCDDACCDBDBBCCBCD,AABCABABBBACCCABDDACBCACABADAABCAAABCCDDABACBCDDACDDADABCDBDBDBCDDDDAAADABBBCDADCCBDBDBCBCCD,,,1,759,,,,,L_T1_GTR___standard/L_T1_GTR___zabuton_,,,,,L_T1_GTR03_33000001,,,
213358,95,,,,,,,,,,34,44,330000000000330000000000434000000007243434432400243343111446332223342110,,bb50a162,,,,,,,,45,0,8,bb50a162,8100,22945,,33424334443222431123422343313324333422113432241123111343124141241111331334,AABCBAABBBACCCBADDCABCCABAADAACBAAABCCDDABACCBDDCADDDABADCBDBDCBDDDDAADAAB,AABCABABBBACCCABDDACBCACABADAABCAAABCCDDABACBCDDACDDADABCDBDBDBCDDDDAAADAB,,,8,22945,,,,,,,,,,,,,,21,11,32,344213112224343213223100434213212127243434413444243343413231332223343224,,00000760,,,,,,,,50,7,0,1,1,760,,3342433444322243112342234331332433342211343224112311134312414124111133133444211322141442242111,AABCBAABBBACCCBADDCABCCABAADAACBAAABCCDDABACCBDDCADDDABADCBDBDCBDDDDAADAABBBCDDACCDBDBBCCBCDDD,AABCABABBBACCCABDDACBCACABADAABCAAABCCDDABACBCDDACDDADABCDBDBDBCDDDDAAADABBBCDADCCBDBDBCBCCDDD,,,1,760,,,,,L_T1_GTR___standard/L_T1_GTR___zabuton_,,,,,L_T1_GTR03_33000001,,,
213405,96,,,,,,,,,,34,44,000000000000000000000000440000000007243434432400243343111446332223342110,,bb40a192,,,,,,,,46,0,9,bb40a192,7680,30625,,33424334443222431123422343313324333422113432241123111343124141241111331334,AABCBAABBBACCCBADDCABCCABAADAACBAAABCCDDABACCBDDCADDDABADCBDBDCBDDDDAADAAB,AABCABABBBACCCABDDACBCACABADAABCAAABCCDDABACBCDDACDDADABCDBDBDBCDDDDAAADAB,,,9,30625,,,,,,,,,,,,,,21,11,32,344213112224343213223100434213212127243434413444243343413231332223343224,,00000760,,,,,,,,50,7,0,1,1,760,,3342433444322243112342234331332433342211343224112311134312414124111133133444211322141442242111,AABCBAABBBACCCBADDCABCCABAADAACBAAABCCDDABACCBDDCADDDABADCBDBDCBDDDDAADAABBBCDDACCDBDBBCCBCDDD,AABCABABBBACCCABDDACBCACABADAABCAAABCCDDABACBCDDACDDADABCDBDBDBCDDDDAAADABBBCDADCCBDBDBCBCCDDD,,,1,760,,,,,L_T1_GTR___standard/L_T1_GTR___zabuton_,,,,,L_T1_GTR03_33000001,,,
213435,97,,,,,,,,,,34,44,000000000000000000000000440000000007243434432400243343111446332223342110,,bb40a192,,,,,,,,46,0,9,bb40a192,7680,30625,,33424334443222431123422343313324333422113432241123111343124141241111331334,AABCBAABBBACCCBADDCABCCABAADAACBAAABCCDDABACCBDDCADDDABADCBDBDCBDDDDAADAAB,AABCABABBBACCCABDDACBCACABADAABCAAABCCDDABACBCDDACDDADABCDBDBDBCDDDDAAADAB,,,9,30625,,,,,,,,,,,,,,11,32,41,344213112224343213223110434213212127243434413444243343413231332223343224,,00000761,,,,,,,,51,8,0,1,1,761,,334243344432224311234223433133243334221134322411231113431241412411113313344421132214144224211132,AABCBAABBBACCCBADDCABCCABAADAACBAAABCCDDABACCBDDCADDDABADCBDBDCBDDDDAADAABBBCDDACCDBDBBCCBCDDDAC,AABCABABBBACCCABDDACBCACABADAABCAAABCCDDABACBCDDACDDADABCDBDBDBCDDDDAAADABBBCDADCCBDBDBCBCCDDDAC,,,1,761,,,,,L_T1_GTR___standard/L_T1_GTR___zabuton_,,,,,L_T1_GTR03_33000001,,,
213466,98,,,,,,,,,,34,44,000000000000000000000000440000000007243434432400243343111446332223342110,,bb40a192,,,,,,,,46,0,9,bb40a192,7680,30625,,33424334443222431123422343313324333422113432241123111343124141241111331334,AABCBAABBBACCCBADDCABCCABAADAACBAAABCCDDABACCBDDCADDDABADCBDBDCBDDDDAADAAB,AABCABABBBACCCABDDACBCACABADAABCAAABCCDDABACBCDDACDDADABCDBDBDBCDDDDAAADAB,,,9,30625,,,,,,,,,,,,,,,32,41,344213112224343213223112434213212120243434413444243343413231332223343224,,bb40abb1,,,,,,,,52,0,1,bb40abb1,40,801,,334243344432224311234223433133243334221134322411231113431241412411113313344421132214144224211132,AABCBAABBBACCCBADDCABCCABAADAACBAAABCCDDABACCBDDCADDDABADCBDBDCBDDDDAADAABBBCDDACCDBDBBCCBCDDDAC,AABCABABBBACCCABDDACBCACABADAABCAAABCCDDABACBCDDACDDADABCDBDBDBCDDDDAAADABBBCDADCCBDBDBCBCCDDDAC,,,1,801,,,,,L_T1_GTR___standard/L_T1_GTR___zabuton_,,,,,L_T1_GTR03_33000001,,,
213486,99,,,,,,,,,,34,44,000000000000000000000000000000000007234344324000233431114460332223342110,,bb50a226,,,,,,,,47,0,10,bb50a226,11300,41925,,33424334443222431123422343313324333422113432241123111343124141241111331334,AABCBAABBBACCCBADDCABCCABAADAACBAAABCCDDABACCBDDCADDDABADCBDBDCBDDDDAADAAB,AABCABABBBACCCABDDACBCACABADAABCAAABCCDDABACBCDDACDDADABCDBDBDBCDDDDAAADAB,,,9,41925,,,,,,,,,,,,,,,32,41,344213112224343213223112434213212120243434413444243343413231332223343224,,bb40abb1,,,,,,,,52,0,1,bb40abb1,40,801,,334243344432224311234223433133243334221134322411231113431241412411113313344421132214144224211132,AABCBAABBBACCCBADDCABCCABAADAACBAAABCCDDABACCBDDCADDDABADCBDBDCBDDDDAADAABBBCDDACCDBDBBCCBCDDDAC,AABCABABBBACCCABDDACBCACABADAABCAAABCCDDABACBCDDACDDADABCDBDBDBCDDDDAAADABBBCDADCCBDBDBCBCCDDDAC,,,1,801,,,,,L_T1_GTR___standard/L_T1_GTR___zabuton_,,,,,L_T1_GTR03_33000001,,,
213559,100,,,,,,,,,,34,44,000000000000000000000000000000000007234344324000233431114460332223342110,,bb50a226,,,,,,,,47,0,10,bb50a226,11300,41925,,33424334443222431123422343313324333422113432241123111343124141241111331334,AABCBAABBBACCCBADDCABCCABAADAACBAAABCCDDABACCBDDCADDDABADCBDBDCBDDDDAADAAB,AABCABABBBACCCABDDACBCACABADAABCAAABCCDDABACBCDDACDDADABCDBDBDBCDDDDAAADAB,,,9,41925,,,,,,,,,,,,,,32,41,44,344213112224343213223100434213212207243434413444243343413231332223343224,,00000803,,,,,,,,53,1,0,2,2,803,,33424334443222431123422343313324333422113432241123111343124141241111331334442113221414422421113241,AABCBAABBBACCCBADDCABCCABAADAACBAAABCCDDABACCBDDCADDDABADCBDBDCBDDDDAADAABBBCDDACCDBDBBCCBCDDDACBD,AABCABABBBACCCABDDACBCACABADAABCAAABCCDDABACBCDDACDDADABCDBDBDBCDDDDAAADABBBCDADCCBDBDBCBCCDDDACBD,,,1,803,,,,,L_T1_GTR___standard/L_T1_GTR___zabuton_,,,,,L_T1_GTR03_33000001,,,
213567,101,,,,,,,,,,34,44,000000000000000000000000000000000007243443240000243111446000222334211000,,bb50a258,,,,,,,,48,0,11,bb50a258,12900,54825,,33424334443222431123422343313324333422113432241123111343124141241111331334,AABCBAABBBACCCBADDCABCCABAADAACBAAABCCDDABACCBDDCADDDABADCBDBDCBDDDDAADAAB,AABCABABBBACCCABDDACBCACABADAABCAAABCCDDABACBCDDACDDADABCDBDBDBCDDDDAAADAB,,,9,54825,,,,,,,,,,,,,,32,41,44,344213112224343213223100434213212207243434413444243343413231332223343224,,00000803,,,,,,,,53,1,0,2,2,803,,33424334443222431123422343313324333422113432241123111343124141241111331334442113221414422421113241,AABCBAABBBACCCBADDCABCCABAADAACBAAABCCDDABACCBDDCADDDABADCBDBDCBDDDDAADAABBBCDDACCDBDBBCCBCDDDACBD,AABCABABBBACCCABDDACBCACABADAABCAAABCCDDABACBCDDACDDADABCDBDBDBCDDDDAAADABBBCDADCCBDBDBCBCCDDDACBD,,,1,803,,,,,L_T1_GTR___standard/L_T1_GTR___zabuton_,,,,,L_T1_GTR03_33000001,,,
213593,102,,,,,,,,,,34,44,000000000000000000000000000000000007243443240000243111446000222334211000,,bb50a258,,,,,,,,48,0,11,bb50a258,12900,54825,,33424334443222431123422343313324333422113432241123111343124141241111331334,AABCBAABBBACCCBADDCABCCABAADAACBAAABCCDDABACCBDDCADDDABADCBDBDCBDDDDAADAAB,AABCABABBBACCCABDDACBCACABADAABCAAABCCDDABACBCDDACDDADABCDBDBDBCDDDDAAADAB,,,9,54825,,,,,,,,,,,,,,41,44,31,344213112224343213223130434213212227243434413444243343413231332223343224,,00000806,,,,,,,,54,2,0,3,3,806,,3342433444322243112342234331332433342211343224112311134312414124111133133444211322141442242111324144,AABCBAABBBACCCBADDCABCCABAADAACBAAABCCDDABACCBDDCADDDABADCBDBDCBDDDDAADAABBBCDDACCDBDBBCCBCDDDACBDBB,AABCABABBBACCCABDDACBCACABADAABCAAABCCDDABACBCDDACDDADABCDBDBDBCDDDDAAADABBBCDADCCBDBDBCBCCDDDACBDBB,,,1,806,,,,,L_T1_GTR___standard/L_T1_GTR___zabuton_,,,,,L_T1_GTR03_33000001,,,
213614,103,,,,,,,,,,34,44,000000000000000000000000000000000007243443240000243111446000222334211000,,bb50a258,,,,,,,,48,0,11,bb50a258,12900,54825,,33424334443222431123422343313324333422113432241123111343124141241111331334,AABCBAABBBACCCBADDCABCCABAADAACBAAABCCDDABACCBDDCADDDABADCBDBDCBDDDDAADAAB,AABCABABBBACCCABDDACBCACABADAABCAAABCCDDABACBCDDACDDADABCDBDBDBCDDDDAAADAB,,,9,54825,,,,,,,,,,,,,,,44,31,344213112224343213223131434213212224243434413444243343413231332223343224,,bb40abb1,,,,,,,,55,0,1,bb40abb1,40,846,,3342433444322243112342234331332433342211343224112311134312414124111133133444211322141442242111324144,AABCBAABBBACCCBADDCABCCABAADAACBAAABCCDDABACCBDDCADDDABADCBDBDCBDDDDAADAABBBCDDACCDBDBBCCBCDDDACBDBB,AABCABABBBACCCABDDACBCACABADAABCAAABCCDDABACBCDDACDDADABCDBDBDBCDDDDAAADABBBCDADCCBDBDBCBCCDDDACBDBB,,,1,846,,,,,L_T1_GTR___standard/L_T1_GTR___zabuton_,,,,,L_T1_GTR03_33000001,,,
213650,104,,,,,,,,,,34,44,000000000000000000000000000000000007434432400000431114460000334211000000,,bb90a293,,,,,,,,49,0,12,bb90a293,26370,81195,,33424334443222431123422343313324333422113432241123111343124141241111331334,AABCBAABBBACCCBADDCABCCABAADAACBAAABCCDDABACCBDDCADDDABADCBDBDCBDDDDAADAAB,AABCABABBBACCCABDDACBCACABADAABCAAABCCDDABACBCDDACDDADABCDBDBDBCDDDDAAADAB,,,9,81195,,,,,,,,,,,,,,,44,31,344213112224343213223131434213212224243434413444243343413231332223343224,,bb40abb1,,,,,,,,55,0,1,bb40abb1,40,846,,3342433444322243112342234331332433342211343224112311134312414124111133133444211322141442242111324144,AABCBAABBBACCCBADDCABCCABAADAACBAAABCCDDABACCBDDCADDDABADCBDBDCBDDDDAADAABBBCDDACCDBDBBCCBCDDDACBDBB,AABCABABBBACCCABDDACBCACABADAABCAAABCCDDABACBCDDACDDADABCDBDBDBCDDDDAAADABBBCDADCCBDBDBCBCCDDDACBDBB,,,1,846,,,,,L_T1_GTR___standard/L_T1_GTR___zabuton_,,,,,L_T1_GTR03_33000001,,,
213699,105,,,,,,,,,,34,44,000000000000000000000000000000000007434432400000431114460000334211000000,,bb90a293,,,,,,,,49,0,12,bb90a293,26370,81195,,33424334443222431123422343313324333422113432241123111343124141241111331334,AABCBAABBBACCCBADDCABCCABAADAACBAAABCCDDABACCBDDCADDDABADCBDBDCBDDDDAADAAB,AABCABABBBACCCABDDACBCACABADAABCAAABCCDDABACBCDDACDDADABCDBDBDBCDDDDAAADAB,,,9,81195,,,,,,,,,,,,,,,44,31,344213112264343213223100434213212220243434413200243343413231332223343224,,bb70ab12,,,,,,,,56,0,2,bb70ab12,840,1686,,3342433444322243112342234331332433342211343224112311134312414124111133133444211322141442242111324144,AABCBAABBBACCCBADDCABCCABAADAACBAAABCCDDABACCBDDCADDDABADCBDBDCBDDDDAADAABBBCDDACCDBDBBCCBCDDDACBDBB,AABCABABBBACCCABDDACBCACABADAABCAAABCCDDABACBCDDACDDADABCDBDBDBCDDDDAAADABBBCDADCCBDBDBCBCCDDDACBDBB,,,2,1686,,,,,L_T1_GTR___standard/L_T1_GTR___zabuton_,,,,,L_T1_GTR03_33000001,,,
213737,106,,,,,,,,,,34,44,000000000000000000000000000000000007444324000000444600000000420000000000,,bb70a324,,,,,,,,50,0,13,bb70a324,22680,103875,,33424334443222431123422343313324333422113432241123111343124141241111331334,AABCBAABBBACCCBADDCABCCABAADAACBAAABCCDDABACCBDDCADDDABADCBDBDCBDDDDAADAAB,AABCABABBBACCCABDDACBCACABADAABCAAABCCDDABACBCDDACDDADABCDBDBDBCDDDDAAADAB,,,9,103875,,,,,,,,,,,,,,,44,31,344213112264343213223100434213212220243434413200243343413231332223343224,,bb70ab12,,,,,,,,56,0,2,bb70ab12,840,1686,,3342433444322243112342234331332433342211343224112311134312414124111133133444211322141442242111324144,AABCBAABBBACCCBADDCABCCABAADAACBAAABCCDDABACCBDDCADDDABADCBDBDCBDDDDAADAABBBCDDACCDBDBBCCBCDDDACBDBB,AABCABABBBACCCABDDACBCACABADAABCAAABCCDDABACBCDDACDDADABCDBDBDBCDDDDAAADABBBCDADCCBDBDBCBCCDDDACBDBB,,,2,1686,,,,,L_T1_GTR___standard/L_T1_GTR___zabuton_,,,,,L_T1_GTR03_33000001,,,
213780,107,,,,,,,,,,34,44,000000000000000000000000000000000007444324000000444600000000420000000000,,bb70a324,,,,,,,,50,0,13,bb70a324,22680,103875,,33424334443222431123422343313324333422113432241123111343124141241111331334,AABCBAABBBACCCBADDCABCCABAADAACBAAABCCDDABACCBDDCADDDABADCBDBDCBDDDDAADAAB,AABCABABBBACCCABDDACBCACABADAABCAAABCCDDABACBCDDACDDADABCDBDBDBCDDDDAAADAB,,,9,103875,,,,,,,,,,,,,,,44,31,344213112224343213223131434213210007243434413000243343413310332223343400,,bb40ab16,,,,,,,,57,0,3,bb40ab16,640,2326,,3342433444322243112342234331332433342211343224112311134312414124111133133444211322141442242111324144,AABCBAABBBACCCBADDCABCCABAADAACBAAABCCDDABACCBDDCADDDABADCBDBDCBDDDDAADAABBBCDDACCDBDBBCCBCDDDACBDBB,AABCABABBBACCCABDDACBCACABADAABCAAABCCDDABACBCDDACDDADABCDBDBDBCDDDDAAADABBBCDADCCBDBDBCBCCDDDACBDBB,,,3,2326,,,,,L_T1_GTR___standard/L_T1_GTR___zabuton_,,,,,L_T1_GTR03_33000001,,,
213832,108,,,,,,,,,34,44,21,000000000000000000000000000000000007324000000000000000000000200000000000,,00103876,,,,,,,,51,1,0,1,1,103876,,3342433444322243112342234331332433342211343224112311134312414124111133133444,AABCBAABBBACCCBADDCABCCABAADAACBAAABCCDDABACCBDDCADDDABADCBDBDCBDDDDAADAABBB,AABCABABBBACCCABDDACBCACABADAABCAAABCCDDABACBCDDACDDADABCDBDBDBCDDDDAAADABBB,,,9,103876,,,,,,,,,,,,,,,44,31,344213112224343213223131434213210007243434413000243343413310332223343400,,bb40ab16,,,,,,,,57,0,3,bb40ab16,640,2326,,3342433444322243112342234331332433342211343224112311134312414124111133133444211322141442242111324144,AABCBAABBBACCCBADDCABCCABAADAACBAAABCCDDABACCBDDCADDDABADCBDBDCBDDDDAADAABBBCDDACCDBDBBCCBCDDDACBDBB,AABCABABBBACCCABDDACBCACABADAABCAAABCCDDABACBCDDACDDADABCDBDBDBCDDDDAAADABBBCDADCCBDBDBCBCCDDDACBDBB,,,3,2326,,,,,L_T1_GTR___standard/L_T1_GTR___zabuton_,,,,,L_T1_GTR03_33000001,,,
213863,109,,,,,,,,,34,44,21,000000000000000000000000000000000007324000000000000000000000200000000000,,00103876,,,,,,,,51,1,0,1,1,103876,,3342433444322243112342234331332433342211343224112311134312414124111133133444,AABCBAABBBACCCBADDCABCCABAADAACBAAABCCDDABACCBDDCADDDABADCBDBDCBDDDDAADAABBB,AABCABABBBACCCABDDACBCACABADAABCAAABCCDDABACBCDDACDDADABCDBDBDBCDDDDAAADABBB,,,9,103876,,,,,,,,,,,,,,,44,31,344213112224343213223131434213210007243434410000243343411000332223344000,,bb40ab32,,,,,,,,58,0,4,bb40ab32,1280,3606,,3342433444322243112342234331332433342211343224112311134312414124111133133444211322141442242111324144,AABCBAABBBACCCBADDCABCCABAADAACBAAABCCDDABACCBDDCADDDABADCBDBDCBDDDDAADAABBBCDDACCDBDBBCCBCDDDACBDBB,AABCABABBBACCCABDDACBCACABADAABCAAABCCDDABACBCDDACDDADABCDBDBDBCDDDDAAADABBBCDADCCBDBDBCBCCDDDACBDBB,,,4,3606,,,,,L_T1_GTR___standard/L_T1_GTR___zabuton_,,,,,L_T1_GTR03_33000001,,,
213881,110,,,,,,,,,44,21,13,400000000000300000000000000000000007324000000000000000000000200000000000,,00103889,,,,,,,,52,2,0,13,13,103889,,334243344432224311234223433133243334221134322411231113431241412411113313344421,AABCBAABBBACCCBADDCABCCABAADAACBAAABCCDDABACCBDDCADDDABADCBDBDCBDDDDAADAABBBCD,AABCABABBBACCCABDDACBCACABADAABCAAABCCDDABACBCDDACDDADABCDBDBDBCDDDDAAADABBBCD,,,9,103889,,,,,,,,,,,,,,,44,31,344213112224343213223131434213210007243434410000243343411000332223344000,,bb40ab32,,,,,,,,58,0,4,bb40ab32,1280,3606,,3342433444322243112342234331332433342211343224112311134312414124111133133444211322141442242111324144,AABCBAABBBACCCBADDCABCCABAADAACBAAABCCDDABACCBDDCADDDABADCBDBDCBDDDDAADAABBBCDDACCDBDBBCCBCDDDACBDBB,AABCABABBBACCCABDDACBCACABADAABCAAABCCDDABACBCDDACDDADABCDBDBDBCDDDDAAADABBBCDADCCBDBDBCBCCDDDACBDBB,,,4,3606,,,,,L_T1_GTR___standard/L_T1_GTR___zabuton_,,,,,L_T1_GTR03_33000001,,,
213932,111,,,,,,,,,21,13,22,440000000000340000000000000000000007324000000000000000000000200000000000,,00103901,,,,,,,,53,3,0,12,12,103901,,33424334443222431123422343313324333422113432241123111343124141241111331334442113,AABCBAABBBACCCBADDCABCCABAADAACBAAABCCDDABACCBDDCADDDABADCBDBDCBDDDDAADAABBBCDDA,AABCABABBBACCCABDDACBCACABADAABCAAABCCDDABACBCDDACDDADABCDBDBDBCDDDDAAADABBBCDAD,,,9,103901,,,,,,,,,,,,,,,44,31,344213112224343213223131434213210007243434410000243343411000332223344000,,bb40ab32,,,,,,,,58,0,4,bb40ab32,1280,3606,,3342433444322243112342234331332433342211343224112311134312414124111133133444211322141442242111324144,AABCBAABBBACCCBADDCABCCABAADAACBAAABCCDDABACCBDDCADDDABADCBDBDCBDDDDAADAABBBCDDACCDBDBBCCBCDDDACBDBB,AABCABABBBACCCABDDACBCACABADAABCAAABCCDDABACBCDDACDDADABCDBDBDBCDDDDAAADABBBCDADCCBDBDBCBCCDDDACBDBB,,,4,3606,,,,,L_T1_GTR___standard/L_T1_GTR___zabuton_,,,,,L_T1_GTR03_33000001,,,
213986,112,,,,,,,,,13,22,14,440000000000340000000000000000000007324000000000210000000000200000000000,,00103914,,,,,,,,54,4,0,13,13,103914,,3342433444322243112342234331332433342211343224112311134312414124111133133444211322,AABCBAABBBACCCBADDCABCCABAADAACBAAABCCDDABACCBDDCADDDABADCBDBDCBDDDDAADAABBBCDDACC,AABCABABBBACCCABDDACBCACABADAABCAAABCCDDABACBCDDACDDADABCDBDBDBCDDDDAAADABBBCDADCC,,,9,103914,,,,,,,,,,,,,,,44,31,344213112224343213223131434213210007243434410000243343411000332223344000,,bb40ab32,,,,,,,,58,0,4,bb40ab32,1280,3606,,3342433444322243112342234331332433342211343224112311134312414124111133133444211322141442242111324144,AABCBAABBBACCCBADDCABCCABAADAACBAAABCCDDABACCBDDCADDDABADCBDBDCBDDDDAADAABBBCDDACCDBDBBCCBCDDDACBDBB,AABCABABBBACCCABDDACBCACABADAABCAAABCCDDABACBCDDACDDADABCDBDBDBCDDDDAAADABBBCDADCCBDBDBCBCCDDDACBDBB,,,4,3606,,,,,L_T1_GTR___standard/L_T1_GTR___zabuton_,,,,,L_T1_GTR03_33000001,,,
213988,113,,,,,,,,,13,22,14,440000000000340000000000000000000007324000000000210000000000200000000000,,00103914,,,,,,,,54,4,0,13,13,103914,,3342433444322243112342234331332433342211343224112311134312414124111133133444211322,AABCBAABBBACCCBADDCABCCABAADAACBAAABCCDDABACCBDDCADDDABADCBDBDCBDDDDAADAABBBCDDACC,AABCABABBBACCCABDDACBCACABADAABCAAABCCDDABACBCDDACDDADABCDBDBDBCDDDDAAADABBBCDADCC,,,9,103914,,,,,,,,,,,,,,,44,31,344213112224343213223131434213266666243434466666243343466666332223344666,,00003608,,,,,lose,,,59,0,4,2,2,3608,,3342433444322243112342234331332433342211343224112311134312414124111133133444211322141442242111324144,AABCBAABBBACCCBADDCABCCABAADAACBAAABCCDDABACCBDDCADDDABADCBDBDCBDDDDAADAABBBCDDACCDBDBBCCBCDDDACBDBB,AABCABABBBACCCABDDACBCACABADAABCAAABCCDDABACBCDDACDDADABCDBDBDBCDDDDAAADABBBCDADCCBDBDBCBCCDDDACBDBB,,,4,3608,,,,,L_T1_GTR___standard/L_T1_GTR___zabuton_,,,,,L_T1_GTR03_33000001,,,
213999,113,,,,,,,,,,22,14,440000000000340000000000000031100007324000000000210000000000200000000000,,00103920,,,,,win,,,55,4,0,6,6,103920,,3342433444322243112342234331332433342211343224112311134312414124111133133444211322,AABCBAABBBACCCBADDCABCCABAADAACBAAABCCDDABACCBDDCADDDABADCBDBDCBDDDDAADAABBBCDDACC,AABCABABBBACCCABDDACBCACABADAABCAAABCCDDABACBCDDACDDADABCDBDBDBCDDDDAAADABBBCDADCC,,,9,103920,,,,,,,,,,,,,,,44,31,344213112224343213223131434213266666243434466666243343466666332223344666,,00003608,,,,,lose,,,59,0,4,2,2,3608,,3342433444322243112342234331332433342211343224112311134312414124111133133444211322141442242111324144,AABCBAABBBACCCBADDCABCCABAADAACBAAABCCDDABACCBDDCADDDABADCBDBDCBDDDDAADAABBBCDDACCDBDBBCCBCDDDACBDBB,AABCABABBBACCCABDDACBCACABADAABCAAABCCDDABACBCDDACDDADABCDBDBDBCDDDDAAADABBBCDADCCBDBDBCBCCDDDACBDBB,,,4,3608,,,,,L_T1_GTR___standard/L_T1_GTR___zabuton_,,,,,L_T1_GTR03_33000001,,,
