216711,0,,,,,,,,,,35,35,000000000000000000000000000000000007000000000000000000000000000000000000,000000,00000000,,,,,,,,0,0,0,0,0,0,,35,AB,AB,,,0,0,,,,,,,,,,,,,,,35,35,000000000000000000000000000000000007000000000000000000000000000000000000,000000,00000000,,,,,,,,0,0,0,0,0,0,,35,AB,AB,,,0,0,,,,,,,,,,,,,
216861,2,,,,,,,,,35,35,54,000000000000000000000000000000000007000000000000000000000000000000000000,,00000000,,,,,,,,1,1,0,0,0,0,,3535,ABAB,ABAB,,,0,0,,,,,,,,,,,,,,35,35,54,000000000000000000000000000000000007000000000000000000000000000000000000,,00000000,,,,,,,,1,1,0,0,0,0,,3535,ABAB,ABAB,,,0,0,,,,,,,,,,,,,
216911,3,,,,,,,,,35,54,43,000000000000530000000000000000000007000000000000000000000000000000000000,,00000012,,,,,,,,2,2,0,12,12,12,,353554,BABAAC,ABABAC,,,0,12,,,,,,,,,,,,,,35,35,54,000000000000000000000000000000000007000000000000000000000000000000000000,,00000000,,,,,,,,1,1,0,0,0,0,,3535,ABAB,ABAB,,,0,0,,,,,,,,,,,,,
216913,4,,,,,,,,,35,54,43,000000000000530000000000000000000007000000000000000000000000000000000000,,00000012,,,,,,,,2,2,0,12,12,12,,353554,BABAAC,ABABAC,,,0,12,,,,,,,,,,,,,,35,54,43,530000000000000000000000000000000007000000000000000000000000000000000000,,00000012,,,,,,,,2,2,0,12,12,12,,353554,BABAAC,ABABAC,,,0,12,,,,,,,,,,,,,
216964,6,,,,,,,,,54,43,43,530000000000530000000000000000000007000000000000000000000000000000000000,,00000024,,,,,,,,3,3,0,12,12,24,,35355443,BABAACCB,ABABACBC,,,0,24,,,,,,,,,,,,,,54,43,43,530000000000530000000000000000000007000000000000000000000000000000000000,,00000024,,,,,,,,3,3,0,12,12,24,,35355443,BABAACCB,ABABACBC,,,0,24,,,,,,,,,,,,,
217011,8,,,,,,,,,43,43,44,530000000000530000000000450000000007000000000000000000000000000000000000,,00000036,,,,,,,,4,4,0,12,12,36,,3535544343,BABAACCBCB,ABABACBCBC,,,0,36,,,,,,,,,,,,,,43,43,44,530000000000535400000000000000000007000000000000000000000000000000000000,,00000035,,,,,,,,4,4,0,11,11,35,,3535544343,BABAACCBCB,ABABACBCBC,,,0,35,,,,,,,,,,,,,
217060,9,,,,,,,,,43,43,44,530000000000530000000000450000000007000000000000000000000000000000000000,,00000036,,,,,,,,4,4,0,12,12,36,,3535544343,BABAACCBCB,ABABACBCBC,,,0,36,,,,,,,,,,,,,,43,44,13,533400000000535400000000000000000007000000000000000000000000000000000000,,00000045,,,,,,,,5,5,0,10,10,45,,353554434344,BABAACCBCBCC,ABABACBCBCCC,,,0,45,,,,,,,,,,L_T1_GTR03_33000001,,,
217062,10,,,,,,,,,43,44,13,530000000000530000000000450000000007340000000000000000000000000000000000,,00000048,,,,,,,,5,5,0,12,12,48,,353554434344,BABAACCBCBCC,ABABACBCBCCC,,,0,48,,,,,,,,,,L_T1_GTR03_32100001/L_T1_GTR03_22110001,,,,43,44,13,533400000000535400000000000000000007000000000000000000000000000000000000,,00000045,,,,,,,,5,5,0,10,10,45,,353554434344,BABAACCBCBCC,ABABACBCBCCC,,,0,45,,,,,,,,,,L_T1_GTR03_33000001,,,
217111,11,,,,,,,,,43,44,13,530000000000530000000000450000000007340000000000000000000000000000000000,,00000048,,,,,,,,5,5,0,12,12,48,,353554434344,BABAACCBCBCC,ABABACBCBCCC,,,0,48,,,,,,,,,,L_T1_GTR03_32100001/L_T1_GTR03_22110001,,,,44,13,53,533400000000535400000000300000000007400000000000000000000000000000000000,,00000058,,,,,,,,6,6,0,13,13,58,,35355443434413,BABAACCBCBCCDB,ABABACBCBCCCBD,,,0,58,,,,,,,,,,L_T1_GTR03_33000001,,,
217125,12,,,,,,,,,44,13,53,530000000000530000000000450000000007340000000000340000000000000000000000,,00000061,,,,,,,,6,6,0,13,13,61,,35355443434413,BABAACCBCBCCDB,ABABACBCBCCCBD,,,0,61,,,,,,,,,,,,,,44,13,53,533400000000535400000000300000000007400000000000000000000000000000000000,,00000058,,,,,,,,6,6,0,13,13,58,,35355443434413,BABAACCBCBCCDB,ABABACBCBCCCBD,,,0,58,,,,,,,,,,L_T1_GTR03_33000001,,,
217165,13,,,,,,,,,44,13,53,530000000000530000000000450000000007340000000000340000000000000000000000,,00000061,,,,,,,,6,6,0,13,13,61,,35355443434413,BABAACCBCBCCDB,ABABACBCBCCCBD,,,0,61,,,,,,,,,,,,,,13,53,13,533400000000535400000000300000000007400000000000400000000000400000000000,,00000071,,,,,,,,7,7,0,13,13,71,,3535544343441353,BABAACCBCBCCDBAB,ABABACBCBCCCBDAB,,,0,71,,,,,,,,,,L_T1_GTR03_33000001,,,
217173,14,,,,,,,,,13,53,13,534400000000530000000000450000000007340000000000340000000000000000000000,,00000071,,,,,,,,7,7,0,10,10,71,,3535544343441353,BABAACCBCBCCDBAB,ABABACBCBCCCBDAB,,,0,71,,,,,,,,,,,,,,13,53,13,533400000000535400000000300000000007400000000000400000000000400000000000,,00000071,,,,,,,,7,7,0,13,13,71,,3535544343441353,BABAACCBCBCCDBAB,ABABACBCBCCCBDAB,,,0,71,,,,,,,,,,L_T1_GTR03_33000001,,,
217217,15,,,,,,,,,13,53,13,534400000000530000000000450000000007340000000000340000000000000000000000,,00000071,,,,,,,,7,7,0,10,10,71,,3535544343441353,BABAACCBCBCCDBAB,ABABACBCBCCCBDAB,,,0,71,,,,,,,,,,,,,,53,13,45,533400000000535400000000300000000007400000000000431000000000400000000000,,00000082,,,,,,,,8,8,0,11,11,82,,353554434344135313,BABAACCBCBCCDBABDB,ABABACBCBCCCBDABBD,,,0,82,,,,,,,,,,L_T1_GTR03_33000001,,,
217221,16,,,,,,,,,53,13,45,534400000000530000000000450000000007341000000000343000000000000000000000,,00000082,,,,,,,,8,8,0,11,11,82,,353554434344135313,BABAACCBCBCCDBABDB,ABABACBCBCCCBDABBD,,,0,82,,,,,,,,,,,,,,53,13,45,533400000000535400000000300000000007400000000000431000000000400000000000,,00000082,,,,,,,,8,8,0,11,11,82,,353554434344135313,BABAACCBCBCCDBABDB,ABABACBCBCCCBDABBD,,,0,82,,,,,,,,,,L_T1_GTR03_33000001,,,
217266,17,,,,,,,,,53,13,45,534400000000530000000000450000000007341000000000343000000000000000000000,,00000082,,,,,,,,8,8,0,11,11,82,,353554434344135313,BABAACCBCBCCDBABDB,ABABACBCBCCCBDABBD,,,0,82,,,,,,,,,,,,,,13,45,51,533400000000535400000000350000000007430000000000431000000000400000000000,,00000094,,,,,,,,9,9,0,12,12,94,,35355443434413531345,BABAACCBCBCCDBABDBCA,ABABACBCBCCCBDABBDAC,,,0,94,,,,,L_T1_GTR___standard,,,,,L_T1_GTR03_33000001,,,
217268,18,,,,,,,,,13,45,51,534400000000533500000000450000000007341000000000343000000000000000000000,,00000092,,,,,,,,9,9,0,10,10,92,,35355443434413531345,BABAACCBCBCCDBABDBCA,ABABACBCBCCCBDABBDAC,,,0,92,,,,,L_T1_GTRr__pat00001,,,,,,,,,13,45,51,533400000000535400000000350000000007430000000000431000000000400000000000,,00000094,,,,,,,,9,9,0,12,12,94,,35355443434413531345,BABAACCBCBCCDBABDBCA,ABABACBCBCCCBDABBDAC,,,0,94,,,,,L_T1_GTR___standard,,,,,L_T1_GTR03_33000001,,,
217315,19,,,,,,,,,13,45,51,534400000000533500000000450000000007341000000000343000000000000000000000,,00000092,,,,,,,,9,9,0,10,10,92,,35355443434413531345,BABAACCBCBCCDBABDBCA,ABABACBCBCCCBDABBDAC,,,0,92,,,,,L_T1_GTRr__pat00001,,,,,,,,,45,51,31,533400000000535400000000353000000007431000000000431000000000400000000000,,00000105,,,,,,,,10,10,0,11,11,105,,3535544343441353134551,BABAACCBCBCCDBABDBCAAD,ABABACBCBCCCBDABBDACAD,,,0,105,,,,,L_T1_GTR___standard,,,,,L_T1_GTR03_33000001,,,
217321,20,,,,,,,,,45,51,31,534400000000533500000000450000000007341000000000343000000000310000000000,,00000104,,,,,,,,10,10,0,12,12,104,,3535544343441353134551,BABAACCBCBCCDBABDBCAAD,ABABACBCBCCCBDABBDACAD,,,0,104,,,,,L_T1_GTRr__pat00001,,,,,,,,,45,51,31,533400000000535400000000353000000007431000000000431000000000400000000000,,00000105,,,,,,,,10,10,0,11,11,105,,3535544343441353134551,BABAACCBCBCCDBABDBCAAD,ABABACBCBCCCBDABBDACAD,,,0,105,,,,,L_T1_GTR___standard,,,,,L_T1_GTR03_33000001,,,
217358,21,,,,,,,,,45,51,31,534400000000533500000000450000000007341000000000343000000000310000000000,,00000104,,,,,,,,10,10,0,12,12,104,,3535544343441353134551,BABAACCBCBCCDBABDBCAAD,ABABACBCBCCCBDABBDACAD,,,0,104,,,,,L_T1_GTRr__pat00001,,,,,,,,,51,31,54,533400000000535400000000353450000007431000000000431000000000400000000000,,00000115,,,,,,,,11,11,0,10,10,115,,353554434344135313455131,BABAACCBCBCCDBABDBCAADBD,ABABACBCBCCCBDABBDACADBD,,,0,115,,,,,L_T1_GTR___standard/L_T1_GTR___zabuton_,,,,,L_T1_GTR03_33000001,,,
217365,22,,,,,,,,,51,31,54,534400000000533500000000455400000007341000000000343000000000310000000000,,00000114,,,,,,,,11,11,0,10,10,114,,353554434344135313455131,BABAACCBCBCCDBABDBCAADBD,ABABACBCBCCCBDABBDACADBD,,,0,114,,,,,,,,,,,,,,51,31,54,533400000000535400000000353450000007431000000000431000000000400000000000,,00000115,,,,,,,,11,11,0,10,10,115,,353554434344135313455131,BABAACCBCBCCDBABDBCAADBD,ABABACBCBCCCBDABBDACADBD,,,0,115,,,,,L_T1_GTR___standard/L_T1_GTR___zabuton_,,,,,L_T1_GTR03_33000001,,,
217401,23,,,,,,,,,51,31,54,534400000000533500000000455400000007341000000000343000000000310000000000,,00000114,,,,,,,,11,11,0,10,10,114,,353554434344135313455131,BABAACCBCBCCDBABDBCAADBD,ABABACBCBCCCBDABBDACADBD,,,0,114,,,,,,,,,,,,,,31,54,53,533400000000535451000000353450000007431000000000431000000000400000000000,,00000124,,,,,,,,12,12,0,9,9,124,,35355443434413531345513154,BABAACCBCBCCDBABDBCAADBDAC,ABABACBCBCCCBDABBDACADBDAC,,,0,124,,,,,L_T1_GTR___standard/L_T1_GTR___zabuton_,,,,,L_T1_GTR03_33000001,,,
217411,24,,,,,,,,,31,54,53,534400000000533500000000455400000007341500000000343100000000310000000000,,00000124,,,,,,,,12,12,0,10,10,124,,35355443434413531345513154,BABAACCBCBCCDBABDBCAADBDAC,ABABACBCBCCCBDABBDACADBDAC,,,0,124,,,,,,,,,,,,,,31,54,53,533400000000535451000000353450000007431000000000431000000000400000000000,,00000124,,,,,,,,12,12,0,9,9,124,,35355443434413531345513154,BABAACCBCBCCDBABDBCAADBDAC,ABABACBCBCCCBDABBDACADBDAC,,,0,124,,,,,L_T1_GTR___standard/L_T1_GTR___zabuton_,,,,,L_T1_GTR03_33000001,,,
217461,25,,,,,,,,,54,53,35,534400000000533500000000455400000007341500000000343100000000311300000000,,00000134,,,,,,,,13,13,0,10,10,134,,3535544343441353134551315453,BABAACCBCBCCDBABDBCAADBDACAB,ABABACBCBCCCBDABBDACADBDACAB,,,0,134,,,,,,,,,,R_T1_GTR03_22110002,,,,31,54,53,533400000000535451000000353450000007431000000000431000000000400000000000,,00000124,,,,,,,,12,12,0,9,9,124,,35355443434413531345513154,BABAACCBCBCCDBABDBCAADBDAC,ABABACBCBCCCBDABBDACADBDAC,,,0,124,,,,,L_T1_GTR___standard/L_T1_GTR___zabuton_,,,,,L_T1_GTR03_33000001,,,
217476,26,,,,,,,,,54,53,35,534400000000533500000000455400000007341500000000343100000000311300000000,,00000134,,,,,,,,13,13,0,10,10,134,,3535544343441353134551315453,BABAACCBCBCCDBABDBCAADBDACAB,ABABACBCBCCCBDABBDACADBDACAB,,,0,134,,,,,,,,,,R_T1_GTR03_22110002,,,,54,53,35,533400000000535451000000353450000007431000000000431100000000430000000000,,00000134,,,,,,,,13,13,0,10,10,134,,3535544343441353134551315453,BABAACCBCBCCDBABDBCAADBDACAB,ABABACBCBCCCBDABBDACADBDACAB,,,0,134,,,,,L_T1_GTR___standard/L_T1_GTR___zabuton_,,,,,L_T1_GTR03_33000001,,,
217505,27,,,,,,,,,53,35,53,534445000000533500000000455400000007341500000000343100000000311300000000,,00000142,,,,,,,,14,14,0,8,8,142,,353554434344135313455131545335,BABAACCBCBCCDBABDBCAADBDACABBA,ABABACBCBCCCBDABBDACADBDACABAB,,,0,142,,,,,,,,,,R_T1_GTR03_22110002,,,,54,53,35,533400000000535451000000353450000007431000000000431100000000430000000000,,00000134,,,,,,,,13,13,0,10,10,134,,3535544343441353134551315453,BABAACCBCBCCDBABDBCAADBDACAB,ABABACBCBCCCBDABBDACADBDACAB,,,0,134,,,,,L_T1_GTR___standard/L_T1_GTR___zabuton_,,,,,L_T1_GTR03_33000001,,,
217526,28,,,,,,,,,53,35,53,534445000000533500000000455400000007341500000000343100000000311300000000,,00000142,,,,,,,,14,14,0,8,8,142,,353554434344135313455131545335,BABAACCBCBCCDBABDBCAADBDACABBA,ABABACBCBCCCBDABBDACADBDACABAB,,,0,142,,,,,,,,,,R_T1_GTR03_22110002,,,,53,35,53,533400000000535451000000353450000007431000000000431100000000434500000000,,00000144,,,,,,,,14,14,0,10,10,144,,353554434344135313455131545335,BABAACCBCBCCDBABDBCAADBDACABBA,ABABACBCBCCCBDABBDACADBDACABAB,,,0,144,,,,,L_T1_GTR___standard/L_T1_GTR___zabuton_,,,,,L_T1_GTR03_33000001,,,
217553,29,,,,,,,,,35,53,31,534445000000533500000000455400000007341500000000343150000000311330000000,,00000151,,,,,,,,15,15,0,9,9,151,,35355443434413531345513154533553,BABAACCBCBCCDBABDBCAADBDACABBAAB,ABABACBCBCCCBDABBDACADBDACABABAB,,,0,151,,,,,,,,,,,,,,53,35,53,533400000000535451000000353450000007431000000000431100000000434500000000,,00000144,,,,,,,,14,14,0,10,10,144,,353554434344135313455131545335,BABAACCBCBCCDBABDBCAADBDACABBA,ABABACBCBCCCBDABBDACADBDACABAB,,,0,144,,,,,L_T1_GTR___standard/L_T1_GTR___zabuton_,,,,,L_T1_GTR03_33000001,,,
217571,30,,,,,,,,,35,53,31,534445000000533500000000455400000007341500000000343150000000311330000000,,00000151,,,,,,,,15,15,0,9,9,151,,35355443434413531345513154533553,BABAACCBCBCCDBABDBCAADBDACABBAAB,ABABACBCBCCCBDABBDACADBDACABABAB,,,0,151,,,,,,,,,,,,,,35,53,31,533400000000535451000000353450000007431530000000431100000000434500000000,,00000154,,,,,,,,15,15,0,10,10,154,,35355443434413531345513154533553,BABAACCBCBCCDBABDBCAADBDACABBAAB,ABABACBCBCCCBDABBDACADBDACABABAB,,,0,154,,,,,L_T1_GTR___standard/L_T1_GTR___zabuton_,,,,,L_T1_GTR03_33000001,,,
217598,31,,,,,,,,,53,31,13,534445000000533500000000455400000007341500000000343153000000311335000000,,00000159,,,,,,,,16,16,0,8,8,159,,3535544343441353134551315453355331,BABAACCBCBCCDBABDBCAADBDACABBAABBD,ABABACBCBCCCBDABBDACADBDACABABABBD,,,0,159,,,,,,,,,,,,,,35,53,31,533400000000535451000000353450000007431530000000431100000000434500000000,,00000154,,,,,,,,15,15,0,10,10,154,,35355443434413531345513154533553,BABAACCBCBCCDBABDBCAADBDACABBAAB,ABABACBCBCCCBDABBDACADBDACABABAB,,,0,154,,,,,L_T1_GTR___standard/L_T1_GTR___zabuton_,,,,,L_T1_GTR03_33000001,,,
217618,32,,,,,,,,,53,31,13,534445000000533500000000455400000007341500000000343153000000311335000000,,00000159,,,,,,,,16,16,0,8,8,159,,3535544343441353134551315453355331,BABAACCBCBCCDBABDBCAADBDACABBAABBD,ABABACBCBCCCBDABBDACADBDACABABABBD,,,0,159,,,,,,,,,,,,,,53,31,13,533400000000535451000000353450000007431530000000431153000000434500000000,,00000162,,,,,,,,16,16,0,8,8,162,,3535544343441353134551315453355331,BABAACCBCBCCDBABDBCAADBDACABBAABBD,ABABACBCBCCCBDABBDACADBDACABABABBD,,,0,162,,,,,L_T1_GTR___standard/L_T1_GTR___zabuton_,,,,,L_T1_GTR03_33000001,,,
217639,33,,,,,,,,,31,13,43,534445000000533500000000455450000007341530000000343153000000311335000000,,00000168,,,,,,,,17,17,0,9,9,168,,353554434344135313455131545335533113,BABAACCBCBCCDBABDBCAADBDACABBAABBDDB,ABABACBCBCCCBDABBDACADBDACABABABBDBD,,,0,168,,,,,,,,,,,,,,53,31,13,533400000000535451000000353450000007431530000000431153000000434500000000,,00000162,,,,,,,,16,16,0,8,8,162,,3535544343441353134551315453355331,BABAACCBCBCCDBABDBCAADBDACABBAABBD,ABABACBCBCCCBDABBDACADBDACABABABBD,,,0,162,,,,,L_T1_GTR___standard/L_T1_GTR___zabuton_,,,,,L_T1_GTR03_33000001,,,
217661,34,,,,,,,,,31,13,43,534445000000533500000000455450000007341530000000343153000000311335000000,,00000168,,,,,,,,17,17,0,9,9,168,,353554434344135313455131545335533113,BABAACCBCBCCDBABDBCAADBDACABBAABBDDB,ABABACBCBCCCBDABBDACADBDACABABABBDBD,,,0,168,,,,,,,,,,,,,,31,13,43,533453000000535451000000353450000007431530000000431153000000434500000000,,00000171,,,,,,,,17,17,0,9,9,171,,353554434344135313455131545335533113,BABAACCBCBCCDBABDBCAADBDACABBAABBDDB,ABABACBCBCCCBDABBDACADBDACABABABBDBD,,,0,171,,,,,L_T1_GTR___standard/L_T1_GTR___zabuton_,,,,,L_T1_GTR03_33000001,,,
217679,35,,,,,,,,,13,43,51,534445000000533500000000455450000007341531300000343153000000311335000000,,00000175,,,,,,,,18,18,0,7,7,175,,35355443434413531345513154533553311343,BABAACCBCBCCDBABDBCAADBDACABBAABBDDBCB,ABABACBCBCCCBDABBDACADBDACABABABBDBDBC,,,0,175,,,,,,,,,,,,,,31,13,43,533453000000535451000000353450000007431530000000431153000000434500000000,,00000171,,,,,,,,17,17,0,9,9,171,,353554434344135313455131545335533113,BABAACCBCBCCDBABDBCAADBDACABBAABBDDB,ABABACBCBCCCBDABBDACADBDACABABABBDBD,,,0,171,,,,,L_T1_GTR___standard/L_T1_GTR___zabuton_,,,,,L_T1_GTR03_33000001,,,
217708,36,,,,,,,,,13,43,51,534445000000533500000000455450000007341531300000343153000000311335000000,,00000175,,,,,,,,18,18,0,7,7,175,,35355443434413531345513154533553311343,BABAACCBCBCCDBABDBCAADBDACABBAABBDDBCB,ABABACBCBCCCBDABBDACADBDACABABABBDBDBC,,,0,175,,,,,,,,,,,,,,13,43,51,533453000000535451000000353450000007431530000000431153000000434513000000,,00000179,,,,,,,,18,18,0,8,8,179,,35355443434413531345513154533553311343,BABAACCBCBCCDBABDBCAADBDACABBAABBDDBCB,ABABACBCBCCCBDABBDACADBDACABABABBDBDBC,,,0,179,,,,,L_T1_GTR___standard/L_T1_GTR___zabuton_,,,,,L_T1_GTR03_33000001,,,
217719,37,,,,,,,,,43,51,45,534445000000533500000000455451300007341531300000343153000000311335000000,,00000183,,,,,,,,19,19,0,8,8,183,,3535544343441353134551315453355331134351,BABAACCBCBCCDBABDBCAADBDACABBAABBDDBCBAD,ABABACBCBCCCBDABBDACADBDACABABABBDBDBCAD,,,0,183,,,,,,,,,,,,,,13,43,51,533453000000535451000000353450000007431530000000431153000000434513000000,,00000179,,,,,,,,18,18,0,8,8,179,,35355443434413531345513154533553311343,BABAACCBCBCCDBABDBCAADBDACABBAABBDDBCB,ABABACBCBCCCBDABBDACADBDACABABABBDBDBC,,,0,179,,,,,L_T1_GTR___standard/L_T1_GTR___zabuton_,,,,,L_T1_GTR03_33000001,,,
217747,38,,,,,,,,,43,51,45,534445000000533500000000455451300007341531300000343153000000311335000000,,00000183,,,,,,,,19,19,0,8,8,183,,3535544343441353134551315453355331134351,BABAACCBCBCCDBABDBCAADBDACABBAABBDDBCBAD,ABABACBCBCCCBDABBDACADBDACABABABBDBDBCAD,,,0,183,,,,,,,,,,,,,,43,51,45,533453300000535451100000353450000007431530000000431153000000434513000000,,00000186,,,,,,,,19,19,0,7,7,186,,3535544343441353134551315453355331134351,BABAACCBCBCCDBABDBCAADBDACABBAABBDDBCBAD,ABABACBCBCCCBDABBDACADBDACABABABBDBDBCAD,,,0,186,,,,,L_T1_GTR___standard/L_T1_GTR___zabuton_,,,,,L_T1_GTR03_33000001,,,
217757,39,,,,,,,,,51,45,34,534445000000533500000000455451330007341531340000343153000000311335000000,,00000189,,,,,,,,20,20,0,6,6,189,,353554434344135313455131545335533113435145,BABAACCBCBCCDBABDBCAADBDACABBAABBDDBCBADCA,ABABACBCBCCCBDABBDACADBDACABABABBDBDBCADAC,,,0,189,,,,,,,,,,,,,,43,51,45,533453300000535451100000353450000007431530000000431153000000434513000000,,00000186,,,,,,,,19,19,0,7,7,186,,3535544343441353134551315453355331134351,BABAACCBCBCCDBABDBCAADBDACABBAABBDDBCBAD,ABABACBCBCCCBDABBDACADBDACABABABBDBDBCAD,,,0,186,,,,,L_T1_GTR___standard/L_T1_GTR___zabuton_,,,,,L_T1_GTR03_33000001,,,
217785,40,,,,,,,,,51,45,34,534445000000533500000000455451330007341531340000343153000000311335000000,,00000189,,,,,,,,20,20,0,6,6,189,,353554434344135313455131545335533113435145,BABAACCBCBCCDBABDBCAADBDACABBAABBDDBCBADCA,ABABACBCBCCCBDABBDACADBDACABABABBDBDBCADAC,,,0,189,,,,,,,,,,,,,,51,45,34,533453330000535451140000353450000007431530000000431153000000434513000000,,00000192,,,,,,,,20,20,0,6,6,192,,353554434344135313455131545335533113435145,BABAACCBCBCCDBABDBCAADBDACABBAABBDDBCBADCA,ABABACBCBCCCBDABBDACADBDACABABABBDBDBCADAC,,,0,192,,,,,L_T1_GTR___standard/L_T1_GTR___zabuton_,,,,,L_T1_GTR03_33000001,,,
217799,41,,,,,,,,,45,34,33,534445000000533515000000455451330007341531340000343153000000311335000000,,00000197,,,,,,,,21,21,0,8,8,197,,35355443434413531345513154533553311343514534,BABAACCBCBCCDBABDBCAADBDACABBAABBDDBCBADCABC,ABABACBCBCCCBDABBDACADBDACABABABBDBDBCADACBC,,,0,197,,,,,,,,,,,,,,51,45,34,533453330000535451140000353450000007431530000000431153000000434513000000,,00000192,,,,,,,,20,20,0,6,6,192,,353554434344135313455131545335533113435145,BABAACCBCBCCDBABDBCAADBDACABBAABBDDBCBADCA,ABABACBCBCCCBDABBDACADBDACABABABBDBDBCADAC,,,0,192,,,,,L_T1_GTR___standard/L_T1_GTR___zabuton_,,,,,L_T1_GTR03_33000001,,,
217827,42,,,,,,,,,45,34,33,534445000000533515000000455451330007341531340000343153000000311335000000,,00000197,,,,,,,,21,21,0,8,8,197,,35355443434413531345513154533553311343514534,BABAACCBCBCCDBABDBCAADBDACABBAABBDDBCBADCABC,ABABACBCBCCCBDABBDACADBDACABABABBDBDBCADACBC,,,0,197,,,,,,,,,,,,,,45,34,33,533453330000535451140000353451000007431535000000431153000000434513000000,,00000200,,,,,,,,21,21,0,8,8,200,,35355443434413531345513154533553311343514534,BABAACCBCBCCDBABDBCAADBDACABBAABBDDBCBADCABC,ABABACBCBCCCBDABBDACADBDACABABABBDBDBCADACBC,,,0,200,,,,,L_T1_GTR___standard/L_T1_GTR___zabuton_,,,,,L_T1_GTR03_33000001,,,
217839,43,,,,,,,,,34,33,15,534445540000533515000000455451330007341531340000343153000000311335000000,,00000203,,,,,,,,22,22,0,6,6,203,,3535544343441353134551315453355331134351453433,BABAACCBCBCCDBABDBCAADBDACABBAABBDDBCBADCABCBB,ABABACBCBCCCBDABBDACADBDACABABABBDBDBCADACBCBB,,,0,203,,,,,,,,,,,,,,45,34,33,533453330000535451140000353451000007431535000000431153000000434513000000,,00000200,,,,,,,,21,21,0,8,8,200,,35355443434413531345513154533553311343514534,BABAACCBCBCCDBABDBCAADBDACABBAABBDDBCBADCABC,ABABACBCBCCCBDABBDACADBDACABABABBDBDBCADACBC,,,0,200,,,,,L_T1_GTR___standard/L_T1_GTR___zabuton_,,,,,L_T1_GTR03_33000001,,,
217865,44,,,,,,,,,34,33,15,534445540000533515000000455451330007341531340000343153000000311335000000,,00000203,,,,,,,,22,22,0,6,6,203,,3535544343441353134551315453355331134351453433,BABAACCBCBCCDBABDBCAADBDACABBAABBDDBCBADCABCBB,ABABACBCBCCCBDABBDACADBDACABABABBDBDBCADACBCBB,,,0,203,,,,,,,,,,,,,,34,33,15,533453330000535451140000353451400007431535500000431153000000434513000000,,00000207,,,,,,,,22,22,0,7,7,207,,3535544343441353134551315453355331134351453433,BABAACCBCBCCDBABDBCAADBDACABBAABBDDBCBADCABCBB,ABABACBCBCCCBDABBDACADBDACABABABBDBDBCADACBCBB,,,0,207,,,,,L_T1_GTR___standard/L_T1_GTR___zabuton_,,,,,L_T1_GTR03_33000001,,,
217881,45,,,,,,,,,33,15,31,534445540000533515000000455451330007341531340000343153000000311335430000,,00000209,,,,,,,,23,23,0,6,6,209,,353554434344135313455131545335533113435145343315,BABAACCBCBCCDBABDBCAADBDACABBAABBDDBCBADCABCBBDA,ABABACBCBCCCBDABBDACADBDACABABABBDBDBCADACBCBBAD,,,0,209,,,,,,,,,,,,,,34,33,15,533453330000535451140000353451400007431535500000431153000000434513000000,,00000207,,,,,,,,22,22,0,7,7,207,,3535544343441353134551315453355331134351453433,BABAACCBCBCCDBABDBCAADBDACABBAABBDDBCBADCABCBB,ABABACBCBCCCBDABBDACADBDACABABABBDBDBCADACBCBB,,,0,207,,,,,L_T1_GTR___standard/L_T1_GTR___zabuton_,,,,,L_T1_GTR03_33000001,,,
217900,46,,,,,,,,,33,15,31,534445540000533515000000455451330007341531340000343153000000311335430000,,00000209,,,,,,,,23,23,0,6,6,209,,353554434344135313455131545335533113435145343315,BABAACCBCBCCDBABDBCAADBDACABBAABBDDBCBADCABCBBDA,ABABACBCBCCCBDABBDACADBDACABABABBDBDBCADACBCBBAD,,,0,209,,,,,,,,,,,,,,33,15,31,533453330000535451144300353451400007431535500000431153000000434513000000,,00000211,,,,,,,,23,23,0,4,4,211,,353554434344135313455131545335533113435145343315,BABAACCBCBCCDBABDBCAADBDACABBAABBDDBCBADCABCBBDA,ABABACBCBCCCBDABBDACADBDACABABABBDBDBCADACBCBBAD,,,0,211,,,,,L_T1_GTR___standard/L_T1_GTR___zabuton_,,,,,L_T1_GTR03_33000001,,,
217919,47,,,,,,,,,15,31,34,534445540000533515000000455451330007341531340000343153000000311335433300,,00000213,,,,,,,,24,24,0,4,4,213,,35355443434413531345513154533553311343514534331531,BABAACCBCBCCDBABDBCAADBDACABBAABBDDBCBADCABCBBDABD,ABABACBCBCCCBDABBDACADBDACABABABBDBDBCADACBCBBADBD,,,0,213,,,,,,,,,,,,,,33,15,31,533453330000535451144300353451400007431535500000431153000000434513000000,,00000211,,,,,,,,23,23,0,4,4,211,,353554434344135313455131545335533113435145343315,BABAACCBCBCCDBABDBCAADBDACABBAABBDDBCBADCABCBBDA,ABABACBCBCCCBDABBDACADBDACABABABBDBDBCADACBCBBAD,,,0,211,,,,,L_T1_GTR___standard/L_T1_GTR___zabuton_,,,,,L_T1_GTR03_33000001,,,
217936,48,,,,,,,,,15,31,34,534445540000533515000000455451330007341531340000343153000000311335433300,,00000213,,,,,,,,24,24,0,4,4,213,,35355443434413531345513154533553311343514534331531,BABAACCBCBCCDBABDBCAADBDACABBAABBDDBCBADCABCBBDABD,ABABACBCBCCCBDABBDACADBDACABABABBDBDBCADACBCBBADBD,,,0,213,,,,,,,,,,,,,,15,31,34,533453330000535451144300353451400007431535533000431153000000434513000000,,00000216,,,,,,,,24,24,0,5,5,216,,35355443434413531345513154533553311343514534331531,BABAACCBCBCCDBABDBCAADBDACABBAABBDDBCBADCABCBBDABD,ABABACBCBCCCBDABBDACADBDACABABABBDBDBCADACBCBBADBD,,,0,216,,,,,L_T1_GTR___standard/L_T1_GTR___zabuton_,,,,,L_T1_GTR03_33000001,,,
217959,49,,,,,,,,,31,34,41,534445540000533515150000455451330007341531340000343153000000311335433300,,00000220,,,,,,,,25,25,0,7,7,220,,3535544343441353134551315453355331134351453433153134,BABAACCBCBCCDBABDBCAADBDACABBAABBDDBCBADCABCBBDABDBC,ABABACBCBCCCBDABBDACADBDACABABABBDBDBCADACBCBBADBDBC,,,0,220,,,,,,,,,,,,,,15,31,34,533453330000535451144300353451400007431535533000431153000000434513000000,,00000216,,,,,,,,24,24,0,5,5,216,,35355443434413531345513154533553311343514534331531,BABAACCBCBCCDBABDBCAADBDACABBAABBDDBCBADCABCBBDABD,ABABACBCBCCCBDABBDACADBDACABABABBDBDBCADACBCBBADBD,,,0,216,,,,,L_T1_GTR___standard/L_T1_GTR___zabuton_,,,,,L_T1_GTR03_33000001,,,
217974,50,,,,,,,,,31,34,41,534445540000533515150000455451330007341531340000343153000000311335433300,,00000220,,,,,,,,25,25,0,7,7,220,,3535544343441353134551315453355331134351453433153134,BABAACCBCBCCDBABDBCAADBDACABBAABBDDBCBADCABCBBDABDBC,ABABACBCBCCCBDABBDACADBDACABABABBDBDBCADACBCBBADBDBC,,,0,220,,,,,,,,,,,,,,31,34,41,533453331500535451144300353451400007431535533000431153000000434513000000,,00000221,,,,,,,,25,25,0,5,5,221,,3535544343441353134551315453355331134351453433153134,BABAACCBCBCCDBABDBCAADBDACABBAABBDDBCBADCABCBBDABDBC,ABABACBCBCCCBDABBDACADBDACABABABBDBDBCADACBCBBADBDBC,,,0,221,,,,,L_T1_GTR___standard/L_T1_GTR___zabuton_,,,,,L_T1_GTR03_33000001,,,
217995,51,,,,,,,,,34,41,11,534445540000533515150000455451331007341531343000343153000000311335433300,,00000225,,,,,,,,26,26,0,5,5,225,,353554434344135313455131545335533113435145343315313441,BABAACCBCBCCDBABDBCAADBDACABBAABBDDBCBADCABCBBDABDBCCD,ABABACBCBCCCBDABBDACADBDACABABABBDBDBCADACBCBBADBDBCCD,,,0,225,,,,,,,,,,,,,,31,34,41,533453331500535451144300353451400007431535533000431153000000434513000000,,00000221,,,,,,,,25,25,0,5,5,221,,3535544343441353134551315453355331134351453433153134,BABAACCBCBCCDBABDBCAADBDACABBAABBDDBCBADCABCBBDABDBC,ABABACBCBCCCBDABBDACADBDACABABABBDBDBCADACBCBBADBDBC,,,0,221,,,,,L_T1_GTR___standard/L_T1_GTR___zabuton_,,,,,L_T1_GTR03_33000001,,,
218017,52,,,,,,,,,34,41,11,534445540000533515150000455451331007341531343000343153000000311335433300,,00000225,,,,,,,,26,26,0,5,5,225,,353554434344135313455131545335533113435145343315313441,BABAACCBCBCCDBABDBCAADBDACABBAABBDDBCBADCABCBBDABDBCCD,ABABACBCBCCCBDABBDACADBDACABABABBDBDBCADACBCBBADBDBCCD,,,0,225,,,,,,,,,,,,,,34,41,11,533453331500535451144300353451400007431535533000431153100000434513300000,,00000228,,,,,,,,26,26,0,7,7,228,,353554434344135313455131545335533113435145343315313441,BABAACCBCBCCDBABDBCAADBDACABBAABBDDBCBADCABCBBDABDBCCD,ABABACBCBCCCBDABBDACADBDACABABABBDBDBCADACBCBBADBDBCCD,,,0,228,,,,,L_T1_GTR___standard/L_T1_GTR___zabuton_,,,,,L_T1_GTR03_33000001,,,
218051,53,,,,,,,,,34,41,11,534445540000533515150000455451331007341531343000343153000000311335433300,,00000225,,,,,,,,26,26,0,5,5,225,,353554434344135313455131545335533113435145343315313441,BABAACCBCBCCDBABDBCAADBDACABBAABBDDBCBADCABCBBDABDBCCD,ABABACBCBCCCBDABBDACADBDACABABABBDBDBCADACBCBBADBDBCCD,,,0,225,,,,,,,,,,,,,,41,11,13,533453331500535451144300353451400007431535533340431153100000434513300000,,00000232,,,,,,,,27,27,0,4,4,232,,35355443434413531345513154533553311343514534331531344111,BABAACCBCBCCDBABDBCAADBDACABBAABBDDBCBADCABCBBDABDBCCDDD,ABABACBCBCCCBDABBDACADBDACABABABBDBDBCADACBCBBADBDBCCDDD,,,0,232,,,,,L_T1_GTR___standard/L_T1_GTR___zabuton_,,,,,L_T1_GTR03_33000001,,,
218057,54,,,,,,,,,41,11,13,534445540000533515150000455451331007341531343300343153400000311335433300,,00000229,,,,,,,,27,27,0,4,4,229,,35355443434413531345513154533553311343514534331531344111,BABAACCBCBCCDBABDBCAADBDACABBAABBDDBCBADCABCBBDABDBCCDDD,ABABACBCBCCCBDABBDACADBDACABABABBDBDBCADACBCBBADBDBCCDDD,,,0,229,,,,,,,,,,,,,,41,11,13,533453331500535451144300353451400007431535533340431153100000434513300000,,00000232,,,,,,,,27,27,0,4,4,232,,35355443434413531345513154533553311343514534331531344111,BABAACCBCBCCDBABDBCAADBDACABBAABBDDBCBADCABCBBDABDBCCDDD,ABABACBCBCCCBDABBDACADBDACABABABBDBDBCADACBCBBADBDBCCDDD,,,0,232,,,,,L_T1_GTR___standard/L_T1_GTR___zabuton_,,,,,L_T1_GTR03_33000001,,,
218091,55,,,,,,,,,41,11,13,534445540000533515150000455451331007341531343300343153400000311335433300,,00000229,,,,,,,,27,27,0,4,4,229,,35355443434413531345513154533553311343514534331531344111,BABAACCBCBCCDBABDBCAADBDACABBAABBDDBCBADCABCBBDABDBCCDDD,ABABACBCBCCCBDABBDACADBDACABABABBDBDBCADACBCBBADBDBCCDDD,,,0,229,,,,,,,,,,,,,,11,13,11,533453331500535451144300353451400007431535533340431153140000434513310000,,00000238,,,,,,,,28,28,0,6,6,238,,3535544343441353134551315453355331134351453433153134411113,BABAACCBCBCCDBABDBCAADBDACABBAABBDDBCBADCABCBBDABDBCCDDDDB,ABABACBCBCCCBDABBDACADBDACABABABBDBDBCADACBCBBADBDBCCDDDBD,,,0,238,,,,,L_T1_GTR___standard/L_T1_GTR___zabuton_,,,,,L_T1_GTR03_33000001,,,
218096,56,,,,,,,,,11,13,11,534445541000533515154000455451331007341531343300343153400000311335433300,,00000234,,,,,,,,28,28,0,5,5,234,,3535544343441353134551315453355331134351453433153134411113,BABAACCBCBCCDBABDBCAADBDACABBAABBDDBCBADCABCBBDABDBCCDDDDB,ABABACBCBCCCBDABBDACADBDACABABABBDBDBCADACBCBBADBDBCCDDDBD,,,0,234,,,,,,,,,,,,,,11,13,11,533453331500535451144300353451400007431535533340431153140000434513310000,,00000238,,,,,,,,28,28,0,6,6,238,,3535544343441353134551315453355331134351453433153134411113,BABAACCBCBCCDBABDBCAADBDACABBAABBDDBCBADCABCBBDABDBCCDDDDB,ABABACBCBCCCBDABBDACADBDACABABABBDBDBCADACBCBBADBDBCCDDDBD,,,0,238,,,,,L_T1_GTR___standard/L_T1_GTR___zabuton_,,,,,L_T1_GTR03_33000001,,,
218129,58,,,,,,,,,13,11,14,534445541110533515154000455451331007341531343300343153400000311335433300,,00000237,,,,,,,,29,29,0,3,3,237,,353554434344135313455131545335533113435145343315313441111311,BABAACCBCBCCDBABDBCAADBDACABBAABBDDBCBADCABCBBDABDBCCDDDDBDD,ABABACBCBCCCBDABBDACADBDACABABABBDBDBCADACBCBBADBDBCCDDDBDDD,,,0,237,,,,,,,,,,,,,,13,11,14,533453331500535451144300353451400007431535533340431153140000434513311100,,00000242,,,,,,,,29,29,0,4,4,242,,353554434344135313455131545335533113435145343315313441111311,BABAACCBCBCCDBABDBCAADBDACABBAABBDDBCBADCABCBBDABDBCCDDDDBDD,ABABACBCBCCCBDABBDACADBDACABABABBDBDBCADACBCBBADBDBCCDDDBDDD,,,0,242,,,,,L_T1_GTR___standard/L_T1_GTR___zabuton_,,,,,L_T1_GTR03_33000001,,,
218162,59,,,,,,,,,13,11,14,534445541110533515154000455451331007341531343300343153400000311335433300,,00000237,,,,,,,,29,29,0,3,3,237,,353554434344135313455131545335533113435145343315313441111311,BABAACCBCBCCDBABDBCAADBDACABBAABBDDBCBADCABCBBDABDBCCDDDDBDD,ABABACBCBCCCBDABBDACADBDACABABABBDBDBCADACBCBBADBDBCCDDDBDDD,,,0,237,,,,,,,,,,,,,,,11,14,533453331500535451144300353451400007431535533340431153141300434513311100,,bb80abb3,,,,,,,,30,0,1,bb80abb3,240,482,,353554434344135313455131545335533113435145343315313441111311,BABAACCBCBCCDBABDBCAADBDACABBAABBDDBCBADCABCBBDABDBCCDDDDBDD,ABABACBCBCCCBDABBDACADBDACABABABBDBDBCADACBCBBADBDBCCDDDBDDD,,,1,482,,,,,L_T1_GTR___standard/L_T1_GTR___zabuton_,,,,,L_T1_GTR03_33000001,,,
218171,60,,,,,,,,,11,14,44,534445541113533515154000455451331007341531343300343153400000311335433300,,00000238,,,,,,,,30,30,0,1,1,238,,35355443434413531345513154533553311343514534331531344111131114,BABAACCBCBCCDBABDBCAADBDACABBAABBDDBCBADCABCBBDABDBCCDDDDBDDDC,ABABACBCBCCCBDABBDACADBDACABABABBDBDBCADACBCBBADBDBCCDDDBDDDCD,,,0,238,,,,,,,,,,,,,,,11,14,533453331500535451144300353451400007431535533340431153141300434513311100,,bb80abb3,,,,,,,,30,0,1,bb80abb3,240,482,,353554434344135313455131545335533113435145343315313441111311,BABAACCBCBCCDBABDBCAADBDACABBAABBDDBCBADCABCBBDABDBCCDDDDBDD,ABABACBCBCCCBDABBDACADBDACABABABBDBDBCADACBCBBADBDBCCDDDBDDD,,,1,482,,,,,L_T1_GTR___standard/L_T1_GTR___zabuton_,,,,,L_T1_GTR03_33000001,,,
218209,61,,,,,,,,,14,44,51,534445541113533515154000455451331007341531343300343153400000311335433311,,00000240,,,,,,,,31,31,0,2,2,240,,3535544343441353134551315453355331134351453433153134411113111444,BABAACCBCBCCDBABDBCAADBDACABBAABBDDBCBADCABCBBDABDBCCDDDDBDDDCCC,ABABACBCBCCCBDABBDACADBDACABABABBDBDBCADACBCBBADBDBCCDDDBDDDCDCC,,,0,240,,,,,,,,,,,,,,,11,14,533453331500535451144300353451400007431535533340431153141300434513311100,,bb80abb3,,,,,,,,30,0,1,bb80abb3,240,482,,353554434344135313455131545335533113435145343315313441111311,BABAACCBCBCCDBABDBCAADBDACABBAABBDDBCBADCABCBBDABDBCCDDDDBDD,ABABACBCBCCCBDABBDACADBDACABABABBDBDBCADACBCBBADBDBCCDDDBDDD,,,1,482,,,,,L_T1_GTR___standard/L_T1_GTR___zabuton_,,,,,L_T1_GTR03_33000001,,,
218238,62,,,,,,,,,,44,51,534445541113533515154000455451331007341531343300343153441000311335433311,,bb40abb1,,,,,,,,32,0,1,bb40abb1,40,280,,3535544343441353134551315453355331134351453433153134411113111444,BABAACCBCBCCDBABDBCAADBDACABBAABBDDBCBADCABCBBDABDBCCDDDDBDDDCCC,ABABACBCBCCCBDABBDACADBDACABABABBDBDBCADACBCBBADBDBCCDDDBDDDCDCC,,,1,280,,,,,,,,,,,,,,,11,14,533453331500535451144300353451400007431535533340431153141300434513311100,,bb80abb3,,,,,,,,30,0,1,bb80abb3,240,482,,353554434344135313455131545335533113435145343315313441111311,BABAACCBCBCCDBABDBCAADBDACABBAABBDDBCBADCABCBBDABDBCCDDDDBDD,ABABACBCBCCCBDABBDACADBDACABABABBDBDBCADACBCBBADBDBCCDDDBDDD,,,1,482,,,,,L_T1_GTR___standard/L_T1_GTR___zabuton_,,,,,L_T1_GTR03_33000001,,,
218257,63,,,,,,,,,,44,51,534445541113533515154000455451331007341531343300343153441000311335433311,,bb40abb1,,,,,,,,32,0,1,bb40abb1,40,280,,3535544343441353134551315453355331134351453433153134411113111444,BABAACCBCBCCDBABDBCAADBDACABBAABBDDBCBADCABCBBDABDBCCDDDDBDDDCCC,ABABACBCBCCCBDABBDACADBDACABABABBDBDBCADACBCBBADBDBCCDDDBDDDCDCC,,,1,280,,,,,,,,,,,,,,11,14,44,533453331500535451144300353451400007431535540000431153140000434513300000,,00000487,,,,,,,,31,1,0,5,5,487,,35355443434413531345513154533553311343514534331531344111131114,BABAACCBCBCCDBABDBCAADBDACABBAABBDDBCBADCABCBBDABDBCCDDDDBDDDC,ABABACBCBCCCBDABBDACADBDACABABABBDBDBCADACBCBBADBDBCCDDDBDDDCD,,,1,487,,,,,L_T1_GTR___standard/L_T1_GTR___zabuton_,,,,,L_T1_GTR03_33000001,,,
218304,64,,,,,,,,,,44,51,534445541113533515154000455451331007341531343300343153441000311335433311,,bb40abb1,,,,,,,,32,0,1,bb40abb1,40,280,,3535544343441353134551315453355331134351453433153134411113111444,BABAACCBCBCCDBABDBCAADBDACABBAABBDDBCBADCABCBBDABDBCCDDDDBDDDCCC,ABABACBCBCCCBDABBDACADBDACABABABBDBDBCADACBCBBADBDBCCDDDBDDDCDCC,,,1,280,,,,,,,,,,,,,,14,44,51,533453331500535451144300353451400007431535540000431153140000434513311000,,00000492,,,,,,,,32,2,0,5,5,492,,3535544343441353134551315453355331134351453433153134411113111444,BABAACCBCBCCDBABDBCAADBDACABBAABBDDBCBADCABCBBDABDBCCDDDDBDDDCCC,ABABACBCBCCCBDABBDACADBDACABABABBDBDBCADACBCBBADBDBCCDDDBDDDCDCC,,,1,492,,,,,L_T1_GTR___standard/L_T1_GTR___zabuton_,,,,,L_T1_GTR03_33000001,,,
218329,65,,,,,,,,,,44,51,534445541113533515154000455451331007341531333000343153100000311335333110,,bb50ab10,,,,,,,,33,0,2,bb50ab10,500,780,,3535544343441353134551315453355331134351453433153134411113111444,BABAACCBCBCCDBABDBCAADBDACABBAABBDDBCBADCABCBBDABDBCCDDDDBDDDCCC,ABABACBCBCCCBDABBDACADBDACABABABBDBDBCADACBCBBADBDBCCDDDBDDDCDCC,,,2,780,,,,,,,,,,,,,,14,44,51,533453331500535451144300353451400007431535540000431153140000434513311000,,00000492,,,,,,,,32,2,0,5,5,492,,3535544343441353134551315453355331134351453433153134411113111444,BABAACCBCBCCDBABDBCAADBDACABBAABBDDBCBADCABCBBDABDBCCDDDDBDDDCCC,ABABACBCBCCCBDABBDACADBDACABABABBDBDBCADACBCBBADBDBCCDDDBDDDCDCC,,,1,492,,,,,L_T1_GTR___standard/L_T1_GTR___zabuton_,,,,,L_T1_GTR03_33000001,,,
218361,66,,,,,,,,,,44,51,534445541113533515154000455451331007341531333000343153100000311335333110,,bb50ab10,,,,,,,,33,0,2,bb50ab10,500,780,,3535544343441353134551315453355331134351453433153134411113111444,BABAACCBCBCCDBABDBCAADBDACABBAABBDDBCBADCABCBBDABDBCCDDDDBDDDCCC,ABABACBCBCCCBDABBDACADBDACABABABBDBDBCADACBCBBADBDBCCDDDBDDDCDCC,,,2,780,,,,,,,,,,,,,,44,51,35,533453331500535451144300353451400007431535540000431153144000434513311100,,00000496,,,,,,,,33,3,0,4,4,496,,353554434344135313455131545335533113435145343315313441111311144451,BABAACCBCBCCDBABDBCAADBDACABBAABBDDBCBADCABCBBDABDBCCDDDDBDDDCCCAD,ABABACBCBCCCBDABBDACADBDACABABABBDBDBCADACBCBBADBDBCCDDDBDDDCDCCAD,,,1,496,,,,,L_T1_GTR___standard/L_T1_GTR___zabuton_,,,,,L_T1_GTR03_33000001,,,
218410,67,,,,,,,,,,44,51,534445541113533515154000455451100007341531000000343153100000311335333110,,bb40ab16,,,,,,,,34,0,3,bb40ab16,640,1420,,3535544343441353134551315453355331134351453433153134411113111444,BABAACCBCBCCDBABDBCAADBDACABBAABBDDBCBADCABCBBDABDBCCDDDDBDDDCCC,ABABACBCBCCCBDABBDACADBDACABABABBDBDBCADACBCBBADBDBCCDDDBDDDCDCC,,,3,1420,,,,,,,,,,,,,,44,51,35,533453331500535451144300353451400007431535540000431153144000434513311100,,00000496,,,,,,,,33,3,0,4,4,496,,353554434344135313455131545335533113435145343315313441111311144451,BABAACCBCBCCDBABDBCAADBDACABBAABBDDBCBADCABCBBDABDBCCDDDDBDDDCCCAD,ABABACBCBCCCBDABBDACADBDACABABABBDBDBCADACBCBBADBDBCCDDDBDDDCDCCAD,,,1,496,,,,,L_T1_GTR___standard/L_T1_GTR___zabuton_,,,,,L_T1_GTR03_33000001,,,
218426,68,,,,,,,,,,44,51,534445541113533515154000455451100007341531000000343153100000311335333110,,bb40ab16,,,,,,,,34,0,3,bb40ab16,640,1420,,3535544343441353134551315453355331134351453433153134411113111444,BABAACCBCBCCDBABDBCAADBDACABBAABBDDBCBADCABCBBDABDBCCDDDDBDDDCCC,ABABACBCBCCCBDABBDACADBDACABABABBDBDBCADACBCBBADBDBCCDDDBDDDCDCC,,,3,1420,,,,,,,,,,,,,,51,35,35,533453331540535451144340353451400007431535540000431153144000434513311100,,00000498,,,,,,,,34,4,0,2,2,498,,35355443434413531345513154533553311343514534331531344111131114445135,BABAACCBCBCCDBABDBCAADBDACABBAABBDDBCBADCABCBBDABDBCCDDDDBDDDCCCADBA,ABABACBCBCCCBDABBDACADBDACABABABBDBDBCADACBCBBADBDBCCDDDBDDDCDCCADAB,,,1,498,,,,,L_T1_GTR___standard/L_T1_GTR___zabuton_,,,,,L_T1_GTR03_33000001,,,
218465,69,,,,,,,,,,44,51,534445541113533515154000455451100007341531000000343153100000311335333110,,bb40ab16,,,,,,,,34,0,3,bb40ab16,640,1420,,3535544343441353134551315453355331134351453433153134411113111444,BABAACCBCBCCDBABDBCAADBDACABBAABBDDBCBADCABCBBDABDBCCDDDDBDDDCCC,ABABACBCBCCCBDABBDACADBDACABABABBDBDBCADACBCBBADBDBCCDDDBDDDCDCC,,,3,1420,,,,,,,,,,,,,,35,35,55,533453331540535451144340353451400007431535545100431153144000434513311100,,00000503,,,,,,,,35,5,0,5,5,503,,3535544343441353134551315453355331134351453433153134411113111444513535,BABAACCBCBCCDBABDBCAADBDACABBAABBDDBCBADCABCBBDABDBCCDDDDBDDDCCCADBABA,ABABACBCBCCCBDABBDACADBDACABABABBDBDBCADACBCBBADBDBCCDDDBDDDCDCCADABAB,,,1,503,,,,,L_T1_GTR___standard/L_T1_GTR___zabuton_,,,,,L_T1_GTR03_33000001,,,
218490,70,,,,,,,,,,44,51,534445541113533515540000455450000007341530000000343153100000311335333110,,bb40ab32,,,,,,,,35,0,4,bb40ab32,1280,2700,,3535544343441353134551315453355331134351453433153134411113111444,BABAACCBCBCCDBABDBCAADBDACABBAABBDDBCBADCABCBBDABDBCCDDDDBDDDCCC,ABABACBCBCCCBDABBDACADBDACABABABBDBDBCADACBCBBADBDBCCDDDBDDDCDCC,,,4,2700,,,,,,,,,,,,,,35,35,55,533453331540535451144340353451400007431535545100431153144000434513311100,,00000503,,,,,,,,35,5,0,5,5,503,,3535544343441353134551315453355331134351453433153134411113111444513535,BABAACCBCBCCDBABDBCAADBDACABBAABBDDBCBADCABCBBDABDBCCDDDDBDDDCCCADBABA,ABABACBCBCCCBDABBDACADBDACABABABBDBDBCADACBCBBADBDBCCDDDBDDDCDCCADABAB,,,1,503,,,,,L_T1_GTR___standard/L_T1_GTR___zabuton_,,,,,L_T1_GTR03_33000001,,,
218498,71,,,,,,,,,,44,51,534445541113533515540000455450000007341530000000343153100000311335333110,,bb40ab32,,,,,,,,35,0,4,bb40ab32,1280,2700,,3535544343441353134551315453355331134351453433153134411113111444,BABAACCBCBCCDBABDBCAADBDACABBAABBDDBCBADCABCBBDABDBCCDDDDBDDDCCC,ABABACBCBCCCBDABBDACADBDACABABABBDBDBCADACBCBBADBDBCCDDDBDDDCDCC,,,4,2700,,,,,,,,,,,,,,35,55,33,533453331543535451144340353451400007431535545100431153144000434513311100,,00000505,,,,,,,,36,6,0,2,2,505,,353554434344135313455131545335533113435145343315313441111311144451353555,BABAACCBCBCCDBABDBCAADBDACABBAABBDDBCBADCABCBBDABDBCCDDDDBDDDCCCADBABAAA,ABABACBCBCCCBDABBDACADBDACABABABBDBDBCADACBCBBADBDBCCDDDBDDDCDCCADABABAA,,,1,505,,,,,L_T1_GTR___standard/L_T1_GTR___zabuton_,,,,,L_T1_GTR03_33000001,,,
218538,72,,,,,,,,,,44,51,534445541113533515540000455450000007341530000000343153100000311335333110,,bb40ab32,,,,,,,,35,0,4,bb40ab32,1280,2700,,3535544343441353134551315453355331134351453433153134411113111444,BABAACCBCBCCDBABDBCAADBDACABBAABBDDBCBADCABCBBDABDBCCDDDDBDDDCCC,ABABACBCBCCCBDABBDACADBDACABABABBDBDBCADACBCBBADBDBCCDDDBDDDCDCC,,,4,2700,,,,,,,,,,,,,,55,33,35,533453331543535451140343353451400007431535545100431153144000434513311100,,00000507,,,,,,,,37,7,0,2,2,507,,35355443434413531345513154533553311343514534331531344111131114445135355533,BABAACCBCBCCDBABDBCAADBDACABBAABBDDBCBADCABCBBDABDBCCDDDDBDDDCCCADBABAAABB,ABABACBCBCCCBDABBDACADBDACABABABBDBDBCADACBCBBADBDBCCDDDBDDDCDCCADABABAABB,,,1,507,,,,,L_T1_GTR___standard/L_T1_GTR___zabuton_,,,,,L_T1_GTR03_33000001,,,
218573,73,,,,,,,,,,44,51,534444111310533514000000455450000007341530000000343153100000311335333110,,bb50ab66,,,,,,,,36,0,5,bb50ab66,3300,6000,,3535544343441353134551315453355331134351453433153134411113111444,BABAACCBCBCCDBABDBCAADBDACABBAABBDDBCBADCABCBBDABDBCCDDDDBDDDCCC,ABABACBCBCCCBDABBDACADBDACABABABBDBDBCADACBCBBADBDBCCDDDBDDDCDCC,,,5,6000,,,,,,,,,,,,,,55,33,35,533453331543535451140343353451400007431535545100431153144000434513311100,,00000507,,,,,,,,37,7,0,2,2,507,,35355443434413531345513154533553311343514534331531344111131114445135355533,BABAACCBCBCCDBABDBCAADBDACABBAABBDDBCBADCABCBBDABDBCCDDDDBDDDCCCADBABAAABB,ABABACBCBCCCBDABBDACADBDACABABABBDBDBCADACBCBBADBDBCCDDDBDDDCDCCADABABAABB,,,1,507,,,,,L_T1_GTR___standard/L_T1_GTR___zabuton_,,,,,L_T1_GTR03_33000001,,,
218574,74,,,,,,,,,,44,51,534444111310533514000000455450000007341530000000343153100000311335333110,,bb50ab66,,,,,,,,36,0,5,bb50ab66,3300,6000,,3535544343441353134551315453355331134351453433153134411113111444,BABAACCBCBCCDBABDBCAADBDACABBAABBDDBCBADCABCBBDABDBCCDDDDBDDDCCC,ABABACBCBCCCBDABBDACADBDACABABABBDBDBCADACBCBBADBDBCCDDDBDDDCDCC,,,5,6000,,,,,,,,,,,,,,33,35,31,533453331543535451144343353451455007431535545100431153144000434513311100,,00000513,,,,,,,,38,8,0,6,6,513,,3535544343441353134551315453355331134351453433153134411113111444513535553335,BABAACCBCBCCDBABDBCAADBDACABBAABBDDBCBADCABCBBDABDBCCDDDDBDDDCCCADBABAAABBBA,ABABACBCBCCCBDABBDACADBDACABABABBDBDBCADACBCBBADBDBCCDDDBDDDCDCCADABABAABBAB,,,1,513,,,,,L_T1_GTR___standard/L_T1_GTR___zabuton_,,,,,L_T1_GTR03_33000001,,,
218613,75,,,,,,,,,,44,51,534444111310533514000000455450000007341530000000343153100000311335333110,,bb50ab66,,,,,,,,36,0,5,bb50ab66,3300,6000,,3535544343441353134551315453355331134351453433153134411113111444,BABAACCBCBCCDBABDBCAADBDACABBAABBDDBCBADCABCBBDABDBCCDDDDBDDDCCC,ABABACBCBCCCBDABBDACADBDACABABABBDBDBCADACBCBBADBDBCCDDDBDDDCDCC,,,5,6000,,,,,,,,,,,,,,35,31,31,533453331543535451144343353451455007431535545100431153144330434513311100,,00000516,,,,,,,,39,9,0,3,3,516,,353554434344135313455131545335533113435145343315313441111311144451353555333531,BABAACCBCBCCDBABDBCAADBDACABBAABBDDBCBADCABCBBDABDBCCDDDDBDDDCCCADBABAAABBBABD,ABABACBCBCCCBDABBDACADBDACABABABBDBDBCADACBCBBADBDBCCDDDBDDDCDCCADABABAABBABBD,,,1,516,,,,,L_T1_GTR___standard/L_T1_GTR___zabuton_,,,,,L_T1_GTR03_33000001,,,
218653,76,,,,,,,,,,44,51,534444111310533514000000455450000007341530000000343153100000311335333110,,bb50ab66,,,,,,,,36,0,5,bb50ab66,3300,6000,,3535544343441353134551315453355331134351453433153134411113111444,BABAACCBCBCCDBABDBCAADBDACABBAABBDDBCBADCABCBBDABDBCCDDDDBDDDCCC,ABABACBCBCCCBDABBDACADBDACABABABBDBDBCADACBCBBADBDBCCDDDBDDDCDCC,,,5,6000,,,,,,,,,,,,,,31,31,44,533453331543535451144343353451455007431535545100431153144330434513311135,,00000519,,,,,,,,40,10,0,3,3,519,,35355443434413531345513154533553311343514534331531344111131114445135355533353131,BABAACCBCBCCDBABDBCAADBDACABBAABBDDBCBADCABCBBDABDBCCDDDDBDDDCCCADBABAAABBBABDBD,ABABACBCBCCCBDABBDACADBDACABABABBDBDBCADACBCBBADBDBCCDDDBDDDCDCCADABABAABBABBDBD,,,1,519,,,,,L_T1_GTR___standard/L_T1_GTR___zabuton_,,,,,L_T1_GTR03_33000001,,,
218659,77,,,,,,,,,,44,51,531113100000533510000000455450000007341530000000343153100000311335333110,,bb40ab96,,,,,,,,37,0,6,bb40ab96,3840,9840,,3535544343441353134551315453355331134351453433153134411113111444,BABAACCBCBCCDBABDBCAADBDACABBAABBDDBCBADCABCBBDABDBCCDDDDBDDDCCC,ABABACBCBCCCBDABBDACADBDACABABABBDBDBCADACBCBBADBDBCCDDDBDDDCDCC,,,6,9840,,,,,,,,,,,,,,31,31,44,533453331543535451144343353451455007431535545100431153144330434513311135,,00000519,,,,,,,,40,10,0,3,3,519,,35355443434413531345513154533553311343514534331531344111131114445135355533353131,BABAACCBCBCCDBABDBCAADBDACABBAABBDDBCBADCABCBBDABDBCCDDDDBDDDCCCADBABAAABBBABDBD,ABABACBCBCCCBDABBDACADBDACABABABBDBDBCADACBCBBADBDBCCDDDBDDDCDCCADABABAABBABBDBD,,,1,519,,,,,L_T1_GTR___standard/L_T1_GTR___zabuton_,,,,,L_T1_GTR03_33000001,,,
218709,78,,,,,,,,,,44,51,531113100000533510000000455450000007341530000000343153100000311335333110,,bb40ab96,,,,,,,,37,0,6,bb40ab96,3840,9840,,3535544343441353134551315453355331134351453433153134411113111444,BABAACCBCBCCDBABDBCAADBDACABBAABBDDBCBADCABCBBDABDBCCDDDDBDDDCCC,ABABACBCBCCCBDABBDACADBDACABABABBDBDBCADACBCBBADBDBCCDDDBDDDCDCC,,,6,9840,,,,,,,,,,,,,,31,44,11,533453331543535451144343353451455007431535545100431153144330434513311135,,00000520,,,,,,,,41,11,0,1,1,520,,3535544343441353134551315453355331134351453433153134411113111444513535553335313144,BABAACCBCBCCDBABDBCAADBDACABBAABBDDBCBADCABCBBDABDBCCDDDDBDDDCCCADBABAAABBBABDBDCC,ABABACBCBCCCBDABBDACADBDACABABABBDBDBCADACBCBBADBDBCCDDDBDDDCDCCADABABAABBABBDBDCC,,,1,520,,,,,L_T1_GTR___standard/L_T1_GTR___zabuton_,,,,,L_T1_GTR03_33000001,,,
218742,79,,,,,,,,,,44,51,533100000000533500000000455450000007341530000000343153100000311335333110,,bb40a128,,,,,,,,38,0,7,bb40a128,5120,14960,,3535544343441353134551315453355331134351453433153134411113111444,BABAACCBCBCCDBABDBCAADBDACABBAABBDDBCBADCABCBBDABDBCCDDDDBDDDCCC,ABABACBCBCCCBDABBDACADBDACABABABBDBDBCADACBCBBADBDBCCDDDBDDDCDCC,,,7,14960,,,,,,,,,,,,,,31,44,11,533453331543535451144343353451455007431535545100431153144330434513311135,,00000520,,,,,,,,41,11,0,1,1,520,,3535544343441353134551315453355331134351453433153134411113111444513535553335313144,BABAACCBCBCCDBABDBCAADBDACABBAABBDDBCBADCABCBBDABDBCCDDDDBDDDCCCADBABAAABBBABDBDCC,ABABACBCBCCCBDABBDACADBDACABABABBDBDBCADACBCBBADBDBCCDDDBDDDCDCCADABABAABBABBDBDCC,,,1,520,,,,,L_T1_GTR___standard/L_T1_GTR___zabuton_,,,,,L_T1_GTR03_33000001,,,
218751,80,,,,,,,,,,44,51,533100000000533500000000455450000007341530000000343153100000311335333110,,bb40a128,,,,,,,,38,0,7,bb40a128,5120,14960,,3535544343441353134551315453355331134351453433153134411113111444,BABAACCBCBCCDBABDBCAADBDACABBAABBDDBCBADCABCBBDABDBCCDDDDBDDDCCC,ABABACBCBCCCBDABBDACADBDACABABABBDBDBCADACBCBBADBDBCCDDDBDDDCDCC,,,7,14960,,,,,,,,,,,,,,,44,11,533453331500535451144343353451455007431535545131431153144330434513311135,,bb40abb1,,,,,,,,42,0,1,bb40abb1,40,560,,3535544343441353134551315453355331134351453433153134411113111444513535553335313144,BABAACCBCBCCDBABDBCAADBDACABBAABBDDBCBADCABCBBDABDBCCDDDDBDDDCCCADBABAAABBBABDBDCC,ABABACBCBCCCBDABBDACADBDACABABABBDBDBCADACBCBBADBDBCCDDDBDDDCDCCADABABAABBABBDBDCC,,,1,560,,,,,L_T1_GTR___standard/L_T1_GTR___zabuton_,,,,,L_T1_GTR03_33000001,,,
218825,81,,,,,,,,,,44,51,510000000000550000000000455450000007341530000000343153100000311335333110,,bb50a162,,,,,,,,39,0,8,bb50a162,8100,23060,,3535544343441353134551315453355331134351453433153134411113111444,BABAACCBCBCCDBABDBCAADBDACABBAABBDDBCBADCABCBBDABDBCCDDDDBDDDCCC,ABABACBCBCCCBDABBDACADBDACABABABBDBDBCADACBCBBADBDBCCDDDBDDDCDCC,,,8,23060,,,,,,,,,,,,,,,44,11,533453331500535451144343353451455007431535545131431153144330434513311135,,bb40abb1,,,,,,,,42,0,1,bb40abb1,40,560,,3535544343441353134551315453355331134351453433153134411113111444513535553335313144,BABAACCBCBCCDBABDBCAADBDACABBAABBDDBCBADCABCBBDABDBCCDDDDBDDDCCCADBABAAABBBABDBDCC,ABABACBCBCCCBDABBDACADBDACABABABBDBDBCADACBCBBADBDBCCDDDBDDDCDCCADABABAABBABBDBDCC,,,1,560,,,,,L_T1_GTR___standard/L_T1_GTR___zabuton_,,,,,L_T1_GTR03_33000001,,,
218839,82,,,,,,,,,,44,51,510000000000550000000000455450000007341530000000343153100000311335333110,,bb50a162,,,,,,,,39,0,8,bb50a162,8100,23060,,3535544343441353134551315453355331134351453433153134411113111444,BABAACCBCBCCDBABDBCAADBDACABBAABBDDBCBADCABCBBDABDBCCDDDDBDDDCCC,ABABACBCBCCCBDABBDACADBDACABABABBDBDBCADACBCBBADBDBCCDDDBDDDCDCC,,,8,23060,,,,,,,,,,,,,,44,11,55,533453331543535451144343353451455007431535545110431153144000434513311153,,00000561,,,,,,,,43,1,0,1,1,561,,353554434344135313455131545335533113435145343315313441111311144451353555333531314411,BABAACCBCBCCDBABDBCAADBDACABBAABBDDBCBADCABCBBDABDBCCDDDDBDDDCCCADBABAAABBBABDBDCCDD,ABABACBCBCCCBDABBDACADBDACABABABBDBDBCADACBCBBADBDBCCDDDBDDDCDCCADABABAABBABBDBDCCDD,,,1,561,,,,,L_T1_GTR___standard/L_T1_GTR___zabuton_,,,,,L_T1_GTR03_33000001,,,
218901,83,,,,,,,,,,44,51,510000000000550000000000455450000007341530000000343153100000311335333110,,bb50a162,,,,,,,,39,0,8,bb50a162,8100,23060,,3535544343441353134551315453355331134351453433153134411113111444,BABAACCBCBCCDBABDBCAADBDACABBAABBDDBCBADCABCBBDABDBCCDDDDBDDDCCC,ABABACBCBCCCBDABBDACADBDACABABABBDBDBCADACBCBBADBDBCCDDDBDDDCDCC,,,8,23060,,,,,,,,,,,,,,11,55,35,533453331543535451144343353451455407431535545000431153144000434513311153,,00000563,,,,,,,,44,2,0,2,2,563,,35355443434413531345513154533553311343514534331531344111131114445135355533353131441155,BABAACCBCBCCDBABDBCAADBDACABBAABBDDBCBADCABCBBDABDBCCDDDDBDDDCCCADBABAAABBBABDBDCCDDAA,ABABACBCBCCCBDABBDACADBDACABABABBDBDBCADACBCBBADBDBCCDDDBDDDCDCCADABABAABBABBDBDCCDDAA,,,1,563,,,,,L_T1_GTR___standard/L_T1_GTR___zabuton_,,,,,L_T1_GTR03_33000001,,,
218907,84,,,,,,,,,,44,51,100000000000000000000000445000000007341530000000343153100000311335333110,,bb40a192,,,,,,,,40,0,9,bb40a192,7680,30740,,3535544343441353134551315453355331134351453433153134411113111444,BABAACCBCBCCDBABDBCAADBDACABBAABBDDBCBADCABCBBDABDBCCDDDDBDDDCCC,ABABACBCBCCCBDABBDACADBDACABABABBDBDBCADACBCBBADBDBCCDDDBDDDCDCC,,,9,30740,,,,,,,,,,,,,,11,55,35,533453331543535451144343353451455407431535545000431153144000434513311153,,00000563,,,,,,,,44,2,0,2,2,563,,35355443434413531345513154533553311343514534331531344111131114445135355533353131441155,BABAACCBCBCCDBABDBCAADBDACABBAABBDDBCBADCABCBBDABDBCCDDDDBDDDCCCADBABAAABBBABDBDCCDDAA,ABABACBCBCCCBDABBDACADBDACABABABBDBDBCADACBCBBADBDBCCDDDBDDDCDCCADABABAABBABBDBDCCDDAA,,,1,563,,,,,L_T1_GTR___standard/L_T1_GTR___zabuton_,,,,,L_T1_GTR03_33000001,,,
218988,86,,,,,,,,,,44,51,100000000000000000000000500000000007315300000000331531000000311335333110,,bb40a224,,,,,,,,41,0,10,bb40a224,8960,39700,,3535544343441353134551315453355331134351453433153134411113111444,BABAACCBCBCCDBABDBCAADBDACABBAABBDDBCBADCABCBBDABDBCCDDDDBDDDCCC,ABABACBCBCCCBDABBDACADBDACABABABBDBDBCADACBCBBADBDBCCDDDBDDDCDCC,,,9,39700,,,,,,,,,,,,,,,55,35,533453331543535451144343353451455407431535545114431153144100434513311153,,bb60abb3,,,,,,,,45,0,1,bb60abb3,180,743,,35355443434413531345513154533553311343514534331531344111131114445135355533353131441155,BABAACCBCBCCDBABDBCAADBDACABBAABBDDBCBADCABCBBDABDBCCDDDDBDDDCCCADBABAAABBBABDBDCCDDAA,ABABACBCBCCCBDABBDACADBDACABABABBDBDBCADACBCBBADBDBCCDDDBDDDCDCCADABABAABBABBDBDCCDDAA,,,1,743,,,,,L_T1_GTR___standard/L_T1_GTR___zabuton_,,,,,L_T1_GTR03_33000001,,,
219071,87,,,,,,,,,,44,51,100000000000000000000000500000000007153000000000153100000000113353331100,,bb80a259,,,,,,,,42,0,11,bb80a259,20720,60420,,3535544343441353134551315453355331134351453433153134411113111444,BABAACCBCBCCDBABDBCAADBDACABBAABBDDBCBADCABCBBDABDBCCDDDDBDDDCCC,ABABACBCBCCCBDABBDACADBDACABABABBDBDBCADACBCBBADBDBCCDDDBDDDCDCC,,,9,60420,,,,,,,,,,,,,,,55,35,533453331543535451144343353451455407431535545114431153144100434513311153,,bb60abb3,,,,,,,,45,0,1,bb60abb3,180,743,,35355443434413531345513154533553311343514534331531344111131114445135355533353131441155,BABAACCBCBCCDBABDBCAADBDACABBAABBDDBCBADCABCBBDABDBCCDDDDBDDDCCCADBABAAABBBABDBDCCDDAA,ABABACBCBCCCBDABBDACADBDACABABABBDBDBCADACBCBBADBDBCCDDDBDDDCDCCADABABAABBABBDBDCCDDAA,,,1,743,,,,,L_T1_GTR___standard/L_T1_GTR___zabuton_,,,,,L_T1_GTR03_33000001,,,
219083,88,,,,,,,,,,44,51,100000000000000000000000500000000007153000000000153100000000113353331100,,bb80a259,,,,,,,,42,0,11,bb80a259,20720,60420,,3535544343441353134551315453355331134351453433153134411113111444,BABAACCBCBCCDBABDBCAADBDACABBAABBDDBCBADCABCBBDABDBCCDDDDBDDDCCC,ABABACBCBCCCBDABBDACADBDACABABABBDBDBCADACBCBBADBDBCCDDDBDDDCDCC,,,9,60420,,,,,,,,,,,,,,55,35,35,533453331543535451144343353451455407431535545410431153144000434513353000,,00000744,,,,,,,,46,1,0,1,1,744,,3535544343441353134551315453355331134351453433153134411113111444513535553335313144115535,BABAACCBCBCCDBABDBCAADBDACABBAABBDDBCBADCABCBBDABDBCCDDDDBDDDCCCADBABAAABBBABDBDCCDDAABA,ABABACBCBCCCBDABBDACADBDACABABABBDBDBCADACBCBBADBDBCCDDDBDDDCDCCADABABAABBABBDBDCCDDAAAB,,,1,744,,,,,L_T1_GTR___standard/L_T1_GTR___zabuton_,,,,,L_T1_GTR03_33000001,,,
219119,89,,,,,,,,,,44,51,100000000000000000000000500000000007153000000000153100000000113353331100,,bb80a259,,,,,,,,42,0,11,bb80a259,20720,60420,,3535544343441353134551315453355331134351453433153134411113111444,BABAACCBCBCCDBABDBCAADBDACABBAABBDDBCBADCABCBBDABDBCCDDDDBDDDCCC,ABABACBCBCCCBDABBDACADBDACABABABBDBDBCADACBCBBADBDBCCDDDBDDDCDCC,,,9,60420,,,,,,,,,,,,,,35,35,54,533453331000535451144300353451455407431535545410431153144550434513353000,,00000747,,,,,,,,47,2,0,3,3,747,,353554434344135313455131545335533113435145343315313441111311144451353555333531314411553535,BABAACCBCBCCDBABDBCAADBDACABBAABBDDBCBADCABCBBDABDBCCDDDDBDDDCCCADBABAAABBBABDBDCCDDAABABA,ABABACBCBCCCBDABBDACADBDACABABABBDBDBCADACBCBBADBDBCCDDDBDDDCDCCADABABAABBABBDBDCCDDAAABAB,,,1,747,,,,,L_T1_GTR___standard/L_T1_GTR___zabuton_,,,,,L_T1_GTR03_33000001,,,
219157,90,,,,,,,,,,44,51,100000000000000000000000500000000007500000000000510000000000533311000000,,bb40a288,,,,,,,,43,0,12,bb40a288,11520,71940,,3535544343441353134551315453355331134351453433153134411113111444,BABAACCBCBCCDBABDBCAADBDACABBAABBDDBCBADCABCBBDABDBCCDDDDBDDDCCC,ABABACBCBCCCBDABBDACADBDACABABABBDBDBCADACBCBBADBDBCCDDDBDDDCDCC,,,9,71940,,,,,,,,,,,,,,35,35,54,533453331000535451144300353451455407431535545410431153144550434513353000,,00000747,,,,,,,,47,2,0,3,3,747,,353554434344135313455131545335533113435145343315313441111311144451353555333531314411553535,BABAACCBCBCCDBABDBCAADBDACABBAABBDDBCBADCABCBBDABDBCCDDDDBDDDCCCADBABAAABBBABDBDCCDDAABABA,ABABACBCBCCCBDABBDACADBDACABABABBDBDBCADACBCBBADBDBCCDDDBDDDCDCCADABABAABBABBDBDCCDDAAABAB,,,1,747,,,,,L_T1_GTR___standard/L_T1_GTR___zabuton_,,,,,L_T1_GTR03_33000001,,,
219158,91,,,,,,,,,,44,51,100000000000000000000000500000000007500000000000510000000000533311000000,,bb40a288,,,,,,,,43,0,12,bb40a288,11520,71940,,3535544343441353134551315453355331134351453433153134411113111444,BABAACCBCBCCDBABDBCAADBDACABBAABBDDBCBADCABCBBDABDBCCDDDDBDDDCCC,ABABACBCBCCCBDABBDACADBDACABABABBDBDBCADACBCBBADBDBCCDDDBDDDCDCC,,,9,71940,,,,,,,,,,,,,,35,54,45,533453331543535451144343353451455407431535545410431153144550434513353350,,00000751,,,,,,,,48,3,0,4,4,751,,35355443434413531345513154533553311343514534331531344111131114445135355533353131441155353554,BABAACCBCBCCDBABDBCAADBDACABBAABBDDBCBADCABCBBDABDBCCDDDDBDDDCCCADBABAAABBBABDBDCCDDAABABAAC,ABABACBCBCCCBDABBDACADBDACABABABBDBDBCADACBCBBADBDBCCDDDBDDDCDCCADABABAABBABBDBDCCDDAAABABAC,,,1,751,,,,,L_T1_GTR___standard/L_T1_GTR___zabuton_,,,,,L_T1_GTR03_33000001,,,
219193,92,,,,,,,,,,44,51,100000000000000000000000500000000007500000000000510000000000533311000000,,bb40a288,,,,,,,,43,0,12,bb40a288,11520,71940,,3535544343441353134551315453355331134351453433153134411113111444,BABAACCBCBCCDBABDBCAADBDACABBAABBDDBCBADCABCBBDABDBCCDDDDBDDDCCC,ABABACBCBCCCBDABBDACADBDACABABABBDBDBCADACBCBBADBDBCCDDDBDDDCDCC,,,9,71940,,,,,,,,,,,,,,,54,45,533453331543535451144343353451455407431535545410431153144555434513353353,,bb40abb1,,,,,,,,49,0,1,bb40abb1,40,791,,35355443434413531345513154533553311343514534331531344111131114445135355533353131441155353554,BABAACCBCBCCDBABDBCAADBDACABBAABBDDBCBADCABCBBDABDBCCDDDDBDDDCCCADBABAAABBBABDBDCCDDAABABAAC,ABABACBCBCCCBDABBDACADBDACABABABBDBDBCADACBCBBADBDBCCDDDBDDDCDCCADABABAABBABBDBDCCDDAAABABAC,,,1,791,,,,,L_T1_GTR___standard/L_T1_GTR___zabuton_,,,,,L_T1_GTR03_33000001,,,
219245,93,,,,,,,,,44,51,35,100000000000000000000000000000000007000000000000100000000000333110000000,,00071945,,,,,,,,44,1,0,5,5,71945,,353554434344135313455131545335533113435145343315313441111311144451,BABAACCBCBCCDBABDBCAADBDACABBAABBDDBCBADCABCBBDABDBCCDDDDBDDDCCCAD,ABABACBCBCCCBDABBDACADBDACABABABBDBDBCADACBCBBADBDBCCDDDBDDDCDCCAD,,,9,71945,,,,,,,,,,,,,,,54,45,533453331543535451144343353451455407431535545410431153144555434513353353,,bb40abb1,,,,,,,,49,0,1,bb40abb1,40,791,,35355443434413531345513154533553311343514534331531344111131114445135355533353131441155353554,BABAACCBCBCCDBABDBCAADBDACABBAABBDDBCBADCABCBBDABDBCCDDDDBDDDCCCADBABAAABBBABDBDCCDDAABABAAC,ABABACBCBCCCBDABBDACADBDACABABABBDBDBCADACBCBBADBDBCCDDDBDDDCDCCADABABAABBABBDBDCCDDAAABABAC,,,1,791,,,,,L_T1_GTR___standard/L_T1_GTR___zabuton_,,,,,L_T1_GTR03_33000001,,,
219295,94,,,,,,,,,51,35,35,100000000000400000000000400000000007000000000000100000000000333110000000,,00071958,,,,,,,,45,2,0,13,13,71958,,35355443434413531345513154533553311343514534331531344111131114445135,BABAACCBCBCCDBABDBCAADBDACABBAABBDDBCBADCABCBBDABDBCCDDDDBDDDCCCADBA,ABABACBCBCCCBDABBDACADBDACABABABBDBDBCADACBCBBADBDBCCDDDBDDDCDCCADAB,,,9,71958,,,,,,,,,,,,,,,54,45,533453331543535451144343353451455407431535545410431153144555434513353353,,bb40abb1,,,,,,,,49,0,1,bb40abb1,40,791,,35355443434413531345513154533553311343514534331531344111131114445135355533353131441155353554,BABAACCBCBCCDBABDBCAADBDACABBAABBDDBCBADCABCBBDABDBCCDDDDBDDDCCCADBABAAABBBABDBDCCDDAABABAAC,ABABACBCBCCCBDABBDACADBDACABABABBDBDBCADACBCBBADBDBCCDDDBDDDCDCCADABABAABBABBDBDCCDDAAABABAC,,,1,791,,,,,L_T1_GTR___standard/L_T1_GTR___zabuton_,,,,,L_T1_GTR03_33000001,,,
219334,96,,,,,,,,,51,35,35,100000000000400000000000400000000007000000000000100000000000333110000000,,00071958,,,,,,,,45,2,0,13,13,71958,,35355443434413531345513154533553311343514534331531344111131114445135,BABAACCBCBCCDBABDBCAADBDACABBAABBDDBCBADCABCBBDABDBCCDDDDBDDDCCCADBA,ABABACBCBCCCBDABBDACADBDACABABABBDBDBCADACBCBBADBDBCCDDDBDDDCDCCADAB,,,9,71958,,,,,,,,,,,,,,,54,45,532253331543535451144343353451455466431535545416430153144666420012353336,,00000792,,,,,lose,,,50,0,1,1,1,792,,35355443434413531345513154533553311343514534331531344111131114445135355533353131441155353554,BABAACCBCBCCDBABDBCAADBDACABBAABBDDBCBADCABCBBDABDBCCDDDDBDDDCCCADBABAAABBBABDBDCCDDAABABAAC,ABABACBCBCCCBDABBDACADBDACABABABBDBDBCADACBCBBADBDBCCDDDBDDDCDCCADABABAABBABBDBDCCDDAAABABAC,,,1,792,,,,,L_T1_GTR___standard/L_T1_GTR___zabuton_,,,,,L_T1_GTR03_33000001,,,
219346,96,,,,,,,,,,35,55,100000000000400000000000400000000007000000000000115000000000333110000000,,00071969,,,,,win,,,47,3,0,0,0,71969,,3535544343441353134551315453355331134351453433153134411113111444513535,BABAACCBCBCCDBABDBCAADBDACABBAABBDDBCBADCABCBBDABDBCCDDDDBDDDCCCADBABA,ABABACBCBCCCBDABBDACADBDACABABABBDBDBCADACBCBBADBDBCCDDDBDDDCDCCADABAB,,,9,71969,,,,,,,,,,,,,,,54,45,532253331543535451144343353451455466431535545416430153144666420012353336,,00000792,,,,,lose,,,50,0,1,1,1,792,,35355443434413531345513154533553311343514534331531344111131114445135355533353131441155353554,BABAACCBCBCCDBABDBCAADBDACABBAABBDDBCBADCABCBBDABDBCCDDDDBDDDCCCADBABAAABBBABDBDCCDDAABABAAC,ABABACBCBCCCBDABBDACADBDACABABABBDBDBCADACBCBBADBDBCCDDDBDDDCDCCADABABAABBABBDBDCCDDAAABABAC,,,1,792,,,,,L_T1_GTR___standard/L_T1_GTR___zabuton_,,,,,L_T1_GTR03_33000001,,,
219347,95,,,,,,,,,,35,55,100000000000400000000000400000000007000000000000115000000000333110000000,,00071969,,,,,win,,,47,3,0,0,0,71969,,3535544343441353134551315453355331134351453433153134411113111444513535,BABAACCBCBCCDBABDBCAADBDACABBAABBDDBCBADCABCBBDABDBCCDDDDBDDDCCCADBABA,ABABACBCBCCCBDABBDACADBDACABABABBDBDBCADACBCBBADBDBCCDDDBDDDCDCCADABAB,,,9,71969,,,,,,,,,,,,,,,54,45,532253331543535451144343353451455466431535545416430153144666420012353336,,00000792,,,,,lose,,,50,0,1,1,1,792,,35355443434413531345513154533553311343514534331531344111131114445135355533353131441155353554,BABAACCBCBCCDBABDBCAADBDACABBAABBDDBCBADCABCBBDABDBCCDDDDBDDDCCCADBABAAABBBABDBDCCDDAABABAAC,ABABACBCBCCCBDABBDACADBDACABABABBDBDBCADACBCBBADBDBCCDDDBDDDCDCCADABABAABBABBDBDCCDDAAABABAC,,,1,792,,,,,L_T1_GTR___standard/L_T1_GTR___zabuton_,,,,,L_T1_GTR03_33000001,,,
