234065,0,,,,,,,,,,54,24,000000000000000000000000000000000007000000000000000000000000000000000000,000000,00000000,,,,,,,,0,0,0,0,0,0,,54,AB,AB,,,0,0,,,,,,,,,,,,,,,54,24,000000000000000000000000000000000007000000000000000000000000000000000000,000000,00000000,,,,,,,,0,0,0,0,0,0,,54,AB,AB,,,0,0,,,,,,,,,,,,,
234215,2,,,,,,,,,54,24,24,000000000000000000000000000000000007000000000000000000000000000000000000,,00000000,,,,,,,,1,1,0,0,0,0,,5424,BACA,ABAC,,,0,0,,,,,,,,,,,,,,54,24,24,000000000000000000000000000000000007000000000000000000000000000000000000,,00000000,,,,,,,,1,1,0,0,0,0,,5424,BACA,ABAC,,,0,0,,,,,,,,,,,,,
234265,4,,,,,,,,,24,24,44,450000000000000000000000000000000007000000000000000000000000000000000000,,00000012,,,,,,,,2,2,0,12,12,12,,542424,BACACA,ABACAC,,,0,12,,,,,,,,,,,,,,24,24,44,000000000000400000000000500000000007000000000000000000000000000000000000,,00000013,,,,,,,,2,2,0,13,13,13,,542424,BACACA,ABACAC,,,0,13,,,,,,,,,,,,,
234315,5,,,,,,,,,24,44,53,450000000000400000000000200000000007000000000000000000000000000000000000,,00000025,,,,,,,,3,3,0,13,13,25,,54242444,BACACAAA,ABACACAA,,,0,25,,,,,,,,,,,,,,24,24,44,000000000000400000000000500000000007000000000000000000000000000000000000,,00000013,,,,,,,,2,2,0,13,13,13,,542424,BACACA,ABACAC,,,0,13,,,,,,,,,,,,,
234317,6,,,,,,,,,24,44,53,450000000000400000000000200000000007000000000000000000000000000000000000,,00000025,,,,,,,,3,3,0,13,13,25,,54242444,BACACAAA,ABACACAA,,,0,25,,,,,,,,,,,,,,24,44,53,420000000000400000000000500000000007000000000000000000000000000000000000,,00000025,,,,,,,,3,3,0,12,12,25,,54242444,BACACAAA,ABACACAA,,,0,25,,,,,,,,,,,,,
234365,7,,,,,,,,,44,53,42,450000000000400000000000200000000007420000000000000000000000000000000000,,00000037,,,,,,,,4,4,0,12,12,37,,5424244453,BACACAAABD,ABACACAABD,,,0,37,,,,,,,,,,,,,,24,44,53,420000000000400000000000500000000007000000000000000000000000000000000000,,00000025,,,,,,,,3,3,0,12,12,25,,54242444,BACACAAA,ABACACAA,,,0,25,,,,,,,,,,,,,
234367,8,,,,,,,,,44,53,42,450000000000400000000000200000000007420000000000000000000000000000000000,,00000037,,,,,,,,4,4,0,12,12,37,,5424244453,BACACAAABD,ABACACAABD,,,0,37,,,,,,,,,,,,,,44,53,42,420000000000420000000000540000000007000000000000000000000000000000000000,,00000037,,,,,,,,4,4,0,12,12,37,,5424244453,BACACAAABD,ABACACAABD,,,0,37,,,,,,,,,,,,,
234421,10,,,,,,,,,53,42,55,450000000000400000000000200000000007420000000000400000000000400000000000,,00000050,,,,,,,,5,5,0,13,13,50,,542424445342,BACACAAABDAC,ABACACAABDAC,,,0,50,,,,,,,,,,,,,,53,42,55,420000000000420000000000540000000007000000000000400000000000400000000000,,00000050,,,,,,,,5,5,0,13,13,50,,542424445342,BACACAAABDAC,ABACACAABDAC,,,0,50,,,,,,,,,,,,,
234471,12,,,,,,,,,42,55,33,455300000000400000000000200000000007420000000000400000000000400000000000,,00000061,,,,,,,,6,6,0,11,11,61,,54242444534255,BACACAAABDACBB,ABACACAABDACBB,,,0,61,,,,,,,,,,L_T1_GTR03_22110002,,,,42,55,33,420000000000420000000000540000000007350000000000400000000000400000000000,,00000062,,,,,,,,6,6,0,12,12,62,,54242444534255,BACACAAABDACBB,ABACACAABDACBB,,,0,62,,,,,,,,,,L_T1_GTR03_32100001/L_T1_GTR03_22110001,,,
234519,14,,,,,,,,,55,33,22,455300000000400000000000242000000007420000000000400000000000400000000000,,00000073,,,,,,,,7,7,0,12,12,73,,5424244453425533,BACACAAABDACBBDD,ABACACAABDACBBDD,,,0,73,,,,,,,,,,L_T1_GTR03_22110002,,,,55,33,22,422000000000424000000000540000000007350000000000400000000000400000000000,,00000073,,,,,,,,7,7,0,11,11,73,,5424244453425533,BACACAAABDACBBDD,ABACACAABDACBBDD,,,0,73,,,,,L_T1_GTR___standard,,,,,L_T1_GTR03_33000001/L_T1_GTR03_32100001,,,
234571,15,,,,,,,,,55,33,22,455300000000400000000000242000000007420000000000400000000000400000000000,,00000073,,,,,,,,7,7,0,12,12,73,,5424244453425533,BACACAAABDACBBDD,ABACACAABDACBBDD,,,0,73,,,,,,,,,,L_T1_GTR03_22110002,,,,33,22,53,422000000000424000000000540000000007350000000000450000000000450000000000,,00000085,,,,,,,,8,8,0,12,12,85,,542424445342553322,BACACAAABDACBBDDCC,ABACACAABDACBBDDCC,,,0,85,,,,,L_T1_GTR___standard,,,,,L_T1_GTR03_33000001,,,
234591,16,,,,,,,,,33,22,53,455350000000450000000000242000000007420000000000400000000000400000000000,,00000082,,,,,,,,8,8,0,9,9,82,,542424445342553322,BACACAAABDACBBDDCC,ABACACAABDACBBDDCC,,,0,82,,,,,,,,,,,,,,33,22,53,422000000000424000000000540000000007350000000000450000000000450000000000,,00000085,,,,,,,,8,8,0,12,12,85,,542424445342553322,BACACAAABDACBBDDCC,ABACACAABDACBBDDCC,,,0,85,,,,,L_T1_GTR___standard,,,,,L_T1_GTR03_33000001,,,
234619,17,,,,,,,,,33,22,53,455350000000450000000000242000000007420000000000400000000000400000000000,,00000082,,,,,,,,8,8,0,9,9,82,,542424445342553322,BACACAAABDACBBDDCC,ABACACAABDACBBDDCC,,,0,82,,,,,,,,,,,,,,22,53,34,422000000000424000000000540000000007353000000000453000000000450000000000,,00000096,,,,,,,,9,9,0,11,11,96,,54242444534255332253,BACACAAABDACBBDDCCBD,ABACACAABDACBBDDCCBD,,,0,96,,,,,L_T1_GTR___standard,,,,,L_T1_GTR03_33000001,,,
234643,18,,,,,,,,,22,53,34,455350000000450000000000242000000007420000000000400000000000433000000000,,00000093,,,,,,,,9,9,0,11,11,93,,54242444534255332253,BACACAAABDACBBDDCCBD,ABACACAABDACBBDDCCBD,,,0,93,,,,,,,,,,,,,,22,53,34,422000000000424000000000540000000007353000000000453000000000450000000000,,00000096,,,,,,,,9,9,0,11,11,96,,54242444534255332253,BACACAAABDACBBDDCCBD,ABACACAABDACBBDDCCBD,,,0,96,,,,,L_T1_GTR___standard,,,,,L_T1_GTR03_33000001,,,
234665,19,,,,,,,,,22,53,34,455350000000450000000000242000000007420000000000400000000000433000000000,,00000093,,,,,,,,9,9,0,11,11,93,,54242444534255332253,BACACAAABDACBBDDCCBD,ABACACAABDACBBDDCCBD,,,0,93,,,,,,,,,,,,,,53,34,22,422000000000424000000000540000000007353200000000453200000000450000000000,,00000106,,,,,,,,10,10,0,10,10,106,,5424244453425533225334,BACACAAABDACBBDDCCBDDA,ABACACAABDACBBDDCCBDAD,,,0,106,,,,,L_T1_GTR___standard,,,,,L_T1_GTR03_33000001,,,
234695,20,,,,,,,,,53,34,22,455350000000450000000000242000000007420000000000422000000000433000000000,,00000104,,,,,,,,10,10,0,11,11,104,,5424244453425533225334,BACACAAABDACBBDDCCBDDA,ABACACAABDACBBDDCCBDAD,,,0,104,,,,,,,,,,,,,,53,34,22,422000000000424000000000540000000007353200000000453200000000450000000000,,00000106,,,,,,,,10,10,0,10,10,106,,5424244453425533225334,BACACAAABDACBBDDCCBDDA,ABACACAABDACBBDDCCBDAD,,,0,106,,,,,L_T1_GTR___standard,,,,,L_T1_GTR03_33000001,,,
234710,21,,,,,,,,,53,34,22,455350000000450000000000242000000007420000000000422000000000433000000000,,00000104,,,,,,,,10,10,0,11,11,104,,5424244453425533225334,BACACAAABDACBBDDCCBDDA,ABACACAABDACBBDDCCBDAD,,,0,104,,,,,,,,,,,,,,34,22,24,422000000000424000000000545300000007353200000000453200000000450000000000,,00000117,,,,,,,,11,11,0,11,11,117,,542424445342553322533422,BACACAAABDACBBDDCCBDDACC,ABACACAABDACBBDDCCBDADCC,,,0,117,,,,,L_T1_GTR___standard,,,,,L_T1_GTR03_33000001,,,
234737,22,,,,,,,,,34,22,24,455350000000450000000000242350000007420000000000422000000000433000000000,,00000113,,,,,,,,11,11,0,9,9,113,,542424445342553322533422,BACACAAABDACBBDDCCBDDACC,ABACACAABDACBBDDCCBDADCC,,,0,113,,,,,,,,,,,,,,34,22,24,422000000000424000000000545300000007353200000000453200000000450000000000,,00000117,,,,,,,,11,11,0,11,11,117,,542424445342553322533422,BACACAAABDACBBDDCCBDDACC,ABACACAABDACBBDDCCBDADCC,,,0,117,,,,,L_T1_GTR___standard,,,,,L_T1_GTR03_33000001,,,
234763,23,,,,,,,,,34,22,24,455350000000450000000000242350000007420000000000422000000000433000000000,,00000113,,,,,,,,11,11,0,9,9,113,,542424445342553322533422,BACACAAABDACBBDDCCBDDACC,ABACACAABDACBBDDCCBDADCC,,,0,113,,,,,,,,,,,,,,22,24,53,422000000000424000000000545300000007353200000000453200000000453400000000,,00000128,,,,,,,,12,12,0,11,11,128,,54242444534255332253342224,BACACAAABDACBBDDCCBDDACCCA,ABACACAABDACBBDDCCBDADCCAC,,,0,128,,,,,L_T1_GTR___standard,,,,,L_T1_GTR03_33000001,,,
234783,24,,,,,,,,,22,24,53,455350000000454300000000242350000007420000000000422000000000433000000000,,00000123,,,,,,,,12,12,0,10,10,123,,54242444534255332253342224,BACACAAABDACBBDDCCBDDACCCA,ABACACAABDACBBDDCCBDADCCAC,,,0,123,,,,,L_T1_GTR___standard/L_T1_GTR___zabuton_,,,,,L_T1_GTR03_33000001,,,,22,24,53,422000000000424000000000545300000007353200000000453200000000453400000000,,00000128,,,,,,,,12,12,0,11,11,128,,54242444534255332253342224,BACACAAABDACBBDDCCBDDACCCA,ABACACAABDACBBDDCCBDADCCAC,,,0,128,,,,,L_T1_GTR___standard,,,,,L_T1_GTR03_33000001,,,
234803,25,,,,,,,,,22,24,53,455350000000454300000000242350000007420000000000422000000000433000000000,,00000123,,,,,,,,12,12,0,10,10,123,,54242444534255332253342224,BACACAAABDACBBDDCCBDDACCCA,ABACACAABDACBBDDCCBDADCCAC,,,0,123,,,,,L_T1_GTR___standard/L_T1_GTR___zabuton_,,,,,L_T1_GTR03_33000001,,,,24,53,33,422000000000424000000000545322000007353200000000453200000000453400000000,,00000136,,,,,,,,13,13,0,8,8,136,,5424244453425533225334222453,BACACAAABDACBBDDCCBDDACCCABD,ABACACAABDACBBDDCCBDADCCACBD,,,0,136,,,,,L_T1_GTR___standard,,,,,L_T1_GTR03_33000001,,,
234825,26,,,,,,,,,24,53,33,455350000000454322000000242350000007420000000000422000000000433000000000,,00000131,,,,,,,,13,13,0,8,8,131,,5424244453425533225334222453,BACACAAABDACBBDDCCBDDACCCABD,ABACACAABDACBBDDCCBDADCCACBD,,,0,131,,,,,L_T1_GTR___standard/L_T1_GTR___zabuton_,,,,,L_T1_GTR03_33000001,,,,24,53,33,422000000000424000000000545322000007353200000000453200000000453400000000,,00000136,,,,,,,,13,13,0,8,8,136,,5424244453425533225334222453,BACACAAABDACBBDDCCBDDACCCABD,ABACACAABDACBBDDCCBDADCCACBD,,,0,136,,,,,L_T1_GTR___standard,,,,,L_T1_GTR03_33000001,,,
234849,27,,,,,,,,,24,53,33,455350000000454322000000242350000007420000000000422000000000433000000000,,00000131,,,,,,,,13,13,0,8,8,131,,5424244453425533225334222453,BACACAAABDACBBDDCCBDDACCCABD,ABACACAABDACBBDDCCBDADCCACBD,,,0,131,,,,,L_T1_GTR___standard/L_T1_GTR___zabuton_,,,,,L_T1_GTR03_33000001,,,,53,33,23,422000000000424000000000545322000007353200000000453220000000453440000000,,00000145,,,,,,,,14,14,0,9,9,145,,542424445342553322533422245333,BACACAAABDACBBDDCCBDDACCCABDDD,ABACACAABDACBBDDCCBDADCCACBDDD,,,0,145,,,,,L_T1_GTR___standard,,,,,L_T1_GTR03_33000001,,,
234865,28,,,,,,,,,53,33,23,455350000000454322000000242352400007420000000000422000000000433000000000,,00000139,,,,,,,,14,14,0,8,8,139,,542424445342553322533422245333,BACACAAABDACBBDDCCBDDACCCABDDD,ABACACAABDACBBDDCCBDADCCACBDDD,,,0,139,,,,,L_T1_GTR___standard/L_T1_GTR___zabuton_,,,,,L_T1_GTR03_33000001,,,,53,33,23,422000000000424000000000545322000007353200000000453220000000453440000000,,00000145,,,,,,,,14,14,0,9,9,145,,542424445342553322533422245333,BACACAAABDACBBDDCCBDDACCCABDDD,ABACACAABDACBBDDCCBDADCCACBDDD,,,0,145,,,,,L_T1_GTR___standard,,,,,L_T1_GTR03_33000001,,,
234897,29,,,,,,,,,53,33,23,455350000000454322000000242352400007420000000000422000000000433000000000,,00000139,,,,,,,,14,14,0,8,8,139,,542424445342553322533422245333,BACACAAABDACBBDDCCBDDACCCABDDD,ABACACAABDACBBDDCCBDADCCACBDDD,,,0,139,,,,,L_T1_GTR___standard/L_T1_GTR___zabuton_,,,,,L_T1_GTR03_33000001,,,,33,23,42,422500000000424300000000545322000007353200000000453220000000453440000000,,00000155,,,,,,,,15,15,0,10,10,155,,54242444534255332253342224533323,BACACAAABDACBBDDCCBDDACCCABDDDCD,ABACACAABDACBBDDCCBDADCCACBDDDCD,,,0,155,,,,,L_T1_GTR___standard,,,,,L_T1_GTR03_33000001,,,
234911,30,,,,,,,,,33,23,42,455350000000454322000000242352400007423500000000422000000000433000000000,,00000149,,,,,,,,15,15,0,10,10,149,,54242444534255332253342224533323,BACACAAABDACBBDDCCBDDACCCABDDDCD,ABACACAABDACBBDDCCBDADCCACBDDDCD,,,0,149,,,,,L_T1_GTR___standard/L_T1_GTR___zabuton_,,,,,L_T1_GTR03_33000001,,,,33,23,42,422500000000424300000000545322000007353200000000453220000000453440000000,,00000155,,,,,,,,15,15,0,10,10,155,,54242444534255332253342224533323,BACACAAABDACBBDDCCBDDACCCABDDDCD,ABACACAABDACBBDDCCBDADCCACBDDDCD,,,0,155,,,,,L_T1_GTR___standard,,,,,L_T1_GTR03_33000001,,,
234939,31,,,,,,,,,33,23,42,455350000000454322000000242352400007423500000000422000000000433000000000,,00000149,,,,,,,,15,15,0,10,10,149,,54242444534255332253342224533323,BACACAAABDACBBDDCCBDDACCCABDDDCD,ABACACAABDACBBDDCCBDADCCACBDDDCD,,,0,149,,,,,L_T1_GTR___standard/L_T1_GTR___zabuton_,,,,,L_T1_GTR03_33000001,,,,23,42,53,422500000000424300000000545322000007353233000000453220000000453440000000,,00000163,,,,,,,,16,16,0,8,8,163,,5424244453425533225334222453332342,BACACAAABDACBBDDCCBDDACCCABDDDCDAC,ABACACAABDACBBDDCCBDADCCACBDDDCDAC,,,0,163,,,,,L_T1_GTR___standard,,,,,L_T1_GTR03_33000001,,,
234955,32,,,,,,,,,23,42,53,455353300000454322000000242352400007423500000000422000000000433000000000,,00000156,,,,,,,,16,16,0,7,7,156,,5424244453425533225334222453332342,BACACAAABDACBBDDCCBDDACCCABDDDCDAC,ABACACAABDACBBDDCCBDADCCACBDDDCDAC,,,0,156,,,,,L_T1_GTR___standard/L_T1_GTR___zabuton_,,,,,L_T1_GTR03_33000001,,,,23,42,53,422500000000424300000000545322000007353233000000453220000000453440000000,,00000163,,,,,,,,16,16,0,8,8,163,,5424244453425533225334222453332342,BACACAAABDACBBDDCCBDDACCCABDDDCDAC,ABACACAABDACBBDDCCBDADCCACBDDDCDAC,,,0,163,,,,,L_T1_GTR___standard,,,,,L_T1_GTR03_33000001,,,
234981,33,,,,,,,,,23,42,53,455353300000454322000000242352400007423500000000422000000000433000000000,,00000156,,,,,,,,16,16,0,7,7,156,,5424244453425533225334222453332342,BACACAAABDACBBDDCCBDDACCCABDDDCDAC,ABACACAABDACBBDDCCBDADCCACBDDDCDAC,,,0,156,,,,,L_T1_GTR___standard/L_T1_GTR___zabuton_,,,,,L_T1_GTR03_33000001,,,,42,53,43,422500000000424332000000545322000007353233000000453220000000453440000000,,00000171,,,,,,,,17,17,0,8,8,171,,542424445342553322533422245333234253,BACACAAABDACBBDDCCBDDACCCABDDDCDACBD,ABACACAABDACBBDDCCBDADCCACBDDDCDACBD,,,0,171,,,,,L_T1_GTR___standard,,,,,L_T1_GTR03_33000001,,,
235017,34,,,,,,,,,42,53,43,455353300000454322000000242352400007423520000000422300000000433000000000,,00000165,,,,,,,,17,17,0,9,9,165,,542424445342553322533422245333234253,BACACAAABDACBBDDCCBDDACCCABDDDCDACBD,ABACACAABDACBBDDCCBDADCCACBDDDCDACBD,,,0,165,,,,,L_T1_GTR___standard/L_T1_GTR___zabuton_,,,,,L_T1_GTR03_33000001,,,,42,53,43,422500000000424332000000545322000007353233000000453220000000453440000000,,00000171,,,,,,,,17,17,0,8,8,171,,542424445342553322533422245333234253,BACACAAABDACBBDDCCBDDACCCABDDDCDACBD,ABACACAABDACBBDDCCBDADCCACBDDDCDACBD,,,0,171,,,,,L_T1_GTR___standard,,,,,L_T1_GTR03_33000001,,,
235027,35,,,,,,,,,42,53,43,455353300000454322000000242352400007423520000000422300000000433000000000,,00000165,,,,,,,,17,17,0,9,9,165,,542424445342553322533422245333234253,BACACAAABDACBBDDCCBDDACCCABDDDCDACBD,ABACACAABDACBBDDCCBDADCCACBDDDCDACBD,,,0,165,,,,,L_T1_GTR___standard/L_T1_GTR___zabuton_,,,,,L_T1_GTR03_33000001,,,,53,43,53,422500000000424332000000545322000007353233000000453220000000453444200000,,00000179,,,,,,,,18,18,0,8,8,179,,54242444534255332253342224533323425343,BACACAAABDACBBDDCCBDDACCCABDDDCDACBDAD,ABACACAABDACBBDDCCBDADCCACBDDDCDACBDAD,,,0,179,,,,,L_T1_GTR___standard,,,,,L_T1_GTR03_33000001,,,
235073,36,,,,,,,,,42,53,43,455353300000454322000000242352400007423520000000422300000000433000000000,,00000165,,,,,,,,17,17,0,9,9,165,,542424445342553322533422245333234253,BACACAAABDACBBDDCCBDDACCCABDDDCDACBD,ABACACAABDACBBDDCCBDADCCACBDDDCDACBD,,,0,165,,,,,L_T1_GTR___standard/L_T1_GTR___zabuton_,,,,,L_T1_GTR03_33000001,,,,43,53,54,422553000000424332000000545322000007353233000000453220000000453444200000,,00000188,,,,,,,,19,19,0,9,9,188,,5424244453425533225334222453332342534353,BACACAAABDACBBDDCCBDDACCCABDDDCDACBDADBD,ABACACAABDACBBDDCCBDADCCACBDDDCDACBDADBD,,,0,188,,,,,L_T1_GTR___standard,,,,,L_T1_GTR03_33000001,,,
235083,37,,,,,,,,,53,43,53,455353300000454322000000242352400007423520000000422320000000433400000000,,00000174,,,,,,,,18,18,0,9,9,174,,54242444534255332253342224533323425343,BACACAAABDACBBDDCCBDDACCCABDDDCDACBDAD,ABACACAABDACBBDDCCBDADCCACBDDDCDACBDAD,,,0,174,,,,,L_T1_GTR___standard/L_T1_GTR___zabuton_,,,,,L_T1_GTR03_33000001/R_T1_GTR03_22110002,,,,43,53,54,422553000000424332000000545322000007353233000000453220000000453444200000,,00000188,,,,,,,,19,19,0,9,9,188,,5424244453425533225334222453332342534353,BACACAAABDACBBDDCCBDDACCCABDDDCDACBDADBD,ABACACAABDACBBDDCCBDADCCACBDDDCDACBDADBD,,,0,188,,,,,L_T1_GTR___standard,,,,,L_T1_GTR03_33000001,,,
235115,38,,,,,,,,,53,43,53,455353300000454322000000242352400007423520000000422320000000433400000000,,00000174,,,,,,,,18,18,0,9,9,174,,54242444534255332253342224533323425343,BACACAAABDACBBDDCCBDDACCCABDDDCDACBDAD,ABACACAABDACBBDDCCBDADCCACBDDDCDACBDAD,,,0,174,,,,,L_T1_GTR___standard/L_T1_GTR___zabuton_,,,,,L_T1_GTR03_33000001/R_T1_GTR03_22110002,,,,53,54,33,422553000000424332000000545322000007353233000000453223400000453444200000,,00000195,,,,,,,,20,20,0,7,7,195,,542424445342553322533422245333234253435354,BACACAAABDACBBDDCCBDDACCCABDDDCDACBDADBDBA,ABACACAABDACBBDDCCBDADCCACBDDDCDACBDADBDAB,,,0,195,,,,,L_T1_GTR___standard,,,,,L_T1_GTR03_33000001,,,
235141,39,,,,,,,,,43,53,54,455353330000454322500000242352400007423520000000422320000000433400000000,,00000180,,,,,,,,19,19,0,6,6,180,,5424244453425533225334222453332342534353,BACACAAABDACBBDDCCBDDACCCABDDDCDACBDADBD,ABACACAABDACBBDDCCBDADCCACBDDDCDACBDADBD,,,0,180,,,,,L_T1_GTR___standard/L_T1_GTR___zabuton_,,,,,L_T1_GTR03_33000001/R_T1_GTR03_22110002,,,,53,54,33,422553000000424332000000545322000007353233000000453223400000453444200000,,00000195,,,,,,,,20,20,0,7,7,195,,542424445342553322533422245333234253435354,BACACAAABDACBBDDCCBDDACCCABDDDCDACBDADBDBA,ABACACAABDACBBDDCCBDADCCACBDDDCDACBDADBDAB,,,0,195,,,,,L_T1_GTR___standard,,,,,L_T1_GTR03_33000001,,,
235157,40,,,,,,,,,43,53,54,455353330000454322500000242352400007423520000000422320000000433400000000,,00000180,,,,,,,,19,19,0,6,6,180,,5424244453425533225334222453332342534353,BACACAAABDACBBDDCCBDDACCCABDDDCDACBDADBD,ABACACAABDACBBDDCCBDADCCACBDDDCDACBDADBD,,,0,180,,,,,L_T1_GTR___standard/L_T1_GTR___zabuton_,,,,,L_T1_GTR03_33000001/R_T1_GTR03_22110002,,,,54,33,35,422553500000424332300000545322000007353233000000453223400000453444200000,,00000202,,,,,,,,21,21,0,7,7,202,,54242444534255332253342224533323425343535433,BACACAAABDACBBDDCCBDDACCCABDDDCDACBDADBDBADD,ABACACAABDACBBDDCCBDADCCACBDDDCDACBDADBDABDD,,,0,202,,,,,L_T1_GTR___standard,,,,,L_T1_GTR03_33000001,,,
235179,41,,,,,,,,,53,54,33,455353330000454322543000242352400007423520000000422320000000433400000000,,00000186,,,,,,,,20,20,0,6,6,186,,542424445342553322533422245333234253435354,BACACAAABDACBBDDCCBDDACCCABDDDCDACBDADBDBA,ABACACAABDACBBDDCCBDADCCACBDDDCDACBDADBDAB,,,0,186,,,,,L_T1_GTR___standard/L_T1_GTR___zabuton_,,,,,L_T1_GTR03_33000001/R_T1_GTR03_22110002,,,,54,33,35,422553500000424332300000545322000007353233000000453223400000453444200000,,00000202,,,,,,,,21,21,0,7,7,202,,54242444534255332253342224533323425343535433,BACACAAABDACBBDDCCBDDACCCABDDDCDACBDADBDBADD,ABACACAABDACBBDDCCBDADCCACBDDDCDACBDADBDABDD,,,0,202,,,,,L_T1_GTR___standard,,,,,L_T1_GTR03_33000001,,,
235199,42,,,,,,,,,53,54,33,455353330000454322543000242352400007423520000000422320000000433400000000,,00000186,,,,,,,,20,20,0,6,6,186,,542424445342553322533422245333234253435354,BACACAAABDACBBDDCCBDDACCCABDDDCDACBDADBDBA,ABACACAABDACBBDDCCBDADCCACBDDDCDACBDADBDAB,,,0,186,,,,,L_T1_GTR___standard/L_T1_GTR___zabuton_,,,,,L_T1_GTR03_33000001/R_T1_GTR03_22110002,,,,33,35,55,422553500000424332300000545322000007353233000000453223440000453444250000,,00000208,,,,,,,,22,22,0,6,6,208,,5424244453425533225334222453332342534353543335,BACACAAABDACBBDDCCBDDACCCABDDDCDACBDADBDBADDDB,ABACACAABDACBBDDCCBDADCCACBDDDCDACBDADBDABDDBD,,,0,208,,,,,L_T1_GTR___standard,,,,,L_T1_GTR03_33000001,,,
235213,43,,,,,,,,,54,33,35,455353330000454322543530242352400007423520000000422320000000433400000000,,00000190,,,,,,,,21,21,0,4,4,190,,54242444534255332253342224533323425343535433,BACACAAABDACBBDDCCBDDACCCABDDDCDACBDADBDBADD,ABACACAABDACBBDDCCBDADCCACBDDDCDACBDADBDABDD,,,0,190,,,,,L_T1_GTR___standard/L_T1_GTR___zabuton_,,,,,L_T1_GTR03_33000001/R_T1_GTR03_22110002,,,,33,35,55,422553500000424332300000545322000007353233000000453223440000453444250000,,00000208,,,,,,,,22,22,0,6,6,208,,5424244453425533225334222453332342534353543335,BACACAAABDACBBDDCCBDDACCCABDDDCDACBDADBDBADDDB,ABACACAABDACBBDDCCBDADCCACBDDDCDACBDADBDABDDBD,,,0,208,,,,,L_T1_GTR___standard,,,,,L_T1_GTR03_33000001,,,
235235,44,,,,,,,,,54,33,35,455353330000454322543530242352400007423520000000422320000000433400000000,,00000190,,,,,,,,21,21,0,4,4,190,,54242444534255332253342224533323425343535433,BACACAAABDACBBDDCCBDDACCCABDDDCDACBDADBDBADD,ABACACAABDACBBDDCCBDADCCACBDDDCDACBDADBDABDD,,,0,190,,,,,L_T1_GTR___standard/L_T1_GTR___zabuton_,,,,,L_T1_GTR03_33000001/R_T1_GTR03_22110002,,,,35,55,24,422553500000424332300000545322000007353233000000453223443300453444250000,,00000212,,,,,,,,23,23,0,4,4,212,,542424445342553322533422245333234253435354333555,BACACAAABDACBBDDCCBDDACCCABDDDCDACBDADBDBADDDBBB,ABACACAABDACBBDDCCBDADCCACBDDDCDACBDADBDABDDBDBB,,,0,212,,,,,L_T1_GTR___standard,,,,,L_T1_GTR03_33000001,,,
235273,46,,,,,,,,,33,35,55,455353330000454322543530242352440007423525000000422320000000433400000000,,00000196,,,,,,,,22,22,0,6,6,196,,5424244453425533225334222453332342534353543335,BACACAAABDACBBDDCCBDDACCCABDDDCDACBDADBDBADDDB,ABACACAABDACBBDDCCBDADCCACBDDDCDACBDADBDABDDBD,,,0,196,,,,,L_T1_GTR___standard/L_T1_GTR___zabuton_,,,,,L_T1_GTR03_33000001/R_T1_GTR03_22110002,,,,55,24,55,422553550000424332330000545322000007353233000000453223443300453444250000,,00000218,,,,,,,,24,24,0,6,6,218,,54242444534255332253342224533323425343535433355524,BACACAAABDACBBDDCCBDDACCCABDDDCDACBDADBDBADDDBBBCA,ABACACAABDACBBDDCCBDADCCACBDDDCDACBDADBDABDDBDBBAC,,,0,218,,,,,L_T1_GTR___standard,,,,,L_T1_GTR03_33000001,,,
235311,47,,,,,,,,,33,35,55,455353330000454322543530242352440007423525000000422320000000433400000000,,00000196,,,,,,,,22,22,0,6,6,196,,5424244453425533225334222453332342534353543335,BACACAAABDACBBDDCCBDDACCCABDDDCDACBDADBDBADDDB,ABACACAABDACBBDDCCBDADCCACBDDDCDACBDADBDABDDBD,,,0,196,,,,,L_T1_GTR___standard/L_T1_GTR___zabuton_,,,,,L_T1_GTR03_33000001/R_T1_GTR03_22110002,,,,24,55,52,422553550000424332330000545322000007353233000000453223443300453444255500,,00000222,,,,,,,,25,25,0,4,4,222,,5424244453425533225334222453332342534353543335552455,BACACAAABDACBBDDCCBDDACCCABDDDCDACBDADBDBADDDBBBCABB,ABACACAABDACBBDDCCBDADCCACBDDDCDACBDADBDABDDBDBBACBB,,,0,222,,,,,L_T1_GTR___standard,,,,,L_T1_GTR03_33000001,,,
235315,48,,,,,,,,,35,55,24,455353330000454322543530242352440007423525000000422323300000433400000000,,00000203,,,,,,,,23,23,0,7,7,203,,542424445342553322533422245333234253435354333555,BACACAAABDACBBDDCCBDDACCCABDDDCDACBDADBDBADDDBBB,ABACACAABDACBBDDCCBDADCCACBDDDCDACBDADBDABDDBDBB,,,0,203,,,,,L_T1_GTR___standard/L_T1_GTR___zabuton_,,,,,L_T1_GTR03_33000001/R_T1_GTR03_22110002,,,,24,55,52,422553550000424332330000545322000007353233000000453223443300453444255500,,00000222,,,,,,,,25,25,0,4,4,222,,5424244453425533225334222453332342534353543335552455,BACACAAABDACBBDDCCBDDACCCABDDDCDACBDADBDBADDDBBBCABB,ABACACAABDACBBDDCCBDADCCACBDDDCDACBDADBDABDDBDBBACBB,,,0,222,,,,,L_T1_GTR___standard,,,,,L_T1_GTR03_33000001,,,
235351,49,,,,,,,,,35,55,24,455353330000454322543530242352440007423525000000422323300000433400000000,,00000203,,,,,,,,23,23,0,7,7,203,,542424445342553322533422245333234253435354333555,BACACAAABDACBBDDCCBDDACCCABDDDCDACBDADBDBADDDBBB,ABACACAABDACBBDDCCBDADCCACBDDDCDACBDADBDABDDBDBB,,,0,203,,,,,L_T1_GTR___standard/L_T1_GTR___zabuton_,,,,,L_T1_GTR03_33000001/R_T1_GTR03_22110002,,,,55,52,42,422553550000424332330000545322000007353233240000453223443300453444255500,,00000229,,,,,,,,26,26,0,7,7,229,,542424445342553322533422245333234253435354333555245552,BACACAAABDACBBDDCCBDDACCCABDDDCDACBDADBDBADDDBBBCABBBC,ABACACAABDACBBDDCCBDADCCACBDDDCDACBDADBDABDDBDBBACBBBC,,,0,229,,,,,L_T1_GTR___standard,,,,,L_T1_GTR03_33000001,,,
235357,50,,,,,,,,,55,24,55,455353330000454322543530242352440007423525000000422323335000433400000000,,00000209,,,,,,,,24,24,0,6,6,209,,54242444534255332253342224533323425343535433355524,BACACAAABDACBBDDCCBDDACCCABDDDCDACBDADBDBADDDBBBCA,ABACACAABDACBBDDCCBDADCCACBDDDCDACBDADBDABDDBDBBAC,,,0,209,,,,,L_T1_GTR___standard/L_T1_GTR___zabuton_,,,,,L_T1_GTR03_33000001/R_T1_GTR03_22110002,,,,55,52,42,422553550000424332330000545322000007353233240000453223443300453444255500,,00000229,,,,,,,,26,26,0,7,7,229,,542424445342553322533422245333234253435354333555245552,BACACAAABDACBBDDCCBDDACCCABDDDCDACBDADBDBADDDBBBCABBBC,ABACACAABDACBBDDCCBDADCCACBDDDCDACBDADBDABDDBDBBACBBBC,,,0,229,,,,,L_T1_GTR___standard,,,,,L_T1_GTR03_33000001,,,
235385,51,,,,,,,,,55,24,55,455353330000454322543530242352440007423525000000422323335000433400000000,,00000209,,,,,,,,24,24,0,6,6,209,,54242444534255332253342224533323425343535433355524,BACACAAABDACBBDDCCBDDACCCABDDDCDACBDADBDBADDDBBBCA,ABACACAABDACBBDDCCBDADCCACBDDDCDACBDADBDABDDBDBBAC,,,0,209,,,,,L_T1_GTR___standard/L_T1_GTR___zabuton_,,,,,L_T1_GTR03_33000001/R_T1_GTR03_22110002,,,,52,42,25,422553550000424332330000545322000007353233245500453223443300453444255500,,00000233,,,,,,,,27,27,0,4,4,233,,54242444534255332253342224533323425343535433355524555242,BACACAAABDACBBDDCCBDDACCCABDDDCDACBDADBDBADDDBBBCABBBCAC,ABACACAABDACBBDDCCBDADCCACBDDDCDACBDADBDABDDBDBBACBBBCAC,,,0,233,,,,,L_T1_GTR___standard,,,,,L_T1_GTR03_33000001,,,
235403,52,,,,,,,,,24,55,52,455353330000454322543530242352440007423525000000422323335000433455000000,,00000217,,,,,,,,25,25,0,8,8,217,,5424244453425533225334222453332342534353543335552455,BACACAAABDACBBDDCCBDDACCCABDDDCDACBDADBDBADDDBBBCABB,ABACACAABDACBBDDCCBDADCCACBDDDCDACBDADBDABDDBDBBACBB,,,0,217,,,,,L_T1_GTR___standard/L_T1_GTR___zabuton_,,,,,L_T1_GTR03_33000001/R_T1_GTR03_22110002,,,,52,42,25,422553550000424332330000545322000007353233245500453223443300453444255500,,00000233,,,,,,,,27,27,0,4,4,233,,54242444534255332253342224533323425343535433355524555242,BACACAAABDACBBDDCCBDDACCCABDDDCDACBDADBDBADDDBBBCABBBCAC,ABACACAABDACBBDDCCBDADCCACBDDDCDACBDADBDABDDBDBBACBBBCAC,,,0,233,,,,,L_T1_GTR___standard,,,,,L_T1_GTR03_33000001,,,
235423,53,,,,,,,,,24,55,52,455353330000454322543530242352440007423525000000422323335000433455000000,,00000217,,,,,,,,25,25,0,8,8,217,,5424244453425533225334222453332342534353543335552455,BACACAAABDACBBDDCCBDDACCCABDDDCDACBDADBDBADDDBBBCABB,ABACACAABDACBBDDCCBDADCCACBDDDCDACBDADBDABDDBDBBACBB,,,0,217,,,,,L_T1_GTR___standard/L_T1_GTR___zabuton_,,,,,L_T1_GTR03_33000001/R_T1_GTR03_22110002,,,,,42,25,422553550000424332330000545322000007353233245500453223443320453444255550,,bb40abb1,,,,,,,,28,0,1,bb40abb1,40,273,,54242444534255332253342224533323425343535433355524555242,BACACAAABDACBBDDCCBDDACCCABDDDCDACBDADBDBADDDBBBCABBBCAC,ABACACAABDACBBDDCCBDADCCACBDDDCDACBDADBDABDDBDBBACBBBCAC,,,1,273,,,,,L_T1_GTR___standard,,,,,L_T1_GTR03_33000001,,,
235487,54,,,,,,,,,24,55,52,455353330000454322543530242352440007423525000000422323335000433455000000,,00000217,,,,,,,,25,25,0,8,8,217,,5424244453425533225334222453332342534353543335552455,BACACAAABDACBBDDCCBDDACCCABDDDCDACBDADBDBADDDBBBCABB,ABACACAABDACBBDDCCBDADCCACBDDDCDACBDADBDABDDBDBBACBB,,,0,217,,,,,L_T1_GTR___standard/L_T1_GTR___zabuton_,,,,,L_T1_GTR03_33000001/R_T1_GTR03_22110002,,,,42,25,25,422553550000424332330000545322000007353233245500453223443320453444200000,,00000276,,,,,,,,29,1,0,3,3,276,,5424244453425533225334222453332342534353543335552455524225,BACACAAABDACBBDDCCBDDACCCABDDDCDACBDADBDBADDDBBBCABBBCACCB,ABACACAABDACBBDDCCBDADCCACBDDDCDACBDADBDABDDBDBBACBBBCACBC,,,1,276,,,,,L_T1_GTR___standard,,,,,L_T1_GTR03_33000001,,,
235577,55,,,,,,,,,24,55,52,455353330000454322543530242352440007423525000000422323335000433455000000,,00000217,,,,,,,,25,25,0,8,8,217,,5424244453425533225334222453332342534353543335552455,BACACAAABDACBBDDCCBDDACCCABDDDCDACBDADBDBADDDBBBCABB,ABACACAABDACBBDDCCBDADCCACBDDDCDACBDADBDABDDBDBBACBB,,,0,217,,,,,L_T1_GTR___standard/L_T1_GTR___zabuton_,,,,,L_T1_GTR03_33000001/R_T1_GTR03_22110002,,,,25,25,35,422553550000424332330000545322420007353233245500453223443320453444200000,,00000277,,,,,,,,30,2,0,1,1,277,,542424445342553322533422245333234253435354333555245552422525,BACACAAABDACBBDDCCBDDACCCABDDDCDACBDADBDBADDDBBBCABBBCACCBCB,ABACACAABDACBBDDCCBDADCCACBDDDCDACBDADBDABDDBDBBACBBBCACBCBC,,,1,277,,,,,L_T1_GTR___standard,,,,,L_T1_GTR03_33000001,,,
235595,56,,,,,,,,,55,52,42,455353330000454322543530242352446007423525600000422323335600433455240000,,00000218,,,,,,,,26,26,0,1,1,218,,542424445342553322533422245333234253435354333555245552,BACACAAABDACBBDDCCBDDACCCABDDDCDACBDADBDBADDDBBBCABBBC,ABACACAABDACBBDDCCBDADCCACBDDDCDACBDADBDABDDBDBBACBBBC,,,0,218,,,,,L_T1_GTR___standard/L_T1_GTR___zabuton_,,,,,L_T1_GTR03_33000001/R_T1_GTR03_22110002,,,,25,25,35,422553550000424332330000545322420007353233245500453223443320453444200000,,00000277,,,,,,,,30,2,0,1,1,277,,542424445342553322533422245333234253435354333555245552422525,BACACAAABDACBBDDCCBDDACCCABDDDCDACBDADBDBADDDBBBCABBBCACCBCB,ABACACAABDACBBDDCCBDADCCACBDDDCDACBDADBDABDDBDBBACBBBCACBCBC,,,1,277,,,,,L_T1_GTR___standard,,,,,L_T1_GTR03_33000001,,,
235621,57,,,,,,,,,55,52,42,455353330000454322543530242352446007423525600000422323335600433455240000,,00000218,,,,,,,,26,26,0,1,1,218,,542424445342553322533422245333234253435354333555245552,BACACAAABDACBBDDCCBDDACCCABDDDCDACBDADBDBADDDBBBCABBBC,ABACACAABDACBBDDCCBDADCCACBDDDCDACBDADBDABDDBDBBACBBBC,,,0,218,,,,,L_T1_GTR___standard/L_T1_GTR___zabuton_,,,,,L_T1_GTR03_33000001/R_T1_GTR03_22110002,,,,25,35,25,422553550000424332330000545322425207353233245500453223443320453444200000,,00000281,,,,,,,,31,3,0,4,4,281,,54242444534255332253342224533323425343535433355524555242252535,BACACAAABDACBBDDCCBDDACCCABDDDCDACBDADBDBADDDBBBCABBBCACCBCBDB,ABACACAABDACBBDDCCBDADCCACBDDDCDACBDADBDABDDBDBBACBBBCACBCBCBD,,,1,281,,,,,L_T1_GTR___standard,,,,,L_T1_GTR03_33000001,,,
235633,58,,,,,,,,,52,42,25,455353330000454322543530242352446007423525655000422323335600433455240000,,00000224,,,,,,,,27,27,0,6,6,224,,54242444534255332253342224533323425343535433355524555242,BACACAAABDACBBDDCCBDDACCCABDDDCDACBDADBDBADDDBBBCABBBCAC,ABACACAABDACBBDDCCBDADCCACBDDDCDACBDADBDABDDBDBBACBBBCAC,,,0,224,,,,,L_T1_GTR___standard/L_T1_GTR___zabuton_,,,,,L_T1_GTR03_33000001/R_T1_GTR03_22110002,,,,25,35,25,422553550000424332330000545322425207353233245500453223443320453444200000,,00000281,,,,,,,,31,3,0,4,4,281,,54242444534255332253342224533323425343535433355524555242252535,BACACAAABDACBBDDCCBDDACCCABDDDCDACBDADBDBADDDBBBCABBBCACCBCBDB,ABACACAABDACBBDDCCBDADCCACBDDDCDACBDADBDABDDBDBBACBBBCACBCBCBD,,,1,281,,,,,L_T1_GTR___standard,,,,,L_T1_GTR03_33000001,,,
235653,59,,,,,,,,,52,42,25,455353330000454322543530242352446007423525655000422323335600433455240000,,00000224,,,,,,,,27,27,0,6,6,224,,54242444534255332253342224533323425343535433355524555242,BACACAAABDACBBDDCCBDDACCCABDDDCDACBDADBDBADDDBBBCABBBCAC,ABACACAABDACBBDDCCBDADCCACBDDDCDACBDADBDABDDBDBBACBBBCAC,,,0,224,,,,,L_T1_GTR___standard/L_T1_GTR___zabuton_,,,,,L_T1_GTR03_33000001/R_T1_GTR03_22110002,,,,35,25,43,422553550000424332330000545322425207353233245525453223443320453444200000,,00000284,,,,,,,,32,4,0,3,3,284,,5424244453425533225334222453332342534353543335552455524225253525,BACACAAABDACBBDDCCBDDACCCABDDDCDACBDADBDBADDDBBBCABBBCACCBCBDBCB,ABACACAABDACBBDDCCBDADCCACBDDDCDACBDADBDABDDBDBBACBBBCACBCBCBDBC,,,1,284,,,,,L_T1_GTR___standard,,,,,L_T1_GTR03_33000001,,,
235664,60,,,,,,,,,,42,25,455353330000454322543530242352446007423525635520422323335600433455240000,,bb40abb1,,,,,,,,28,0,1,bb40abb1,40,264,,54242444534255332253342224533323425343535433355524555242,BACACAAABDACBBDDCCBDDACCCABDDDCDACBDADBDBADDDBBBCABBBCAC,ABACACAABDACBBDDCCBDADCCACBDDDCDACBDADBDABDDBDBBACBBBCAC,,,1,264,,,,,L_T1_GTR___standard/L_T1_GTR___zabuton_,,,,,L_T1_GTR03_33000001/R_T1_GTR03_22110002,,,,35,25,43,422553550000424332330000545322425207353233245525453223443320453444200000,,00000284,,,,,,,,32,4,0,3,3,284,,5424244453425533225334222453332342534353543335552455524225253525,BACACAAABDACBBDDCCBDDACCCABDDDCDACBDADBDBADDDBBBCABBBCACCBCBDBCB,ABACACAABDACBBDDCCBDADCCACBDDDCDACBDADBDABDDBDBBACBBBCACBCBCBDBC,,,1,284,,,,,L_T1_GTR___standard,,,,,L_T1_GTR03_33000001,,,
235682,61,,,,,,,,,,42,25,455353330000454322543530242352446007423525635520422323335600433455240000,,bb40abb1,,,,,,,,28,0,1,bb40abb1,40,264,,54242444534255332253342224533323425343535433355524555242,BACACAAABDACBBDDCCBDDACCCABDDDCDACBDADBDBADDDBBBCABBBCAC,ABACACAABDACBBDDCCBDADCCACBDDDCDACBDADBDABDDBDBBACBBBCAC,,,1,264,,,,,L_T1_GTR___standard/L_T1_GTR___zabuton_,,,,,L_T1_GTR03_33000001/R_T1_GTR03_22110002,,,,25,25,43,422553555000424332333000545322425207353233245525453223443320453444200000,,00000289,,,,,,,,33,5,0,5,5,289,,542424445342553322533422245333234253435354333555245552422525352525,BACACAAABDACBBDDCCBDDACCCABDDDCDACBDADBDBADDDBBBCABBBCACCBCBDBCBCB,ABACACAABDACBBDDCCBDADCCACBDDDCDACBDADBDABDDBDBBACBBBCACBCBCBDBCBC,,,1,289,,,,,L_T1_GTR___standard,,,,,L_T1_GTR03_33000001,,,
235695,62,,,,,,,,,,42,25,455353330000454322543530242352446007423525635520422323335600433455240000,,bb40abb1,,,,,,,,28,0,1,bb40abb1,40,264,,54242444534255332253342224533323425343535433355524555242,BACACAAABDACBBDDCCBDDACCCABDDDCDACBDADBDBADDDBBBCABBBCAC,ABACACAABDACBBDDCCBDADCCACBDDDCDACBDADBDABDDBDBBACBBBCAC,,,1,264,,,,,L_T1_GTR___standard/L_T1_GTR___zabuton_,,,,,L_T1_GTR03_33000001/R_T1_GTR03_22110002,,,,25,43,32,422553555000424332333000545322425207353233245525453223443320453444200000,,00000289,,,,,,,,34,6,0,0,0,289,,54242444534255332253342224533323425343535433355524555242252535252543,BACACAAABDACBBDDCCBDDACCCABDDDCDACBDADBDBADDDBBBCABBBCACCBCBDBCBCBAD,ABACACAABDACBBDDCCBDADCCACBDDDCDACBDADBDABDDBDBBACBBBCACBCBCBDBCBCAD,,,1,289,,,,,L_T1_GTR___standard,,,,,L_T1_GTR03_33000001,,,
235716,63,,,,,,,,,,42,25,455353330000454322543530242352446007423525635520422323335600433455240000,,bb40abb1,,,,,,,,28,0,1,bb40abb1,40,264,,54242444534255332253342224533323425343535433355524555242,BACACAAABDACBBDDCCBDDACCCABDDDCDACBDADBDBADDDBBBCABBBCAC,ABACACAABDACBBDDCCBDADCCACBDDDCDACBDADBDABDDBDBBACBBBCAC,,,1,264,,,,,L_T1_GTR___standard/L_T1_GTR___zabuton_,,,,,L_T1_GTR03_33000001/R_T1_GTR03_22110002,,,,,43,32,422553555000424332333000545322425225353233245525453223443320453444200000,,bb40abb1,,,,,,,,35,0,1,bb40abb1,40,329,,54242444534255332253342224533323425343535433355524555242252535252543,BACACAAABDACBBDDCCBDDACCCABDDDCDACBDADBDBADDDBBBCABBBCACCBCBDBCBCBAD,ABACACAABDACBBDDCCBDADCCACBDDDCDACBDADBDABDDBDBBACBBBCACBCBCBDBCBCAD,,,1,329,,,,,L_T1_GTR___standard,,,,,L_T1_GTR03_33000001,,,
235761,64,,,,,,,,,42,25,25,455353330000454322543530242352440007423525200000422323330000433455240000,,00000268,,,,,,,,29,1,0,4,4,268,,5424244453425533225334222453332342534353543335552455524225,BACACAAABDACBBDDCCBDDACCCABDDDCDACBDADBDBADDDBBBCABBBCACCB,ABACACAABDACBBDDCCBDADCCACBDDDCDACBDADBDABDDBDBBACBBBCACBC,,,1,268,,,,,L_T1_GTR___standard/L_T1_GTR___zabuton_,,,,,L_T1_GTR03_33000001/R_T1_GTR03_22110002,,,,,43,32,422553555000424332333000545322425225353233245525453223443320453444200000,,bb40abb1,,,,,,,,35,0,1,bb40abb1,40,329,,54242444534255332253342224533323425343535433355524555242252535252543,BACACAAABDACBBDDCCBDDACCCABDDDCDACBDADBDBADDDBBBCABBBCACCBCBDBCBCBAD,ABACACAABDACBBDDCCBDADCCACBDDDCDACBDADBDABDDBDBBACBBBCACBCBCBDBCBCAD,,,1,329,,,,,L_T1_GTR___standard,,,,,L_T1_GTR03_33000001,,,
235785,65,,,,,,,,,,25,25,455353330000454322543530242352444207423525200000422323330000433455240000,,bb40abb1,,,,,,,,30,0,1,bb40abb1,40,308,,5424244453425533225334222453332342534353543335552455524225,BACACAAABDACBBDDCCBDDACCCABDDDCDACBDADBDBADDDBBBCABBBCACCB,ABACACAABDACBBDDCCBDADCCACBDDDCDACBDADBDABDDBDBBACBBBCACBC,,,1,308,,,,,L_T1_GTR___standard/L_T1_GTR___zabuton_,,,,,L_T1_GTR03_33000001/R_T1_GTR03_22110002,,,,,43,32,422553555000424332333000545322425225353233245525453223443320453444200000,,bb40abb1,,,,,,,,35,0,1,bb40abb1,40,329,,54242444534255332253342224533323425343535433355524555242252535252543,BACACAAABDACBBDDCCBDDACCCABDDDCDACBDADBDBADDDBBBCABBBCACCBCBDBCBCBAD,ABACACAABDACBBDDCCBDADCCACBDDDCDACBDADBDABDDBDBBACBBBCACBCBCBDBCBCAD,,,1,329,,,,,L_T1_GTR___standard,,,,,L_T1_GTR03_33000001,,,
235798,66,,,,,,,,,,25,25,455353330000454322543530242352444207423525200000422323330000433455240000,,bb40abb1,,,,,,,,30,0,1,bb40abb1,40,308,,5424244453425533225334222453332342534353543335552455524225,BACACAAABDACBBDDCCBDDACCCABDDDCDACBDADBDBADDDBBBCABBBCACCB,ABACACAABDACBBDDCCBDADCCACBDDDCDACBDADBDABDDBDBBACBBBCACBC,,,1,308,,,,,L_T1_GTR___standard/L_T1_GTR___zabuton_,,,,,L_T1_GTR03_33000001/R_T1_GTR03_22110002,,,,,43,32,422553555000424332333000545322425507353233245550453223443300453444200000,,bb50ab10,,,,,,,,36,0,2,bb50ab10,500,829,,54242444534255332253342224533323425343535433355524555242252535252543,BACACAAABDACBBDDCCBDDACCCABDDDCDACBDADBDBADDDBBBCABBBCACCBCBDBCBCBAD,ABACACAABDACBBDDCCBDADCCACBDDDCDACBDADBDABDDBDBBACBBBCACBCBCBDBCBCAD,,,2,829,,,,,L_T1_GTR___standard,,,,,L_T1_GTR03_33000001,,,
235861,67,,,,,,,,,,25,25,455353330000454322543530242352444207423525200000422323330000433455240000,,bb40abb1,,,,,,,,30,0,1,bb40abb1,40,308,,5424244453425533225334222453332342534353543335552455524225,BACACAAABDACBBDDCCBDDACCCABDDDCDACBDADBDBADDDBBBCABBBCACCB,ABACACAABDACBBDDCCBDADCCACBDDDCDACBDADBDABDDBDBBACBBBCACBC,,,1,308,,,,,L_T1_GTR___standard/L_T1_GTR___zabuton_,,,,,L_T1_GTR03_33000001/R_T1_GTR03_22110002,,,,43,32,34,422553555000424332333000545322420007353233240000453223443000453444200000,,00000832,,,,,,,,37,1,0,3,3,832,,5424244453425533225334222453332342534353543335552455524225253525254332,BACACAAABDACBBDDCCBDDACCCABDDDCDACBDADBDBADDDBBBCABBBCACCBCBDBCBCBADDC,ABACACAABDACBBDDCCBDADCCACBDDDCDACBDADBDABDDBDBBACBBBCACBCBCBDBCBCADCD,,,2,832,,,,,L_T1_GTR___standard,,,,,L_T1_GTR03_33000001,,,
235877,68,,,,,,,,,,25,25,455353330000454322535300242352200007423523200000422323330000433455240000,,bb90ab13,,,,,,,,31,0,2,bb90ab13,1170,1478,,5424244453425533225334222453332342534353543335552455524225,BACACAAABDACBBDDCCBDDACCCABDDDCDACBDADBDBADDDBBBCABBBCACCB,ABACACAABDACBBDDCCBDADCCACBDDDCDACBDADBDABDDBDBBACBBBCACBC,,,2,1478,,,,,L_T1_GTR___standard/L_T1_GTR___zabuton_,,,,,L_T1_GTR03_33000001/R_T1_GTR03_22110002,,,,43,32,34,422553555000424332333000545322420007353233240000453223443000453444200000,,00000832,,,,,,,,37,1,0,3,3,832,,5424244453425533225334222453332342534353543335552455524225253525254332,BACACAAABDACBBDDCCBDDACCCABDDDCDACBDADBDBADDDBBBCABBBCACCBCBDBCBCBADDC,ABACACAABDACBBDDCCBDADCCACBDDDCDACBDADBDABDDBDBBACBBBCACBCBCBDBCBCADCD,,,2,832,,,,,L_T1_GTR___standard,,,,,L_T1_GTR03_33000001,,,
235896,69,,,,,,,,,,25,25,455353330000454322535300242352200007423523200000422323330000433455240000,,bb90ab13,,,,,,,,31,0,2,bb90ab13,1170,1478,,5424244453425533225334222453332342534353543335552455524225,BACACAAABDACBBDDCCBDDACCCABDDDCDACBDADBDBADDDBBBCABBBCACCB,ABACACAABDACBBDDCCBDADCCACBDDDCDACBDADBDABDDBDBBACBBBCACBC,,,2,1478,,,,,L_T1_GTR___standard/L_T1_GTR___zabuton_,,,,,L_T1_GTR03_33000001/R_T1_GTR03_22110002,,,,,32,34,422553500000424332333000545322420007353233244300453223443300453444200000,,bb40abb1,,,,,,,,38,0,1,bb40abb1,40,872,,5424244453425533225334222453332342534353543335552455524225253525254332,BACACAAABDACBBDDCCBDDACCCABDDDCDACBDADBDBADDDBBBCABBBCACCBCBDBCBCBADDC,ABACACAABDACBBDDCCBDADCCACBDDDCDACBDADBDABDDBDBBACBBBCACBCBCBDBCBCADCD,,,2,872,,,,,L_T1_GTR___standard,,,,,L_T1_GTR03_33000001,,,
235960,70,,,,,,,,,,25,25,455350000000454355300000242350000007423525000000422323330000433455240000,,bb40ab16,,,,,,,,32,0,3,bb40ab16,640,2118,,5424244453425533225334222453332342534353543335552455524225,BACACAAABDACBBDDCCBDDACCCABDDDCDACBDADBDBADDDBBBCABBBCACCB,ABACACAABDACBBDDCCBDADCCACBDDDCDACBDADBDABDDBDBBACBBBCACBC,,,3,2118,,,,,L_T1_GTR___standard/L_T1_GTR___zabuton_,,,,,L_T1_GTR03_33000001/R_T1_GTR03_22110002,,,,,32,34,422553500000424332333000545322420007353233244300453223443300453444200000,,bb40abb1,,,,,,,,38,0,1,bb40abb1,40,872,,5424244453425533225334222453332342534353543335552455524225253525254332,BACACAAABDACBBDDCCBDDACCCABDDDCDACBDADBDBADDDBBBCABBBCACCBCBDBCBCBADDC,ABACACAABDACBBDDCCBDADCCACBDDDCDACBDADBDABDDBDBBACBBBCACBCBCBDBCBCADCD,,,2,872,,,,,L_T1_GTR___standard,,,,,L_T1_GTR03_33000001,,,
235978,71,,,,,,,,,,25,25,455350000000454355300000242350000007423525000000422323330000433455240000,,bb40ab16,,,,,,,,32,0,3,bb40ab16,640,2118,,5424244453425533225334222453332342534353543335552455524225,BACACAAABDACBBDDCCBDDACCCABDDDCDACBDADBDBADDDBBBCABBBCACCB,ABACACAABDACBBDDCCBDADCCACBDDDCDACBDADBDABDDBDBBACBBBCACBC,,,3,2118,,,,,L_T1_GTR___standard/L_T1_GTR___zabuton_,,,,,L_T1_GTR03_33000001/R_T1_GTR03_22110002,,,,,32,34,422553555000424332333000545322420007353233230000453223330000453444200000,,bb60ab11,,,,,,,,39,0,2,bb60ab11,660,1532,,5424244453425533225334222453332342534353543335552455524225253525254332,BACACAAABDACBBDDCCBDDACCCABDDDCDACBDADBDBADDDBBBCABBBCACCBCBDBCBCBADDC,ABACACAABDACBBDDCCBDADCCACBDDDCDACBDADBDABDDBDBBACBBBCACBCBCBDBCBCADCD,,,2,1532,,,,,L_T1_GTR___standard,,,,,L_T1_GTR03_33000001,,,
236043,72,,,,,,,,,,25,25,455300000000454330000000242300000007423525000000422323330000433455240000,,bb40ab32,,,,,,,,33,0,4,bb40ab32,1280,3398,,5424244453425533225334222453332342534353543335552455524225,BACACAAABDACBBDDCCBDDACCCABDDDCDACBDADBDBADDDBBBCABBBCACCB,ABACACAABDACBBDDCCBDADCCACBDDDCDACBDADBDABDDBDBBACBBBCACBC,,,4,3398,,,,,L_T1_GTR___standard,,,,,L_T1_GTR03_33000001/R_T1_GTR03_22110002,,,,,32,34,422553555000424332333000545322420007353233230000453223330000453444200000,,bb60ab11,,,,,,,,39,0,2,bb60ab11,660,1532,,5424244453425533225334222453332342534353543335552455524225253525254332,BACACAAABDACBBDDCCBDDACCCABDDDCDACBDADBDBADDDBBBCABBBCACCBCBDBCBCBADDC,ABACACAABDACBBDDCCBDADCCACBDDDCDACBDADBDABDDBDBBACBBBCACBCBCBDBCBCADCD,,,2,1532,,,,,L_T1_GTR___standard,,,,,L_T1_GTR03_33000001,,,
236060,73,,,,,,,,,,25,25,455300000000454330000000242300000007423525000000422323330000433455240000,,bb40ab32,,,,,,,,33,0,4,bb40ab32,1280,3398,,5424244453425533225334222453332342534353543335552455524225,BACACAAABDACBBDDCCBDDACCCABDDDCDACBDADBDBADDDBBBCABBBCACCB,ABACACAABDACBBDDCCBDADCCACBDDDCDACBDADBDABDDBDBBACBBBCACBC,,,4,3398,,,,,L_T1_GTR___standard,,,,,L_T1_GTR03_33000001/R_T1_GTR03_22110002,,,,,32,34,422553555000424332333000545322420007353220000000453220000000453444200000,,bb70ab20,,,,,,,,40,0,3,bb70ab20,1400,2932,,5424244453425533225334222453332342534353543335552455524225253525254332,BACACAAABDACBBDDCCBDDACCCABDDDCDACBDADBDBADDDBBBCABBBCACCBCBDBCBCBADDC,ABACACAABDACBBDDCCBDADCCACBDDDCDACBDADBDABDDBDBBACBBBCACBCBCBDBCBCADCD,,,3,2932,,,,,L_T1_GTR___standard,,,,,L_T1_GTR03_33000001,,,
236107,74,,,,,,,,,25,25,35,455000000000454000000000242000000007423525000000422323330000433455240000,,00003403,,,,,,,,34,1,0,5,5,3403,,542424445342553322533422245333234253435354333555245552422525,BACACAAABDACBBDDCCBDDACCCABDDDCDACBDADBDBADDDBBBCABBBCACCBCB,ABACACAABDACBBDDCCBDADCCACBDDDCDACBDADBDABDDBDBBACBBBCACBCBC,,,4,3403,,,,,L_T1_GTR___standard,,,,,L_T1_GTR03_33000001/R_T1_GTR03_22110002,,,,,32,34,422553555000424332333000545322420007353220000000453220000000453444200000,,bb70ab20,,,,,,,,40,0,3,bb70ab20,1400,2932,,5424244453425533225334222453332342534353543335552455524225253525254332,BACACAAABDACBBDDCCBDDACCCABDDDCDACBDADBDBADDDBBBCABBBCACCBCBDBCBCBADDC,ABACACAABDACBBDDCCBDADCCACBDDDCDACBDADBDABDDBDBBACBBBCACBCBCBDBCBCADCD,,,3,2932,,,,,L_T1_GTR___standard,,,,,L_T1_GTR03_33000001,,,
236142,75,,,,,,,,,25,25,35,455000000000454000000000242000000007423525000000422323330000433455240000,,00003403,,,,,,,,34,1,0,5,5,3403,,542424445342553322533422245333234253435354333555245552422525,BACACAAABDACBBDDCCBDDACCCABDDDCDACBDADBDBADDDBBBCABBBCACCBCB,ABACACAABDACBBDDCCBDADCCACBDDDCDACBDADBDABDDBDBBACBBBCACBCBC,,,4,3403,,,,,L_T1_GTR___standard,,,,,L_T1_GTR03_33000001/R_T1_GTR03_22110002,,,,,32,34,422553555000424333330000545342000007353000000000453000000000453444200000,,bb70ab36,,,,,,,,41,0,4,bb70ab36,2520,5452,,5424244453425533225334222453332342534353543335552455524225253525254332,BACACAAABDACBBDDCCBDDACCCABDDDCDACBDADBDBADDDBBBCABBBCACCBCBDBCBCBADDC,ABACACAABDACBBDDCCBDADCCACBDDDCDACBDADBDABDDBDBBACBBBCACBCBCBDBCBCADCD,,,4,5452,,,,,L_T1_GTR___standard,,,,,L_T1_GTR03_33000001,,,
236160,76,,,,,,,,,25,35,25,455000000000454000000000242000000007423525000000422323335200433455240000,,00003406,,,,,,,,35,2,0,3,3,3406,,54242444534255332253342224533323425343535433355524555242252535,BACACAAABDACBBDDCCBDDACCCABDDDCDACBDADBDBADDDBBBCABBBCACCBCBDB,ABACACAABDACBBDDCCBDADCCACBDDDCDACBDADBDABDDBDBBACBBBCACBCBCBD,,,4,3406,,,,,L_T1_GTR___standard,,,,,L_T1_GTR03_33000001/R_T1_GTR03_22110002,,,,,32,34,422553555000424333330000545342000007353000000000453000000000453444200000,,bb70ab36,,,,,,,,41,0,4,bb70ab36,2520,5452,,5424244453425533225334222453332342534353543335552455524225253525254332,BACACAAABDACBBDDCCBDDACCCABDDDCDACBDADBDBADDDBBBCABBBCACCBCBDBCBCBADDC,ABACACAABDACBBDDCCBDADCCACBDDDCDACBDADBDABDDBDBBACBBBCACBCBCBDBCBCADCD,,,4,5452,,,,,L_T1_GTR___standard,,,,,L_T1_GTR03_33000001,,,
236197,77,,,,,,,,,35,25,43,455000000000454000000000242000000007423525520000422323335200433455240000,,00003412,,,,,,,,36,3,0,6,6,3412,,5424244453425533225334222453332342534353543335552455524225253525,BACACAAABDACBBDDCCBDDACCCABDDDCDACBDADBDBADDDBBBCABBBCACCBCBDBCB,ABACACAABDACBBDDCCBDADCCACBDDDCDACBDADBDABDDBDBBACBBBCACBCBCBDBC,,,4,3412,,,,,L_T1_GTR___standard,,,,,L_T1_GTR03_33000001/R_T1_GTR03_22110002,,,,,32,34,422553555000424333330000545342000007353000000000453000000000453444200000,,bb70ab36,,,,,,,,41,0,4,bb70ab36,2520,5452,,5424244453425533225334222453332342534353543335552455524225253525254332,BACACAAABDACBBDDCCBDDACCCABDDDCDACBDADBDBADDDBBBCABBBCACCBCBDBCBCBADDC,ABACACAABDACBBDDCCBDADCCACBDDDCDACBDADBDABDDBDBBACBBBCACBCBCBDBCBCADCD,,,4,5452,,,,,L_T1_GTR___standard,,,,,L_T1_GTR03_33000001,,,
236222,78,,,,,,,,,35,25,43,455000000000454000000000242000000007423525520000422323335200433455240000,,00003412,,,,,,,,36,3,0,6,6,3412,,5424244453425533225334222453332342534353543335552455524225253525,BACACAAABDACBBDDCCBDDACCCABDDDCDACBDADBDBADDDBBBCABBBCACCBCBDBCB,ABACACAABDACBBDDCCBDADCCACBDDDCDACBDADBDABDDBDBBACBBBCACBCBCBDBC,,,4,3412,,,,,L_T1_GTR___standard,,,,,L_T1_GTR03_33000001/R_T1_GTR03_22110002,,,,,32,34,422555550000424000000000545420000007353000000000453000000000453444200000,,bb50ab66,,,,,,,,42,0,5,bb50ab66,3300,8752,,5424244453425533225334222453332342534353543335552455524225253525254332,BACACAAABDACBBDDCCBDDACCCABDDDCDACBDADBDBADDDBBBCABBBCACCBCBDBCBCBADDC,ABACACAABDACBBDDCCBDADCCACBDDDCDACBDADBDABDDBDBBACBBBCACBCBCBDBCBCADCD,,,5,8752,,,,,L_T1_GTR___standard,,,,,L_T1_GTR03_33000001,,,
236233,79,,,,,,,,,25,43,32,455000000000454000000000242000000007423525523500422323335200433455240000,,00003417,,,,,,,,37,4,0,5,5,3417,,542424445342553322533422245333234253435354333555245552422525352543,BACACAAABDACBBDDCCBDDACCCABDDDCDACBDADBDBADDDBBBCABBBCACCBCBDBCBAD,ABACACAABDACBBDDCCBDADCCACBDDDCDACBDADBDABDDBDBBACBBBCACBCBCBDBCAD,,,4,3417,,,,,L_T1_GTR___standard,,,,,L_T1_GTR03_33000001/R_T1_GTR03_22110002,,,,,32,34,422555550000424000000000545420000007353000000000453000000000453444200000,,bb50ab66,,,,,,,,42,0,5,bb50ab66,3300,8752,,5424244453425533225334222453332342534353543335552455524225253525254332,BACACAAABDACBBDDCCBDDACCCABDDDCDACBDADBDBADDDBBBCABBBCACCBCBDBCBCBADDC,ABACACAABDACBBDDCCBDADCCACBDDDCDACBDADBDABDDBDBBACBBBCACBCBCBDBCBCADCD,,,5,8752,,,,,L_T1_GTR___standard,,,,,L_T1_GTR03_33000001,,,
236272,80,,,,,,,,,,43,32,455500000000454200000000242000000007423525523500422323335200433455240000,,bb40abb1,,,,,,,,38,0,1,bb40abb1,40,3457,,542424445342553322533422245333234253435354333555245552422525352543,BACACAAABDACBBDDCCBDDACCCABDDDCDACBDADBDBADDDBBBCABBBCACCBCBDBCBAD,ABACACAABDACBBDDCCBDADCCACBDDDCDACBDADBDABDDBDBBACBBBCACBCBCBDBCAD,,,4,3457,,,,,,,,,,R_T1_GTR03_22110002,,,,,32,34,422555550000424000000000545420000007353000000000453000000000453444200000,,bb50ab66,,,,,,,,42,0,5,bb50ab66,3300,8752,,5424244453425533225334222453332342534353543335552455524225253525254332,BACACAAABDACBBDDCCBDDACCCABDDDCDACBDADBDBADDDBBBCABBBCACCBCBDBCBCBADDC,ABACACAABDACBBDDCCBDADCCACBDDDCDACBDADBDABDDBDBBACBBBCACBCBCBDBCBCADCD,,,5,8752,,,,,L_T1_GTR___standard,,,,,L_T1_GTR03_33000001,,,
236288,81,,,,,,,,,,43,32,455500000000454200000000242000000007423525523500422323335200433455240000,,bb40abb1,,,,,,,,38,0,1,bb40abb1,40,3457,,542424445342553322533422245333234253435354333555245552422525352543,BACACAAABDACBBDDCCBDDACCCABDDDCDACBDADBDBADDDBBBCABBBCACCBCBDBCBAD,ABACACAABDACBBDDCCBDADCCACBDDDCDACBDADBDABDDBDBBACBBBCACBCBCBDBCAD,,,4,3457,,,,,,,,,,R_T1_GTR03_22110002,,,,32,34,34,422000000000424000000000545420000007353000000000453000000000453444200000,,00008757,,,,,,,,43,1,0,5,5,8757,,542424445342553322533422245333234253435354333555245552422525352525433234,BACACAAABDACBBDDCCBDDACCCABDDDCDACBDADBDBADDDBBBCABBBCACCBCBDBCBCBADDCDA,ABACACAABDACBBDDCCBDADCCACBDDDCDACBDADBDABDDBDBBACBBBCACBCBCBDBCBCADCDAD,,,5,8757,,,,,L_T1_GTR___standard,,,,,L_T1_GTR03_33000001,,,
236343,82,,,,,,,,,,43,32,455500000000454200000000242000000007423525523500422323335200433455240000,,bb40abb1,,,,,,,,38,0,1,bb40abb1,40,3457,,542424445342553322533422245333234253435354333555245552422525352543,BACACAAABDACBBDDCCBDDACCCABDDDCDACBDADBDBADDDBBBCABBBCACCBCBDBCBAD,ABACACAABDACBBDDCCBDADCCACBDDDCDACBDADBDABDDBDBBACBBBCACBCBCBDBCAD,,,4,3457,,,,,,,,,,R_T1_GTR03_22110002,,,,34,34,24,422320000000424000000000545420000007353000000000453000000000453444200000,,00008767,,,,,,,,44,2,0,10,10,8767,,54242444534255332253342224533323425343535433355524555242252535252543323434,BACACAAABDACBBDDCCBDDACCCABDDDCDACBDADBDBADDDBBBCABBBCACCBCBDBCBCBADDCDADA,ABACACAABDACBBDDCCBDADCCACBDDDCDACBDADBDABDDBDBBACBBBCACBCBCBDBCBCADCDADAD,,,5,8767,,,,,L_T1_GTR___standard,,,,,L_T1_GTR03_33000001,,,
236360,83,,,,,,,,,,43,32,400000000000442000000000242000000007423525523500422323335200433455240000,,bb40abb8,,,,,,,,39,0,2,bb40abb8,320,3777,,542424445342553322533422245333234253435354333555245552422525352543,BACACAAABDACBBDDCCBDDACCCABDDDCDACBDADBDBADDDBBBCABBBCACCBCBDBCBAD,ABACACAABDACBBDDCCBDADCCACBDDDCDACBDADBDABDDBDBBACBBBCACBCBCBDBCAD,,,4,3777,,,,,,,,,,R_T1_GTR03_22110002,,,,34,34,24,422320000000424000000000545420000007353000000000453000000000453444200000,,00008767,,,,,,,,44,2,0,10,10,8767,,54242444534255332253342224533323425343535433355524555242252535252543323434,BACACAAABDACBBDDCCBDDACCCABDDDCDACBDADBDBADDDBBBCABBBCACCBCBDBCBCBADDCDADA,ABACACAABDACBBDDCCBDADCCACBDDDCDACBDADBDABDDBDBBACBBBCACBCBCBDBCBCADCDADAD,,,5,8767,,,,,L_T1_GTR___standard,,,,,L_T1_GTR03_33000001,,,
236411,84,,,,,,,,,,43,32,400000000000442000000000242000000007423525523500422323335200433455240000,,bb40abb8,,,,,,,,39,0,2,bb40abb8,320,3777,,542424445342553322533422245333234253435354333555245552422525352543,BACACAAABDACBBDDCCBDDACCCABDDDCDACBDADBDBADDDBBBCABBBCACCBCBDBCBAD,ABACACAABDACBBDDCCBDADCCACBDDDCDACBDADBDABDDBDBBACBBBCACBCBCBDBCAD,,,4,3777,,,,,,,,,,R_T1_GTR03_22110002,,,,34,24,44,422324000000424300000000545420000007353000000000453000000000453444200000,,00008775,,,,,,,,45,3,0,8,8,8775,,5424244453425533225334222453332342534353543335552455524225253525254332343424,BACACAAABDACBBDDCCBDDACCCABDDDCDACBDADBDBADDDBBBCABBBCACCBCBDBCBCBADDCDADACA,ABACACAABDACBBDDCCBDADCCACBDDDCDACBDADBDABDDBDBBACBBBCACBCBCBDBCBCADCDADADAC,,,5,8775,,,,,L_T1_GTR___standard,,,,,L_T1_GTR03_33000001,,,
236442,85,,,,,,,,,,43,32,000000000000200000000000220000000007423525523500422323335200433455240000,,bb60ab19,,,,,,,,40,0,3,bb60ab19,1140,4917,,542424445342553322533422245333234253435354333555245552422525352543,BACACAAABDACBBDDCCBDDACCCABDDDCDACBDADBDBADDDBBBCABBBCACCBCBDBCBAD,ABACACAABDACBBDDCCBDADCCACBDDDCDACBDADBDABDDBDBBACBBBCACBCBCBDBCAD,,,4,4917,,,,,,,,,,R_T1_GTR03_22110002,,,,34,24,44,422324000000424300000000545420000007353000000000453000000000453444200000,,00008775,,,,,,,,45,3,0,8,8,8775,,5424244453425533225334222453332342534353543335552455524225253525254332343424,BACACAAABDACBBDDCCBDDACCCABDDDCDACBDADBDBADDDBBBCABBBCACCBCBDBCBCBADDCDADACA,ABACACAABDACBBDDCCBDADCCACBDDDCDACBDADBDABDDBDBBACBBBCACBCBCBDBCBCADCDADADAC,,,5,8775,,,,,L_T1_GTR___standard,,,,,L_T1_GTR03_33000001,,,
236475,86,,,,,,,,,,43,32,000000000000200000000000220000000007423525523500422323335200433455240000,,bb60ab19,,,,,,,,40,0,3,bb60ab19,1140,4917,,542424445342553322533422245333234253435354333555245552422525352543,BACACAAABDACBBDDCCBDDACCCABDDDCDACBDADBDBADDDBBBCABBBCACCBCBDBCBAD,ABACACAABDACBBDDCCBDADCCACBDDDCDACBDADBDABDDBDBBACBBBCACBCBCBDBCAD,,,4,4917,,,,,,,,,,R_T1_GTR03_22110002,,,,24,44,55,422324400000424330000000545420000007353000000000453000000000453444200000,,00008782,,,,,,,,46,4,0,7,7,8782,,542424445342553322533422245333234253435354333555245552422525352525433234342444,BACACAAABDACBBDDCCBDDACCCABDDDCDACBDADBDBADDDBBBCABBBCACCBCBDBCBCBADDCDADACAAA,ABACACAABDACBBDDCCBDADCCACBDDDCDACBDADBDABDDBDBBACBBBCACBCBCBDBCBCADCDADADACAA,,,5,8782,,,,,L_T1_GTR___standard,,,,,L_T1_GTR03_33000001,,,
236519,87,,,,,,,,,,43,32,000000000000200000000000220000000007423525523500422323335200433455240000,,bb60ab19,,,,,,,,40,0,3,bb60ab19,1140,4917,,542424445342553322533422245333234253435354333555245552422525352543,BACACAAABDACBBDDCCBDDACCCABDDDCDACBDADBDBADDDBBBCABBBCACCBCBDBCBAD,ABACACAABDACBBDDCCBDADCCACBDDDCDACBDADBDABDDBDBBACBBBCACBCBCBDBCAD,,,4,4917,,,,,,,,,,R_T1_GTR03_22110002,,,,44,55,23,422324400000424330000000545420000007353420000000453000000000453444200000,,00008791,,,,,,,,47,5,0,9,9,8791,,54242444534255332253342224533323425343535433355524555242252535252543323434244455,BACACAAABDACBBDDCCBDDACCCABDDDCDACBDADBDBADDDBBBCABBBCACCBCBDBCBCBADDCDADACAAABB,ABACACAABDACBBDDCCBDADCCACBDDDCDACBDADBDABDDBDBBACBBBCACBCBCBDBCBCADCDADADACAABB,,,5,8791,,,,,L_T1_GTR___standard,,,,,L_T1_GTR03_33000001,,,
236524,88,,,,,,,,,,43,32,000000000000000000000000000000000007435253235000432333520000433455240000,,bb40ab32,,,,,,,,41,0,4,bb40ab32,1280,6197,,542424445342553322533422245333234253435354333555245552422525352543,BACACAAABDACBBDDCCBDDACCCABDDDCDACBDADBDBADDDBBBCABBBCACCBCBDBCBAD,ABACACAABDACBBDDCCBDADCCACBDDDCDACBDADBDABDDBDBBACBBBCACBCBCBDBCAD,,,4,6197,,,,,,,,,,,,,,44,55,23,422324400000424330000000545420000007353420000000453000000000453444200000,,00008791,,,,,,,,47,5,0,9,9,8791,,54242444534255332253342224533323425343535433355524555242252535252543323434244455,BACACAAABDACBBDDCCBDDACCCABDDDCDACBDADBDBADDDBBBCABBBCACCBCBDBCBCBADDCDADACAAABB,ABACACAABDACBBDDCCBDADCCACBDDDCDACBDADBDABDDBDBBACBBBCACBCBCBDBCBCADCDADADACAABB,,,5,8791,,,,,L_T1_GTR___standard,,,,,L_T1_GTR03_33000001,,,
236559,89,,,,,,,,,,43,32,000000000000000000000000000000000007435253235000432333520000433455240000,,bb40ab32,,,,,,,,41,0,4,bb40ab32,1280,6197,,542424445342553322533422245333234253435354333555245552422525352543,BACACAAABDACBBDDCCBDDACCCABDDDCDACBDADBDBADDDBBBCABBBCACCBCBDBCBAD,ABACACAABDACBBDDCCBDADCCACBDDDCDACBDADBDABDDBDBBACBBBCACBCBCBDBCAD,,,4,6197,,,,,,,,,,,,,,55,23,35,422324400000424330000000545420000007353424400000453000000000453444200000,,00008798,,,,,,,,48,6,0,7,7,8798,,5424244453425533225334222453332342534353543335552455524225253525254332343424445523,BACACAAABDACBBDDCCBDDACCCABDDDCDACBDADBDBADDDBBBCABBBCACCBCBDBCBCBADDCDADACAAABBCD,ABACACAABDACBBDDCCBDADCCACBDDDCDACBDADBDABDDBDBBACBBBCACBCBCBDBCBCADCDADADACAABBCD,,,5,8798,,,,,L_T1_GTR___standard,,,,,L_T1_GTR03_33000001,,,
236589,90,,,,,,,,,43,43,32,000000000000000000000000000000000007452552350000423335200000445524000000,,00006207,,,,,,,,42,1,0,10,10,6207,,54242444534255332253342224533323425343535433355524555242252535254343,BACACAAABDACBBDDCCBDDACCCABDDDCDACBDADBDBADDDBBBCABBBCACCBCBDBCBADAD,ABACACAABDACBBDDCCBDADCCACBDDDCDACBDADBDABDDBDBBACBBBCACBCBCBDBCADAD,,,4,6207,,,,,,,,,,,,,,55,23,35,422324400000424330000000545420000007353424400000453000000000453444200000,,00008798,,,,,,,,48,6,0,7,7,8798,,5424244453425533225334222453332342534353543335552455524225253525254332343424445523,BACACAAABDACBBDDCCBDDACCCABDDDCDACBDADBDBADDDBBBCABBBCACCBCBDBCBCBADDCDADACAAABBCD,ABACACAABDACBBDDCCBDADCCACBDDDCDACBDADBDABDDBDBBACBBBCACBCBCBDBCBCADCDADADACAABBCD,,,5,8798,,,,,L_T1_GTR___standard,,,,,L_T1_GTR03_33000001,,,
236595,91,,,,,,,,,43,43,32,000000000000000000000000000000000007452552350000423335200000445524000000,,00006207,,,,,,,,42,1,0,10,10,6207,,54242444534255332253342224533323425343535433355524555242252535254343,BACACAAABDACBBDDCCBDDACCCABDDDCDACBDADBDBADDDBBBCABBBCACCBCBDBCBADAD,ABACACAABDACBBDDCCBDADCCACBDDDCDACBDADBDABDDBDBBACBBBCACBCBCBDBCADAD,,,4,6207,,,,,,,,,,,,,,23,35,33,422324400000424330000000545420000007353424455000453000000000453444200000,,00008803,,,,,,,,49,7,0,5,5,8803,,542424445342553322533422245333234253435354333555245552422525352525433234342444552335,BACACAAABDACBBDDCCBDDACCCABDDDCDACBDADBDBADDDBBBCABBBCACCBCBDBCBCBADDCDADACAAABBCDDB,ABACACAABDACBBDDCCBDADCCACBDDDCDACBDADBDABDDBDBBACBBBCACBCBCBDBCBCADCDADADACAABBCDBD,,,5,8803,,,,,L_T1_GTR___standard,,,,,L_T1_GTR03_33000001,,,
236606,92,,,,,,,,,,43,32,000000000000000000000000000000000007452552350000423335200000445524000000,,bb40ab64,,,,,,,,43,0,1,bb40ab64,2560,8767,,54242444534255332253342224533323425343535433355524555242252535254343,BACACAAABDACBBDDCCBDDACCCABDDDCDACBDADBDBADDDBBBCABBBCACCBCBDBCBADAD,ABACACAABDACBBDDCCBDADCCACBDDDCDACBDADBDABDDBDBBACBBBCACBCBCBDBCADAD,,,4,8767,,,,,,,,,,,,,,23,35,33,422324400000424330000000545420000007353424455000453000000000453444200000,,00008803,,,,,,,,49,7,0,5,5,8803,,542424445342553322533422245333234253435354333555245552422525352525433234342444552335,BACACAAABDACBBDDCCBDDACCCABDDDCDACBDADBDBADDDBBBCABBBCACCBCBDBCBCBADDCDADACAAABBCDDB,ABACACAABDACBBDDCCBDADCCACBDDDCDACBDADBDABDDBDBBACBBBCACBCBCBDBCBCADCDADADACAABBCDBD,,,5,8803,,,,,L_T1_GTR___standard,,,,,L_T1_GTR03_33000001,,,
236635,93,,,,,,,,,,43,32,000000000000000000000000000000000007452552350000423335200000445524000000,,bb40ab64,,,,,,,,43,0,1,bb40ab64,2560,8767,,54242444534255332253342224533323425343535433355524555242252535254343,BACACAAABDACBBDDCCBDDACCCABDDDCDACBDADBDBADDDBBBCABBBCACCBCBDBCBADAD,ABACACAABDACBBDDCCBDADCCACBDDDCDACBDADBDABDDBDBBACBBBCACBCBCBDBCADAD,,,4,8767,,,,,,,,,,,,,,35,33,54,422324400000424330000000545422300007353424455000453000000000453444200000,,00008811,,,,,,,,50,8,0,8,8,8811,,54242444534255332253342224533323425343535433355524555242252535252543323434244455233533,BACACAAABDACBBDDCCBDDACCCABDDDCDACBDADBDBADDDBBBCABBBCACCBCBDBCBCBADDCDADACAAABBCDDBDD,ABACACAABDACBBDDCCBDADCCACBDDDCDACBDADBDABDDBDBBACBBBCACBCBCBDBCBCADCDADADACAABBCDBDDD,,,5,8811,,,,,L_T1_GTR___standard,,,,,L_T1_GTR03_33000001,,,
236675,94,,,,,,,,,,43,32,000000000000000000000000000000000007452552350000423335200000445524000000,,bb40ab64,,,,,,,,43,0,1,bb40ab64,2560,8767,,54242444534255332253342224533323425343535433355524555242252535254343,BACACAAABDACBBDDCCBDDACCCABDDDCDACBDADBDBADDDBBBCABBBCACCBCBDBCBADAD,ABACACAABDACBBDDCCBDADCCACBDDDCDACBDADBDABDDBDBBACBBBCACBCBCBDBCADAD,,,4,8767,,,,,,,,,,,,,,33,54,42,422324400000424330000000545422300007353424455530453000000000453444200000,,00008814,,,,,,,,51,9,0,3,3,8814,,5424244453425533225334222453332342534353543335552455524225253525254332343424445523353354,BACACAAABDACBBDDCCBDDACCCABDDDCDACBDADBDBADDDBBBCABBBCACCBCBDBCBCBADDCDADACAAABBCDDBDDBA,ABACACAABDACBBDDCCBDADCCACBDDDCDACBDADBDABDDBDBBACBBBCACBCBCBDBCBCADCDADADACAABBCDBDDDAB,,,5,8814,,,,,L_T1_GTR___standard,,,,,L_T1_GTR03_33000001,,,
236699,95,,,,,,,,,43,32,34,000000000000000000000000000000000007525523500000233352000000552400000000,,00008767,,,,,,,,44,1,0,0,0,8767,,5424244453425533225334222453332342534353543335552455524225253525434332,BACACAAABDACBBDDCCBDDACCCABDDDCDACBDADBDBADDDBBBCABBBCACCBCBDBCBADADDC,ABACACAABDACBBDDCCBDADCCACBDDDCDACBDADBDABDDBDBBACBBBCACBCBCBDBCADADCD,,,4,8767,,,,,,,,,,,,,,33,54,42,422324400000424330000000545422300007353424455530453000000000453444200000,,00008814,,,,,,,,51,9,0,3,3,8814,,5424244453425533225334222453332342534353543335552455524225253525254332343424445523353354,BACACAAABDACBBDDCCBDDACCCABDDDCDACBDADBDBADDDBBBCABBBCACCBCBDBCBCBADDCDADACAAABBCDDBDDBA,ABACACAABDACBBDDCCBDADCCACBDDDCDACBDADBDABDDBDBBACBBBCACBCBCBDBCBCADCDADADACAABBCDBDDDAB,,,5,8814,,,,,L_T1_GTR___standard,,,,,L_T1_GTR03_33000001,,,
236735,96,,,,,,,,,43,32,34,000000000000000000000000000000000007525523500000233352000000552400000000,,00008767,,,,,,,,44,1,0,0,0,8767,,5424244453425533225334222453332342534353543335552455524225253525434332,BACACAAABDACBBDDCCBDDACCCABDDDCDACBDADBDBADDDBBBCABBBCACCBCBDBCBADADDC,ABACACAABDACBBDDCCBDADCCACBDDDCDACBDADBDABDDBDBBACBBBCACBCBCBDBCADADCD,,,4,8767,,,,,,,,,,,,,,,54,42,422324400000424333000000545422330007353424455530453000000000453444200000,,bb40abb1,,,,,,,,52,0,1,bb40abb1,40,8854,,5424244453425533225334222453332342534353543335552455524225253525254332343424445523353354,BACACAAABDACBBDDCCBDDACCCABDDDCDACBDADBDBADDDBBBCABBBCACCBCBDBCBCBADDCDADACAAABBCDDBDDBA,ABACACAABDACBBDDCCBDADCCACBDDDCDACBDADBDABDDBDBBACBBBCACBCBCBDBCBCADCDADADACAABBCDBDDDAB,,,5,8854,,,,,L_T1_GTR___standard,,,,,L_T1_GTR03_33000001,,,
236774,97,,,,,,,,,32,34,34,340000000000000000000000000000000007525523500000233352000000552400000000,,00008780,,,,,,,,45,2,0,13,13,8780,,542424445342553322533422245333234253435354333555245552422525352543433234,BACACAAABDACBBDDCCBDDACCCABDDDCDACBDADBDBADDDBBBCABBBCACCBCBDBCBADADDCDA,ABACACAABDACBBDDCCBDADCCACBDDDCDACBDADBDABDDBDBBACBBBCACBCBCBDBCADADCDAD,,,4,8780,,,,,,,,,,,,,,,54,42,422324400000424333000000545422330007353424455530453000000000453444200000,,bb40abb1,,,,,,,,52,0,1,bb40abb1,40,8854,,5424244453425533225334222453332342534353543335552455524225253525254332343424445523353354,BACACAAABDACBBDDCCBDDACCCABDDDCDACBDADBDBADDDBBBCABBBCACCBCBDBCBCBADDCDADACAAABBCDDBDDBA,ABACACAABDACBBDDCCBDADCCACBDDDCDACBDADBDABDDBDBBACBBBCACBCBCBDBCBCADCDADADACAABBCDBDDDAB,,,5,8854,,,,,L_T1_GTR___standard,,,,,L_T1_GTR03_33000001,,,
236814,98,,,,,,,,,32,34,34,340000000000000000000000000000000007525523500000233352000000552400000000,,00008780,,,,,,,,45,2,0,13,13,8780,,542424445342553322533422245333234253435354333555245552422525352543433234,BACACAAABDACBBDDCCBDDACCCABDDDCDACBDADBDBADDDBBBCABBBCACCBCBDBCBADADDCDA,ABACACAABDACBBDDCCBDADCCACBDDDCDACBDADBDABDDBDBBACBBBCACBCBCBDBCADADCDAD,,,4,8780,,,,,,,,,,,,,,,54,42,422244000000424000000000545422330007353424455530453000000000453444200000,,bb40abb8,,,,,,,,53,0,2,bb40abb8,320,9174,,5424244453425533225334222453332342534353543335552455524225253525254332343424445523353354,BACACAAABDACBBDDCCBDDACCCABDDDCDACBDADBDBADDDBBBCABBBCACCBCBDBCBCBADDCDADACAAABBCDDBDDBA,ABACACAABDACBBDDCCBDADCCACBDDDCDACBDADBDABDDBDBBACBBBCACBCBCBDBCBCADCDADADACAABBCDBDDDAB,,,5,9174,,,,,,,,,,,,,
236824,99,,,,,,,,,34,34,24,340000000000300000000000200000000007525523500000233352000000552400000000,,00008793,,,,,,,,46,3,0,13,13,8793,,54242444534255332253342224533323425343535433355524555242252535254343323434,BACACAAABDACBBDDCCBDDACCCABDDDCDACBDADBDBADDDBBBCABBBCACCBCBDBCBADADDCDADA,ABACACAABDACBBDDCCBDADCCACBDDDCDACBDADBDABDDBDBBACBBBCACBCBCBDBCADADCDADAD,,,4,8793,,,,,,,,,,,,,,,54,42,422244000000424000000000545422330007353424455530453000000000453444200000,,bb40abb8,,,,,,,,53,0,2,bb40abb8,320,9174,,5424244453425533225334222453332342534353543335552455524225253525254332343424445523353354,BACACAAABDACBBDDCCBDDACCCABDDDCDACBDADBDBADDDBBBCABBBCACCBCBDBCBCBADDCDADACAAABBCDDBDDBA,ABACACAABDACBBDDCCBDADCCACBDDDCDACBDADBDABDDBDBBACBBBCACBCBCBDBCBCADCDADADACAABBCDBDDDAB,,,5,9174,,,,,,,,,,,,,
236870,100,,,,,,,,,34,24,44,340000000000340000000000230000000007525523500000233352000000552400000000,,00008805,,,,,,,,47,4,0,12,12,8805,,5424244453425533225334222453332342534353543335552455524225253525434332343424,BACACAAABDACBBDDCCBDDACCCABDDDCDACBDADBDBADDDBBBCABBBCACCBCBDBCBADADDCDADACA,ABACACAABDACBBDDCCBDADCCACBDDDCDACBDADBDABDDBDBBACBBBCACBCBCBDBCADADCDADADAC,,,4,8805,,,,,,,,,,L_T1_GTR03_32100001/L_T1_GTR03_22110001,,,,,54,42,422244000000424000000000545422330007353424455530453000000000453444200000,,bb40abb8,,,,,,,,53,0,2,bb40abb8,320,9174,,5424244453425533225334222453332342534353543335552455524225253525254332343424445523353354,BACACAAABDACBBDDCCBDDACCCABDDDCDACBDADBDBADDDBBBCABBBCACCBCBDBCBCBADDCDADACAAABBCDDBDDBA,ABACACAABDACBBDDCCBDADCCACBDDDCDACBDADBDABDDBDBBACBBBCACBCBCBDBCBCADCDADADACAABBCDBDDDAB,,,5,9174,,,,,,,,,,,,,
236897,101,,,,,,,,,34,24,44,340000000000340000000000230000000007525523500000233352000000552400000000,,00008805,,,,,,,,47,4,0,12,12,8805,,5424244453425533225334222453332342534353543335552455524225253525434332343424,BACACAAABDACBBDDCCBDDACCCABDDDCDACBDADBDBADDDBBBCABBBCACCBCBDBCBADADDCDADACA,ABACACAABDACBBDDCCBDADCCACBDDDCDACBDADBDABDDBDBBACBBBCACBCBCBDBCADADCDADADAC,,,4,8805,,,,,,,,,,L_T1_GTR03_32100001/L_T1_GTR03_22110001,,,,,54,42,444000000000440000000000545422330007353424455530453000000000453444200000,,bb60ab19,,,,,,,,54,0,3,bb60ab19,1140,10314,,5424244453425533225334222453332342534353543335552455524225253525254332343424445523353354,BACACAAABDACBBDDCCBDDACCCABDDDCDACBDADBDBADDDBBBCABBBCACCBCBDBCBCBADDCDADACAAABBCDDBDDBA,ABACACAABDACBBDDCCBDADCCACBDDDCDACBDADBDABDDBDBBACBBBCACBCBCBDBCBCADCDADADACAABBCDBDDDAB,,,5,10314,,,,,,,,,,,,,
236918,102,,,,,,,,,24,44,55,344000000000343000000000230000000007525523500000233352000000552400000000,,00008815,,,,,,,,48,5,0,10,10,8815,,542424445342553322533422245333234253435354333555245552422525352543433234342444,BACACAAABDACBBDDCCBDDACCCABDDDCDACBDADBDBADDDBBBCABBBCACCBCBDBCBADADDCDADACAAA,ABACACAABDACBBDDCCBDADCCACBDDDCDACBDADBDABDDBDBBACBBBCACBCBCBDBCADADCDADADACAA,,,4,8815,,,,,L_T1_GTR___standard,,,,,L_T1_GTR03_33000001/L_T1_GTR03_32100001,,,,,54,42,444000000000440000000000545422330007353424455530453000000000453444200000,,bb60ab19,,,,,,,,54,0,3,bb60ab19,1140,10314,,5424244453425533225334222453332342534353543335552455524225253525254332343424445523353354,BACACAAABDACBBDDCCBDDACCCABDDDCDACBDADBDBADDDBBBCABBBCACCBCBDBCBCBADDCDADACAAABBCDDBDDBA,ABACACAABDACBBDDCCBDADCCACBDDDCDACBDADBDABDDBDBBACBBBCACBCBCBDBCBCADCDADADACAABBCDBDDDAB,,,5,10314,,,,,,,,,,,,,
236976,103,,,,,,,,,24,44,55,344000000000343000000000230000000007525523500000233352000000552400000000,,00008815,,,,,,,,48,5,0,10,10,8815,,542424445342553322533422245333234253435354333555245552422525352543433234342444,BACACAAABDACBBDDCCBDDACCCABDDDCDACBDADBDBADDDBBBCABBBCACCBCBDBCBADADDCDADACAAA,ABACACAABDACBBDDCCBDADCCACBDDDCDACBDADBDABDDBDBBACBBBCACBCBCBDBCADADCDADADACAA,,,4,8815,,,,,L_T1_GTR___standard,,,,,L_T1_GTR03_33000001/L_T1_GTR03_32100001,,,,,54,42,000000000000000000000000554223300007353424455530453000000000453444200000,,bb50ab34,,,,,,,,55,0,4,bb50ab34,1700,12014,,5424244453425533225334222453332342534353543335552455524225253525254332343424445523353354,BACACAAABDACBBDDCCBDDACCCABDDDCDACBDADBDBADDDBBBCABBBCACCBCBDBCBCBADDCDADACAAABBCDDBDDBA,ABACACAABDACBBDDCCBDADCCACBDDDCDACBDADBDABDDBDBBACBBBCACBCBCBDBCBCADCDADADACAABBCDBDDDAB,,,5,12014,,,,,,,,,,,,,
236979,104,,,,,,,,,44,55,23,344000000000343400000000232000000007525523500000233352000000552400000000,,00008825,,,,,,,,49,6,0,10,10,8825,,54242444534255332253342224533323425343535433355524555242252535254343323434244455,BACACAAABDACBBDDCCBDDACCCABDDDCDACBDADBDBADDDBBBCABBBCACCBCBDBCBADADDCDADACAAABB,ABACACAABDACBBDDCCBDADCCACBDDDCDACBDADBDABDDBDBBACBBBCACBCBCBDBCADADCDADADACAABB,,,4,8825,,,,,L_T1_GTR___standard/L_T1_GTR___mahara__,,,,,L_T1_GTR03_33000001/L_T1_GTR03_32100001,,,,,54,42,000000000000000000000000554223300007353424455530453000000000453444200000,,bb50ab34,,,,,,,,55,0,4,bb50ab34,1700,12014,,5424244453425533225334222453332342534353543335552455524225253525254332343424445523353354,BACACAAABDACBBDDCCBDDACCCABDDDCDACBDADBDBADDDBBBCABBBCACCBCBDBCBCBADDCDADACAAABBCDDBDDBA,ABACACAABDACBBDDCCBDADCCACBDDDCDACBDADBDABDDBDBBACBBBCACBCBCBDBCBCADCDADADACAABBCDBDDDAB,,,5,12014,,,,,,,,,,,,,
237026,105,,,,,,,,,55,23,35,344000000000343400000000232000000007525523500000233352000000552444000000,,00008833,,,,,,,,50,7,0,8,8,8833,,5424244453425533225334222453332342534353543335552455524225253525434332343424445523,BACACAAABDACBBDDCCBDDACCCABDDDCDACBDADBDBADDDBBBCABBBCACCBCBDBCBADADDCDADACAAABBCD,ABACACAABDACBBDDCCBDADCCACBDDDCDACBDADBDABDDBDBBACBBBCACBCBCBDBCADADCDADADACAABBCD,,,4,8833,,,,,L_T1_GTR___standard/L_T1_GTR___mahara__,,,,,L_T1_GTR03_33000001/L_T1_GTR03_32100001,,,,,54,42,000000000000000000000000554223300007353424455530453000000000453444200000,,bb50ab34,,,,,,,,55,0,4,bb50ab34,1700,12014,,5424244453425533225334222453332342534353543335552455524225253525254332343424445523353354,BACACAAABDACBBDDCCBDDACCCABDDDCDACBDADBDBADDDBBBCABBBCACCBCBDBCBCBADDCDADACAAABBCDDBDDBA,ABACACAABDACBBDDCCBDADCCACBDDDCDACBDADBDABDDBDBBACBBBCACBCBCBDBCBCADCDADADACAABBCDBDDDAB,,,5,12014,,,,,,,,,,,,,
237058,106,,,,,,,,,55,23,35,344000000000343400000000232000000007525523500000233352000000552444000000,,00008833,,,,,,,,50,7,0,8,8,8833,,5424244453425533225334222453332342534353543335552455524225253525434332343424445523,BACACAAABDACBBDDCCBDDACCCABDDDCDACBDADBDBADDDBBBCABBBCACCBCBDBCBADADDCDADACAAABBCD,ABACACAABDACBBDDCCBDADCCACBDDDCDACBDADBDABDDBDBBACBBBCACBCBCBDBCADADCDADADACAABBCD,,,4,8833,,,,,L_T1_GTR___standard/L_T1_GTR___mahara__,,,,,L_T1_GTR03_33000001/L_T1_GTR03_32100001,,,,,54,42,000000000000000000000000422330000007334244555300430000000000434442000000,,bb40ab64,,,,,,,,56,0,5,bb40ab64,2560,14574,,5424244453425533225334222453332342534353543335552455524225253525254332343424445523353354,BACACAAABDACBBDDCCBDDACCCABDDDCDACBDADBDBADDDBBBCABBBCACCBCBDBCBCBADDCDADACAAABBCDDBDDBA,ABACACAABDACBBDDCCBDADCCACBDDDCDACBDADBDABDDBDBBACBBBCACBCBCBDBCBCADCDADADACAABBCDBDDDAB,,,5,14574,,,,,,,,,,R_T1_GTR03_22200002,,,
237062,107,,,,,,,,,23,35,33,344000000000343400000000232000000007525523555000233352000000552444000000,,00008838,,,,,,,,51,8,0,5,5,8838,,542424445342553322533422245333234253435354333555245552422525352543433234342444552335,BACACAAABDACBBDDCCBDDACCCABDDDCDACBDADBDBADDDBBBCABBBCACCBCBDBCBADADDCDADACAAABBCDDB,ABACACAABDACBBDDCCBDADCCACBDDDCDACBDADBDABDDBDBBACBBBCACBCBCBDBCADADCDADADACAABBCDBD,,,4,8838,,,,,L_T1_GTR___standard/L_T1_GTR___mahara__,,,,,L_T1_GTR03_33000001/L_T1_GTR03_32100001,,,,,54,42,000000000000000000000000422330000007334244555300430000000000434442000000,,bb40ab64,,,,,,,,56,0,5,bb40ab64,2560,14574,,5424244453425533225334222453332342534353543335552455524225253525254332343424445523353354,BACACAAABDACBBDDCCBDDACCCABDDDCDACBDADBDBADDDBBBCABBBCACCBCBDBCBCBADDCDADACAAABBCDDBDDBA,ABACACAABDACBBDDCCBDADCCACBDDDCDACBDADBDABDDBDBBACBBBCACBCBCBDBCBCADCDADADACAABBCDBDDDAB,,,5,14574,,,,,,,,,,R_T1_GTR03_22200002,,,
237105,108,,,,,,,,,35,33,54,344000000000343400000000232230000007525523555000233352000000552444000000,,00008848,,,,,,,,52,9,0,10,10,8848,,54242444534255332253342224533323425343535433355524555242252535254343323434244455233533,BACACAAABDACBBDDCCBDDACCCABDDDCDACBDADBDBADDDBBBCABBBCACCBCBDBCBADADDCDADACAAABBCDDBDD,ABACACAABDACBBDDCCBDADCCACBDDDCDACBDADBDABDDBDBBACBBBCACBCBCBDBCADADCDADADACAABBCDBDDD,,,4,8848,,,,,L_T1_GTR___standard/L_T1_GTR___mahara__,,,,,L_T1_GTR03_33000001/L_T1_GTR03_32100001,,,,,54,42,000000000000000000000000422330000007334244555300430000000000434442000000,,bb40ab64,,,,,,,,56,0,5,bb40ab64,2560,14574,,5424244453425533225334222453332342534353543335552455524225253525254332343424445523353354,BACACAAABDACBBDDCCBDDACCCABDDDCDACBDADBDBADDDBBBCABBBCACCBCBDBCBCBADDCDADACAAABBCDDBDDBA,ABACACAABDACBBDDCCBDADCCACBDDDCDACBDADBDABDDBDBBACBBBCACBCBCBDBCBCADCDADADACAABBCDBDDDAB,,,5,14574,,,,,,,,,,R_T1_GTR03_22200002,,,
237142,109,,,,,,,,,35,33,54,344000000000343400000000232230000007525523555000233352000000552444000000,,00008848,,,,,,,,52,9,0,10,10,8848,,54242444534255332253342224533323425343535433355524555242252535254343323434244455233533,BACACAAABDACBBDDCCBDDACCCABDDDCDACBDADBDBADDDBBBCABBBCACCBCBDBCBADADDCDADACAAABBCDDBDD,ABACACAABDACBBDDCCBDADCCACBDDDCDACBDADBDABDDBDBBACBBBCACBCBCBDBCADADCDADADACAABBCDBDDD,,,4,8848,,,,,L_T1_GTR___standard/L_T1_GTR___mahara__,,,,,L_T1_GTR03_33000001/L_T1_GTR03_32100001,,,,,54,42,000000000000000000000000422330000007424455530000400000000000444420000000,,bb70a100,,,,,,,,57,0,6,bb70a100,7000,21574,,5424244453425533225334222453332342534353543335552455524225253525254332343424445523353354,BACACAAABDACBBDDCCBDDACCCABDDDCDACBDADBDBADDDBBBCABBBCACCBCBDBCBCBADDCDADACAAABBCDDBDDBA,ABACACAABDACBBDDCCBDADCCACBDDDCDACBDADBDABDDBDBBACBBBCACBCBCBDBCBCADCDADADACAABBCDBDDDAB,,,6,21574,,,,,,,,,,,,,
237145,110,,,,,,,,,33,54,42,344000000000343400000000232235300007525523555000233352000000552444000000,,00008855,,,,,,,,53,10,0,7,7,8855,,5424244453425533225334222453332342534353543335552455524225253525434332343424445523353354,BACACAAABDACBBDDCCBDDACCCABDDDCDACBDADBDBADDDBBBCABBBCACCBCBDBCBADADDCDADACAAABBCDDBDDBA,ABACACAABDACBBDDCCBDADCCACBDDDCDACBDADBDABDDBDBBACBBBCACBCBCBDBCADADCDADADACAABBCDBDDDAB,,,4,8855,,,,,L_T1_GTR___standard/L_T1_GTR___mahara__,,,,,L_T1_GTR03_33000001/L_T1_GTR03_32100001,,,,,54,42,000000000000000000000000422330000007424455530000400000000000444420000000,,bb70a100,,,,,,,,57,0,6,bb70a100,7000,21574,,5424244453425533225334222453332342534353543335552455524225253525254332343424445523353354,BACACAAABDACBBDDCCBDDACCCABDDDCDACBDADBDBADDDBBBCABBBCACCBCBDBCBCBADDCDADACAAABBCDDBDDBA,ABACACAABDACBBDDCCBDADCCACBDDDCDACBDADBDABDDBDBBACBBBCACBCBCBDBCBCADCDADADACAABBCDBDDDAB,,,6,21574,,,,,,,,,,,,,
237179,111,,,,,,,,,54,42,53,344000000000343400000000232235333007525523555000233352000000552444000000,,00008860,,,,,,,,54,11,0,5,5,8860,,542424445342553322533422245333234253435354333555245552422525352543433234342444552335335442,BACACAAABDACBBDDCCBDDACCCABDDDCDACBDADBDBADDDBBBCABBBCACCBCBDBCBADADDCDADACAAABBCDDBDDBAAC,ABACACAABDACBBDDCCBDADCCACBDDDCDACBDADBDABDDBDBBACBBBCACBCBCBDBCADADCDADADACAABBCDBDDDABAC,,,4,8860,,,,,L_T1_GTR___standard/L_T1_GTR___mahara__,,,,,L_T1_GTR03_33000001/L_T1_GTR03_32100001,,,,,54,42,000000000000000000000000422330000007424455530000400000000000444420000000,,bb70a100,,,,,,,,57,0,6,bb70a100,7000,21574,,5424244453425533225334222453332342534353543335552455524225253525254332343424445523353354,BACACAAABDACBBDDCCBDDACCCABDDDCDACBDADBDBADDDBBBCABBBCACCBCBDBCBCBADDCDADACAAABBCDDBDDBA,ABACACAABDACBBDDCCBDADCCACBDDDCDACBDADBDABDDBDBBACBBBCACBCBCBDBCBCADCDADADACAABBCDBDDDAB,,,6,21574,,,,,,,,,,,,,
237223,112,,,,,,,,,42,53,44,344000000000343400000000232235333007525523555000233352400000552444500000,,00008867,,,,,,,,55,12,0,7,7,8867,,54242444534255332253342224533323425343535433355524555242252535254343323434244455233533544253,BACACAAABDACBBDDCCBDDACCCABDDDCDACBDADBDBADDDBBBCABBBCACCBCBDBCBADADDCDADACAAABBCDDBDDBAACBD,ABACACAABDACBBDDCCBDADCCACBDDDCDACBDADBDABDDBDBBACBBBCACBCBCBDBCADADCDADADACAABBCDBDDDABACBD,,,4,8867,,,,,L_T1_GTR___standard/L_T1_GTR___mahara__,,,,,L_T1_GTR03_33000001/L_T1_GTR03_32100001,,,,,54,42,000000000000000000000000422330000007424455530000400000000000444420000000,,bb70a100,,,,,,,,57,0,6,bb70a100,7000,21574,,5424244453425533225334222453332342534353543335552455524225253525254332343424445523353354,BACACAAABDACBBDDCCBDDACCCABDDDCDACBDADBDBADDDBBBCABBBCACCBCBDBCBCBADDCDADACAAABBCDDBDDBA,ABACACAABDACBBDDCCBDADCCACBDDDCDACBDADBDABDDBDBBACBBBCACBCBCBDBCBCADCDADADACAABBCDBDDDAB,,,6,21574,,,,,,,,,,,,,
237237,113,,,,,,,,,42,53,44,344000000000343400000000232235333007525523555000233352400000552444500000,,00008867,,,,,,,,55,12,0,7,7,8867,,54242444534255332253342224533323425343535433355524555242252535254343323434244455233533544253,BACACAAABDACBBDDCCBDDACCCABDDDCDACBDADBDBADDDBBBCABBBCACCBCBDBCBADADDCDADACAAABBCDDBDDBAACBD,ABACACAABDACBBDDCCBDADCCACBDDDCDACBDADBDABDDBDBBACBBBCACBCBCBDBCADADCDADADACAABBCDBDDDABACBD,,,4,8867,,,,,L_T1_GTR___standard/L_T1_GTR___mahara__,,,,,L_T1_GTR03_33000001/L_T1_GTR03_32100001,,,,54,42,53,000000000000000000000000223300000007244555300000000000000000200000000000,,00021580,,,,,,,,58,1,0,6,6,21580,,542424445342553322533422245333234253435354333555245552422525352525433234342444552335335442,BACACAAABDACBBDDCCBDDACCCABDDDCDACBDADBDBADDDBBBCABBBCACCBCBDBCBCBADDCDADACAAABBCDDBDDBAAC,ABACACAABDACBBDDCCBDADCCACBDDDCDACBDADBDABDDBDBBACBBBCACBCBCBDBCBCADCDADADACAABBCDBDDDABAC,,,6,21580,,,,,,,,,,,,,
237278,114,,,,,,,,,,53,44,344400000000343420000000232235333007525523555000233352400000552444500000,,bb50abb2,,,,,,,,56,0,1,bb50abb2,100,8967,,54242444534255332253342224533323425343535433355524555242252535254343323434244455233533544253,BACACAAABDACBBDDCCBDDACCCABDDDCDACBDADBDBADDDBBBCABBBCACCBCBDBCBADADDCDADACAAABBCDDBDDBAACBD,ABACACAABDACBBDDCCBDADCCACBDDDCDACBDADBDABDDBDBBACBBBCACBCBCBDBCADADCDADADACAABBCDBDDDABACBD,,,4,8967,,,,,,,,,,L_T1_GTR03_32100001,,,,54,42,53,000000000000000000000000223300000007244555300000000000000000200000000000,,00021580,,,,,,,,58,1,0,6,6,21580,,542424445342553322533422245333234253435354333555245552422525352525433234342444552335335442,BACACAAABDACBBDDCCBDDACCCABDDDCDACBDADBDBADDDBBBCABBBCACCBCBDBCBCBADDCDADACAAABBCDDBDDBAAC,ABACACAABDACBBDDCCBDADCCACBDDDCDACBDADBDABDDBDBBACBBBCACBCBCBDBCBCADCDADADACAABBCDBDDDABAC,,,6,21580,,,,,,,,,,,,,
237289,115,,,,,,,,,,53,44,344400000000343420000000232235333007525523555000233352400000552444500000,,bb50abb2,,,,,,,,56,0,1,bb50abb2,100,8967,,54242444534255332253342224533323425343535433355524555242252535254343323434244455233533544253,BACACAAABDACBBDDCCBDDACCCABDDDCDACBDADBDBADDDBBBCABBBCACCBCBDBCBADADDCDADACAAABBCDDBDDBAACBD,ABACACAABDACBBDDCCBDADCCACBDDDCDACBDADBDABDDBDBBACBBBCACBCBCBDBCADADCDADADACAABBCDBDDDABACBD,,,4,8967,,,,,,,,,,L_T1_GTR03_32100001,,,,42,53,44,000000000000000000000000223300000007244555300000450000000000200000000000,,00021592,,,,,,,,59,2,0,12,12,21592,,54242444534255332253342224533323425343535433355524555242252535252543323434244455233533544253,BACACAAABDACBBDDCCBDDACCCABDDDCDACBDADBDBADDDBBBCABBBCACCBCBDBCBCBADDCDADACAAABBCDDBDDBAACBD,ABACACAABDACBBDDCCBDADCCACBDDDCDACBDADBDABDDBDBBACBBBCACBCBCBDBCBCADCDADADACAABBCDBDDDABACBD,,,6,21592,,,,,,,,,,,,,
237340,116,,,,,,,,,,53,44,344400000000343420000000232235333007525523555000233352400000552444500000,,bb50abb2,,,,,,,,56,0,1,bb50abb2,100,8967,,54242444534255332253342224533323425343535433355524555242252535254343323434244455233533544253,BACACAAABDACBBDDCCBDDACCCABDDDCDACBDADBDBADDDBBBCABBBCACCBCBDBCBADADDCDADACAAABBCDDBDDBAACBD,ABACACAABDACBBDDCCBDADCCACBDDDCDACBDADBDABDDBDBBACBBBCACBCBCBDBCADADCDADADACAABBCDBDDDABACBD,,,4,8967,,,,,,,,,,L_T1_GTR03_32100001,,,,53,44,43,000000000000000000000000223324000007244555300000450000000000200000000000,,00021600,,,,,,,,60,3,0,8,8,21600,,5424244453425533225334222453332342534353543335552455524225253525254332343424445523353354425344,BACACAAABDACBBDDCCBDDACCCABDDDCDACBDADBDBADDDBBBCABBBCACCBCBDBCBCBADDCDADACAAABBCDDBDDBAACBDAA,ABACACAABDACBBDDCCBDADCCACBDDDCDACBDADBDABDDBDBBACBBBCACBCBCBDBCBCADCDADADACAABBCDBDDDABACBDAA,,,6,21600,,,,,,,,,,,,,
237370,117,,,,,,,,,,53,44,300000000000332000000000232235333007525523555000233352400000552444500000,,bb40abb8,,,,,,,,57,0,2,bb40abb8,320,9287,,54242444534255332253342224533323425343535433355524555242252535254343323434244455233533544253,BACACAAABDACBBDDCCBDDACCCABDDDCDACBDADBDBADDDBBBCABBBCACCBCBDBCBADADDCDADACAAABBCDDBDDBAACBD,ABACACAABDACBBDDCCBDADCCACBDDDCDACBDADBDABDDBDBBACBBBCACBCBCBDBCADADCDADADACAABBCDBDDDABACBD,,,4,9287,,,,,,,,,,,,,,53,44,43,000000000000000000000000223324000007244555300000450000000000200000000000,,00021600,,,,,,,,60,3,0,8,8,21600,,5424244453425533225334222453332342534353543335552455524225253525254332343424445523353354425344,BACACAAABDACBBDDCCBDDACCCABDDDCDACBDADBDBADDDBBBCABBBCACCBCBDBCBCBADDCDADACAAABBCDDBDDBAACBDAA,ABACACAABDACBBDDCCBDADCCACBDDDCDACBDADBDABDDBDBBACBBBCACBCBCBDBCBCADCDADADACAABBCDBDDDABACBDAA,,,6,21600,,,,,,,,,,,,,
237375,118,,,,,,,,,,53,44,300000000000332000000000232235333007525523555000233352400000552444500000,,bb40abb8,,,,,,,,57,0,2,bb40abb8,320,9287,,54242444534255332253342224533323425343535433355524555242252535254343323434244455233533544253,BACACAAABDACBBDDCCBDDACCCABDDDCDACBDADBDBADDDBBBCABBBCACCBCBDBCBADADDCDADACAAABBCDDBDDBAACBD,ABACACAABDACBBDDCCBDADCCACBDDDCDACBDADBDABDDBDBBACBBBCACBCBCBDBCADADCDADADACAABBCDBDDDABACBD,,,4,9287,,,,,,,,,,,,,,44,43,44,000000000000000000000000223324000007244555335000450000000000200000000000,,00021605,,,,,,,,61,4,0,5,5,21605,,542424445342553322533422245333234253435354333555245552422525352525433234342444552335335442534443,BACACAAABDACBBDDCCBDDACCCABDDDCDACBDADBDBADDDBBBCABBBCACCBCBDBCBCBADDCDADACAAABBCDDBDDBAACBDAAAD,ABACACAABDACBBDDCCBDADCCACBDDDCDACBDADBDABDDBDBBACBBBCACBCBCBDBCBCADCDADADACAABBCDBDDDABACBDAAAD,,,6,21605,,,,,,,,,,,,,
237429,119,,,,,,,,,,53,44,300000000000332000000000232235333007525523555000233352400000552444500000,,bb40abb8,,,,,,,,57,0,2,bb40abb8,320,9287,,54242444534255332253342224533323425343535433355524555242252535254343323434244455233533544253,BACACAAABDACBBDDCCBDDACCCABDDDCDACBDADBDBADDDBBBCABBBCACCBCBDBCBADADDCDADACAAABBCDDBDDBAACBD,ABACACAABDACBBDDCCBDADCCACBDDDCDACBDADBDABDDBDBBACBBBCACBCBCBDBCADADCDADADACAABBCDBDDDABACBD,,,4,9287,,,,,,,,,,,,,,43,44,35,000000000000000000000000223324000007244555335000450000000000244000000000,,00021616,,,,,,,,62,5,0,11,11,21616,,54242444534255332253342224533323425343535433355524555242252535252543323434244455233533544253444344,BACACAAABDACBBDDCCBDDACCCABDDDCDACBDADBDBADDDBBBCABBBCACCBCBDBCBCBADDCDADACAAABBCDDBDDBAACBDAAADAA,ABACACAABDACBBDDCCBDADCCACBDDDCDACBDADBDABDDBDBBACBBBCACBCBCBDBCBCADCDADADACAABBCDBDDDABACBDAAADAA,,,6,21616,,,,,,,,,,,,,
237452,120,,,,,,,,,,53,44,000000000000200000000000222353330007525523555000233352400000552444500000,,bb90ab21,,,,,,,,58,0,3,bb90ab21,1890,11177,,54242444534255332253342224533323425343535433355524555242252535254343323434244455233533544253,BACACAAABDACBBDDCCBDDACCCABDDDCDACBDADBDBADDDBBBCABBBCACCBCBDBCBADADDCDADACAAABBCDDBDDBAACBD,ABACACAABDACBBDDCCBDADCCACBDDDCDACBDADBDABDDBDBBACBBBCACBCBCBDBCADADCDADADACAABBCDBDDDABACBD,,,4,11177,,,,,,,,,,,,,,43,44,35,000000000000000000000000223324000007244555335000450000000000244000000000,,00021616,,,,,,,,62,5,0,11,11,21616,,54242444534255332253342224533323425343535433355524555242252535252543323434244455233533544253444344,BACACAAABDACBBDDCCBDDACCCABDDDCDACBDADBDBADDDBBBCABBBCACCBCBDBCBCBADDCDADACAAABBCDDBDDBAACBDAAADAA,ABACACAABDACBBDDCCBDADCCACBDDDCDACBDADBDABDDBDBBACBBBCACBCBCBDBCBCADCDADADACAABBCDBDDDABACBDAAADAA,,,6,21616,,,,,,,,,,,,,
237477,121,,,,,,,,,,53,44,000000000000200000000000222353330007525523555000233352400000552444500000,,bb90ab21,,,,,,,,58,0,3,bb90ab21,1890,11177,,54242444534255332253342224533323425343535433355524555242252535254343323434244455233533544253,BACACAAABDACBBDDCCBDDACCCABDDDCDACBDADBDBADDDBBBCABBBCACCBCBDBCBADADDCDADACAAABBCDDBDDBAACBD,ABACACAABDACBBDDCCBDADCCACBDDDCDACBDADBDABDDBDBBACBBBCACBCBCBDBCADADCDADADACAABBCDBDDDABACBD,,,4,11177,,,,,,,,,,,,,,44,35,25,000000000000000000000000223324000007244555335000453400000000244000000000,,00021626,,,,,,,,63,6,0,10,10,21626,,5424244453425533225334222453332342534353543335552455524225253525254332343424445523353354425344434435,BACACAAABDACBBDDCCBDDACCCABDDDCDACBDADBDBADDDBBBCABBBCACCBCBDBCBCBADDCDADACAAABBCDDBDDBAACBDAAADAADB,ABACACAABDACBBDDCCBDADCCACBDDDCDACBDADBDABDDBDBBACBBBCACBCBCBDBCBCADCDADADACAABBCDBDDDABACBDAAADAABD,,,6,21626,,,,,,,,,,,,,
237536,122,,,,,,,,,,53,44,000000000000000000000000350000000007555255500000233352400000552444500000,,bb80ab32,,,,,,,,59,0,4,bb80ab32,2560,13737,,54242444534255332253342224533323425343535433355524555242252535254343323434244455233533544253,BACACAAABDACBBDDCCBDDACCCABDDDCDACBDADBDBADDDBBBCABBBCACCBCBDBCBADADDCDADACAAABBCDDBDDBAACBD,ABACACAABDACBBDDCCBDADCCACBDDDCDACBDADBDABDDBDBBACBBBCACBCBCBDBCADADCDADADACAABBCDBDDDABACBD,,,4,13737,,,,,,,,,,,,,,44,35,25,000000000000000000000000223324000007244555335000453400000000244000000000,,00021626,,,,,,,,63,6,0,10,10,21626,,5424244453425533225334222453332342534353543335552455524225253525254332343424445523353354425344434435,BACACAAABDACBBDDCCBDDACCCABDDDCDACBDADBDBADDDBBBCABBBCACCBCBDBCBCBADDCDADACAAABBCDDBDDBAACBDAAADAADB,ABACACAABDACBBDDCCBDADCCACBDDDCDACBDADBDABDDBDBBACBBBCACBCBCBDBCBCADCDADADACAABBCDBDDDABACBDAAADAABD,,,6,21626,,,,,,,,,,,,,
237545,123,,,,,,,,,,53,44,000000000000000000000000350000000007555255500000233352400000552444500000,,bb80ab32,,,,,,,,59,0,4,bb80ab32,2560,13737,,54242444534255332253342224533323425343535433355524555242252535254343323434244455233533544253,BACACAAABDACBBDDCCBDDACCCABDDDCDACBDADBDBADDDBBBCABBBCACCBCBDBCBADADDCDADACAAABBCDDBDDBAACBD,ABACACAABDACBBDDCCBDADCCACBDDDCDACBDADBDABDDBDBBACBBBCACBCBCBDBCADADCDADADACAABBCDBDDDABACBD,,,4,13737,,,,,,,,,,,,,,35,25,54,000000000000000000000000223324000007244555335400453440000000244000000000,,00021630,,,,,,,,64,7,0,4,4,21630,,542424445342553322533422245333234253435354333555245552422525352525433234342444552335335442534443443525,BACACAAABDACBBDDCCBDDACCCABDDDCDACBDADBDBADDDBBBCABBBCACCBCBDBCBCBADDCDADACAAABBCDDBDDBAACBDAAADAADBCB,ABACACAABDACBBDDCCBDADCCACBDDDCDACBDADBDABDDBDBBACBBBCACBCBCBDBCBCADCDADADACAABBCDBDDDABACBDAAADAABDBC,,,6,21630,,,,,,,,,,,,,
237609,124,,,,,,,,,,53,44,000000000000000000000000350000000007555255500000233352400000552444500000,,bb80ab32,,,,,,,,59,0,4,bb80ab32,2560,13737,,54242444534255332253342224533323425343535433355524555242252535254343323434244455233533544253,BACACAAABDACBBDDCCBDDACCCABDDDCDACBDADBDBADDDBBBCABBBCACCBCBDBCBADADDCDADACAAABBCDDBDDBAACBD,ABACACAABDACBBDDCCBDADCCACBDDDCDACBDADBDABDDBDBBACBBBCACBCBCBDBCADADCDADADACAABBCDBDDDABACBD,,,4,13737,,,,,,,,,,,,,,25,54,23,000000000000000000000000223324500007244555335430453440000000244000000000,,00021633,,,,,,,,65,8,0,3,3,21633,,54242444534255332253342224533323425343535433355524555242252535252543323434244455233533544253444344352554,BACACAAABDACBBDDCCBDDACCCABDDDCDACBDADBDBADDDBBBCABBBCACCBCBDBCBCBADDCDADACAAABBCDDBDDBAACBDAAADAADBCBBA,ABACACAABDACBBDDCCBDADCCACBDDDCDACBDADBDABDDBDBBACBBBCACBCBCBDBCBCADCDADADACAABBCDBDDDABACBDAAADAABDBCAB,,,6,21633,,,,,,,,,,,,,
237620,125,,,,,,,,,,53,44,000000000000000000000000300000000007200000000000233324000000552444500000,,bb40ab64,,,,,,,,60,0,5,bb40ab64,2560,16297,,54242444534255332253342224533323425343535433355524555242252535254343323434244455233533544253,BACACAAABDACBBDDCCBDDACCCABDDDCDACBDADBDBADDDBBBCABBBCACCBCBDBCBADADDCDADACAAABBCDDBDDBAACBD,ABACACAABDACBBDDCCBDADCCACBDDDCDACBDADBDABDDBDBBACBBBCACBCBCBDBCADADCDADADACAABBCDBDDDABACBD,,,5,16297,,,,,,,,,,,,,,25,54,23,000000000000000000000000223324500007244555335430453440000000244000000000,,00021633,,,,,,,,65,8,0,3,3,21633,,54242444534255332253342224533323425343535433355524555242252535252543323434244455233533544253444344352554,BACACAAABDACBBDDCCBDDACCCABDDDCDACBDADBDBADDDBBBCABBBCACCBCBDBCBCBADDCDADACAAABBCDDBDDBAACBDAAADAADBCBBA,ABACACAABDACBBDDCCBDADCCACBDDDCDACBDADBDABDDBDBBACBBBCACBCBCBDBCBCADCDADADACAABBCDBDDDABACBDAAADAABDBCAB,,,6,21633,,,,,,,,,,,,,
237644,126,,,,,,,,,,53,44,000000000000000000000000300000000007200000000000233324000000552444500000,,bb40ab64,,,,,,,,60,0,5,bb40ab64,2560,16297,,54242444534255332253342224533323425343535433355524555242252535254343323434244455233533544253,BACACAAABDACBBDDCCBDDACCCABDDDCDACBDADBDBADDDBBBCABBBCACCBCBDBCBADADDCDADACAAABBCDDBDDBAACBD,ABACACAABDACBBDDCCBDADCCACBDDDCDACBDADBDABDDBDBBACBBBCACBCBCBDBCADADCDADADACAABBCDBDDDABACBD,,,5,16297,,,,,,,,,,,,,,54,23,43,000000000000000000000000223324552007244555335430453440000000244000000000,,00021638,,,,,,,,66,9,0,5,5,21638,,5424244453425533225334222453332342534353543335552455524225253525254332343424445523353354425344434435255423,BACACAAABDACBBDDCCBDDACCCABDDDCDACBDADBDBADDDBBBCABBBCACCBCBDBCBCBADDCDADACAAABBCDDBDDBAACBDAAADAADBCBBACD,ABACACAABDACBBDDCCBDADCCACBDDDCDACBDADBDABDDBDBBACBBBCACBCBCBDBCBCADCDADADACAABBCDBDDDABACBDAAADAABDBCABCD,,,6,21638,,,,,,,,,,,,,
237681,127,,,,,,,,,,53,44,000000000000000000000000300000000007200000000000233324000000552444500000,,bb40ab64,,,,,,,,60,0,5,bb40ab64,2560,16297,,54242444534255332253342224533323425343535433355524555242252535254343323434244455233533544253,BACACAAABDACBBDDCCBDDACCCABDDDCDACBDADBDBADDDBBBCABBBCACCBCBDBCBADADDCDADACAAABBCDDBDDBAACBD,ABACACAABDACBBDDCCBDADCCACBDDDCDACBDADBDABDDBDBBACBBBCACBCBCBDBCADADCDADADACAABBCDBDDDABACBD,,,5,16297,,,,,,,,,,,,,,,23,43,000000000000000000000000223324552007244555335430453445400000244000000000,,bb40abb1,,,,,,,,67,0,1,bb40abb1,40,21678,,5424244453425533225334222453332342534353543335552455524225253525254332343424445523353354425344434435255423,BACACAAABDACBBDDCCBDDACCCABDDDCDACBDADBDBADDDBBBCABBBCACCBCBDBCBCBADDCDADACAAABBCDDBDDBAACBDAAADAADBCBBACD,ABACACAABDACBBDDCCBDADCCACBDDDCDACBDADBDABDDBDBBACBBBCACBCBCBDBCBCADCDADADACAABBCDBDDDABACBDAAADAABDBCABCD,,,6,21678,,,,,,,,,,,,,
237764,128,,,,,,,,,,53,44,000000000000000000000000300000000007200000000000233324000000552444500000,,bb40ab64,,,,,,,,60,0,5,bb40ab64,2560,16297,,54242444534255332253342224533323425343535433355524555242252535254343323434244455233533544253,BACACAAABDACBBDDCCBDDACCCABDDDCDACBDADBDBADDDBBBCABBBCACCBCBDBCBADADDCDADACAAABBCDDBDDBAACBD,ABACACAABDACBBDDCCBDADCCACBDDDCDACBDADBDABDDBDBBACBBBCACBCBCBDBCADADCDADADACAABBCDBDDDABACBD,,,5,16297,,,,,,,,,,,,,,,23,43,000000000000000000000000223324552007244335430000453444000000244000000000,,bb40abb8,,,,,,,,68,0,2,bb40abb8,320,21998,,5424244453425533225334222453332342534353543335552455524225253525254332343424445523353354425344434435255423,BACACAAABDACBBDDCCBDDACCCABDDDCDACBDADBDBADDDBBBCABBBCACCBCBDBCBCBADDCDADACAAABBCDDBDDBAACBDAAADAADBCBBACD,ABACACAABDACBBDDCCBDADCCACBDDDCDACBDADBDABDDBDBBACBBBCACBCBCBDBCBCADCDADADACAABBCDBDDDABACBDAAADAABDBCABCD,,,6,21998,,,,,,,,,,,,,
237801,129,,,,,,,,,53,44,43,666660000000666660000000366666000007266666000000233326666600552566666000,,00016306,,,,,,,,61,1,0,9,9,16306,,5424244453425533225334222453332342534353543335552455524225253525434332343424445523353354425344,BACACAAABDACBBDDCCBDDACCCABDDDCDACBDADBDBADDDBBBCABBBCACCBCBDBCBADADDCDADACAAABBCDDBDDBAACBDAA,ABACACAABDACBBDDCCBDADCCACBDDDCDACBDADBDABDDBDBBACBBBCACBCBCBDBCADADCDADADACAABBCDBDDDABACBDAA,,,5,16306,,,,,,,,,,,,,,,23,43,000000000000000000000000223324552007244335430000453444000000244000000000,,bb40abb8,,,,,,,,68,0,2,bb40abb8,320,21998,,5424244453425533225334222453332342534353543335552455524225253525254332343424445523353354425344434435255423,BACACAAABDACBBDDCCBDDACCCABDDDCDACBDADBDBADDDBBBCABBBCACCBCBDBCBCBADDCDADACAAABBCDDBDDBAACBDAAADAADBCBBACD,ABACACAABDACBBDDCCBDADCCACBDDDCDACBDADBDABDDBDBBACBBBCACBCBCBDBCBCADCDADADACAABBCDBDDDABACBDAAADAABDBCABCD,,,6,21998,,,,,,,,,,,,,
237846,130,,,,,,,,,53,44,43,666660000000666660000000366666000007266666000000233326666600552566666000,,00016306,,,,,,,,61,1,0,9,9,16306,,5424244453425533225334222453332342534353543335552455524225253525434332343424445523353354425344,BACACAAABDACBBDDCCBDDACCCABDDDCDACBDADBDBADDDBBBCABBBCACCBCBDBCBADADDCDADACAAABBCDDBDDBAACBDAA,ABACACAABDACBBDDCCBDADCCACBDDDCDACBDADBDABDDBDBBACBBBCACBCBCBDBCADADCDADADACAABBCDBDDDABACBDAA,,,5,16306,,,,,,,,,,,,,,,23,43,000000000000000000000000222455200007244543000000453444000000244000000000,,bb80ab19,,,,,,,,69,0,3,bb80ab19,1520,23518,,5424244453425533225334222453332342534353543335552455524225253525254332343424445523353354425344434435255423,BACACAAABDACBBDDCCBDDACCCABDDDCDACBDADBDBADDDBBBCABBBCACCBCBDBCBCBADDCDADACAAABBCDDBDDBAACBDAAADAADBCBBACD,ABACACAABDACBBDDCCBDADCCACBDDDCDACBDADBDABDDBDBBACBBBCACBCBCBDBCBCADCDADADACAABBCDBDDDABACBDAAADAABDBCABCD,,,6,23518,,,,,,,,,,,,,
237930,131,,,,,,,,,53,44,43,666660000000666660000000366666000007266666000000233326666600552566666000,,00016306,,,,,,,,61,1,0,9,9,16306,,5424244453425533225334222453332342534353543335552455524225253525434332343424445523353354425344,BACACAAABDACBBDDCCBDDACCCABDDDCDACBDADBDBADDDBBBCABBBCACCBCBDBCBADADDCDADACAAABBCDDBDDBAACBDAA,ABACACAABDACBBDDCCBDADCCACBDDDCDACBDADBDABDDBDBBACBBBCACBCBCBDBCADADCDADADACAABBCDBDDDABACBDAA,,,5,16306,,,,,,,,,,,,,,,23,43,000000000000000000000000455200000007445300000000453000000000244000000000,,bb40ab32,,,,,,,,70,0,4,bb40ab32,1280,24798,,5424244453425533225334222453332342534353543335552455524225253525254332343424445523353354425344434435255423,BACACAAABDACBBDDCCBDDACCCABDDDCDACBDADBDBADDDBBBCABBBCACCBCBDBCBCBADDCDADACAAABBCDDBDDBAACBDAAADAADBCBBACD,ABACACAABDACBBDDCCBDADCCACBDDDCDACBDADBDABDDBDBBACBBBCACBCBCBDBCBCADCDADADACAABBCDBDDDABACBDAAADAABDBCABCD,,,6,24798,,,,,,,,,,,,,
238012,132,,,,,,,,,53,44,43,666660000000666660000000366666000007266666000000233326666600552566666000,,00016306,,,,,,,,61,1,0,9,9,16306,,5424244453425533225334222453332342534353543335552455524225253525434332343424445523353354425344,BACACAAABDACBBDDCCBDDACCCABDDDCDACBDADBDBADDDBBBCABBBCACCBCBDBCBADADDCDADACAAABBCDDBDDBAACBDAA,ABACACAABDACBBDDCCBDADCCACBDDDCDACBDADBDABDDBDBBACBBBCACBCBCBDBCADADCDADADACAABBCDBDDDABACBDAA,,,5,16306,,,,,,,,,,,,,,,23,43,000000000000000000000000552000000007530000000000530000000000244000000000,,bb40ab64,,,,,,,,71,0,5,bb40ab64,2560,27358,,5424244453425533225334222453332342534353543335552455524225253525254332343424445523353354425344434435255423,BACACAAABDACBBDDCCBDDACCCABDDDCDACBDADBDBADDDBBBCABBBCACCBCBDBCBCBADDCDADACAAABBCDDBDDBAACBDAAADAADBCBBACD,ABACACAABDACBBDDCCBDADCCACBDDDCDACBDADBDABDDBDBBACBBBCACBCBCBDBCBCADCDADADACAABBCDBDDDABACBDAAADAABDBCABCD,,,6,27358,,,,,,,,,,,,,
238039,133,,,,,,,,,,44,43,666666666600666666666600366666536666266666666660233326666666552566666666,,00016313,,,,,lose,,,62,1,0,7,7,16313,,5424244453425533225334222453332342534353543335552455524225253525434332343424445523353354425344,BACACAAABDACBBDDCCBDDACCCABDDDCDACBDADBDBADDDBBBCABBBCACCBCBDBCBADADDCDADACAAABBCDDBDDBAACBDAA,ABACACAABDACBBDDCCBDADCCACBDDDCDACBDADBDABDDBDBBACBBBCACBCBCBDBCADADCDADADACAABBCDBDDDABACBDAA,,,5,16313,,,,,,,,,,,,,,,23,43,000000000000000000000000552000000007530000000000530000000000244000000000,,bb40ab64,,,,,,,,71,0,5,bb40ab64,2560,27358,,5424244453425533225334222453332342534353543335552455524225253525254332343424445523353354425344434435255423,BACACAAABDACBBDDCCBDDACCCABDDDCDACBDADBDBADDDBBBCABBBCACCBCBDBCBCBADDCDADACAAABBCDDBDDBAACBDAAADAADBCBBACD,ABACACAABDACBBDDCCBDADCCACBDDDCDACBDADBDABDDBDBBACBBBCACBCBCBDBCBCADCDADADACAABBCDBDDDABACBDAAADAABDBCABCD,,,6,27358,,,,,,,,,,,,,
238090,133,,,,,,,,,,44,43,666666666600666666666600366666536666266666666660233326666666552566666666,,00016313,,,,,lose,,,62,1,0,7,7,16313,,5424244453425533225334222453332342534353543335552455524225253525434332343424445523353354425344,BACACAAABDACBBDDCCBDDACCCABDDDCDACBDADBDBADDDBBBCABBBCACCBCBDBCBADADDCDADACAAABBCDDBDDBAACBDAA,ABACACAABDACBBDDCCBDADCCACBDDDCDACBDADBDABDDBDBBACBBBCACBCBCBDBCADADCDADADACAABBCDBDDDABACBDAA,,,5,16313,,,,,,,,,,,,,,,23,43,000000000000000000000000200000000007300000000000300000000000244000000000,,00027366,,,,,win,,,72,0,5,8,8,27366,,5424244453425533225334222453332342534353543335552455524225253525254332343424445523353354425344434435255423,BACACAAABDACBBDDCCBDDACCCABDDDCDACBDADBDBADDDBBBCABBBCACCBCBDBCBCBADDCDADACAAABBCDDBDDBAACBDAAADAADBCBBACD,ABACACAABDACBBDDCCBDADCCACBDDDCDACBDADBDABDDBDBBACBBBCACBCBCBDBCBCADCDADADACAABBCDBDDDABACBDAAADAABDBCABCD,,,6,27366,,,,,,,,,,,,,
