248888,0,,,,,,,,,,23,33,000000000000000000000000000000000007000000000000000000000000000000000000,000000,00000000,,,,,,,,0,0,0,0,0,0,,23,AB,AB,,,0,0,,,,,,,,,,,,,,,23,33,000000000000000000000000000000000007000000000000000000000000000000000000,000000,00000000,,,,,,,,0,0,0,0,0,0,,23,AB,AB,,,0,0,,,,,,,,,,,,,
249039,2,,,,,,,,,23,33,11,000000000000000000000000000000000007000000000000000000000000000000000000,,00000000,,,,,,,,1,1,0,0,0,0,,2333,BAAA,ABAA,,,0,0,,,,,,,,,,,,,,23,33,11,000000000000000000000000000000000007000000000000000000000000000000000000,,00000000,,,,,,,,1,1,0,0,0,0,,2333,BAAA,ABAA,,,0,0,,,,,,,,,,,,,
249089,4,,,,,,,,,33,11,23,000000000000000000000000230000000007000000000000000000000000000000000000,,00000013,,,,,,,,2,2,0,13,13,13,,233311,BAAACC,ABAACC,,,0,13,,,,,,,,,,,,,,33,11,23,000000000000000000000000230000000007000000000000000000000000000000000000,,00000013,,,,,,,,2,2,0,13,13,13,,233311,BAAACC,ABAACC,,,0,13,,,,,,,,,,,,,
249141,6,,,,,,,,,11,23,15,300000000000300000000000230000000007000000000000000000000000000000000000,,00000026,,,,,,,,3,3,0,13,13,26,,23331123,BAAACCBA,ABAACCAB,,,0,26,,,,,,,,,,,,,,11,23,15,300000000000300000000000230000000007000000000000000000000000000000000000,,00000026,,,,,,,,3,3,0,13,13,26,,23331123,BAAACCBA,ABAACCAB,,,0,26,,,,,,,,,,,,,
249191,8,,,,,,,,,23,15,25,310000000000310000000000230000000007000000000000000000000000000000000000,,00000038,,,,,,,,4,4,0,12,12,38,,2333112315,BAAACCBACD,ABAACCABCD,,,0,38,,,,,,,,,,,,,,23,15,25,310000000000310000000000230000000007000000000000000000000000000000000000,,00000038,,,,,,,,4,4,0,12,12,38,,2333112315,BAAACCBACD,ABAACCABCD,,,0,38,,,,,,,,,,,,,
249238,10,,,,,,,,,15,25,31,310000000000313000000000232000000007000000000000000000000000000000000000,,00000049,,,,,,,,5,5,0,11,11,49,,233311231525,BAAACCBACDBD,ABAACCABCDBD,,,0,49,,,,,L_T1_GTR___hekomi__,,,,,,,,,15,25,31,310000000000313000000000232000000007000000000000000000000000000000000000,,00000049,,,,,,,,5,5,0,11,11,49,,233311231525,BAAACCBACDBD,ABAACCABCDBD,,,0,49,,,,,L_T1_GTR___hekomi__,,,,,,,,
249284,11,,,,,,,,,15,25,31,310000000000313000000000232000000007000000000000000000000000000000000000,,00000049,,,,,,,,5,5,0,11,11,49,,233311231525,BAAACCBACDBD,ABAACCABCDBD,,,0,49,,,,,L_T1_GTR___hekomi__,,,,,,,,,25,31,22,311500000000313000000000232000000007000000000000000000000000000000000000,,00000059,,,,,,,,6,6,0,10,10,59,,23331123152531,BAAACCBACDBDAC,ABAACCABCDBDAC,,,0,59,,,,,L_T1_GTR___standard,,,,,L_T1_GTR03_33000001,,,
249287,12,,,,,,,,,25,31,22,311500000000313000000000232000000007000000000000000000000000000000000000,,00000060,,,,,,,,6,6,0,11,11,60,,23331123152531,BAAACCBACDBDAC,ABAACCABCDBDAC,,,0,60,,,,,L_T1_GTR___standard,,,,,L_T1_GTR03_33000001,,,,25,31,22,311500000000313000000000232000000007000000000000000000000000000000000000,,00000059,,,,,,,,6,6,0,10,10,59,,23331123152531,BAAACCBACDBDAC,ABAACCABCDBDAC,,,0,59,,,,,L_T1_GTR___standard,,,,,L_T1_GTR03_33000001,,,
249327,13,,,,,,,,,25,31,22,311500000000313000000000232000000007000000000000000000000000000000000000,,00000060,,,,,,,,6,6,0,11,11,60,,23331123152531,BAAACCBACDBDAC,ABAACCABCDBDAC,,,0,60,,,,,L_T1_GTR___standard,,,,,L_T1_GTR03_33000001,,,,31,22,22,311500000000313500000000232200000007000000000000000000000000000000000000,,00000069,,,,,,,,7,7,0,10,10,69,,2333112315253122,BAAACCBACDBDACBB,ABAACCABCDBDACBB,,,0,69,,,,,L_T1_GTR___standard,,,,,L_T1_GTR03_33000001,,,
249332,14,,,,,,,,,31,22,22,311500000000313520000000232000000007000000000000000000000000000000000000,,00000069,,,,,,,,7,7,0,9,9,69,,2333112315253122,BAAACCBACDBDACBB,ABAACCABCDBDACBB,,,0,69,,,,,L_T1_GTR___standard,,,,,L_T1_GTR03_33000001,,,,31,22,22,311500000000313500000000232200000007000000000000000000000000000000000000,,00000069,,,,,,,,7,7,0,10,10,69,,2333112315253122,BAAACCBACDBDACBB,ABAACCABCDBDACBB,,,0,69,,,,,L_T1_GTR___standard,,,,,L_T1_GTR03_33000001,,,
249375,15,,,,,,,,,22,22,53,311513000000313520000000232000000007000000000000000000000000000000000000,,00000077,,,,,,,,8,8,0,8,8,77,,233311231525312222,BAAACCBACDBDACBBBB,ABAACCABCDBDACBBBB,,,0,77,,,,,L_T1_GTR___standard,,,,,L_T1_GTR03_33000001,,,,31,22,22,311500000000313500000000232200000007000000000000000000000000000000000000,,00000069,,,,,,,,7,7,0,10,10,69,,2333112315253122,BAAACCBACDBDACBB,ABAACCABCDBDACBB,,,0,69,,,,,L_T1_GTR___standard,,,,,L_T1_GTR03_33000001,,,
249380,16,,,,,,,,,22,22,53,311513000000313520000000232000000007000000000000000000000000000000000000,,00000077,,,,,,,,8,8,0,8,8,77,,233311231525312222,BAAACCBACDBDACBBBB,ABAACCABCDBDACBBBB,,,0,77,,,,,L_T1_GTR___standard,,,,,L_T1_GTR03_33000001,,,,22,22,53,311500000000313500000000232200000007300000000000100000000000000000000000,,00000082,,,,,,,,8,8,0,13,13,82,,233311231525312222,BAAACCBACDBDACBBBB,ABAACCABCDBDACBBBB,,,0,82,,,,,L_T1_GTR___standard,,,,,L_T1_GTR03_33000001,,,
249425,17,,,,,,,,,22,53,13,311513000000313520000000232000000007220000000000000000000000000000000000,,00000089,,,,,,,,9,9,0,12,12,89,,23331123152531222253,BAAACCBACDBDACBBBBDA,ABAACCABCDBDACBBBBAD,,,0,89,,,,,L_T1_GTR___standard,,,,,L_T1_GTR03_33000001/L_T1_GTR03_33000002/L_T1_GTR03_32100001,,,,22,22,53,311500000000313500000000232200000007300000000000100000000000000000000000,,00000082,,,,,,,,8,8,0,13,13,82,,233311231525312222,BAAACCBACDBDACBBBB,ABAACCABCDBDACBBBB,,,0,82,,,,,L_T1_GTR___standard,,,,,L_T1_GTR03_33000001,,,
249429,18,,,,,,,,,22,53,13,311513000000313520000000232000000007220000000000000000000000000000000000,,00000089,,,,,,,,9,9,0,12,12,89,,23331123152531222253,BAAACCBACDBDACBBBBDA,ABAACCABCDBDACBBBBAD,,,0,89,,,,,L_T1_GTR___standard,,,,,L_T1_GTR03_33000001/L_T1_GTR03_33000002/L_T1_GTR03_32100001,,,,22,53,13,311500000000313500000000232200000007320000000000120000000000000000000000,,00000094,,,,,,,,9,9,0,12,12,94,,23331123152531222253,BAAACCBACDBDACBBBBDA,ABAACCABCDBDACBBBBAD,,,0,94,,,,,L_T1_GTR___standard,,,,,L_T1_GTR03_33000001,,,
249465,19,,,,,,,,,53,13,12,311513220000313520000000232000000007220000000000000000000000000000000000,,00000095,,,,,,,,10,10,0,6,6,95,,2333112315253122225313,BAAACCBACDBDACBBBBDACA,ABAACCABCDBDACBBBBADAC,,,0,95,,,,,L_T1_GTR___standard,,,,,L_T1_GTR03_33000001/L_T1_GTR03_33000002/L_T1_GTR03_32100001,,,,22,53,13,311500000000313500000000232200000007320000000000120000000000000000000000,,00000094,,,,,,,,9,9,0,12,12,94,,23331123152531222253,BAAACCBACDBDACBBBBDA,ABAACCABCDBDACBBBBAD,,,0,94,,,,,L_T1_GTR___standard,,,,,L_T1_GTR03_33000001,,,
249474,20,,,,,,,,,53,13,12,311513220000313520000000232000000007220000000000000000000000000000000000,,00000095,,,,,,,,10,10,0,6,6,95,,2333112315253122225313,BAAACCBACDBDACBBBBDACA,ABAACCABCDBDACBBBBADAC,,,0,95,,,,,L_T1_GTR___standard,,,,,L_T1_GTR03_33000001/L_T1_GTR03_33000002/L_T1_GTR03_32100001,,,,53,13,12,311522000000313500000000232200000007320000000000120000000000000000000000,,00000102,,,,,,,,10,10,0,8,8,102,,2333112315253122225313,BAAACCBACDBDACBBBBDACA,ABAACCABCDBDACBBBBADAC,,,0,102,,,,,L_T1_GTR___standard,,,,,L_T1_GTR03_33000001,,,
249510,21,,,,,,,,,13,12,11,311513220000313520000000232530000007220000000000000000000000000000000000,,00000105,,,,,,,,11,11,0,10,10,105,,233311231525312222531312,BAAACCBACDBDACBBBBDACACB,ABAACCABCDBDACBBBBADACBC,,,0,105,,,,,L_T1_GTR___standard/L_T1_GTR___zabuton_,,,,,L_T1_GTR03_33000001/L_T1_GTR03_33000002/L_T1_GTR03_32100001,,,,53,13,12,311522000000313500000000232200000007320000000000120000000000000000000000,,00000102,,,,,,,,10,10,0,8,8,102,,2333112315253122225313,BAAACCBACDBDACBBBBDACA,ABAACCABCDBDACBBBBADAC,,,0,102,,,,,L_T1_GTR___standard,,,,,L_T1_GTR03_33000001,,,
249519,22,,,,,,,,,13,12,11,311513220000313520000000232530000007220000000000000000000000000000000000,,00000105,,,,,,,,11,11,0,10,10,105,,233311231525312222531312,BAAACCBACDBDACBBBBDACACB,ABAACCABCDBDACBBBBADACBC,,,0,105,,,,,L_T1_GTR___standard/L_T1_GTR___zabuton_,,,,,L_T1_GTR03_33000001/L_T1_GTR03_33000002/L_T1_GTR03_32100001,,,,13,12,11,311522000000313500000000232200000007323500000000120000000000000000000000,,00000112,,,,,,,,11,11,0,10,10,112,,233311231525312222531312,BAAACCBACDBDACBBBBDACACB,ABAACCABCDBDACBBBBADACBC,,,0,112,,,,,L_T1_GTR___standard,,,,,L_T1_GTR03_33000001,,,
249575,24,,,,,,,,,12,11,53,311513221000313523000000232530000007220000000000000000000000000000000000,,00000110,,,,,,,,12,12,0,5,5,110,,23331123152531222253131211,BAAACCBACDBDACBBBBDACACBCC,ABAACCABCDBDACBBBBADACBCCC,,,0,110,,,,,L_T1_GTR___standard/L_T1_GTR___zabuton_,,,,,L_T1_GTR03_33000001/L_T1_GTR03_33000002/L_T1_GTR03_32100001,,,,12,11,53,311522000000313500000000232200000007323500000000120000000000130000000000,,00000125,,,,,,,,12,12,0,13,13,125,,23331123152531222253131211,BAAACCBACDBDACBBBBDACACBCC,ABAACCABCDBDACBBBBADACBCCC,,,0,125,,,,,L_T1_GTR___standard,,,,,L_T1_GTR03_33000001,,,
249616,25,,,,,,,,,11,53,13,311513221000313523210000232530000007220000000000000000000000000000000000,,00000116,,,,,,,,13,13,0,6,6,116,,2333112315253122225313121153,BAAACCBACDBDACBBBBDACACBCCDA,ABAACCABCDBDACBBBBADACBCCCAD,,,0,116,,,,,L_T1_GTR___standard/L_T1_GTR___zabuton_,,,,,L_T1_GTR03_33000001/L_T1_GTR03_33000002/L_T1_GTR03_32100001,,,,12,11,53,311522000000313500000000232200000007323500000000120000000000130000000000,,00000125,,,,,,,,12,12,0,13,13,125,,23331123152531222253131211,BAAACCBACDBDACBBBBDACACBCC,ABAACCABCDBDACBBBBADACBCCC,,,0,125,,,,,L_T1_GTR___standard,,,,,L_T1_GTR03_33000001,,,
249629,26,,,,,,,,,11,53,13,311513221000313523210000232530000007220000000000000000000000000000000000,,00000116,,,,,,,,13,13,0,6,6,116,,2333112315253122225313121153,BAAACCBACDBDACBBBBDACACBCCDA,ABAACCABCDBDACBBBBADACBCCCAD,,,0,116,,,,,L_T1_GTR___standard/L_T1_GTR___zabuton_,,,,,L_T1_GTR03_33000001/L_T1_GTR03_33000002/L_T1_GTR03_32100001,,,,11,53,13,311522000000313500000000232200000007323500000000122000000000131000000000,,00000136,,,,,,,,13,13,0,11,11,136,,2333112315253122225313121153,BAAACCBACDBDACBBBBDACACBCCDA,ABAACCABCDBDACBBBBADACBCCCAD,,,0,136,,,,,L_T1_GTR___standard,,,,,L_T1_GTR03_33000001,,,
249670,27,,,,,,,,,53,13,53,311513221000313523210000232530000007220000000000110000000000000000000000,,00000128,,,,,,,,14,14,0,12,12,128,,233311231525312222531312115313,BAAACCBACDBDACBBBBDACACBCCDACA,ABAACCABCDBDACBBBBADACBCCCADAC,,,0,128,,,,,L_T1_GTR___standard/L_T1_GTR___zabuton_,,,,,L_T1_GTR03_33000001/L_T1_GTR03_33000002/L_T1_GTR03_32100001,,,,11,53,13,311522000000313500000000232200000007323500000000122000000000131000000000,,00000136,,,,,,,,13,13,0,11,11,136,,2333112315253122225313121153,BAAACCBACDBDACBBBBDACACBCCDA,ABAACCABCDBDACBBBBADACBCCCAD,,,0,136,,,,,L_T1_GTR___standard,,,,,L_T1_GTR03_33000001,,,
249677,28,,,,,,,,,53,13,53,311513221000313523210000232530000007220000000000110000000000000000000000,,00000128,,,,,,,,14,14,0,12,12,128,,233311231525312222531312115313,BAAACCBACDBDACBBBBDACACBCCDACA,ABAACCABCDBDACBBBBADACBCCCADAC,,,0,128,,,,,L_T1_GTR___standard/L_T1_GTR___zabuton_,,,,,L_T1_GTR03_33000001/L_T1_GTR03_33000002/L_T1_GTR03_32100001,,,,53,13,53,311522000000313500000000232200000007323500000000122000000000131110000000,,00000145,,,,,,,,14,14,0,9,9,145,,233311231525312222531312115313,BAAACCBACDBDACBBBBDACACBCCDACA,ABAACCABCDBDACBBBBADACBCCCADAC,,,0,145,,,,,L_T1_GTR___standard,,,,,L_T1_GTR03_33000001,,,
249723,30,,,,,,,,,13,53,35,311513221000313523210000232530000007220000000000113500000000000000000000,,00000138,,,,,,,,15,15,0,10,10,138,,23331123152531222253131211531353,BAAACCBACDBDACBBBBDACACBCCDACADA,ABAACCABCDBDACBBBBADACBCCCADACAD,,,0,138,,,,,L_T1_GTR___standard/L_T1_GTR___zabuton_,,,,,L_T1_GTR03_33000001/L_T1_GTR03_33000002/L_T1_GTR03_32100001,,,,13,53,35,311522000000313500000000232200000007323500000000122350000000131110000000,,00000154,,,,,,,,15,15,0,9,9,154,,23331123152531222253131211531353,BAAACCBACDBDACBBBBDACACBCCDACADA,ABAACCABCDBDACBBBBADACBCCCADACAD,,,0,154,,,,,L_T1_GTR___standard,,,,,L_T1_GTR03_33000001,,,
249765,31,,,,,,,,,13,53,35,311513221000313523210000232530000007220000000000113500000000000000000000,,00000138,,,,,,,,15,15,0,10,10,138,,23331123152531222253131211531353,BAAACCBACDBDACBBBBDACACBCCDACADA,ABAACCABCDBDACBBBBADACBCCCADACAD,,,0,138,,,,,L_T1_GTR___standard/L_T1_GTR___zabuton_,,,,,L_T1_GTR03_33000001/L_T1_GTR03_33000002/L_T1_GTR03_32100001,,,,53,35,23,311522000000313500000000232200000007323531000000122350000000131110000000,,00000162,,,,,,,,16,16,0,8,8,162,,2333112315253122225313121153135335,BAAACCBACDBDACBBBBDACACBCCDACADAAD,ABAACCABCDBDACBBBBADACBCCCADACADAD,,,0,162,,,,,L_T1_GTR___standard,,,,,L_T1_GTR03_33000001,,,
249777,32,,,,,,,,,53,35,23,311513221000313523210000232530000007220000000000113500000000310000000000,,00000150,,,,,,,,16,16,0,12,12,150,,2333112315253122225313121153135335,BAAACCBACDBDACBBBBDACACBCCDACADAAD,ABAACCABCDBDACBBBBADACBCCCADACADAD,,,0,150,,,,,L_T1_GTR___standard/L_T1_GTR___zabuton_,,,,,L_T1_GTR03_33000001/L_T1_GTR03_33000002/L_T1_GTR03_32100001,,,,53,35,23,311522000000313500000000232200000007323531000000122350000000131110000000,,00000162,,,,,,,,16,16,0,8,8,162,,2333112315253122225313121153135335,BAAACCBACDBDACBBBBDACACBCCDACADAAD,ABAACCABCDBDACBBBBADACBCCCADACADAD,,,0,162,,,,,L_T1_GTR___standard,,,,,L_T1_GTR03_33000001,,,
249809,33,,,,,,,,,53,35,23,311513221000313523210000232530000007220000000000113500000000310000000000,,00000150,,,,,,,,16,16,0,12,12,150,,2333112315253122225313121153135335,BAAACCBACDBDACBBBBDACACBCCDACADAAD,ABAACCABCDBDACBBBBADACBCCCADACADAD,,,0,150,,,,,L_T1_GTR___standard/L_T1_GTR___zabuton_,,,,,L_T1_GTR03_33000001/L_T1_GTR03_33000002/L_T1_GTR03_32100001,,,,35,23,55,311522000000313550000000232230000007323531000000122350000000131110000000,,00000171,,,,,,,,17,17,0,9,9,171,,233311231525312222531312115313533523,BAAACCBACDBDACBBBBDACACBCCDACADAADBA,ABAACCABCDBDACBBBBADACBCCCADACADADAB,,,0,171,,,,,L_T1_GTR___standard,,,,,L_T1_GTR03_33000001,,,
249849,34,,,,,,,,,35,23,55,311513221000313523210000232530000007220000000000113550000000313000000000,,00000159,,,,,,,,17,17,0,9,9,159,,233311231525312222531312115313533523,BAAACCBACDBDACBBBBDACACBCCDACADAADBA,ABAACCABCDBDACBBBBADACBCCCADACADADAB,,,0,159,,,,,L_T1_GTR___standard/L_T1_GTR___zabuton_,,,,,L_T1_GTR03_33000001/L_T1_GTR03_33000002/L_T1_GTR03_32100001,,,,35,23,55,311522000000313550000000232230000007323531000000122350000000131110000000,,00000171,,,,,,,,17,17,0,9,9,171,,233311231525312222531312115313533523,BAAACCBACDBDACBBBBDACACBCCDACADAADBA,ABAACCABCDBDACBBBBADACBCCCADACADADAB,,,0,171,,,,,L_T1_GTR___standard,,,,,L_T1_GTR03_33000001,,,
249867,35,,,,,,,,,35,23,55,311513221000313523210000232530000007220000000000113550000000313000000000,,00000159,,,,,,,,17,17,0,9,9,159,,233311231525312222531312115313533523,BAAACCBACDBDACBBBBDACACBCCDACADAADBA,ABAACCABCDBDACBBBBADACBCCCADACADADAB,,,0,159,,,,,L_T1_GTR___standard/L_T1_GTR___zabuton_,,,,,L_T1_GTR03_33000001/L_T1_GTR03_33000002/L_T1_GTR03_32100001,,,,23,55,53,311522500000313553000000232230000007323531000000122350000000131110000000,,00000178,,,,,,,,18,18,0,7,7,178,,23331123152531222253131211531353352355,BAAACCBACDBDACBBBBDACACBCCDACADAADBADD,ABAACCABCDBDACBBBBADACBCCCADACADADABDD,,,0,178,,,,,L_T1_GTR___standard,,,,,L_T1_GTR03_33000001,,,
249899,36,,,,,,,,,23,55,53,311513221000313523210000232530000007220000000000113550000000313350000000,,00000169,,,,,,,,18,18,0,10,10,169,,23331123152531222253131211531353352355,BAAACCBACDBDACBBBBDACACBCCDACADAADBADD,ABAACCABCDBDACBBBBADACBCCCADACADADABDD,,,0,169,,,,,L_T1_GTR___standard/L_T1_GTR___zabuton_,,,,,L_T1_GTR03_33000001/L_T1_GTR03_33000002/L_T1_GTR03_32100001,,,,23,55,53,311522500000313553000000232230000007323531000000122350000000131110000000,,00000178,,,,,,,,18,18,0,7,7,178,,23331123152531222253131211531353352355,BAAACCBACDBDACBBBBDACACBCCDACADAADBADD,ABAACCABCDBDACBBBBADACBCCCADACADADABDD,,,0,178,,,,,L_T1_GTR___standard,,,,,L_T1_GTR03_33000001,,,
249905,37,,,,,,,,,23,55,53,311513221000313523210000232530000007220000000000113550000000313350000000,,00000169,,,,,,,,18,18,0,10,10,169,,23331123152531222253131211531353352355,BAAACCBACDBDACBBBBDACACBCCDACADAADBADD,ABAACCABCDBDACBBBBADACBCCCADACADADABDD,,,0,169,,,,,L_T1_GTR___standard/L_T1_GTR___zabuton_,,,,,L_T1_GTR03_33000001/L_T1_GTR03_33000002/L_T1_GTR03_32100001,,,,55,53,25,311522500000313553320000232230000007323531000000122350000000131110000000,,00000184,,,,,,,,19,19,0,6,6,184,,2333112315253122225313121153135335235553,BAAACCBACDBDACBBBBDACACBCCDACADAADBADDDA,ABAACCABCDBDACBBBBADACBCCCADACADADABDDAD,,,0,184,,,,,L_T1_GTR___standard,,,,,L_T1_GTR03_33000001,,,
249939,38,,,,,,,,,55,53,25,311513221000313523210000232532300007220000000000113550000000313350000000,,00000177,,,,,,,,19,19,0,8,8,177,,2333112315253122225313121153135335235553,BAAACCBACDBDACBBBBDACACBCCDACADAADBADDDA,ABAACCABCDBDACBBBBADACBCCCADACADADABDDAD,,,0,177,,,,,L_T1_GTR___standard/L_T1_GTR___zabuton_,,,,,L_T1_GTR03_33000001/L_T1_GTR03_33000002/L_T1_GTR03_32100001,,,,55,53,25,311522500000313553320000232230000007323531000000122350000000131110000000,,00000184,,,,,,,,19,19,0,6,6,184,,2333112315253122225313121153135335235553,BAAACCBACDBDACBBBBDACACBCCDACADAADBADDDA,ABAACCABCDBDACBBBBADACBCCCADACADADABDDAD,,,0,184,,,,,L_T1_GTR___standard,,,,,L_T1_GTR03_33000001,,,
249949,39,,,,,,,,,55,53,25,311513221000313523210000232532300007220000000000113550000000313350000000,,00000177,,,,,,,,19,19,0,8,8,177,,2333112315253122225313121153135335235553,BAAACCBACDBDACBBBBDACACBCCDACADAADBADDDA,ABAACCABCDBDACBBBBADACBCCCADACADADABDDAD,,,0,177,,,,,L_T1_GTR___standard/L_T1_GTR___zabuton_,,,,,L_T1_GTR03_33000001/L_T1_GTR03_33000002/L_T1_GTR03_32100001,,,,53,25,11,311522500000313553320000232230000007323531000000122355000000131115000000,,00000192,,,,,,,,20,20,0,8,8,192,,233311231525312222531312115313533523555325,BAAACCBACDBDACBBBBDACACBCCDACADAADBADDDABD,ABAACCABCDBDACBBBBADACBCCCADACADADABDDADBD,,,0,192,,,,,L_T1_GTR___standard,,,,,L_T1_GTR03_33000001,,,
249975,40,,,,,,,,,53,25,11,311513221000313523215500232532300007220000000000113550000000313350000000,,00000181,,,,,,,,20,20,0,4,4,181,,233311231525312222531312115313533523555325,BAAACCBACDBDACBBBBDACACBCCDACADAADBADDDABD,ABAACCABCDBDACBBBBADACBCCCADACADADABDDADBD,,,0,181,,,,,L_T1_GTR___standard/L_T1_GTR___zabuton_,,,,,L_T1_GTR03_33000001/L_T1_GTR03_33000002/L_T1_GTR03_32100001,,,,53,25,11,311522500000313553320000232230000007323531000000122355000000131115000000,,00000192,,,,,,,,20,20,0,8,8,192,,233311231525312222531312115313533523555325,BAAACCBACDBDACBBBBDACACBCCDACADAADBADDDABD,ABAACCABCDBDACBBBBADACBCCCADACADADABDDADBD,,,0,192,,,,,L_T1_GTR___standard,,,,,L_T1_GTR03_33000001,,,
249989,41,,,,,,,,,53,25,11,311513221000313523215500232532300007220000000000113550000000313350000000,,00000181,,,,,,,,20,20,0,4,4,181,,233311231525312222531312115313533523555325,BAAACCBACDBDACBBBBDACACBCCDACADAADBADDDABD,ABAACCABCDBDACBBBBADACBCCCADACADADABDDADBD,,,0,181,,,,,L_T1_GTR___standard/L_T1_GTR___zabuton_,,,,,L_T1_GTR03_33000001/L_T1_GTR03_33000002/L_T1_GTR03_32100001,,,,25,11,23,311522500000313553320000232230000007323531000000122355350000131115000000,,00000198,,,,,,,,21,21,0,6,6,198,,23331123152531222253131211531353352355532511,BAAACCBACDBDACBBBBDACACBCCDACADAADBADDDABDCC,ABAACCABCDBDACBBBBADACBCCCADACADADABDDADBDCC,,,0,198,,,,,L_T1_GTR___standard,,,,,L_T1_GTR03_33000001,,,
250044,43,,,,,,,,,25,11,23,311513221000313523215500232532300007225000000000113553000000313350000000,,00000189,,,,,,,,21,21,0,8,8,189,,23331123152531222253131211531353352355532511,BAAACCBACDBDACBBBBDACACBCCDACADAADBADDDABDCC,ABAACCABCDBDACBBBBADACBCCCADACADADABDDADBDCC,,,0,189,,,,,L_T1_GTR___standard/L_T1_GTR___zabuton_,,,,,L_T1_GTR03_33000001/L_T1_GTR03_33000002/L_T1_GTR03_32100001,,,,11,23,25,311522550000313553322000232230000007323531000000122355350000131115000000,,00000203,,,,,,,,22,22,0,5,5,203,,2333112315253122225313121153135335235553251123,BAAACCBACDBDACBBBBDACACBCCDACADAADBADDDABDCCBA,ABAACCABCDBDACBBBBADACBCCCADACADADABDDADBDCCAB,,,0,203,,,,,L_T1_GTR___standard,,,,,L_T1_GTR03_33000001,,,
250082,44,,,,,,,,,25,11,23,311513221000313523215500232532300007225000000000113553000000313350000000,,00000189,,,,,,,,21,21,0,8,8,189,,23331123152531222253131211531353352355532511,BAAACCBACDBDACBBBBDACACBCCDACADAADBADDDABDCC,ABAACCABCDBDACBBBBADACBCCCADACADADABDDADBDCC,,,0,189,,,,,L_T1_GTR___standard/L_T1_GTR___zabuton_,,,,,L_T1_GTR03_33000001/L_T1_GTR03_33000002/L_T1_GTR03_32100001,,,,23,25,12,311522550000313553322000232231100007323531000000122355350000131115000000,,00000210,,,,,,,,23,23,0,7,7,210,,233311231525312222531312115313533523555325112325,BAAACCBACDBDACBBBBDACACBCCDACADAADBADDDABDCCBABD,ABAACCABCDBDACBBBBADACBCCCADACADADABDDADBDCCABBD,,,0,210,,,,,L_T1_GTR___standard,,,,,L_T1_GTR03_33000001,,,
250091,45,,,,,,,,,11,23,25,311513221000313523215500232532300007225000000000113553000000313352500000,,00000197,,,,,,,,22,22,0,8,8,197,,2333112315253122225313121153135335235553251123,BAAACCBACDBDACBBBBDACACBCCDACADAADBADDDABDCCBA,ABAACCABCDBDACBBBBADACBCCCADACADADABDDADBDCCAB,,,0,197,,,,,L_T1_GTR___standard/L_T1_GTR___zabuton_,,,,,L_T1_GTR03_33000001/L_T1_GTR03_33000002/L_T1_GTR03_32100001,,,,23,25,12,311522550000313553322000232231100007323531000000122355350000131115000000,,00000210,,,,,,,,23,23,0,7,7,210,,233311231525312222531312115313533523555325112325,BAAACCBACDBDACBBBBDACACBCCDACADAADBADDDABDCCBABD,ABAACCABCDBDACBBBBADACBCCCADACADADABDDADBDCCABBD,,,0,210,,,,,L_T1_GTR___standard,,,,,L_T1_GTR03_33000001,,,
250133,46,,,,,,,,,11,23,25,311513221000313523215500232532300007225000000000113553000000313352500000,,00000197,,,,,,,,22,22,0,8,8,197,,2333112315253122225313121153135335235553251123,BAAACCBACDBDACBBBBDACACBCCDACADAADBADDDABDCCBA,ABAACCABCDBDACBBBBADACBCCCADACADADABDDADBDCCAB,,,0,197,,,,,L_T1_GTR___standard/L_T1_GTR___zabuton_,,,,,L_T1_GTR03_33000001/L_T1_GTR03_33000002/L_T1_GTR03_32100001,,,,25,12,25,311522550000313553322000232231100007323531000000122355350000131115320000,,00000215,,,,,,,,24,24,0,5,5,215,,23331123152531222253131211531353352355532511232512,BAAACCBACDBDACBBBBDACACBCCDACADAADBADDDABDCCBABDCB,ABAACCABCDBDACBBBBADACBCCCADACADADABDDADBDCCABBDBC,,,0,215,,,,,L_T1_GTR___standard,,,,,L_T1_GTR03_33000001,,,
250135,47,,,,,,,,,23,25,12,311513221000313523215500232532300007225110000000113553000000313352500000,,00000206,,,,,,,,23,23,0,9,9,206,,233311231525312222531312115313533523555325112325,BAAACCBACDBDACBBBBDACACBCCDACADAADBADDDABDCCBABD,ABAACCABCDBDACBBBBADACBCCCADACADADABDDADBDCCABBD,,,0,206,,,,,L_T1_GTR___standard/L_T1_GTR___zabuton_,,,,,L_T1_GTR03_33000001/L_T1_GTR03_33000002/L_T1_GTR03_32100001,,,,25,12,25,311522550000313553322000232231100007323531000000122355350000131115320000,,00000215,,,,,,,,24,24,0,5,5,215,,23331123152531222253131211531353352355532511232512,BAAACCBACDBDACBBBBDACACBCCDACADAADBADDDABDCCBABDCB,ABAACCABCDBDACBBBBADACBCCCADACADADABDDADBDCCABBDBC,,,0,215,,,,,L_T1_GTR___standard,,,,,L_T1_GTR03_33000001,,,
250173,48,,,,,,,,,23,25,12,311513221000313523215500232532300007225110000000113553000000313352500000,,00000206,,,,,,,,23,23,0,9,9,206,,233311231525312222531312115313533523555325112325,BAAACCBACDBDACBBBBDACACBCCDACADAADBADDDABDCCBABD,ABAACCABCDBDACBBBBADACBCCCADACADADABDDADBDCCABBD,,,0,206,,,,,L_T1_GTR___standard/L_T1_GTR___zabuton_,,,,,L_T1_GTR03_33000001/L_T1_GTR03_33000002/L_T1_GTR03_32100001,,,,12,25,35,311522550000313553322000232231100007323531000000122355355000131115322000,,00000220,,,,,,,,25,25,0,5,5,220,,2333112315253122225313121153135335235553251123251225,BAAACCBACDBDACBBBBDACACBCCDACADAADBADDDABDCCBABDCBBD,ABAACCABCDBDACBBBBADACBCCCADACADADABDDADBDCCABBDBCBD,,,0,220,,,,,L_T1_GTR___standard,,,,,L_T1_GTR03_33000001,,,
250195,49,,,,,,,,,25,12,25,311513221000313523215500232532300007225112000000113553300000313352500000,,00000213,,,,,,,,24,24,0,7,7,213,,23331123152531222253131211531353352355532511232512,BAAACCBACDBDACBBBBDACACBCCDACADAADBADDDABDCCBABDCB,ABAACCABCDBDACBBBBADACBCCCADACADADABDDADBDCCABBDBC,,,0,213,,,,,L_T1_GTR___standard/L_T1_GTR___zabuton_,,,,,L_T1_GTR03_33000001/L_T1_GTR03_33000002/L_T1_GTR03_32100001,,,,12,25,35,311522550000313553322000232231100007323531000000122355355000131115322000,,00000220,,,,,,,,25,25,0,5,5,220,,2333112315253122225313121153135335235553251123251225,BAAACCBACDBDACBBBBDACACBCCDACADAADBADDDABDCCBABDCBBD,ABAACCABCDBDACBBBBADACBCCCADACADADABDDADBDCCABBDBCBD,,,0,220,,,,,L_T1_GTR___standard,,,,,L_T1_GTR03_33000001,,,
250209,50,,,,,,,,,25,12,25,311513221000313523215500232532300007225112000000113553300000313352500000,,00000213,,,,,,,,24,24,0,7,7,213,,23331123152531222253131211531353352355532511232512,BAAACCBACDBDACBBBBDACACBCCDACADAADBADDDABDCCBABDCB,ABAACCABCDBDACBBBBADACBCCCADACADADABDDADBDCCABBDBC,,,0,213,,,,,L_T1_GTR___standard/L_T1_GTR___zabuton_,,,,,L_T1_GTR03_33000001/L_T1_GTR03_33000002/L_T1_GTR03_32100001,,,,25,35,33,311522500000313553322000232231100007323531000000122355355000131115322210,,00000223,,,,,,,,26,26,0,3,3,223,,233311231525312222531312115313533523555325112325122535,BAAACCBACDBDACBBBBDACACBCCDACADAADBADDDABDCCBABDCBBDAD,ABAACCABCDBDACBBBBADACBCCCADACADADABDDADBDCCABBDBCBDAD,,,0,223,,,,,L_T1_GTR___standard,,,,,L_T1_GTR03_33000001,,,
250249,52,,,,,,,,,12,25,35,311513221000313523215500232532300007225112200000113553350000313352500000,,00000219,,,,,,,,25,25,0,6,6,219,,2333112315253122225313121153135335235553251123251225,BAAACCBACDBDACBBBBDACACBCCDACADAADBADDDABDCCBABDCBBD,ABAACCABCDBDACBBBBADACBCCCADACADADABDDADBDCCABBDBCBD,,,0,219,,,,,L_T1_GTR___standard/L_T1_GTR___zabuton_,,,,,L_T1_GTR03_33000001/L_T1_GTR03_33000002/L_T1_GTR03_32100001,,,,35,33,15,311522550000313553322000232231100007323531000000122355355520131115322210,,00000226,,,,,,,,27,27,0,3,3,226,,23331123152531222253131211531353352355532511232512253533,BAAACCBACDBDACBBBBDACACBCCDACADAADBADDDABDCCBABDCBBDADAA,ABAACCABCDBDACBBBBADACBCCCADACADADABDDADBDCCABBDBCBDADAA,,,0,226,,,,,L_T1_GTR___standard,,,,,L_T1_GTR03_33000001,,,
250303,53,,,,,,,,,25,35,33,311513221100313523215520232532300007225112200000113553350000313352300000,,00000222,,,,,,,,26,26,0,3,3,222,,233311231525312222531312115313533523555325112325122535,BAAACCBACDBDACBBBBDACACBCCDACADAADBADDDABDCCBABDCBBDAD,ABAACCABCDBDACBBBBADACBCCCADACADADABDDADBDCCABBDBCBDAD,,,0,222,,,,,L_T1_GTR___standard/L_T1_GTR___zabuton_,,,,,L_T1_GTR03_33000001/L_T1_GTR03_33000002/L_T1_GTR03_32100001,,,,35,33,15,311522550000313553322000232231100007323531000000122355355520131115322210,,00000226,,,,,,,,27,27,0,3,3,226,,23331123152531222253131211531353352355532511232512253533,BAAACCBACDBDACBBBBDACACBCCDACADAADBADDDABDCCBABDCBBDADAA,ABAACCABCDBDACBBBBADACBCCCADACADADABDDADBDCCABBDBCBDADAA,,,0,226,,,,,L_T1_GTR___standard,,,,,L_T1_GTR03_33000001,,,
250314,54,,,,,,,,,25,35,33,311513221100313523215520232532300007225112200000113553350000313352300000,,00000222,,,,,,,,26,26,0,3,3,222,,233311231525312222531312115313533523555325112325122535,BAAACCBACDBDACBBBBDACACBCCDACADAADBADDDABDCCBABDCBBDAD,ABAACCABCDBDACBBBBADACBCCCADACADADABDDADBDCCABBDBCBDAD,,,0,222,,,,,L_T1_GTR___standard/L_T1_GTR___zabuton_,,,,,L_T1_GTR03_33000001/L_T1_GTR03_33000002/L_T1_GTR03_32100001,,,,33,15,22,311522555000313553322300232231100007323531000000122355355520131115322210,,00000230,,,,,,,,28,28,0,4,4,230,,2333112315253122225313121153135335235553251123251225353315,BAAACCBACDBDACBBBBDACACBCCDACADAADBADDDABDCCBABDCBBDADAACD,ABAACCABCDBDACBBBBADACBCCCADACADADABDDADBDCCABBDBCBDADAACD,,,0,230,,,,,L_T1_GTR___standard,,,,,L_T1_GTR03_33000001,,,
250359,55,,,,,,,,,35,33,15,311513221100313523215520232532300007225112200000113553350000313352552000,,00000227,,,,,,,,27,27,0,5,5,227,,23331123152531222253131211531353352355532511232512253533,BAAACCBACDBDACBBBBDACACBCCDACADAADBADDDABDCCBABDCBBDADAA,ABAACCABCDBDACBBBBADACBCCCADACADADABDDADBDCCABBDBCBDADAA,,,0,227,,,,,L_T1_GTR___standard/L_T1_GTR___zabuton_,,,,,L_T1_GTR03_33000001/L_T1_GTR03_33000002/L_T1_GTR03_32100001,,,,33,15,22,311522555000313553322300232231100007323531000000122355355520131115322210,,00000230,,,,,,,,28,28,0,4,4,230,,2333112315253122225313121153135335235553251123251225353315,BAAACCBACDBDACBBBBDACACBCCDACADAADBADDDABDCCBABDCBBDADAACD,ABAACCABCDBDACBBBBADACBCCCADACADADABDDADBDCCABBDBCBDADAACD,,,0,230,,,,,L_T1_GTR___standard,,,,,L_T1_GTR03_33000001,,,
250368,56,,,,,,,,,35,33,15,311513221100313523215520232532300007225112200000113553350000313352552000,,00000227,,,,,,,,27,27,0,5,5,227,,23331123152531222253131211531353352355532511232512253533,BAAACCBACDBDACBBBBDACACBCCDACADAADBADDDABDCCBABDCBBDADAA,ABAACCABCDBDACBBBBADACBCCCADACADADABDDADBDCCABBDBCBDADAA,,,0,227,,,,,L_T1_GTR___standard/L_T1_GTR___zabuton_,,,,,L_T1_GTR03_33000001/L_T1_GTR03_33000002/L_T1_GTR03_32100001,,,,15,22,11,311522555000313553322300232231130007323531300000122355355520131115322210,,00000236,,,,,,,,29,29,0,6,6,236,,233311231525312222531312115313533523555325112325122535331522,BAAACCBACDBDACBBBBDACACBCCDACADAADBADDDABDCCBABDCBBDADAACDBB,ABAACCABCDBDACBBBBADACBCCCADACADADABDDADBDCCABBDBCBDADAACDBB,,,0,236,,,,,L_T1_GTR___standard,,,,,L_T1_GTR03_33000001,,,
250396,57,,,,,,,,,35,33,15,311513221100313523215520232532300007225112200000113553350000313352552000,,00000227,,,,,,,,27,27,0,5,5,227,,23331123152531222253131211531353352355532511232512253533,BAAACCBACDBDACBBBBDACACBCCDACADAADBADDDABDCCBABDCBBDADAA,ABAACCABCDBDACBBBBADACBCCCADACADADABDDADBDCCABBDBCBDADAA,,,0,227,,,,,L_T1_GTR___standard/L_T1_GTR___zabuton_,,,,,L_T1_GTR03_33000001/L_T1_GTR03_33000002/L_T1_GTR03_32100001,,,,,22,11,311522555000313553322300232231130007323531315000122355355520131115322210,,bb40abb1,,,,,,,,30,0,1,bb40abb1,40,276,,233311231525312222531312115313533523555325112325122535331522,BAAACCBACDBDACBBBBDACACBCCDACADAADBADDDABDCCBABDCBBDADAACDBB,ABAACCABCDBDACBBBBADACBCCCADACADADABDDADBDCCABBDBCBDADAACDBB,,,1,276,,,,,L_T1_GTR___standard,,,,,L_T1_GTR03_33000001,,,
250467,58,,,,,,,,,33,15,22,311513221100313523215520232532300007225112200000113553353500313352552000,,00000228,,,,,,,,28,28,0,1,1,228,,2333112315253122225313121153135335235553251123251225353315,BAAACCBACDBDACBBBBDACACBCCDACADAADBADDDABDCCBABDCBBDADAACD,ABAACCABCDBDACBBBBADACBCCCADACADADABDDADBDCCABBDBCBDADAACD,,,0,228,,,,,L_T1_GTR___standard/L_T1_GTR___zabuton_,,,,,L_T1_GTR03_33000001/L_T1_GTR03_33000002/L_T1_GTR03_32100001,,,,,22,11,311522555000313553322300232231130007323531315000122355355520131115322210,,bb40abb1,,,,,,,,30,0,1,bb40abb1,40,276,,233311231525312222531312115313533523555325112325122535331522,BAAACCBACDBDACBBBBDACACBCCDACADAADBADDDABDCCBABDCBBDADAACDBB,ABAACCABCDBDACBBBBADACBCCCADACADADABDDADBDCCABBDBCBDADAACDBB,,,1,276,,,,,L_T1_GTR___standard,,,,,L_T1_GTR03_33000001,,,
250480,59,,,,,,,,,33,15,22,311513221100313523215520232532300007225112200000113553353500313352552000,,00000228,,,,,,,,28,28,0,1,1,228,,2333112315253122225313121153135335235553251123251225353315,BAAACCBACDBDACBBBBDACACBCCDACADAADBADDDABDCCBABDCBBDADAACD,ABAACCABCDBDACBBBBADACBCCCADACADADABDDADBDCCABBDBCBDADAACD,,,0,228,,,,,L_T1_GTR___standard/L_T1_GTR___zabuton_,,,,,L_T1_GTR03_33000001/L_T1_GTR03_33000002/L_T1_GTR03_32100001,,,,,22,11,311522555000313553322300232231130007323531310000122355320000131115322210,,bb40abb8,,,,,,,,31,0,2,bb40abb8,320,596,,233311231525312222531312115313533523555325112325122535331522,BAAACCBACDBDACBBBBDACACBCCDACADAADBADDDABDCCBABDCBBDADAACDBB,ABAACCABCDBDACBBBBADACBCCCADACADADABDDADBDCCABBDBCBDADAACDBB,,,2,596,,,,,L_T1_GTR___standard,,,,,L_T1_GTR03_33000001,,,
250505,60,,,,,,,,,15,22,11,311513221100313523215520232532300007225112233000113553353500313352552000,,00000234,,,,,,,,29,29,0,6,6,234,,233311231525312222531312115313533523555325112325122535331522,BAAACCBACDBDACBBBBDACACBCCDACADAADBADDDABDCCBABDCBBDADAACDBB,ABAACCABCDBDACBBBBADACBCCCADACADADABDDADBDCCABBDBCBDADAACDBB,,,0,234,,,,,L_T1_GTR___standard/L_T1_GTR___zabuton_,,,,,L_T1_GTR03_33000001/L_T1_GTR03_33000002/L_T1_GTR03_32100001,,,,,22,11,311522555000313553322300232231130007323531310000122355320000131115322210,,bb40abb8,,,,,,,,31,0,2,bb40abb8,320,596,,233311231525312222531312115313533523555325112325122535331522,BAAACCBACDBDACBBBBDACACBCCDACADAADBADDDABDCCBABDCBBDADAACDBB,ABAACCABCDBDACBBBBADACBCCCADACADADABDDADBDCCABBDBCBDADAACDBB,,,2,596,,,,,L_T1_GTR___standard,,,,,L_T1_GTR03_33000001,,,
250575,61,,,,,,,,,15,22,11,311513221100313523215520232532300007225112233000113553353500313352552000,,00000234,,,,,,,,29,29,0,6,6,234,,233311231525312222531312115313533523555325112325122535331522,BAAACCBACDBDACBBBBDACACBCCDACADAADBADDDABDCCBABDCBBDADAACDBB,ABAACCABCDBDACBBBBADACBCCCADACADADABDDADBDCCABBDBCBDADAACDBB,,,0,234,,,,,L_T1_GTR___standard/L_T1_GTR___zabuton_,,,,,L_T1_GTR03_33000001/L_T1_GTR03_33000002/L_T1_GTR03_32100001,,,,22,11,31,311522555000313553322300232231130007323531310000122355300000131115310000,,00000602,,,,,,,,32,1,0,6,6,602,,23331123152531222253131211531353352355532511232512253533152211,BAAACCBACDBDACBBBBDACACBCCDACADAADBADDDABDCCBABDCBBDADAACDBBCC,ABAACCABCDBDACBBBBADACBCCCADACADADABDDADBDCCABBDBCBDADAACDBBCC,,,2,602,,,,,L_T1_GTR___standard,,,,,L_T1_GTR03_33000001,,,
250619,62,,,,,,,,,15,22,11,311513221100313523215520232532300007225112233000113553353500313352552000,,00000234,,,,,,,,29,29,0,6,6,234,,233311231525312222531312115313533523555325112325122535331522,BAAACCBACDBDACBBBBDACACBCCDACADAADBADDDABDCCBABDCBBDADAACDBB,ABAACCABCDBDACBBBBADACBCCCADACADADABDDADBDCCABBDBCBDADAACDBB,,,0,234,,,,,L_T1_GTR___standard/L_T1_GTR___zabuton_,,,,,L_T1_GTR03_33000001/L_T1_GTR03_33000002/L_T1_GTR03_32100001,,,,11,31,31,311522555000313553322300232231130007323531310000122355322000131115310000,,00000608,,,,,,,,33,2,0,6,6,608,,2333112315253122225313121153135335235553251123251225353315221131,BAAACCBACDBDACBBBBDACACBCCDACADAADBADDDABDCCBABDCBBDADAACDBBCCAC,ABAACCABCDBDACBBBBADACBCCCADACADADABDDADBDCCABBDBCBDADAACDBBCCAC,,,2,608,,,,,L_T1_GTR___standard,,,,,L_T1_GTR03_33000001,,,
250655,63,,,,,,,,,15,22,11,311513221100313523215520232532300007225112233000113553353500313352552000,,00000234,,,,,,,,29,29,0,6,6,234,,233311231525312222531312115313533523555325112325122535331522,BAAACCBACDBDACBBBBDACACBCCDACADAADBADDDABDCCBABDCBBDADAACDBB,ABAACCABCDBDACBBBBADACBCCCADACADADABDDADBDCCABBDBCBDADAACDBB,,,0,234,,,,,L_T1_GTR___standard/L_T1_GTR___zabuton_,,,,,L_T1_GTR03_33000001/L_T1_GTR03_33000002/L_T1_GTR03_32100001,,,,31,31,33,311522555000313553322300232231130007323531310000122355322000131115311100,,00000612,,,,,,,,34,3,0,4,4,612,,233311231525312222531312115313533523555325112325122535331522113131,BAAACCBACDBDACBBBBDACACBCCDACADAADBADDDABDCCBABDCBBDADAACDBBCCACAC,ABAACCABCDBDACBBBBADACBCCCADACADADABDDADBDCCABBDBCBDADAACDBBCCACAC,,,2,612,,,,,L_T1_GTR___standard,,,,,L_T1_GTR03_33000001,,,
250656,64,,,,,,,,,22,11,31,311513221160313523215526232532366007225112233600113553353560313352552516,,00000235,,,,,,,,30,30,0,1,1,235,,23331123152531222253131211531353352355532511232512253533152211,BAAACCBACDBDACBBBBDACACBCCDACADAADBADDDABDCCBABDCBBDADAACDBBCC,ABAACCABCDBDACBBBBADACBCCCADACADADABDDADBDCCABBDBCBDADAACDBBCC,,,0,235,,,,,L_T1_GTR___standard/L_T1_GTR___zabuton_,,,,,L_T1_GTR03_33000001/L_T1_GTR03_33000002/L_T1_GTR03_32100001,,,,31,31,33,311522555000313553322300232231130007323531310000122355322000131115311100,,00000612,,,,,,,,34,3,0,4,4,612,,233311231525312222531312115313533523555325112325122535331522113131,BAAACCBACDBDACBBBBDACACBCCDACADAADBADDDABDCCBABDCBBDADAACDBBCCACAC,ABAACCABCDBDACBBBBADACBCCCADACADADABDDADBDCCABBDBCBDADAACDBBCCACAC,,,2,612,,,,,L_T1_GTR___standard,,,,,L_T1_GTR03_33000001,,,
250689,65,,,,,,,,,11,31,31,311513221160313523215526232532366227225112233600113553353560313352552516,,00000239,,,,,,,,31,31,0,4,4,239,,2333112315253122225313121153135335235553251123251225353315221131,BAAACCBACDBDACBBBBDACACBCCDACADAADBADDDABDCCBABDCBBDADAACDBBCCAC,ABAACCABCDBDACBBBBADACBCCCADACADADABDDADBDCCABBDBCBDADAACDBBCCAC,,,0,239,,,,,L_T1_GTR___standard/L_T1_GTR___zabuton_,,,,,L_T1_GTR03_33000001/L_T1_GTR03_33000002/L_T1_GTR03_32100001,,,,31,31,33,311522555000313553322300232231130007323531310000122355322000131115311100,,00000612,,,,,,,,34,3,0,4,4,612,,233311231525312222531312115313533523555325112325122535331522113131,BAAACCBACDBDACBBBBDACACBCCDACADAADBADDDABDCCBABDCBBDADAACDBBCCACAC,ABAACCABCDBDACBBBBADACBCCCADACADADABDDADBDCCABBDBCBDADAACDBBCCACAC,,,2,612,,,,,L_T1_GTR___standard,,,,,L_T1_GTR03_33000001,,,
250710,66,,,,,,,,,11,31,31,311513221160313523215526232532366227225112233600113553353560313352552516,,00000239,,,,,,,,31,31,0,4,4,239,,2333112315253122225313121153135335235553251123251225353315221131,BAAACCBACDBDACBBBBDACACBCCDACADAADBADDDABDCCBABDCBBDADAACDBBCCAC,ABAACCABCDBDACBBBBADACBCCCADACADADABDDADBDCCABBDBCBDADAACDBBCCAC,,,0,239,,,,,L_T1_GTR___standard/L_T1_GTR___zabuton_,,,,,L_T1_GTR03_33000001/L_T1_GTR03_33000002/L_T1_GTR03_32100001,,,,31,33,13,311522555100313553322330232231130007323531310000122355322000131115311100,,00000615,,,,,,,,35,4,0,3,3,615,,23331123152531222253131211531353352355532511232512253533152211313133,BAAACCBACDBDACBBBBDACACBCCDACADAADBADDDABDCCBABDCBBDADAACDBBCCACACAA,ABAACCABCDBDACBBBBADACBCCCADACADADABDDADBDCCABBDBCBDADAACDBBCCACACAA,,,2,615,,,,,L_T1_GTR___standard,,,,,L_T1_GTR03_33000001,,,
250721,67,,,,,,,,,31,31,33,311513221160313523215526232532366227225112233600113553353561313352552516,,00000241,,,,,,,,32,32,0,2,2,241,,233311231525312222531312115313533523555325112325122535331522113131,BAAACCBACDBDACBBBBDACACBCCDACADAADBADDDABDCCBABDCBBDADAACDBBCCACAC,ABAACCABCDBDACBBBBADACBCCCADACADADABDDADBDCCABBDBCBDADAACDBBCCACAC,,,0,241,,,,,L_T1_GTR___standard/L_T1_GTR___zabuton_,,,,,L_T1_GTR03_33000001/L_T1_GTR03_33000002/L_T1_GTR03_32100001,,,,31,33,13,311522555100313553322330232231130007323531310000122355322000131115311100,,00000615,,,,,,,,35,4,0,3,3,615,,23331123152531222253131211531353352355532511232512253533152211313133,BAAACCBACDBDACBBBBDACACBCCDACADAADBADDDABDCCBABDCBBDADAACDBBCCACACAA,ABAACCABCDBDACBBBBADACBCCCADACADADABDDADBDCCABBDBCBDADAACDBBCCACACAA,,,2,615,,,,,L_T1_GTR___standard,,,,,L_T1_GTR03_33000001,,,
250753,68,,,,,,,,,31,33,13,311513221160313523215526232532366227225112233631113553353561313352552516,,00000244,,,,,,,,33,33,0,3,3,244,,23331123152531222253131211531353352355532511232512253533152211313133,BAAACCBACDBDACBBBBDACACBCCDACADAADBADDDABDCCBABDCBBDADAACDBBCCACACAA,ABAACCABCDBDACBBBBADACBCCCADACADADABDDADBDCCABBDBCBDADAACDBBCCACACAA,,,0,244,,,,,L_T1_GTR___standard/L_T1_GTR___zabuton_,,,,,L_T1_GTR03_33000001/L_T1_GTR03_33000002/L_T1_GTR03_32100001,,,,31,33,13,311522555100313553322330232231130007323531310000122355322000131115311100,,00000615,,,,,,,,35,4,0,3,3,615,,23331123152531222253131211531353352355532511232512253533152211313133,BAAACCBACDBDACBBBBDACACBCCDACADAADBADDDABDCCBABDCBBDADAACDBBCCACACAA,ABAACCABCDBDACBBBBADACBCCCADACADADABDDADBDCCABBDBCBDADAACDBBCCACACAA,,,2,615,,,,,L_T1_GTR___standard,,,,,L_T1_GTR03_33000001,,,
250765,69,,,,,,,,,31,33,13,311513221160313523215526232532366227225112233631113553353561313352552516,,00000244,,,,,,,,33,33,0,3,3,244,,23331123152531222253131211531353352355532511232512253533152211313133,BAAACCBACDBDACBBBBDACACBCCDACADAADBADDDABDCCBABDCBBDADAACDBBCCACACAA,ABAACCABCDBDACBBBBADACBCCCADACADADABDDADBDCCABBDBCBDADAACDBBCCACACAA,,,0,244,,,,,L_T1_GTR___standard/L_T1_GTR___zabuton_,,,,,L_T1_GTR03_33000001/L_T1_GTR03_33000002/L_T1_GTR03_32100001,,,,33,13,13,311522555131313553322330232231130007323531310000122355322000131115311100,,00000618,,,,,,,,36,5,0,3,3,618,,2333112315253122225313121153135335235553251123251225353315221131313313,BAAACCBACDBDACBBBBDACACBCCDACADAADBADDDABDCCBABDCBBDADAACDBBCCACACAACA,ABAACCABCDBDACBBBBADACBCCCADACADADABDDADBDCCABBDBCBDADAACDBBCCACACAAAC,,,2,618,,,,,L_T1_GTR___standard,,,,,L_T1_GTR03_33000001,,,
250799,70,,,,,,,,,31,33,13,311513221160313523215526232532366227225112233631113553353561313352552516,,00000244,,,,,,,,33,33,0,3,3,244,,23331123152531222253131211531353352355532511232512253533152211313133,BAAACCBACDBDACBBBBDACACBCCDACADAADBADDDABDCCBABDCBBDADAACDBBCCACACAA,ABAACCABCDBDACBBBBADACBCCCADACADADABDDADBDCCABBDBCBDADAACDBBCCACACAA,,,0,244,,,,,L_T1_GTR___standard/L_T1_GTR___zabuton_,,,,,L_T1_GTR03_33000001/L_T1_GTR03_33000002/L_T1_GTR03_32100001,,,,13,13,35,311522555131313553322330232231130007323531313300122355322000131115311100,,00000622,,,,,,,,37,6,0,4,4,622,,233311231525312222531312115313533523555325112325122535331522113131331313,BAAACCBACDBDACBBBBDACACBCCDACADAADBADDDABDCCBABDCBBDADAACDBBCCACACAACACA,ABAACCABCDBDACBBBBADACBCCCADACADADABDDADBDCCABBDBCBDADAACDBBCCACACAAACAC,,,2,622,,,,,L_T1_GTR___standard,,,,,L_T1_GTR03_33000001,,,
250821,71,,,,,,,,,31,33,13,311513221160313523215526232532366227225112233631113553353561313352552516,,00000244,,,,,,,,33,33,0,3,3,244,,23331123152531222253131211531353352355532511232512253533152211313133,BAAACCBACDBDACBBBBDACACBCCDACADAADBADDDABDCCBABDCBBDADAACDBBCCACACAA,ABAACCABCDBDACBBBBADACBCCCADACADADABDDADBDCCABBDBCBDADAACDBBCCACACAA,,,0,244,,,,,L_T1_GTR___standard/L_T1_GTR___zabuton_,,,,,L_T1_GTR03_33000001/L_T1_GTR03_33000002/L_T1_GTR03_32100001,,,,,13,35,311522555131313553322330232231131307323531313300122355322000131115311100,,bb60abb3,,,,,,,,38,0,1,bb60abb3,180,802,,233311231525312222531312115313533523555325112325122535331522113131331313,BAAACCBACDBDACBBBBDACACBCCDACADAADBADDDABDCCBABDCBBDADAACDBBCCACACAACACA,ABAACCABCDBDACBBBBADACBCCCADACADADABDDADBDCCABBDBCBDADAACDBBCCACACAAACAC,,,2,802,,,,,L_T1_GTR___standard,,,,,L_T1_GTR03_33000001,,,
250849,72,,,,,,,,,33,13,13,311513221160313523215526232532366227225112233631113553353561313352552516,,00000245,,,,,,,,34,34,0,1,1,245,,2333112315253122225313121153135335235553251123251225353315221131313313,BAAACCBACDBDACBBBBDACACBCCDACADAADBADDDABDCCBABDCBBDADAACDBBCCACACAACA,ABAACCABCDBDACBBBBADACBCCCADACADADABDDADBDCCABBDBCBDADAACDBBCCACACAAAC,,,0,245,,,,,L_T1_GTR___standard/L_T1_GTR___zabuton_,,,,,L_T1_GTR03_33000001/L_T1_GTR03_33000002/L_T1_GTR03_32100001,,,,,13,35,311522555131313553322330232231131307323531313300122355322000131115311100,,bb60abb3,,,,,,,,38,0,1,bb60abb3,180,802,,233311231525312222531312115313533523555325112325122535331522113131331313,BAAACCBACDBDACBBBBDACACBCCDACADAADBADDDABDCCBABDCBBDADAACDBBCCACACAACACA,ABAACCABCDBDACBBBBADACBCCCADACADADABDDADBDCCABBDBCBDADAACDBBCCACACAAACAC,,,2,802,,,,,L_T1_GTR___standard,,,,,L_T1_GTR03_33000001,,,
250894,73,,,,,,,,,,13,13,311513221160313523215526232532366223225112233631113553353361313352552316,,00000247,,,,,lose,,,35,34,0,2,2,247,,2333112315253122225313121153135335235553251123251225353315221131313313,BAAACCBACDBDACBBBBDACACBCCDACADAADBADDDABDCCBABDCBBDADAACDBBCCACACAACA,ABAACCABCDBDACBBBBADACBCCCADACADADABDDADBDCCABBDBCBDADAACDBBCCACACAAAC,,,0,247,,,,,L_T1_GTR___standard/L_T1_GTR___zabuton_,,,,,L_T1_GTR03_33000001/L_T1_GTR03_33000002/L_T1_GTR03_32100001,,,,,13,35,311522555131313553322330232231131307323531313300122355322000131115311100,,bb60abb3,,,,,,,,38,0,1,bb60abb3,180,802,,233311231525312222531312115313533523555325112325122535331522113131331313,BAAACCBACDBDACBBBBDACACBCCDACADAADBADDDABDCCBABDCBBDADAACDBBCCACACAACACA,ABAACCABCDBDACBBBBADACBCCCADACADADABDDADBDCCABBDBCBDADAACDBBCCACACAAACAC,,,2,802,,,,,L_T1_GTR___standard,,,,,L_T1_GTR03_33000001,,,
250896,73,,,,,,,,,,13,13,311513221160313523215526232532366223225112233631113553353361313352552316,,00000247,,,,,lose,,,35,34,0,2,2,247,,2333112315253122225313121153135335235553251123251225353315221131313313,BAAACCBACDBDACBBBBDACACBCCDACADAADBADDDABDCCBABDCBBDADAACDBBCCACACAACA,ABAACCABCDBDACBBBBADACBCCCADACADADABDDADBDCCABBDBCBDADAACDBBCCACACAAAC,,,0,247,,,,,L_T1_GTR___standard/L_T1_GTR___zabuton_,,,,,L_T1_GTR03_33000001/L_T1_GTR03_33000002/L_T1_GTR03_32100001,,,,,13,35,311522555110313553322000232231131007323531310000122355322000131115311100,,00000807,,,,,win,,,39,0,1,5,5,807,,233311231525312222531312115313533523555325112325122535331522113131331313,BAAACCBACDBDACBBBBDACACBCCDACADAADBADDDABDCCBABDCBBDADAACDBBCCACACAACACA,ABAACCABCDBDACBBBBADACBCCCADACADADABDDADBDCCABBDBCBDADAACDBBCCACACAAACAC,,,2,807,,,,,L_T1_GTR___standard,,,,,L_T1_GTR03_33000001,,,
