246076,0,,,,,,,,,,24,22,000000000000000000000000000000000007000000000000000000000000000000000000,000000,00000000,,,,,,,,0,0,0,0,0,0,,24,AB,AB,,,0,0,,,,,,,,,,,,,,,24,22,000000000000000000000000000000000007000000000000000000000000000000000000,000000,00000000,,,,,,,,0,0,0,0,0,0,,24,AB,AB,,,0,0,,,,,,,,,,,,,
246226,2,,,,,,,,,24,22,21,000000000000000000000000000000000007000000000000000000000000000000000000,,00000000,,,,,,,,1,1,0,0,0,0,,2422,ABAA,ABAA,,,0,0,,,,,,,,,,,,,,24,22,21,000000000000000000000000000000000007000000000000000000000000000000000000,,00000000,,,,,,,,1,1,0,0,0,0,,2422,ABAA,ABAA,,,0,0,,,,,,,,,,,,,
246274,4,,,,,,,,,22,21,12,000000000000000000000000420000000007000000000000000000000000000000000000,,00000012,,,,,,,,2,2,0,12,12,12,,242221,ABAAAC,ABAAAC,,,0,12,,,,,,,,,,,,,,22,21,12,000000000000000000000000420000000007000000000000000000000000000000000000,,00000012,,,,,,,,2,2,0,12,12,12,,242221,ABAAAC,ABAAAC,,,0,12,,,,,,,,,,,,,
246326,6,,,,,,,,,21,12,11,200000000000200000000000420000000007000000000000000000000000000000000000,,00000025,,,,,,,,3,3,0,13,13,25,,24222112,ABAAACCA,ABAAACAC,,,0,25,,,,,,,,,,,,,,21,12,11,200000000000200000000000420000000007000000000000000000000000000000000000,,00000025,,,,,,,,3,3,0,13,13,25,,24222112,ABAAACCA,ABAAACAC,,,0,25,,,,,,,,,,,,,
246377,7,,,,,,,,,12,11,51,200000000000200000000000420000000007210000000000000000000000000000000000,,00000038,,,,,,,,4,4,0,13,13,38,,2422211211,ABAAACCACC,ABAAACACCC,,,0,38,,,,,,,,,,,,,,21,12,11,200000000000200000000000420000000007000000000000000000000000000000000000,,00000025,,,,,,,,3,3,0,13,13,25,,24222112,ABAAACCA,ABAAACAC,,,0,25,,,,,,,,,,,,,
246379,8,,,,,,,,,12,11,51,200000000000200000000000420000000007210000000000000000000000000000000000,,00000038,,,,,,,,4,4,0,13,13,38,,2422211211,ABAAACCACC,ABAAACACCC,,,0,38,,,,,,,,,,,,,,12,11,51,200000000000200000000000420000000007000000000000210000000000000000000000,,00000038,,,,,,,,4,4,0,13,13,38,,2422211211,ABAAACCACC,ABAAACACCC,,,0,38,,,,,,,,,,,,,
246429,10,,,,,,,,,11,51,24,200000000000200000000000420000000007210000000000210000000000000000000000,,00000050,,,,,,,,5,5,0,12,12,50,,242221121151,ABAAACCACCDC,ABAAACACCCCD,,,0,50,,,,,,,,,,L_T1_GTR03_51000001,,,,11,51,24,200000000000200000000000420000000007210000000000210000000000000000000000,,00000050,,,,,,,,5,5,0,12,12,50,,242221121151,ABAAACCACCDC,ABAAACACCCCD,,,0,50,,,,,,,,,,L_T1_GTR03_51000001,,,
246480,12,,,,,,,,,51,24,55,210000000000210000000000420000000007210000000000210000000000000000000000,,00000062,,,,,,,,6,6,0,12,12,62,,24222112115124,ABAAACCACCDCAB,ABAAACACCCCDAB,,,0,62,,,,,,,,,,L_T1_GTR03_51000001,,,,51,24,55,210000000000210000000000420000000007210000000000210000000000000000000000,,00000062,,,,,,,,6,6,0,12,12,62,,24222112115124,ABAAACCACCDCAB,ABAAACACCCCDAB,,,0,62,,,,,,,,,,L_T1_GTR03_51000001,,,
246527,14,,,,,,,,,24,55,24,211500000000210000000000420000000007210000000000210000000000000000000000,,00000072,,,,,,,,7,7,0,10,10,72,,2422211211512455,ABAAACCACCDCABDD,ABAAACACCCCDABDD,,,0,72,,,,,,,,,,L_T1_GTR03_51000001,,,,24,55,24,211500000000210000000000420000000007210000000000210000000000000000000000,,00000072,,,,,,,,7,7,0,10,10,72,,2422211211512455,ABAAACCACCDCABDD,ABAAACACCCCDABDD,,,0,72,,,,,,,,,,L_T1_GTR03_51000001,,,
246577,15,,,,,,,,,24,55,24,211500000000210000000000420000000007210000000000210000000000000000000000,,00000072,,,,,,,,7,7,0,10,10,72,,2422211211512455,ABAAACCACCDCABDD,ABAAACACCCCDABDD,,,0,72,,,,,,,,,,L_T1_GTR03_51000001,,,,55,24,52,211500000000212400000000420000000007210000000000210000000000000000000000,,00000083,,,,,,,,8,8,0,11,11,83,,242221121151245524,ABAAACCACCDCABDDAB,ABAAACACCCCDABDDAB,,,0,83,,,,,L_T1_GTR___standard,,,,,L_T1_GTR03_51000001/L_T1_GTR03_33000001,,,
246579,16,,,,,,,,,55,24,52,211500000000210000000000420000000007214000000000212000000000000000000000,,00000083,,,,,,,,8,8,0,11,11,83,,242221121151245524,ABAAACCACCDCABDDAB,ABAAACACCCCDABDDAB,,,0,83,,,,,,,,,,L_T1_GTR03_51000001,,,,55,24,52,211500000000212400000000420000000007210000000000210000000000000000000000,,00000083,,,,,,,,8,8,0,11,11,83,,242221121151245524,ABAAACCACCDCABDDAB,ABAAACACCCCDABDDAB,,,0,83,,,,,L_T1_GTR___standard,,,,,L_T1_GTR03_51000001/L_T1_GTR03_33000001,,,
246621,17,,,,,,,,,55,24,52,211500000000210000000000420000000007214000000000212000000000000000000000,,00000083,,,,,,,,8,8,0,11,11,83,,242221121151245524,ABAAACCACCDCABDDAB,ABAAACACCCCDABDDAB,,,0,83,,,,,,,,,,L_T1_GTR03_51000001,,,,24,52,25,211555000000212400000000420000000007210000000000210000000000000000000000,,00000091,,,,,,,,9,9,0,8,8,91,,24222112115124552452,ABAAACCACCDCABDDABDA,ABAAACACCCCDABDDABAD,,,0,91,,,,,L_T1_GTR___standard,,,,,L_T1_GTR03_51000001/L_T1_GTR03_33000001,,,
246622,18,,,,,,,,,24,52,25,211500000000210000000000420000000007214550000000212000000000000000000000,,00000092,,,,,,,,9,9,0,9,9,92,,24222112115124552452,ABAAACCACCDCABDDABDA,ABAAACACCCCDABDDABAD,,,0,92,,,,,,,,,,L_T1_GTR03_51000001,,,,24,52,25,211555000000212400000000420000000007210000000000210000000000000000000000,,00000091,,,,,,,,9,9,0,8,8,91,,24222112115124552452,ABAAACCACCDCABDDABDA,ABAAACACCCCDABDDABAD,,,0,91,,,,,L_T1_GTR___standard,,,,,L_T1_GTR03_51000001/L_T1_GTR03_33000001,,,
246663,19,,,,,,,,,24,52,25,211500000000210000000000420000000007214550000000212000000000000000000000,,00000092,,,,,,,,9,9,0,9,9,92,,24222112115124552452,ABAAACCACCDCABDDABDA,ABAAACACCCCDABDDABAD,,,0,92,,,,,,,,,,L_T1_GTR03_51000001,,,,52,25,44,211555000000212442000000420000000007210000000000210000000000000000000000,,00000099,,,,,,,,10,10,0,8,8,99,,2422211211512455245225,ABAAACCACCDCABDDABDAAD,ABAAACACCCCDABDDABADAD,,,0,99,,,,,L_T1_GTR___standard,,,,,L_T1_GTR03_51000001/L_T1_GTR03_33000001,,,
246700,20,,,,,,,,,52,25,44,211500000000210000000000420000000007214550000000212400000000200000000000,,00000102,,,,,,,,10,10,0,10,10,102,,2422211211512455245225,ABAAACCACCDCABDDABDAAD,ABAAACACCCCDABDDABADAD,,,0,102,,,,,,,,,,,,,,52,25,44,211555000000212442000000420000000007210000000000210000000000000000000000,,00000099,,,,,,,,10,10,0,8,8,99,,2422211211512455245225,ABAAACCACCDCABDDABDAAD,ABAAACACCCCDABDDABADAD,,,0,99,,,,,L_T1_GTR___standard,,,,,L_T1_GTR03_51000001/L_T1_GTR03_33000001,,,
246703,21,,,,,,,,,52,25,44,211500000000210000000000420000000007214550000000212400000000200000000000,,00000102,,,,,,,,10,10,0,10,10,102,,2422211211512455245225,ABAAACCACCDCABDDABDAAD,ABAAACACCCCDABDDABADAD,,,0,102,,,,,,,,,,,,,,25,44,24,211555250000212442000000420000000007210000000000210000000000000000000000,,00000105,,,,,,,,11,11,0,6,6,105,,242221121151245524522544,ABAAACCACCDCABDDABDAADBB,ABAAACACCCCDABDDABADADBB,,,0,105,,,,,L_T1_GTR___standard,,,,,L_T1_GTR03_51000001/L_T1_GTR03_33000001,,,
246747,22,,,,,,,,,25,44,24,211500000000212500000000420000000007214550000000212400000000200000000000,,00000112,,,,,,,,11,11,0,10,10,112,,242221121151245524522544,ABAAACCACCDCABDDABDAADBB,ABAAACACCCCDABDDABADADBB,,,0,112,,,,,L_T1_GTR___standard,,,,,L_T1_GTR03_33000001,,,,25,44,24,211555250000212442000000420000000007210000000000210000000000000000000000,,00000105,,,,,,,,11,11,0,6,6,105,,242221121151245524522544,ABAAACCACCDCABDDABDAADBB,ABAAACACCCCDABDDABADADBB,,,0,105,,,,,L_T1_GTR___standard,,,,,L_T1_GTR03_51000001/L_T1_GTR03_33000001,,,
246761,23,,,,,,,,,25,44,24,211500000000212500000000420000000007214550000000212400000000200000000000,,00000112,,,,,,,,11,11,0,10,10,112,,242221121151245524522544,ABAAACCACCDCABDDABDAADBB,ABAAACACCCCDABDDABADADBB,,,0,112,,,,,L_T1_GTR___standard,,,,,L_T1_GTR03_33000001,,,,44,24,41,211555255000212442200000420000000007210000000000210000000000000000000000,,00000110,,,,,,,,12,12,0,5,5,110,,24222112115124552452254424,ABAAACCACCDCABDDABDAADBBAB,ABAAACACCCCDABDDABADADBBAB,,,0,110,,,,,L_T1_GTR___standard,,,,,L_T1_GTR03_51000001/L_T1_GTR03_33000001,,,
246791,24,,,,,,,,,44,24,41,211550000000212520000000420000000007214550000000212400000000200000000000,,00000121,,,,,,,,12,12,0,9,9,121,,24222112115124552452254424,ABAAACCACCDCABDDABDAADBBAB,ABAAACACCCCDABDDABADADBBAB,,,0,121,,,,,L_T1_GTR___standard,,,,,L_T1_GTR03_33000001,,,,44,24,41,211555255000212442200000420000000007210000000000210000000000000000000000,,00000110,,,,,,,,12,12,0,5,5,110,,24222112115124552452254424,ABAAACCACCDCABDDABDAADBBAB,ABAAACACCCCDABDDABADADBBAB,,,0,110,,,,,L_T1_GTR___standard,,,,,L_T1_GTR03_51000001/L_T1_GTR03_33000001,,,
246797,25,,,,,,,,,44,24,41,211550000000212520000000420000000007214550000000212400000000200000000000,,00000121,,,,,,,,12,12,0,9,9,121,,24222112115124552452254424,ABAAACCACCDCABDDABDAADBBAB,ABAAACACCCCDABDDABADADBBAB,,,0,121,,,,,L_T1_GTR___standard,,,,,L_T1_GTR03_33000001,,,,24,41,44,211555255440212442200000420000000007210000000000210000000000000000000000,,00000114,,,,,,,,13,13,0,4,4,114,,2422211211512455245225442441,ABAAACCACCDCABDDABDAADBBABBC,ABAAACACCCCDABDDABADADBBABBC,,,0,114,,,,,L_T1_GTR___standard,,,,,L_T1_GTR03_51000001/L_T1_GTR03_33000001,,,
246834,26,,,,,,,,,24,41,44,211554400000212520000000420000000007214550000000212400000000200000000000,,00000128,,,,,,,,13,13,0,7,7,128,,2422211211512455245225442441,ABAAACCACCDCABDDABDAADBBABBC,ABAAACACCCCDABDDABADADBBABBC,,,0,128,,,,,L_T1_GTR___standard,,,,,L_T1_GTR03_33000001,,,,24,41,44,211555255440212442200000420000000007210000000000210000000000000000000000,,00000114,,,,,,,,13,13,0,4,4,114,,2422211211512455245225442441,ABAAACCACCDCABDDABDAADBBABBC,ABAAACACCCCDABDDABADADBBABBC,,,0,114,,,,,L_T1_GTR___standard,,,,,L_T1_GTR03_51000001/L_T1_GTR03_33000001,,,
246850,27,,,,,,,,,24,41,44,211554400000212520000000420000000007214550000000212400000000200000000000,,00000128,,,,,,,,13,13,0,7,7,128,,2422211211512455245225442441,ABAAACCACCDCABDDABDAADBBABBC,ABAAACACCCCDABDDABADADBBABBC,,,0,128,,,,,L_T1_GTR___standard,,,,,L_T1_GTR03_33000001,,,,41,44,45,211555255440212442200000420000000007210000000000212400000000000000000000,,00000125,,,,,,,,14,14,0,11,11,125,,242221121151245524522544244144,ABAAACCACCDCABDDABDAADBBABBCBB,ABAAACACCCCDABDDABADADBBABBCBB,,,0,125,,,,,L_T1_GTR___standard,,,,,L_T1_GTR03_51000001/L_T1_GTR03_33000001,,,
246875,28,,,,,,,,,41,44,45,211554400000212522400000420000000007214550000000212400000000200000000000,,00000136,,,,,,,,14,14,0,8,8,136,,242221121151245524522544244144,ABAAACCACCDCABDDABDAADBBABBCBB,ABAAACACCCCDABDDABADADBBABBCBB,,,0,136,,,,,L_T1_GTR___standard,,,,,L_T1_GTR03_33000001,,,,41,44,45,211555255440212442200000420000000007210000000000212400000000000000000000,,00000125,,,,,,,,14,14,0,11,11,125,,242221121151245524522544244144,ABAAACCACCDCABDDABDAADBBABBCBB,ABAAACACCCCDABDDABADADBBABBCBB,,,0,125,,,,,L_T1_GTR___standard,,,,,L_T1_GTR03_51000001/L_T1_GTR03_33000001,,,
246898,29,,,,,,,,,41,44,45,211554400000212522400000420000000007214550000000212400000000200000000000,,00000136,,,,,,,,14,14,0,8,8,136,,242221121151245524522544244144,ABAAACCACCDCABDDABDAADBBABBCBB,ABAAACACCCCDABDDABADADBBABBCBB,,,0,136,,,,,L_T1_GTR___standard,,,,,L_T1_GTR03_33000001,,,,44,45,15,211555255440212442200000421000000007214000000000212400000000000000000000,,00000136,,,,,,,,15,15,0,11,11,136,,24222112115124552452254424414445,ABAAACCACCDCABDDABDAADBBABBCBBBD,ABAAACACCCCDABDDABADADBBABBCBBBD,,,0,136,,,,,L_T1_GTR___standard,,,,,L_T1_GTR03_51000001/L_T1_GTR03_33000001,,,
246927,30,,,,,,,,,44,45,15,211554400000212522400000420000000007214550000000212400000000214000000000,,00000147,,,,,,,,15,15,0,11,11,147,,24222112115124552452254424414445,ABAAACCACCDCABDDABDAADBBABBCBBBD,ABAAACACCCCDABDDABADADBBABBCBBBD,,,0,147,,,,,L_T1_GTR___standard,,,,,L_T1_GTR03_33000001,,,,44,45,15,211555255440212442200000421000000007214000000000212400000000000000000000,,00000136,,,,,,,,15,15,0,11,11,136,,24222112115124552452254424414445,ABAAACCACCDCABDDABDAADBBABBCBBBD,ABAAACACCCCDABDDABADADBBABBCBBBD,,,0,136,,,,,L_T1_GTR___standard,,,,,L_T1_GTR03_51000001/L_T1_GTR03_33000001,,,
246934,31,,,,,,,,,44,45,15,211554400000212522400000420000000007214550000000212400000000214000000000,,00000147,,,,,,,,15,15,0,11,11,147,,24222112115124552452254424414445,ABAAACCACCDCABDDABDAADBBABBCBBBD,ABAAACACCCCDABDDABADADBBABBCBBBD,,,0,147,,,,,L_T1_GTR___standard,,,,,L_T1_GTR03_33000001,,,,45,15,45,211555255444212442200000421000000007214000000000212400000000000000000000,,00000138,,,,,,,,16,16,0,2,2,138,,2422211211512455245225442441444515,ABAAACCACCDCABDDABDAADBBABBCBBBDCD,ABAAACACCCCDABDDABADADBBABBCBBBDCD,,,0,138,,,,,L_T1_GTR___standard,,,,,L_T1_GTR03_51000001/L_T1_GTR03_33000001,,,
246968,32,,,,,,,,,45,15,45,211554400000212522400000420000000007214554400000212400000000214000000000,,00000154,,,,,,,,16,16,0,7,7,154,,2422211211512455245225442441444515,ABAAACCACCDCABDDABDAADBBABBCBBBDCD,ABAAACACCCCDABDDABADADBBABBCBBBDCD,,,0,154,,,,,L_T1_GTR___standard,,,,,L_T1_GTR03_33000001,,,,45,15,45,211555255444212442200000421000000007214000000000212400000000000000000000,,00000138,,,,,,,,16,16,0,2,2,138,,2422211211512455245225442441444515,ABAAACCACCDCABDDABDAADBBABBCBBBDCD,ABAAACACCCCDABDDABADADBBABBCBBBDCD,,,0,138,,,,,L_T1_GTR___standard,,,,,L_T1_GTR03_51000001/L_T1_GTR03_33000001,,,
246972,33,,,,,,,,,45,15,45,211554400000212522400000420000000007214554400000212400000000214000000000,,00000154,,,,,,,,16,16,0,7,7,154,,2422211211512455245225442441444515,ABAAACCACCDCABDDABDAADBBABBCBBBDCD,ABAAACACCCCDABDDABADADBBABBCBBBDCD,,,0,154,,,,,L_T1_GTR___standard,,,,,L_T1_GTR03_33000001,,,,15,45,21,211555255444212442245000421000000007214000000000212400000000000000000000,,00000144,,,,,,,,17,17,0,6,6,144,,242221121151245524522544244144451545,ABAAACCACCDCABDDABDAADBBABBCBBBDCDBD,ABAAACACCCCDABDDABADADBBABBCBBBDCDBD,,,0,144,,,,,L_T1_GTR___standard,,,,,L_T1_GTR03_51000001/L_T1_GTR03_33000001,,,
247015,34,,,,,,,,,45,15,45,211554400000212522400000420000000007214554400000212400000000214000000000,,00000154,,,,,,,,16,16,0,7,7,154,,2422211211512455245225442441444515,ABAAACCACCDCABDDABDAADBBABBCBBBDCD,ABAAACACCCCDABDDABADADBBABBCBBBDCD,,,0,154,,,,,L_T1_GTR___standard,,,,,L_T1_GTR03_33000001,,,,45,21,12,211555255444212442245000421100000007214500000000212400000000000000000000,,00000154,,,,,,,,18,18,0,10,10,154,,24222112115124552452254424414445154521,ABAAACCACCDCABDDABDAADBBABBCBBBDCDBDAC,ABAAACACCCCDABDDABADADBBABBCBBBDCDBDAC,,,0,154,,,,,L_T1_GTR___standard,,,,,L_T1_GTR03_51000001/L_T1_GTR03_33000001,,,
247033,35,,,,,,,,,15,45,21,211554400000212522400000420000000007214554400000212450000000214400000000,,00000163,,,,,,,,17,17,0,9,9,163,,242221121151245524522544244144451545,ABAAACCACCDCABDDABDAADBBABBCBBBDCDBD,ABAAACACCCCDABDDABADADBBABBCBBBDCDBD,,,0,163,,,,,L_T1_GTR___standard,,,,,L_T1_GTR03_33000001,,,,45,21,12,211555255444212442245000421100000007214500000000212400000000000000000000,,00000154,,,,,,,,18,18,0,10,10,154,,24222112115124552452254424414445154521,ABAAACCACCDCABDDABDAADBBABBCBBBDCDBDAC,ABAAACACCCCDABDDABADADBBABBCBBBDCDBDAC,,,0,154,,,,,L_T1_GTR___standard,,,,,L_T1_GTR03_51000001/L_T1_GTR03_33000001,,,
247057,36,,,,,,,,,15,45,21,211554400000212522400000420000000007214554400000212450000000214400000000,,00000163,,,,,,,,17,17,0,9,9,163,,242221121151245524522544244144451545,ABAAACCACCDCABDDABDAADBBABBCBBBDCDBD,ABAAACACCCCDABDDABADADBBABBCBBBDCDBD,,,0,163,,,,,L_T1_GTR___standard,,,,,L_T1_GTR03_33000001,,,,21,12,11,211555255444212442245000421140000007214550000000212400000000000000000000,,00000163,,,,,,,,19,19,0,9,9,163,,2422211211512455245225442441444515452112,ABAAACCACCDCABDDABDAADBBABBCBBBDCDBDACCA,ABAAACACCCCDABDDABADADBBABBCBBBDCDBDACAC,,,0,163,,,,,L_T1_GTR___standard,,,,,L_T1_GTR03_51000001/L_T1_GTR03_33000001,,,
247104,37,,,,,,,,,45,21,12,211554400000212522450000421000000007214554400000212450000000214400000000,,00000169,,,,,,,,18,18,0,6,6,169,,24222112115124552452254424414445154521,ABAAACCACCDCABDDABDAADBBABBCBBBDCDBDAC,ABAAACACCCCDABDDABADADBBABBCBBBDCDBDAC,,,0,169,,,,,L_T1_GTR___standard,,,,,L_T1_GTR03_33000001,,,,21,12,11,211555255444212442245000421140000007214550000000212400000000000000000000,,00000163,,,,,,,,19,19,0,9,9,163,,2422211211512455245225442441444515452112,ABAAACCACCDCABDDABDAADBBABBCBBBDCDBDACCA,ABAAACACCCCDABDDABADADBBABBCBBBDCDBDACAC,,,0,163,,,,,L_T1_GTR___standard,,,,,L_T1_GTR03_51000001/L_T1_GTR03_33000001,,,
247113,38,,,,,,,,,45,21,12,211554400000212522450000421000000007214554400000212450000000214400000000,,00000169,,,,,,,,18,18,0,6,6,169,,24222112115124552452254424414445154521,ABAAACCACCDCABDDABDAADBBABBCBBBDCDBDAC,ABAAACACCCCDABDDABADADBBABBCBBBDCDBDAC,,,0,169,,,,,L_T1_GTR___standard,,,,,L_T1_GTR03_33000001,,,,12,11,45,211555255444212442245000421140000007214550000000212400000000210000000000,,00000176,,,,,,,,20,20,0,13,13,176,,242221121151245524522544244144451545211211,ABAAACCACCDCABDDABDAADBBABBCBBBDCDBDACCACC,ABAAACACCCCDABDDABADADBBABBCBBBDCDBDACACCC,,,0,176,,,,,L_T1_GTR___standard,,,,,L_T1_GTR03_33000001,,,
247138,39,,,,,,,,,21,12,11,211554400000212522455400421000000007214554400000212450000000214400000000,,00000173,,,,,,,,19,19,0,4,4,173,,2422211211512455245225442441444515452112,ABAAACCACCDCABDDABDAADBBABBCBBBDCDBDACCA,ABAAACACCCCDABDDABADADBBABBCBBBDCDBDACAC,,,0,173,,,,,L_T1_GTR___standard,,,,,L_T1_GTR03_33000001,,,,12,11,45,211555255444212442245000421140000007214550000000212400000000210000000000,,00000176,,,,,,,,20,20,0,13,13,176,,242221121151245524522544244144451545211211,ABAAACCACCDCABDDABDAADBBABBCBBBDCDBDACCACC,ABAAACACCCCDABDDABADADBBABBCBBBDCDBDACACCC,,,0,176,,,,,L_T1_GTR___standard,,,,,L_T1_GTR03_33000001,,,
247144,40,,,,,,,,,21,12,11,211554400000212522455400421000000007214554400000212450000000214400000000,,00000173,,,,,,,,19,19,0,4,4,173,,2422211211512455245225442441444515452112,ABAAACCACCDCABDDABDAADBBABBCBBBDCDBDACCA,ABAAACACCCCDABDDABADADBBABBCBBBDCDBDACAC,,,0,173,,,,,L_T1_GTR___standard,,,,,L_T1_GTR03_33000001,,,,,11,45,211555255444212442245000421142000007214551000000212400000000210000000000,,bb40abb1,,,,,,,,21,0,1,bb40abb1,40,216,,242221121151245524522544244144451545211211,ABAAACCACCDCABDDABDAADBBABBCBBBDCDBDACCACC,ABAAACACCCCDABDDABADADBBABBCBBBDCDBDACACCC,,,1,216,,,,,L_T1_GTR___standard,,,,,L_T1_GTR03_33000001,,,
247180,41,,,,,,,,,12,11,45,211554400000212522455400421120000007214554400000212450000000214400000000,,00000182,,,,,,,,20,20,0,9,9,182,,242221121151245524522544244144451545211211,ABAAACCACCDCABDDABDAADBBABBCBBBDCDBDACCACC,ABAAACACCCCDABDDABADADBBABBCBBBDCDBDACACCC,,,0,182,,,,,L_T1_GTR___standard,,,,,L_T1_GTR03_33000001,,,,,11,45,211555255444212442245000421142000007214551000000212400000000210000000000,,bb40abb1,,,,,,,,21,0,1,bb40abb1,40,216,,242221121151245524522544244144451545211211,ABAAACCACCDCABDDABDAADBBABBCBBBDCDBDACCACC,ABAAACACCCCDABDDABADADBBABBCBBBDCDBDACACCC,,,1,216,,,,,L_T1_GTR___standard,,,,,L_T1_GTR03_33000001,,,
247221,42,,,,,,,,,11,45,54,211554421000212522455400421120000007214554400000212450000000214400000000,,00000187,,,,,,,,21,21,0,5,5,187,,24222112115124552452254424414445154521121145,ABAAACCACCDCABDDABDAADBBABBCBBBDCDBDACCACCBD,ABAAACACCCCDABDDABADADBBABBCBBBDCDBDACACCCBD,,,0,187,,,,,L_T1_GTR___standard,,,,,L_T1_GTR03_33000001,,,,,11,45,211555255444212442245000421142000007214551000000212400000000210000000000,,bb40abb1,,,,,,,,21,0,1,bb40abb1,40,216,,242221121151245524522544244144451545211211,ABAAACCACCDCABDDABDAADBBABBCBBBDCDBDACCACC,ABAAACACCCCDABDDABADADBBABBCBBBDCDBDACACCC,,,1,216,,,,,L_T1_GTR___standard,,,,,L_T1_GTR03_33000001,,,
247227,43,,,,,,,,,11,45,54,211554421000212522455400421120000007214554400000212450000000214400000000,,00000187,,,,,,,,21,21,0,5,5,187,,24222112115124552452254424414445154521121145,ABAAACCACCDCABDDABDAADBBABBCBBBDCDBDACCACCBD,ABAAACACCCCDABDDABADADBBABBCBBBDCDBDACACCCBD,,,0,187,,,,,L_T1_GTR___standard,,,,,L_T1_GTR03_33000001,,,,,11,45,211555554444212444500000421140000007214551000000212400000000210000000000,,b140ab14,,,,,,,,22,0,2,b140ab14,1960,2176,,242221121151245524522544244144451545211211,ABAAACCACCDCABDDABDAADBBABBCBBBDCDBDACCACC,ABAAACACCCCDABDDABADADBBABBCBBBDCDBDACACCC,,,2,2176,,,,,L_T1_GTR___standard,,,,,L_T1_GTR03_33000001,,,
247273,44,,,,,,,,,45,54,52,211554421000212522455400421120000007214554400000212450000000214411000000,,00000195,,,,,,,,22,22,0,8,8,195,,2422211211512455245225442441444515452112114554,ABAAACCACCDCABDDABDAADBBABBCBBBDCDBDACCACCBDDB,ABAAACACCCCDABDDABADADBBABBCBBBDCDBDACACCCBDBD,,,0,195,,,,,L_T1_GTR___standard,,,,,L_T1_GTR03_33000001,,,,,11,45,211555554444212444500000421140000007214551000000212400000000210000000000,,b140ab14,,,,,,,,22,0,2,b140ab14,1960,2176,,242221121151245524522544244144451545211211,ABAAACCACCDCABDDABDAADBBABBCBBBDCDBDACCACC,ABAAACACCCCDABDDABADADBBABBCBBBDCDBDACACCC,,,2,2176,,,,,L_T1_GTR___standard,,,,,L_T1_GTR03_33000001,,,
247293,45,,,,,,,,,45,54,52,211554421000212522455400421120000007214554400000212450000000214411000000,,00000195,,,,,,,,22,22,0,8,8,195,,2422211211512455245225442441444515452112114554,ABAAACCACCDCABDDABDAADBBABBCBBBDCDBDACCACCBDDB,ABAAACACCCCDABDDABADADBBABBCBBBDCDBDACACCCBDBD,,,0,195,,,,,L_T1_GTR___standard,,,,,L_T1_GTR03_33000001,,,,11,45,54,211000000000212000000000421100000007214551000000212400000000210000000000,,00002184,,,,,,,,23,1,0,8,8,2184,,24222112115124552452254424414445154521121145,ABAAACCACCDCABDDABDAADBBABBCBBBDCDBDACCACCBD,ABAAACACCCCDABDDABADADBBABBCBBBDCDBDACACCCBD,,,2,2184,,,,,L_T1_GTR___standard,,,,,L_T1_GTR03_33000001,,,
247312,46,,,,,,,,,,54,52,211554421000212522455400421120000007214554400000212455400000214411000000,,bb40abb1,,,,,,,,23,0,1,bb40abb1,40,235,,2422211211512455245225442441444515452112114554,ABAAACCACCDCABDDABDAADBBABBCBBBDCDBDACCACCBDDB,ABAAACACCCCDABDDABADADBBABBCBBBDCDBDACACCCBDBD,,,1,235,,,,,L_T1_GTR___standard,,,,,L_T1_GTR03_33000001,,,,11,45,54,211000000000212000000000421100000007214551000000212400000000210000000000,,00002184,,,,,,,,23,1,0,8,8,2184,,24222112115124552452254424414445154521121145,ABAAACCACCDCABDDABDAADBBABBCBBBDCDBDACCACCBD,ABAAACACCCCDABDDABADADBBABBCBBBDCDBDACACCCBD,,,2,2184,,,,,L_T1_GTR___standard,,,,,L_T1_GTR03_33000001,,,
247337,47,,,,,,,,,,54,52,211554421000212522455400421120000007214554400000212455400000214411000000,,bb40abb1,,,,,,,,23,0,1,bb40abb1,40,235,,2422211211512455245225442441444515452112114554,ABAAACCACCDCABDDABDAADBBABBCBBBDCDBDACCACCBDDB,ABAAACACCCCDABDDABADADBBABBCBBBDCDBDACACCCBDBD,,,1,235,,,,,L_T1_GTR___standard,,,,,L_T1_GTR03_33000001,,,,,45,54,211110000000212000000000421100000007214551000000212400000000210000000000,,bb50abb2,,,,,,,,24,0,1,bb50abb2,100,2284,,24222112115124552452254424414445154521121145,ABAAACCACCDCABDDABDAADBBABBCBBBDCDBDACCACCBD,ABAAACACCCCDABDDABADADBBABBCBBBDCDBDACACCCBD,,,2,2284,,,,,,,,,,,,,
247394,48,,,,,,,,,,54,52,211554421000212522455400421120000007214440000000212440000000214411000000,,bb70ab12,,,,,,,,24,0,2,bb70ab12,840,1075,,2422211211512455245225442441444515452112114554,ABAAACCACCDCABDDABDAADBBABBCBBBDCDBDACCACCBDDB,ABAAACACCCCDABDDABADADBBABBCBBBDCDBDACACCCBDBD,,,2,1075,,,,,L_T1_GTR___standard,,,,,L_T1_GTR03_33000001,,,,,45,54,211110000000212000000000421100000007214551000000212400000000210000000000,,bb50abb2,,,,,,,,24,0,1,bb50abb2,100,2284,,24222112115124552452254424414445154521121145,ABAAACCACCDCABDDABDAADBBABBCBBBDCDBDACCACCBD,ABAAACACCCCDABDDABADADBBABBCBBBDCDBDACACCCBD,,,2,2284,,,,,,,,,,,,,
247418,49,,,,,,,,,,54,52,211554421000212522455400421120000007214440000000212440000000214411000000,,bb70ab12,,,,,,,,24,0,2,bb70ab12,840,1075,,2422211211512455245225442441444515452112114554,ABAAACCACCDCABDDABDAADBBABBCBBBDCDBDACCACCBDDB,ABAAACACCCCDABDDABADADBBABBCBBBDCDBDACACCCBDBD,,,2,1075,,,,,L_T1_GTR___standard,,,,,L_T1_GTR03_33000001,,,,,45,54,200000000000220000000000421100000007214551000000212400000000210000000000,,bb40abb8,,,,,,,,25,0,2,bb40abb8,320,2604,,24222112115124552452254424414445154521121145,ABAAACCACCDCABDDABDAADBBABBCBBBDCDBDACCACCBD,ABAAACACCCCDABDDABADADBBABBCBBBDCDBDACACCCBD,,,2,2604,,,,,,,,,,,,,
247476,50,,,,,,,,,,54,52,211554421000212522455400421120000007210000000000212000000000211100000000,,bb50ab18,,,,,,,,25,0,3,bb50ab18,900,1975,,2422211211512455245225442441444515452112114554,ABAAACCACCDCABDDABDAADBBABBCBBBDCDBDACCACCBDDB,ABAAACACCCCDABDDABADADBBABBCBBBDCDBDACACCCBDBD,,,3,1975,,,,,L_T1_GTR___standard,,,,,L_T1_GTR03_33000001,,,,,45,54,200000000000220000000000421100000007214551000000212400000000210000000000,,bb40abb8,,,,,,,,25,0,2,bb40abb8,320,2604,,24222112115124552452254424414445154521121145,ABAAACCACCDCABDDABDAADBBABBCBBBDCDBDACCACCBD,ABAAACACCCCDABDDABADADBBABBCBBBDCDBDACACCCBD,,,2,2604,,,,,,,,,,,,,
247498,51,,,,,,,,,,54,52,211554421000212522455400421120000007210000000000212000000000211100000000,,bb50ab18,,,,,,,,25,0,3,bb50ab18,900,1975,,2422211211512455245225442441444515452112114554,ABAAACCACCDCABDDABDAADBBABBCBBBDCDBDACCACCBDDB,ABAAACACCCCDABDDABADADBBABBCBBBDCDBDACACCCBDBD,,,3,1975,,,,,L_T1_GTR___standard,,,,,L_T1_GTR03_33000001,,,,,45,54,000000000000000000000000411000000007214551000000212400000000210000000000,,bb50ab18,,,,,,,,26,0,3,bb50ab18,900,3504,,24222112115124552452254424414445154521121145,ABAAACCACCDCABDDABDAADBBABBCBBBDCDBDACCACCBD,ABAAACACCCCDABDDABADADBBABBCBBBDCDBDACACCCBD,,,3,3504,,,,,,,,,,,,,
247556,52,,,,,,,,,,54,52,211554421000212522455400421120000007200000000000220000000000200000000000,,bb40ab32,,,,,,,,26,0,4,bb40ab32,1280,3255,,2422211211512455245225442441444515452112114554,ABAAACCACCDCABDDABDAADBBABBCBBBDCDBDACCACCBDDB,ABAAACACCCCDABDDABADADBBABBCBBBDCDBDACACCCBDBD,,,4,3255,,,,,L_T1_GTR___standard,,,,,L_T1_GTR03_33000001,,,,,45,54,000000000000000000000000411000000007214551000000212400000000210000000000,,bb50ab18,,,,,,,,26,0,3,bb50ab18,900,3504,,24222112115124552452254424414445154521121145,ABAAACCACCDCABDDABDAADBBABBCBBBDCDBDACCACCBD,ABAAACACCCCDABDDABADADBBABBCBBBDCDBDACACCCBD,,,3,3504,,,,,,,,,,,,,
247578,53,,,,,,,,,,54,52,211554421000212522455400421120000007200000000000220000000000200000000000,,bb40ab32,,,,,,,,26,0,4,bb40ab32,1280,3255,,2422211211512455245225442441444515452112114554,ABAAACCACCDCABDDABDAADBBABBCBBBDCDBDACCACCBDDB,ABAAACACCCCDABDDABADADBBABBCBBBDCDBDACACCCBDBD,,,4,3255,,,,,L_T1_GTR___standard,,,,,L_T1_GTR03_33000001,,,,,45,54,000000000000000000000000400000000007245510000000224000000000200000000000,,bb40ab32,,,,,,,,27,0,4,bb40ab32,1280,4784,,24222112115124552452254424414445154521121145,ABAAACCACCDCABDDABDAADBBABBCBBBDCDBDACCACCBD,ABAAACACCCCDABDDABADADBBABBCBBBDCDBDACACCCBD,,,4,4784,,,,,,,,,,,,,
247669,54,,,,,,,,,,54,52,211554421000212522455400421120000007200000000000220000000000200000000000,,bb40ab32,,,,,,,,26,0,4,bb40ab32,1280,3255,,2422211211512455245225442441444515452112114554,ABAAACCACCDCABDDABDAADBBABBCBBBDCDBDACCACCBDDB,ABAAACACCCCDABDDABADADBBABBCBBBDCDBDACACCCBDBD,,,4,3255,,,,,L_T1_GTR___standard,,,,,L_T1_GTR03_33000001,,,,45,54,52,000000000000000000000000400000000007455100000000400000000000000000000000,,00004793,,,,,,,,28,1,0,9,9,4793,,2422211211512455245225442441444515452112114554,ABAAACCACCDCABDDABDAADBBABBCBBBDCDBDACCACCBDDB,ABAAACACCCCDABDDABADADBBABBCBBBDCDBDACACCCBDBD,,,4,4793,,,,,,,,,,,,,
247683,55,,,,,,,,,54,52,54,211554421600212522455400421120000007600000000000400000000000600000000000,,00003262,,,,,,,,27,1,0,7,7,3262,,242221121151245524522544244144451545211211455452,ABAAACCACCDCABDDABDAADBBABBCBBBDCDBDACCACCBDDBDA,ABAAACACCCCDABDDABADADBBABBCBBBDCDBDACACCCBDBDAD,,,4,3262,,,,,L_T1_GTR___standard,,,,,L_T1_GTR03_33000001,,,,45,54,52,000000000000000000000000400000000007455100000000400000000000000000000000,,00004793,,,,,,,,28,1,0,9,9,4793,,2422211211512455245225442441444515452112114554,ABAAACCACCDCABDDABDAADBBABBCBBBDCDBDACCACCBDDB,ABAAACACCCCDABDDABADADBBABBCBBBDCDBDACACCCBDBD,,,4,4793,,,,,,,,,,,,,
247714,56,,,,,,,,,,52,54,211554421600212522455400421125400007600000000000600000000000600000000000,,bb40abb1,,,,,,,,28,0,1,bb40abb1,40,3302,,242221121151245524522544244144451545211211455452,ABAAACCACCDCABDDABDAADBBABBCBBBDCDBDACCACCBDDBDA,ABAAACACCCCDABDDABADADBBABBCBBBDCDBDACACCCBDBDAD,,,4,3302,,,,,L_T1_GTR___standard,,,,,L_T1_GTR03_33000001,,,,45,54,52,000000000000000000000000400000000007455100000000400000000000000000000000,,00004793,,,,,,,,28,1,0,9,9,4793,,2422211211512455245225442441444515452112114554,ABAAACCACCDCABDDABDAADBBABBCBBBDCDBDACCACCBDDB,ABAAACACCCCDABDDABADADBBABBCBBBDCDBDACACCCBDBD,,,4,4793,,,,,,,,,,,,,
247715,57,,,,,,,,,,52,54,211554421600212522455400421125400007600000000000600000000000600000000000,,bb40abb1,,,,,,,,28,0,1,bb40abb1,40,3302,,242221121151245524522544244144451545211211455452,ABAAACCACCDCABDDABDAADBBABBCBBBDCDBDACCACCBDDBDA,ABAAACACCCCDABDDABADADBBABBCBBBDCDBDACACCCBDBDAD,,,4,3302,,,,,L_T1_GTR___standard,,,,,L_T1_GTR03_33000001,,,,54,52,54,000000000000000000000000454000000007455100000000400000000000000000000000,,00004804,,,,,,,,29,2,0,11,11,4804,,242221121151245524522544244144451545211211455452,ABAAACCACCDCABDDABDAADBBABBCBBBDCDBDACCACCBDDBDA,ABAAACACCCCDABDDABADADBBABBCBBBDCDBDACACCCBDBDAD,,,4,4804,,,,,,,,,,,,,
247765,58,,,,,,,,,,52,54,211554421600212522455400421125400007600000000000600000000000600000000000,,bb40abb1,,,,,,,,28,0,1,bb40abb1,40,3302,,242221121151245524522544244144451545211211455452,ABAAACCACCDCABDDABDAADBBABBCBBBDCDBDACCACCBDDBDA,ABAAACACCCCDABDDABADADBBABBCBBBDCDBDACACCCBDBDAD,,,4,3302,,,,,L_T1_GTR___standard,,,,,L_T1_GTR03_33000001,,,,,52,54,000000000000000000000000454000000007455100000000454000000000000000000000,,bb40abb1,,,,,,,,30,0,1,bb40abb1,40,4844,,242221121151245524522544244144451545211211455452,ABAAACCACCDCABDDABDAADBBABBCBBBDCDBDACCACCBDDBDA,ABAAACACCCCDABDDABADADBBABBCBBBDCDBDACACCCBDBDAD,,,4,4844,,,,,,,,,,,,,
247794,59,,,,,,,,,,52,54,211552160000212522554000421125000007600000000000600000000000600000000000,,bb40abb8,,,,,,,,29,0,2,bb40abb8,320,3622,,242221121151245524522544244144451545211211455452,ABAAACCACCDCABDDABDAADBBABBCBBBDCDBDACCACCBDDBDA,ABAAACACCCCDABDDABADADBBABBCBBBDCDBDACACCCBDBDAD,,,4,3622,,,,,L_T1_GTR___standard,,,,,L_T1_GTR03_33000001,,,,,52,54,000000000000000000000000454000000007455100000000454000000000000000000000,,bb40abb1,,,,,,,,30,0,1,bb40abb1,40,4844,,242221121151245524522544244144451545211211455452,ABAAACCACCDCABDDABDAADBBABBCBBBDCDBDACCACCBDDBDA,ABAAACACCCCDABDDABADADBBABBCBBBDCDBDACACCCBDBDAD,,,4,4844,,,,,,,,,,,,,
247846,60,,,,,,,,,,52,54,211552160000212522554000421125000007600000000000600000000000600000000000,,bb40abb8,,,,,,,,29,0,2,bb40abb8,320,3622,,242221121151245524522544244144451545211211455452,ABAAACCACCDCABDDABDAADBBABBCBBBDCDBDACCACCBDDBDA,ABAAACACCCCDABDDABADADBBABBCBBBDCDBDACACCCBDBDAD,,,4,3622,,,,,L_T1_GTR___standard,,,,,L_T1_GTR03_33000001,,,,,52,54,000000000000000000000000440000000007410000000000440000000000000000000000,,bb50ab10,,,,,,,,31,0,2,bb50ab10,500,5344,,242221121151245524522544244144451545211211455452,ABAAACCACCDCABDDABDAADBBABBCBBBDCDBDACCACCBDDBDA,ABAAACACCCCDABDDABADADBBABBCBBBDCDBDACACCCBDBDAD,,,4,5344,,,,,,,,,,,,,
247877,61,,,,,,,,,,52,54,211551600000212555400000421150000007600000000000600000000000600000000000,,bb60ab19,,,,,,,,30,0,3,bb60ab19,1140,4762,,242221121151245524522544244144451545211211455452,ABAAACCACCDCABDDABDAADBBABBCBBBDCDBDACCACCBDDBDA,ABAAACACCCCDABDDABADADBBABBCBBBDCDBDACACCCBDBDAD,,,4,4762,,,,,L_T1_GTR___standard,,,,,L_T1_GTR03_33000001,,,,,52,54,000000000000000000000000440000000007410000000000440000000000000000000000,,bb50ab10,,,,,,,,31,0,2,bb50ab10,500,5344,,242221121151245524522544244144451545211211455452,ABAAACCACCDCABDDABDAADBBABBCBBBDCDBDACCACCBDDBDA,ABAAACACCCCDABDDABADADBBABBCBBBDCDBDACACCCBDBDAD,,,4,5344,,,,,,,,,,,,,
247936,62,,,,,,,,,,52,54,211551600000212555400000421150000007600000000000600000000000600000000000,,bb60ab19,,,,,,,,30,0,3,bb60ab19,1140,4762,,242221121151245524522544244144451545211211455452,ABAAACCACCDCABDDABDAADBBABBCBBBDCDBDACCACCBDDBDA,ABAAACACCCCDABDDABADADBBABBCBBBDCDBDACACCCBDBDAD,,,4,4762,,,,,L_T1_GTR___standard,,,,,L_T1_GTR03_33000001,,,,52,54,54,000000000000000000000000000000000007100000000000000000000000000000000000,,00005356,,,,,,,,32,1,0,12,12,5356,,24222112115124552452254424414445154521121145545254,ABAAACCACCDCABDDABDAADBBABBCBBBDCDBDACCACCBDDBDADB,ABAAACACCCCDABDDABADADBBABBCBBBDCDBDACACCCBDBDADBD,,,4,5356,,,,,,,,,,,,,
247960,63,,,,,,,,,,52,54,211160000000212400000000421100000007600000000000600000000000600000000000,,bb40ab32,,,,,,,,31,0,4,bb40ab32,1280,6042,,242221121151245524522544244144451545211211455452,ABAAACCACCDCABDDABDAADBBABBCBBBDCDBDACCACCBDDBDA,ABAAACACCCCDABDDABADADBBABBCBBBDCDBDACACCCBDBDAD,,,4,6042,,,,,,,,,,,,,,52,54,54,000000000000000000000000000000000007100000000000000000000000000000000000,,00005356,,,,,,,,32,1,0,12,12,5356,,24222112115124552452254424414445154521121145545254,ABAAACCACCDCABDDABDAADBBABBCBBBDCDBDACCACCBDDBDADB,ABAAACACCCCDABDDABADADBBABBCBBBDCDBDACACCCBDBDADBD,,,4,5356,,,,,,,,,,,,,
247984,64,,,,,,,,,,52,54,211160000000212400000000421100000007600000000000600000000000600000000000,,bb40ab32,,,,,,,,31,0,4,bb40ab32,1280,6042,,242221121151245524522544244144451545211211455452,ABAAACCACCDCABDDABDAADBBABBCBBBDCDBDACCACCBDDBDA,ABAAACACCCCDABDDABADADBBABBCBBBDCDBDACACCCBDBDAD,,,4,6042,,,,,,,,,,,,,,54,54,45,000000000000000000000000000000000007125000000000000000000000000000000000,,00005367,,,,,,,,33,2,0,11,11,5367,,2422211211512455245225442441444515452112114554525454,ABAAACCACCDCABDDABDAADBBABBCBBBDCDBDACCACCBDDBDADBDB,ABAAACACCCCDABDDABADADBBABBCBBBDCDBDACACCCBDBDADBDBD,,,4,5367,,,,,,,,,,,,,
248029,65,,,,,,,,,,52,54,211160000000212400000000421100000007600000000000600000000000600000000000,,bb40ab32,,,,,,,,31,0,4,bb40ab32,1280,6042,,242221121151245524522544244144451545211211455452,ABAAACCACCDCABDDABDAADBBABBCBBBDCDBDACCACCBDDBDA,ABAAACACCCCDABDDABADADBBABBCBBBDCDBDACACCCBDBDAD,,,4,6042,,,,,,,,,,,,,,54,45,10,000000000000000000000000000000000007125540000000000000000000000000000000,,00005377,,,,,,,,34,3,0,10,10,5377,,242221121151245524522544244144451545211211455452545445,ABAAACCACCDCABDDABDAADBBABBCBBBDCDBDACCACCBDDBDADBDBBD,ABAAACACCCCDABDDABADADBBABBCBBBDCDBDACACCCBDBDADBDBDBD,,,4,5377,,,,,,,,,,,,,
248042,66,,,,,,,,,,52,54,200000000000224000000000421100000007600000000000600000000000600000000000,,bb40ab64,,,,,,,,32,0,5,bb40ab64,2560,8602,,242221121151245524522544244144451545211211455452,ABAAACCACCDCABDDABDAADBBABBCBBBDCDBDACCACCBDDBDA,ABAAACACCCCDABDDABADADBBABBCBBBDCDBDACACCCBDBDAD,,,5,8602,,,,,,,,,,,,,,54,45,10,000000000000000000000000000000000007125540000000000000000000000000000000,,00005377,,,,,,,,34,3,0,10,10,5377,,242221121151245524522544244144451545211211455452545445,ABAAACCACCDCABDDABDAADBBABBCBBBDCDBDACCACCBDDBDADBDBBD,ABAAACACCCCDABDDABADADBBABBCBBBDCDBDACACCCBDBDADBDBDBD,,,4,5377,,,,,,,,,,,,,
248047,67,,,,,,,,,,52,54,200000000000224000000000421100000007600000000000600000000000600000000000,,bb40ab64,,,,,,,,32,0,5,bb40ab64,2560,8602,,242221121151245524522544244144451545211211455452,ABAAACCACCDCABDDABDAADBBABBCBBBDCDBDACCACCBDDBDA,ABAAACACCCCDABDDABADADBBABBCBBBDCDBDACACCCBDBDAD,,,5,8602,,,,,,,,,,,,,,45,45,21,000000000000000000000000000000000007125544500000000000000000000000000000,,00005384,,,,,,,,35,4,0,7,7,5384,,24222112115124552452254424414445154521121145545254544545,ABAAACCACCDCABDDABDAADBBABBCBBBDCDBDACCACCBDDBDADBDBBDBD,ABAAACACCCCDABDDABADADBBABBCBBBDCDBDACACCCBDBDADBDBDBDBD,,,4,5384,,,,,,,,,,,,,
248071,68,,,,,,,,,,52,54,200000000000224000000000421100000007600000000000600000000000600000000000,,bb40ab64,,,,,,,,32,0,5,bb40ab64,2560,8602,,242221121151245524522544244144451545211211455452,ABAAACCACCDCABDDABDAADBBABBCBBBDCDBDACCACCBDDBDA,ABAAACACCCCDABDDABADADBBABBCBBBDCDBDACACCCBDBDAD,,,5,8602,,,,,,,,,,,,,,45,21,11,000000000000000000000000000000000007125544500000000000000000000000000000,,00005384,,,,,,,,36,5,0,0,0,5384,,2422211211512455245225442441444515452112114554525454454521,ABAAACCACCDCABDDABDAADBBABBCBBBDCDBDACCACCBDDBDADBDBBDBDAC,ABAAACACCCCDABDDABADADBBABBCBBBDCDBDACACCCBDBDADBDBDBDBDAC,,,4,5384,,,,,,,,,,,,,
248105,69,,,,,,,,,,52,54,200000000000224000000000421100000007600000000000600000000000600000000000,,bb40ab64,,,,,,,,32,0,5,bb40ab64,2560,8602,,242221121151245524522544244144451545211211455452,ABAAACCACCDCABDDABDAADBBABBCBBBDCDBDACCACCBDDBDA,ABAAACACCCCDABDDABADADBBABBCBBBDCDBDACACCCBDBDAD,,,5,8602,,,,,,,,,,,,,,21,11,54,000000000000000000000000000000000007125544554000000000000000000000000000,,00005389,,,,,,,,37,6,0,5,5,5389,,242221121151245524522544244144451545211211455452545445452111,ABAAACCACCDCABDDABDAADBBABBCBBBDCDBDACCACCBDDBDADBDBBDBDACCC,ABAAACACCCCDABDDABADADBBABBCBBBDCDBDACACCCBDBDADBDBDBDBDACCC,,,4,5389,,,,,,,,,,,,,
248131,70,,,,,,,,,52,54,54,000000000000400000000000411000000007600000000000600000000000600000000000,,00008610,,,,,,,,33,1,0,8,8,8610,,24222112115124552452254424414445154521121145545254,ABAAACCACCDCABDDABDAADBBABBCBBBDCDBDACCACCBDDBDADB,ABAAACACCCCDABDDABADADBBABBCBBBDCDBDACACCCBDBDADBD,,,5,8610,,,,,,,,,,,,,,21,11,54,000000000000000000000000000000000007125544554000000000000000000000000000,,00005389,,,,,,,,37,6,0,5,5,5389,,242221121151245524522544244144451545211211455452545445452111,ABAAACCACCDCABDDABDAADBBABBCBBBDCDBDACCACCBDDBDADBDBBDBDACCC,ABAAACACCCCDABDDABADADBBABBCBBBDCDBDACACCCBDBDADBDBDBDBDACCC,,,4,5389,,,,,,,,,,,,,
248186,71,,,,,,,,,54,54,45,000000000000400000000000411000000007600000000000652000000000600000000000,,00008622,,,,,,,,34,2,0,12,12,8622,,2422211211512455245225442441444515452112114554525454,ABAAACCACCDCABDDABDAADBBABBCBBBDCDBDACCACCBDDBDADBDB,ABAAACACCCCDABDDABADADBBABBCBBBDCDBDACACCCBDBDADBDBD,,,5,8622,,,,,,,,,,,,,,21,11,54,000000000000000000000000000000000007125544554000000000000000000000000000,,00005389,,,,,,,,37,6,0,5,5,5389,,242221121151245524522544244144451545211211455452545445452111,ABAAACCACCDCABDDABDAADBBABBCBBBDCDBDACCACCBDDBDADBDBBDBDACCC,ABAAACACCCCDABDDABADADBBABBCBBBDCDBDACACCCBDBDADBDBDBDBDACCC,,,4,5389,,,,,,,,,,,,,
248229,72,,,,,,,,,54,54,45,000000000000400000000000411000000007600000000000652000000000600000000000,,00008622,,,,,,,,34,2,0,12,12,8622,,2422211211512455245225442441444515452112114554525454,ABAAACCACCDCABDDABDAADBBABBCBBBDCDBDACCACCBDDBDADBDB,ABAAACACCCCDABDDABADADBBABBCBBBDCDBDACACCCBDBDADBDBD,,,5,8622,,,,,,,,,,,,,,11,54,21,666660000000666660000000666660000007125544554216666660000000666660000000,,00005393,,,,,,,,38,7,0,4,4,5393,,24222112115124552452254424414445154521121145545254544545211154,ABAAACCACCDCABDDABDAADBBABBCBBBDCDBDACCACCBDDBDADBDBBDBDACCCDB,ABAAACACCCCDABDDABADADBBABBCBBBDCDBDACACCCBDBDADBDBDBDBDACCCBD,,,4,5393,,,,,,,,,,,,,
248238,73,,,,,,,,,54,45,21,000000000000400000000000411000000007654000000000652000000000600000000000,,00008634,,,,,,,,35,3,0,12,12,8634,,242221121151245524522544244144451545211211455452545445,ABAAACCACCDCABDDABDAADBBABBCBBBDCDBDACCACCBDDBDADBDBBD,ABAAACACCCCDABDDABADADBBABBCBBBDCDBDACACCCBDBDADBDBDBD,,,5,8634,,,,,,,,,,,,,,11,54,21,666660000000666660000000666660000007125544554216666660000000666660000000,,00005393,,,,,,,,38,7,0,4,4,5393,,24222112115124552452254424414445154521121145545254544545211154,ABAAACCACCDCABDDABDAADBBABBCBBBDCDBDACCACCBDDBDADBDBBDBDACCCDB,ABAAACACCCCDABDDABADADBBABBCBBBDCDBDACACCCBDBDADBDBDBDBDACCCBD,,,4,5393,,,,,,,,,,,,,
248284,74,,,,,,,,,45,21,11,000000000000445000000000411000000007654000000000652000000000600000000000,,00008645,,,,,,,,36,4,0,11,11,8645,,24222112115124552452254424414445154521121145545254544521,ABAAACCACCDCABDDABDAADBBABBCBBBDCDBDACCACCBDDBDADBDBBDAC,ABAAACACCCCDABDDABADADBBABBCBBBDCDBDACACCCBDBDADBDBDBDAC,,,5,8645,,,,,,,,,,,,,,11,54,21,666660000000666660000000666660000007125544554216666660000000666660000000,,00005393,,,,,,,,38,7,0,4,4,5393,,24222112115124552452254424414445154521121145545254544545211154,ABAAACCACCDCABDDABDAADBBABBCBBBDCDBDACCACCBDDBDADBDBBDBDACCCDB,ABAAACACCCCDABDDABADADBBABBCBBBDCDBDACACCCBDBDADBDBDBDBDACCCBD,,,4,5393,,,,,,,,,,,,,
248343,75,,,,,,,,,45,21,11,000000000000445000000000411000000007654000000000652000000000600000000000,,00008645,,,,,,,,36,4,0,11,11,8645,,24222112115124552452254424414445154521121145545254544521,ABAAACCACCDCABDDABDAADBBABBCBBBDCDBDACCACCBDDBDADBDBBDAC,ABAAACACCCCDABDDABADADBBABBCBBBDCDBDACACCCBDBDADBDBDBDAC,,,5,8645,,,,,,,,,,,,,,54,21,52,666661166600666666666000666666666007125544554216666666660000666666660000,,00005400,,,,,,,,39,8,0,7,7,5400,,2422211211512455245225442441444515452112114554525454454521115421,ABAAACCACCDCABDDABDAADBBABBCBBBDCDBDACCACCBDDBDADBDBBDBDACCCDBAC,ABAAACACCCCDABDDABADADBBABBCBBBDCDBDACACCCBDBDADBDBDBDBDACCCBDAC,,,4,5400,,,,,,,,,,,,,
248357,76,,,,,,,,,21,11,54,000000000000445000000000411000000007654000000000652400000000650000000000,,00008655,,,,,,,,37,5,0,10,10,8655,,2422211211512455245225442441444515452112114554525454452111,ABAAACCACCDCABDDABDAADBBABBCBBBDCDBDACCACCBDDBDADBDBBDACCC,ABAAACACCCCDABDDABADADBBABBCBBBDCDBDACACCCBDBDADBDBDBDACCC,,,5,8655,,,,,,,,,,,,,,54,21,52,666661166600666666666000666666666007125544554216666666660000666666660000,,00005400,,,,,,,,39,8,0,7,7,5400,,2422211211512455245225442441444515452112114554525454454521115421,ABAAACCACCDCABDDABDAADBBABBCBBBDCDBDACCACCBDDBDADBDBBDBDACCCDBAC,ABAAACACCCCDABDDABADADBBABBCBBBDCDBDACACCCBDBDADBDBDBDBDACCCBDAC,,,4,5400,,,,,,,,,,,,,
248377,77,,,,,,,,,21,11,54,000000000000445000000000411000000007654000000000652400000000650000000000,,00008655,,,,,,,,37,5,0,10,10,8655,,2422211211512455245225442441444515452112114554525454452111,ABAAACCACCDCABDDABDAADBBABBCBBBDCDBDACCACCBDDBDADBDBBDACCC,ABAAACACCCCDABDDABADADBBABBCBBBDCDBDACACCCBDBDADBDBDBDACCC,,,5,8655,,,,,,,,,,,,,,21,52,12,666661166654666666666000666666666007125544554216666666660000666666660000,,00005403,,,,,,,,40,9,0,3,3,5403,,242221121151245524522544244144451545211211455452545445452111542152,ABAAACCACCDCABDDABDAADBBABBCBBBDCDBDACCACCBDDBDADBDBBDBDACCCDBACDA,ABAAACACCCCDABDDABADADBBABBCBBBDCDBDACACCCBDBDADBDBDBDBDACCCBDACAD,,,4,5403,,,,,,,,,,,,,
248400,78,,,,,,,,,11,54,21,000000000000445000000000411100000007654200000000652400000000650000000000,,00008665,,,,,,,,38,6,0,10,10,8665,,242221121151245524522544244144451545211211455452545445211154,ABAAACCACCDCABDDABDAADBBABBCBBBDCDBDACCACCBDDBDADBDBBDACCCDB,ABAAACACCCCDABDDABADADBBABBCBBBDCDBDACACCCBDBDADBDBDBDACCCBD,,,5,8665,,,,,,,,,,,,,,21,52,12,666661166654666666666000666666666007125544554216666666660000666666660000,,00005403,,,,,,,,40,9,0,3,3,5403,,242221121151245524522544244144451545211211455452545445452111542152,ABAAACCACCDCABDDABDAADBBABBCBBBDCDBDACCACCBDDBDADBDBBDBDACCCDBACDA,ABAAACACCCCDABDDABADADBBABBCBBBDCDBDACACCCBDBDADBDBDBDBDACCCBDACAD,,,4,5403,,,,,,,,,,,,,
248408,79,,,,,,,,,11,54,21,000000000000445000000000411100000007654200000000652400000000650000000000,,00008665,,,,,,,,38,6,0,10,10,8665,,242221121151245524522544244144451545211211455452545445211154,ABAAACCACCDCABDDABDAADBBABBCBBBDCDBDACCACCBDDBDADBDBBDACCCDB,ABAAACACCCCDABDDABADADBBABBCBBBDCDBDACACCCBDBDADBDBDBDACCCBD,,,5,8665,,,,,,,,,,,,,,52,12,52,666661166654666666666000666666666217125544554216666666660000666666660000,,00005407,,,,,,,,41,10,0,4,4,5407,,24222112115124552452254424414445154521121145545254544545211154215212,ABAAACCACCDCABDDABDAADBBABBCBBBDCDBDACCACCBDDBDADBDBBDBDACCCDBACDACA,ABAAACACCCCDABDDABADADBBABBCBBBDCDBDACACCCBDBDADBDBDBDBDACCCBDACADAC,,,4,5407,,,,,,,,,,,,,
248441,80,,,,,,,,,54,21,52,000000000000445000000000411100000007654211000000652400000000650000000000,,00008673,,,,,,,,39,7,0,8,8,8673,,24222112115124552452254424414445154521121145545254544521115421,ABAAACCACCDCABDDABDAADBBABBCBBBDCDBDACCACCBDDBDADBDBBDACCCDBAC,ABAAACACCCCDABDDABADADBBABBCBBBDCDBDACACCCBDBDADBDBDBDACCCBDAC,,,5,8673,,,,,,,,,,,,,,52,12,52,666661166654666666666000666666666217125544554216666666660000666666660000,,00005407,,,,,,,,41,10,0,4,4,5407,,24222112115124552452254424414445154521121145545254544545211154215212,ABAAACCACCDCABDDABDAADBBABBCBBBDCDBDACCACCBDDBDADBDBBDBDACCCDBACDACA,ABAAACACCCCDABDDABADADBBABBCBBBDCDBDACACCCBDBDADBDBDBDBDACCCBDACADAC,,,4,5407,,,,,,,,,,,,,
248485,81,,,,,,,,,,21,52,000000000000445000000000411100000007654211000000652400000000655400000000,,bb40abb1,,,,,,,,40,0,1,bb40abb1,40,8713,,24222112115124552452254424414445154521121145545254544521115421,ABAAACCACCDCABDDABDAADBBABBCBBBDCDBDACCACCBDDBDADBDBBDACCCDBAC,ABAAACACCCCDABDDABADADBBABBCBBBDCDBDACACCCBDBDADBDBDBDACCCBDAC,,,5,8713,,,,,,,,,,,,,,52,12,52,666661166654666666666000666666666217125544554216666666660000666666660000,,00005407,,,,,,,,41,10,0,4,4,5407,,24222112115124552452254424414445154521121145545254544545211154215212,ABAAACCACCDCABDDABDAADBBABBCBBBDCDBDACCACCBDDBDADBDBBDBDACCCDBACDACA,ABAAACACCCCDABDDABADADBBABBCBBBDCDBDACACCCBDBDADBDBDBDBDACCCBDACADAC,,,4,5407,,,,,,,,,,,,,
248489,82,,,,,,,,,,21,52,000000000000445000000000411100000007654211000000652400000000655400000000,,bb40abb1,,,,,,,,40,0,1,bb40abb1,40,8713,,24222112115124552452254424414445154521121145545254544521115421,ABAAACCACCDCABDDABDAADBBABBCBBBDCDBDACCACCBDDBDADBDBBDACCCDBAC,ABAAACACCCCDABDDABADADBBABBCBBBDCDBDACACCCBDBDADBDBDBDACCCBDAC,,,5,8713,,,,,,,,,,,,,,12,52,55,666661166654666666666200666666666217125544554216666666660000666666660000,,00005408,,,,,,,,42,11,0,1,1,5408,,2422211211512455245225442441444515452112114554525454454521115421521252,ABAAACCACCDCABDDABDAADBBABBCBBBDCDBDACCACCBDDBDADBDBBDBDACCCDBACDACADA,ABAAACACCCCDABDDABADADBBABBCBBBDCDBDACACCCBDBDADBDBDBDBDACCCBDACADACAD,,,4,5408,,,,,,,,,,,,,
248523,83,,,,,,,,,,21,52,000000000000445000000000411100000007654211000000652400000000655400000000,,bb40abb1,,,,,,,,40,0,1,bb40abb1,40,8713,,24222112115124552452254424414445154521121145545254544521115421,ABAAACCACCDCABDDABDAADBBABBCBBBDCDBDACCACCBDDBDADBDBBDACCCDBAC,ABAAACACCCCDABDDABADADBBABBCBBBDCDBDACACCCBDBDADBDBDBDACCCBDAC,,,5,8713,,,,,,,,,,,,,,52,55,54,666661166654666666666212666666666217125544554216666666660000666666660000,,00005411,,,,,,,,43,12,0,3,3,5411,,242221121151245524522544244144451545211211455452545445452111542152125255,ABAAACCACCDCABDDABDAADBBABBCBBBDCDBDACCACCBDDBDADBDBBDBDACCCDBACDACADADD,ABAAACACCCCDABDDABADADBBABBCBBBDCDBDACACCCBDBDADBDBDBDBDACCCBDACADACADDD,,,4,5411,,,,,,,,,,,,,
248568,84,,,,,,,,,,21,52,000000000000445000000000411100000007421100000000240000000000400000000000,,bb90ab13,,,,,,,,41,0,2,bb90ab13,1170,9883,,24222112115124552452254424414445154521121145545254544521115421,ABAAACCACCDCABDDABDAADBBABBCBBBDCDBDACCACCBDDBDADBDBBDACCCDBAC,ABAAACACCCCDABDDABADADBBABBCBBBDCDBDACACCCBDBDADBDBDBDACCCBDAC,,,5,9883,,,,,,,,,,,,,,52,55,54,666661166654666666666212666666666217125544554216666666660000666666660000,,00005411,,,,,,,,43,12,0,3,3,5411,,242221121151245524522544244144451545211211455452545445452111542152125255,ABAAACCACCDCABDDABDAADBBABBCBBBDCDBDACCACCBDDBDADBDBBDBDACCCDBACDACADADD,ABAAACACCCCDABDDABADADBBABBCBBBDCDBDACACCCBDBDADBDBDBDBDACCCBDACADACADDD,,,4,5411,,,,,,,,,,,,,
248571,85,,,,,,,,,,21,52,000000000000445000000000411100000007421100000000240000000000400000000000,,bb90ab13,,,,,,,,41,0,2,bb90ab13,1170,9883,,24222112115124552452254424414445154521121145545254544521115421,ABAAACCACCDCABDDABDAADBBABBCBBBDCDBDACCACCBDDBDADBDBBDACCCDBAC,ABAAACACCCCDABDDABADADBBABBCBBBDCDBDACACCCBDBDADBDBDBDACCCBDAC,,,5,9883,,,,,,,,,,,,,,55,54,25,666661166654666666666212666666666217125544554216666666660000666666660000,,00005412,,,,,,,,44,13,0,1,1,5412,,24222112115124552452254424414445154521121145545254544545211154215212525554,ABAAACCACCDCABDDABDAADBBABBCBBBDCDBDACCACCBDDBDADBDBBDBDACCCDBACDACADADDDB,ABAAACACCCCDABDDABADADBBABBCBBBDCDBDACACCCBDBDADBDBDBDBDACCCBDACADACADDDBD,,,4,5412,,,,,,,,,,,,,
248628,88,,,,,,,,,,21,52,000000000000445000000000411100000007421100000000240000000000400000000000,,bb90ab13,,,,,,,,41,0,2,bb90ab13,1170,9883,,24222112115124552452254424414445154521121145545254544521115421,ABAAACCACCDCABDDABDAADBBABBCBBBDCDBDACCACCBDDBDADBDBBDACCCDBAC,ABAAACACCCCDABDDABADADBBABBCBBBDCDBDACACCCBDBDADBDBDBDACCCBDAC,,,5,9883,,,,,,,,,,,,,,,00,00,666661166654666666666212666666666215125544554216666666660000666666660000,,00005413,,,,,lose,,,46,14,0,0,0,5413,,2422211211512455245225442441444515452112114554525454454521115421521252555400,ABAAACCACCDCABDDABDAADBBABBCBBBDCDBDACCACCBDDBDADBDBBDBDACCCDBACDACADADDDBEE,ABAAACACCCCDABDDABADADBBABBCBBBDCDBDACACCCBDBDADBDBDBDBDACCCBDACADACADDDBDEE,,,4,5413,,,,,,,,,,,,,
248647,86,,,,,,,,,,21,52,000000000000500000000000000000000007200000000000240000000000400000000000,,00009894,,,,,win,,,42,0,2,11,11,9894,,24222112115124552452254424414445154521121145545254544521115421,ABAAACCACCDCABDDABDAADBBABBCBBBDCDBDACCACCBDDBDADBDBBDACCCDBAC,ABAAACACCCCDABDDABADADBBABBCBBBDCDBDACACCCBDBDADBDBDBDACCCBDAC,,,5,9894,,,,,,,,,,,,,,,00,00,666661166654666666666212666666666215125544554216666666660000666666660000,,00005413,,,,,lose,,,46,14,0,0,0,5413,,2422211211512455245225442441444515452112114554525454454521115421521252555400,ABAAACCACCDCABDDABDAADBBABBCBBBDCDBDACCACCBDDBDADBDBBDBDACCCDBACDACADADDDBEE,ABAAACACCCCDABDDABADADBBABBCBBBDCDBDACACCCBDBDADBDBDBDBDACCCBDACADACADDDBDEE,,,4,5413,,,,,,,,,,,,,
248654,86,,,,,,,,,,21,52,000000000000500000000000000000000007200000000000240000000000400000000000,,00009894,,,,,win,,,42,0,2,11,11,9894,,24222112115124552452254424414445154521121145545254544521115421,ABAAACCACCDCABDDABDAADBBABBCBBBDCDBDACCACCBDDBDADBDBBDACCCDBAC,ABAAACACCCCDABDDABADADBBABBCBBBDCDBDACACCCBDBDADBDBDBDACCCBDAC,,,5,9894,,,,,,,,,,,,,,,00,00,666661166654666666666212666666666215125544554216666666660000666666660000,,00005413,,,,,lose,,,46,14,0,0,0,5413,,2422211211512455245225442441444515452112114554525454454521115421521252555400,ABAAACCACCDCABDDABDAADBBABBCBBBDCDBDACCACCBDDBDADBDBBDBDACCCDBACDACADADDDBEE,ABAAACACCCCDABDDABADADBBABBCBBBDCDBDACACCCBDBDADBDBDBDBDACCCBDACADACADDDBDEE,,,4,5413,,,,,,,,,,,,,
248700,87,,,,,,,,,,21,52,000000000000500000000000000000000007200000000000240000000000400000000000,,00009894,,,,,win,,,42,0,2,11,11,9894,,24222112115124552452254424414445154521121145545254544521115421,ABAAACCACCDCABDDABDAADBBABBCBBBDCDBDACCACCBDDBDADBDBBDACCCDBAC,ABAAACACCCCDABDDABADADBBABBCBBBDCDBDACACCCBDBDADBDBDBDACCCBDAC,,,5,9894,,,,,,,,,,,,,,,00,00,666661166654666666666212666666666215125544554216666666660000666666660000,,00005413,,,,,lose,,,46,14,0,0,0,5413,,2422211211512455245225442441444515452112114554525454454521115421521252555400,ABAAACCACCDCABDDABDAADBBABBCBBBDCDBDACCACCBDDBDADBDBBDBDACCCDBACDACADADDDBEE,ABAAACACCCCDABDDABADADBBABBCBBBDCDBDACACCCBDBDADBDBDBDBDACCCBDACADACADDDBDEE,,,4,5413,,,,,,,,,,,,,
